McCormick lower bound: -644.5122151179359

solution time: 0.006154775619506836

w_opt: 1-dimensional DenseAxisArray{Float64,1,...} with index sets:
    Dimension 1, [(25, 1, 2), (25, 1, 1), (25, 1, 14), (20, 1, 2), (20, 1, 1), (20, 1, 14), (1, 1, 2), (1, 1, 1), (1, 1, 14), (2, 1, 2)  …  (20, 15, 23), (20, 15, 3), (8, 15, 30), (8, 15, 29), (8, 15, 23), (8, 15, 3), (2, 15, 30), (2, 15, 29), (2, 15, 23), (2, 15, 3)]
And data, a 261-element Vector{Float64}:
 1.6476757586330184
 0.016144036144919882
 0.0
 0.0
 1.0569727241009448
 0.0
 0.0
 0.0
 0.0
 0.0
 0.0
 0.0
 0.0
 0.0
 0.0
 0.0
 2.0
 0.0
 0.0
 1.0
 0.0
 0.0
 0.0
 0.0
 0.0
 0.0
 0.0
 0.0
 1.296486068448205
 3.4791810432273094
 0.0
 0.0
 0.0
 0.0
 0.0
 0.0
 0.0
 0.0
 0.0
 0.0
 0.0
 0.0
 0.4772335569918426
 0.0
 0.0
 0.0
 0.0
 0.0
 0.0
 1.4931945521486036
 2.271560519475874
 0.0
 0.0
 0.0
 0.0
 0.0
 0.0
 0.0
 0.0
 2.0
 1.0
 0.0
 0.0
 0.0
 0.0
 0.0
 0.0
 0.0
 0.0
 0.0
 0.0
 0.0
 0.0
 0.0
 0.75
 2.25
 0.0
 0.5776221212591104
 1.7328663637773312
 0.0
 0.0
 0.0
 0.0
 0.0
 0.0
 0.0
 0.0
 0.0
 0.0
 0.0
 0.0
 0.0
 0.6723778787408896
 2.0171336362226686
 0.0
 0.0
 0.0
 0.0
 0.0
 0.0
 0.0
 1.9032477026250878
 0.8559176421795129
 0.09570620913303118
 0.0
 0.0
 0.14512844606236808
 0.0
 0.0
 0.0
 0.0
 0.0
 0.0
 0.0
 0.0
 0.0
 0.0
 0.0
 3.6816025017982152
 1.5705613908949834
 0.0
 0.1440823578204871
 0.0
 1.9528153121147351
 0.6509384373715792
 0.0
 0.0
 0.0
 0.0
 0.0
 0.0
 0.0
 0.0
 0.0
 0.0
 0.0
 0.0
 0.0
 0.0
 0.0
 0.0
 0.0
 0.0
 0.0
 0.0
 0.0
 0.0
 0.9705980191350121
 0.0
 0.0
 0.0
 0.0
 0.0
 0.5022033276498094
 0.18730818731374926
 0.0
 0.0
 1.4977966723501908
 0.7488983361750954
 0.0
 0.0
 0.0
 0.0
 0.2933287971465439
 1.5208189567726904
 0.0
 0.0
 0.0
 0.0
 0.0
 0.0
 0.0
 0.0
 1.4930603477424365
 0.0
 0.0
 0.0
 0.0
 0.0
 0.0
 0.0
 0.0
 0.0
 0.0
 0.0
 0.0
 0.0
 0.0
 0.0
 0.0
 0.0
 0.0
 0.0
 0.0
 1.706671202853456
 0.9495459538890483
 0.34378284325749564
 0.0
 0.0
 0.0
 0.0
 0.0
 0.0
 0.0
 0.0
 0.0
 1.342219385089873
 0.31878545117795487
 0.3523242413669816
 0.6577806149101271
 0.23335700415771313
 0.0
 0.0
 0.0
 0.0
 0.0
 0.0
 0.0
 0.0
 0.0
 0.0
 0.0
 0.21604828576643387
 0.0
 0.0
 0.7586930654476017
 0.7839517142335661
 0.0
 0.0
 0.0
 0.0
 0.0
 0.0
 0.0
 0.0
 0.0
 0.0
 0.0
 0.0
 0.0
 0.0
 0.0
 0.0
 0.0
 0.0
 0.0
 0.0
 0.0
 0.0
 0.1898228206832666
 0.0
 0.0
 0.0
 0.0
 0.0
 0.0
 0.0
 1.230272759605099
 5.178983599750661
 0.0
 0.8314523579111722
x_ij_opt: 1-dimensional DenseAxisArray{Float64,1,...} with index sets:
    Dimension 1, [(43, 30), (43, 22), (43, 6), (44, 22), (45, 30), (45, 29), (45, 28), (45, 24), (45, 23), (40, 29)  …  (5, 7), (5, 14), (6, 4), (6, 3), (1, 14), (1, 10), (1, 23), (1, 1), (3, 2), (3, 1)]
And data, a 116-element Vector{Float64}:
 0.0
 0.5069396522575635
 0.0
 0.0
 0.5799044197116343
 0.0
 1.2413069345523984
 0.0
 0.0
 0.0
 0.0
 0.0
 0.0
 0.0
 0.0
 0.0
 0.0
 0.0
 0.3405114467018575
 0.0
 0.0
 0.0
 0.0
 0.0
 0.0
 0.0
 0.0
 2.0
 0.0
 0.0
 0.0
 0.0
 0.0
 0.0
 0.0
 0.0
 0.0
 0.0
 0.0
 0.0
 0.0
 0.0
 0.0
 0.7035139315517951
 0.0
 0.0
 0.0
 0.0
 0.0
 0.0
 0.0
 0.0
 0.0
 0.0
 0.0
 1.5069396522575635
 0.0
 0.3655821860870496
 0.0
 1.029401980864988
 0.0
 0.0
 0.0
 0.0
 6.0
 0.0
 0.0
 0.0
 0.0
 0.6594885532981425
 0.0
 0.0
 0.0
 0.0
 0.0
 0.0
 0.0
 0.5068054478513964
 0.0
 0.0
 0.0
 0.0
 0.0
 0.0
 0.0
 0.0
 0.0
 0.0
 0.0
 0.0
 0.0
 0.0
 0.0
 0.0
 0.0
 0.0
 0.0
 0.44785754466433203
 0.0
 0.16854764208882778
 0.0
 0.0
 0.0
 0.0
 0.0
 0.0
 0.0
 0.0
 0.0
 0.0
 0.0967522973749122
 0.0
 0.05045404611095172
 4.686048584558736
 0.0
 0.0
x_il_opt: 1-dimensional DenseAxisArray{Float64,1,...} with index sets:
    Dimension 1, [(43, 15), (43, 14), (44, 15), (44, 13), (44, 3), (40, 14), (40, 2), (41, 14), (42, 6), (37, 13)  …  (4, 13), (5, 2), (5, 7), (5, 9), (6, 11), (1, 1), (1, 6), (1, 3), (2, 1), (2, 15)]
And data, a 71-element Vector{Float64}:
 0.0
 0.21604828576643387
 0.0
 2.0133290776348094
 4.7756671116755145
 1.5426447796811678
 0.0
 0.0
 0.0
 0.8911376190678402
 0.0
 3.0
 0.0
 0.0
 3.0
 0.0
 0.0
 1.8141477539192343
 5.396246250513686
 0.0
 0.0
 0.0
 3.0
 0.6895115149635587
 2.3104884850364416
 0.0
 2.603753749486314
 0.0
 1.4930603477424365
 0.9705980191350121
 1.6638197947779383
 0.0
 0.0
 0.0
 0.0
 0.0
 0.0
 0.0
 1.0569727241009448
 0.1898228206832666
 0.0
 0.0
 3.0
 0.0
 0.0
 2.246695008525286
 0.0
 2.854871553937632
 0.0
 0.0
 0.0
 0.0
 0.0
 0.0
 3.7647550716244775
 0.0
 0.0
 0.0
 0.0
 0.0
 0.0
 0.0
 0.0
 0.14512844606236808
 0.0
 0.0
 0.0
 2.6895115149635584
 0.4772335569918426
 0.0
 7.240708717266933
x_lj_opt: 1-dimensional DenseAxisArray{Float64,1,...} with index sets:
    Dimension 1, [(15, 30), (15, 29), (15, 23), (15, 3), (14, 28), (14, 27), (14, 10), (14, 24), (13, 26), (13, 25)  …  (3, 6), (3, 5), (3, 29), (2, 4), (2, 3), (2, 1), (2, 5), (1, 2), (1, 1), (1, 14)]
And data, a 53-element Vector{Float64}:
 1.4200955802883657
 5.178983599750661
 0.0
 0.8314523579111722
 0.7586930654476017
 1.0
 0.0
 0.0
 2.0
 0.552142455335668
 0.3523242413669816
 1.706671202853456
 0.9495459538890483
 0.34378284325749564
 1.4930603477424365
 0.0
 0.0
 0.0
 0.2933287971465439
 1.5208189567726904
 0.0
 2.0
 0.9362065234888446
 0.9705980191350121
 0.0
 0.0
 5.63441781391295
 2.2214998282665626
 0.0
 0.14408235782048706
 1.9032477026250878
 0.8559176421795129
 0.24083465519539926
 2.0
 6.0
 0.0
 2.0
 1.0
 0.0
 0.0
 1.4931945521486036
 2.271560519475874
 0.0
 1.296486068448205
 3.4791810432273094
 0.4772335569918426
 2.0
 0.0
 0.0
 1.0
 1.6476757586330184
 1.0731167602458647
 0.0
q_opt: 1-dimensional DenseAxisArray{Float64,1,...} with index sets:
    Dimension 1, [(43, 15), (43, 14), (44, 15), (44, 13), (44, 3), (40, 14), (40, 2), (41, 14), (42, 6), (37, 13)  …  (4, 13), (5, 2), (5, 7), (5, 9), (6, 11), (1, 1), (1, 6), (1, 3), (2, 1), (2, 15)]
And data, a 71-element Vector{Float64}:
 0.0
 0.21604828576643387
 0.0
 0.6711096925449365
 0.9204610738346929
 0.7839517142335661
 0.0
 0.0
 0.0
 0.32889030745506354
 0.0
 1.0
 0.0
 0.0
 0.375
 0.0
 0.0
 0.25346982612878177
 0.6745307813142107
 0.0
 0.2534027239256982
 0.0
 1.0
 0.2511016638249047
 0.2888110606295552
 0.0
 0.32546921868578926
 0.0
 0.7465301738712182
 0.48529900956750605
 0.8238378793165092
 0.0
 0.0
 0.0
 0.0
 0.0
 0.0
 0.0
 0.1761621206834908
 0.0949114103416333
 0.0
 0.0
 1.0
 0.0
 0.0
 0.7488983361750954
 0.0
 0.9516238513125439
 0.0
 0.0
 0.0
 0.0
 0.0
 0.0
 0.7465972760743018
 0.0
 0.0
 0.0
 0.0
 0.0
 0.0
 0.0
 0.0
 0.0483761486874561
 0.514700990432494
 0.0
 0.0
 0.3361889393704448
 0.0795389261653071
 0.0
 0.9050885896583667



