McCormick lower bound: -645.2276615790059

solution time: 0.006017208099365234

w_opt: 1-dimensional DenseAxisArray{Float64,1,...} with index sets:
    Dimension 1, [(25, 1, 2), (25, 1, 1), (25, 1, 14), (20, 1, 2), (20, 1, 1), (20, 1, 14), (1, 1, 2), (1, 1, 1), (1, 1, 14), (2, 1, 2)  …  (20, 15, 23), (20, 15, 3), (8, 15, 30), (8, 15, 29), (8, 15, 23), (8, 15, 3), (2, 15, 30), (2, 15, 29), (2, 15, 23), (2, 15, 3)]
And data, a 261-element Vector{Float64}:
 1.6123296818930306
 0.26645920597697925
 0.0
 0.0
 1.1630109543209075
 0.0
 0.0
 0.0
 0.0
 0.0
 0.0
 0.0
 0.0
 0.0
 0.0
 0.0
 1.9793855965686744
 0.0
 0.0
 1.0206144034313256
 0.0
 0.0
 0.0
 0.0
 0.0
 0.0
 0.0
 0.0
 1.1124544511285526
 2.4958036592203374
 0.0
 0.0
 0.0
 0.0
 0.0
 1.0196336324342719
 0.0
 0.0
 0.0
 0.0
 0.0
 1.4639483049140656
 0.7267223806593615
 0.0
 0.0
 0.0
 0.0
 0.0
 0.0
 1.4056217564802516
 3.0409948850166746
 0.020614403431325146
 0.0
 0.0
 0.0
 0.0
 0.0
 0.0
 0.0
 2.0
 1.0
 0.0
 0.0
 0.0
 0.0
 0.0
 0.0
 0.0
 0.0
 0.0
 0.0
 0.0
 0.0
 0.0
 0.75
 2.25
 0.0
 0.4942792926105737
 1.4828378778317206
 0.0
 0.0
 0.0
 0.0
 0.0
 0.0
 0.0
 0.0
 0.0
 0.0
 0.0
 0.0
 0.0
 0.7557207073894263
 2.2671621221682794
 0.0
 0.0
 0.0
 0.0
 0.0
 0.0
 0.0
 2.0
 0.9030739278289528
 0.0969260721710472
 0.0
 0.0
 0.0
 0.0
 0.0
 0.0
 0.0
 0.0
 0.0
 0.0
 0.0
 0.0
 0.0
 0.0
 4.737330006980507
 1.482183930155789
 0.0
 0.0969260721710472
 0.0
 0.6558261907154679
 1.0277337999771887
 0.0
 0.0
 0.0
 0.0
 0.0
 0.0
 0.0
 0.0
 0.0
 0.0
 0.0
 0.0
 0.0
 0.0
 0.0
 0.0
 0.0
 0.0
 0.0
 0.0
 0.0
 0.0
 0.5143673098259647
 0.0
 0.0
 0.0
 0.0
 0.0
 0.7463257927537257
 0.2765570368039801
 0.0
 0.0
 1.2536742072462743
 0.6268371036231372
 0.0
 0.0
 0.0
 0.0
 0.0
 0.0
 0.0
 0.0
 0.0
 0.0
 0.0
 0.0
 0.0
 0.0
 2.0
 0.0
 0.0
 0.0
 0.5509126151496522
 0.0
 0.0
 0.0
 0.0
 0.0
 0.0
 0.0
 0.0
 0.0
 0.0
 0.0
 0.0
 0.0
 0.0
 0.0
 0.0
 1.4490873848503478
 0.9957199678703221
 0.5551926472793302
 0.0
 0.0
 0.0
 0.0
 0.0
 0.0
 0.0
 0.0
 0.0
 1.3633893891954487
 0.29402437649075486
 0.3876703181069694
 0.6366106108045513
 0.2602470509782194
 0.0
 0.0
 0.0
 0.0
 0.0
 0.0
 0.0
 0.0
 0.0
 0.0
 0.0
 0.012933998761399113
 0.0
 0.0
 0.45335895391385805
 0.22667947695692903
 0.0
 0.0
 0.0
 0.0
 0.0
 0.0
 0.0
 0.7603865242816719
 0.0
 0.0
 0.0
 0.0
 0.0
 0.0
 0.0
 0.0
 0.0
 0.0
 0.0
 0.0
 0.0
 0.0
 0.19823769287513499
 0.0
 0.0
 0.0
 0.0
 0.0
 0.0
 0.0
 1.5880831028757194
 4.718084972061308
 0.0
 0.9008811535624325
x_ij_opt: 1-dimensional DenseAxisArray{Float64,1,...} with index sets:
    Dimension 1, [(43, 30), (43, 22), (43, 6), (44, 22), (45, 30), (45, 29), (45, 28), (45, 24), (45, 23), (40, 29)  …  (5, 7), (5, 14), (6, 4), (6, 3), (1, 14), (1, 10), (1, 23), (1, 1), (3, 2), (3, 1)]
And data, a 116-element Vector{Float64}:
 0.0
 0.0
 0.0
 0.0
 0.21367920424914577
 0.0
 1.546641046086142
 0.0
 0.0
 0.0
 0.0
 0.0
 0.0
 0.0
 0.0
 0.0
 0.0
 0.0
 0.30894530164924217
 0.0
 1.691437314791878
 0.0
 0.0
 0.0
 0.0
 0.0
 0.0
 2.0
 0.0
 0.0
 0.0
 0.0
 0.0
 0.0
 0.0
 0.0
 0.0
 0.0
 0.0
 0.0
 0.0
 0.0
 0.0
 0.8875455488714474
 0.0
 0.0
 0.0
 0.0
 0.0
 0.0
 0.0
 0.0
 0.0
 0.0
 0.0
 0.4490873848503476
 0.0
 0.6068438023040255
 0.0
 1.4856326901740353
 0.0
 0.0
 0.0
 0.0
 6.0
 0.0
 0.0
 0.0
 0.0
 0.6910546983507578
 0.0
 0.0
 0.0
 0.0
 0.0
 0.0
 0.0
 0.5943782435197484
 0.0
 0.0
 0.0
 0.0
 0.0
 0.0
 0.0
 0.0
 0.0
 0.0
 0.0
 0.0
 0.0
 0.0
 0.0
 0.0
 0.0
 0.0
 0.0
 0.4457285725310258
 0.0
 0.09911884643756752
 0.0
 0.0
 0.0
 0.0
 0.0
 0.0
 0.0
 0.0
 0.0
 0.0
 0.0
 0.0
 0.004280032129677869
 2.7821664527391885
 0.0
 0.0
x_il_opt: 1-dimensional DenseAxisArray{Float64,1,...} with index sets:
    Dimension 1, [(43, 15), (43, 14), (44, 15), (44, 13), (44, 3), (40, 14), (40, 2), (41, 14), (42, 6), (37, 13)  …  (4, 13), (5, 2), (5, 7), (5, 9), (6, 11), (1, 1), (1, 6), (1, 3), (2, 1), (2, 15)]
And data, a 71-element Vector{Float64}:
 0.0
 0.012933998761399113
 0.0
 2.045084083793173
 3.60825811034889
 0.6800384308707871
 0.0
 0.0
 0.0
 0.8968576617827706
 0.0
 3.0
 0.0
 0.0
 3.0
 0.0
 0.0
 0.0
 6.316440009307343
 0.0
 0.0
 0.7603865242816719
 3.0
 1.0228828295577057
 1.9771171704422943
 0.0
 1.6835599906926566
 0.0
 2.5509126151496524
 0.5143673098259647
 1.8787888878700099
 0.0
 0.0
 0.0
 0.0
 0.0
 0.0
 0.0
 1.1630109543209075
 0.19823769287513499
 0.0
 0.0
 3.0
 0.0
 0.0
 1.8805113108694114
 0.0
 3.0
 0.0
 0.0
 0.0
 0.0
 0.0
 0.0
 4.467231044928251
 0.0
 0.0
 1.0196336324342719
 0.0
 0.0
 0.0
 0.0
 0.0
 0.0
 0.0
 0.0
 0.0
 3.0228828295577057
 2.1906706855734273
 0.0
 7.20704922849946
x_lj_opt: 1-dimensional DenseAxisArray{Float64,1,...} with index sets:
    Dimension 1, [(15, 30), (15, 29), (15, 23), (15, 3), (14, 28), (14, 27), (14, 10), (14, 24), (13, 26), (13, 25)  …  (3, 6), (3, 5), (3, 29), (2, 4), (2, 3), (2, 1), (2, 5), (1, 2), (1, 1), (1, 14)]
And data, a 53-element Vector{Float64}:
 1.7863207957508542
 4.718084972061308
 0.0
 0.9008811535624325
 0.45335895391385805
 1.0
 0.0
 0.0
 2.0
 0.5542714274689742
 0.3876703181069694
 1.4490873848503478
 0.9957199678703221
 0.5551926472793302
 2.0
 0.0
 0.0
 0.0
 0.5509126151496522
 0.0
 0.0
 2.0
 0.9033941404271173
 0.5143673098259647
 0.0
 0.0
 5.3931561976959745
 2.509917730132978
 0.0
 0.0969260721710472
 2.0
 0.9030739278289528
 0.0969260721710472
 2.0
 6.0
 0.0
 2.0
 1.0
 0.0
 0.0
 1.4056217564802516
 3.0409948850166746
 0.020614403431325146
 1.1124544511285526
 4.979385596568675
 0.7267223806593615
 1.9793855965686749
 0.0
 0.0
 1.0206144034313251
 1.6123296818930306
 1.4294701602978868
 0.0
q_opt: 1-dimensional DenseAxisArray{Float64,1,...} with index sets:
    Dimension 1, [(43, 15), (43, 14), (44, 15), (44, 13), (44, 3), (40, 14), (40, 2), (41, 14), (42, 6), (37, 13)  …  (4, 13), (5, 2), (5, 7), (5, 9), (6, 11), (1, 1), (1, 6), (1, 3), (2, 1), (2, 15)]
And data, a 71-element Vector{Float64}:
 0.0
 0.012933998761399113
 0.0
 0.6816946945977244
 0.5562272255642763
 0.22667947695692903
 0.0
 0.0
 0.0
 0.31830530540227564
 0.0
 1.0
 0.0
 0.0
 0.375
 0.0
 0.0
 0.0
 0.7895550011634179
 0.0
 0.0
 0.7603865242816719
 1.0
 0.37316289637686284
 0.24713964630528684
 0.0
 0.21044499883658221
 0.0
 1.0
 1.0
 0.8061648409465153
 0.0
 0.0
 0.0
 0.0
 0.0
 0.0
 0.0
 0.1938351590534847
 0.09911884643756749
 0.0
 0.0
 1.0
 0.0
 0.0
 0.6268371036231372
 0.0
 1.0
 0.0
 0.0
 0.0
 0.0
 0.0
 0.0
 1.0
 0.0
 0.0
 0.1699389387390453
 0.0
 0.0
 0.0
 0.0
 0.0
 0.0
 0.0
 0.0
 0.0
 0.37786035369471316
 0.2738338356966784
 0.0
 0.9008811535624325



