McCormick lower bound: -639.2979089843114

solution time: 0.005177021026611328

w_opt: 1-dimensional DenseAxisArray{Float64,1,...} with index sets:
    Dimension 1, [(25, 1, 2), (25, 1, 1), (25, 1, 14), (20, 1, 2), (20, 1, 1), (20, 1, 14), (1, 1, 2), (1, 1, 1), (1, 1, 14), (2, 1, 2)  …  (20, 15, 23), (20, 15, 3), (8, 15, 30), (8, 15, 29), (8, 15, 23), (8, 15, 3), (2, 15, 30), (2, 15, 29), (2, 15, 23), (2, 15, 3)]
And data, a 261-element Vector{Float64}:
 1.5140894772178781
 0.0
 0.11819378648366796
 0.0
 0.9376894691266517
 0.0
 0.0
 0.0
 0.0
 0.0
 0.0
 0.0
 0.0
 0.0
 0.0
 0.0
 1.9879014982577945
 0.0
 0.0
 1.0120985017422055
 0.0
 0.0
 0.0
 0.0
 0.0
 0.0
 0.0
 0.0
 1.1822181971450152
 2.856838561462579
 0.0
 0.0
 0.0
 0.0
 0.0
 0.0
 0.0
 0.0
 0.0
 0.0
 0.0
 0.0
 0.9793756216999111
 0.0
 0.3356950605122426
 0.0
 0.0
 0.0
 0.0
 1.2496096584706617
 3.001586472319559
 0.012098501742205503
 0.0
 0.0
 0.0
 0.0
 0.0
 0.0
 0.0
 2.0
 1.0
 0.0
 0.0
 0.0
 0.0
 0.0
 0.0
 0.0
 0.0
 0.0
 0.0
 0.2277014119221905
 0.6831042357665715
 0.0
 0.75
 2.25
 0.0
 0.48084411657782766
 1.442532349733483
 0.0
 0.0
 0.0
 0.0
 0.0
 0.0
 0.0
 0.0
 0.0
 0.0
 0.0
 0.0
 0.0
 0.5414544714999818
 1.6243634144999455
 0.0
 0.0
 0.0
 0.0
 0.0
 0.0
 0.0
 1.881806213516332
 0.821017433140964
 0.11988567361720226
 0.0
 0.0
 0.17729067972550183
 0.0
 0.0
 0.0
 0.0
 0.0
 0.0
 0.0
 0.0
 0.0
 0.0
 0.0
 3.75
 1.071017433140964
 0.0
 0.17898256685903602
 0.0
 1.4082989659727658
 1.5917010340272342
 0.0
 0.0
 0.0
 0.0
 0.0
 0.0
 0.0
 0.0
 0.0
 0.0
 0.0
 0.0
 0.0
 0.0
 0.0
 0.0
 0.0
 0.0
 0.0
 0.0
 0.0
 0.0
 0.52601570227122
 0.0
 0.0
 0.0
 0.18884247009073266
 0.0
 0.7855734120912568
 0.2910501215974325
 0.0
 0.0
 1.2144265879087432
 0.6072132939543715
 0.0
 0.0
 0.0
 0.0
 0.0
 1.3569406115130676
 0.0
 0.0
 0.0
 0.0
 0.0
 0.0
 0.0
 0.0
 1.547686462828978
 0.0
 0.0
 0.0
 0.6781912118888738
 0.7741223252821486
 0.0
 0.0
 0.0
 0.0
 0.0
 0.0
 0.0
 0.0
 0.0
 0.0
 0.0
 0.0
 0.0
 0.0
 0.0
 1.3218087881111262
 0.9103276852304825
 0.7678635266583911
 0.0
 0.0
 0.0
 0.0
 0.0
 0.0
 0.0
 0.0
 0.0
 1.512736499138234
 0.270457726786995
 0.4859105227821219
 0.48726350086176606
 0.17933786315727412
 0.0
 0.0
 0.0
 0.0
 0.0
 0.0
 0.0
 0.0
 0.0
 0.0
 0.0
 0.0
 0.0
 0.0
 0.0739960790514019
 0.20671676063483213
 0.0
 0.0
 0.0
 0.0
 0.0
 0.0
 0.0
 0.7932832393651679
 0.0
 0.0
 0.0
 0.0
 0.0
 0.0
 0.0
 0.0
 0.0
 0.0
 0.0
 0.0
 0.0
 0.0
 0.13328413375357595
 0.0
 0.0
 0.0
 0.0
 0.0
 0.0
 0.0
 1.866715866246424
 4.252760851641698
 0.0
 0.933357933123212
x_ij_opt: 1-dimensional DenseAxisArray{Float64,1,...} with index sets:
    Dimension 1, [(43, 30), (43, 22), (43, 6), (44, 22), (45, 30), (45, 29), (45, 28), (45, 24), (45, 23), (40, 29)  …  (5, 7), (5, 14), (6, 4), (6, 3), (1, 14), (1, 10), (1, 23), (1, 1), (3, 2), (3, 1)]
And data, a 116-element Vector{Float64}:
 0.0
 0.4523135371710221
 0.0
 0.0
 0.0
 0.0
 1.9260039209485982
 0.0
 0.0
 0.0
 0.0
 0.0
 0.0
 0.0
 0.0
 0.0
 0.0
 0.0
 0.21487204188282005
 0.0
 0.0
 0.0
 0.0
 0.0
 0.0
 0.0
 0.0
 2.0
 0.0
 0.0
 0.0
 0.0
 0.0
 0.0
 0.0
 0.0
 0.0
 0.0
 0.0
 0.0
 0.0
 0.0
 0.0
 0.8177818028549848
 0.0
 0.0
 0.0
 0.0
 0.0
 0.0
 0.0
 0.0
 0.0
 0.0
 0.0
 0.0
 0.0
 0.8417010340272342
 0.0
 1.2851418276380473
 0.0
 0.0
 0.0
 0.0
 6.0
 0.0
 0.0
 0.0
 0.0
 0.78512795811718
 0.0
 0.0
 0.0
 0.0
 0.0
 0.0
 0.0
 0.7503903415293383
 0.0
 0.0
 0.0
 0.0
 0.0
 0.0
 0.0
 0.0
 0.0
 0.0
 0.0
 0.0
 0.0
 0.0
 0.0
 0.0
 0.0
 0.0
 0.0
 0.5502044100557308
 0.0
 0.06664206687678798
 0.0
 0.0
 0.0
 0.0
 0.0
 0.0
 0.0
 0.0
 0.0
 0.0
 0.0
 0.0
 0.08967231476951754
 4.765134177530644
 0.0
 0.0
x_il_opt: 1-dimensional DenseAxisArray{Float64,1,...} with index sets:
    Dimension 1, [(43, 15), (43, 14), (44, 15), (44, 13), (44, 3), (40, 14), (40, 2), (41, 14), (42, 6), (37, 13)  …  (4, 13), (5, 2), (5, 7), (5, 9), (6, 11), (1, 1), (1, 6), (1, 3), (2, 1), (2, 15)]
And data, a 71-element Vector{Float64}:
 0.0
 0.0
 0.0
 2.269104748707351
 4.039056758607594
 0.28071283968623406
 0.0
 0.0
 0.910805647688762
 0.6666013640190402
 0.0
 3.0
 0.0
 0.0
 3.0
 0.0
 0.0
 1.3569406115130676
 5.0
 0.0
 0.3356950605122426
 0.7932832393651679
 3.0
 1.0766235336886893
 1.9233764663113107
 0.0
 3.0
 0.0
 3.0
 0.52601570227122
 1.632283263701546
 0.0
 0.0
 0.0
 0.0
 0.0
 0.0
 0.0
 0.9376894691266517
 0.13328413375357595
 0.0
 0.0
 3.0
 0.0
 0.0
 1.8216398818631148
 0.0
 2.822709320274498
 0.0
 0.0
 0.0
 0.0
 0.0
 0.0
 4.263294632532427
 0.0
 0.0
 0.0
 0.0
 0.0
 0.0
 0.0
 0.0
 0.17729067972550183
 0.18884247009073266
 0.0
 0.0
 2.1658178859999273
 0.9793756216999111
 0.0
 7.052834651011334
x_lj_opt: 1-dimensional DenseAxisArray{Float64,1,...} with index sets:
    Dimension 1, [(15, 30), (15, 29), (15, 23), (15, 3), (14, 28), (14, 27), (14, 10), (14, 24), (13, 26), (13, 25)  …  (3, 6), (3, 5), (3, 29), (2, 4), (2, 3), (2, 1), (2, 5), (1, 2), (1, 1), (1, 14)]
And data, a 53-element Vector{Float64}:
 2.0
 4.252760851641698
 0.0
 0.933357933123212
 0.0739960790514019
 1.0
 0.0
 0.0
 2.0
 0.4497955899442691
 0.4859105227821219
 1.3218087881111262
 0.9103276852304825
 0.7678635266583911
 1.547686462828978
 0.0
 0.0
 0.0
 0.6781912118888738
 2.131062936795216
 0.0
 2.0
 0.898263415551804
 0.7148581723619526
 0.0
 0.0
 5.158298965972766
 2.6627184671681983
 0.0
 0.17898256685903602
 1.881806213516332
 0.821017433140964
 0.2971763533427041
 2.0
 6.0
 0.0
 2.0
 1.0
 0.0
 0.0
 1.2496096584706617
 3.3372815328318017
 0.012098501742205503
 1.1822181971450152
 2.856838561462579
 0.9793756216999111
 1.9879014982577945
 0.0
 0.0
 1.0120985017422055
 1.5140894772178781
 0.9376894691266517
 0.11819378648366796
q_opt: 1-dimensional DenseAxisArray{Float64,1,...} with index sets:
    Dimension 1, [(43, 15), (43, 14), (44, 15), (44, 13), (44, 3), (40, 14), (40, 2), (41, 14), (42, 6), (37, 13)  …  (4, 13), (5, 2), (5, 7), (5, 9), (6, 11), (1, 1), (1, 6), (1, 3), (2, 1), (2, 15)]
And data, a 71-element Vector{Float64}:
 0.0
 0.0
 0.0
 0.756368249569117
 0.8367707297166815
 0.20671676063483213
 0.0
 0.0
 0.11385070596109526
 0.24363175043088303
 0.0
 1.0
 0.0
 0.0
 0.375
 0.0
 0.0
 0.22615676858551104
 0.625
 0.0
 0.05594917675204044
 0.7932832393651679
 1.0
 0.39278670604562843
 0.24042205828891383
 0.0
 0.375
 0.0
 0.773843231414489
 0.26300785113561
 0.8437184218122247
 0.0
 0.0
 0.0
 0.0
 0.0
 0.0
 0.0
 0.1562815781877753
 0.06664206687678798
 0.0
 0.0
 1.0
 0.0
 0.0
 0.6072132939543715
 0.0
 0.940903106758166
 0.0
 0.0
 0.0
 0.0
 0.0
 0.0
 0.9440508232479595
 0.0
 0.0
 0.0
 0.0
 0.0
 0.0
 0.0
 0.0
 0.059096893241833946
 0.73699214886439
 0.0
 0.0
 0.2707272357499909
 0.16322927028331852
 0.0
 0.933357933123212



