McCormick lower bound: -650.6521121470369

solution time: 0.005946159362792969

w_opt: 1-dimensional DenseAxisArray{Float64,1,...} with index sets:
    Dimension 1, [(25, 1, 2), (25, 1, 1), (25, 1, 14), (20, 1, 2), (20, 1, 1), (20, 1, 14), (1, 1, 2), (1, 1, 1), (1, 1, 14), (2, 1, 2)  …  (20, 15, 23), (20, 15, 3), (8, 15, 30), (8, 15, 29), (8, 15, 23), (8, 15, 3), (2, 15, 30), (2, 15, 29), (2, 15, 23), (2, 15, 3)]
And data, a 261-element Vector{Float64}:
 1.513443058531657
 0.0
 0.06377428366396717
 0.0
 0.9116371816231488
 0.0
 0.0
 0.0
 0.0
 0.0
 0.0
 0.0
 0.0
 0.0
 0.0
 0.0
 2.0
 0.0
 0.0
 1.0
 0.0
 0.0
 0.0
 0.0
 0.0
 0.0
 0.0
 0.0
 1.0329852642188362
 1.7503334929740562
 0.0
 0.0
 0.0
 0.0
 0.0
 2.3248225111134215
 0.0
 0.0
 0.0
 0.0
 0.0
 0.5762216962300705
 0.19207389874335679
 0.0
 0.0
 0.0
 0.0
 0.0
 0.0
 1.4109013143560423
 3.4504699544456767
 0.0
 0.0
 0.0
 0.0
 0.0
 0.0
 0.0
 0.0
 2.0
 1.0
 0.0
 0.0
 0.0
 0.0
 0.0
 0.0
 0.0
 0.0
 0.0
 0.0
 0.055974213008653795
 0.16792263902596183
 0.0
 0.75
 2.25
 0.0
 0.562814595343209
 1.6902157015560146
 0.14276431160166436
 0.0
 0.0
 0.0
 0.0
 0.0
 0.0
 0.0
 0.0
 0.0
 0.0
 0.0
 0.0
 0.5950771348661243
 1.7852314045983722
 0.0
 0.0
 0.0
 0.0
 0.0
 0.0
 0.0
 1.9362257163360328
 0.8268073308491923
 0.14130552731882418
 0.0
 0.0
 0.09566142549595069
 0.0
 0.0
 0.0
 0.0
 0.0
 0.0
 0.0
 0.0
 0.0
 0.0
 0.0
 5.364772148142666
 1.8109774276778354
 0.0
 0.0
 0.0
 0.20606260604487492
 0.6181878181346241
 0.0
 0.0
 0.0
 0.0
 0.0
 0.0
 0.0
 0.0
 0.0
 0.0
 0.0
 0.0
 0.0
 0.0
 0.0
 0.0
 0.0
 0.0
 0.0
 0.0
 0.0
 0.0
 0.820424742841108
 0.0
 0.0
 0.0
 0.0
 0.0
 0.43987053843242685
 0.16433485306668513
 0.0
 0.0
 1.5601294615675732
 0.7800647307837866
 0.0
 0.0
 0.0
 0.0
 0.0
 0.0
 0.0
 0.0
 0.0
 0.0
 0.0
 0.0
 0.0
 0.0
 2.0
 0.0
 0.0
 0.0
 0.5310129005756838
 0.3486222996824523
 0.0
 0.0
 0.0
 0.0
 0.0
 0.0
 0.0
 0.0
 0.0
 0.0
 0.0
 0.0
 0.0
 0.0
 0.0
 1.4689870994243162
 1.0
 0.5310129005756838
 0.0
 0.0
 0.0
 0.0
 0.0
 0.0
 0.0
 0.0
 0.0
 1.5520994143106766
 0.2894927656869952
 0.48655694146834305
 0.44790058568932367
 0.17551670480510118
 0.0
 0.0
 0.0
 0.0
 0.0
 0.0
 0.0
 0.0
 0.0
 0.0
 0.0
 0.0
 0.0
 0.0
 0.955411272560775
 1.0
 0.0
 0.0
 0.0
 0.0
 0.0
 0.0
 0.0
 0.0
 0.0
 0.0
 0.0
 0.0
 0.0
 0.0
 0.0
 0.0
 0.0
 0.0
 0.0
 0.0
 0.0
 0.0
 0.22717115212478015
 0.0
 0.0
 0.0
 0.0
 0.0
 0.0
 0.0
 1.068410217295751
 5.276913200680959
 0.0
 0.7459919735241681
x_ij_opt: 1-dimensional DenseAxisArray{Float64,1,...} with index sets:
    Dimension 1, [(43, 30), (43, 22), (43, 6), (44, 22), (45, 30), (45, 29), (45, 28), (45, 24), (45, 23), (40, 29)  …  (5, 7), (5, 14), (6, 4), (6, 3), (1, 14), (1, 10), (1, 23), (1, 1), (3, 2), (3, 1)]
And data, a 116-element Vector{Float64}:
 0.0
 0.0
 0.0
 0.0
 0.7044186305794689
 0.0
 1.044588727439225
 0.0
 0.0
 0.0
 0.0
 0.0
 0.0
 0.0
 0.0
 0.0
 0.0
 0.0
 0.21644177297038447
 0.0
 0.0
 0.0
 0.0
 0.0
 0.0
 0.0
 0.0
 2.0
 0.0
 0.0
 0.0
 0.0
 0.0
 0.0
 0.0
 0.0
 0.0
 0.0
 0.0
 0.0
 0.0
 0.0
 0.0
 0.8242504241794995
 0.1066302548196516
 0.0
 0.0
 0.0
 0.0
 0.0
 0.0
 0.0
 0.0
 0.0
 0.0
 0.12036479974186387
 0.0
 0.4291652458124595
 0.1731926691508077
 1.179575257158892
 0.0
 0.0
 0.0
 0.0
 6.0
 0.0
 0.0
 0.0
 0.0
 0.7835582270296155
 0.0
 0.0
 0.0
 0.0
 0.0
 0.0
 0.0
 0.5890986856439577
 0.03613405678201298
 0.0
 0.0
 0.0
 0.0
 0.0
 0.0
 0.0
 0.0
 0.0
 0.0
 0.0
 0.0
 0.0
 0.0
 0.0
 0.0
 0.0
 0.0
 0.5349905295079036
 0.0
 0.25400802647583187
 0.0
 0.0
 0.0
 0.0
 0.0
 0.0
 0.0
 0.0
 0.0
 0.0
 0.0
 0.0
 0.0
 4.851395865562076
 0.0
 0.0
x_il_opt: 1-dimensional DenseAxisArray{Float64,1,...} with index sets:
    Dimension 1, [(43, 15), (43, 14), (44, 15), (44, 13), (44, 3), (40, 14), (40, 2), (41, 14), (42, 6), (37, 13)  …  (4, 13), (5, 2), (5, 7), (5, 9), (6, 11), (1, 1), (1, 6), (1, 3), (2, 1), (2, 15)]
And data, a 71-element Vector{Float64}:
 0.0
 0.0
 0.0
 2.328149121466015
 2.7833187571928923
 1.955411272560775
 0.0
 0.0
 0.22389685203461562
 0.6234172904944248
 0.0
 3.0
 0.0
 0.0
 3.0
 0.0
 0.0
 0.0
 7.1757495758205
 0.0
 0.0
 0.0
 3.0
 0.604205391499112
 2.395794608500888
 0.0
 0.824250424179499
 0.0
 2.8796352002581362
 0.8204247428411081
 1.5772173421956242
 0.0
 0.0
 0.0
 0.0
 0.0
 0.0
 0.0
 0.9116371816231488
 0.22717115212478015
 0.0
 0.0
 3.0
 0.0
 0.0
 2.3401941923513596
 0.0
 2.904338574504049
 0.0
 0.0
 0.0
 0.0
 0.0
 0.0
 4.861371268801719
 0.0
 0.0
 2.3248225111134215
 0.0
 0.0
 0.0
 0.0
 0.0
 0.09566142549595069
 0.0
 0.0
 0.0
 2.3803085394644965
 0.7682955949734273
 0.0
 7.091315391500879
x_lj_opt: 1-dimensional DenseAxisArray{Float64,1,...} with index sets:
    Dimension 1, [(15, 30), (15, 29), (15, 23), (15, 3), (14, 28), (14, 27), (14, 10), (14, 24), (13, 26), (13, 25)  …  (3, 6), (3, 5), (3, 29), (2, 4), (2, 3), (2, 1), (2, 5), (1, 2), (1, 1), (1, 14)]
And data, a 53-element Vector{Float64}:
 1.2955813694205311
 5.276913200680959
 0.0
 0.7459919735241681
 0.955411272560775
 1.0
 0.0
 0.0
 2.0
 0.4650094704920964
 0.48655694146834305
 1.4689870994243162
 1.0
 0.5310129005756838
 2.0
 0.0
 0.0
 0.0
 0.5310129005756838
 0.3486222996824523
 0.0
 2.0
 0.9443995838504717
 0.820424742841108
 0.0
 0.0
 5.5708347541875405
 2.4291652458124595
 0.0
 0.0
 1.9362257163360328
 0.8268073308491923
 0.23696695281477487
 1.963865943217987
 5.893369745180348
 0.14276431160166436
 2.0
 1.0
 0.0
 0.0
 1.4109013143560423
 3.4504699544456767
 0.0
 1.0329852642188362
 4.651377700317548
 0.19207389874335679
 2.0
 0.0
 0.0
 1.0
 1.513443058531657
 0.9116371816231488
 0.0637742836639672
q_opt: 1-dimensional DenseAxisArray{Float64,1,...} with index sets:
    Dimension 1, [(43, 15), (43, 14), (44, 15), (44, 13), (44, 3), (40, 14), (40, 2), (41, 14), (42, 6), (37, 13)  …  (4, 13), (5, 2), (5, 7), (5, 9), (6, 11), (1, 1), (1, 6), (1, 3), (2, 1), (2, 15)]
And data, a 71-element Vector{Float64}:
 0.0
 0.0
 0.0
 0.7760497071553383
 0.5164926321094181
 1.0
 0.0
 0.0
 0.027987106504326897
 0.22395029284466184
 0.0
 1.0
 0.0
 0.0
 0.375
 0.0
 0.0
 0.0
 0.8969686969775627
 0.0
 0.29454934282197887
 0.0
 1.0
 0.21993526921621342
 0.299474326062611
 0.0
 0.10303130302243735
 0.0
 1.0
 0.410212371420554
 0.8480604697294752
 0.0
 0.589787628579446
 0.0
 0.0
 0.0
 0.0
 0.0
 0.1519395302705248
 0.11358557606239007
 0.0
 0.0
 1.0
 0.0
 0.0
 0.7800647307837866
 0.0
 0.9681128581680164
 0.0
 0.0
 0.0
 0.0
 0.0
 0.0
 0.7054506571780211
 0.0
 0.0
 0.38747041851890357
 0.0
 0.0
 0.0
 0.0
 0.0
 0.0318871418319836
 0.0
 0.0
 0.0
 0.297538567433062
 0.0960369493716784
 0.0
 0.8864144239376099



