McCormick lower bound: -641.5872619686523

solution time: 0.005424976348876953

w_opt: 1-dimensional DenseAxisArray{Float64,1,...} with index sets:
    Dimension 1, [(25, 1, 2), (25, 1, 1), (25, 1, 14), (20, 1, 2), (20, 1, 1), (20, 1, 14), (1, 1, 2), (1, 1, 1), (1, 1, 14), (2, 1, 2)  …  (20, 15, 23), (20, 15, 3), (8, 15, 30), (8, 15, 29), (8, 15, 23), (8, 15, 3), (2, 15, 30), (2, 15, 29), (2, 15, 23), (2, 15, 3)]
And data, a 261-element Vector{Float64}:
 1.3968634179565065
 0.0
 0.0
 0.0
 0.932360712206644
 0.0
 0.0
 0.0
 0.0
 0.0
 0.0
 0.0
 0.0
 0.0
 0.0
 0.0
 2.0
 0.0
 0.0
 1.0
 0.0
 0.0
 0.0
 0.0
 0.0
 0.0
 0.0
 0.0
 1.219827433463939
 3.5672734762397003
 0.0
 0.0
 0.0
 0.0
 0.0
 0.0
 0.0
 0.0
 0.0
 0.0
 0.0
 0.0
 0.21886032523917864
 0.0
 0.710099957116187
 0.0
 0.0
 0.0
 0.0
 1.0226123271731091
 1.4324120748160112
 0.0
 0.0
 0.0
 0.0
 0.0
 0.0
 0.0
 0.0
 1.8519848772559926
 1.0
 0.0
 0.0
 0.0
 0.0
 0.0
 0.0
 0.0
 0.0
 0.0
 0.0
 0.17000248429534187
 0.5100074528860254
 0.0
 0.5758681998783796
 1.7276045996351388
 0.0
 0.5458691721350895
 1.6376075164052684
 0.0
 0.0
 0.0
 0.0
 0.0
 0.0
 0.0
 0.0
 0.0
 0.0
 0.0
 0.0
 0.0
 0.7082601436911891
 2.1247804310735674
 0.0
 0.0
 0.0
 0.0
 0.0
 0.0
 0.0
 2.0
 0.8804598122027087
 0.11954018779729125
 0.0
 0.0
 0.0
 0.0
 0.0
 0.0
 0.0
 0.0
 0.0
 0.0
 0.0
 0.0
 0.0
 0.0
 3.6816399438986154
 1.3183600561013846
 0.0
 0.0
 0.0
 1.59898297263542
 1.40101702736458
 0.0
 0.0
 0.0
 0.0
 0.0
 0.0
 0.0
 0.0
 0.0
 0.0
 0.0
 0.0
 0.0
 0.0
 0.0
 0.0
 0.0
 0.0
 0.0
 0.0
 0.0
 0.0
 0.5327208822297623
 0.23149842855047567
 0.0
 0.0
 0.0
 0.0
 0.5859232202810378
 0.23060009117860464
 0.0
 0.0
 1.4140767797189622
 0.7070383898594811
 0.0
 0.0
 0.0
 0.0
 0.0
 0.0
 0.0
 0.0
 0.0
 0.0
 0.0
 0.0
 0.0
 0.0
 1.487867041820376
 0.0
 0.0
 0.0
 0.3740220735777866
 0.0
 0.0
 0.0
 0.0
 0.0
 0.0
 0.0
 0.0
 0.0
 0.0
 0.0
 0.0
 0.0
 0.0
 0.0
 0.0
 1.6259779264222134
 1.0
 0.37402207357778683
 0.0
 0.0
 0.0
 0.0
 0.0
 0.0
 0.0
 0.0
 0.0
 1.366341461656542
 0.08003414878477733
 0.6031365820434936
 0.6336585383434581
 0.2088372102053804
 0.0
 0.0
 0.0
 0.0
 0.0
 0.0
 0.0
 0.0
 0.0
 0.0
 0.0
 0.0
 0.0
 0.0
 0.13543727093584687
 0.8027177184730511
 0.0
 0.0
 0.0
 0.0
 0.0
 0.0
 0.0
 0.0
 0.0
 0.0
 0.0
 0.0
 0.0
 0.0
 0.0
 0.0
 0.0
 0.0
 0.0
 0.0
 0.0
 0.0
 0.42980319976781556
 0.0
 0.0
 0.0
 0.0
 0.0
 0.0
 0.0
 0.8549453350047087
 4.710590400696553
 0.0
 0.7152514652274757
x_ij_opt: 1-dimensional DenseAxisArray{Float64,1,...} with index sets:
    Dimension 1, [(43, 30), (43, 22), (43, 6), (44, 22), (45, 30), (45, 29), (45, 28), (45, 24), (45, 23), (40, 29)  …  (5, 7), (5, 14), (6, 4), (6, 3), (1, 14), (1, 10), (1, 23), (1, 1), (3, 2), (3, 1)]
And data, a 116-element Vector{Float64}:
 0.0
 0.5121329581796239
 0.0
 0.0
 0.7152514652274757
 0.0
 1.864562729064153
 0.0
 0.0
 0.0
 0.0
 0.0
 0.0
 0.0
 0.0
 0.0
 0.0
 0.0
 0.0
 0.0
 0.0
 0.0
 0.0
 0.0
 0.0
 0.0
 0.0
 2.0
 0.0
 0.6965272004864816
 0.0
 0.0
 0.0
 0.0
 0.0
 0.0
 0.0
 0.0
 0.0
 0.0
 0.0
 0.0
 0.0
 0.780172566536061
 0.0
 0.0
 0.0
 0.0
 0.0
 0.0
 0.0
 0.0
 0.0
 0.0
 0.0
 1.1381108846018373
 0.0
 0.7193770834659645
 0.11954018779729125
 1.4672791177702376
 0.0
 0.0
 0.0
 0.0
 6.0
 0.0
 0.0
 0.0
 0.0
 0.7685015714495244
 0.0
 0.0
 0.0
 0.0
 0.0
 0.0
 0.19728228152694893
 0.9773876728268909
 0.0
 0.0
 0.0
 0.0
 0.0
 0.0
 0.0
 0.0
 0.0
 0.1480151227440074
 0.0
 1.4327265237602997
 0.0
 0.0
 0.0
 0.0
 0.0
 0.0
 0.0
 0.7111286410098423
 0.0
 0.28474853477252426
 0.0
 0.0
 0.0
 0.0
 0.0
 0.0
 0.0
 0.0
 0.0
 0.0
 0.0
 0.0
 0.0
 4.948099099996065
 0.0
 0.0
x_il_opt: 1-dimensional DenseAxisArray{Float64,1,...} with index sets:
    Dimension 1, [(43, 15), (43, 14), (44, 15), (44, 13), (44, 3), (40, 14), (40, 2), (41, 14), (42, 6), (37, 13)  …  (4, 13), (5, 2), (5, 7), (5, 9), (6, 11), (1, 1), (1, 6), (1, 3), (2, 1), (2, 15)]
And data, a 71-element Vector{Float64}:
 0.0
 0.0
 0.0
 2.049512192484813
 4.787100909703639
 0.938154989408898
 0.0
 0.0
 0.6800099371813673
 0.8424957485488385
 0.0
 3.0
 0.0
 0.0
 2.3034727995135182
 0.0
 0.0
 0.0
 5.0
 0.0
 0.710099957116187
 0.0
 3.0
 0.8165233114596424
 2.183476688540358
 0.0
 3.0
 0.0
 1.8618891153981627
 0.764219310780238
 1.3968634179565065
 0.0
 0.0
 0.0
 0.0
 0.0
 0.0
 0.0
 0.932360712206644
 0.42980319976781556
 0.0
 0.0
 2.8519848772559926
 0.0
 0.0
 2.1211151695784434
 0.0
 3.0
 0.0
 0.0
 0.0
 0.0
 0.0
 0.0
 2.45502440198912
 0.0
 0.0
 0.0
 0.0
 0.0
 0.0
 0.0
 0.0
 0.0
 0.0
 0.0
 0.0
 2.8330405747647567
 0.21886032523917864
 0.0
 6.280787200928738
x_lj_opt: 1-dimensional DenseAxisArray{Float64,1,...} with index sets:
    Dimension 1, [(15, 30), (15, 29), (15, 23), (15, 3), (14, 28), (14, 27), (14, 10), (14, 24), (13, 26), (13, 25)  …  (3, 6), (3, 5), (3, 29), (2, 4), (2, 3), (2, 1), (2, 5), (1, 2), (1, 1), (1, 14)]
And data, a 53-element Vector{Float64}:
 1.2847485347725243
 4.710590400696553
 0.0
 0.7152514652274757
 0.13543727093584687
 0.8027177184730511
 0.0
 0.0
 2.0
 0.2888713589901577
 0.6031365820434935
 1.6259779264222134
 1.0
 0.37402207357778683
 1.487867041820376
 0.0
 0.0
 0.0
 0.3740220735777866
 0.0
 0.0
 2.0
 0.9376384810380858
 0.5327208822297623
 0.23149842855047567
 0.0
 5.2806229165340355
 2.7193770834659645
 0.0
 0.0
 2.0
 0.8804598122027087
 0.11954018779729125
 2.0
 6.0
 0.0
 1.8519848772559926
 1.0
 0.0
 0.0
 1.0226123271731091
 2.142512031932198
 0.0
 1.219827433463939
 3.5672734762397003
 0.21886032523917864
 2.0
 0.0
 0.0
 1.0
 1.3968634179565065
 0.932360712206644
 0.0
q_opt: 1-dimensional DenseAxisArray{Float64,1,...} with index sets:
    Dimension 1, [(43, 15), (43, 14), (44, 15), (44, 13), (44, 3), (40, 14), (40, 2), (41, 14), (42, 6), (37, 13)  …  (4, 13), (5, 2), (5, 7), (5, 9), (6, 11), (1, 1), (1, 6), (1, 3), (2, 1), (2, 15)]
And data, a 71-element Vector{Float64}:
 0.0
 0.19728228152694893
 0.0
 0.683170730828271
 0.9635232791268036
 0.8027177184730511
 0.0
 0.0
 0.08500124214767094
 0.31682926917172904
 0.0
 1.0
 0.0
 0.0
 0.2879340999391898
 0.0
 0.0
 0.25606647908981195
 0.625
 0.0
 0.48869383641344544
 0.0
 1.0
 0.2929616101405189
 0.2729345860675447
 0.0
 0.375
 0.0
 0.743933520910188
 1.0
 0.8446065479655593
 0.0
 0.0
 0.0
 0.0
 0.0
 0.0
 0.0
 0.15539345203444066
 0.21490159988390778
 0.0
 0.0
 1.0
 0.0
 0.0
 0.7070383898594811
 0.0
 1.0
 0.0
 0.0
 0.0
 0.0
 0.0
 0.0
 0.5113061635865546
 0.0
 0.0
 0.0
 0.0
 0.0
 0.0
 0.0
 0.0
 0.0
 0.0
 0.0
 0.0
 0.3541300718455946
 0.03647672087319644
 0.0
 0.7850984001160922



