McCormick lower bound: -639.6668048801392

solution time: 0.0062198638916015625

w_opt: 1-dimensional DenseAxisArray{Float64,1,...} with index sets:
    Dimension 1, [(25, 1, 2), (25, 1, 1), (25, 1, 14), (20, 1, 2), (20, 1, 1), (20, 1, 14), (1, 1, 2), (1, 1, 1), (1, 1, 14), (2, 1, 2)  …  (20, 15, 23), (20, 15, 3), (8, 15, 30), (8, 15, 29), (8, 15, 23), (8, 15, 3), (2, 15, 30), (2, 15, 29), (2, 15, 23), (2, 15, 3)]
And data, a 261-element Vector{Float64}:
 1.3278484282482186
 0.0
 0.021772479231060293
 0.0
 0.6347383730139216
 0.0
 0.0
 0.0
 0.0
 0.0
 0.0
 0.0
 0.0
 0.0
 0.0
 0.0
 2.0
 0.0
 0.0
 1.0
 0.0
 0.0
 0.0
 0.0
 0.0
 0.0
 0.0
 0.0
 1.0613264003905596
 3.079023762842167
 0.0
 0.0
 0.0
 0.0
 0.0
 0.0
 0.0
 0.0
 0.0
 0.0
 0.0
 0.0
 0.4809972946531471
 0.0
 0.0
 0.0
 0.0
 0.0
 0.0
 1.1712360595179092
 2.8929393945400195
 0.0
 0.0
 0.0
 0.0
 0.0
 0.0
 0.0
 0.0
 2.0
 1.0
 0.0
 0.0
 0.0
 0.0
 0.0
 0.0
 0.0
 0.0
 0.0
 0.0
 0.1465949658189507
 0.4397848974568521
 0.0
 0.75
 2.25
 0.0
 0.5512443194790819
 1.6537329584372462
 0.0
 0.0
 0.0
 0.0
 0.0
 0.0
 0.0
 0.0
 0.0
 0.0
 0.0
 0.0
 0.0
 0.5521607147019674
 1.6564821441059017
 0.0
 0.0
 0.0
 0.0
 0.0
 0.0
 0.0
 1.9782275207689397
 0.869652871187043
 0.11946088919742714
 0.0
 0.0
 0.03265871884659033
 0.0
 0.0
 0.0
 0.0
 0.0
 0.0
 0.0
 0.0
 0.0
 0.0
 0.0
 4.126727823549404
 1.3755759411831339
 0.0
 0.0
 0.0
 0.7662115709906157
 1.7314846642768467
 0.0
 0.0
 0.0
 0.0
 0.0
 0.0
 0.0
 0.0
 0.0
 0.0
 0.0
 0.0
 0.0
 0.0
 0.0
 0.0
 0.0
 0.0
 0.0
 0.0
 0.0
 0.0
 0.015586723498843408
 0.20466495258118428
 0.0
 0.0
 0.0
 0.0
 0.5752893119954192
 0.2197334100882526
 0.0
 0.0
 1.4247106880045808
 0.7123553440022904
 0.0
 0.0
 0.0
 0.0
 0.0
 0.0
 0.0
 0.0
 0.0
 0.0
 0.0
 0.0
 0.0
 0.0
 1.815456184697666
 0.0
 0.0
 0.0
 0.6314468413125505
 0.5530969739897835
 0.0
 0.0
 0.0
 0.0
 0.0
 0.0
 0.0
 0.0
 0.0
 0.0
 0.0
 0.0
 0.0
 0.0
 0.0
 1.3685531586874495
 0.902782172403076
 0.7286646689094745
 0.0
 0.0
 0.0
 0.0
 0.0
 0.0
 0.0
 0.0
 0.0
 1.38610312451422
 0.020899990505328498
 0.6721515717517814
 0.42117719331802417
 0.21058859665901225
 0.0
 0.0
 0.0
 0.0
 0.19271968216775595
 0.0
 0.0
 0.0
 0.0
 0.0
 0.0
 0.11280125229575666
 0.0
 0.0
 0.8814129654435603
 0.8871987477042433
 0.0
 0.0
 0.0
 0.0
 0.0
 0.0
 0.0
 0.0
 0.0
 0.0
 0.0
 0.0
 0.0
 0.0
 0.0
 0.0
 0.0
 0.0
 0.0
 0.0
 0.0
 0.0
 0.31983614269826327
 0.0
 0.0
 0.0
 0.0
 0.0
 0.0
 0.0
 1.1531992332757703
 4.790338036437378
 0.0
 0.7771181594938007
x_ij_opt: 1-dimensional DenseAxisArray{Float64,1,...} with index sets:
    Dimension 1, [(43, 30), (43, 22), (43, 6), (44, 22), (45, 30), (45, 29), (45, 28), (45, 24), (45, 23), (40, 29)  …  (5, 7), (5, 14), (6, 4), (6, 3), (1, 14), (1, 10), (1, 23), (1, 1), (3, 2), (3, 1)]
And data, a 116-element Vector{Float64}:
 0.0
 0.184543815302334
 0.0
 0.0
 0.5269646240259664
 0.0
 1.1185870345564397
 0.0
 0.0
 0.0
 0.0
 0.0
 0.0
 0.0
 0.0
 0.0
 0.0
 0.0
 0.0
 0.0
 0.0
 0.0
 0.0
 0.0
 0.0
 0.0
 0.0
 2.0
 0.0
 0.0
 0.0
 0.0
 0.0
 0.0
 0.0
 0.0
 0.0
 0.0
 0.0
 0.0
 0.0
 0.0
 0.0
 0.9386735996094404
 0.0
 0.0
 0.0
 0.0
 0.0
 0.0
 0.0
 0.0
 0.0
 0.0
 0.0
 0.0
 0.0
 1.1070606054599805
 0.13034712881295696
 1.9844132765011566
 0.0
 0.0
 0.0
 0.0
 6.0
 0.0
 0.0
 0.0
 0.0
 0.7953350474188157
 0.0
 0.0
 0.0
 0.0
 0.0
 0.0
 0.0
 0.8287639404820908
 0.0
 0.0
 0.0
 0.0
 0.0
 0.0
 0.0
 0.0
 0.0
 0.0
 0.0
 1.3678792631680499
 0.0
 0.0
 0.0
 0.0
 0.0
 0.0
 0.0
 0.7685114128356593
 0.0
 0.2228818405061993
 0.0
 0.0
 0.0
 0.0
 0.0
 0.0
 0.0
 0.0
 0.0
 0.0
 0.0
 0.0
 0.097217827596924
 5.213142018942061
 0.0
 0.0
x_il_opt: 1-dimensional DenseAxisArray{Float64,1,...} with index sets:
    Dimension 1, [(43, 15), (43, 14), (44, 15), (44, 13), (44, 3), (40, 14), (40, 2), (41, 14), (42, 6), (37, 13)  …  (4, 13), (5, 2), (5, 7), (5, 9), (6, 11), (1, 1), (1, 6), (1, 3), (2, 1), (2, 15)]
And data, a 71-element Vector{Float64}:
 0.0
 0.11280125229575666
 0.0
 2.0791546867713295
 4.140350163232727
 1.7686117131478036
 0.0
 0.0
 0.5863798632758028
 0.6317657899770364
 0.0
 3.0
 0.0
 0.0
 3.0
 0.0
 0.0
 0.0
 5.502303764732537
 0.0
 0.0
 0.0
 3.0
 0.7950227220836719
 2.204977277916328
 0.0
 2.4976962352674623
 0.0
 3.0
 0.2202516760800277
 1.3496209074792789
 0.19271968216775595
 0.0
 0.0
 0.0
 0.0
 0.0
 0.0
 0.6347383730139216
 0.31983614269826327
 0.0
 0.0
 3.0
 0.0
 0.0
 2.1370660320068713
 0.0
 2.96734128115341
 0.0
 0.0
 0.0
 0.0
 0.0
 0.0
 4.064175454057929
 0.0
 0.0
 0.0
 0.0
 0.0
 0.0
 0.0
 0.0
 0.03265871884659033
 0.0
 0.0
 0.0
 2.208642858807869
 0.4809972946531471
 0.0
 6.720655429206949
x_lj_opt: 1-dimensional DenseAxisArray{Float64,1,...} with index sets:
    Dimension 1, [(15, 30), (15, 29), (15, 23), (15, 3), (14, 28), (14, 27), (14, 10), (14, 24), (13, 26), (13, 25)  …  (3, 6), (3, 5), (3, 29), (2, 4), (2, 3), (2, 1), (2, 5), (1, 2), (1, 1), (1, 14)]
And data, a 53-element Vector{Float64}:
 1.4730353759740336
 4.790338036437378
 0.0
 0.7771181594938007
 0.8814129654435603
 1.0
 0.0
 0.0
 2.0
 0.23148858716434076
 0.6721515717517814
 1.3685531586874495
 0.902782172403076
 0.7286646689094745
 1.815456184697666
 0.0
 0.0
 0.0
 0.6314468413125505
 0.5530969739897835
 0.0
 2.0
 0.9320887540905429
 0.015586723498843408
 0.20466495258118428
 0.0
 4.8929393945400195
 3.1070606054599805
 0.0
 0.0
 1.9782275207689397
 0.869652871187043
 0.15211960804401747
 2.0
 6.0
 0.0
 2.0
 1.0
 0.0
 0.0
 1.1712360595179092
 2.8929393945400195
 0.0
 1.0613264003905596
 3.079023762842167
 0.4809972946531471
 2.0
 0.0
 0.0
 1.0
 1.3278484282482186
 0.6347383730139216
 0.021772479231060293
q_opt: 1-dimensional DenseAxisArray{Float64,1,...} with index sets:
    Dimension 1, [(43, 15), (43, 14), (44, 15), (44, 13), (44, 3), (40, 14), (40, 2), (41, 14), (42, 6), (37, 13)  …  (4, 13), (5, 2), (5, 7), (5, 9), (6, 11), (1, 1), (1, 6), (1, 3), (2, 1), (2, 15)]
And data, a 71-element Vector{Float64}:
 0.0
 0.11280125229575666
 0.0
 0.69305156225711
 0.9198337842244756
 0.8871987477042433
 0.0
 0.0
 0.07329748290947535
 0.21058859665901225
 0.0
 1.0
 0.0
 0.0
 0.375
 0.0
 0.0
 0.092271907651167
 0.6877879705915673
 0.0
 0.4143819702410454
 0.0
 1.0
 0.2876446559977096
 0.275622159739541
 0.0
 0.31221202940843273
 0.0
 0.907728092348833
 0.20466495258118433
 0.8942102711643464
 0.09635984108387798
 0.7953350474188157
 0.0
 0.0
 0.0
 0.0
 0.0
 0.10578972883565359
 0.15991807134913164
 0.0
 0.0
 1.0
 0.0
 0.0
 0.7123553440022904
 0.0
 0.9891137603844699
 0.0
 0.0
 0.0
 0.0
 0.0
 0.0
 0.5856180297589546
 0.0
 0.0
 0.0
 0.0
 0.0
 0.0
 0.0
 0.0
 0.010886239615530147
 0.0
 0.0
 0.0
 0.2760803573509837
 0.08016621577552441
 0.0
 0.8400819286508684



