McCormick lower bound: -648.9291154485186

solution time: 0.005326986312866211

w_opt: 1-dimensional DenseAxisArray{Float64,1,...} with index sets:
    Dimension 1, [(25, 1, 2), (25, 1, 1), (25, 1, 14), (20, 1, 2), (20, 1, 1), (20, 1, 14), (1, 1, 2), (1, 1, 1), (1, 1, 14), (2, 1, 2)  …  (20, 15, 23), (20, 15, 3), (8, 15, 30), (8, 15, 29), (8, 15, 23), (8, 15, 3), (2, 15, 30), (2, 15, 29), (2, 15, 23), (2, 15, 3)]
And data, a 261-element Vector{Float64}:
 1.2388460647888704
 0.0
 0.0
 0.04452477014609557
 1.2767614763949506
 0.0
 0.0
 0.0
 0.0
 0.0
 0.0
 0.0
 0.0
 0.0
 0.0
 0.0
 2.0
 0.0
 0.0
 1.0
 0.0
 0.0
 0.0
 0.0
 0.0
 0.0
 0.0
 0.0
 0.7867521028766562
 1.5358360880279416
 0.0
 0.0
 0.0
 0.0
 0.0
 3.4641639119720584
 0.0
 0.0
 0.0
 0.0
 0.0
 0.0
 0.17557977939797326
 0.0
 0.0
 0.0
 0.0
 0.0
 0.0
 1.500700051126238
 3.1508408858010437
 0.0
 0.0
 0.0
 0.0
 0.0
 0.0
 0.0
 0.0
 2.0
 1.0
 0.0
 0.0
 0.0
 0.0
 0.0
 0.0
 0.0
 0.0
 0.0
 0.0
 0.0
 0.0
 0.0
 0.6542588276322888
 1.9627764828968663
 0.0
 0.5704457481184668
 1.4442383810402128
 0.2670988633151876
 0.0
 0.0
 0.0
 0.0
 0.0
 0.0
 0.0
 0.0
 0.0
 0.0
 0.0
 0.0
 0.7752954242492445
 2.3258862727477334
 0.0
 0.0
 0.0
 0.0
 0.0
 0.0
 0.0
 2.0
 0.9909339299126908
 0.0
 0.0
 0.0
 0.0
 0.0
 0.0
 0.0
 0.0
 0.0
 0.0
 0.0
 0.0
 0.0
 0.0
 0.0
 5.588183197576215
 1.862727732525405
 0.0
 0.0
 0.0
 0.163202868811028
 0.38588620108735255
 0.0
 0.0
 0.0
 0.0
 0.0
 0.0
 0.0
 0.0
 0.0
 0.0
 0.0
 0.0
 0.0
 0.0
 0.0
 0.0
 0.0
 0.0
 0.0
 0.0
 0.0
 0.0
 1.132739181911196
 0.19954770710792577
 0.0
 0.0
 0.665570415296657
 0.0
 0.5250422886368622
 0.1931747188892706
 0.0
 0.0
 1.4749577113631378
 0.7374788556815689
 0.0
 0.0
 0.0
 0.0
 0.0
 0.0
 0.0
 0.0
 0.0
 0.0
 0.0
 0.0
 0.0
 0.0
 2.0
 0.0
 0.0
 0.0
 0.399454819413801
 0.0
 0.0
 0.0
 0.0
 0.0
 0.0
 0.0
 0.0
 0.0
 0.0
 0.0
 0.0
 0.0
 0.0
 0.0
 0.0
 1.600545180586199
 1.0
 0.399454819413801
 0.0
 0.0
 0.0
 0.0
 0.0
 0.0
 0.0
 0.0
 0.0
 1.4332583301300679
 0.0
 0.716629165065034
 0.3955546273779911
 0.19777731368899562
 0.0
 0.0
 0.0
 0.0
 0.1711870424919411
 0.0
 0.0
 0.0
 0.0
 0.0
 0.0
 0.0
 0.0
 0.0
 0.6940057598614531
 1.0
 0.0
 0.0
 0.0
 0.0
 0.0
 0.0
 0.0
 0.0
 0.0
 0.0
 0.0
 0.0
 0.0
 0.0
 0.0
 0.0
 0.0
 0.0
 0.0
 0.0
 0.0
 0.0
 0.19167819960392507
 0.0
 0.0
 0.0
 0.0
 0.0
 0.0
 0.0
 0.8942029629979235
 5.424965401188225
 0.0
 0.7426409448251874
x_ij_opt: 1-dimensional DenseAxisArray{Float64,1,...} with index sets:
    Dimension 1, [(43, 30), (43, 22), (43, 6), (44, 22), (45, 30), (45, 29), (45, 28), (45, 24), (45, 23), (40, 29)  …  (5, 7), (5, 14), (6, 4), (6, 3), (1, 14), (1, 10), (1, 23), (1, 1), (3, 2), (3, 1)]
And data, a 116-element Vector{Float64}:
 0.0
 0.0
 0.39705996390977627
 0.0
 0.9141188373981515
 0.0
 1.305994240138547
 0.0
 0.0
 0.0
 0.0
 0.0
 0.0
 0.0
 0.0
 0.0
 0.0
 0.0
 0.0
 0.0
 0.0
 0.0
 0.0
 0.0
 0.0
 0.0
 0.0
 2.0
 0.0
 0.0
 0.0
 0.0
 0.0
 0.0
 0.0
 0.0
 0.0
 0.0
 0.0
 0.0
 0.0
 0.0
 0.0
 0.5490890698983799
 0.2670988633151872
 0.0
 0.0
 0.0
 0.0
 0.0
 0.0
 0.0
 0.0
 0.0
 0.0
 0.600545180586199
 0.0
 0.24861393361275752
 0.009066070087309164
 0.2016904027921469
 0.0
 0.0
 0.0
 0.0
 6.0
 0.0
 0.0
 0.0
 0.0
 0.8004522928920742
 0.0
 0.0
 0.0
 0.0
 0.0
 0.0
 0.0
 0.49929994887376195
 0.0
 0.0
 0.0
 0.0
 0.0
 0.0
 0.0
 0.0
 0.0
 0.0
 0.0
 0.0
 0.0
 0.0
 0.0
 0.0
 0.0
 0.0
 0.0
 0.8022226863110044
 0.0
 0.2573590551748126
 0.0
 0.0
 0.0
 0.0
 0.0
 0.0
 0.0
 0.0
 0.0
 0.0
 0.0
 0.0
 0.0
 4.723238523605049
 0.0
 0.0
x_il_opt: 1-dimensional DenseAxisArray{Float64,1,...} with index sets:
    Dimension 1, [(43, 15), (43, 14), (44, 15), (44, 13), (44, 3), (40, 14), (40, 2), (41, 14), (42, 6), (37, 13)  …  (4, 13), (5, 2), (5, 7), (5, 9), (6, 11), (1, 1), (1, 6), (1, 3), (2, 1), (2, 15)]
And data, a 71-element Vector{Float64}:
 0.0
 0.0
 0.0
 2.149887495195102
 2.3225881909045976
 1.694005759861453
 0.0
 0.0
 0.0
 0.5933319410669867
 0.0
 3.0
 0.0
 0.0
 2.6170353105291553
 0.0
 0.0
 0.0
 7.45091093010162
 0.0
 0.0
 0.0
 3.0
 0.7182170075261327
 2.2817829924738673
 0.0
 0.5490890698983806
 0.0
 2.3994548194138012
 1.3322868890191217
 1.2388460647888704
 0.1711870424919411
 0.0
 0.0
 0.0
 0.0
 0.0
 0.0
 1.3212862465410462
 0.19167819960392507
 0.0
 0.0
 3.0
 0.0
 0.0
 2.2124365670447066
 0.0
 2.990933929912691
 0.0
 0.0
 0.0
 0.0
 0.0
 0.0
 4.651540936927281
 0.0
 0.0
 3.4641639119720584
 0.0
 0.0
 0.0
 0.0
 0.0
 0.0
 0.665570415296657
 0.0
 0.0
 3.1011816969969774
 0.17557977939797326
 0.0
 7.061809309011336
x_lj_opt: 1-dimensional DenseAxisArray{Float64,1,...} with index sets:
    Dimension 1, [(15, 30), (15, 29), (15, 23), (15, 3), (14, 28), (14, 27), (14, 10), (14, 24), (13, 26), (13, 25)  …  (3, 6), (3, 5), (3, 29), (2, 4), (2, 3), (2, 1), (2, 5), (1, 2), (1, 1), (1, 14)]
And data, a 53-element Vector{Float64}:
 1.0858811626018485
 5.424965401188225
 0.0
 0.7426409448251874
 0.6940057598614531
 1.0
 0.0
 0.0
 2.0
 0.19777731368899562
 0.716629165065034
 1.600545180586199
 1.0
 0.399454819413801
 2.0
 0.0
 0.0
 0.0
 0.399454819413801
 0.0
 0.0
 2.0
 0.9306535745708395
 1.798309597207853
 0.19954770710792577
 0.0
 5.7513860663872425
 2.2486139336127575
 0.0
 0.0
 2.0
 0.9909339299126908
 0.0
 2.0
 5.732901136684813
 0.2670988633151876
 2.0
 1.0
 0.0
 0.0
 1.500700051126238
 3.1508408858010437
 0.0
 0.7867521028766562
 5.0
 0.17557977939797326
 2.0
 0.0
 0.0
 1.0
 1.283370834934966
 1.2767614763949506
 0.0
q_opt: 1-dimensional DenseAxisArray{Float64,1,...} with index sets:
    Dimension 1, [(43, 15), (43, 14), (44, 15), (44, 13), (44, 3), (40, 14), (40, 2), (41, 14), (42, 6), (37, 13)  …  (4, 13), (5, 2), (5, 7), (5, 9), (6, 11), (1, 1), (1, 6), (1, 3), (2, 1), (2, 15)]
And data, a 71-element Vector{Float64}:
 0.0
 0.0
 0.0
 0.7166291650650339
 0.3933760514383281
 1.0
 0.0
 0.0
 0.0
 0.19777731368899562
 0.0
 1.0
 0.0
 0.0
 0.3271294138161444
 0.0
 0.0
 0.0
 0.9313638662627025
 0.0
 0.24964997443688097
 0.0
 1.0
 0.2625211443184311
 0.2852228740592334
 0.0
 0.06863613373729757
 0.0
 1.0
 0.6672147923516716
 0.7872064206008416
 0.08559352124597056
 0.0
 0.0
 0.0
 0.0
 0.0
 0.0
 0.21279357939915844
 0.09583909980196254
 0.0
 0.0
 1.0
 0.0
 0.0
 0.7374788556815689
 0.0
 1.0
 0.0
 0.0
 0.0
 0.0
 0.0
 0.0
 0.750350025563119
 0.0
 0.0
 0.577360651995343
 0.0
 0.0
 0.0
 0.0
 0.0
 0.0
 0.3327852076483285
 0.0
 0.0
 0.38764771212462223
 0.029263296566328877
 0.0
 0.9041609001980375



