McCormick lower bound: -645.1708358646184

solution time: 0.005632162094116211

w_opt: 1-dimensional DenseAxisArray{Float64,1,...} with index sets:
    Dimension 1, [(25, 1, 2), (25, 1, 1), (25, 1, 14), (20, 1, 2), (20, 1, 1), (20, 1, 14), (1, 1, 2), (1, 1, 1), (1, 1, 14), (2, 1, 2)  …  (20, 15, 23), (20, 15, 3), (8, 15, 30), (8, 15, 29), (8, 15, 23), (8, 15, 3), (2, 15, 30), (2, 15, 29), (2, 15, 23), (2, 15, 3)]
And data, a 261-element Vector{Float64}:
 1.2705108562295415
 0.09845543301517967
 0.0
 0.0
 1.8828971574219175
 0.0
 0.0
 0.0
 0.0
 0.0
 0.0
 0.0
 0.0
 0.0
 0.0
 0.0
 2.0
 0.0
 0.0
 1.0
 0.0
 0.0
 0.0
 0.0
 0.0
 0.0
 0.0
 0.0
 1.0173448870345592
 2.9476648786160866
 0.0
 0.0
 0.0
 0.0
 0.0
 0.0
 0.0
 0.0
 0.0
 0.0
 0.0
 0.9343509696412595
 0.15109872027571658
 0.0
 1.1925310343668603
 0.0
 0.0
 0.0
 0.0
 1.0214757687111309
 2.0752868028814664
 0.0
 0.0
 0.0
 0.0
 0.0
 0.0
 0.0
 0.0
 2.0
 1.0
 0.0
 0.0
 0.0
 0.0
 0.0
 0.0
 0.0
 0.0
 0.0
 0.0
 0.0
 0.0
 0.0
 0.75
 2.25
 0.0
 0.5062535469099134
 1.5187606407297403
 0.0
 0.0
 0.0
 0.0
 0.0
 0.0
 0.0
 0.0
 0.0
 0.0
 0.0
 0.0
 0.0
 0.7437464530900866
 2.23123935927026
 0.0
 0.0
 0.0
 0.0
 0.0
 0.0
 0.0
 2.0
 0.9030991551738793
 0.09690084482612071
 0.0
 0.0
 0.0
 0.0
 0.0
 0.0
 0.0
 0.0
 0.0
 0.0
 0.0
 0.0
 0.0
 0.0
 5.022154059006966
 1.995190828027593
 0.0
 0.0
 0.0
 0.24566377824136065
 0.7369913347240804
 0.0
 0.0
 0.0
 0.0
 0.0
 0.0
 0.0
 0.0
 0.0
 0.0
 0.0
 0.0
 0.0
 0.0
 0.0
 0.0
 0.0
 0.0
 0.0
 0.0
 0.0
 0.0
 0.8019507031774846
 0.0
 0.0
 0.0
 0.4401074603974822
 0.0
 0.7096929897636436
 0.26529282259670295
 0.0
 0.0
 1.2903070102363565
 0.6451535051181783
 0.0
 0.0
 0.0
 0.0
 0.0
 0.0
 0.0
 0.0
 0.0
 0.0
 0.0
 0.0
 0.0
 0.0
 1.474455477073214
 0.0
 0.0
 0.0
 0.40756037118413246
 1.1179841517426536
 0.0
 0.0
 0.0
 0.0
 0.0
 0.0
 0.0
 0.0
 0.0
 0.0
 0.0
 0.0
 0.0
 0.0
 0.0
 1.5924396288158675
 0.9821820670141049
 0.42537830417002764
 0.0
 0.0
 0.0
 0.0
 0.0
 0.0
 0.0
 0.0
 0.0
 1.5470373677444196
 0.04402954010175142
 0.7294891437704585
 0.45296263225558037
 0.12462576266391434
 0.0
 0.0
 0.0
 0.0
 0.0
 0.0
 0.0
 0.0
 0.0
 0.0
 0.0
 0.0
 0.0
 0.0
 0.42450559938176435
 0.23118169168214664
 0.0
 0.0
 0.0
 0.0
 0.0
 0.0
 0.0
 0.7688183083178534
 0.0
 0.0
 0.0
 0.0
 0.0
 0.0
 0.0
 0.0
 0.0
 0.0
 0.0
 0.0
 0.0
 0.0
 0.19215900814858156
 0.0
 0.0
 0.0
 0.0
 0.0
 0.0
 0.0
 0.8815176348495207
 5.423522975554255
 0.0
 0.6662599394852307
x_ij_opt: 1-dimensional DenseAxisArray{Float64,1,...} with index sets:
    Dimension 1, [(43, 30), (43, 22), (43, 6), (44, 22), (45, 30), (45, 29), (45, 28), (45, 24), (45, 23), (40, 29)  …  (5, 7), (5, 14), (6, 4), (6, 3), (1, 14), (1, 10), (1, 23), (1, 1), (3, 2), (3, 1)]
And data, a 116-element Vector{Float64}:
 0.0
 0.5255445229267861
 0.0
 0.0
 0.9263233570018978
 0.0
 1.5754944006182356
 0.0
 0.0
 0.0
 0.0
 0.0
 0.0
 0.0
 0.0
 0.0
 0.0
 0.0
 0.2167836122482405
 0.0
 0.0
 0.0
 0.0
 0.0
 0.0
 0.0
 0.0
 2.0
 0.0
 0.0
 0.0
 0.0
 0.0
 0.0
 0.0
 0.0
 0.0
 0.0
 0.0
 0.0
 0.0
 0.0
 0.0
 0.9826551129654407
 0.0
 0.0
 0.0
 0.0
 0.0
 0.0
 0.0
 0.0
 0.0
 0.0
 0.0
 0.0
 0.0
 0.7321821627516734
 0.09690084482612071
 0.7579418364250332
 0.0
 0.0
 0.0
 0.0
 6.0
 0.0
 0.0
 0.0
 0.0
 0.7832163877517595
 0.0
 0.0
 0.0
 0.0
 0.0
 0.0
 0.0
 0.9785242312888691
 0.0
 0.0
 0.0
 0.0
 0.0
 0.0
 0.0
 0.0
 0.0
 0.0
 0.0
 0.0
 0.0
 0.0
 0.0
 0.0
 0.0
 0.0
 0.0
 0.8313446972343342
 0.0
 0.33374006051476934
 0.0
 0.0
 0.0
 0.0
 0.0
 0.0
 0.0
 0.0
 0.0
 0.0
 0.0
 0.0
 0.01781793298589507
 3.921746564736782
 0.0
 0.0
x_il_opt: 1-dimensional DenseAxisArray{Float64,1,...} with index sets:
    Dimension 1, [(43, 15), (43, 14), (44, 15), (44, 13), (44, 3), (40, 14), (40, 2), (41, 14), (42, 6), (37, 13)  …  (4, 13), (5, 2), (5, 7), (5, 9), (6, 11), (1, 1), (1, 6), (1, 3), (2, 1), (2, 15)]
And data, a 71-element Vector{Float64}:
 0.0
 0.0
 0.0
 2.3205560516166295
 3.965009765650646
 0.655687291063911
 0.0
 0.0
 0.0
 0.5775883949194947
 0.0
 3.0
 0.0
 0.0
 3.0
 0.0
 0.0
 0.0
 7.017344887034559
 0.0
 1.1925310343668603
 0.7688183083178534
 3.0
 0.9749858123603465
 2.0250141876396537
 0.0
 0.9826551129654411
 0.0
 3.0
 0.8019507031774846
 1.3689662892447212
 0.0
 0.0
 0.0
 0.0
 0.0
 0.0
 0.0
 1.8828971574219175
 0.19215900814858156
 0.0
 0.0
 3.0
 0.0
 0.0
 1.9354605153545348
 0.0
 3.0
 0.0
 0.0
 0.0
 0.0
 0.0
 0.0
 3.0967625715925973
 0.0
 0.0
 0.0
 0.0
 0.0
 0.0
 0.0
 0.0
 0.0
 0.4401074603974822
 0.0
 0.0
 2.9749858123603468
 1.085449689916976
 0.0
 6.971300549889007
x_lj_opt: 1-dimensional DenseAxisArray{Float64,1,...} with index sets:
    Dimension 1, [(15, 30), (15, 29), (15, 23), (15, 3), (14, 28), (14, 27), (14, 10), (14, 24), (13, 26), (13, 25)  …  (3, 6), (3, 5), (3, 29), (2, 4), (2, 3), (2, 1), (2, 5), (1, 2), (1, 1), (1, 14)]
And data, a 53-element Vector{Float64}:
 1.0736766429981022
 5.423522975554255
 0.0
 0.6662599394852307
 0.42450559938176435
 1.0
 0.0
 0.0
 2.0
 0.16865530276566576
 0.7294891437704585
 1.5924396288158675
 0.9821820670141049
 0.42537830417002764
 1.474455477073214
 0.0
 0.0
 0.0
 0.40756037118413246
 1.1179841517426536
 0.0
 2.0
 0.9104463277148812
 1.2420581635749668
 0.0
 0.0
 5.267817837248327
 2.7321821627516734
 0.0
 0.0
 2.0
 0.9030991551738793
 0.09690084482612071
 2.0
 6.0
 0.0
 2.0
 1.0
 0.0
 0.0
 1.0214757687111309
 3.2678178372483266
 0.0
 1.0173448870345592
 3.882015848257346
 0.15109872027571658
 2.0
 0.0
 0.0
 1.0
 1.2705108562295415
 1.9813525904370972
 0.0
q_opt: 1-dimensional DenseAxisArray{Float64,1,...} with index sets:
    Dimension 1, [(43, 15), (43, 14), (44, 15), (44, 13), (44, 3), (40, 14), (40, 2), (41, 14), (42, 6), (37, 13)  …  (4, 13), (5, 2), (5, 7), (5, 9), (6, 11), (1, 1), (1, 6), (1, 3), (2, 1), (2, 15)]
And data, a 71-element Vector{Float64}:
 0.0
 0.0
 0.0
 0.7735186838722098
 0.8442748383931235
 0.23118169168214664
 0.0
 0.0
 0.0
 0.22648131612779018
 0.0
 1.0
 0.0
 0.0
 0.375
 0.0
 0.0
 0.26277226146339305
 0.8771681108793199
 0.0
 0.48926211564443456
 0.7688183083178534
 1.0
 0.3548464948818218
 0.2531267734549567
 0.0
 0.12283188912068006
 0.0
 0.737227738536607
 0.779946269801259
 0.6861838070963471
 0.0
 0.0
 0.0
 0.0
 0.0
 0.0
 0.0
 0.3138161929036529
 0.09607950407429078
 0.0
 0.0
 1.0
 0.0
 0.0
 0.6451535051181783
 0.0
 1.0
 0.0
 0.0
 0.0
 0.0
 0.0
 0.0
 0.5107378843555654
 0.0
 0.0
 0.0
 0.0
 0.0
 0.0
 0.0
 0.0
 0.0
 0.22005373019874097
 0.0
 0.0
 0.3718732265450433
 0.15572516160687658
 0.0
 0.9039204959257092



