McCormick lower bound: -645.8303948647351

solution time: 0.005857944488525391

w_opt: 1-dimensional DenseAxisArray{Float64,1,...} with index sets:
    Dimension 1, [(25, 1, 2), (25, 1, 1), (25, 1, 14), (20, 1, 2), (20, 1, 1), (20, 1, 14), (1, 1, 2), (1, 1, 1), (1, 1, 14), (2, 1, 2)  …  (20, 15, 23), (20, 15, 3), (8, 15, 30), (8, 15, 29), (8, 15, 23), (8, 15, 3), (2, 15, 30), (2, 15, 29), (2, 15, 23), (2, 15, 3)]
And data, a 261-element Vector{Float64}:
 1.484658114812441
 1.515341885187559
 0.0
 0.0
 1.546025655562677
 0.0
 0.0
 0.0
 0.0
 0.0
 0.0
 0.0
 0.0
 0.0
 0.0
 0.0
 1.9505034944084758
 0.0891624873977952
 0.0
 0.960334018193729
 0.0
 0.0
 0.0
 0.0
 0.0
 0.0
 0.0
 0.0
 1.1207382192712905
 3.148223677172546
 0.0
 0.0
 0.0
 0.0
 0.0
 0.0
 0.0
 0.0
 0.0
 0.0
 0.0
 1.8914423046337254
 0.7197270555327799
 0.0
 0.39799961356061697
 0.0
 0.0
 0.0
 0.0
 1.5597710765136954
 3.467268354262881
 0.04949650559152419
 0.0
 0.0
 0.0
 0.0
 0.0
 0.0
 0.0
 2.0
 1.0
 0.0
 0.0
 0.0
 0.0
 0.0
 0.0
 0.0
 0.0
 0.0
 0.0
 0.0
 0.0
 0.0
 0.7499999999999999
 2.25
 0.0
 0.5041578759952905
 1.5124736279858715
 0.0
 0.0
 0.0
 0.0
 0.0
 0.0
 0.0
 0.0
 0.0
 0.0
 0.0
 0.0
 0.0
 0.7458421240047096
 2.2375263720141287
 0.0
 0.0
 0.0
 0.0
 0.0
 0.0
 0.0
 1.94611583358525
 0.8308290020275786
 0.14222891476504662
 0.0
 0.0
 0.08082624962212481
 0.0
 0.0
 0.0
 0.0
 0.0
 0.0
 0.0
 0.0
 0.0
 0.0
 0.0
 4.924692166514669
 1.4723930575324675
 0.0
 0.1691709979724214
 0.0
 1.0753078334853305
 0.35843594449511107
 0.0
 0.0
 0.0
 0.0
 0.0
 0.0
 0.0
 0.0
 0.0
 0.0
 0.0
 0.0
 0.0
 0.0
 0.0
 0.0
 0.0
 0.0
 0.0
 0.0
 0.0
 0.0
 0.0
 0.0
 0.0
 0.0
 0.18469762780530893
 0.0
 0.7097235617807102
 0.2736449342381281
 0.0
 0.0
 1.2902764382192897
 0.6451382191096449
 0.0
 0.0
 0.0
 0.0
 0.0
 0.0
 0.0
 0.0
 0.0
 0.0
 0.0
 0.0
 0.0
 0.0
 2.0
 0.0
 0.0
 0.0
 0.6960969698510766
 0.0
 0.0
 0.0
 0.0
 0.0
 0.0
 0.0
 0.0
 0.0
 0.0
 0.0
 0.0
 0.0
 0.0
 0.0
 0.0
 1.3039030301489234
 0.954076913123291
 0.7420200567277856
 0.0
 0.0
 0.0
 0.0
 0.0
 0.0
 0.0
 0.0
 0.0
 1.4018978398414532
 0.18560703473316753
 0.5153418851875591
 0.5981021601585469
 0.20211645195061756
 0.0
 0.0
 0.0
 0.0
 0.0
 0.0
 0.0
 0.0
 0.0
 0.0
 0.0
 0.0
 0.0
 0.0
 0.7847458105700544
 0.8773072882762153
 0.0
 0.0
 0.0
 0.0
 0.0
 0.0
 0.0
 0.12269271172378468
 0.0
 0.0
 0.0
 0.0
 0.0
 0.0
 0.0
 0.0
 0.0
 0.0
 0.0
 0.0
 0.0
 0.0
 0.1783249747955895
 0.0
 0.0
 0.0
 0.0
 0.0
 0.0
 0.0
 1.8216750252044105
 4.538252887739435
 0.0
 0.9108375126022052
x_ij_opt: 1-dimensional DenseAxisArray{Float64,1,...} with index sets:
    Dimension 1, [(43, 30), (43, 22), (43, 6), (44, 22), (45, 30), (45, 29), (45, 28), (45, 24), (45, 23), (40, 29)  …  (5, 7), (5, 14), (6, 4), (6, 3), (1, 14), (1, 10), (1, 23), (1, 1), (3, 2), (3, 1)]
And data, a 116-element Vector{Float64}:
 0.0
 0.0
 0.0
 0.0
 0.0
 0.0
 1.2152541894299456
 0.0
 0.0
 0.0
 0.0
 0.0
 0.0
 0.0
 0.0
 0.0
 0.0
 0.0
 0.27171483408054786
 0.0
 0.4099224043393955
 0.0
 0.0
 0.0
 0.0
 0.0
 0.0
 2.0
 0.0
 0.0
 0.0
 0.0
 0.0
 0.0
 0.0
 0.0
 0.0
 0.0
 0.0
 0.0
 0.0
 0.0
 0.0
 0.8792617807287095
 0.0
 0.0
 0.0
 0.0
 0.0
 0.0
 0.0
 0.0
 0.0
 0.0
 0.0
 0.3039030301489234
 0.0
 0.0
 0.0
 1.815302372194691
 0.0
 0.0
 0.0
 0.0
 6.0
 0.0
 0.0
 0.0
 0.0
 0.7282851659194521
 0.0
 0.0
 0.0
 0.0
 0.0
 0.0
 0.0
 0.4402289234863046
 0.0
 0.0
 0.0
 0.0
 0.0
 0.0
 0.0
 0.0
 0.0
 0.0
 0.0
 0.0
 0.0
 0.0
 0.0
 0.0
 0.0
 0.0
 0.0
 0.6122765133162149
 0.0
 0.0
 0.0
 0.0
 0.0
 0.0
 0.0
 0.0
 0.0
 0.0
 0.0
 0.0
 0.053884166414749975
 0.0
 0.045923086876708985
 2.3056548905231975
 0.0
 0.0
x_il_opt: 1-dimensional DenseAxisArray{Float64,1,...} with index sets:
    Dimension 1, [(43, 15), (43, 14), (44, 15), (44, 13), (44, 3), (40, 14), (40, 2), (41, 14), (42, 6), (37, 13)  …  (4, 13), (5, 2), (5, 7), (5, 9), (6, 11), (1, 1), (1, 6), (1, 3), (2, 1), (2, 15)]
And data, a 71-element Vector{Float64}:
 0.0
 0.0
 0.0
 2.10284675976218
 4.2689618964438365
 1.6620530988462696
 0.0
 0.0
 0.0
 0.8002186121091645
 0.0
 3.0
 0.0
 0.0
 3.0
 0.0
 0.0
 0.0
 6.5662562220195575
 0.0
 0.39799961356061697
 0.12269271172378468
 3.0
 0.9833684960188382
 2.016631503981162
 0.0
 1.4337437779804416
 0.0
 2.6960969698510766
 0.0
 3.0
 0.0
 0.0
 0.0
 0.0
 0.0
 0.0
 0.0
 1.546025655562677
 0.1783249747955895
 0.0
 0.0
 3.0
 0.0
 0.0
 1.9354146573289346
 0.0
 2.919173750377875
 0.0
 0.0
 0.0
 0.0
 0.0
 0.0
 5.076535936368101
 0.0
 0.0
 0.0
 0.0
 0.0
 0.0
 0.0
 0.0
 0.08082624962212481
 0.18469762780530893
 0.0
 0.0
 2.9833684960188385
 2.6111693601665054
 0.0
 7.270765425546051
x_lj_opt: 1-dimensional DenseAxisArray{Float64,1,...} with index sets:
    Dimension 1, [(15, 30), (15, 29), (15, 23), (15, 3), (14, 28), (14, 27), (14, 10), (14, 24), (13, 26), (13, 25)  …  (3, 6), (3, 5), (3, 29), (2, 4), (2, 3), (2, 1), (2, 5), (1, 2), (1, 1), (1, 14)]
And data, a 53-element Vector{Float64}:
 2.0
 4.538252887739435
 0.0
 0.9108375126022052
 0.7847458105700544
 1.0
 0.0
 0.0
 2.0
 0.3877234866837851
 0.5153418851875591
 1.3039030301489234
 0.954076913123291
 0.7420200567277856
 2.0
 0.0
 0.0
 0.0
 0.6960969698510766
 0.0
 0.0
 2.0
 0.9187831533477729
 0.18469762780530893
 0.0
 0.0
 6.0
 1.8308290020275786
 0.0
 0.1691709979724214
 1.94611583358525
 0.8308290020275786
 0.22305516438717143
 2.0
 6.0
 0.0
 2.0
 1.0
 0.0
 0.0
 1.5597710765136954
 3.865267967823498
 0.04949650559152419
 1.1207382192712905
 5.039665981806271
 0.7197270555327799
 1.9505034944084758
 0.08916248739779475
 0.0
 0.960334018193729
 1.484658114812441
 3.0613675407502363
 0.0
q_opt: 1-dimensional DenseAxisArray{Float64,1,...} with index sets:
    Dimension 1, [(43, 15), (43, 14), (44, 15), (44, 13), (44, 3), (40, 14), (40, 2), (41, 14), (42, 6), (37, 13)  …  (4, 13), (5, 2), (5, 7), (5, 9), (6, 11), (1, 1), (1, 6), (1, 3), (2, 1), (2, 15)]
And data, a 71-element Vector{Float64}:
 0.0
 0.0
 0.0
 0.7009489199207266
 0.6736038299791869
 0.8773072882762153
 0.0
 0.0
 0.0
 0.29905108007927345
 0.0
 1.0
 0.0
 0.0
 0.375
 0.0
 0.0
 0.0
 0.8207820277524448
 0.0
 0.0663332689267695
 0.12269271172378468
 1.0
 0.3548617808903551
 0.25207893799764525
 0.0
 0.1792179722475552
 0.0
 1.0
 0.0
 0.7423290574062205
 0.0
 0.9076511860973455
 0.0
 0.0
 0.0
 0.0
 0.0
 0.25767094259377954
 0.08916248739779474
 0.0
 0.0
 1.0
 0.0
 0.0
 0.6451382191096449
 0.0
 0.973057916792625
 0.0
 0.0
 0.0
 0.0
 0.0
 0.0
 0.9336667310732305
 0.0
 0.0
 0.0
 0.0
 0.0
 0.0
 0.0
 0.0
 0.02694208320737501
 0.09234881390265447
 0.0
 0.0
 0.3729210620023548
 0.32639617002081317
 0.0
 0.9108375126022052



