McCormick lower bound: -643.9757428287901

solution time: 0.005727052688598633

w_opt: 1-dimensional DenseAxisArray{Float64,1,...} with index sets:
    Dimension 1, [(25, 1, 2), (25, 1, 1), (25, 1, 14), (20, 1, 2), (20, 1, 1), (20, 1, 14), (1, 1, 2), (1, 1, 1), (1, 1, 14), (2, 1, 2)  …  (20, 15, 23), (20, 15, 3), (8, 15, 30), (8, 15, 29), (8, 15, 23), (8, 15, 3), (2, 15, 30), (2, 15, 29), (2, 15, 23), (2, 15, 3)]
And data, a 261-element Vector{Float64}:
 1.2474505417208008
 0.6173542767225779
 0.07408268691552553
 0.0
 2.0187355628408925
 0.0
 0.0
 0.0
 0.0
 0.0
 0.0
 0.0
 0.0
 0.0
 0.0
 0.0
 1.9318250560191916
 0.049553990729493735
 0.0
 1.0186209532513146
 0.0
 0.0
 0.0
 0.0
 0.0
 0.0
 0.0
 0.0
 1.1875945182240286
 3.1537862069724127
 0.0
 0.0
 0.0
 0.0
 0.0
 0.0
 0.0
 0.0
 0.0
 0.0
 0.0
 1.8275928397762728
 0.6997182493105668
 0.0
 0.8632719345150286
 0.0
 0.0
 0.0
 0.0
 1.3342444005620895
 2.3199894549324207
 0.06817494398080837
 0.0
 0.0
 0.0
 0.0
 0.0
 0.0
 0.0
 1.9004028703209959
 1.0
 0.0
 0.0
 0.0
 0.0
 0.0
 0.0
 0.0
 0.0
 0.0
 0.0
 0.10246319120964831
 0.3073895736289449
 0.0
 0.75
 2.25
 0.0
 0.5656376769828713
 1.6969130309486138
 0.0
 0.0
 0.0
 0.0
 0.0
 0.0
 0.0
 0.0
 0.0
 0.0
 0.0
 0.0
 0.0
 0.5818991318074804
 1.7456973954224413
 0.0
 0.0
 0.0
 0.0
 0.0
 0.0
 0.0
 1.9259173130844744
 0.8552649101622355
 0.21881777675329006
 0.0
 0.0
 0.0
 0.0
 0.0
 0.0
 0.0
 0.0
 0.0
 0.0
 0.0
 0.0
 0.0
 0.0
 4.429924861235044
 1.4766416204116815
 0.0
 0.0
 0.0
 1.5700751387649565
 0.5233583795883185
 0.0
 0.0
 0.0
 0.0
 0.0
 0.0
 0.0
 0.0
 0.0
 0.0
 0.0
 0.0
 0.0
 0.0
 0.0
 0.0
 0.0
 0.0
 0.0
 0.0
 0.0
 0.0
 0.7143138245072249
 0.20206358029610616
 0.0
 0.0
 0.3908875830365237
 0.0
 0.5315992331638694
 0.20585005890464558
 0.0
 0.0
 1.4684007668361305
 0.7342003834180653
 0.0
 0.0
 0.0
 0.0
 0.0
 0.0
 0.0
 0.0
 0.0
 0.0
 0.0
 0.0
 0.0
 0.0
 1.6352096851105493
 0.0
 0.0
 0.0
 0.5480517043369
 0.0
 0.0
 0.0
 0.0
 0.0
 0.0
 0.0
 0.0
 0.0
 0.0
 0.0
 0.0
 0.0
 0.0
 0.0
 0.0
 1.4519482956631
 1.0
 0.5480517043368999
 0.0
 0.0
 0.0
 0.0
 0.0
 0.0
 0.0
 0.0
 0.0
 1.4211005291923668
 0.0
 0.7525494582791992
 0.5509000083522894
 0.17403646375603138
 0.0
 0.0
 0.0
 0.0
 0.0
 0.0
 0.0
 0.0
 0.0
 0.0
 0.0
 0.0
 0.0
 0.0
 0.6151789472147234
 1.0
 0.0
 0.0
 0.0
 0.0
 0.0
 0.0
 0.0
 0.0
 0.0
 0.0
 0.0
 0.0
 0.0
 0.0
 0.0
 0.0
 0.0
 0.0
 0.0
 0.0
 0.0
 0.0
 0.0991079814589868
 0.0
 0.0
 0.0
 0.0
 0.0
 0.0
 0.0
 1.9008920185410132
 4.752230046352533
 0.0
 0.9504460092705066
x_ij_opt: 1-dimensional DenseAxisArray{Float64,1,...} with index sets:
    Dimension 1, [(43, 30), (43, 22), (43, 6), (44, 22), (45, 30), (45, 29), (45, 28), (45, 24), (45, 23), (40, 29)  …  (5, 7), (5, 14), (6, 4), (6, 3), (1, 14), (1, 10), (1, 23), (1, 1), (3, 2), (3, 1)]
And data, a 116-element Vector{Float64}:
 0.0
 0.3647903148894507
 0.0
 0.0
 0.0
 0.0
 1.3848210527852767
 0.0
 0.0
 0.0
 0.0
 0.0
 0.0
 0.0
 0.0
 0.0
 0.0
 0.0
 0.0
 0.0
 0.0
 0.0
 0.0
 0.0
 0.027999462455343682
 0.0
 0.0
 2.0
 0.0
 0.0
 0.0
 0.0
 0.0
 0.0
 0.0
 0.0
 0.0
 0.0
 0.0
 0.0
 0.0
 0.0
 0.0
 0.8124054817759714
 0.0
 0.0
 0.0
 0.0
 0.0
 0.0
 0.0
 0.0
 0.0
 0.0
 0.0
 0.8167386105525507
 0.0
 0.0
 0.1447350898377645
 0.8947985924562514
 0.0
 0.0
 0.0
 0.0
 6.0
 0.0
 0.0
 0.0
 0.0
 0.7979364197038938
 0.0
 0.0
 0.0
 0.0
 0.0
 0.0
 0.0
 0.6657555994379105
 0.0
 0.0
 0.0
 0.0
 0.0
 0.0
 0.0
 0.0
 0.0
 0.09959712967900414
 0.0
 0.0
 0.0
 0.0
 0.0
 0.0
 0.0
 0.0
 0.0
 0.8259635362439686
 0.0
 0.0
 0.0
 0.0
 0.0
 0.0
 0.0
 0.0
 0.0
 0.0
 0.0
 0.0
 0.0
 0.0
 0.0
 3.145092383683239
 0.0
 0.0
x_il_opt: 1-dimensional DenseAxisArray{Float64,1,...} with index sets:
    Dimension 1, [(43, 15), (43, 14), (44, 15), (44, 13), (44, 3), (40, 14), (40, 2), (41, 14), (42, 6), (37, 13)  …  (4, 13), (5, 2), (5, 7), (5, 9), (6, 11), (1, 1), (1, 6), (1, 3), (2, 1), (2, 15)]
And data, a 71-element Vector{Float64}:
 0.0
 0.0
 0.0
 2.173649987471566
 4.341380725196442
 1.6151789472147233
 0.0
 0.0
 0.40985276483859323
 0.7249364721083207
 0.0
 3.0
 0.0
 0.0
 3.0
 0.0
 0.0
 0.0
 5.906566481646726
 0.0
 0.8632719345150286
 0.0
 3.0
 0.737449292068515
 2.262550707931485
 0.0
 2.093433518353275
 0.0
 2.1832613894474493
 0.9163774048033311
 1.9388875053589043
 0.0
 0.0
 0.0
 0.0
 0.0
 0.0
 0.0
 2.0187355628408925
 0.0991079814589868
 0.0
 0.0
 2.900402870320996
 0.0
 0.0
 2.202601150254196
 0.0
 3.0
 0.0
 0.0
 0.0
 0.0
 0.0
 0.0
 3.7224087994753186
 0.0
 0.0
 0.0
 0.0
 0.0
 0.0
 0.0
 0.0
 0.0
 0.3908875830365237
 0.0
 0.0
 2.3275965272299217
 2.5273110890868398
 0.0
 7.603568074164053
x_lj_opt: 1-dimensional DenseAxisArray{Float64,1,...} with index sets:
    Dimension 1, [(15, 30), (15, 29), (15, 23), (15, 3), (14, 28), (14, 27), (14, 10), (14, 24), (13, 26), (13, 25)  …  (3, 6), (3, 5), (3, 29), (2, 4), (2, 3), (2, 1), (2, 5), (1, 2), (1, 1), (1, 14)]
And data, a 53-element Vector{Float64}:
 2.0
 4.752230046352533
 0.0
 0.9504460092705066
 0.6151789472147234
 1.0
 0.0
 0.0
 1.9720005375446563
 0.17403646375603138
 0.7525494582791992
 1.4519482956631
 1.0
 0.5480517043368999
 1.6352096851105493
 0.0
 0.0
 0.0
 0.5480517043369
 0.0
 0.0
 2.0
 0.9400504423227108
 1.1052014075437486
 0.20206358029610616
 0.0
 6.0
 2.0
 0.0
 0.0
 1.9259173130844744
 0.8552649101622355
 0.21881777675329017
 2.0
 6.0
 0.0
 1.9004028703209959
 1.0
 0.0
 0.0
 1.3342444005620895
 3.1832613894474493
 0.06817494398080837
 1.1875945182240286
 4.981379046748685
 0.6997182493105668
 1.9318250560191916
 0.0495539907294934
 0.0
 1.0186209532513146
 1.2474505417208008
 2.6360898395634704
 0.07408268691552553
q_opt: 1-dimensional DenseAxisArray{Float64,1,...} with index sets:
    Dimension 1, [(43, 15), (43, 14), (44, 15), (44, 13), (44, 3), (40, 14), (40, 2), (41, 14), (42, 6), (37, 13)  …  (4, 13), (5, 2), (5, 7), (5, 9), (6, 11), (1, 1), (1, 6), (1, 3), (2, 1), (2, 15)]
And data, a 71-element Vector{Float64}:
 0.0
 0.0
 0.0
 0.7245499958238554
 0.684086113864145
 1.0
 0.0
 0.0
 0.051231595604824154
 0.2754500041761447
 0.0
 1.0
 0.0
 0.0
 0.375
 0.0
 0.0
 0.18239515744472534
 0.7383208102058406
 0.0
 0.33287779971895526
 0.0
 1.0
 0.2657996165819347
 0.28281883849143563
 0.0
 0.2616791897941594
 0.0
 0.8176048425552747
 0.8045562084817381
 0.6635440728598512
 0.0
 0.0
 0.0
 0.0
 0.0
 0.0
 0.0
 0.33645592714014877
 0.0495539907294934
 0.0
 0.0
 1.0
 0.0
 0.0
 0.7342003834180653
 0.0
 1.0
 0.0
 0.0
 0.0
 0.0
 0.0
 0.0
 0.6671222002810447
 0.0
 0.0
 0.0
 0.0
 0.0
 0.0
 0.0
 0.0
 0.0
 0.19544379151826186
 0.0
 0.0
 0.2909495659037402
 0.31591388613585497
 0.0
 0.9504460092705066



