McCormick lower bound: -643.8308724183323

solution time: 0.006223917007446289

w_opt: 1-dimensional DenseAxisArray{Float64,1,...} with index sets:
    Dimension 1, [(25, 1, 2), (25, 1, 1), (25, 1, 14), (20, 1, 2), (20, 1, 1), (20, 1, 14), (1, 1, 2), (1, 1, 1), (1, 1, 14), (2, 1, 2)  …  (20, 15, 23), (20, 15, 3), (8, 15, 30), (8, 15, 29), (8, 15, 23), (8, 15, 3), (2, 15, 30), (2, 15, 29), (2, 15, 23), (2, 15, 3)]
And data, a 261-element Vector{Float64}:
 1.1102199052600523
 0.0
 0.0
 0.07791114014655376
 1.1213315104208181
 0.0
 0.0
 0.0
 0.0
 0.0
 0.0
 0.0
 0.0
 0.0
 0.0
 0.0
 2.0
 0.0
 0.0
 1.0
 0.0
 0.0
 0.0
 0.0
 0.0
 0.0
 0.0
 0.0
 1.1879899222126684
 2.5453067068826996
 0.0
 0.0
 0.0
 0.0
 0.0
 1.4488306058980491
 0.0
 0.0
 0.0
 0.0
 0.0
 0.0
 0.9871996274639451
 0.0
 0.0
 0.0
 0.0
 0.0
 0.0
 1.2278929000139724
 2.264431100235641
 0.0
 0.0
 0.0
 0.0
 0.0
 0.0
 0.0
 0.0
 2.0
 1.0
 0.0
 0.0
 0.0
 0.0
 0.0
 0.0
 0.0
 0.0
 0.0
 0.0
 0.13351728639913285
 0.40055185919739855
 0.0
 0.75
 2.25
 0.0
 0.5930600180151497
 1.7791800540454492
 0.0
 0.0
 0.0
 0.0
 0.0
 0.0
 0.0
 0.0
 0.0
 0.0
 0.0
 0.0
 0.0
 0.5234226955857174
 1.5702680867571526
 0.0
 0.0
 0.0
 0.0
 0.0
 0.0
 0.0
 2.0
 0.9951332984484069
 0.0
 0.0
 0.0
 0.0
 0.0
 0.0
 0.0
 0.0
 0.0
 0.0
 0.0
 0.0
 0.0
 0.0
 0.0
 4.205410881830023
 1.4018036272766743
 0.0
 0.0
 0.0
 1.394307780812035
 0.9984777100812678
 0.0
 0.0
 0.0
 0.0
 0.0
 0.0
 0.0
 0.0
 0.0
 0.0
 0.0
 0.0
 0.0
 0.0
 0.0
 0.0
 0.0
 0.0
 0.0
 0.0
 0.0
 0.0
 0.8206761781173899
 0.18110815262163488
 0.0
 0.0
 0.6932727843505158
 0.0
 0.4564254954751289
 0.17133443246427246
 0.0
 0.0
 1.5435745045248712
 0.7717872522624356
 0.0
 0.0
 0.0
 0.0
 0.3312516703131525
 1.0058626872192513
 0.0
 0.0
 0.0
 0.0
 0.0
 0.0
 0.0
 0.0
 1.6647124375935831
 0.0
 0.0
 0.0
 0.0
 0.0
 0.0
 0.0
 0.0
 0.0
 0.0
 0.0
 0.0
 0.0
 0.0
 0.0
 0.0
 0.0
 0.0
 0.0
 0.0
 1.6687483296868475
 0.9595588993859961
 0.37169277092715614
 0.0
 0.0
 0.0
 0.0
 0.0
 0.0
 0.0
 0.0
 0.0
 1.6237379091867878
 0.0
 0.8118689545933939
 0.0
 0.0
 0.0
 0.0
 0.0
 0.0
 0.37626209081321216
 0.10658563427817568
 0.0
 0.0
 0.0
 0.0
 0.0
 0.0
 0.0
 0.0
 0.7456789618531515
 1.0
 0.0
 0.0
 0.0
 0.0
 0.0
 0.0
 0.0
 0.0
 0.0
 0.0
 0.0
 0.0
 0.0
 0.0
 0.0
 0.0
 0.0
 0.0
 0.0
 0.0
 0.0
 0.0
 0.11614233577578793
 0.0
 0.0
 0.0
 0.0
 0.0
 0.0
 0.0
 1.883857664224212
 4.641107601608899
 0.0
 0.941928832112106
x_ij_opt: 1-dimensional DenseAxisArray{Float64,1,...} with index sets:
    Dimension 1, [(43, 30), (43, 22), (43, 6), (44, 22), (45, 30), (45, 29), (45, 28), (45, 24), (45, 23), (40, 29)  …  (5, 7), (5, 14), (6, 4), (6, 3), (1, 14), (1, 10), (1, 23), (1, 1), (3, 2), (3, 1)]
And data, a 116-element Vector{Float64}:
 0.0
 0.3352875624064169
 0.0
 0.0
 0.0
 0.0
 1.2543210381468484
 0.0
 0.0
 0.0
 0.0
 0.0
 0.0
 0.0
 0.0
 0.0
 0.0
 0.0
 0.0
 0.0
 0.0
 0.0
 0.0
 0.0
 0.0
 0.0
 0.0
 2.0
 0.0
 0.0
 0.0
 0.0
 0.0
 0.0
 0.0
 0.0
 0.0
 0.0
 0.0
 0.0
 0.0
 0.0
 0.0
 0.8120100777873316
 0.0
 0.0
 0.0
 0.0
 0.0
 0.0
 0.0
 0.0
 0.0
 0.0
 0.0
 1.3352875624064169
 0.0
 0.40028133735794214
 0.004866701551593059
 0.48605103753209433
 0.0
 0.0
 0.0
 0.0
 6.0
 0.0
 0.0
 0.0
 0.0
 0.8188918473783651
 0.0
 0.0
 0.0
 0.0
 0.0
 0.0
 0.0
 0.7721070999860276
 0.0
 0.0
 0.0
 0.0
 0.0
 0.0
 0.0
 0.0
 0.0
 0.0
 0.0
 0.0
 0.0
 0.0
 0.0
 0.0
 0.0
 0.0
 0.0
 0.8934143657218243
 0.0
 0.058071167887894015
 0.0
 0.0
 0.0
 0.0
 0.0
 0.0
 0.0
 0.0
 0.0
 0.0
 0.0
 0.0
 0.040441100614003855
 4.878668489579182
 0.0
 0.0
x_il_opt: 1-dimensional DenseAxisArray{Float64,1,...} with index sets:
    Dimension 1, [(43, 15), (43, 14), (44, 15), (44, 13), (44, 3), (40, 14), (40, 2), (41, 14), (42, 6), (37, 13)  …  (4, 13), (5, 2), (5, 7), (5, 9), (6, 11), (1, 1), (1, 6), (1, 3), (2, 1), (2, 15)]
And data, a 71-element Vector{Float64}:
 0.0
 0.0
 0.0
 2.4356068637801815
 3.733296629095368
 1.7456789618531516
 0.0
 0.0
 0.5340691455965314
 0.0
 0.0
 3.0
 0.0
 0.0
 3.0
 0.0
 0.0
 1.3371143575324038
 5.607214509106697
 0.0
 0.0
 0.0
 3.0
 0.6277599279394013
 2.372240072060599
 0.0
 2.392785490893303
 0.0
 1.6647124375935831
 1.0017843307390248
 1.1102199052600523
 0.4828477250913876
 0.0
 0.0
 0.0
 0.0
 0.0
 0.0
 1.199242650567372
 0.11614233577578793
 0.0
 0.0
 3.0
 0.0
 0.0
 2.315361756787307
 0.0
 2.995133298448407
 0.0
 0.0
 0.0
 0.0
 0.0
 0.0
 3.4923240002496136
 0.0
 0.0
 1.4488306058980491
 0.0
 0.0
 0.0
 0.0
 0.0
 0.0
 0.6932727843505158
 0.0
 0.0
 2.09369078234287
 0.9871996274639451
 0.0
 7.466894097945216
x_lj_opt: 1-dimensional DenseAxisArray{Float64,1,...} with index sets:
    Dimension 1, [(15, 30), (15, 29), (15, 23), (15, 3), (14, 28), (14, 27), (14, 10), (14, 24), (13, 26), (13, 25)  …  (3, 6), (3, 5), (3, 29), (2, 4), (2, 3), (2, 1), (2, 5), (1, 2), (1, 1), (1, 14)]
And data, a 53-element Vector{Float64}:
 2.0
 4.641107601608899
 0.0
 0.941928832112106
 0.7456789618531515
 1.0
 0.0
 0.0
 2.0
 0.10658563427817568
 0.8118689545933939
 1.6687483296868475
 0.9595588993859961
 0.37169277092715614
 1.6647124375935831
 0.0
 0.0
 0.0
 0.3312516703131525
 1.0058626872192513
 0.0
 2.0
 0.9431216847267081
 1.5139489624679057
 0.18110815262163488
 0.0
 5.599718662642058
 2.400281337357942
 0.0
 0.0
 2.0
 0.9951332984484069
 0.0
 2.0
 6.0
 0.0
 2.0
 1.0
 0.0
 0.0
 1.2278929000139724
 2.264431100235641
 0.0
 1.1879899222126684
 3.9941373127807487
 0.9871996274639451
 2.0
 0.0
 0.0
 1.0
 1.188131045406606
 1.1213315104208181
 0.0
q_opt: 1-dimensional DenseAxisArray{Float64,1,...} with index sets:
    Dimension 1, [(43, 15), (43, 14), (44, 15), (44, 13), (44, 3), (40, 14), (40, 2), (41, 14), (42, 6), (37, 13)  …  (4, 13), (5, 2), (5, 7), (5, 9), (6, 11), (1, 1), (1, 6), (1, 3), (2, 1), (2, 15)]
And data, a 71-element Vector{Float64}:
 0.0
 0.0
 0.0
 0.811868954593394
 0.5939949611063342
 1.0
 0.0
 0.0
 0.06675864319956643
 0.0
 0.0
 1.0
 0.0
 0.0
 0.375
 0.0
 0.0
 0.16764378120320844
 0.7009018136383371
 0.0
 0.3860535499930138
 0.0
 1.0
 0.22821274773756442
 0.29653000900757487
 0.0
 0.29909818636166285
 0.0
 0.8323562187967916
 0.6533636078247421
 0.8131114149298636
 0.18813104540660597
 0.0
 0.0
 0.0
 0.0
 0.0
 0.0
 0.18688858507013636
 0.058071167887893974
 0.0
 0.0
 1.0
 0.0
 0.0
 0.7717872522624356
 0.0
 1.0
 0.0
 0.0
 0.0
 0.0
 0.0
 0.0
 0.6139464500069862
 0.0
 0.0
 0.24147176764967485
 0.0
 0.0
 0.0
 0.0
 0.0
 0.0
 0.3466363921752579
 0.0
 0.0
 0.26171134779285876
 0.16453327124399084
 0.0
 0.941928832112106



