McCormick lower bound: -646.3328201680393

solution time: 0.006003141403198242

w_opt: 1-dimensional DenseAxisArray{Float64,1,...} with index sets:
    Dimension 1, [(25, 1, 2), (25, 1, 1), (25, 1, 14), (20, 1, 2), (20, 1, 1), (20, 1, 14), (1, 1, 2), (1, 1, 1), (1, 1, 14), (2, 1, 2)  …  (20, 15, 23), (20, 15, 3), (8, 15, 30), (8, 15, 29), (8, 15, 23), (8, 15, 3), (2, 15, 30), (2, 15, 29), (2, 15, 23), (2, 15, 3)]
And data, a 261-element Vector{Float64}:
 1.28874979292052
 0.0
 0.0
 0.0
 0.08992302810673003
 0.0
 0.0
 0.0
 0.0
 0.0
 0.0
 0.0
 0.0
 0.0
 0.0
 0.0
 1.9674442409994597
 0.08942418667503937
 0.0
 0.9431315723255012
 0.0
 0.0
 0.0
 0.0
 0.0
 0.0
 0.0
 0.0
 1.1110603527678697
 1.936563393574199
 0.0
 0.0
 0.0
 0.0
 0.0
 1.8514481676506094
 0.6171493892168698
 0.0
 0.0
 0.0
 0.0
 0.0
 0.8153707740457814
 0.0
 1.5516034201871416
 0.0
 0.0
 0.0
 0.0
 1.0797334236116838
 2.083015426375996
 0.03255575900054031
 0.0
 0.0
 0.0
 0.0
 0.0
 0.0
 0.0
 1.9899408436334034
 1.0
 0.0
 0.0
 0.0
 0.0
 0.0
 0.0
 0.0
 0.0
 0.0
 0.0
 0.35190997553402903
 1.055729926602087
 0.0
 0.7499999999999999
 2.25
 0.0
 0.5794519609507335
 1.738355882852201
 0.0
 0.0
 0.0
 0.0
 0.0
 0.0
 0.0
 0.0
 0.0
 0.0
 0.0
 0.0
 0.0
 0.3186380635152374
 0.9559141905457121
 0.0
 0.0
 0.0
 0.0
 0.0
 0.0
 0.0
 2.0
 0.9500305618056953
 0.0
 0.0
 0.0
 0.0
 0.0
 0.0
 0.0
 0.0
 0.0
 0.0
 0.0
 0.0
 0.0
 0.0
 0.0
 4.716074908353681
 2.0591998407003773
 0.0
 0.0
 0.0
 0.9185439382094565
 0.3061813127364852
 0.0
 0.0
 0.0
 0.0
 0.0
 0.0
 0.0
 0.0
 0.0
 0.0
 0.0
 0.0
 0.0
 0.0
 0.0
 0.0
 0.0
 0.0
 0.0
 0.0
 0.0
 0.0
 1.295899615448312
 0.0
 0.0
 0.0
 0.704100384551688
 0.0
 0.4955951328879291
 0.1865970233091364
 0.0
 0.0
 1.5044048671120709
 0.7522024335560354
 0.0
 0.0
 0.0
 0.0
 0.0
 0.0
 0.0
 0.0
 0.0
 0.0
 0.0
 0.0
 0.0
 0.0
 1.6486032866067866
 0.0
 0.0
 0.0
 0.23928709247906288
 1.1121096209141506
 0.0
 0.0
 0.0
 0.0
 0.0
 0.0
 0.0
 0.0
 0.0
 0.0
 0.0
 0.0
 0.0
 0.0
 0.0
 1.7607129075209371
 1.0
 0.23928709247906288
 0.0
 0.0
 0.0
 0.0
 0.0
 0.0
 0.0
 0.0
 0.0
 1.5338005189578892
 0.05565005239946452
 0.71125020707948
 0.46619948104211084
 0.15311437873111322
 0.0
 0.0
 0.0
 0.0
 0.0
 0.0
 0.0
 0.0
 0.0
 0.0
 0.0
 0.0
 0.0
 0.0
 0.3184038312641844
 0.9300014763352642
 0.0
 0.0
 0.0
 0.0
 0.0
 0.0
 0.0
 0.06999852366473586
 0.0
 0.0
 0.0
 0.0
 0.0
 0.0
 0.0
 0.0
 0.0
 0.0
 0.0
 0.0
 0.0
 0.0
 0.17884837335007878
 0.0
 0.0
 0.0
 0.0
 0.0
 0.0
 0.0
 1.8211516266499213
 4.328192744258286
 0.0
 0.9105758133249606
x_ij_opt: 1-dimensional DenseAxisArray{Float64,1,...} with index sets:
    Dimension 1, [(43, 30), (43, 22), (43, 6), (44, 22), (45, 30), (45, 29), (45, 28), (45, 24), (45, 23), (40, 29)  …  (5, 7), (5, 14), (6, 4), (6, 3), (1, 14), (1, 10), (1, 23), (1, 1), (3, 2), (3, 1)]
And data, a 116-element Vector{Float64}:
 0.0
 0.35139671339321343
 0.0
 0.0
 0.0
 0.0
 1.6815961687358156
 0.0
 0.0
 0.0
 0.0
 0.0
 0.0
 0.0
 0.0
 0.0
 0.0
 0.0
 0.2224382669664915
 0.0
 0.0
 0.0
 0.0
 0.0
 0.0
 0.0
 0.0
 2.0
 0.0
 0.0
 0.0
 0.0
 0.0
 0.0
 0.0
 0.0
 0.0
 0.0
 0.0
 0.0
 0.0
 0.0
 0.0
 0.8889396472321303
 0.0
 0.0
 0.0
 0.0
 0.0
 0.0
 0.0
 0.0
 0.0
 0.0
 0.0
 0.0
 0.0
 0.36538115343686295
 0.04996943819430466
 0.0
 0.0
 0.0
 0.0
 0.0
 6.0
 0.0
 0.0
 0.0
 0.0
 0.7775617330335085
 0.0
 0.0
 0.0
 0.0
 0.0
 0.0
 0.0
 0.9202665763883162
 0.0
 0.0
 0.0
 0.0
 0.0
 0.0
 0.0
 0.0
 0.0
 0.0100591563665966
 0.0
 0.1567472455355401
 0.0
 0.0
 0.0
 0.0
 0.0
 0.0
 0.0
 0.7912355688694223
 0.0
 0.0
 0.0
 0.0
 0.0
 0.0
 0.0
 0.0
 0.0
 0.0
 0.0
 0.0
 0.0
 0.0
 0.0
 5.91007697189327
 0.0
 0.0
x_il_opt: 1-dimensional DenseAxisArray{Float64,1,...} with index sets:
    Dimension 1, [(43, 15), (43, 14), (44, 15), (44, 13), (44, 3), (40, 14), (40, 2), (41, 14), (42, 6), (37, 13)  …  (4, 13), (5, 2), (5, 7), (5, 9), (6, 11), (1, 1), (1, 6), (1, 3), (2, 1), (2, 15)]
And data, a 71-element Vector{Float64}:
 0.0
 0.0
 0.0
 2.3007007784368336
 3.047623746342069
 1.2484053075994486
 0.0
 0.0
 1.4076399021361161
 0.6193138597732241
 0.0
 3.0
 0.0
 0.0
 3.0
 0.0
 0.0
 0.0
 6.775274749054058
 0.0
 1.5516034201871416
 0.06999852366473586
 3.0
 0.6821921561970656
 2.3178078438029344
 0.0
 1.2247252509459416
 0.0
 3.0
 1.2958996154483122
 1.28874979292052
 0.0
 0.0
 0.0
 0.0
 0.0
 0.0
 0.0
 0.08992302810673003
 0.17884837335007878
 0.0
 0.0
 2.9899408436334034
 0.0
 0.0
 2.256607300668106
 0.0
 2.9500305618056952
 0.0
 0.0
 0.0
 0.0
 0.0
 0.0
 3.19530460898822
 0.0
 0.0
 2.468597556867479
 0.0
 0.0
 0.0
 0.0
 0.0
 0.0
 0.704100384551688
 0.0
 0.0
 1.2745522540609495
 0.8153707740457814
 0.0
 7.059920184233167
x_lj_opt: 1-dimensional DenseAxisArray{Float64,1,...} with index sets:
    Dimension 1, [(15, 30), (15, 29), (15, 23), (15, 3), (14, 28), (14, 27), (14, 10), (14, 24), (13, 26), (13, 25)  …  (3, 6), (3, 5), (3, 29), (2, 4), (2, 3), (2, 1), (2, 5), (1, 2), (1, 1), (1, 14)]
And data, a 53-element Vector{Float64}:
 2.0
 4.328192744258286
 0.0
 0.9105758133249606
 0.3184038312641844
 1.0
 0.0
 0.0
 2.0
 0.20876443113057774
 0.71125020707948
 1.7607129075209371
 1.0
 0.23928709247906288
 1.6486032866067866
 0.0
 0.0
 0.0
 0.23928709247906288
 1.1121096209141506
 0.0
 2.0
 0.9387994568651719
 2.0
 0.0
 0.0
 5.6346188465631375
 2.3653811534368625
 0.0
 0.0
 2.0
 0.9500305618056953
 0.0
 2.0
 6.0
 0.0
 1.9899408436334034
 1.0
 0.0
 0.0
 1.0797334236116838
 3.6346188465631375
 0.03255575900054031
 1.1110603527678697
 3.7880115612248084
 1.4325201632626512
 1.9674442409994597
 0.08942418667503937
 0.0
 0.9431315723255012
 1.28874979292052
 0.08992302810673003
 0.0
q_opt: 1-dimensional DenseAxisArray{Float64,1,...} with index sets:
    Dimension 1, [(43, 15), (43, 14), (44, 15), (44, 13), (44, 3), (40, 14), (40, 2), (41, 14), (42, 6), (37, 13)  …  (4, 13), (5, 2), (5, 7), (5, 9), (6, 11), (1, 1), (1, 6), (1, 3), (2, 1), (2, 15)]
And data, a 71-element Vector{Float64}:
 0.0
 0.0
 0.0
 0.7669002594789446
 0.5555301763839349
 0.9300014763352642
 0.0
 0.0
 0.17595498776701451
 0.23309974052105542
 0.0
 1.0
 0.0
 0.0
 0.37499999999999994
 0.0
 0.0
 0.17569835669660672
 0.8469093436317573
 0.0
 0.4601332881941581
 0.06999852366473586
 1.0
 0.24779756644396458
 0.2897259804753668
 0.0
 0.1530906563682427
 0.0
 0.8243016433033933
 0.647949807724156
 0.9850128286488783
 0.0
 0.0
 0.0
 0.0
 0.0
 0.0
 0.0
 0.014987171351121672
 0.08942418667503937
 0.0
 0.0
 1.0
 0.0
 0.0
 0.7522024335560354
 0.0
 1.0
 0.0
 0.0
 0.0
 0.0
 0.0
 0.0
 0.5398667118058419
 0.0
 0.0
 0.3085746946084349
 0.0
 0.0
 0.0
 0.0
 0.0
 0.0
 0.352050192275844
 0.0
 0.0
 0.1593190317576187
 0.13589512900763023
 0.0
 0.9105758133249606



