McCormick lower bound: -638.8956455044716

solution time: 0.0055158138275146484

w_opt: 1-dimensional DenseAxisArray{Float64,1,...} with index sets:
    Dimension 1, [(25, 1, 2), (25, 1, 1), (25, 1, 14), (20, 1, 2), (20, 1, 1), (20, 1, 14), (1, 1, 2), (1, 1, 1), (1, 1, 14), (2, 1, 2)  …  (20, 15, 23), (20, 15, 3), (8, 15, 30), (8, 15, 29), (8, 15, 23), (8, 15, 3), (2, 15, 30), (2, 15, 29), (2, 15, 23), (2, 15, 3)]
And data, a 261-element Vector{Float64}:
 1.3832840108412978
 0.0
 0.0
 0.0
 0.31196332354781475
 0.0
 0.0
 0.0
 0.0
 0.0
 0.0
 0.0
 0.0
 0.0
 0.0
 0.0
 2.0
 0.0
 0.0
 1.0
 0.0
 0.0
 0.0
 0.0
 0.0
 0.0
 0.0
 0.0
 1.0089347815600387
 2.1117712368414163
 0.0
 0.0
 0.0
 0.0
 0.0
 1.957198651963671
 0.0
 0.0
 0.0
 0.0
 0.0
 0.0
 1.0159970033562131
 0.0
 0.6320534597817162
 0.0
 0.0
 0.0
 0.0
 1.2333433954611153
 2.7125430259308607
 0.0
 0.0
 0.0
 0.0
 0.0
 0.0
 0.0
 0.0
 2.0
 1.0
 0.0
 0.0
 0.0
 0.0
 0.0
 0.0
 0.0
 0.0
 0.0
 0.0
 0.3807595962499174
 1.1422787887497523
 0.0
 0.75
 2.25
 0.0
 0.5404722455277101
 1.62141673658313
 0.0
 0.0
 0.0
 0.0
 0.0
 0.0
 0.0
 0.0
 0.0
 0.0
 0.0
 0.0
 0.0
 0.3287681582223726
 0.9863044746671178
 0.0
 0.0
 0.0
 0.0
 0.0
 0.0
 0.0
 2.0
 0.8850145677826238
 0.11498543221737612
 0.0
 0.0
 0.0
 0.0
 0.0
 0.0
 0.0
 0.0
 0.0
 0.0
 0.0
 0.0
 0.0
 0.0
 5.198269210996674
 1.8106655705633647
 0.0
 0.0
 0.0
 0.24776630460999005
 0.743298913829971
 0.0
 0.0
 0.0
 0.0
 0.0
 0.0
 0.0
 0.0
 0.0
 0.0
 0.0
 0.0
 0.0
 0.0
 0.0
 0.0
 0.0
 0.0
 0.0
 0.0
 0.0
 0.0
 0.7237387137688431
 0.22402735877914745
 0.0
 0.0
 0.0
 0.0
 0.6051156035095441
 0.23299541437961568
 0.0
 0.0
 1.3948843964904558
 0.6974421982452279
 0.0
 0.0
 0.0
 0.0
 0.0
 0.0
 0.0
 0.0
 0.0
 0.0
 0.0
 0.0
 0.0
 0.0
 2.0
 0.0
 0.0
 0.0
 0.8985609701059127
 0.0
 0.0
 0.0
 0.0
 0.0
 0.0
 0.0
 0.0
 0.0
 0.0
 0.0
 0.0
 0.0
 0.0
 0.0
 0.0
 1.1014390298940873
 0.9041208804805122
 0.9944400896254005
 0.0
 0.0
 0.0
 0.0
 0.0
 0.0
 0.0
 0.0
 0.0
 1.3034423280306435
 0.23034577672915496
 0.6167159891587021
 0.5663306040543327
 0.28316530202716667
 0.0
 0.0
 0.0
 0.0
 0.0
 0.0
 0.0
 0.0
 0.0
 0.0
 0.0
 0.0
 0.0
 0.0
 0.49044357776338543
 0.9884921661408783
 0.0
 0.0
 0.0
 0.0
 0.0
 0.0
 0.0
 0.0
 0.0
 0.0
 0.0
 0.0
 0.0
 0.0
 0.0
 0.0
 0.0
 0.0
 0.0
 0.0
 0.0
 0.0
 0.35823812289103607
 0.0
 0.0
 0.0
 0.0
 0.0
 0.0
 0.0
 1.641761877108964
 3.9895629070183865
 0.0
 0.820880938554482
x_ij_opt: 1-dimensional DenseAxisArray{Float64,1,...} with index sets:
    Dimension 1, [(43, 30), (43, 22), (43, 6), (44, 22), (45, 30), (45, 29), (45, 28), (45, 24), (45, 23), (40, 29)  …  (5, 7), (5, 14), (6, 4), (6, 3), (1, 14), (1, 10), (1, 23), (1, 1), (3, 2), (3, 1)]
And data, a 116-element Vector{Float64}:
 0.0
 0.0
 0.0
 0.0
 0.0
 0.0
 1.5095564222366145
 0.0
 0.0
 0.0
 0.0
 0.0
 0.0
 0.0
 0.0
 0.0
 0.0
 0.0
 0.0
 0.0
 0.0
 0.0
 0.0
 0.0
 0.1302270679150237
 0.0
 0.0
 2.0
 0.0
 0.0
 0.0
 0.0
 0.0
 0.0
 0.0
 0.0
 0.0
 0.0
 0.0
 0.0
 0.0
 0.0
 0.0
 0.9910652184399613
 0.0
 0.0
 0.0
 0.0
 0.0
 0.0
 0.0
 0.0
 0.0
 0.0
 0.0
 0.10143902989408726
 0.0
 0.5539644843933358
 0.11498543221737623
 1.2762612862311569
 0.0
 0.0
 0.0
 0.0
 6.0
 0.0
 0.0
 0.0
 0.0
 0.7759726412208525
 0.0
 0.0
 0.0
 0.0
 0.0
 0.0
 0.011507833859121686
 0.7666566045388847
 0.0
 0.0
 0.0
 0.0
 0.0
 0.0
 0.0
 0.0
 0.0
 0.0
 0.0
 0.9310301111949131
 0.0
 0.0
 0.0
 0.0
 0.0
 0.0
 0.0
 0.4864889212436784
 0.0
 0.17911906144551804
 0.0
 0.0
 0.0
 0.0
 0.0
 0.0
 0.0
 0.0
 0.0
 0.0
 0.0
 0.0
 0.0958791195194878
 5.573051244234809
 0.0
 0.0
x_il_opt: 1-dimensional DenseAxisArray{Float64,1,...} with index sets:
    Dimension 1, [(43, 15), (43, 14), (44, 15), (44, 13), (44, 3), (40, 14), (40, 2), (41, 14), (42, 6), (37, 13)  …  (4, 13), (5, 2), (5, 7), (5, 9), (6, 11), (1, 1), (1, 6), (1, 3), (2, 1), (2, 15)]
And data, a 71-element Vector{Float64}:
 0.0
 0.0
 0.0
 2.1505040939185007
 3.120706018401455
 1.4789357439042639
 0.0
 0.0
 1.5230383849996696
 0.8494959060814993
 0.0
 3.0
 0.0
 0.0
 3.0
 0.0
 0.0
 0.0
 7.008934781560039
 0.0
 0.6320534597817162
 0.0
 3.0
 0.8381110178891598
 2.16188898211084
 0.0
 0.9910652184399611
 0.0
 2.8985609701059127
 0.9477660725479905
 1.3832840108412978
 0.0
 0.0
 0.0
 0.0
 0.0
 0.0
 0.0
 0.31196332354781475
 0.35823812289103607
 0.0
 0.0
 3.0
 0.0
 0.0
 2.0923265947356837
 0.0
 3.0
 0.0
 0.0
 0.0
 0.0
 0.0
 0.0
 3.945886421391976
 0.0
 0.0
 1.957198651963671
 0.0
 0.0
 0.0
 0.0
 0.0
 0.0
 0.0
 0.0
 0.0
 1.3150726328894904
 1.0159970033562131
 0.0
 6.452205722681833
x_lj_opt: 1-dimensional DenseAxisArray{Float64,1,...} with index sets:
    Dimension 1, [(15, 30), (15, 29), (15, 23), (15, 3), (14, 28), (14, 27), (14, 10), (14, 24), (13, 26), (13, 25)  …  (3, 6), (3, 5), (3, 29), (2, 4), (2, 3), (2, 1), (2, 5), (1, 2), (1, 1), (1, 14)]
And data, a 53-element Vector{Float64}:
 2.0
 3.9895629070183865
 0.0
 0.820880938554482
 0.49044357776338543
 0.9884921661408783
 0.0
 0.0
 1.8697729320849763
 0.5135110787563216
 0.6167159891587021
 1.1014390298940873
 0.9041208804805122
 0.9944400896254005
 2.0
 0.0
 0.0
 0.0
 0.8985609701059127
 0.0
 0.0
 2.0
 0.9304376126248436
 0.7237387137688431
 0.22402735877914745
 0.0
 5.446035515606664
 2.553964484393336
 0.0
 0.0
 2.0
 0.8850145677826238
 0.11498543221737612
 2.0
 6.0
 0.0
 2.0
 1.0
 0.0
 0.0
 1.2333433954611153
 3.344596485712577
 0.0
 1.0089347815600387
 4.068969888805087
 1.0159970033562131
 2.0
 0.0
 0.0
 1.0
 1.3832840108412978
 0.31196332354781475
 0.0
q_opt: 1-dimensional DenseAxisArray{Float64,1,...} with index sets:
    Dimension 1, [(43, 15), (43, 14), (44, 15), (44, 13), (44, 3), (40, 14), (40, 2), (41, 14), (42, 6), (37, 13)  …  (4, 13), (5, 2), (5, 7), (5, 9), (6, 11), (1, 1), (1, 6), (1, 3), (2, 1), (2, 15)]
And data, a 71-element Vector{Float64}:
 0.0
 0.011507833859121686
 0.0
 0.7168346979728337
 0.5044673907800193
 0.9884921661408783
 0.0
 0.0
 0.19037979812495873
 0.28316530202716633
 0.0
 1.0
 0.0
 0.0
 0.375
 0.0
 0.0
 0.0
 0.8761168476950049
 0.0
 0.38332830226944237
 0.0
 1.0
 0.30255780175477204
 0.27023612276385506
 0.0
 0.12388315230499514
 0.0
 1.0
 1.0
 0.9480061127420308
 0.0
 0.0
 0.0
 0.0
 0.0
 0.0
 0.0
 0.05199388725796913
 0.17911906144551804
 0.0
 0.0
 1.0
 0.0
 0.0
 0.6974421982452279
 0.0
 1.0
 0.0
 0.0
 0.0
 0.0
 0.0
 0.0
 0.6166716977305576
 0.0
 0.0
 0.3261997753272785
 0.0
 0.0
 0.0
 0.0
 0.0
 0.0
 0.0
 0.0
 0.0
 0.1643840791111863
 0.16933283389270218
 0.0
 0.820880938554482



