McCormick lower bound: -649.4732702485285

solution time: 0.005820035934448242

w_opt: 1-dimensional DenseAxisArray{Float64,1,...} with index sets:
    Dimension 1, [(25, 1, 2), (25, 1, 1), (25, 1, 14), (20, 1, 2), (20, 1, 1), (20, 1, 14), (1, 1, 2), (1, 1, 1), (1, 1, 14), (2, 1, 2)  …  (20, 15, 23), (20, 15, 3), (8, 15, 30), (8, 15, 29), (8, 15, 23), (8, 15, 3), (2, 15, 30), (2, 15, 29), (2, 15, 23), (2, 15, 3)]
And data, a 261-element Vector{Float64}:
 1.4806631956560543
 0.0
 0.0
 0.0
 0.6328716582608811
 0.0
 0.0
 0.0
 0.0
 0.0
 0.0
 0.0
 0.0
 0.0
 0.0
 0.0
 2.0
 0.0
 0.0
 1.0
 0.0
 0.0
 0.0
 0.0
 0.0
 0.0
 0.0
 0.0
 0.6878128562469128
 1.587168069165554
 0.0
 0.0
 0.0
 0.0
 0.0
 3.4128319308344457
 1.8359166441779036
 0.0
 0.0
 0.0
 0.0
 0.0
 0.0
 0.0
 0.13059969097926594
 0.0
 0.0
 0.0
 0.0
 1.4950311105980203
 3.135155572883094
 0.0
 0.0
 0.0
 0.0
 0.0
 0.0
 0.0
 0.0
 2.0
 1.0
 0.0
 0.0
 0.0
 0.0
 0.0
 0.0
 0.0
 0.0
 0.0
 0.0
 0.0717099697531296
 0.2151299092593888
 0.0
 0.75
 2.25
 0.0
 0.5257328784330242
 1.5771986352990726
 0.0
 0.0
 0.0
 0.0
 0.0
 0.0
 0.0
 0.0
 0.0
 0.0
 0.0
 0.0
 0.0
 0.6525571518138462
 1.9576714554415386
 0.0
 0.0
 0.0
 0.0
 0.0
 0.0
 0.0
 2.0
 0.939467410910804
 0.0
 0.0
 0.0
 0.0
 0.0
 0.0
 0.0
 0.0
 0.0
 0.0
 0.0
 0.0
 0.0
 0.0
 0.0
 5.401107212374033
 1.8003690707913438
 0.0
 0.0
 0.0
 0.2596532300965804
 0.5388704867380434
 0.0
 0.0
 0.0
 0.0
 0.0
 0.0
 0.0
 0.0
 0.0
 0.0
 0.0
 0.0
 0.0
 0.0
 0.0
 0.0
 0.0
 0.0
 0.0
 0.0
 0.0
 0.0
 1.119564657725363
 0.0
 0.0
 0.0
 0.39684190788511375
 0.0
 0.653317500378867
 0.24375098588903624
 0.0
 0.0
 1.3466824996211328
 0.6733412498105664
 0.0
 0.0
 0.0
 0.0
 0.0
 0.0
 0.0
 0.0
 0.0
 0.0
 0.0
 0.0
 0.0
 0.0
 2.0
 0.0
 0.0
 0.0
 0.6049948213917473
 0.0
 0.0
 0.0
 0.0
 0.0
 0.0
 0.0
 0.0
 0.0
 0.0
 0.0
 0.0
 0.0
 0.0
 0.0
 0.0
 1.3950051786082527
 0.9773569489945035
 0.6276378723972438
 0.0
 0.0
 0.0
 0.0
 0.0
 0.0
 0.0
 0.0
 0.0
 1.4053775473707735
 0.18335196934144116
 0.5193368043439457
 0.5946224526292265
 0.20259139923651218
 0.0
 0.0
 0.0
 0.0
 0.0
 0.0
 0.0
 0.0
 0.0
 0.0
 0.0
 0.0
 0.0
 0.0
 0.14829620826541431
 0.8112989280845185
 0.0
 0.0
 0.0
 0.0
 0.0
 0.0
 0.0
 0.0
 0.0
 0.0
 0.0
 0.0
 0.0
 0.0
 0.0
 0.0
 0.0
 0.0
 0.0
 0.0
 0.0
 0.0
 0.059783098128615375
 0.0
 0.0
 0.0
 0.0
 0.0
 0.0
 0.0
 1.9402169018713846
 3.536445483424852
 0.0
 0.9701084509356923
x_ij_opt: 1-dimensional DenseAxisArray{Float64,1,...} with index sets:
    Dimension 1, [(43, 30), (43, 22), (43, 6), (44, 22), (45, 30), (45, 29), (45, 28), (45, 24), (45, 23), (40, 29)  …  (5, 7), (5, 14), (6, 4), (6, 3), (1, 14), (1, 10), (1, 23), (1, 1), (3, 2), (3, 1)]
And data, a 116-element Vector{Float64}:
 0.0
 0.0
 0.5136634269184631
 0.0
 0.0
 0.0
 1.8517037917345858
 0.0
 0.0
 0.0
 0.0
 0.0
 0.0
 0.0
 0.0
 0.0
 0.0
 0.0
 0.3030021591152757
 0.0
 0.0
 0.0
 0.0
 0.0
 0.0
 0.0
 0.0
 2.0
 0.0
 0.0
 0.0
 0.0
 0.0
 0.0
 0.0
 0.0
 0.0
 0.0
 0.0
 0.0
 0.0
 0.0
 0.0
 0.7985237168346241
 0.0
 0.0
 0.0
 0.0
 0.0
 0.0
 0.0
 0.0
 0.0
 0.0
 0.0
 0.3950051786082529
 0.0
 0.3392395575293869
 0.06053258908919603
 0.4835934343895232
 0.0
 0.0
 0.0
 0.0
 6.0
 0.0
 0.0
 0.0
 0.0
 0.6969978408847243
 0.0
 0.0
 0.0
 0.0
 0.0
 0.0
 0.18870107191548147
 0.5049688894019797
 0.0
 0.0
 0.0
 0.0
 0.0
 0.0
 0.0
 0.0
 0.0
 0.0
 0.0
 0.0
 0.0
 0.0
 0.0
 0.0
 0.0
 0.0
 0.0
 0.6140566314220467
 0.0
 0.029891549064307688
 0.0
 0.0
 0.0
 0.0
 0.0
 0.0
 0.0
 0.0
 0.0
 0.0
 0.0
 0.0
 0.022643051005496437
 5.367128341739119
 0.0
 0.0
x_il_opt: 1-dimensional DenseAxisArray{Float64,1,...} with index sets:
    Dimension 1, [(43, 15), (43, 14), (44, 15), (44, 13), (44, 3), (40, 14), (40, 2), (41, 14), (42, 6), (37, 13)  …  (4, 13), (5, 2), (5, 7), (5, 9), (6, 11), (1, 1), (1, 6), (1, 3), (2, 1), (2, 15)]
And data, a 71-element Vector{Float64}:
 0.0
 0.0
 0.0
 2.1080663210561603
 2.274980925412467
 0.9595951363499329
 0.0
 0.0
 0.2868398790125184
 0.7972138518657387
 0.0
 3.0
 0.0
 0.0
 3.0
 0.0
 0.0
 0.0
 7.201476283165377
 0.0
 0.13059969097926594
 0.0
 3.0
 0.8970684862679033
 2.1029315137320967
 0.0
 0.7985237168346238
 0.0
 2.604994821391747
 1.119564657725363
 1.4806631956560543
 0.0
 0.0
 0.0
 0.0
 0.0
 0.0
 0.0
 0.6328716582608811
 0.059783098128615375
 0.0
 0.0
 3.0
 0.0
 0.0
 2.020023749431699
 0.0
 2.939467410910804
 0.0
 0.0
 0.0
 0.0
 0.0
 0.0
 4.6301866834811145
 0.0
 0.0
 5.24874857501235
 0.0
 0.0
 0.0
 0.0
 0.0
 0.0
 0.39684190788511375
 0.0
 0.0
 2.610228607255385
 0.0
 0.0
 6.446770836231929
x_lj_opt: 1-dimensional DenseAxisArray{Float64,1,...} with index sets:
    Dimension 1, [(15, 30), (15, 29), (15, 23), (15, 3), (14, 28), (14, 27), (14, 10), (14, 24), (13, 26), (13, 25)  …  (3, 6), (3, 5), (3, 29), (2, 4), (2, 3), (2, 1), (2, 5), (1, 2), (1, 1), (1, 14)]
And data, a 53-element Vector{Float64}:
 2.0
 3.536445483424852
 0.0
 0.9701084509356923
 0.14829620826541431
 0.8112989280845185
 0.0
 0.0
 2.0
 0.3859433685779533
 0.5193368043439457
 1.3950051786082527
 0.9773569489945035
 0.6276378723972438
 2.0
 0.0
 0.0
 0.0
 0.6049948213917473
 0.0
 0.0
 2.0
 0.9170922356996026
 1.5164065656104768
 0.0
 0.0
 5.660760442470613
 2.339239557529387
 0.0
 0.0
 2.0
 0.939467410910804
 0.0
 2.0
 6.0
 0.0
 2.0
 1.0
 0.0
 0.0
 1.4950311105980203
 3.26575526386236
 0.0
 0.6878128562469128
 5.0
 1.8359166441779036
 2.0
 0.0
 0.0
 1.0
 1.4806631956560543
 0.6328716582608811
 0.0
q_opt: 1-dimensional DenseAxisArray{Float64,1,...} with index sets:
    Dimension 1, [(43, 15), (43, 14), (44, 15), (44, 13), (44, 3), (40, 14), (40, 2), (41, 14), (42, 6), (37, 13)  …  (4, 13), (5, 2), (5, 7), (5, 9), (6, 11), (1, 1), (1, 6), (1, 3), (2, 1), (2, 15)]
And data, a 71-element Vector{Float64}:
 0.0
 0.18870107191548147
 0.0
 0.7026887736853867
 0.3439064281234564
 0.8112989280845185
 0.0
 0.0
 0.0358549848765648
 0.29731122631461326
 0.0
 1.0
 0.0
 0.0
 0.375
 0.0
 0.0
 0.0
 0.9001845353956721
 0.0
 0.25248444470098985
 0.0
 1.0
 0.3266587501894335
 0.2628664392165121
 0.0
 0.09981546460432789
 0.0
 1.0
 0.8015790460574431
 0.8945213902898531
 0.0
 0.0
 0.0
 0.0
 0.0
 0.0
 0.0
 0.10547860971014685
 0.029891549064307688
 0.0
 0.0
 1.0
 0.0
 0.0
 0.6733412498105664
 0.0
 1.0
 0.0
 0.0
 0.0
 0.0
 0.0
 0.0
 0.7475155552990101
 0.0
 0.0
 0.6560935718765436
 0.0
 0.0
 0.0
 0.0
 0.0
 0.0
 0.19842095394255688
 0.0
 0.0
 0.3262785759069231
 0.0
 0.0
 0.9701084509356923



