McCormick lower bound: -645.879645791978

solution time: 0.006056070327758789

w_opt: 1-dimensional DenseAxisArray{Float64,1,...} with index sets:
    Dimension 1, [(25, 1, 2), (25, 1, 1), (25, 1, 14), (20, 1, 2), (20, 1, 1), (20, 1, 14), (1, 1, 2), (1, 1, 1), (1, 1, 14), (2, 1, 2)  …  (20, 15, 23), (20, 15, 3), (8, 15, 30), (8, 15, 29), (8, 15, 23), (8, 15, 3), (2, 15, 30), (2, 15, 29), (2, 15, 23), (2, 15, 3)]
And data, a 261-element Vector{Float64}:
 1.5811362088395147
 0.0
 0.09204753798604459
 0.0
 0.42395473019152874
 0.0
 0.0
 0.0
 0.0
 0.0
 0.0
 0.0
 0.0
 0.0
 0.0
 0.0
 2.0
 0.0
 0.0
 1.0
 0.0
 0.0
 0.0
 0.0
 0.0
 0.0
 0.0
 0.0
 1.0570173508584542
 1.4607122148804281
 0.0
 0.0
 0.0
 0.0
 0.0
 2.3105048596356332
 0.0
 0.0
 0.0
 0.0
 0.0
 0.4790372726021937
 0.21222017778314525
 0.0
 0.0
 0.0
 0.0
 0.0
 0.0
 1.4868513924359277
 3.7124923138017873
 0.0
 0.0
 0.0
 0.0
 0.0
 0.0
 0.0
 0.0
 1.8627007099884167
 1.0
 0.0
 0.0
 0.0
 0.0
 0.0
 0.0
 0.0
 0.0
 0.0
 0.0
 0.2041326835150194
 0.6123980505450581
 0.0
 0.75
 2.25
 0.0
 0.5411287518709027
 1.2554189788675871
 0.3679672767451215
 0.0
 0.0
 0.0
 0.0
 0.0
 0.0
 0.0
 0.0
 0.0
 0.0
 0.0
 0.0
 0.5047385646140778
 1.514215693842233
 0.0
 0.0
 0.0
 0.0
 0.0
 0.0
 0.0
 1.9079524620139554
 0.8057905593359238
 0.14818567167105368
 0.0
 0.0
 0.1380713069790671
 0.0
 0.0
 0.0
 0.0
 0.0
 0.0
 0.0
 0.0
 0.0
 0.0
 0.0
 5.568738470702682
 1.856246156900894
 0.0
 0.0
 0.0
 0.14375384309910544
 0.43126152929731854
 0.0
 0.0
 0.0
 0.0
 0.0
 0.0
 0.0
 0.0
 0.0
 0.0
 0.0
 0.0
 0.0
 0.0
 0.0
 0.0
 0.0
 0.0
 0.0
 0.0
 0.0
 0.0
 0.8450991263121519
 0.0
 0.0
 0.0
 0.17681275271083446
 0.0
 0.6054006677096831
 0.23008432480670554
 0.0
 0.0
 1.394599332290317
 0.6972996661451585
 0.0
 0.0
 0.0
 0.0
 0.0
 0.0
 0.0
 0.0
 0.0
 0.0
 0.0
 0.0
 0.0
 0.0
 1.958633318965839
 0.0
 0.0
 0.0
 0.2916210281524157
 0.7497456528817454
 0.0
 0.0
 0.0
 0.0
 0.0
 0.0
 0.0
 0.0
 0.0
 0.0
 0.0
 0.0
 0.0
 0.0
 0.0
 1.7083789718475844
 1.0
 0.29162102815241564
 0.0
 0.0
 0.0
 0.0
 0.0
 0.0
 0.0
 0.0
 0.0
 1.5000565080107808
 0.33116446284490497
 0.4188637911604854
 0.49994349198921917
 0.20009447682391812
 0.0
 0.0
 0.0
 0.0
 0.0
 0.0
 0.0
 0.0
 0.0
 0.0
 0.0
 0.0
 0.0
 0.0
 0.31445181534349514
 0.5395434552622768
 0.0
 0.0
 0.0
 0.0
 0.0
 0.0
 0.0
 0.46045654473772324
 0.0
 0.0
 0.0
 0.0
 0.0
 0.0
 0.0
 0.0
 0.0
 0.0
 0.0
 0.0
 0.0
 0.0
 0.16794706864518694
 0.0
 0.0
 0.0
 0.0
 0.0
 0.0
 0.0
 0.690266657819524
 5.496158794064439
 0.0
 0.7555035342449895
x_ij_opt: 1-dimensional DenseAxisArray{Float64,1,...} with index sets:
    Dimension 1, [(43, 30), (43, 22), (43, 6), (44, 22), (45, 30), (45, 29), (45, 28), (45, 24), (45, 23), (40, 29)  …  (5, 7), (5, 14), (6, 4), (6, 3), (1, 14), (1, 10), (1, 23), (1, 1), (3, 2), (3, 1)]
And data, a 116-element Vector{Float64}:
 0.0
 0.04136668103416108
 0.0
 0.0
 1.1417862735352888
 0.0
 1.6855481846565048
 0.0
 0.0
 0.0
 0.0
 0.0
 0.0
 0.0
 0.0
 0.0
 0.0
 0.0
 0.250156016625105
 0.0
 0.0
 0.0
 0.0
 0.0
 0.0
 0.0
 0.0
 2.0
 0.0
 0.0
 0.0
 0.0
 0.0
 0.0
 0.0
 0.0
 0.0
 0.0
 0.0
 0.0
 0.0
 0.0
 0.0
 0.5750153723964245
 0.3679672767451212
 0.0
 0.0
 0.0
 0.0
 0.0
 0.0
 0.0
 0.0
 0.0
 0.0
 0.0
 0.0
 0.28750768619821265
 0.1942094406640762
 0.9780881209770136
 0.0
 0.0
 0.0
 0.0
 6.0
 0.0
 0.0
 0.0
 0.0
 0.749843983374895
 0.0
 0.0
 0.0
 0.0
 0.0
 0.0
 0.0
 0.5131486075640723
 0.0
 0.0
 0.0
 0.0
 0.0
 0.0
 0.0
 0.0
 0.0
 0.13729929001158325
 0.0
 0.0
 0.0
 0.0
 0.0
 0.0
 0.0
 0.0
 0.0
 0.4687410603311769
 0.0
 0.2444964657550105
 0.0
 0.0
 0.0
 0.0
 0.0
 0.0
 0.0
 0.0
 0.0
 0.0
 0.0
 0.0
 0.0
 5.2897882911583505
 0.0
 0.0
x_il_opt: 1-dimensional DenseAxisArray{Float64,1,...} with index sets:
    Dimension 1, [(43, 15), (43, 14), (44, 15), (44, 13), (44, 3), (40, 14), (40, 2), (41, 14), (42, 6), (37, 13)  …  (4, 13), (5, 2), (5, 7), (5, 9), (6, 11), (1, 1), (1, 6), (1, 3), (2, 1), (2, 15)]
And data, a 71-element Vector{Float64}:
 0.0
 0.0
 0.0
 2.2500847620161712
 2.5177295657388825
 0.8539952706057719
 0.0
 0.0
 0.8165307340600776
 0.7000379688131373
 0.0
 3.0
 0.0
 0.0
 3.0
 0.0
 0.0
 0.0
 7.424984627603576
 0.0
 0.0
 0.46045654473772324
 3.0
 0.8354849925163886
 2.1645150074836113
 0.0
 0.575015372396424
 0.0
 3.0
 0.8450991263121519
 1.6731837468255593
 0.0
 0.0
 0.0
 0.0
 0.0
 0.0
 0.0
 0.42395473019152874
 0.16794706864518694
 0.0
 0.0
 2.8627007099884167
 0.0
 0.0
 2.091898998435475
 0.0
 2.861928693020933
 0.0
 0.0
 0.0
 0.0
 0.0
 0.0
 5.199343706237715
 0.0
 0.0
 2.3105048596356332
 0.0
 0.0
 0.0
 0.0
 0.0
 0.1380713069790671
 0.17681275271083446
 0.0
 0.0
 2.018954258456311
 0.6912574503853389
 0.0
 6.941928986128953
x_lj_opt: 1-dimensional DenseAxisArray{Float64,1,...} with index sets:
    Dimension 1, [(15, 30), (15, 29), (15, 23), (15, 3), (14, 28), (14, 27), (14, 10), (14, 24), (13, 26), (13, 25)  …  (3, 6), (3, 5), (3, 29), (2, 4), (2, 3), (2, 1), (2, 5), (1, 2), (1, 1), (1, 14)]
And data, a 53-element Vector{Float64}:
 0.8582137264647111
 5.496158794064439
 0.0
 0.7555035342449895
 0.31445181534349514
 1.0
 0.0
 0.0
 2.0
 0.5312589396688231
 0.41886379116048533
 1.7083789718475844
 1.0
 0.29162102815241564
 1.958633318965839
 0.0
 0.0
 0.0
 0.29162102815241564
 0.7497456528817453
 0.0
 2.0
 0.927383990951864
 1.0219118790229864
 0.0
 0.0
 5.712492313801787
 2.2875076861982127
 0.0
 0.0
 1.9079524620139554
 0.8057905593359238
 0.2862569786501208
 2.0
 5.632032723254879
 0.3679672767451215
 1.8627007099884167
 1.0
 0.0
 0.0
 1.4868513924359277
 3.7124923138017873
 0.0
 1.0570173508584542
 4.250254347118255
 0.21222017778314525
 2.0
 0.0
 0.0
 1.0
 1.5811362088395147
 0.42395473019152874
 0.09204753798604459
q_opt: 1-dimensional DenseAxisArray{Float64,1,...} with index sets:
    Dimension 1, [(43, 15), (43, 14), (44, 15), (44, 13), (44, 3), (40, 14), (40, 2), (41, 14), (42, 6), (37, 13)  …  (4, 13), (5, 2), (5, 7), (5, 9), (6, 11), (1, 1), (1, 6), (1, 3), (2, 1), (2, 15)]
And data, a 71-element Vector{Float64}:
 0.0
 0.0
 0.0
 0.7500282540053904
 0.5285086754292271
 0.5395434552622768
 0.0
 0.0
 0.1020663417575097
 0.24997174599460958
 0.0
 1.0
 0.0
 0.0
 0.375
 0.0
 0.0
 0.02068334051708054
 0.928123078450447
 0.0
 0.25657430378203616
 0.46045654473772324
 1.0
 0.3027003338548416
 0.27056437593545135
 0.0
 0.07187692154955308
 0.0
 0.9793166594829195
 0.9115936236445827
 0.9293408783014119
 0.0
 0.0
 0.0
 0.0
 0.0
 0.0
 0.0
 0.07065912169858812
 0.08397353432259347
 0.0
 0.0
 1.0
 0.0
 0.0
 0.6972996661451585
 0.0
 0.9539762310069776
 0.0
 0.0
 0.0
 0.0
 0.0
 0.0
 0.7434256962179638
 0.0
 0.0
 0.38508414327260554
 0.0
 0.0
 0.0
 0.0
 0.0
 0.046023768993022296
 0.08840637635541723
 0.0
 0.0
 0.2523692823070389
 0.08640718129816737
 0.0
 0.9160264656774065



