McCormick lower bound: -644.5496962913056

solution time: 0.007205963134765625

w_opt: 1-dimensional DenseAxisArray{Float64,1,...} with index sets:
    Dimension 1, [(25, 1, 2), (25, 1, 1), (25, 1, 14), (20, 1, 2), (20, 1, 1), (20, 1, 14), (1, 1, 2), (1, 1, 1), (1, 1, 14), (2, 1, 2)  …  (20, 15, 23), (20, 15, 3), (8, 15, 30), (8, 15, 29), (8, 15, 23), (8, 15, 3), (2, 15, 30), (2, 15, 29), (2, 15, 23), (2, 15, 3)]
And data, a 261-element Vector{Float64}:
 1.6452204884693533
 0.0
 0.0
 0.0
 0.41972057429629217
 0.0
 0.0
 0.0
 0.0
 0.0
 0.0
 0.0
 0.0
 0.0
 0.0
 0.0
 1.972518056231635
 0.11296655854488158
 0.0
 0.9145153852234835
 0.0
 0.0
 0.0
 0.0
 0.0
 0.0
 0.0
 0.0
 1.2888211058908832
 3.4536671683576157
 0.0
 0.0
 0.0
 0.0
 0.0
 0.0
 0.0
 0.0
 0.0
 0.0
 0.0
 0.0
 0.7844077554266962
 0.0
 0.08354651422074655
 0.0
 0.0
 0.0
 0.0
 1.0845375940929756
 1.477346000893763
 0.027481943768365102
 0.0
 0.0
 0.0
 0.0
 0.0
 0.0
 0.0
 1.8908355252430387
 1.0
 0.0
 0.0
 0.0
 0.0
 0.0
 0.0
 0.0
 0.0
 0.0
 0.0
 0.2988834642474663
 0.896650392742399
 0.0
 0.75
 2.25
 0.0
 0.5422883310351347
 1.6268649931054042
 0.0
 0.0
 0.0
 0.0
 0.0
 0.0
 0.0
 0.0
 0.0
 0.0
 0.0
 0.0
 0.0
 0.40882820471739895
 1.226484614152197
 0.0
 0.0
 0.0
 0.0
 0.0
 0.0
 0.0
 2.0
 0.9082755867396375
 0.0
 0.0
 0.0
 0.0
 0.0
 0.0
 0.0
 0.0
 0.0
 0.0
 0.0
 0.0
 0.0
 0.0
 0.0
 3.1416565026545293
 1.7666190840851081
 0.0
 0.09172441326036247
 0.0
 1.5035639858148238
 1.4964360141851762
 0.0
 0.0
 0.0
 0.0
 0.0
 0.0
 0.0
 0.0
 0.0
 0.0
 0.0
 0.0
 0.0
 0.0
 0.0
 0.0
 0.0
 0.0
 0.0
 0.0
 0.0
 0.0
 0.0
 0.0
 0.0
 0.0
 0.10018937060793778
 0.0
 0.5995424039642154
 0.2313042718952456
 0.0
 0.0
 1.4004575960357846
 0.7002287980178923
 0.0
 0.0
 0.0
 0.0
 0.0
 1.631817446418901
 0.0
 0.0
 0.0
 0.0
 0.0
 0.0
 0.0
 0.0
 1.4560608511936997
 0.0
 0.0
 0.0
 0.36788676219109456
 0.0
 0.0
 0.0
 0.0
 0.0
 0.0
 0.0
 0.0
 0.0
 0.0
 0.0
 0.0
 0.0
 0.0
 0.0
 0.0
 1.6321132378089054
 1.0
 0.36788676219109456
 0.0
 0.0
 0.0
 0.0
 0.0
 0.0
 0.0
 0.0
 0.0
 1.402549242924692
 0.3464951099316991
 0.35477951153064663
 0.5974507570753079
 0.2472289904544821
 0.0
 0.0
 0.0
 0.0
 0.0
 0.0
 0.0
 0.0
 0.0
 0.0
 0.0
 0.0
 0.0
 0.0
 0.31016740038311824
 0.2342281885474924
 0.0
 0.0
 0.0
 0.0
 0.0
 0.0
 0.0
 0.7657718114525076
 0.0
 0.0
 0.0
 0.0
 0.0
 0.0
 0.0
 0.0
 0.0
 0.0
 0.0
 0.0
 0.0
 0.0
 0.22593311708976316
 0.0
 0.0
 0.0
 0.0
 0.0
 0.0
 0.0
 1.3615286078036213
 4.847705482382209
 0.0
 0.8870334414551184
x_ij_opt: 1-dimensional DenseAxisArray{Float64,1,...} with index sets:
    Dimension 1, [(43, 30), (43, 22), (43, 6), (44, 22), (45, 30), (45, 29), (45, 28), (45, 24), (45, 23), (40, 29)  …  (5, 7), (5, 14), (6, 4), (6, 3), (1, 14), (1, 10), (1, 23), (1, 1), (3, 2), (3, 1)]
And data, a 116-element Vector{Float64}:
 0.0
 0.5439391488063003
 0.0
 0.0
 0.41253827510661556
 0.0
 1.6898325996168817
 0.0
 0.0
 0.0
 0.0
 0.0
 0.0
 0.0
 0.0
 0.0
 0.0
 0.0
 0.29801231290897745
 0.0
 0.0
 0.0
 0.0
 0.0
 0.0
 0.0
 0.0
 2.0
 0.0
 0.0
 0.0
 0.0
 0.0
 0.0
 0.0
 0.0
 0.0
 0.0
 0.0
 0.0
 0.0
 0.0
 0.0
 0.7111788941091168
 0.0
 0.0
 0.0
 0.0
 0.0
 0.0
 0.0
 0.0
 0.0
 0.0
 0.0
 1.1760523866152057
 0.0
 1.3547795115306467
 0.0
 1.8998106293920622
 0.0
 0.0
 0.0
 0.0
 6.0
 0.0
 0.0
 0.0
 0.0
 0.7019876870910225
 0.0
 0.0
 0.0
 0.0
 0.0
 0.0
 0.0
 0.9154624059070244
 0.0
 0.0
 0.0
 0.0
 0.0
 0.0
 0.0
 0.0
 0.0
 0.10916447475696134
 0.0
 0.0
 0.0
 0.0
 0.0
 0.0
 0.0
 0.0
 0.0
 0.4062758996138188
 0.0
 0.0
 0.0
 0.0
 0.0
 0.0
 0.0
 0.0
 0.0
 0.0
 0.0
 0.0
 0.0
 0.0
 0.0
 5.580279425703708
 0.0
 0.0
x_il_opt: 1-dimensional DenseAxisArray{Float64,1,...} with index sets:
    Dimension 1, [(43, 15), (43, 14), (44, 15), (44, 13), (44, 3), (40, 14), (40, 2), (41, 14), (42, 6), (37, 13)  …  (4, 13), (5, 2), (5, 7), (5, 9), (6, 11), (1, 1), (1, 6), (1, 3), (2, 1), (2, 15)]
And data, a 71-element Vector{Float64}:
 0.0
 0.0
 0.0
 2.1038238643870377
 4.742488274248499
 0.5443955889306107
 0.0
 0.0
 1.1955338569898653
 0.84467974752979
 0.0
 3.0
 0.0
 0.0
 3.0
 0.0
 0.0
 1.631817446418901
 5.0
 0.0
 0.08354651422074655
 0.7657718114525076
 3.0
 0.830846675859461
 2.169153324140539
 0.0
 3.0
 0.0
 1.8239476133847943
 0.0
 1.6452204884693533
 0.0
 0.0
 0.0
 0.0
 0.0
 0.0
 0.0
 0.41972057429629217
 0.22593311708976316
 0.0
 0.0
 2.8908355252430384
 0.0
 0.0
 2.100686394053677
 0.0
 2.9082755867396375
 0.0
 0.0
 0.0
 0.0
 0.0
 0.0
 2.5893655387551036
 0.0
 0.0
 0.0
 0.0
 0.0
 0.0
 0.0
 0.0
 0.0
 0.10018937060793778
 0.0
 0.0
 1.635312818869596
 0.7844077554266962
 0.0
 7.096267531640949
x_lj_opt: 1-dimensional DenseAxisArray{Float64,1,...} with index sets:
    Dimension 1, [(15, 30), (15, 29), (15, 23), (15, 3), (14, 28), (14, 27), (14, 10), (14, 24), (13, 26), (13, 25)  …  (3, 6), (3, 5), (3, 29), (2, 4), (2, 3), (2, 1), (2, 5), (1, 2), (1, 1), (1, 14)]
And data, a 53-element Vector{Float64}:
 1.5874617248933844
 4.847705482382209
 0.0
 0.8870334414551184
 0.31016740038311824
 1.0
 0.0
 0.0
 2.0
 0.5937241003861812
 0.35477951153064663
 1.6321132378089054
 1.0
 0.36788676219109456
 1.4560608511936997
 0.0
 0.0
 0.0
 0.3678867621910946
 1.631817446418901
 0.0
 2.0
 0.9315330699131379
 0.10018937060793778
 0.0
 0.0
 4.645220488469353
 3.263055098270285
 0.0
 0.09172441326036247
 2.0
 0.9082755867396375
 0.0
 2.0
 6.0
 0.0
 1.8908355252430387
 1.0
 0.0
 0.0
 1.0845375940929756
 1.5608925151145094
 0.027481943768365102
 1.2888211058908832
 3.4536671683576157
 0.7844077554266962
 1.972518056231635
 0.11296655854488158
 0.0
 0.9145153852234835
 1.6452204884693533
 0.41972057429629217
 0.0
q_opt: 1-dimensional DenseAxisArray{Float64,1,...} with index sets:
    Dimension 1, [(43, 15), (43, 14), (44, 15), (44, 13), (44, 3), (40, 14), (40, 2), (41, 14), (42, 6), (37, 13)  …  (4, 13), (5, 2), (5, 7), (5, 9), (6, 11), (1, 1), (1, 6), (1, 3), (2, 1), (2, 15)]
And data, a 71-element Vector{Float64}:
 0.0
 0.0
 0.0
 0.701274621462346
 0.8692653740955506
 0.2342281885474924
 0.0
 0.0
 0.14944173212373316
 0.29872537853765396
 0.0
 1.0
 0.0
 0.0
 0.375
 0.0
 0.0
 0.27196957440315017
 0.625
 0.0
 0.4577312029535122
 0.7657718114525076
 1.0
 0.2997712019821077
 0.27114416551756737
 0.0
 0.375
 0.0
 0.7280304255968498
 0.9499053146960311
 0.9300465709506179
 0.0
 0.0
 0.0
 0.0
 0.0
 0.0
 0.0
 0.06995342904938202
 0.11296655854488158
 0.0
 0.0
 1.0
 0.0
 0.0
 0.7002287980178923
 0.0
 1.0
 0.0
 0.0
 0.0
 0.0
 0.0
 0.0
 0.5422687970464878
 0.0
 0.0
 0.0
 0.0
 0.0
 0.0
 0.0
 0.0
 0.0
 0.05009468530396889
 0.0
 0.0
 0.2044141023586995
 0.13073462590444937
 0.0
 0.8870334414551184



