McCormick lower bound: -644.6026561752257

solution time: 0.005254030227661133

w_opt: 1-dimensional DenseAxisArray{Float64,1,...} with index sets:
    Dimension 1, [(25, 1, 2), (25, 1, 1), (25, 1, 14), (20, 1, 2), (20, 1, 1), (20, 1, 14), (1, 1, 2), (1, 1, 1), (1, 1, 14), (2, 1, 2)  …  (20, 15, 23), (20, 15, 3), (8, 15, 30), (8, 15, 29), (8, 15, 23), (8, 15, 3), (2, 15, 30), (2, 15, 29), (2, 15, 23), (2, 15, 3)]
And data, a 261-element Vector{Float64}:
 1.169736977597684
 0.0
 0.0
 0.0
 1.1704126767213647
 0.0
 0.0
 0.0
 0.0
 0.0
 0.0
 0.0
 0.0
 0.0
 0.0
 0.0
 2.0
 0.0
 0.0
 1.0
 0.0
 0.0
 0.0
 0.0
 0.0
 0.0
 0.0
 0.0
 0.8868989490184807
 3.528365183629883
 0.0
 0.0
 0.0
 0.0
 0.0
 0.0
 0.0
 0.0
 0.0
 0.0
 0.0
 0.0
 1.0436923072639992
 0.0
 0.673001166057696
 0.0
 0.0
 0.0
 0.0
 1.0156900880114994
 1.9460942275668274
 0.0
 0.0
 0.0
 0.0
 0.0
 0.0
 0.0
 0.0
 2.0
 1.0
 0.0
 0.0
 0.0
 0.0
 0.0
 0.0
 0.0
 0.0
 0.0
 0.0
 0.0
 0.0
 0.0
 0.75
 2.25
 0.0
 0.501180238730832
 1.5035407161924959
 0.0
 0.0
 0.0
 0.0
 0.0
 0.0
 0.0
 0.0
 0.0
 0.0
 0.0
 0.0
 0.0
 0.748819761269168
 2.2464592838075044
 0.0
 0.0
 0.0
 0.0
 0.0
 0.0
 0.0
 2.0
 0.9223043686012776
 0.07769563139872238
 0.0
 0.0
 0.0
 0.0
 0.0
 0.0
 0.0
 0.0
 0.0
 0.0
 0.0
 0.0
 0.0
 0.0
 4.670835504429941
 2.21606344458854
 0.0
 0.0
 0.0
 0.27827526274537995
 0.8348257882361394
 0.0
 0.0
 0.0
 0.0
 0.0
 0.0
 0.0
 0.0
 0.0
 0.0
 0.0
 0.0
 0.0
 0.0
 0.0
 0.0
 0.0
 0.0
 0.0
 0.0
 0.0
 0.0
 0.0
 0.19435902036336736
 0.0
 0.0
 0.0
 0.0
 0.7227512079224948
 0.27252783715417717
 0.0
 0.0
 1.277248792077505
 0.6386243960387525
 0.0
 0.0
 0.0
 0.0
 0.0
 0.0
 0.0
 0.0
 0.0
 0.0
 0.0
 0.0
 0.0
 0.0
 2.0
 0.0
 0.0
 0.0
 0.6699846264492026
 0.0
 0.0
 0.0
 0.0
 0.0
 0.0
 0.0
 0.0
 0.0
 0.0
 0.0
 0.0
 0.0
 0.0
 0.0
 0.0
 1.3300153735507974
 1.0
 0.6699846264492026
 0.0
 0.0
 0.0
 0.0
 0.0
 0.0
 0.0
 0.0
 0.0
 1.571410958511279
 0.0
 0.830263022402316
 0.0
 0.0
 0.0
 0.0
 0.0
 0.0
 0.3988840127242701
 0.10843512509127703
 0.0
 0.0
 0.0
 0.0
 0.0
 0.708181639798544
 0.0
 0.0
 0.40675049820145864
 0.291818360201456
 0.0
 0.0
 0.0
 0.0
 0.0
 0.0
 0.0
 0.0
 0.0
 0.0
 0.0
 0.0
 0.0
 0.0
 0.0
 0.0
 0.0
 0.0
 0.0
 0.0
 0.0
 0.0
 0.0
 0.0
 0.0
 0.0
 0.0
 0.0
 0.0
 0.0
 2.0
 4.286323066286798
 0.0
 1.0
x_ij_opt: 1-dimensional DenseAxisArray{Float64,1,...} with index sets:
    Dimension 1, [(43, 30), (43, 22), (43, 6), (44, 22), (45, 30), (45, 29), (45, 28), (45, 24), (45, 23), (40, 29)  …  (5, 7), (5, 14), (6, 4), (6, 3), (1, 14), (1, 10), (1, 23), (1, 1), (3, 2), (3, 1)]
And data, a 116-element Vector{Float64}:
 0.0
 0.0
 0.0
 0.0
 0.0
 0.0
 1.5932495017985413
 0.0
 0.0
 0.0
 0.0
 0.0
 0.0
 0.0
 0.0
 0.0
 0.0
 0.0
 0.0
 0.0
 0.7908630442205837
 0.0
 0.0
 0.0
 0.029705028764450914
 0.0
 0.0
 2.0
 0.0
 0.0
 0.0
 0.0
 0.0
 0.0
 0.0
 0.0
 0.0
 0.0
 0.0
 0.0
 0.0
 0.0
 0.0
 1.1131010509815193
 0.0
 0.0
 0.0
 0.0
 0.0
 0.0
 0.0
 0.0
 0.0
 0.0
 0.0
 0.33001537355079735
 0.0
 1.0508892328246793
 0.07769563139872238
 2.0
 0.0
 0.0
 0.0
 0.0
 6.0
 0.0
 0.0
 0.0
 0.0
 0.8056409796366326
 0.0
 0.0
 0.0
 0.0
 0.0
 0.0
 0.0
 0.9843099119885006
 0.0
 0.0
 0.0
 0.0
 0.0
 0.0
 0.0
 0.0
 0.0
 0.0
 0.0
 1.4716348163701167
 0.0
 0.0
 0.0
 0.0
 0.0
 0.0
 0.0
 0.8915648749087229
 0.0
 0.0
 0.0
 0.0
 0.0
 0.0
 0.0
 0.0
 0.0
 0.0
 0.0
 0.0
 0.0
 0.0
 0.0
 3.9610286476593295
 0.0
 0.0
x_il_opt: 1-dimensional DenseAxisArray{Float64,1,...} with index sets:
    Dimension 1, [(43, 15), (43, 14), (44, 15), (44, 13), (44, 3), (40, 14), (40, 2), (41, 14), (42, 6), (37, 13)  …  (4, 13), (5, 2), (5, 7), (5, 9), (6, 11), (1, 1), (1, 6), (1, 3), (2, 1), (2, 15)]
And data, a 71-element Vector{Float64}:
 0.0
 0.708181639798544
 0.0
 2.401673980913595
 4.415264132648364
 0.6985688584029146
 0.0
 0.0
 0.0
 0.0
 0.0
 3.0
 0.0
 0.0
 3.0
 0.0
 0.0
 0.0
 6.88689894901848
 0.0
 0.673001166057696
 0.0
 3.0
 0.995279045076672
 2.004720954923328
 0.0
 1.1131010509815193
 0.0
 2.6699846264492026
 0.19435902036336736
 1.169736977597684
 0.507319137815547
 0.0
 0.0
 0.0
 0.0
 0.0
 0.0
 1.1704126767213647
 0.0
 0.0
 0.0
 3.0
 0.0
 0.0
 1.9158731881162576
 0.0
 3.0
 0.0
 0.0
 0.0
 0.0
 0.0
 0.0
 2.9617843155783268
 0.0
 0.0
 0.0
 0.0
 0.0
 0.0
 0.0
 0.0
 0.0
 0.0
 0.0
 0.0
 2.995279045076672
 1.0436923072639992
 0.0
 7.286323066286798
x_lj_opt: 1-dimensional DenseAxisArray{Float64,1,...} with index sets:
    Dimension 1, [(15, 30), (15, 29), (15, 23), (15, 3), (14, 28), (14, 27), (14, 10), (14, 24), (13, 26), (13, 25)  …  (3, 6), (3, 5), (3, 29), (2, 4), (2, 3), (2, 1), (2, 5), (1, 2), (1, 1), (1, 14)]
And data, a 53-element Vector{Float64}:
 2.0
 4.286323066286798
 0.0
 1.0
 0.40675049820145864
 1.0
 0.0
 0.0
 1.970294971235549
 0.10843512509127703
 0.830263022402316
 1.3300153735507974
 1.0
 0.6699846264492026
 2.0
 0.0
 0.0
 0.0
 0.6699846264492026
 0.0
 0.0
 2.0
 0.9111522331929297
 0.0
 0.19435902036336736
 0.0
 4.949110767175321
 3.0508892328246793
 0.0
 0.0
 2.0
 0.9223043686012776
 0.07769563139872238
 2.0
 6.0
 0.0
 2.0
 1.0
 0.0
 0.0
 1.0156900880114994
 2.6190953936245234
 0.0
 0.8868989490184807
 3.528365183629883
 1.0436923072639992
 2.0
 0.0
 0.0
 1.0
 1.169736977597684
 1.1704126767213647
 0.0
q_opt: 1-dimensional DenseAxisArray{Float64,1,...} with index sets:
    Dimension 1, [(43, 15), (43, 14), (44, 15), (44, 13), (44, 3), (40, 14), (40, 2), (41, 14), (42, 6), (37, 13)  …  (4, 13), (5, 2), (5, 7), (5, 9), (6, 11), (1, 1), (1, 6), (1, 3), (2, 1), (2, 15)]
And data, a 71-element Vector{Float64}:
 0.0
 0.708181639798544
 0.0
 0.800557993637865
 0.8260512821226668
 0.291818360201456
 0.0
 0.0
 0.0
 0.0
 0.0
 1.0
 0.0
 0.0
 0.375
 0.0
 0.0
 0.0
 0.86086236862731
 0.0
 0.4921549559942503
 0.0
 1.0
 0.3613756039612474
 0.250590119365416
 0.0
 0.1391376313726899
 0.0
 1.0
 0.19435902036336739
 0.8049312205464392
 0.19944200636213505
 0.0
 0.0
 0.0
 0.0
 0.0
 0.0
 0.1950687794535608
 0.0
 0.0
 0.0
 1.0
 0.0
 0.0
 0.6386243960387525
 0.0
 1.0
 0.0
 0.0
 0.0
 0.0
 0.0
 0.0
 0.5078450440057497
 0.0
 0.0
 0.0
 0.0
 0.0
 0.0
 0.0
 0.0
 0.0
 0.8056409796366326
 0.0
 0.0
 0.374409880634584
 0.1739487178773332
 0.0
 1.0



