McCormick lower bound: -644.9157130983227

solution time: 0.006157875061035156

w_opt: 1-dimensional DenseAxisArray{Float64,1,...} with index sets:
    Dimension 1, [(25, 1, 2), (25, 1, 1), (25, 1, 14), (20, 1, 2), (20, 1, 1), (20, 1, 14), (1, 1, 2), (1, 1, 1), (1, 1, 14), (2, 1, 2)  …  (20, 15, 23), (20, 15, 3), (8, 15, 30), (8, 15, 29), (8, 15, 23), (8, 15, 3), (2, 15, 30), (2, 15, 29), (2, 15, 23), (2, 15, 3)]
And data, a 261-element Vector{Float64}:
 1.2987684361297662
 0.0
 0.0
 0.0
 1.603128142277793
 0.0
 0.0
 0.0
 0.0
 0.0
 0.0
 0.0
 0.0
 0.0
 0.0
 0.0
 2.0
 0.0
 0.0
 1.0
 0.0
 0.0
 0.0
 0.0
 0.0
 0.0
 0.0
 0.0
 1.0588106403519486
 2.2913837134151076
 0.0
 0.0
 0.0
 0.0
 0.0
 2.1784275142742136
 0.0
 0.0
 0.0
 0.0
 0.0
 0.2020006234372046
 0.6451405646699405
 0.0
 0.8920664858989988
 0.0
 0.0
 0.0
 0.0
 1.0042162751330221
 1.1797512667471628
 0.0
 0.0
 0.0
 0.0
 0.0
 0.0
 0.0
 0.0
 1.9615913238277003
 1.0
 0.0
 0.0
 0.0
 0.0
 0.0
 0.0
 0.0
 0.0
 0.0
 0.0
 0.0
 0.0
 0.0
 0.75
 2.25
 0.0
 0.5456368739544888
 1.6369106218634664
 0.0
 0.0
 0.0
 0.0
 0.0
 0.0
 0.0
 0.0
 0.0
 0.0
 0.0
 0.0
 0.0
 0.7043631260455112
 2.113089378136534
 0.0
 0.0
 0.0
 0.0
 0.0
 0.0
 0.0
 2.0
 0.9117676717970632
 0.0882323282029367
 0.0
 0.0
 0.0
 0.0
 0.0
 0.0
 0.0
 0.0
 0.0
 0.0
 0.0
 0.0
 0.0
 0.0
 4.10301503877602
 2.955795601575929
 0.0
 0.0
 0.0
 0.2352973399120133
 0.7058920197360381
 0.0
 0.0
 0.0
 0.0
 0.0
 0.0
 0.0
 0.0
 0.0
 0.0
 0.0
 0.0
 0.0
 0.0
 0.0
 0.0
 0.0
 0.0
 0.0
 0.0
 0.0
 0.0
 0.5160514745187356
 0.0
 0.0
 0.0
 0.0
 0.0
 0.5969119325772239
 0.2205405716048211
 0.0
 0.0
 1.4030880674227761
 0.7015440337113881
 0.0
 0.0
 0.0
 0.0
 0.0
 0.0
 0.0
 0.0
 0.0
 0.0
 0.0
 0.0
 0.0
 0.0
 2.0
 0.0
 0.0
 0.0
 0.7335053739581283
 0.0
 0.0
 0.0
 0.0
 0.0
 0.0
 0.0
 0.0
 0.0
 0.0
 0.0
 0.0
 0.0
 0.0
 0.0
 0.0
 1.2664946260418717
 0.9732332218084604
 0.7602721521496679
 0.0
 0.0
 0.0
 0.0
 0.0
 0.0
 0.0
 0.0
 0.0
 1.5017757003475825
 0.04965628630355723
 0.7012315638702338
 0.4982242996524176
 0.1455518278315573
 0.0
 0.0
 0.0
 0.0
 0.0
 0.0
 0.0
 0.0
 0.0
 0.0
 0.0
 0.5227797990196912
 0.0
 0.0
 0.5172416031952863
 0.4772202009803089
 0.0
 0.0
 0.0
 0.0
 0.0
 0.0
 0.0
 0.0
 0.0
 0.0
 0.0
 0.0
 0.0
 0.0
 0.0
 0.0
 0.0
 0.0
 0.0
 0.0
 0.0
 0.0
 0.26248346442413223
 0.0
 0.0
 0.0
 0.0
 0.0
 0.0
 0.0
 1.4867205913351456
 4.594587283180392
 0.0
 0.8687582677879339
x_ij_opt: 1-dimensional DenseAxisArray{Float64,1,...} with index sets:
    Dimension 1, [(43, 30), (43, 22), (43, 6), (44, 22), (45, 30), (45, 29), (45, 28), (45, 24), (45, 23), (40, 29)  …  (5, 7), (5, 14), (6, 4), (6, 3), (1, 14), (1, 10), (1, 23), (1, 1), (3, 2), (3, 1)]
And data, a 116-element Vector{Float64}:
 0.0
 0.0
 0.0
 0.0
 0.2507959442407224
 0.0
 1.4827583968047136
 0.0
 0.0
 0.0
 0.0
 0.0
 0.0
 0.0
 0.0
 0.0
 0.0
 0.0
 0.22877772401865415
 0.0
 0.0
 0.0
 0.0
 0.0
 0.0
 0.0
 0.0
 2.0
 0.0
 0.0
 0.0
 0.0
 0.0
 0.0
 0.0
 0.0
 0.0
 0.0
 0.0
 0.0
 0.0
 0.0
 0.0
 0.9411893596480514
 0.0
 0.0
 0.0
 0.0
 0.0
 0.0
 0.0
 0.0
 0.0
 0.0
 0.0
 0.26649462604187146
 0.0
 1.0969477611485616
 0.0882323282029368
 1.4839485254812645
 0.0
 0.0
 0.0
 0.0
 6.0
 0.0
 0.5647398601634053
 0.0
 0.0
 0.7712222759813459
 0.0
 0.0
 0.0
 0.0
 0.0
 0.0
 0.0
 0.9957837248669779
 0.0
 0.0
 0.0
 0.0
 0.0
 0.0
 0.0
 0.0
 0.0
 0.038408676172299705
 0.0
 0.3281881488734746
 0.0
 0.0
 0.0
 0.0
 0.0
 0.0
 0.0
 0.8047918858648855
 0.0
 0.13124173221206614
 0.0
 0.0
 0.0
 0.0
 0.0
 0.0
 0.0
 0.0
 0.0
 0.0
 0.0
 0.0
 0.026766778191539563
 4.3086395295192705
 0.0
 0.0
x_il_opt: 1-dimensional DenseAxisArray{Float64,1,...} with index sets:
    Dimension 1, [(43, 15), (43, 14), (44, 15), (44, 13), (44, 3), (40, 14), (40, 2), (41, 14), (42, 6), (37, 13)  …  (4, 13), (5, 2), (5, 7), (5, 9), (6, 11), (1, 1), (1, 6), (1, 3), (2, 1), (2, 15)]
And data, a 71-element Vector{Float64}:
 0.0
 0.5227797990196912
 0.0
 2.2526635505213735
 3.350194353767056
 0.9944618041755953
 0.0
 0.0
 0.0
 0.6437761274839748
 0.0
 3.0
 0.0
 0.0
 3.0
 0.0
 0.0
 0.0
 7.058810640351949
 0.0
 0.8920664858989988
 0.0
 3.0
 0.817452504182045
 2.182547495817955
 0.0
 0.9411893596480514
 0.0
 2.7335053739581285
 0.5160514745187356
 1.2987684361297662
 0.0
 0.0
 0.0
 0.0
 0.0
 0.0
 0.0
 1.603128142277793
 0.26248346442413223
 0.0
 0.0
 2.9615913238277
 0.0
 0.0
 2.104632101134164
 0.0
 2.9999999999999996
 0.0
 0.0
 0.0
 0.0
 0.0
 0.0
 2.183967541880185
 0.0
 0.0
 2.1784275142742136
 0.0
 0.0
 0.0
 0.0
 0.0
 0.0
 0.0
 0.0
 0.0
 2.817452504182045
 0.8471411881071451
 0.0
 6.950066142303471
x_lj_opt: 1-dimensional DenseAxisArray{Float64,1,...} with index sets:
    Dimension 1, [(15, 30), (15, 29), (15, 23), (15, 3), (14, 28), (14, 27), (14, 10), (14, 24), (13, 26), (13, 25)  …  (3, 6), (3, 5), (3, 29), (2, 4), (2, 3), (2, 1), (2, 5), (1, 2), (1, 1), (1, 14)]
And data, a 53-element Vector{Float64}:
 1.7492040557592776
 4.594587283180392
 0.0
 0.8687582677879339
 0.5172416031952863
 1.0
 0.0
 0.0
 2.0
 0.19520811413511452
 0.7012315638702338
 1.2664946260418717
 0.9732332218084604
 0.7602721521496679
 2.0
 0.0
 0.0
 0.0
 0.7335053739581283
 0.0
 0.0
 2.0
 0.9220846053162092
 0.5160514745187356
 0.0
 0.0
 4.338312378688033
 3.661687621311967
 0.0
 0.0
 2.0
 0.9117676717970632
 0.0882323282029367
 2.0
 6.0
 0.0
 1.9615913238277003
 1.0
 0.0
 0.0
 1.0042162751330221
 2.0718177526461616
 0.0
 1.0588106403519486
 4.671811851126526
 0.6451405646699405
 2.0
 0.0
 0.0
 1.0
 1.2987684361297662
 1.603128142277793
 0.0
q_opt: 1-dimensional DenseAxisArray{Float64,1,...} with index sets:
    Dimension 1, [(43, 15), (43, 14), (44, 15), (44, 13), (44, 3), (40, 14), (40, 2), (41, 14), (42, 6), (37, 13)  …  (4, 13), (5, 2), (5, 7), (5, 9), (6, 11), (1, 1), (1, 6), (1, 3), (2, 1), (2, 15)]
And data, a 71-element Vector{Float64}:
 0.0
 0.5227797990196912
 0.0
 0.7508878501737912
 0.5294053201759743
 0.4772202009803088
 0.0
 0.0
 0.0
 0.2491121498262088
 0.0
 1.0
 0.0
 0.0
 0.375
 0.0
 0.0
 0.0
 0.8823513300439937
 0.0
 0.49789186243348893
 0.0
 1.0
 0.29845596628861193
 0.2728184369772444
 0.0
 0.11764866995600631
 0.0
 1.0
 1.0
 0.7328119762870344
 0.0
 0.0
 0.0
 0.0
 0.0
 0.0
 0.0
 0.2671880237129655
 0.13124173221206611
 0.0
 0.0
 1.0
 0.0
 0.0
 0.7015440337113881
 0.0
 1.0
 0.0
 0.0
 0.0
 0.0
 0.0
 0.0
 0.5021081375665111
 0.0
 0.0
 0.3630712523790356
 0.0
 0.0
 0.0
 0.0
 0.0
 0.0
 0.0
 0.0
 0.0
 0.3521815630227556
 0.10752342744499009
 0.0
 0.8687582677879339



