McCormick lower bound: -644.5188980169836

solution time: 0.005465984344482422

w_opt: 1-dimensional DenseAxisArray{Float64,1,...} with index sets:
    Dimension 1, [(25, 1, 2), (25, 1, 1), (25, 1, 14), (20, 1, 2), (20, 1, 1), (20, 1, 14), (1, 1, 2), (1, 1, 1), (1, 1, 14), (2, 1, 2)  …  (20, 15, 23), (20, 15, 3), (8, 15, 30), (8, 15, 29), (8, 15, 23), (8, 15, 3), (2, 15, 30), (2, 15, 29), (2, 15, 23), (2, 15, 3)]
And data, a 261-element Vector{Float64}:
 1.3192005058078966
 0.0
 0.05897954397617999
 0.0
 0.2667458536127727
 0.0
 0.0
 0.0
 0.0
 0.0
 0.0
 0.0
 0.0
 0.0
 0.0
 0.0
 1.9906012341095758
 0.0
 0.0
 1.0093987658904242
 0.0
 0.0
 0.0
 0.0
 0.0
 0.0
 0.0
 0.0
 1.1889177118236725
 2.3736608209080945
 0.0
 0.0
 0.0
 0.0
 0.0
 1.5144218666870979
 0.5048072888956998
 0.0
 0.0
 0.0
 0.0
 0.0
 0.9188249978418849
 0.0
 0.0
 0.0
 0.0
 0.0
 0.0
 1.2850939256315423
 2.4752335658753477
 0.00939876589042421
 0.0
 0.0
 0.0
 0.0
 0.0
 0.0
 0.0
 2.0
 1.0
 0.0
 0.0
 0.0
 0.0
 0.0
 0.0
 0.0
 0.0
 0.0
 0.0
 0.294998592795344
 0.8849957783860324
 0.0
 0.75
 2.25
 0.0
 0.5668643397922795
 1.7005930193768384
 0.0
 0.0
 0.0
 0.0
 0.0
 0.0
 0.0
 0.0
 0.0
 0.0
 0.0
 0.0
 0.0
 0.3881370674123765
 1.1644112022371291
 0.0
 0.0
 0.0
 0.0
 0.0
 0.0
 0.0
 1.94102045602382
 0.8543521300975621
 0.11615809791434772
 0.0
 0.0
 0.08846931596427021
 0.0
 0.0
 0.0
 0.0
 0.0
 0.0
 0.0
 0.0
 0.0
 0.0
 0.0
 3.883171748731617
 1.2943905829105384
 0.0
 0.0
 0.0
 1.6112079515413527
 1.2112297168164918
 0.0
 0.0
 0.0
 0.0
 0.0
 0.0
 0.0
 0.0
 0.0
 0.0
 0.0
 0.0
 0.0
 0.0
 0.0
 0.0
 0.0
 0.0
 0.0
 0.0
 0.0
 0.0
 0.9705517805864552
 0.0
 0.0
 0.0
 0.4803557073238659
 0.0
 0.5291603819099159
 0.20338225892096623
 0.0
 0.0
 1.4708396180900842
 0.7354198090450421
 0.0
 0.0
 0.0
 0.0
 0.0
 1.1025185465143834
 0.0
 0.0
 0.0
 0.0
 0.0
 0.0
 0.0
 0.0
 1.6324938178285386
 0.0
 0.0
 0.0
 0.3483600477738392
 0.0
 0.0
 0.0
 0.0
 0.0
 0.0
 0.0
 0.0
 0.0
 0.0
 0.0
 0.0
 0.0
 0.0
 0.0
 0.0
 1.651639952226161
 1.0
 0.3483600477738391
 0.0
 0.0
 0.0
 0.0
 0.0
 0.0
 0.0
 0.0
 0.0
 1.4808422882460337
 0.059621649930913456
 0.6807994941921034
 0.5191577117539662
 0.15618537636414248
 0.0
 0.0
 0.0
 0.0
 0.0
 0.0
 0.0
 0.0
 0.0
 0.0
 0.0
 0.0
 0.0
 0.0
 0.31051410058495177
 0.296816868353699
 0.0
 0.0
 0.0
 0.0
 0.0
 0.0
 0.0
 0.703183131646301
 0.0
 0.0
 0.0
 0.0
 0.0
 0.0
 0.0
 0.0
 0.0
 0.0
 0.0
 0.0
 0.0
 0.0
 0.0
 0.0
 0.0
 0.0
 0.0
 0.0
 0.0
 0.0
 2.0
 4.228007665488576
 0.0
 1.0
x_ij_opt: 1-dimensional DenseAxisArray{Float64,1,...} with index sets:
    Dimension 1, [(43, 30), (43, 22), (43, 6), (44, 22), (45, 30), (45, 29), (45, 28), (45, 24), (45, 23), (40, 29)  …  (5, 7), (5, 14), (6, 4), (6, 3), (1, 14), (1, 10), (1, 23), (1, 1), (3, 2), (3, 1)]
And data, a 116-element Vector{Float64}:
 0.0
 0.36750618217146136
 0.0
 0.0
 0.0
 0.0
 1.6894858994150481
 0.0
 0.0
 0.0
 0.0
 0.0
 0.0
 0.0
 0.0
 0.0
 0.0
 0.0
 0.22821621323639996
 0.0
 0.0
 0.0
 0.0
 0.0
 0.0
 0.0
 0.0
 2.0
 0.0
 0.0
 0.0
 0.0
 0.0
 0.0
 0.0
 0.0
 0.0
 0.0
 0.0
 0.0
 0.0
 0.0
 0.0
 0.8110822881763275
 0.0
 0.0
 0.0
 0.0
 0.0
 0.0
 0.0
 0.0
 0.0
 0.0
 0.0
 1.019146134397622
 0.0
 0.5056202997270303
 0.14564786990243794
 0.549092512089679
 0.0
 0.0
 0.0
 0.0
 6.0
 0.0
 0.0
 0.0
 0.0
 0.7717837867636
 0.0
 0.0
 0.0
 0.0
 0.0
 0.0
 0.0
 0.7149060743684577
 0.0
 0.0
 0.0
 0.0
 0.0
 0.0
 0.0
 0.0
 0.0
 0.0
 0.0
 0.0
 0.0
 0.0
 0.0
 0.0
 0.0
 0.0
 0.0
 0.784192973704944
 0.0
 0.0
 0.0
 0.0
 0.0
 0.0
 0.0
 0.0
 0.0
 0.0
 0.0
 0.0
 0.0
 0.0
 0.0
 5.528626732508609
 0.0
 0.0
x_il_opt: 1-dimensional DenseAxisArray{Float64,1,...} with index sets:
    Dimension 1, [(43, 15), (43, 14), (44, 15), (44, 13), (44, 3), (40, 14), (40, 2), (41, 14), (42, 6), (37, 13)  …  (4, 13), (5, 2), (5, 7), (5, 9), (6, 11), (1, 1), (1, 6), (1, 3), (2, 1), (2, 15)]
And data, a 71-element Vector{Float64}:
 0.0
 0.0
 0.0
 2.2212634323690503
 3.562578532731767
 0.6073309689386508
 0.0
 0.0
 1.1799943711813765
 0.6753430881181086
 0.0
 3.0
 0.0
 0.0
 3.0
 0.0
 0.0
 1.1025185465143834
 5.1775623316421555
 0.0
 0.0
 0.703183131646301
 3.0
 0.7325426408308822
 2.267457359169118
 0.0
 2.8224376683578445
 0.0
 1.980853865602378
 0.9705517805864552
 1.3781800497840766
 0.0
 0.0
 0.0
 0.0
 0.0
 0.0
 0.0
 0.2667458536127727
 0.0
 0.0
 0.0
 3.0
 0.0
 0.0
 2.2062594271351266
 0.0
 2.91153068403573
 0.0
 0.0
 0.0
 0.0
 0.0
 0.0
 3.769726257397314
 0.0
 0.0
 2.0192291555827975
 0.0
 0.0
 0.0
 0.0
 0.0
 0.08846931596427021
 0.4803557073238659
 0.0
 0.0
 1.5525482696495057
 0.9188249978418849
 0.0
 7.228007665488576
x_lj_opt: 1-dimensional DenseAxisArray{Float64,1,...} with index sets:
    Dimension 1, [(15, 30), (15, 29), (15, 23), (15, 3), (14, 28), (14, 27), (14, 10), (14, 24), (13, 26), (13, 25)  …  (3, 6), (3, 5), (3, 29), (2, 4), (2, 3), (2, 1), (2, 5), (1, 2), (1, 1), (1, 14)]
And data, a 53-element Vector{Float64}:
 2.0
 4.228007665488576
 0.0
 1.0
 0.31051410058495177
 1.0
 0.0
 0.0
 2.0
 0.21580702629505594
 0.6807994941921034
 1.651639952226161
 1.0
 0.3483600477738391
 1.6324938178285386
 0.0
 0.0
 0.0
 0.3483600477738391
 1.1025185465143834
 0.0
 2.0
 0.9388020679660083
 1.450907487910321
 0.0
 0.0
 5.49437970027297
 2.5056202997270303
 0.0
 0.0
 1.94102045602382
 0.8543521300975621
 0.20462741387861794
 2.0
 6.0
 0.0
 2.0
 1.0
 0.0
 0.0
 1.2850939256315423
 2.4752335658753477
 0.00939876589042421
 1.1889177118236725
 3.888082687595192
 1.4236322867375848
 1.9906012341095758
 0.0
 0.0
 1.0093987658904242
 1.3192005058078966
 0.2667458536127727
 0.05897954397617999
q_opt: 1-dimensional DenseAxisArray{Float64,1,...} with index sets:
    Dimension 1, [(43, 15), (43, 14), (44, 15), (44, 13), (44, 3), (40, 14), (40, 2), (41, 14), (42, 6), (37, 13)  …  (4, 13), (5, 2), (5, 7), (5, 9), (6, 11), (1, 1), (1, 6), (1, 3), (2, 1), (2, 15)]
And data, a 71-element Vector{Float64}:
 0.0
 0.0
 0.0
 0.7404211441230169
 0.5944588559118362
 0.296816868353699
 0.0
 0.0
 0.14749929639767206
 0.2595788558769831
 0.0
 1.0
 0.0
 0.0
 0.375
 0.0
 0.0
 0.18375309108573068
 0.6471952914552696
 0.0
 0.35745303718422883
 0.703183131646301
 1.0
 0.26458019095495794
 0.28343216989613973
 0.0
 0.35280470854473045
 0.0
 0.8162469089142693
 0.4852758902932275
 0.9555423577312046
 0.0
 0.0
 0.0
 0.0
 0.0
 0.0
 0.0
 0.04445764226879545
 0.0
 0.0
 0.0
 1.0
 0.0
 0.0
 0.7354198090450421
 0.0
 0.97051022801191
 0.0
 0.0
 0.0
 0.0
 0.0
 0.0
 0.6425469628157712
 0.0
 0.0
 0.25240364444784963
 0.0
 0.0
 0.0
 0.0
 0.0
 0.029489771988089997
 0.5147241097067725
 0.0
 0.0
 0.19406853370618826
 0.15313749964031415
 0.0
 1.0



