McCormick lower bound: -644.5824230993021

solution time: 0.005491018295288086

w_opt: 1-dimensional DenseAxisArray{Float64,1,...} with index sets:
    Dimension 1, [(25, 1, 2), (25, 1, 1), (25, 1, 14), (20, 1, 2), (20, 1, 1), (20, 1, 14), (1, 1, 2), (1, 1, 1), (1, 1, 14), (2, 1, 2)  …  (20, 15, 23), (20, 15, 3), (8, 15, 30), (8, 15, 29), (8, 15, 23), (8, 15, 3), (2, 15, 30), (2, 15, 29), (2, 15, 23), (2, 15, 3)]
And data, a 261-element Vector{Float64}:
 1.5297939166849626
 0.0
 0.0
 0.0
 1.0123226805923373
 0.0
 0.0
 0.0
 0.0
 0.0
 0.0
 0.0
 0.0
 0.0
 0.0
 0.0
 2.0
 0.0
 0.0
 1.0
 0.0
 0.0
 0.0
 0.0
 0.0
 0.0
 0.0
 0.0
 1.0965279685840696
 2.991651663421281
 0.0
 0.0
 0.0
 0.0
 0.0
 0.0
 0.0
 0.0
 0.0
 0.0
 0.0
 0.0
 0.9813736995555029
 0.0
 0.18865041438430774
 0.0
 0.0
 0.0
 0.0
 1.0638991515070253
 2.3937780329733944
 0.0
 0.0
 0.0
 0.0
 0.0
 0.0
 0.0
 0.0
 2.0
 1.0
 0.0
 0.0
 0.0
 0.0
 0.0
 0.0
 0.0
 0.0
 0.0
 0.0
 0.16556849237044846
 0.49670547711134505
 0.0
 0.75
 2.25
 0.0
 0.5766942623703429
 1.730082787111029
 0.0
 0.0
 0.0
 0.0
 0.0
 0.0
 0.0
 0.0
 0.0
 0.0
 0.0
 0.0
 0.0
 0.5077372452592086
 1.5232117357776258
 0.0
 0.0
 0.0
 0.0
 0.0
 0.0
 0.0
 2.0
 0.94736546932726
 0.0
 0.0
 0.0
 0.0
 0.0
 0.0
 0.0
 0.0
 0.0
 0.0
 0.0
 0.0
 0.0
 0.0
 0.0
 3.7211518021880594
 1.2788481978119406
 0.0
 0.0
 0.0
 0.8612766451696426
 2.1387233548303572
 0.0
 0.0
 0.0
 0.0
 0.0
 0.0
 0.0
 0.0
 0.0
 0.0
 0.0
 0.0
 0.0
 0.0
 0.0
 0.0
 0.0
 0.0
 0.0
 0.0
 0.0
 0.0
 0.0
 0.0
 0.0
 0.0
 0.02872258122880504
 0.0
 0.5058467016577874
 0.1873762488608409
 0.0
 0.0
 1.4941532983422126
 0.7470766491711064
 0.0
 0.0
 0.0
 0.0
 0.0
 0.0
 0.0
 0.0
 0.0
 0.0
 0.0
 0.0
 0.0
 0.0
 1.6344669461397054
 0.0
 0.0
 0.0
 0.21542180082411846
 1.150111253036176
 0.0
 0.0
 0.0
 0.0
 0.0
 0.0
 0.0
 0.0
 0.0
 0.0
 0.0
 0.0
 0.0
 0.0
 0.0
 1.7845781991758816
 1.0
 0.21542180082411844
 0.0
 0.0
 0.0
 0.0
 0.0
 0.0
 0.0
 0.0
 0.0
 1.36722201641633
 0.2134049248931278
 0.4702060833150375
 0.63277798358367
 0.2506973885344933
 0.0
 0.0
 0.0
 0.0
 0.0
 0.0
 0.0
 0.0
 0.0
 0.0
 0.0
 0.46370775159393385
 0.0
 0.0
 0.6899866246724665
 0.5362922484060662
 0.0
 0.0
 0.0
 0.0
 0.0
 0.0
 0.0
 0.0
 0.0
 0.0
 0.0
 0.0
 0.0
 0.0
 0.0
 0.0
 0.0
 0.0
 0.0
 0.0
 0.0
 0.0
 0.09497311349593351
 0.0
 0.0
 0.0
 0.0
 0.0
 0.0
 0.0
 1.8643896031438543
 4.803204499620379
 0.0
 0.9525134432520332
x_ij_opt: 1-dimensional DenseAxisArray{Float64,1,...} with index sets:
    Dimension 1, [(43, 30), (43, 22), (43, 6), (44, 22), (45, 30), (45, 29), (45, 28), (45, 24), (45, 23), (40, 29)  …  (5, 7), (5, 14), (6, 4), (6, 3), (1, 14), (1, 10), (1, 23), (1, 1), (3, 2), (3, 1)]
And data, a 116-element Vector{Float64}:
 0.0
 0.36553305386029455
 0.0
 0.0
 0.04063728336021222
 0.0
 1.3100133753275336
 0.0
 0.0
 0.0
 0.0
 0.0
 0.0
 0.0
 0.0
 0.0
 0.0
 0.0
 0.296633441364639
 0.0
 0.0
 0.0
 0.0
 0.0
 0.0
 0.0
 0.0
 2.0
 0.0
 0.0
 0.0
 0.0
 0.0
 0.0
 0.0
 0.0
 0.0
 0.0
 0.0
 0.0
 0.0
 0.0
 0.0
 0.9034720314159304
 0.0
 0.0
 0.0
 0.0
 0.0
 0.0
 0.0
 0.0
 0.0
 0.0
 0.0
 0.0
 0.0
 1.4175715526422976
 0.05263453067274004
 1.971277418771195
 0.0
 0.0
 0.0
 0.0
 6.0
 0.0
 0.0
 0.0
 0.0
 0.703366558635361
 0.0
 0.0
 0.0
 0.0
 0.0
 0.0
 0.0
 0.9361008484929747
 0.0
 0.0
 0.0
 0.0
 0.0
 0.0
 0.0
 0.0
 0.0
 0.0
 0.0
 0.858237083542543
 0.0
 0.0
 0.0
 0.0
 0.0
 0.0
 0.0
 0.5358976865723789
 0.0
 0.04748655674796676
 0.0
 0.0
 0.0
 0.0
 0.0
 0.0
 0.0
 0.0
 0.0
 0.0
 0.0
 0.0
 0.0
 4.987677319407663
 0.0
 0.0
x_il_opt: 1-dimensional DenseAxisArray{Float64,1,...} with index sets:
    Dimension 1, [(43, 15), (43, 14), (44, 15), (44, 13), (44, 3), (40, 14), (40, 2), (41, 14), (42, 6), (37, 13)  …  (4, 13), (5, 2), (5, 7), (5, 9), (6, 11), (1, 1), (1, 6), (1, 3), (2, 1), (2, 15)]
And data, a 71-element Vector{Float64}:
 0.0
 0.46370775159393385
 0.0
 2.0508330246244952
 4.0881796320053505
 1.2262788730785328
 0.0
 0.0
 0.6622739694817935
 0.8834753721181633
 0.0
 3.0
 0.0
 0.0
 3.0
 0.0
 0.0
 0.0
 5.0
 0.0
 0.18865041438430774
 0.0
 3.0
 0.6932229505186281
 2.3067770494813717
 0.0
 3.0
 0.0
 3.0
 0.0
 1.5297939166849626
 0.0
 0.0
 0.0
 0.0
 0.0
 0.0
 0.0
 1.0123226805923373
 0.09497311349593351
 0.0
 0.0
 3.0
 0.0
 0.0
 2.241229947513319
 0.0
 2.94736546932726
 0.0
 0.0
 0.0
 0.0
 0.0
 0.0
 3.4576771844804197
 0.0
 0.0
 0.0
 0.0
 0.0
 0.0
 0.0
 0.0
 0.0
 0.02872258122880504
 0.0
 0.0
 2.0309489810368344
 0.9813736995555029
 0.0
 7.620107546016266
x_lj_opt: 1-dimensional DenseAxisArray{Float64,1,...} with index sets:
    Dimension 1, [(15, 30), (15, 29), (15, 23), (15, 3), (14, 28), (14, 27), (14, 10), (14, 24), (13, 26), (13, 25)  …  (3, 6), (3, 5), (3, 29), (2, 4), (2, 3), (2, 1), (2, 5), (1, 2), (1, 1), (1, 14)]
And data, a 53-element Vector{Float64}:
 1.9593627166397878
 4.803204499620379
 0.0
 0.9525134432520332
 0.6899866246724665
 1.0
 0.0
 0.0
 2.0
 0.4641023134276211
 0.47020608331503744
 1.7845781991758816
 1.0
 0.21542180082411846
 1.6344669461397054
 0.0
 0.0
 0.0
 0.21542180082411844
 1.150111253036176
 0.0
 2.0
 0.9344528980319473
 0.02872258122880504
 0.0
 0.0
 4.582428447357702
 3.417571552642298
 0.0
 0.0
 2.0
 0.94736546932726
 0.0
 2.0
 6.0
 0.0
 2.0
 1.0
 0.0
 0.0
 1.0638991515070253
 2.582428447357702
 0.0
 1.0965279685840696
 2.991651663421281
 0.9813736995555029
 2.0
 0.0
 0.0
 1.0
 1.5297939166849626
 1.0123226805923373
 0.0
q_opt: 1-dimensional DenseAxisArray{Float64,1,...} with index sets:
    Dimension 1, [(43, 15), (43, 14), (44, 15), (44, 13), (44, 3), (40, 14), (40, 2), (41, 14), (42, 6), (37, 13)  …  (4, 13), (5, 2), (5, 7), (5, 9), (6, 11), (1, 1), (1, 6), (1, 3), (2, 1), (2, 15)]
And data, a 71-element Vector{Float64}:
 0.0
 0.46370775159393385
 0.0
 0.683611008208165
 0.8364377167407495
 0.5362922484060662
 0.0
 0.0
 0.08278424618522423
 0.316388991791835
 0.0
 1.0
 0.0
 0.0
 0.375
 0.0
 0.0
 0.0
 0.625
 0.0
 0.03144173573071796
 0.0
 1.0
 0.2529233508288936
 0.28834713118517147
 0.0
 0.375
 0.0
 1.0
 0.0
 0.8312795532346104
 0.0
 0.0
 0.0
 0.0
 0.0
 0.0
 0.0
 0.16872044676538955
 0.04748655674796676
 0.0
 0.0
 1.0
 0.0
 0.0
 0.7470766491711064
 0.0
 1.0
 0.0
 0.0
 0.0
 0.0
 0.0
 0.0
 0.968558264269282
 0.0
 0.0
 0.0
 0.0
 0.0
 0.0
 0.0
 0.0
 0.0
 1.0
 0.0
 0.0
 0.2538686226296043
 0.16356228325925048
 0.0
 0.9525134432520332



