McCormick lower bound: -644.0056398589687

solution time: 0.005713939666748047

w_opt: 1-dimensional DenseAxisArray{Float64,1,...} with index sets:
    Dimension 1, [(25, 1, 2), (25, 1, 1), (25, 1, 14), (20, 1, 2), (20, 1, 1), (20, 1, 14), (1, 1, 2), (1, 1, 1), (1, 1, 14), (2, 1, 2)  …  (20, 15, 23), (20, 15, 3), (8, 15, 30), (8, 15, 29), (8, 15, 23), (8, 15, 3), (2, 15, 30), (2, 15, 29), (2, 15, 23), (2, 15, 3)]
And data, a 261-element Vector{Float64}:
 1.3663141420124452
 0.0
 0.0
 0.0
 0.21555149880637892
 0.0
 0.0
 0.0
 0.0
 0.0
 0.0
 0.0
 0.0
 0.0
 0.0
 0.0
 2.0
 0.0
 0.0
 1.0
 0.0
 0.0
 0.0
 0.0
 0.0
 0.0
 0.0
 0.0
 1.0711309956751007
 2.0532133109648547
 0.0
 0.0
 0.0
 0.0
 0.0
 1.6029312379081735
 0.0
 0.0
 0.0
 0.0
 0.0
 0.0
 1.1836757750665243
 0.0
 0.8952162910538322
 0.0
 0.0
 0.0
 0.0
 1.155358186523362
 2.2059814228550376
 0.0
 0.0
 0.0
 0.0
 0.0
 0.0
 0.0
 0.0
 2.0
 1.0
 0.0
 0.0
 0.0
 0.0
 0.0
 0.0
 0.0
 0.0
 0.0
 0.0
 0.4318318604293214
 1.2954955812879643
 0.0
 0.75
 2.25
 0.0
 0.5796879557414893
 1.563801961423906
 0.175261905800562
 0.0
 0.0
 0.0
 0.0
 0.0
 0.0
 0.0
 0.0
 0.0
 0.0
 0.0
 0.0
 0.23848018382918923
 0.7154405514875677
 0.0
 0.0
 0.0
 0.0
 0.0
 0.0
 0.0
 2.0
 0.8884130343321494
 0.0
 0.0
 0.0
 0.0
 0.0
 0.0
 0.0
 0.0
 0.0
 0.0
 0.0
 0.0
 0.0
 0.0
 0.0
 4.912795939277786
 2.333596962197876
 0.0
 0.0
 0.0
 0.18840177463108354
 0.5652053238932542
 0.0
 0.0
 0.0
 0.0
 0.0
 0.0
 0.0
 0.0
 0.0
 0.0
 0.0
 0.0
 0.0
 0.0
 0.0
 0.0
 0.0
 0.0
 0.0
 0.0
 0.0
 0.0
 0.6232966062285743
 0.0
 0.0
 0.0
 0.0
 0.0
 0.4934707597560129
 0.18777741727802977
 0.0
 0.0
 1.5065292402439872
 0.7532646201219936
 0.0
 0.0
 0.0
 0.0
 0.0
 0.0
 0.0
 0.0
 0.0
 0.0
 0.0
 0.0
 0.0
 0.0
 1.4704863219787963
 0.0
 0.0
 0.0
 0.49995557276039104
 1.0295581052608127
 0.0
 0.0
 0.0
 0.0
 0.0
 0.0
 0.0
 0.0
 0.0
 0.0
 0.0
 0.0
 0.0
 0.0
 0.0
 1.500044427239609
 0.922045011576903
 0.5779105611834883
 0.0
 0.0
 0.0
 0.0
 0.0
 0.0
 0.0
 0.0
 0.0
 1.455961825166821
 0.09429505459585585
 0.6336858579875548
 0.5440381748331792
 0.2010699756302844
 0.0
 0.0
 0.0
 0.0
 0.0
 0.0
 0.0
 0.0
 0.0
 0.0
 0.0
 0.0
 0.0
 0.0
 0.23953256109658527
 0.23059550016786912
 0.0
 0.0
 0.0
 0.0
 0.0
 0.0
 0.0
 0.7694044998321309
 0.0
 0.0
 0.0
 0.0
 0.0
 0.0
 0.0
 0.0
 0.0
 0.0
 0.0
 0.0
 0.0
 0.0
 0.1792101730713671
 0.0
 0.0
 0.0
 0.0
 0.0
 0.0
 0.0
 1.820789826928633
 4.238413663749988
 0.0
 0.9103949134643164
x_ij_opt: 1-dimensional DenseAxisArray{Float64,1,...} with index sets:
    Dimension 1, [(43, 30), (43, 22), (43, 6), (44, 22), (45, 30), (45, 29), (45, 28), (45, 24), (45, 23), (40, 29)  …  (5, 7), (5, 14), (6, 4), (6, 3), (1, 14), (1, 10), (1, 23), (1, 1), (3, 2), (3, 1)]
And data, a 116-element Vector{Float64}:
 0.0
 0.5295136780212037
 0.0
 0.0
 0.0
 0.0
 1.7604674389034147
 0.0
 0.0
 0.0
 0.0
 0.0
 0.0
 0.0
 0.0
 0.0
 0.0
 0.0
 0.24588972405519194
 0.0
 0.0
 0.0
 0.0
 0.0
 0.0
 0.0
 0.0
 2.0
 0.0
 0.0
 0.0
 0.0
 0.0
 0.0
 0.0
 0.0
 0.0
 0.0
 0.0
 0.0
 0.0
 0.0
 0.0
 0.7536070985243373
 0.17526190580056245
 0.0
 0.0
 0.0
 0.0
 0.0
 0.0
 0.0
 0.0
 0.0
 0.0
 0.0
 0.0
 0.8988022860911301
 0.11158696566785067
 1.3767033937714257
 0.0
 0.0
 0.0
 0.0
 6.0
 0.0
 0.0
 0.0
 0.0
 0.7541102759448081
 0.0
 0.0
 0.0
 0.0
 0.0
 0.0
 0.0
 0.844641813476638
 0.0
 0.0
 0.0
 0.0
 0.0
 0.0
 0.0
 0.0
 0.0
 0.0
 0.0
 0.3142973458661592
 0.0
 0.0
 0.0
 0.0
 0.0
 0.0
 0.0
 0.7046349697738598
 0.0
 0.08960508653568355
 0.0
 0.0
 0.0
 0.0
 0.0
 0.0
 0.0
 0.0
 0.0
 0.0
 0.0
 0.0
 0.07795498842309698
 5.784448501193621
 0.0
 0.0
x_il_opt: 1-dimensional DenseAxisArray{Float64,1,...} with index sets:
    Dimension 1, [(43, 15), (43, 14), (44, 15), (44, 13), (44, 3), (40, 14), (40, 2), (41, 14), (42, 6), (37, 13)  …  (4, 13), (5, 2), (5, 7), (5, 9), (6, 11), (1, 1), (1, 6), (1, 3), (2, 1), (2, 15)]
And data, a 71-element Vector{Float64}:
 0.0
 0.0
 0.0
 2.1839427377502316
 3.1243443066399554
 0.4701280612644544
 0.0
 0.0
 1.7273274417172857
 0.7451081504634636
 0.0
 3.0
 0.0
 0.0
 3.0
 0.0
 0.0
 0.0
 7.246392901475662
 0.0
 0.8952162910538322
 0.7694044998321309
 3.0
 0.6812481770340426
 2.3187518229659574
 0.0
 0.7536070985243377
 0.0
 3.0
 0.6232966062285743
 1.3663141420124452
 0.0
 0.0
 0.0
 0.0
 0.0
 0.0
 0.0
 0.21555149880637892
 0.1792101730713671
 0.0
 0.0
 3.0
 0.0
 0.0
 2.259793860365981
 0.0
 2.8884130343321495
 0.0
 0.0
 0.0
 0.0
 0.0
 0.0
 3.3613396093783994
 0.0
 0.0
 1.6029312379081735
 0.0
 0.0
 0.0
 0.0
 0.0
 0.0
 0.0
 0.0
 0.0
 0.9539207353167569
 1.1836757750665243
 0.0
 6.969598404142937
x_lj_opt: 1-dimensional DenseAxisArray{Float64,1,...} with index sets:
    Dimension 1, [(15, 30), (15, 29), (15, 23), (15, 3), (14, 28), (14, 27), (14, 10), (14, 24), (13, 26), (13, 25)  …  (3, 6), (3, 5), (3, 29), (2, 4), (2, 3), (2, 1), (2, 5), (1, 2), (1, 1), (1, 14)]
And data, a 53-element Vector{Float64}:
 2.0
 4.238413663749988
 0.0
 0.9103949134643164
 0.23953256109658527
 1.0
 0.0
 0.0
 2.0
 0.29536503022614025
 0.6336858579875548
 1.500044427239609
 0.922045011576903
 0.5779105611834883
 1.4704863219787963
 0.0
 0.0
 0.0
 0.49995557276039104
 1.0295581052608127
 0.0
 2.0
 0.9410420374000233
 0.6232966062285743
 0.0
 0.0
 5.10119771390887
 2.89880228609113
 0.0
 0.0
 2.0
 0.8884130343321494
 0.0
 2.0
 5.8247380941994376
 0.175261905800562
 2.0
 1.0
 0.0
 0.0
 1.155358186523362
 3.10119771390887
 0.0
 1.0711309956751007
 3.656144548873028
 1.1836757750665243
 2.0
 0.0
 0.0
 1.0
 1.3663141420124452
 0.21555149880637892
 0.0
q_opt: 1-dimensional DenseAxisArray{Float64,1,...} with index sets:
    Dimension 1, [(43, 15), (43, 14), (44, 15), (44, 13), (44, 3), (40, 14), (40, 2), (41, 14), (42, 6), (37, 13)  …  (4, 13), (5, 2), (5, 7), (5, 9), (6, 11), (1, 1), (1, 6), (1, 3), (2, 1), (2, 15)]
And data, a 71-element Vector{Float64}:
 0.0
 0.0
 0.0
 0.7279809125834105
 0.5355654978375504
 0.23059550016786912
 0.0
 0.0
 0.2159159302146607
 0.2720190874165896
 0.0
 1.0
 0.0
 0.0
 0.375
 0.0
 0.0
 0.2647568390106019
 0.9057991126844577
 0.0
 0.422320906738319
 0.7694044998321309
 1.0
 0.24673537987800645
 0.2898439778707447
 0.0
 0.09420088731554233
 0.0
 0.7352431609893981
 1.0
 0.9640747501989368
 0.0
 0.0
 0.0
 0.0
 0.0
 0.0
 0.0
 0.03592524980106315
 0.08960508653568355
 0.0
 0.0
 1.0
 0.0
 0.0
 0.7532646201219936
 0.0
 1.0
 0.0
 0.0
 0.0
 0.0
 0.0
 0.0
 0.577679093261681
 0.0
 0.0
 0.2671552063180289
 0.0
 0.0
 0.0
 0.0
 0.0
 0.0
 0.0
 0.0
 0.0
 0.11924009191459461
 0.19727929584442072
 0.0
 0.9103949134643164



