McCormick lower bound: -645.7332236487343

solution time: 0.005059957504272461

w_opt: 1-dimensional DenseAxisArray{Float64,1,...} with index sets:
    Dimension 1, [(25, 1, 2), (25, 1, 1), (25, 1, 14), (20, 1, 2), (20, 1, 1), (20, 1, 14), (1, 1, 2), (1, 1, 1), (1, 1, 14), (2, 1, 2)  …  (20, 15, 23), (20, 15, 3), (8, 15, 30), (8, 15, 29), (8, 15, 23), (8, 15, 3), (2, 15, 30), (2, 15, 29), (2, 15, 23), (2, 15, 3)]
And data, a 261-element Vector{Float64}:
 1.2088570124131042
 0.0
 0.0
 0.04331922703672464
 0.05203531085544988
 0.0
 0.0
 0.0
 0.0
 0.0
 0.0
 0.0
 0.0
 0.0
 0.0
 0.0
 2.0
 0.0
 0.0
 1.0
 0.0
 0.0
 0.0
 0.0
 0.0
 0.0
 0.0
 0.0
 0.9779554582088792
 3.5573197891099735
 0.0
 0.0
 0.0
 0.0
 0.0
 0.0
 0.0
 0.0
 0.0
 0.0
 0.0
 0.0
 0.5847902289255192
 0.0
 0.6957042437872383
 0.0
 0.0
 0.0
 0.0
 0.9975909160219409
 1.8332815558372408
 0.0
 0.0
 0.0
 0.0
 0.0
 0.0
 0.0
 0.0
 1.8467541701468602
 1.0
 0.0
 0.0
 0.0
 0.0
 0.0
 0.0
 0.0
 0.0
 0.0
 0.0
 0.3646779331520329
 1.0940337994560987
 0.0
 0.75
 2.25
 0.0
 0.5417915645516092
 1.6253746936548275
 0.0
 0.0
 0.0
 0.0
 0.0
 0.0
 0.0
 0.0
 0.0
 0.0
 0.0
 0.0
 0.0
 0.34353050229635795
 1.0305915068890739
 0.0
 0.0
 0.0
 0.0
 0.0
 0.0
 0.0
 2.0
 0.9988957663916567
 0.0
 0.0
 0.0
 0.0
 0.0
 0.0
 0.0
 0.0
 0.0
 0.0
 0.0
 0.0
 0.0
 0.0
 0.0
 4.530945859495552
 2.4470095987133265
 0.0
 0.0
 0.0
 0.25551113544778037
 0.7665334063433411
 0.0
 0.0
 0.0
 0.0
 0.0
 0.0
 0.0
 0.0
 0.0
 0.0
 0.0
 0.0
 0.0
 0.0
 0.0
 0.0
 0.0
 0.0
 0.0
 0.0
 0.0
 0.0
 0.5200238970199206
 0.056471851901964354
 0.0
 0.0
 0.0
 0.0
 0.6084342898273626
 0.22439945196620106
 0.0
 0.0
 1.3915657101726375
 0.6957828550863188
 0.0
 0.0
 0.0
 0.0
 0.0
 0.0
 0.0
 0.0
 0.0
 0.0
 0.0
 0.0
 0.0
 0.0
 2.0
 0.0
 0.0
 0.0
 0.7425288046811469
 0.0
 0.0
 0.0
 0.0
 0.0
 0.0
 0.0
 0.0
 0.0
 0.0
 0.0
 0.0
 0.0
 0.0
 0.0
 0.0
 1.257471195318853
 0.9068769272555012
 0.8356518774256457
 0.0
 0.0
 0.0
 0.0
 0.0
 0.0
 0.0
 0.0
 0.0
 1.4956475211003424
 0.0
 0.7478237605501712
 0.5043524788996575
 0.1663438488139689
 0.0
 0.0
 0.0
 0.0
 0.0
 0.0
 0.0
 0.0
 0.0
 0.0
 0.0
 0.35517737299766594
 0.0
 0.0
 0.8315056871278247
 0.6448226270023341
 0.0
 0.0
 0.0
 0.0
 0.0
 0.0
 0.0
 0.0
 0.0
 0.0
 0.0
 0.0
 0.0
 0.0
 0.0
 0.0
 0.0
 0.0
 0.0
 0.0
 0.0
 0.0
 0.36334570173240194
 0.0
 0.0
 0.0
 0.0
 0.0
 0.0
 0.0
 1.1777648476189413
 4.579557893648835
 0.0
 0.789294451802611
x_ij_opt: 1-dimensional DenseAxisArray{Float64,1,...} with index sets:
    Dimension 1, [(43, 30), (43, 22), (43, 6), (44, 22), (45, 30), (45, 29), (45, 28), (45, 24), (45, 23), (40, 29)  …  (5, 7), (5, 14), (6, 4), (6, 3), (1, 14), (1, 10), (1, 23), (1, 1), (3, 2), (3, 1)]
And data, a 116-element Vector{Float64}:
 0.0
 0.0
 0.0
 0.0
 0.4588894506486567
 0.0
 1.1684943128721752
 0.0
 0.0
 0.0
 0.0
 0.0
 0.0
 0.0
 0.0
 0.0
 0.0
 0.0
 0.16663037902549524
 0.0
 0.0
 0.0
 0.0
 0.0
 0.0
 0.0
 0.0
 2.0
 0.0
 0.0
 0.0
 0.0
 0.0
 0.0
 0.0
 0.0
 0.0
 0.0
 0.0
 0.0
 0.0
 0.0
 0.0
 1.0220445417911208
 0.0
 0.0
 0.0
 0.0
 0.0
 0.0
 0.0
 0.0
 0.0
 0.0
 0.0
 0.2574711953188533
 0.0
 1.2135430050566676
 0.0011042336083433302
 1.4799761029800793
 0.0
 0.0
 0.0
 0.0
 6.0
 0.0
 0.0
 0.0
 0.0
 0.7768977690725404
 0.0
 0.0
 0.0
 0.0
 0.0
 0.0
 0.0
 1.002409083978059
 0.0
 0.0
 0.0
 0.0
 0.0
 0.0
 0.0
 0.0
 0.0
 0.15324582985313984
 0.0
 1.4426802108900267
 0.0
 0.0
 0.0
 0.0
 0.0
 0.0
 0.0
 0.8336561511860311
 0.0
 0.21070554819738896
 0.0
 0.0
 0.0
 0.0
 0.0
 0.0
 0.0
 0.0
 0.0
 0.0
 0.0
 0.0
 0.09312307274449882
 5.94796468914455
 0.0
 0.0
x_il_opt: 1-dimensional DenseAxisArray{Float64,1,...} with index sets:
    Dimension 1, [(43, 15), (43, 14), (44, 15), (44, 13), (44, 3), (40, 14), (40, 2), (41, 14), (42, 6), (37, 13)  …  (4, 13), (5, 2), (5, 7), (5, 9), (6, 11), (1, 1), (1, 6), (1, 3), (2, 1), (2, 15)]
And data, a 71-element Vector{Float64}:
 0.0
 0.35517737299766594
 0.0
 2.2434712816505136
 4.535275247318853
 1.4763283141301589
 0.0
 0.0
 1.4587117326081316
 0.6706963277136264
 0.0
 3.0
 0.0
 0.0
 3.0
 0.0
 0.0
 0.0
 6.977955458208879
 0.0
 0.6957042437872383
 0.0
 3.0
 0.8328337417935636
 2.1671662582064366
 0.0
 1.0220445417911215
 0.0
 2.7425288046811467
 0.5764957489218849
 1.2088570124131042
 0.0
 0.0
 0.0
 0.0
 0.0
 0.0
 0.0
 0.09535453789217452
 0.36334570173240194
 0.0
 0.0
 2.84675417014686
 0.0
 0.0
 2.0873485652589565
 0.0
 2.998895766391657
 0.0
 0.0
 0.0
 0.0
 0.0
 0.0
 2.830872471859182
 0.0
 0.0
 0.0
 0.0
 0.0
 0.0
 0.0
 0.0
 0.0
 0.0
 0.0
 0.0
 1.3741220091854318
 0.5847902289255192
 0.0
 6.546617193070388
x_lj_opt: 1-dimensional DenseAxisArray{Float64,1,...} with index sets:
    Dimension 1, [(15, 30), (15, 29), (15, 23), (15, 3), (14, 28), (14, 27), (14, 10), (14, 24), (13, 26), (13, 25)  …  (3, 6), (3, 5), (3, 29), (2, 4), (2, 3), (2, 1), (2, 5), (1, 2), (1, 1), (1, 14)]
And data, a 53-element Vector{Float64}:
 1.5411105493513433
 4.579557893648835
 0.0
 0.789294451802611
 0.8315056871278247
 1.0
 0.0
 0.0
 2.0
 0.1663438488139689
 0.7478237605501712
 1.257471195318853
 0.9068769272555012
 0.8356518774256457
 2.0
 0.0
 0.0
 0.0
 0.7425288046811469
 0.0
 0.0
 2.0
 0.9201823070525198
 0.5200238970199206
 0.056471851901964354
 0.0
 4.786456994943332
 3.2135430050566676
 0.0
 0.0
 2.0
 0.9988957663916567
 0.0
 2.0
 6.0
 0.0
 1.8467541701468602
 1.0
 0.0
 0.0
 0.9975909160219409
 2.528985799624479
 0.0
 0.9779554582088792
 3.5573197891099735
 0.5847902289255192
 2.0
 0.0
 0.0
 1.0
 1.2521762394498288
 0.05203531085544988
 0.0
q_opt: 1-dimensional DenseAxisArray{Float64,1,...} with index sets:
    Dimension 1, [(43, 15), (43, 14), (44, 15), (44, 13), (44, 3), (40, 14), (40, 2), (41, 14), (42, 6), (37, 13)  …  (4, 13), (5, 2), (5, 7), (5, 9), (6, 11), (1, 1), (1, 6), (1, 3), (2, 1), (2, 15)]
And data, a 71-element Vector{Float64}:
 0.0
 0.35517737299766594
 0.0
 0.7478237605501712
 0.9025349618457468
 0.6448226270023341
 0.0
 0.0
 0.18233896657601645
 0.25217623944982875
 0.0
 1.0
 0.0
 0.0
 0.375
 0.0
 0.0
 0.0
 0.8722444322761098
 0.0
 0.5012045419890295
 0.0
 1.0
 0.3042171449136813
 0.2708957822758046
 0.0
 0.12775556772389018
 0.0
 1.0
 1.0
 0.9783403864816377
 0.0
 0.0
 0.0
 0.0
 0.0
 0.0
 0.0
 0.02165961351836232
 0.18167285086620097
 0.0
 0.0
 1.0
 0.0
 0.0
 0.6957828550863188
 0.0
 1.0
 0.0
 0.0
 0.0
 0.0
 0.0
 0.0
 0.49879545801097047
 0.0
 0.0
 0.0
 0.0
 0.0
 0.0
 0.0
 0.0
 0.0
 0.0
 0.0
 0.0
 0.17176525114817898
 0.09746503815425321
 0.0
 0.818327149133799



