McCormick lower bound: -643.0719325880933

solution time: 0.005509853363037109

w_opt: 1-dimensional DenseAxisArray{Float64,1,...} with index sets:
    Dimension 1, [(25, 1, 2), (25, 1, 1), (25, 1, 14), (20, 1, 2), (20, 1, 1), (20, 1, 14), (1, 1, 2), (1, 1, 1), (1, 1, 14), (2, 1, 2)  …  (20, 15, 23), (20, 15, 3), (8, 15, 30), (8, 15, 29), (8, 15, 23), (8, 15, 3), (2, 15, 30), (2, 15, 29), (2, 15, 23), (2, 15, 3)]
And data, a 261-element Vector{Float64}:
 1.5128466952171047
 0.06212038526698116
 0.0
 0.0
 1.2381569920622937
 0.0
 0.0
 0.0
 0.0
 0.0
 0.0
 0.0
 0.0
 0.0
 0.0
 0.0
 1.9299334999983486
 0.10592311659907638
 0.0
 0.964143383402575
 0.0
 0.0
 0.0
 0.0
 0.0
 0.0
 0.0
 0.0
 1.112286547982145
 2.978652607496646
 0.0
 0.0
 0.0
 0.0
 0.0
 0.0
 0.0
 0.0
 0.0
 0.0
 0.0
 2.0572040091007784
 0.7664656712289261
 0.0
 1.214946651197586
 0.0
 0.0
 0.0
 0.0
 1.1922666653080032
 2.3469734686322985
 0.07006650000165143
 0.0
 0.0
 0.0
 0.0
 0.0
 0.0
 0.0
 2.0
 1.0
 0.0
 0.0
 0.0
 0.0
 0.0
 0.0
 0.0
 0.0
 0.0
 0.0
 0.04293994193019337
 0.1288198257905801
 0.0
 0.7038031756912493
 2.111409527073748
 0.0
 0.558814262423671
 1.676442787271013
 0.0
 0.0
 0.0
 0.0
 0.0
 0.0
 0.0
 0.0
 0.0
 0.0
 0.0
 0.0
 0.0
 0.6944426199548862
 2.0833278598646587
 0.0
 0.0
 0.0
 0.0
 0.0
 0.0
 0.0
 2.0
 0.8913622279550314
 0.1086377720449686
 0.0
 0.0
 0.0
 0.0
 0.0
 0.0
 0.0
 0.0
 0.0
 0.0
 0.0
 0.0
 0.0
 0.0
 4.9944062625368115
 1.6648020875122704
 0.0
 0.0
 0.0
 1.005593737463189
 0.33519791248772957
 0.0
 0.0
 0.0
 0.0
 0.0
 0.0
 0.0
 0.0
 0.0
 0.0
 0.0
 0.0
 0.0
 0.0
 0.0
 0.0
 0.0
 0.0
 0.0
 0.0
 0.0
 0.0
 1.068322955530754
 0.24807219194019137
 0.0
 0.0
 0.3023977056669924
 0.0
 0.5519861539826212
 0.21275679632269448
 0.0
 0.0
 1.4480138460173788
 0.7240069230086894
 0.0
 0.0
 0.0
 0.0
 0.0
 0.0
 0.0
 0.0
 0.0
 0.0
 0.0
 0.0
 0.0
 0.0
 2.0
 0.0
 0.0
 0.0
 0.5619201198298847
 0.0
 0.0
 0.0
 0.0
 0.0
 0.0
 0.0
 0.0
 0.0
 0.0
 0.0
 0.0
 0.0
 0.0
 0.0
 0.0
 1.4380798801701153
 0.9835575052984321
 0.5783626145314525
 0.0
 0.0
 0.0
 0.0
 0.0
 0.0
 0.0
 0.0
 0.0
 1.2957075523297976
 0.4261066483638815
 0.48715330478289526
 0.5273549963489502
 0.2636774981744752
 0.0
 0.0
 0.0
 0.0
 0.0
 0.0
 0.0
 0.0
 0.0
 0.0
 0.0
 0.0
 0.0
 0.0
 0.17448946685196068
 0.374338795687043
 0.0
 0.0
 0.0
 0.0
 0.0
 0.0
 0.0
 0.625661204312957
 0.0
 0.0
 0.0
 0.0
 0.0
 0.0
 0.0
 0.0
 0.0
 0.0
 0.0
 0.0
 0.0
 0.0
 0.21184623319815277
 0.0
 0.0
 0.0
 0.0
 0.0
 0.0
 0.0
 1.7881537668018472
 4.4703844170046185
 0.0
 0.8940768834009236
x_ij_opt: 1-dimensional DenseAxisArray{Float64,1,...} with index sets:
    Dimension 1, [(43, 30), (43, 22), (43, 6), (44, 22), (45, 30), (45, 29), (45, 28), (45, 24), (45, 23), (40, 29)  …  (5, 7), (5, 14), (6, 4), (6, 3), (1, 14), (1, 10), (1, 23), (1, 1), (3, 2), (3, 1)]
And data, a 116-element Vector{Float64}:
 0.0
 0.0
 0.0
 0.0
 0.0
 0.0
 1.8255105331480392
 0.0
 0.0
 0.0
 0.0
 0.0
 0.0
 0.0
 0.0
 0.0
 0.0
 0.0
 0.0
 0.0
 2.2089675054765743
 0.0
 0.0
 0.0
 0.17693745132125205
 0.0
 0.0
 2.0
 0.0
 0.18478729723500298
 0.0
 0.0
 0.0
 0.0
 0.0
 0.0
 0.0
 0.0
 0.0
 0.0
 0.0
 0.0
 0.0
 0.8877134520178549
 0.0
 0.0
 0.0
 0.0
 0.0
 0.0
 0.0
 0.0
 0.0
 0.0
 0.0
 0.43807988017011557
 0.0
 0.0
 0.10863777204496859
 0.6292793388022535
 0.0
 0.0
 0.0
 0.0
 6.0
 0.0
 0.0
 0.0
 0.0
 0.7519278080598086
 0.0
 0.0
 0.0
 0.0
 0.0
 0.0
 0.0
 0.8077333346919968
 0.0
 0.0
 0.0
 0.0
 0.0
 0.0
 0.0
 0.0
 0.0
 0.0
 0.0
 0.0
 0.0
 0.0
 0.0
 0.0
 0.0
 0.0
 0.0
 0.31021585346164327
 0.0
 0.0
 0.0
 0.0
 0.0
 0.0
 0.0
 0.0
 0.0
 0.0
 0.0
 0.0
 0.0
 0.0
 0.01644249470156789
 2.382117345149182
 0.0
 0.0
x_il_opt: 1-dimensional DenseAxisArray{Float64,1,...} with index sets:
    Dimension 1, [(43, 15), (43, 14), (44, 15), (44, 13), (44, 3), (40, 14), (40, 2), (41, 14), (42, 6), (37, 13)  …  (4, 13), (5, 2), (5, 7), (5, 9), (6, 11), (1, 1), (1, 6), (1, 3), (2, 1), (2, 15)]
And data, a 71-element Vector{Float64}:
 0.0
 0.0
 0.0
 2.2089675054765743
 4.090939155478791
 0.5488282625390036
 0.0
 0.0
 0.17175976772077348
 0.7910324945234257
 0.0
 3.0
 0.0
 0.0
 2.815212702764997
 0.0
 0.0
 0.0
 6.659208350049082
 0.0
 1.214946651197586
 0.625661204312957
 3.0
 0.7647429503053157
 2.235257049694684
 0.0
 1.3407916499509185
 0.0
 2.5619201198298844
 1.3163951474709454
 1.5749670804840858
 0.0
 0.0
 0.0
 0.0
 0.0
 0.0
 0.0
 1.2381569920622937
 0.21184623319815277
 0.0
 0.0
 3.0
 0.0
 0.0
 2.1720207690260684
 0.0
 3.0
 0.0
 0.0
 0.0
 0.0
 0.0
 0.0
 3.6093066339419533
 0.0
 0.0
 0.0
 0.0
 0.0
 0.0
 0.0
 0.0
 0.0
 0.3023977056669924
 0.0
 0.0
 2.777770479819545
 2.8236696803297043
 0.0
 7.152615067207389
x_lj_opt: 1-dimensional DenseAxisArray{Float64,1,...} with index sets:
    Dimension 1, [(15, 30), (15, 29), (15, 23), (15, 3), (14, 28), (14, 27), (14, 10), (14, 24), (13, 26), (13, 25)  …  (3, 6), (3, 5), (3, 29), (2, 4), (2, 3), (2, 1), (2, 5), (1, 2), (1, 1), (1, 14)]
And data, a 53-element Vector{Float64}:
 2.0
 4.4703844170046185
 0.0
 0.8940768834009236
 0.17448946685196068
 1.0
 0.0
 0.0
 1.823062548678748
 0.6897841465383567
 0.4871533047828953
 1.4380798801701153
 0.9835575052984321
 0.5783626145314525
 2.0
 0.0
 0.0
 0.0
 0.5619201198298847
 0.0
 0.0
 2.0
 0.9367637193313839
 1.3707206611977465
 0.24807219194019137
 0.0
 6.0
 2.0
 0.0
 0.0
 2.0
 0.8913622279550314
 0.1086377720449686
 2.0
 6.0
 0.0
 2.0
 1.0
 0.0
 0.0
 1.1922666653080032
 3.5619201198298844
 0.07006650000165143
 1.112286547982145
 5.035856616597425
 0.7664656712289261
 1.9299334999983486
 0.10592311659907638
 0.0
 0.964143383402575
 1.5128466952171047
 1.3002773773292748
 0.0
q_opt: 1-dimensional DenseAxisArray{Float64,1,...} with index sets:
    Dimension 1, [(43, 15), (43, 14), (44, 15), (44, 13), (44, 3), (40, 14), (40, 2), (41, 14), (42, 6), (37, 13)  …  (4, 13), (5, 2), (5, 7), (5, 9), (6, 11), (1, 1), (1, 6), (1, 3), (2, 1), (2, 15)]
And data, a 71-element Vector{Float64}:
 0.0
 0.0
 0.0
 0.7363225018255248
 0.647041289958787
 0.374338795687043
 0.0
 0.0
 0.021469970965096685
 0.2636774981744751
 0.0
 1.0
 0.0
 0.0
 0.35190158784562464
 0.0
 0.0
 0.0
 0.8324010437561352
 0.0
 0.4038666673459984
 0.625661204312957
 1.0
 0.2759930769913106
 0.2794071312118355
 0.0
 0.1675989562438648
 0.0
 1.0
 0.534161477765377
 0.793640501322951
 0.0
 0.31463966940112675
 0.0
 0.0
 0.0
 0.0
 0.0
 0.20635949867704895
 0.10592311659907638
 0.0
 0.0
 1.0
 0.0
 0.0
 0.7240069230086894
 0.0
 1.0
 0.0
 0.0
 0.0
 0.0
 0.0
 0.0
 0.5961333326540016
 0.0
 0.0
 0.0
 0.0
 0.0
 0.0
 0.0
 0.0
 0.0
 0.1511988528334962
 0.0
 0.0
 0.3472213099774431
 0.35295871004121304
 0.0
 0.8940768834009236



