McCormick lower bound: -649.5822242355041

solution time: 0.0056629180908203125

w_opt: 1-dimensional DenseAxisArray{Float64,1,...} with index sets:
    Dimension 1, [(25, 1, 2), (25, 1, 1), (25, 1, 14), (20, 1, 2), (20, 1, 1), (20, 1, 14), (1, 1, 2), (1, 1, 1), (1, 1, 14), (2, 1, 2)  …  (20, 15, 23), (20, 15, 3), (8, 15, 30), (8, 15, 29), (8, 15, 23), (8, 15, 3), (2, 15, 30), (2, 15, 29), (2, 15, 23), (2, 15, 3)]
And data, a 261-element Vector{Float64}:
 1.6232650451027633
 0.0
 0.0
 0.0
 0.7974799290880448
 0.0
 0.0
 0.0
 0.0
 0.0
 0.0
 0.0
 0.0
 0.0
 0.0
 0.0
 2.0
 0.0
 0.0
 1.0
 0.0
 0.0
 0.0
 0.0
 0.0
 0.0
 0.0
 0.0
 0.9470514392337436
 1.9087686665754786
 0.0
 0.0
 0.0
 0.0
 0.0
 3.0771274450089665
 1.1346667980560587
 0.0
 0.0
 0.0
 0.0
 0.0
 0.0
 0.0
 0.7347618378099321
 0.0
 0.0
 0.0
 0.0
 0.9721553522177159
 1.6694863043708945
 0.0
 0.0
 0.0
 0.0
 0.0
 0.0
 0.0
 0.0
 2.0
 1.0
 0.0
 0.0
 0.0
 0.0
 0.0
 0.0
 0.0
 0.0
 0.0
 0.0
 0.0
 0.0
 0.0
 0.7269081950074993
 2.1807245850224977
 0.0
 0.5245219419745024
 1.5735658259235072
 0.0
 0.0
 0.0
 0.0
 0.0
 0.0
 0.0
 0.0
 0.0
 0.0
 0.0
 0.0
 0.0
 0.7485698630179984
 2.2457095890539946
 0.0
 0.0
 0.0
 0.0
 0.0
 0.0
 0.0
 1.904211663717956
 0.8032004770160515
 0.14890535484292644
 0.0
 0.0
 0.14368250442306607
 0.0
 0.0
 0.0
 0.0
 0.0
 0.0
 0.0
 0.0
 0.0
 0.0
 0.0
 4.556827427895147
 2.390224011338596
 0.0
 0.0
 0.0
 0.2632371401915652
 0.789711420574692
 0.0
 0.0
 0.0
 0.0
 0.0
 0.0
 0.0
 0.0
 0.0
 0.0
 0.0
 0.0
 0.0
 0.0
 0.0
 0.0
 0.0
 0.0
 0.0
 0.0
 0.0
 0.0
 0.0
 0.0
 0.0
 0.0
 0.0
 0.0
 0.6567414617153401
 0.24517077038665017
 0.0
 0.0
 1.34325853828466
 0.67162926914233
 0.0
 0.0
 0.0
 0.0
 0.0
 0.0
 0.0
 0.0
 0.0
 0.0
 0.0
 0.0
 0.0
 0.0
 2.0
 0.0
 0.0
 0.0
 0.5841835740941146
 0.0
 0.0
 0.0
 0.0
 0.0
 0.0
 0.0
 0.0
 0.0
 0.0
 0.0
 0.0
 0.0
 0.0
 0.0
 0.0
 1.4158164259058854
 1.0
 0.5841835740941148
 0.0
 0.0
 0.0
 0.0
 0.0
 0.0
 0.0
 0.0
 0.0
 1.5234677868640825
 0.3849989385348045
 0.37673495489723674
 0.47653221313591754
 0.17570932848890364
 0.0
 0.0
 0.0
 0.0
 0.0
 0.0
 0.0
 0.0
 0.0
 0.0
 0.0
 0.0
 0.0
 0.0
 0.5544623693072646
 0.8460637737010391
 0.0
 0.0
 0.0
 0.0
 0.0
 0.0
 0.0
 0.0
 0.0
 0.0
 0.0
 0.0
 0.0
 0.0
 0.0
 0.0
 0.0
 0.0
 0.0
 0.0
 0.0
 0.0
 0.36586095238023914
 0.0
 0.0
 0.0
 0.0
 0.0
 0.0
 0.0
 1.438337038819337
 4.2811496278498264
 0.0
 0.8170695238098804
x_ij_opt: 1-dimensional DenseAxisArray{Float64,1,...} with index sets:
    Dimension 1, [(43, 30), (43, 22), (43, 6), (44, 22), (45, 30), (45, 29), (45, 28), (45, 24), (45, 23), (40, 29)  …  (5, 7), (5, 14), (6, 4), (6, 3), (1, 14), (1, 10), (1, 23), (1, 1), (3, 2), (3, 1)]
And data, a 116-element Vector{Float64}:
 0.0
 0.0
 0.0
 0.0
 0.19580200880042398
 0.0
 1.4455376306927354
 0.0
 0.0
 0.0
 0.0
 0.0
 0.0
 0.0
 0.0
 0.0
 0.0
 0.0
 0.22159790686879843
 0.0
 0.0
 0.0
 0.0
 0.0
 0.0
 0.0
 0.0
 2.0
 0.0
 0.0
 0.0
 0.0
 0.0
 0.0
 0.0
 0.0
 0.0
 0.0
 0.0
 0.0
 0.0
 0.0
 0.0
 1.0529485607662563
 0.0
 0.0
 0.0
 0.0
 0.0
 0.0
 0.0
 0.0
 0.0
 0.0
 0.0
 0.4158164259058852
 0.0
 1.1799354319132878
 0.19679952298394854
 2.0
 0.0
 0.0
 0.0
 0.0
 6.0
 0.0
 0.0
 0.0
 0.0
 0.7784020931312016
 0.0
 0.0
 0.0
 0.0
 0.0
 0.0
 0.15393622629896087
 1.0278446477822842
 0.0
 0.0
 0.0
 0.0
 0.0
 0.0
 0.0
 0.0
 0.0
 0.0
 0.0
 0.014103888415555765
 0.0
 0.0
 0.0
 0.0
 0.0
 0.0
 0.0
 0.43929173297629187
 0.0
 0.1829304761901196
 0.0
 0.0
 0.0
 0.0
 0.0
 0.0
 0.0
 0.0
 0.0
 0.0
 0.09578833628204397
 0.0
 0.0
 4.9099322116459625
 0.0
 0.0
x_il_opt: 1-dimensional DenseAxisArray{Float64,1,...} with index sets:
    Dimension 1, [(43, 15), (43, 14), (44, 15), (44, 13), (44, 3), (40, 14), (40, 2), (41, 14), (42, 6), (37, 13)  …  (4, 13), (5, 2), (5, 7), (5, 9), (6, 11), (1, 1), (1, 6), (1, 3), (2, 1), (2, 15)]
And data, a 71-element Vector{Float64}:
 0.0
 0.0
 0.0
 2.2852016802961237
 2.8558201058092223
 1.4005261430083036
 0.0
 0.0
 0.0
 0.6522415416248212
 0.0
 3.0
 0.0
 0.0
 2.907632780029997
 0.0
 0.0
 0.0
 6.947051439233744
 0.0
 0.7347618378099321
 0.0
 3.0
 0.9019122321019902
 2.0980877678980097
 0.0
 1.0529485607662572
 0.0
 2.584183574094115
 0.0
 1.6232650451027633
 0.0
 0.0
 0.0
 0.0
 0.0
 0.0
 0.0
 0.7974799290880448
 0.36586095238023914
 0.0
 0.0
 3.0
 0.0
 0.0
 2.01488780742699
 0.0
 2.856317495576934
 0.0
 0.0
 0.0
 0.0
 0.0
 0.0
 2.6416416565886105
 0.0
 0.0
 4.211794243065025
 0.0
 0.0
 0.0
 0.0
 0.0
 0.14368250442306607
 0.0
 0.0
 0.0
 2.9942794520719938
 0.0
 0.0
 6.536556190479043
x_lj_opt: 1-dimensional DenseAxisArray{Float64,1,...} with index sets:
    Dimension 1, [(15, 30), (15, 29), (15, 23), (15, 3), (14, 28), (14, 27), (14, 10), (14, 24), (13, 26), (13, 25)  …  (3, 6), (3, 5), (3, 29), (2, 4), (2, 3), (2, 1), (2, 5), (1, 2), (1, 1), (1, 14)]
And data, a 53-element Vector{Float64}:
 1.804197991199576
 4.2811496278498264
 0.0
 0.8170695238098804
 0.5544623693072646
 0.8460637737010391
 0.0
 0.0
 2.0
 0.5607082670237081
 0.37673495489723674
 1.4158164259058854
 1.0
 0.5841835740941148
 2.0
 0.0
 0.0
 0.0
 0.5841835740941146
 0.0
 0.0
 2.0
 0.9168000395289801
 0.0
 0.0
 0.0
 4.820064568086712
 3.179935431913288
 0.0
 0.0
 1.904211663717956
 0.8032004770160515
 0.2925878592659925
 2.0
 6.0
 0.0
 2.0
 1.0
 0.0
 0.0
 0.9721553522177159
 2.4042481421808266
 0.0
 0.9470514392337436
 4.985896111584444
 1.1346667980560587
 2.0
 0.0
 0.0
 1.0
 1.6232650451027633
 0.7974799290880448
 0.0
q_opt: 1-dimensional DenseAxisArray{Float64,1,...} with index sets:
    Dimension 1, [(43, 15), (43, 14), (44, 15), (44, 13), (44, 3), (40, 14), (40, 2), (41, 14), (42, 6), (37, 13)  …  (4, 13), (5, 2), (5, 7), (5, 9), (6, 11), (1, 1), (1, 6), (1, 3), (2, 1), (2, 15)]
And data, a 71-element Vector{Float64}:
 0.0
 0.15393622629896087
 0.0
 0.7617338934320412
 0.4735257196168718
 0.8460637737010391
 0.0
 0.0
 0.0
 0.23826610656795877
 0.0
 1.0
 0.0
 0.0
 0.36345409750374963
 0.0
 0.0
 0.0
 0.868381429904218
 0.0
 0.5139223238911421
 0.0
 1.0
 0.32837073085767005
 0.2622609709872512
 0.0
 0.131618570095782
 0.0
 1.0
 1.0
 0.8670866784853258
 0.0
 0.0
 0.0
 0.0
 0.0
 0.0
 0.0
 0.13291332151467414
 0.18293047619011957
 0.0
 0.0
 1.0
 0.0
 0.0
 0.67162926914233
 0.0
 0.952105831858978
 0.0
 0.0
 0.0
 0.0
 0.0
 0.0
 0.48607767610885794
 0.0
 0.0
 0.5264742803831282
 0.0
 0.0
 0.0
 0.0
 0.0
 0.04789416814102202
 0.0
 0.0
 0.0
 0.3742849315089991
 0.0
 0.0
 0.8170695238098804



