McCormick lower bound: -652.2545298890161

solution time: 0.005528926849365234

w_opt: 1-dimensional DenseAxisArray{Float64,1,...} with index sets:
    Dimension 1, [(25, 1, 2), (25, 1, 1), (25, 1, 14), (20, 1, 2), (20, 1, 1), (20, 1, 14), (1, 1, 2), (1, 1, 1), (1, 1, 14), (2, 1, 2)  …  (20, 15, 23), (20, 15, 3), (8, 15, 30), (8, 15, 29), (8, 15, 23), (8, 15, 3), (2, 15, 30), (2, 15, 29), (2, 15, 23), (2, 15, 3)]
And data, a 261-element Vector{Float64}:
 1.5982258154194608
 0.29701842687300584
 0.02806618503121827
 0.0
 0.0
 0.0
 0.0
 0.0
 0.0
 0.0
 0.0
 0.0
 0.0
 0.0
 0.0
 0.0
 1.9088950177793278
 0.0
 0.0
 1.0911049822206722
 0.0
 0.0
 0.0
 0.0
 0.0
 0.0
 0.0
 0.0
 0.9069311427851605
 1.6296884461348093
 0.0
 0.0
 0.0
 0.0
 0.0
 3.2792065716445182
 0.612074861448936
 0.0
 0.0
 0.0
 0.0
 0.0
 0.0
 0.0
 0.09543846212333706
 0.0
 0.0
 0.0
 0.0
 1.502389317590871
 3.38266795293232
 0.0911049822206722
 0.0
 0.0
 0.0
 0.0
 0.0
 0.0
 0.0
 1.8017077509178525
 1.0
 0.0
 0.0
 0.0
 0.0
 0.0
 0.0
 0.0
 0.0
 0.0
 0.0
 0.1485880211529751
 0.4457640634589253
 0.0
 0.75
 2.25
 0.0
 0.5271573721287734
 1.5814721163863203
 0.0
 0.0
 0.0
 0.0
 0.0
 0.0
 0.0
 0.0
 0.0
 0.0
 0.0
 0.0
 0.0
 0.5742546067182515
 1.7227638201547544
 0.0
 0.0
 0.0
 0.0
 0.0
 0.0
 0.0
 1.9719338149687817
 0.8381000601315061
 0.0
 0.0
 0.0
 0.0
 0.0
 0.0
 0.0
 0.0
 0.0
 0.0
 0.0
 0.0
 0.0
 0.0
 0.0
 4.935642155377353
 1.483314111923957
 0.0
 0.161899939868494
 0.0
 0.8162010816849612
 0.6029427111452341
 0.0
 0.0
 0.0
 0.0
 0.0
 0.0
 0.0
 0.0
 0.0
 0.0
 0.0
 0.0
 0.0
 0.0
 0.0
 0.0
 0.0
 0.0
 0.0
 0.0
 0.0
 0.0
 0.8285328097386297
 0.0
 0.0
 0.0
 0.0
 0.0
 0.6481891015263418
 0.24318140995856447
 0.0
 0.0
 1.351810898473658
 0.675905449236829
 0.0
 0.0
 0.0
 0.0
 0.0
 0.0
 0.0
 0.0
 0.0
 0.0
 0.0
 0.0
 0.0
 0.0
 1.9999999999999998
 0.0
 0.0
 0.0
 0.5643632381248482
 0.0
 0.0
 0.0
 0.0
 0.0
 0.0
 0.0
 0.0
 0.0
 0.0
 0.0
 0.0
 0.0
 0.0
 0.0
 0.0
 1.4356367618751518
 1.0
 0.5643632381248482
 0.0
 0.0
 0.0
 0.0
 0.0
 0.0
 0.0
 0.0
 0.0
 1.4332544200449076
 0.31485302544191485
 0.4017741845805391
 0.5667455799550926
 0.23865831630895468
 0.0
 0.0
 0.0
 0.0
 0.0
 0.0
 0.0
 0.0
 0.0
 0.0
 0.0
 0.0
 0.0
 0.0
 0.6637731867083854
 0.65646014025445
 0.0
 0.0
 0.0
 0.0
 0.0
 0.0
 0.0
 0.34353985974555
 0.0
 0.0
 0.0
 0.0
 0.0
 0.0
 0.0
 0.0
 0.0
 0.0
 0.0
 0.0
 0.0
 0.0
 0.3013143663237954
 0.0
 0.0
 0.0
 0.0
 0.0
 0.0
 0.0
 1.1391154302346358
 4.823561900426216
 0.0
 0.8320652040439663
x_ij_opt: 1-dimensional DenseAxisArray{Float64,1,...} with index sets:
    Dimension 1, [(43, 30), (43, 22), (43, 6), (44, 22), (45, 30), (45, 29), (45, 28), (45, 24), (45, 23), (40, 29)  …  (5, 7), (5, 14), (6, 4), (6, 3), (1, 14), (1, 10), (1, 23), (1, 1), (3, 2), (3, 1)]
And data, a 116-element Vector{Float64}:
 0.0
 0.0
 0.29886331966810864
 0.0
 0.5595702034415688
 0.0
 1.3362268132916146
 0.0
 0.0
 0.0
 0.0
 0.0
 0.0
 0.0
 0.0
 0.0
 0.0
 0.0
 0.2874930260443176
 0.0
 0.0
 0.0
 0.0
 0.0
 0.0
 0.0
 0.0
 2.0
 0.0
 0.0
 0.0
 0.0
 0.0
 0.0
 0.0
 0.0
 0.0
 0.0
 0.0
 0.0
 0.0
 0.0
 0.0
 0.7942055375467308
 0.0
 0.0
 0.0
 0.0
 0.0
 0.0
 0.0
 0.0
 0.0
 0.0
 0.0
 0.435636761875152
 0.0
 0.24815676293768507
 0.0
 1.1714671902613703
 0.0
 0.0
 0.0
 0.0
 6.0
 0.0
 0.0
 0.0
 0.0
 0.7125069739556824
 0.0
 0.0
 0.0
 0.0
 0.0
 0.0
 0.0
 0.4976106824091291
 0.0
 0.0
 0.0
 0.0
 0.0
 0.0
 0.0
 0.0
 0.0
 0.1982922490821475
 0.0
 0.0
 0.0
 0.0
 0.0
 0.0
 0.0
 0.0
 0.0
 0.44648865824913053
 0.0
 0.16793479595603356
 0.0
 0.0
 0.0
 0.0
 0.0
 0.0
 0.0
 0.0
 0.0
 0.0
 0.0
 0.0
 0.0
 5.702981573126994
 0.0
 0.0
x_il_opt: 1-dimensional DenseAxisArray{Float64,1,...} with index sets:
    Dimension 1, [(43, 15), (43, 14), (44, 15), (44, 13), (44, 3), (40, 14), (40, 2), (41, 14), (42, 6), (37, 13)  …  (4, 13), (5, 2), (5, 7), (5, 9), (6, 11), (1, 1), (1, 6), (1, 3), (2, 1), (2, 15)]
And data, a 71-element Vector{Float64}:
 0.0
 0.0
 0.0
 2.1498816300673615
 2.5366195889199696
 1.3202333269628355
 0.0
 0.0
 0.5943520846119004
 0.8054038962640473
 0.0
 3.0
 0.0
 0.0
 3.0
 0.0
 0.0
 0.0
 6.580856207169805
 0.0
 0.09543846212333706
 0.34353985974555
 3.0
 0.8913705114849062
 2.108629488515094
 0.0
 1.4191437928301953
 0.0
 2.564363238124848
 0.8285328097386297
 1.923310427323685
 0.0
 0.0
 0.0
 0.0
 0.0
 0.0
 0.0
 0.0
 0.3013143663237954
 0.0
 0.0
 2.8017077509178527
 0.0
 0.0
 2.027716347710487
 0.0
 2.810033875100288
 0.0
 0.0
 0.0
 0.0
 0.0
 0.0
 4.976162252743863
 0.0
 0.0
 3.891281433093454
 0.0
 0.0
 0.0
 0.0
 0.0
 0.0
 0.0
 0.0
 0.0
 2.297018426873006
 0.0
 0.0
 6.7947425347048185
x_lj_opt: 1-dimensional DenseAxisArray{Float64,1,...} with index sets:
    Dimension 1, [(15, 30), (15, 29), (15, 23), (15, 3), (14, 28), (14, 27), (14, 10), (14, 24), (13, 26), (13, 25)  …  (3, 6), (3, 5), (3, 29), (2, 4), (2, 3), (2, 1), (2, 5), (1, 2), (1, 1), (1, 14)]
And data, a 53-element Vector{Float64}:
 1.4404297965584312
 4.823561900426216
 0.0
 0.8320652040439664
 0.6637731867083854
 1.0
 0.0
 0.0
 2.0
 0.5535113417508695
 0.40177418458053915
 1.4356367618751518
 1.0
 0.5643632381248482
 1.9999999999999998
 0.0
 0.0
 0.0
 0.5643632381248482
 0.0
 0.0
 2.0
 0.9190868591953936
 0.8285328097386297
 0.0
 0.0
 5.751843237062315
 2.086256823069191
 0.0
 0.161899939868494
 1.9719338149687817
 0.8381000601315061
 0.0
 2.0
 6.0
 0.0
 1.8017077509178525
 1.0
 0.0
 0.0
 1.502389317590871
 3.478106415055657
 0.0911049822206722
 0.9069311427851605
 4.908895017779328
 0.612074861448936
 1.9088950177793278
 0.0
 0.0
 1.0911049822206722
 1.5982258154194608
 0.29701842687300584
 0.02806618503121827
q_opt: 1-dimensional DenseAxisArray{Float64,1,...} with index sets:
    Dimension 1, [(43, 15), (43, 14), (44, 15), (44, 13), (44, 3), (40, 14), (40, 2), (41, 14), (42, 6), (37, 13)  …  (4, 13), (5, 2), (5, 7), (5, 9), (6, 11), (1, 1), (1, 6), (1, 3), (2, 1), (2, 15)]
And data, a 71-element Vector{Float64}:
 0.0
 0.0
 0.0
 0.7166272100224538
 0.45346557139258026
 0.65646014025445
 0.0
 0.0
 0.07429401057648755
 0.2833727899775463
 0.0
 1.0
 0.0
 0.0
 0.375
 0.0
 0.0
 0.0
 0.8226070258962256
 0.0
 0.01590641035388951
 0.34353985974555
 1.0
 0.3240945507631709
 0.2635786860643867
 0.0
 0.17739297410377441
 0.0
 0.9999999999999999
 1.0
 1.0
 0.0
 0.0
 0.0
 0.0
 0.0
 0.014033092515609136
 0.0
 0.0
 0.1506571831618977
 0.0
 0.0
 1.0
 0.0
 0.0
 0.675905449236829
 0.0
 0.9859669074843909
 0.0
 0.0
 0.0
 0.0
 0.0
 0.0
 0.9840935896461105
 0.0
 0.0
 0.5465344286074197
 0.0
 0.0
 0.0
 0.0
 0.0
 0.0
 0.0
 0.0
 0.0
 0.28712730335912573
 0.0
 0.0
 0.8493428168381023



