McCormick lower bound: -647.9963760369171

solution time: 0.005318164825439453

w_opt: 1-dimensional DenseAxisArray{Float64,1,...} with index sets:
    Dimension 1, [(25, 1, 2), (25, 1, 1), (25, 1, 14), (20, 1, 2), (20, 1, 1), (20, 1, 14), (1, 1, 2), (1, 1, 1), (1, 1, 14), (2, 1, 2)  …  (20, 15, 23), (20, 15, 3), (8, 15, 30), (8, 15, 29), (8, 15, 23), (8, 15, 3), (2, 15, 30), (2, 15, 29), (2, 15, 23), (2, 15, 3)]
And data, a 261-element Vector{Float64}:
 1.2175595604999945
 0.007850171077061069
 0.0
 0.05633183338718384
 1.9816903130216987
 0.0
 0.0
 0.0
 0.0
 0.0
 0.0
 0.0
 0.0
 0.0
 0.0
 0.0
 2.0
 0.0
 0.0
 1.0
 0.0
 0.0
 0.0
 0.0
 0.0
 0.0
 0.0
 0.0
 1.1875456115980307
 2.786104025663136
 0.0
 0.0
 0.0
 0.0
 0.0
 0.9042699767645503
 0.0
 0.0
 0.0
 0.0
 0.0
 1.3096259975723137
 0.7344982536828297
 0.0
 0.6264505663717326
 0.0
 0.0
 0.0
 0.0
 1.0193385472784038
 1.4027825067883197
 0.0
 0.0
 0.0
 0.0
 0.0
 0.0
 0.0
 0.0
 2.0
 1.0
 0.0
 0.0
 0.0
 0.0
 0.0
 0.0
 0.0
 0.0
 0.0
 0.0
 0.17909440887882566
 0.5372832266364771
 0.0
 0.75
 2.25
 0.0
 0.5587960105798373
 1.1175920211596746
 0.5587960105798373
 0.0
 0.0
 0.0
 0.0
 0.0
 0.0
 0.0
 0.0
 0.0
 0.0
 0.0
 0.0
 0.512109580541337
 1.5363287416240112
 0.0
 0.0
 0.0
 0.0
 0.0
 0.0
 0.0
 2.0
 0.8969779106782689
 0.10302208932173107
 0.0
 0.0
 0.0
 0.0
 0.0
 0.0
 0.0
 0.0
 0.0
 0.0
 0.0
 0.0
 0.0
 0.0
 4.453857567754723
 3.2924840544231437
 0.0
 0.0
 0.0
 0.06341459445553355
 0.1902437833665993
 0.0
 0.0
 0.0
 0.0
 0.0
 0.0
 0.0
 0.0
 0.0
 0.0
 0.0
 0.0
 0.0
 0.0
 0.0
 0.0
 0.0
 0.0
 0.0
 0.0
 0.0
 0.0
 0.0
 0.18884034131147054
 0.0
 0.0
 0.023029415742534268
 0.0
 0.5514968238025304
 0.21331913387812088
 0.0
 0.0
 1.4485031761974696
 0.7242515880987349
 0.0
 0.0
 0.0
 0.0
 0.0
 0.0
 0.0
 0.0
 0.0
 0.0
 0.0
 0.0
 0.0
 0.0
 2.0
 0.0
 0.0
 0.0
 0.5119609109497953
 0.0
 0.0
 0.0
 0.0
 0.0
 0.0
 0.0
 0.0
 0.0
 0.0
 0.0
 0.0
 0.0
 0.0
 0.0
 0.0
 1.4880390890502047
 1.0
 0.5119609109497953
 0.0
 0.0
 0.0
 0.0
 0.0
 0.0
 0.0
 0.0
 0.0
 1.4522172122256436
 0.0
 0.7261086061128217
 0.5477827877743564
 0.1626851697180969
 0.0
 0.0
 0.0
 0.0
 0.0
 0.0
 0.0
 0.0
 0.0
 0.0
 0.0
 0.0
 0.0
 0.0
 0.7699456128691173
 0.9023112319731306
 0.0
 0.0
 0.0
 0.0
 0.0
 0.0
 0.0
 0.0
 0.0
 0.0
 0.0
 0.0
 0.0
 0.0
 0.0
 0.0
 0.0
 0.0
 0.0
 0.0
 0.0
 0.0
 0.11025281202159887
 0.0
 0.0
 0.0
 0.0
 0.0
 0.0
 0.0
 1.86057432255703
 4.7535408353673745
 0.0
 0.9448735939892006
x_ij_opt: 1-dimensional DenseAxisArray{Float64,1,...} with index sets:
    Dimension 1, [(43, 30), (43, 22), (43, 6), (44, 22), (45, 30), (45, 29), (45, 28), (45, 24), (45, 23), (40, 29)  …  (5, 7), (5, 14), (6, 4), (6, 3), (1, 14), (1, 10), (1, 23), (1, 1), (3, 2), (3, 1)]
And data, a 116-element Vector{Float64}:
 0.0
 0.0
 0.0
 0.0
 0.029172865421371208
 0.0
 1.2300543871308827
 0.0
 0.0
 0.0
 0.0
 0.0
 0.0
 0.0
 0.0
 0.0
 0.0
 0.0
 0.0
 0.0
 0.0
 0.0
 0.0
 0.0
 0.0
 0.0
 0.0
 2.0
 0.0
 0.0
 0.0
 0.0
 0.0
 0.0
 0.0
 0.0
 0.0
 0.0
 0.0
 0.0
 0.0
 0.0
 0.0
 0.2536583778221319
 0.5587960105798375
 0.0
 0.0
 0.0
 0.0
 0.0
 0.0
 0.0
 0.0
 0.0
 0.0
 0.48803908905020466
 0.0
 1.482727837789743
 0.1030220893217311
 1.9769705842574656
 0.0
 0.0
 0.0
 0.0
 6.0
 0.0
 0.0
 0.0
 0.0
 0.8111596586885295
 0.0
 0.0
 0.0
 0.0
 0.0
 0.0
 0.09768876802686943
 0.9806614527215962
 0.0
 0.0
 0.0
 0.0
 0.0
 0.0
 0.0
 0.0
 0.0
 0.0
 0.0
 0.0
 0.0
 0.0
 0.0
 0.0
 0.0
 0.0
 0.0
 0.8373148302819031
 0.0
 0.055126406010799434
 0.0
 0.0
 0.0
 0.0
 0.0
 0.0
 0.0
 0.0
 0.0
 0.0
 0.0
 0.0
 0.0
 3.9074374265795084
 0.0
 0.0
x_il_opt: 1-dimensional DenseAxisArray{Float64,1,...} with index sets:
    Dimension 1, [(43, 15), (43, 14), (44, 15), (44, 13), (44, 3), (40, 14), (40, 2), (41, 14), (42, 6), (37, 13)  …  (4, 13), (5, 2), (5, 7), (5, 9), (6, 11), (1, 1), (1, 6), (1, 3), (2, 1), (2, 15)]
And data, a 71-element Vector{Float64}:
 0.0
 0.0
 0.0
 2.1783258183384655
 3.9736496372611665
 1.672256844842248
 0.0
 0.0
 0.7163776355153028
 0.7104679574924533
 0.0
 3.0
 0.0
 0.0
 3.0
 0.0
 0.0
 0.0
 7.7463416221778685
 0.0
 0.6264505663717326
 0.0
 3.0
 0.764815957680651
 2.235184042319349
 0.0
 0.25365837782213285
 0.0
 2.5119609109497953
 0.1888403413114705
 1.2254097315770554
 0.0
 0.0
 0.0
 0.0
 0.0
 0.0
 0.0
 2.0380221464088826
 0.11025281202159887
 0.0
 0.0
 3.0
 0.0
 0.0
 2.1727547642962044
 0.0
 3.0
 0.0
 0.0
 0.0
 0.0
 0.0
 0.0
 2.4221210540667233
 0.0
 0.0
 0.9042699767645503
 0.0
 0.0
 0.0
 0.0
 0.0
 0.0
 0.023029415742534268
 0.0
 0.0
 2.048438322165348
 2.0441242512551434
 0.0
 7.5589887519136045
x_lj_opt: 1-dimensional DenseAxisArray{Float64,1,...} with index sets:
    Dimension 1, [(15, 30), (15, 29), (15, 23), (15, 3), (14, 28), (14, 27), (14, 10), (14, 24), (13, 26), (13, 25)  …  (3, 6), (3, 5), (3, 29), (2, 4), (2, 3), (2, 1), (2, 5), (1, 2), (1, 1), (1, 14)]
And data, a 53-element Vector{Float64}:
 1.9708271345786288
 4.7535408353673745
 0.0
 0.9448735939892006
 0.7699456128691173
 0.9023112319731306
 0.0
 0.0
 2.0
 0.1626851697180969
 0.7261086061128217
 1.4880390890502047
 1.0
 0.5119609109497953
 2.0
 0.0
 0.0
 0.0
 0.5119609109497953
 0.0
 0.0
 2.0
 0.9375707219768558
 0.023029415742534268
 0.18884034131147054
 0.0
 4.517272162210257
 3.482727837789743
 0.0
 0.0
 2.0
 0.8969779106782689
 0.10302208932173107
 2.0
 5.4412039894201625
 0.5587960105798373
 2.0
 1.0
 0.0
 0.0
 1.0193385472784038
 2.0292330731600523
 0.0
 1.1875456115980307
 5.0
 0.7344982536828297
 2.0
 0.0
 0.0
 1.0
 1.2738913938871783
 1.9895404840987598
 0.0
q_opt: 1-dimensional DenseAxisArray{Float64,1,...} with index sets:
    Dimension 1, [(43, 15), (43, 14), (44, 15), (44, 13), (44, 3), (40, 14), (40, 2), (41, 14), (42, 6), (37, 13)  …  (4, 13), (5, 2), (5, 7), (5, 9), (6, 11), (1, 1), (1, 6), (1, 3), (2, 1), (2, 15)]
And data, a 71-element Vector{Float64}:
 0.0
 0.09768876802686943
 0.0
 0.7261086061128219
 0.5937728057990154
 0.9023112319731306
 0.0
 0.0
 0.08954720443941283
 0.2738913938871781
 0.0
 1.0
 0.0
 0.0
 0.375
 0.0
 0.0
 0.0
 0.9682927027722334
 0.0
 0.4903307263607981
 0.0
 1.0
 0.2757484119012651
 0.27939800528991865
 0.0
 0.03170729722776655
 0.0
 1.0
 0.9884852921287328
 0.6697182811630502
 0.0
 0.0
 0.0
 0.0
 0.0
 0.0
 0.0
 0.3302817188369498
 0.055126406010799434
 0.0
 0.0
 1.0
 0.0
 0.0
 0.7242515880987349
 0.0
 1.0
 0.0
 0.0
 0.0
 0.0
 0.0
 0.0
 0.5096692736392019
 0.0
 0.0
 0.15071166279409173
 0.0
 0.0
 0.0
 0.0
 0.0
 0.0
 0.011514707871267134
 0.0
 0.0
 0.2560547902706685
 0.2555155314068929
 0.0
 0.9448735939892006



