McCormick lower bound: -646.9382308843418

solution time: 0.005864858627319336

w_opt: 1-dimensional DenseAxisArray{Float64,1,...} with index sets:
    Dimension 1, [(25, 1, 2), (25, 1, 1), (25, 1, 14), (20, 1, 2), (20, 1, 1), (20, 1, 14), (1, 1, 2), (1, 1, 1), (1, 1, 14), (2, 1, 2)  …  (20, 15, 23), (20, 15, 3), (8, 15, 30), (8, 15, 29), (8, 15, 23), (8, 15, 3), (2, 15, 30), (2, 15, 29), (2, 15, 23), (2, 15, 3)]
And data, a 261-element Vector{Float64}:
 1.2135157500935998
 0.0
 0.07154643762215698
 0.0
 1.718238417995427
 0.0
 0.0
 0.0
 0.0
 0.0
 0.0
 0.0
 0.0
 0.0
 0.0
 0.0
 2.0
 0.0
 0.0
 1.0
 0.0
 0.0
 0.0
 0.0
 0.0
 0.0
 0.0
 0.0
 1.1543719890555384
 3.237463534997082
 0.0
 0.0
 0.0
 0.0
 0.0
 0.0
 0.0
 0.0
 0.0
 0.0
 0.0
 1.7625364650029176
 0.21255564915123143
 0.0
 0.0
 0.0
 0.0
 0.0
 0.0
 1.5379494798879436
 2.916076626965679
 0.0
 0.0
 0.0
 0.0
 0.0
 0.0
 0.0
 0.0
 2.0
 1.0
 0.0
 0.0
 0.0
 0.0
 0.0
 0.0
 0.0
 0.0
 0.0
 0.0
 0.10054469296909618
 0.30163407890728866
 0.0
 0.75
 2.25
 0.0
 0.5757065275803339
 1.7271195827410017
 0.0
 0.0
 0.0
 0.0
 0.0
 0.0
 0.0
 0.0
 0.0
 0.0
 0.0
 0.0
 0.0
 0.5737487794505699
 1.7212463383517096
 0.0
 0.0
 0.0
 0.0
 0.0
 0.0
 0.0
 1.928453562377843
 0.8302245945115175
 0.13400218667740382
 0.0
 0.0
 0.10731965643323571
 0.0
 0.0
 0.0
 0.0
 0.0
 0.0
 0.0
 0.0
 0.0
 0.0
 0.0
 4.669254797351824
 1.4347028897785767
 0.0
 0.12171537600536346
 0.0
 1.0676961948511343
 0.7066307420131014
 0.0
 0.0
 0.0
 0.0
 0.0
 0.0
 0.0
 0.0
 0.0
 0.0
 0.0
 0.0
 0.0
 0.0
 0.0
 0.0
 0.0
 0.0
 0.0
 0.0
 0.0
 0.0
 0.6266042071148609
 0.2042038422472353
 0.0
 0.0
 0.0
 0.0
 0.5056236344108845
 0.19155025526778008
 0.0
 0.0
 1.4943763655891154
 0.7471881827945577
 0.0
 0.0
 0.0
 0.0
 0.0
 0.0
 0.0
 0.0
 0.0
 0.0
 0.0
 0.0
 0.0
 0.0
 1.6265888185797475
 0.0
 0.0
 0.0
 0.4308214401776094
 0.0
 0.0
 0.0
 0.0
 0.0
 0.0
 0.0
 0.0
 0.0
 0.0
 0.0
 0.0
 0.0
 0.0
 0.0
 0.0
 1.5691785598223906
 0.9910736114134452
 0.4397478287641641
 0.0
 0.0
 0.0
 0.0
 0.0
 0.0
 0.0
 0.0
 0.0
 1.5855870602544093
 0.0063092802208043475
 0.7864842499064001
 0.0
 0.0
 0.0
 0.0
 0.0
 0.0
 0.4144129397455906
 0.1586077858963955
 0.0
 0.0
 0.0
 0.0
 0.0
 0.5666863335841106
 0.0
 0.0
 0.6160069171054711
 0.4333136664158895
 0.0
 0.0
 0.0
 0.0
 0.0
 0.0
 0.0
 0.0
 0.0
 0.0
 0.0
 0.0
 0.0
 0.0
 0.0
 0.0
 0.0
 0.0
 0.0
 0.0
 0.0
 0.0
 0.19391746792405296
 0.0
 0.0
 0.0
 0.0
 0.0
 0.0
 0.0
 1.0841467522331063
 5.347696522084605
 0.0
 0.7924868539860798
x_ij_opt: 1-dimensional DenseAxisArray{Float64,1,...} with index sets:
    Dimension 1, [(43, 30), (43, 22), (43, 6), (44, 22), (45, 30), (45, 29), (45, 28), (45, 24), (45, 23), (40, 29)  …  (5, 7), (5, 14), (6, 4), (6, 3), (1, 14), (1, 10), (1, 23), (1, 1), (3, 2), (3, 1)]
And data, a 116-element Vector{Float64}:
 0.0
 0.37341118142025254
 0.0
 0.0
 0.7219357798428407
 0.0
 1.3839930828945288
 0.0
 0.0
 0.0
 0.0
 0.0
 0.0
 0.0
 0.0
 0.0
 0.0
 0.0
 0.0
 0.0
 0.31945335943691644
 0.0
 0.0
 0.0
 0.0
 0.0
 0.0
 2.0
 0.0
 0.0
 0.0
 0.0
 0.0
 0.0
 0.0
 0.0
 0.0
 0.0
 0.0
 0.0
 0.0
 0.0
 0.0
 0.8456280109444616
 0.0
 0.0
 0.0
 0.0
 0.0
 0.0
 0.0
 0.0
 0.0
 0.0
 0.0
 0.9425897412426432
 0.0
 0.26304900779704177
 0.04806002948311905
 1.3733957928851392
 0.0
 0.0
 0.0
 0.0
 6.0
 0.0
 0.0
 0.0
 0.0
 0.7957961577527647
 0.0
 0.0
 0.0
 0.0
 0.0
 0.0
 0.0
 0.4620505201120564
 0.0
 0.0
 0.0
 0.0
 0.0
 0.0
 0.0
 0.0
 0.0
 0.0
 0.0
 0.0
 0.0
 0.0
 0.0
 0.0
 0.0
 0.0
 0.0
 0.8350829338828002
 0.0
 0.20751314601392024
 0.0
 0.0
 0.0
 0.0
 0.0
 0.0
 0.0
 0.0
 0.0
 0.0
 0.0
 0.0
 0.008926388586554812
 3.7209863794570173
 0.0
 0.0
x_il_opt: 1-dimensional DenseAxisArray{Float64,1,...} with index sets:
    Dimension 1, [(43, 15), (43, 14), (44, 15), (44, 13), (44, 3), (40, 14), (40, 2), (41, 14), (42, 6), (37, 13)  …  (4, 13), (5, 2), (5, 7), (5, 9), (6, 11), (1, 1), (1, 6), (1, 3), (2, 1), (2, 15)]
And data, a 71-element Vector{Float64}:
 0.0
 0.5666863335841106
 0.0
 2.3783805903816138
 4.39183552405262
 1.0493205835213606
 0.0
 0.0
 0.40217877187638484
 0.0
 0.0
 3.0
 0.0
 0.0
 3.0
 0.0
 0.0
 0.0
 6.225673063135765
 0.0
 0.0
 0.0
 3.0
 0.6971738896786646
 2.3028261103213357
 0.0
 1.7743269368642358
 0.0
 2.057410258757357
 0.8308080493620962
 1.2850621877157569
 0.5730207256419861
 0.0
 0.0
 0.0
 0.0
 0.0
 0.0
 1.718238417995427
 0.19391746792405296
 0.0
 0.0
 3.0
 0.0
 0.0
 2.241564548383673
 0.0
 2.8926803435667643
 0.0
 0.0
 0.0
 0.0
 0.0
 0.0
 4.454026106853623
 0.0
 0.0
 0.0
 0.0
 0.0
 0.0
 0.0
 0.0
 0.10731965643323571
 0.0
 0.0
 0.0
 2.2949951178022796
 1.9750921141541489
 0.0
 7.224330128303791
x_lj_opt: 1-dimensional DenseAxisArray{Float64,1,...} with index sets:
    Dimension 1, [(15, 30), (15, 29), (15, 23), (15, 3), (14, 28), (14, 27), (14, 10), (14, 24), (13, 26), (13, 25)  …  (3, 6), (3, 5), (3, 29), (2, 4), (2, 3), (2, 1), (2, 5), (1, 2), (1, 1), (1, 14)]
And data, a 53-element Vector{Float64}:
 1.2780642201571593
 5.347696522084605
 0.0
 0.7924868539860798
 0.6160069171054711
 1.0
 0.0
 0.0
 2.0
 0.16491706611719983
 0.7864842499064002
 1.5691785598223906
 0.9910736114134452
 0.4397478287641641
 1.6265888185797475
 0.0
 0.0
 0.0
 0.43082144017760937
 0.0
 0.0
 2.0
 0.9387384380623378
 0.6266042071148609
 0.2042038422472353
 0.0
 5.736950992202958
 2.141333631791678
 0.0
 0.12171537600536346
 1.928453562377843
 0.8302245945115175
 0.24132184311063953
 2.0
 6.0
 0.0
 2.0
 1.0
 0.0
 0.0
 1.5379494798879436
 2.916076626965679
 0.0
 1.1543719890555384
 5.0
 0.21255564915123143
 2.0
 0.0
 0.0
 1.0
 1.2135157500935998
 1.718238417995427
 0.07154643762215698
q_opt: 1-dimensional DenseAxisArray{Float64,1,...} with index sets:
    Dimension 1, [(43, 15), (43, 14), (44, 15), (44, 13), (44, 3), (40, 14), (40, 2), (41, 14), (42, 6), (37, 13)  …  (4, 13), (5, 2), (5, 7), (5, 9), (6, 11), (1, 1), (1, 6), (1, 3), (2, 1), (2, 15)]
And data, a 71-element Vector{Float64}:
 0.0
 0.5666863335841106
 0.0
 0.7927935301272047
 0.7062439224995137
 0.4333136664158894
 0.0
 0.0
 0.05027234648454809
 0.0
 0.0
 1.0
 0.0
 0.0
 0.375
 0.0
 0.0
 0.18670559071012627
 0.7782091328919707
 0.0
 0.2310252600560282
 0.0
 1.0
 0.25281181720544227
 0.28785326379016696
 0.0
 0.2217908671080293
 0.0
 0.8132944092898737
 1.0
 0.7136269303340954
 0.20720646987279534
 0.0
 0.0
 0.0
 0.0
 0.0
 0.0
 0.28637306966590453
 0.09695873396202648
 0.0
 0.0
 1.0
 0.0
 0.0
 0.7471881827945577
 0.0
 0.9642267811889215
 0.0
 0.0
 0.0
 0.0
 0.0
 0.0
 0.7689747399439718
 0.0
 0.0
 0.0
 0.0
 0.0
 0.0
 0.0
 0.0
 0.03577321881107853
 0.0
 0.0
 0.0
 0.28687438972528495
 0.29375607750048627
 0.0
 0.9030412660379735



