McCormick lower bound: -646.2992569914614

solution time: 0.006054878234863281

w_opt: 1-dimensional DenseAxisArray{Float64,1,...} with index sets:
    Dimension 1, [(25, 1, 2), (25, 1, 1), (25, 1, 14), (20, 1, 2), (20, 1, 1), (20, 1, 14), (1, 1, 2), (1, 1, 1), (1, 1, 14), (2, 1, 2)  …  (20, 15, 23), (20, 15, 3), (8, 15, 30), (8, 15, 29), (8, 15, 23), (8, 15, 3), (2, 15, 30), (2, 15, 29), (2, 15, 23), (2, 15, 3)]
And data, a 261-element Vector{Float64}:
 1.2999677019525957
 0.011547997483402295
 0.11040435693377404
 0.0
 1.8172982692659954
 0.0
 0.0
 0.0
 0.0
 0.0
 0.0
 0.0
 0.0
 0.0
 0.0
 0.0
 2.0
 0.0
 0.0
 1.0
 0.0
 0.0
 0.0
 0.0
 0.0
 0.0
 0.0
 0.0
 1.0278775816825219
 3.1534322395865466
 0.0
 0.0
 0.0
 0.0
 0.0
 0.0
 0.0
 0.0
 0.0
 0.0
 0.0
 1.8465677604134534
 0.6961016245932659
 0.0
 0.0
 0.0
 0.0
 0.0
 0.0
 1.303415464730012
 1.8492496457974645
 0.0
 0.0
 0.0
 0.0
 0.0
 0.0
 0.0
 0.0
 2.0
 1.0
 0.0
 0.0
 0.0
 0.0
 0.0
 0.0
 0.0
 0.0
 0.0
 0.0
 0.351078498161584
 1.053235494484752
 0.0
 0.75
 2.25
 0.0
 0.5081797365038533
 1.5245392095115595
 0.0
 0.0
 0.0
 0.0
 0.0
 0.0
 0.0
 0.0
 0.0
 0.0
 0.0
 0.0
 0.0
 0.39074176533456284
 0.7814835306691257
 0.39074176533456284
 0.0
 0.0
 0.0
 0.0
 0.0
 0.0
 1.889595643066226
 0.8336141773382009
 0.27679017959557317
 0.0
 0.0
 0.0
 0.0
 0.0
 0.0
 0.0
 0.0
 0.0
 0.0
 0.0
 0.0
 0.0
 0.0
 4.442960715785842
 2.9756586312312425
 0.0
 0.0
 0.0
 0.14534516324572877
 0.4360354897371864
 0.0
 0.0
 0.0
 0.0
 0.0
 0.0
 0.0
 0.0
 0.0
 0.0
 0.0
 0.0
 0.0
 0.0
 0.0
 0.0
 0.0
 0.0
 0.0
 0.0
 0.0
 0.0
 0.0
 0.0
 0.0
 0.0
 0.17060229320607015
 0.0
 0.700236637604553
 0.26704441638003446
 0.0
 0.0
 1.299763362395447
 0.6498816811977235
 0.0
 0.0
 0.0
 0.0
 0.0
 0.0
 0.0
 0.0
 0.0
 0.0
 0.0
 0.0
 0.0
 0.0
 1.9010716404062133
 0.0
 0.0
 0.0
 0.3598721263596798
 0.0
 0.0
 0.0
 0.0
 0.0
 0.0
 0.0
 0.0
 0.0
 0.0
 0.0
 0.0
 0.0
 0.0
 0.0
 0.0
 1.6401278736403202
 1.0
 0.3598721263596796
 0.0
 0.0
 0.0
 0.0
 0.0
 0.0
 0.0
 0.0
 0.0
 1.4532370911591892
 0.0265862475321903
 0.7000322980474043
 0.5467629088408108
 0.16828894085590962
 0.0
 0.0
 0.0
 0.0
 0.0
 0.0
 0.0
 0.0
 0.0
 0.0
 0.0
 0.3067180906058613
 0.0
 0.0
 0.6565523728125314
 0.3282761864062657
 0.0
 0.0
 0.0
 0.0
 0.0
 0.0
 0.0
 0.3650057229878729
 0.0
 0.0
 0.0
 0.0
 0.0
 0.0
 0.0
 0.0
 0.0
 0.0
 0.0
 0.0
 0.0
 0.0
 0.09485840797578282
 0.0
 0.0
 0.0
 0.0
 0.0
 0.0
 0.0
 1.7239693230377053
 4.944026249047055
 0.0
 0.9525707960121086
x_ij_opt: 1-dimensional DenseAxisArray{Float64,1,...} with index sets:
    Dimension 1, [(43, 30), (43, 22), (43, 6), (44, 22), (45, 30), (45, 29), (45, 28), (45, 24), (45, 23), (40, 29)  …  (5, 7), (5, 14), (6, 4), (6, 3), (1, 14), (1, 10), (1, 23), (1, 1), (3, 2), (3, 1)]
And data, a 116-element Vector{Float64}:
 0.0
 0.09892835959378665
 0.0
 0.0
 0.18117226898651206
 0.0
 1.3434476271874685
 0.0
 0.0
 0.0
 0.0
 0.0
 0.0
 0.0
 0.0
 0.0
 0.0
 0.0
 0.2353361082655374
 0.0
 0.0
 0.0
 0.0
 0.0
 0.0
 0.0
 0.0
 2.0
 0.0
 0.0
 0.0
 0.0
 0.0
 0.0
 0.0
 0.0
 0.0
 0.0
 0.0
 0.0
 0.0
 0.0
 0.0
 0.5813806529829152
 0.39074176533456306
 0.0
 0.0
 0.0
 0.0
 0.0
 0.0
 0.0
 0.0
 0.0
 0.0
 0.7390562332341066
 0.0
 1.4116941209684288
 0.16638582266179913
 1.8293977067939298
 0.0
 0.0
 0.0
 0.0
 6.0
 0.0
 0.0
 0.0
 0.0
 0.7646638917344626
 0.0
 0.0
 0.0
 0.0
 0.0
 0.0
 0.0
 0.696584535269988
 0.0
 0.0
 0.0
 0.0
 0.0
 0.0
 0.0
 0.0
 0.0
 0.0
 0.0
 0.0
 0.0
 0.0
 0.0
 0.0
 0.0
 0.0
 0.0
 0.8051248116119001
 0.0
 0.04742920398789141
 0.0
 0.0
 0.0
 0.0
 0.0
 0.0
 0.0
 0.0
 0.0
 0.0
 0.0
 0.0
 0.0
 3.894363553655029
 0.0
 0.0
x_il_opt: 1-dimensional DenseAxisArray{Float64,1,...} with index sets:
    Dimension 1, [(43, 15), (43, 14), (44, 15), (44, 13), (44, 3), (40, 14), (40, 2), (41, 14), (42, 6), (37, 13)  …  (4, 13), (5, 2), (5, 7), (5, 9), (6, 11), (1, 1), (1, 6), (1, 3), (2, 1), (2, 15)]
And data, a 71-element Vector{Float64}:
 0.0
 0.3067180906058613
 0.0
 2.179855636738784
 4.1813098212690685
 0.9848285592187971
 0.0
 0.0
 1.404313992646336
 0.7150518496967204
 0.0
 3.0
 0.0
 0.0
 3.0
 0.0
 0.0
 0.0
 7.418619347017085
 0.0
 0.0
 0.3650057229878729
 3.0
 0.9672810539845875
 2.0327189460154127
 0.0
 0.5813806529829152
 0.0
 2.2609437667658936
 0.0
 1.421920056369772
 0.0
 0.0
 0.0
 0.0
 0.0
 0.0
 0.0
 1.8172982692659954
 0.09485840797578282
 0.0
 0.0
 3.0
 0.0
 0.0
 1.9496450435931705
 0.0
 3.0
 0.0
 0.0
 0.0
 0.0
 0.0
 0.0
 3.1526651105274768
 0.0
 0.0
 0.0
 0.0
 0.0
 0.0
 0.0
 0.0
 0.0
 0.17060229320607015
 0.0
 0.0
 1.5629670613382516
 2.5426693850067195
 0.0
 7.620566368096869
x_lj_opt: 1-dimensional DenseAxisArray{Float64,1,...} with index sets:
    Dimension 1, [(15, 30), (15, 29), (15, 23), (15, 3), (14, 28), (14, 27), (14, 10), (14, 24), (13, 26), (13, 25)  …  (3, 6), (3, 5), (3, 29), (2, 4), (2, 3), (2, 1), (2, 5), (1, 2), (1, 1), (1, 14)]
And data, a 53-element Vector{Float64}:
 1.818827731013488
 4.944026249047055
 0.0
 0.9525707960121086
 0.6565523728125314
 1.0
 0.0
 0.0
 2.0
 0.19487518838809992
 0.7000322980474043
 1.6401278736403202
 1.0
 0.3598721263596796
 1.9010716404062133
 0.0
 0.0
 0.0
 0.3598721263596798
 0.0
 0.0
 2.0
 0.916926097577758
 0.17060229320607015
 0.0
 0.0
 4.588305879031571
 3.411694120968429
 0.0
 0.0
 1.889595643066226
 0.8336141773382009
 0.27679017959557317
 2.0
 5.609258234665437
 0.39074176533456284
 2.0
 1.0
 0.0
 0.0
 1.303415464730012
 1.8492496457974645
 0.0
 1.0278775816825219
 5.0
 0.6961016245932659
 2.0
 0.0
 0.0
 1.0
 1.2999677019525957
 1.8288462667493977
 0.11040435693377404
q_opt: 1-dimensional DenseAxisArray{Float64,1,...} with index sets:
    Dimension 1, [(43, 15), (43, 14), (44, 15), (44, 13), (44, 3), (40, 14), (40, 2), (41, 14), (42, 6), (37, 13)  …  (4, 13), (5, 2), (5, 7), (5, 9), (6, 11), (1, 1), (1, 6), (1, 3), (2, 1), (2, 15)]
And data, a 71-element Vector{Float64}:
 0.0
 0.3067180906058613
 0.0
 0.7266185455795946
 0.5255720399310911
 0.3282761864062657
 0.0
 0.0
 0.175539249080792
 0.2733814544204054
 0.0
 1.0
 0.0
 0.0
 0.375
 0.0
 0.0
 0.049464179796893326
 0.9273274183771356
 0.0
 0.348292267634994
 0.3650057229878729
 1.0
 0.3501183188022765
 0.25408986825192664
 0.0
 0.07267258162286439
 0.0
 0.9505358202031067
 0.9146988533969649
 0.6971169551223342
 0.0
 0.0
 0.0
 0.0
 0.0
 0.0
 0.0
 0.3028830448776659
 0.04742920398789141
 0.0
 0.0
 1.0
 0.0
 0.0
 0.6498816811977235
 0.0
 1.0
 0.0
 0.0
 0.0
 0.0
 0.0
 0.15659428694306898
 0.651707732365006
 0.0
 0.0
 0.0
 0.0
 0.0
 0.0
 0.0
 0.0
 0.0
 0.08530114660303507
 0.0
 0.0
 0.19537088266728142
 0.3178336731258399
 0.0
 0.9525707960121086



