McCormick lower bound: -642.1636316475362

solution time: 0.006255149841308594

w_opt: 1-dimensional DenseAxisArray{Float64,1,...} with index sets:
    Dimension 1, [(25, 1, 2), (25, 1, 1), (25, 1, 14), (20, 1, 2), (20, 1, 1), (20, 1, 14), (1, 1, 2), (1, 1, 1), (1, 1, 14), (2, 1, 2)  …  (20, 15, 23), (20, 15, 3), (8, 15, 30), (8, 15, 29), (8, 15, 23), (8, 15, 3), (2, 15, 30), (2, 15, 29), (2, 15, 23), (2, 15, 3)]
And data, a 261-element Vector{Float64}:
 1.523405250044475
 1.449846112257257
 0.0
 0.0
 1.429784249866575
 0.0
 0.0
 0.0
 0.0
 0.0
 0.0
 0.0
 0.0
 0.0
 0.0
 0.0
 1.9378256568066996
 0.11568344715515422
 0.0
 0.9464908960381462
 0.0
 0.0
 0.0
 0.0
 0.0
 0.0
 0.0
 0.0
 1.1531721641432249
 2.9527716211995427
 0.0
 0.0
 0.0
 0.0
 0.0
 0.0
 0.0
 0.0
 0.0
 0.0
 0.0
 2.1007374827623115
 0.6018970036805769
 0.0
 1.337325548315265
 0.0
 0.0
 0.0
 0.0
 1.113136519492773
 2.39657588505463
 0.062174343193300396
 0.0
 0.0
 0.0
 0.0
 0.0
 0.0
 0.0
 2.0
 1.0
 0.0
 0.0
 0.0
 0.0
 0.0
 0.0
 0.0
 0.0
 0.0
 0.0
 0.10399497008641267
 0.31198491025923825
 0.0
 0.75
 2.25
 0.0
 0.5774582956205971
 1.7323748868617914
 0.0
 0.0
 0.0
 0.0
 0.0
 0.0
 0.0
 0.0
 0.0
 0.0
 0.0
 0.0
 0.0
 0.5685467342929902
 1.7056402028789706
 0.0
 0.0
 0.0
 0.0
 0.0
 0.0
 0.0
 2.0
 0.9024121940436242
 0.09758780595637584
 0.0
 0.0
 0.0
 0.0
 0.0
 0.0
 0.0
 0.0
 0.0
 0.0
 0.0
 0.0
 0.0
 0.0
 4.717790067929951
 1.4750088833536077
 0.0
 0.09758780595637587
 0.0
 1.2554612943717807
 0.4541519483882841
 0.0
 0.0
 0.0
 0.0
 0.0
 0.0
 0.0
 0.0
 0.0
 0.0
 0.0
 0.0
 0.0
 0.0
 0.0
 0.0
 0.0
 0.0
 0.0
 0.0
 0.0
 0.0
 0.0
 0.0
 0.0
 0.0
 0.2071461698342638
 0.0
 0.5010337409613427
 0.18913307655626851
 0.0
 0.0
 1.4989662590386574
 0.7494831295193287
 0.0
 0.0
 0.0
 0.0
 0.0
 0.0
 0.0
 0.0
 0.0
 0.0
 0.0
 0.0
 0.0
 0.0
 1.9999999999999998
 0.0
 0.0
 0.0
 0.663062265111787
 0.0
 0.0
 0.0
 0.0
 0.0
 0.0
 0.0
 0.0
 0.0
 0.0
 0.0
 0.0
 0.0
 0.0
 0.0
 0.0
 1.336937734888213
 0.9996032555346406
 0.6634590095771462
 0.0
 0.0
 0.0
 0.0
 0.0
 0.0
 0.0
 0.0
 0.0
 1.3652479223984966
 0.20602921124372342
 0.476594749955525
 0.6347520776015034
 0.2096755105984589
 0.0
 0.0
 0.0
 0.0
 0.0
 0.0
 0.0
 0.0
 0.0
 0.0
 0.0
 0.0
 0.0
 0.0
 0.369125828757394
 0.2965389204109943
 0.0
 0.0
 0.0
 0.0
 0.0
 0.0
 0.0
 0.7034610795890057
 0.0
 0.0
 0.0
 0.0
 0.0
 0.0
 0.0
 0.0
 0.0
 0.0
 0.0
 0.0
 0.0
 0.0
 0.2313668943103085
 0.0
 0.0
 0.0
 0.0
 0.0
 0.0
 0.0
 1.4555718831716429
 4.734643986742277
 0.0
 0.8843165528448458
x_ij_opt: 1-dimensional DenseAxisArray{Float64,1,...} with index sets:
    Dimension 1, [(43, 30), (43, 22), (43, 6), (44, 22), (45, 30), (45, 29), (45, 28), (45, 24), (45, 23), (40, 29)  …  (5, 7), (5, 14), (6, 4), (6, 3), (1, 14), (1, 10), (1, 23), (1, 1), (3, 2), (3, 1)]
And data, a 116-element Vector{Float64}:
 0.0
 0.0
 0.0
 0.0
 0.3130612225180487
 0.0
 1.630874171242606
 0.0
 0.0
 0.0
 0.0
 0.0
 0.0
 0.0
 0.0
 0.0
 0.0
 0.0
 0.30236605350946055
 0.0
 0.0
 0.0
 0.0
 0.0
 0.0
 0.0
 0.0
 2.0
 0.0
 0.0
 0.0
 0.0
 0.0
 0.0
 0.0
 0.0
 0.0
 0.0
 0.0
 0.0
 0.0
 0.0
 0.0
 0.8468278358567751
 0.0
 0.0
 0.0
 0.0
 0.0
 0.0
 0.0
 0.0
 0.0
 0.0
 0.0
 0.3369377348882132
 0.0
 0.026748637698267963
 0.0
 1.7928538301657362
 0.0
 0.0
 0.0
 0.0
 6.0
 0.0
 0.0
 0.0
 0.0
 0.6976339464905394
 0.0
 0.0
 0.0
 0.0
 0.0
 0.0
 0.0
 0.8868634805072271
 0.0
 0.0
 0.0
 0.0
 0.0
 0.0
 0.0
 0.0
 0.0
 0.0
 0.0
 0.0
 0.0
 0.0
 0.0
 0.0
 0.0
 0.0
 0.0
 0.5842952781578177
 0.0
 0.0
 0.0
 0.0
 0.0
 0.0
 0.0
 0.0
 0.0
 0.0
 0.0
 0.0
 0.0
 0.0
 0.0003967444653594221
 3.0227818319197923
 0.0
 0.0
x_il_opt: 1-dimensional DenseAxisArray{Float64,1,...} with index sets:
    Dimension 1, [(43, 15), (43, 14), (44, 15), (44, 13), (44, 3), (40, 14), (40, 2), (41, 14), (42, 6), (37, 13)  …  (4, 13), (5, 2), (5, 7), (5, 9), (6, 11), (1, 1), (1, 6), (1, 3), (2, 1), (2, 15)]
And data, a 71-element Vector{Float64}:
 0.0
 0.0
 0.0
 2.047871883597745
 4.105943785342768
 0.6656647491683882
 0.0
 0.0
 0.4159798803456509
 0.8444275881999623
 0.0
 3.0
 0.0
 0.0
 3.0
 0.0
 0.0
 0.0
 6.2903867572399355
 0.0
 1.337325548315265
 0.7034610795890057
 3.0
 0.6901668175176112
 2.3098331824823886
 0.0
 1.7096132427600648
 0.0
 2.663062265111787
 0.0
 2.973251362301732
 0.0
 0.0
 0.0
 0.0
 0.0
 0.0
 0.0
 1.429784249866575
 0.2313668943103085
 0.0
 0.0
 3.0
 0.0
 0.0
 2.248449388557986
 0.0
 3.0
 0.0
 0.0
 0.0
 0.0
 0.0
 0.0
 3.5718867477407032
 0.0
 0.0
 0.0
 0.0
 0.0
 0.0
 0.0
 0.0
 0.0
 0.2071461698342638
 0.0
 0.0
 2.2741869371719603
 2.7026344864428884
 0.0
 7.074532422758766
x_lj_opt: 1-dimensional DenseAxisArray{Float64,1,...} with index sets:
    Dimension 1, [(15, 30), (15, 29), (15, 23), (15, 3), (14, 28), (14, 27), (14, 10), (14, 24), (13, 26), (13, 25)  …  (3, 6), (3, 5), (3, 29), (2, 4), (2, 3), (2, 1), (2, 5), (1, 2), (1, 1), (1, 14)]
And data, a 53-element Vector{Float64}:
 1.6869387774819513
 4.734643986742277
 0.0
 0.8843165528448458
 0.369125828757394
 1.0
 0.0
 0.0
 2.0
 0.4157047218421823
 0.476594749955525
 1.336937734888213
 0.9996032555346406
 0.6634590095771462
 1.9999999999999998
 0.0
 0.0
 0.0
 0.663062265111787
 0.0
 0.0
 2.0
 0.9386162060755973
 0.2071461698342638
 0.0
 0.0
 5.973251362301732
 1.9291608317418918
 0.0
 0.09758780595637587
 2.0
 0.9024121940436242
 0.09758780595637584
 2.0
 6.0
 0.0
 2.0
 1.0
 0.0
 0.0
 1.113136519492773
 3.733901433369895
 0.062174343193300396
 1.1531721641432249
 5.053509103961854
 0.6018970036805769
 1.9378256568066996
 0.11568344715515422
 0.0
 0.9464908960381462
 1.523405250044475
 2.879630362123832
 0.0
q_opt: 1-dimensional DenseAxisArray{Float64,1,...} with index sets:
    Dimension 1, [(43, 15), (43, 14), (44, 15), (44, 13), (44, 3), (40, 14), (40, 2), (41, 14), (42, 6), (37, 13)  …  (4, 13), (5, 2), (5, 7), (5, 9), (6, 11), (1, 1), (1, 6), (1, 3), (2, 1), (2, 15)]
And data, a 71-element Vector{Float64}:
 0.0
 0.0
 0.0
 0.6826239611992483
 0.6498770862062815
 0.2965389204109943
 0.0
 0.0
 0.05199748504320634
 0.3173760388007517
 0.0
 1.0
 0.0
 0.0
 0.375
 0.0
 0.0
 0.0
 0.7862983446549919
 0.0
 0.44343174025361354
 0.7034610795890057
 1.0
 0.25051687048067134
 0.28872914781029857
 0.0
 0.2137016553450081
 0.0
 0.9999999999999999
 0.8964269150828681
 0.7617026250222375
 0.0
 0.0
 0.0
 0.0
 0.0
 0.0
 0.0
 0.2382973749777625
 0.11568344715515425
 0.0
 0.0
 1.0
 0.0
 0.0
 0.7494831295193287
 0.0
 1.0
 0.0
 0.0
 0.0
 0.0
 0.0
 0.0
 0.5565682597463865
 0.0
 0.0
 0.0
 0.0
 0.0
 0.0
 0.0
 0.0
 0.0
 0.1035730849171319
 0.0
 0.0
 0.2842733671464951
 0.35012291379371857
 0.0
 0.8843165528448458



