McCormick lower bound: -643.9628383712071

solution time: 0.005749940872192383

w_opt: 1-dimensional DenseAxisArray{Float64,1,...} with index sets:
    Dimension 1, [(25, 1, 2), (25, 1, 1), (25, 1, 14), (20, 1, 2), (20, 1, 1), (20, 1, 14), (1, 1, 2), (1, 1, 1), (1, 1, 14), (2, 1, 2)  …  (20, 15, 23), (20, 15, 3), (8, 15, 30), (8, 15, 29), (8, 15, 23), (8, 15, 3), (2, 15, 30), (2, 15, 29), (2, 15, 23), (2, 15, 3)]
And data, a 261-element Vector{Float64}:
 1.194546906134906
 0.0
 0.0
 0.058739825625141684
 0.586551459803891
 0.0
 0.0
 0.0
 0.0
 0.0
 0.0
 0.0
 0.0
 0.0
 0.0
 0.0
 1.9107134285584029
 0.0
 0.0
 1.0892865714415971
 0.0
 0.0
 0.0
 0.0
 0.0
 0.0
 0.0
 0.0
 1.2066031171940588
 3.379848935062432
 0.0
 0.0
 0.0
 0.0
 0.0
 0.0
 0.0
 0.0
 0.0
 0.0
 0.0
 0.0
 0.4511175974781495
 0.0
 1.3389267040722015
 0.0
 0.0
 0.0
 0.0
 1.0052035020677408
 1.156937543958304
 0.08928657144159713
 0.0
 0.0
 0.0
 0.0
 0.0
 0.0
 0.0
 2.0
 1.0
 0.0
 0.0
 0.0
 0.0
 0.0
 0.0
 0.0
 0.0
 0.0
 0.0
 0.1615051964625982
 0.4845155893877946
 0.0
 0.75
 2.25
 0.0
 0.5546363379559662
 1.6639090138678982
 0.0
 0.0
 0.0
 0.0
 0.0
 0.0
 0.0
 0.0
 0.0
 0.0
 0.0
 0.0
 0.0
 0.5338584655814356
 1.6015753967443067
 0.0
 0.0
 0.0
 0.0
 0.0
 0.0
 0.0
 2.0
 1.0
 0.0
 0.0
 0.0
 0.0
 0.0
 0.0
 0.0
 0.0
 0.0
 0.0
 0.0
 0.0
 0.0
 0.0
 0.0
 3.168614428408304
 2.3811792405660555
 0.0
 0.0
 0.0
 1.8376547482692305
 0.6125515827564101
 0.0
 0.0
 0.0
 0.0
 0.0
 0.0
 0.0
 0.0
 0.0
 0.0
 0.0
 0.0
 0.0
 0.0
 0.0
 0.0
 0.0
 0.0
 0.0
 0.0
 0.0
 0.0
 0.6052782324656709
 0.20644403807695733
 0.0
 0.0
 0.0
 0.0
 0.5627621128231619
 0.21869253535297367
 0.0
 0.0
 1.437237887176838
 0.718618943588419
 0.0
 0.0
 0.0
 0.0
 0.0
 0.0
 0.0
 0.0
 0.0
 0.0
 0.0
 0.0
 0.0
 0.0
 1.9927913041146088
 0.0
 0.0
 0.0
 0.49680376723836206
 0.0
 0.0
 0.0
 0.0
 0.0
 0.0
 0.0
 0.0
 0.0
 0.0
 0.0
 0.0
 0.0
 0.0
 0.0
 0.0
 1.503196232761638
 1.0
 0.49680376723836206
 0.0
 0.0
 0.0
 0.0
 0.0
 0.0
 0.0
 0.0
 0.0
 1.4934265364799044
 0.0
 0.7467132682399522
 0.5065734635200955
 0.13000026370957365
 0.0
 0.0
 0.0
 0.0
 0.0
 0.0
 0.0
 0.0
 0.0
 0.0
 0.0
 0.0
 0.0
 0.0
 0.3913280622467877
 0.7464608880147081
 0.0
 0.0
 0.0
 0.0
 0.0
 0.0
 0.0
 0.2535391119852919
 0.0
 0.0
 0.0
 0.0
 0.0
 0.0
 0.0
 0.0
 0.0
 0.0
 0.0
 0.0
 0.0
 0.0
 0.293946136939111
 0.0
 0.0
 0.0
 0.0
 0.0
 0.0
 0.0
 1.0033967407230449
 5.052078635283489
 0.0
 0.7687400762370215
x_ij_opt: 1-dimensional DenseAxisArray{Float64,1,...} with index sets:
    Dimension 1, [(43, 30), (43, 22), (43, 6), (44, 22), (45, 30), (45, 29), (45, 28), (45, 24), (45, 23), (40, 29)  …  (5, 7), (5, 14), (6, 4), (6, 3), (1, 14), (1, 10), (1, 23), (1, 1), (3, 2), (3, 1)]
And data, a 116-element Vector{Float64}:
 0.0
 0.007208695885391192
 0.0
 0.0
 0.7026571223378442
 0.0
 1.6086719377532124
 0.0
 0.0
 0.0
 0.0
 0.0
 0.0
 0.0
 0.0
 0.0
 0.0
 0.0
 0.0
 0.0
 0.0
 0.0
 0.0
 0.0
 0.0
 0.0
 0.0
 2.0
 0.0
 0.0
 0.0
 0.0
 0.0
 0.0
 0.0
 0.0
 0.0
 0.0
 0.0
 0.0
 0.0
 0.0
 0.0
 0.7933968828059412
 0.0
 0.0
 0.0
 0.0
 0.0
 0.0
 0.0
 0.0
 0.0
 0.0
 0.0
 0.5104049286470289
 0.0
 0.9937308233224655
 0.0
 1.394721767534329
 0.0
 0.0
 0.0
 0.0
 6.0
 0.0
 0.0
 0.0
 0.0
 0.7935559619230427
 0.0
 0.0
 0.0
 0.0
 0.0
 0.0
 0.0
 0.9947964979322592
 0.0
 0.0
 0.0
 0.0
 0.0
 0.0
 0.0
 0.0
 0.0
 0.0
 0.0
 1.5308644934959705
 0.0
 0.0
 0.0
 0.0
 0.0
 0.0
 0.0
 0.8699997362904264
 0.0
 0.23125992376297855
 0.0
 0.0
 0.0
 0.0
 0.0
 0.0
 0.0
 0.0
 0.0
 0.0
 0.0
 0.0
 0.0
 5.413448540196109
 0.0
 0.0
x_il_opt: 1-dimensional DenseAxisArray{Float64,1,...} with index sets:
    Dimension 1, [(43, 15), (43, 14), (44, 15), (44, 13), (44, 3), (40, 14), (40, 2), (41, 14), (42, 6), (37, 13)  …  (4, 13), (5, 2), (5, 7), (5, 9), (6, 11), (1, 1), (1, 6), (1, 3), (2, 1), (2, 15)]
And data, a 71-element Vector{Float64}:
 0.0
 0.0
 0.0
 2.2401398047198566
 4.58645205225649
 1.1377889502614957
 0.0
 0.0
 0.6460207858503928
 0.6365737272296691
 0.0
 3.0
 0.0
 0.0
 3.0
 0.0
 0.0
 0.0
 5.54979366897436
 0.0
 1.3389267040722015
 0.2535391119852919
 3.0
 0.7814546481761355
 2.2185453518238645
 0.0
 2.4502063310256403
 0.0
 2.489595071352971
 0.8117222705426282
 1.194546906134906
 0.0
 0.0
 0.0
 0.0
 0.0
 0.0
 0.0
 0.6452912854290327
 0.293946136939111
 0.0
 0.0
 3.0
 0.0
 0.0
 2.155856830765257
 0.0
 3.0
 0.0
 0.0
 0.0
 0.0
 0.0
 0.0
 2.251427617467642
 0.0
 0.0
 0.0
 0.0
 0.0
 0.0
 0.0
 0.0
 0.0
 0.0
 0.0
 0.0
 2.1354338623257423
 0.4511175974781495
 0.0
 6.824215452243555
x_lj_opt: 1-dimensional DenseAxisArray{Float64,1,...} with index sets:
    Dimension 1, [(15, 30), (15, 29), (15, 23), (15, 3), (14, 28), (14, 27), (14, 10), (14, 24), (13, 26), (13, 25)  …  (3, 6), (3, 5), (3, 29), (2, 4), (2, 3), (2, 1), (2, 5), (1, 2), (1, 1), (1, 14)]
And data, a 53-element Vector{Float64}:
 1.2973428776621558
 5.052078635283489
 0.0
 0.7687400762370215
 0.3913280622467877
 1.0
 0.0
 0.0
 2.0
 0.13000026370957365
 0.7467132682399522
 1.503196232761638
 1.0
 0.49680376723836206
 1.9927913041146088
 0.0
 0.0
 0.0
 0.49680376723836206
 0.0
 0.0
 2.0
 0.9373114789413928
 0.6052782324656709
 0.20644403807695733
 0.0
 5.0062691766775345
 2.9937308233224655
 0.0
 0.0
 2.0
 1.0
 0.0
 2.0
 6.0
 0.0
 2.0
 1.0
 0.0
 0.0
 1.0052035020677408
 2.4958642480305055
 0.08928657144159713
 1.2066031171940588
 3.379848935062432
 0.4511175974781495
 1.9107134285584029
 0.0
 0.0
 1.0892865714415971
 1.2532867317600478
 0.586551459803891
 0.0
q_opt: 1-dimensional DenseAxisArray{Float64,1,...} with index sets:
    Dimension 1, [(43, 15), (43, 14), (44, 15), (44, 13), (44, 3), (40, 14), (40, 2), (41, 14), (42, 6), (37, 13)  …  (4, 13), (5, 2), (5, 7), (5, 9), (6, 11), (1, 1), (1, 6), (1, 3), (2, 1), (2, 15)]
And data, a 71-element Vector{Float64}:
 0.0
 0.0
 0.0
 0.7467132682399522
 0.9248137337536417
 0.7464608880147081
 0.0
 0.0
 0.0807525982312991
 0.25328673176004773
 0.0
 1.0
 0.0
 0.0
 0.375
 0.0
 0.0
 0.003604347942695596
 0.693724208621795
 0.0
 0.4973982489661296
 0.2535391119852919
 1.0
 0.28138105641158095
 0.2773181689779831
 0.0
 0.3062757913782051
 0.0
 0.9963956520573044
 1.0
 0.9022414233660182
 0.0
 0.0
 0.0
 0.0
 0.0
 0.0
 0.0
 0.09775857663398184
 0.1469730684695555
 0.0
 0.0
 1.0
 0.0
 0.0
 0.718618943588419
 0.0
 1.0
 0.0
 0.0
 0.0
 0.0
 0.0
 0.0
 0.5026017510338704
 0.0
 0.0
 0.0
 0.0
 0.0
 0.0
 0.0
 0.0
 0.0
 0.0
 0.0
 0.0
 0.2669292327907178
 0.07518626624635825
 0.0
 0.8530269315304445



