McCormick lower bound: -652.118886454167

solution time: 0.005778074264526367

w_opt: 1-dimensional DenseAxisArray{Float64,1,...} with index sets:
    Dimension 1, [(25, 1, 2), (25, 1, 1), (25, 1, 14), (20, 1, 2), (20, 1, 1), (20, 1, 14), (1, 1, 2), (1, 1, 1), (1, 1, 14), (2, 1, 2)  …  (20, 15, 23), (20, 15, 3), (8, 15, 30), (8, 15, 29), (8, 15, 23), (8, 15, 3), (2, 15, 30), (2, 15, 29), (2, 15, 23), (2, 15, 3)]
And data, a 261-element Vector{Float64}:
 1.3348773716724476
 0.0
 0.0
 0.0
 0.2535740894682421
 0.0
 0.0
 0.0
 0.0
 0.0
 0.0
 0.0
 0.0
 0.0
 0.0
 0.0
 2.0
 0.0
 0.0
 1.0
 0.0
 0.0
 0.0
 0.0
 0.0
 0.0
 0.0
 0.0
 0.9453594753872347
 1.8360784261617047
 0.0
 0.0
 0.0
 0.0
 0.0
 3.1639215738382953
 0.9058664738894908
 0.0
 0.0
 0.0
 0.0
 0.0
 0.0
 0.0
 0.0
 0.0
 0.0
 0.0
 0.0
 1.354506687085802
 2.9749522285136933
 0.0
 0.0
 0.0
 0.0
 0.0
 0.0
 0.0
 0.0
 2.0
 1.0
 0.0
 0.0
 0.0
 0.0
 0.0
 0.0
 0.0
 0.0
 0.0
 0.0
 0.13004255369545703
 0.3901276610863711
 0.0
 0.75
 2.25
 0.0
 0.5565639239374824
 1.6696917718124473
 0.0
 0.0
 0.0
 0.0
 0.0
 0.0
 0.0
 0.0
 0.0
 0.0
 0.0
 0.0
 0.0
 0.5633935223670605
 1.6901805671011816
 0.0
 0.0
 0.0
 0.0
 0.0
 0.0
 0.0
 2.0
 0.9307452861504653
 0.0
 0.0
 0.0
 0.0
 0.0
 0.0
 0.0
 0.0
 0.0
 0.0
 0.0
 0.0
 0.0
 0.0
 0.0
 4.35582991650773
 1.4519433055025763
 0.0
 0.0
 0.0
 0.999881420916573
 1.1923453570731206
 0.0
 0.0
 0.0
 0.0
 0.0
 0.0
 0.0
 0.0
 0.0
 0.0
 0.0
 0.0
 0.0
 0.0
 0.0
 0.0
 0.0
 0.0
 0.0
 0.0
 0.0
 0.0
 0.7359885087966971
 0.2155907431056235
 0.0
 0.0
 0.1115921479891369
 0.0
 0.5583424456035468
 0.21540185864652323
 0.0
 0.0
 1.4416575543964532
 0.7208287771982266
 0.0
 0.0
 0.0
 0.0
 0.0
 0.0
 0.0
 0.0
 0.0
 0.0
 0.0
 0.0
 0.0
 0.0
 2.0
 0.0
 0.0
 0.0
 0.6192408910893903
 0.0
 0.0
 0.0
 0.0
 0.0
 0.0
 0.0
 0.0
 0.0
 0.0
 0.0
 0.0
 0.0
 0.0
 0.0
 0.0
 1.3807591089106097
 1.0
 0.6192408910893903
 0.0
 0.0
 0.0
 0.0
 0.0
 0.0
 0.0
 0.0
 0.0
 1.4450964639240018
 0.057425603634448485
 0.6651226283275524
 0.554903536075998
 0.1835494370062373
 0.0
 0.0
 0.0
 0.0
 0.0
 0.0
 0.0
 0.0
 0.0
 0.0
 0.0
 0.6410151609792878
 0.0
 0.0
 0.4062826289353081
 0.35898483902071215
 0.0
 0.0
 0.0
 0.0
 0.0
 0.0
 0.0
 0.0
 0.0
 0.0
 0.0
 0.0
 0.0
 0.0
 0.0
 0.0
 0.0
 0.0
 0.0
 0.0
 0.0
 0.0
 0.36583642325223753
 0.0
 0.0
 0.0
 0.0
 0.0
 0.0
 0.0
 1.2446798835960495
 4.474892635021119
 0.0
 0.8170817883738812
x_ij_opt: 1-dimensional DenseAxisArray{Float64,1,...} with index sets:
    Dimension 1, [(43, 30), (43, 22), (43, 6), (44, 22), (45, 30), (45, 29), (45, 28), (45, 24), (45, 23), (40, 29)  …  (5, 7), (5, 14), (6, 4), (6, 3), (1, 14), (1, 10), (1, 23), (1, 1), (3, 2), (3, 1)]
And data, a 116-element Vector{Float64}:
 0.0
 0.0
 0.23651741374056323
 0.0
 0.38948369315171294
 0.0
 1.593717371064692
 0.0
 0.0
 0.0
 0.0
 0.0
 0.0
 0.0
 0.0
 0.0
 0.0
 0.0
 0.0
 0.0
 0.0
 0.0
 0.0
 0.0
 0.0
 0.0
 0.0
 2.0
 0.0
 0.0
 0.0
 0.0
 0.0
 0.0
 0.0
 0.0
 0.0
 0.0
 0.0
 0.0
 0.0
 0.0
 0.0
 0.818123110872202
 0.0
 0.0
 0.0
 0.0
 0.0
 0.0
 0.0
 0.0
 0.0
 0.0
 0.0
 0.3807591089106097
 0.0
 0.644288662575697
 0.06925471384953472
 1.152419343214166
 0.0
 0.0
 0.0
 0.0
 6.0
 0.0
 0.0
 0.0
 0.0
 0.7844092568943765
 0.0
 0.0
 0.0
 0.0
 0.0
 0.0
 0.0
 0.645493312914198
 0.0
 0.0
 0.0
 0.0
 0.0
 0.0
 0.0
 0.0
 0.0
 0.0
 0.0
 0.0
 0.0
 0.0
 0.0
 0.0
 0.0
 0.0
 0.0
 0.7590249593593142
 0.0
 0.18291821162611877
 0.0
 0.0
 0.0
 0.0
 0.0
 0.0
 0.0
 0.0
 0.0
 0.0
 0.0
 0.0
 0.0
 5.746425910531758
 0.0
 0.0
x_il_opt: 1-dimensional DenseAxisArray{Float64,1,...} with index sets:
    Dimension 1, [(43, 15), (43, 14), (44, 15), (44, 13), (44, 3), (40, 14), (40, 2), (41, 14), (42, 6), (37, 13)  …  (4, 13), (5, 2), (5, 7), (5, 9), (6, 11), (1, 1), (1, 6), (1, 3), (2, 1), (2, 15)]
And data, a 71-element Vector{Float64}:
 0.0
 0.6410151609792878
 0.0
 2.1676446958860027
 2.7814379015489394
 0.7652674679560203
 0.0
 0.0
 0.5201702147818281
 0.7384529730822352
 0.0
 3.0
 0.0
 0.0
 3.0
 0.0
 0.0
 0.0
 5.807773222010306
 0.0
 0.0
 0.0
 3.0
 0.77374430425007
 2.2262556957499298
 0.0
 2.192226777989694
 0.0
 2.6192408910893903
 0.9515792519023206
 1.3348773716724476
 0.0
 0.0
 0.0
 0.0
 0.0
 0.0
 0.0
 0.2535740894682421
 0.36583642325223753
 0.0
 0.0
 3.0
 0.0
 0.0
 2.1624863315946796
 0.0
 2.930745286150465
 0.0
 0.0
 0.0
 0.0
 0.0
 0.0
 4.329458915599496
 0.0
 0.0
 4.069788047727786
 0.0
 0.0
 0.0
 0.0
 0.0
 0.0
 0.1115921479891369
 0.0
 0.0
 2.253574089468242
 0.0
 0.0
 6.53665430699105
x_lj_opt: 1-dimensional DenseAxisArray{Float64,1,...} with index sets:
    Dimension 1, [(15, 30), (15, 29), (15, 23), (15, 3), (14, 28), (14, 27), (14, 10), (14, 24), (13, 26), (13, 25)  …  (3, 6), (3, 5), (3, 29), (2, 4), (2, 3), (2, 1), (2, 5), (1, 2), (1, 1), (1, 14)]
And data, a 53-element Vector{Float64}:
 1.610516306848287
 4.474892635021119
 0.0
 0.8170817883738812
 0.4062826289353081
 1.0
 0.0
 0.0
 2.0
 0.24097504064068578
 0.6651226283275524
 1.3807591089106097
 1.0
 0.6192408910893903
 2.0
 0.0
 0.0
 0.0
 0.6192408910893903
 0.0
 0.0
 2.0
 0.9362306358447499
 0.8475806567858339
 0.2155907431056235
 0.0
 5.355711337424303
 2.644288662575697
 0.0
 0.0
 2.0
 0.9307452861504653
 0.0
 2.0
 6.0
 0.0
 2.0
 1.0
 0.0
 0.0
 1.354506687085802
 2.9749522285136933
 0.0
 0.9453594753872347
 5.0
 0.9058664738894908
 2.0
 0.0
 0.0
 1.0
 1.3348773716724476
 0.2535740894682421
 0.0
q_opt: 1-dimensional DenseAxisArray{Float64,1,...} with index sets:
    Dimension 1, [(43, 15), (43, 14), (44, 15), (44, 13), (44, 3), (40, 14), (40, 2), (41, 14), (42, 6), (37, 13)  …  (4, 13), (5, 2), (5, 7), (5, 9), (6, 11), (1, 1), (1, 6), (1, 3), (2, 1), (2, 15)]
And data, a 71-element Vector{Float64}:
 0.0
 0.6410151609792878
 0.0
 0.7225482319620009
 0.4726797376936174
 0.3589848390207122
 0.0
 0.0
 0.06502127684772852
 0.277451768037999
 0.0
 1.0
 0.0
 0.0
 0.375
 0.0
 0.0
 0.0
 0.7259716527512884
 0.0
 0.322746656457099
 0.0
 1.0
 0.2791712228017734
 0.2782819619687412
 0.0
 0.2740283472487116
 0.0
 1.0
 0.9442039260054316
 0.957737651755293
 0.0
 0.0
 0.0
 0.0
 0.0
 0.0
 0.0
 0.04226234824470702
 0.18291821162611877
 0.0
 0.0
 1.0
 0.0
 0.0
 0.7208287771982266
 0.0
 1.0
 0.0
 0.0
 0.0
 0.0
 0.0
 0.0
 0.677253343542901
 0.0
 0.0
 0.5273202623063826
 0.0
 0.0
 0.0
 0.0
 0.0
 0.0
 0.05579607399456845
 0.0
 0.0
 0.28169676118353026
 0.0
 0.0
 0.8170817883738812



