McCormick lower bound: -641.9712856351339

solution time: 0.0056040287017822266

w_opt: 1-dimensional DenseAxisArray{Float64,1,...} with index sets:
    Dimension 1, [(25, 1, 2), (25, 1, 1), (25, 1, 14), (20, 1, 2), (20, 1, 1), (20, 1, 14), (1, 1, 2), (1, 1, 1), (1, 1, 14), (2, 1, 2)  …  (20, 15, 23), (20, 15, 3), (8, 15, 30), (8, 15, 29), (8, 15, 23), (8, 15, 3), (2, 15, 30), (2, 15, 29), (2, 15, 23), (2, 15, 3)]
And data, a 261-element Vector{Float64}:
 1.5627009340088944
 0.0
 0.0
 0.0
 1.25738824515545
 0.0
 0.0
 0.0
 0.0
 0.0
 0.0
 0.0
 0.0
 0.0
 0.0
 0.0
 1.961739479792559
 0.023155946326871124
 0.0
 1.01510457388057
 0.0
 0.0
 0.0
 0.0
 0.0
 0.0
 0.0
 0.0
 1.179677986844395
 3.2749240653139293
 0.0
 0.0
 0.0
 0.0
 0.0
 0.0
 0.0
 0.0
 0.0
 0.0
 0.0
 0.0
 1.0086818761429035
 0.0
 0.5815165409249223
 0.0
 0.0
 0.0
 0.0
 1.1066219221395037
 1.8870846749077268
 0.038260520207441084
 0.0
 0.0
 0.0
 0.0
 0.0
 0.0
 0.0
 1.8266097530601921
 1.0
 0.0
 0.0
 0.0
 0.0
 0.0
 0.0
 0.0
 0.0
 0.0
 0.0
 0.12451930684083856
 0.3735579205225157
 0.0
 0.75
 2.25
 0.0
 0.5680112870970424
 1.1360225741940848
 0.5680112870970424
 0.0
 0.0
 0.0
 0.0
 0.0
 0.0
 0.0
 0.0
 0.0
 0.0
 0.0
 0.0
 0.557469406062119
 1.672408218186357
 0.0
 0.0
 0.0
 0.0
 0.0
 0.0
 0.0
 2.0
 0.9264554592612054
 0.07354454073879457
 0.0
 0.0
 0.0
 0.0
 0.0
 0.0
 0.0
 0.0
 0.0
 0.0
 0.0
 0.0
 0.0
 0.0
 4.573167793233049
 3.1745214807083886
 0.0
 0.0
 0.0
 0.0630776815146401
 0.1892330445439221
 0.0
 0.0
 0.0
 0.0
 0.0
 0.0
 0.0
 0.0
 0.0
 0.0
 0.0
 0.0
 0.0
 0.0
 0.0
 0.0
 0.0
 0.0
 0.0
 0.0
 0.0
 0.0
 0.0
 0.0
 0.0
 0.0
 0.0
 0.0
 0.5292070346879921
 0.1987478169238382
 0.0
 0.0
 1.470792965312008
 0.735396482656004
 0.0
 0.0
 0.0
 0.0
 0.0
 0.0
 0.0
 0.0
 0.0
 0.0
 0.0
 0.0
 0.0
 0.0
 2.0
 0.0
 0.0
 0.0
 0.8323557410849597
 0.0
 0.0
 0.0
 0.0
 0.0
 0.0
 0.0
 0.0
 0.0
 0.0
 0.0
 0.0
 0.0
 0.0
 0.0
 0.0
 1.16764425891504
 0.9076267144971351
 0.924729026587825
 0.0
 0.0
 0.0
 0.0
 0.0
 0.0
 0.0
 0.0
 0.0
 1.427086992848169
 0.27624443043297897
 0.43729906599110563
 0.5729130071518309
 0.20553898916218805
 0.0
 0.0
 0.0
 0.0
 0.0
 0.0
 0.0
 0.0
 0.0
 0.0
 0.0
 0.0
 0.0
 0.0
 0.08057911775157513
 0.23812257840842077
 0.0
 0.0
 0.0
 0.0
 0.0
 0.0
 0.0
 0.7618774215915792
 0.0
 0.0
 0.0
 0.0
 0.0
 0.0
 0.0
 0.0
 0.0
 0.0
 0.0
 0.0
 0.0
 0.0
 0.04631189265374225
 0.0
 0.0
 0.0
 0.0
 0.0
 0.0
 0.0
 1.9536881073462578
 4.066589097269272
 0.0
 0.9768440536731289
x_ij_opt: 1-dimensional DenseAxisArray{Float64,1,...} with index sets:
    Dimension 1, [(43, 30), (43, 22), (43, 6), (44, 22), (45, 30), (45, 29), (45, 28), (45, 24), (45, 23), (40, 29)  …  (5, 7), (5, 14), (6, 4), (6, 3), (1, 14), (1, 10), (1, 23), (1, 1), (3, 2), (3, 1)]
And data, a 116-element Vector{Float64}:
 0.0
 0.0
 0.0
 0.0
 0.0
 0.0
 1.9194208822484249
 0.0
 0.0
 0.0
 0.0
 0.0
 0.0
 0.0
 0.0
 0.0
 0.0
 0.0
 0.25904270587777045
 0.0
 0.0
 0.0
 0.0
 0.0
 0.0
 0.0
 0.0
 2.0
 0.0
 0.0
 0.0
 0.0
 0.0
 0.0
 0.0
 0.0
 0.0
 0.0
 0.0
 0.0
 0.0
 0.0
 0.0
 0.25231072605856264
 0.5680112870970424
 0.0
 0.0
 0.0
 0.0
 0.0
 0.0
 0.0
 0.0
 0.0
 0.0
 0.1676442589150402
 0.0
 1.3637545252523111
 0.07354454073879457
 2.0
 0.0
 0.0
 0.0
 0.0
 6.0
 0.0
 0.0
 0.0
 0.0
 0.7409572941222295
 0.0
 0.0
 0.0
 0.0
 0.0
 0.0
 0.0
 0.8933780778604963
 0.0
 0.0
 0.0
 0.0
 0.0
 0.0
 0.0
 0.0
 0.0
 0.17339024693980787
 0.0
 1.709971360805501
 0.0
 0.0
 0.0
 0.0
 0.0
 0.0
 0.0
 0.518216580404833
 0.0
 0.0
 0.0
 0.0
 0.0
 0.0
 0.0
 0.0
 0.0
 0.0
 0.0
 0.0
 0.0
 0.0
 0.09237328550286489
 4.669067214105755
 0.0
 0.0
x_il_opt: 1-dimensional DenseAxisArray{Float64,1,...} with index sets:
    Dimension 1, [(43, 15), (43, 14), (44, 15), (44, 13), (44, 3), (40, 14), (40, 2), (41, 14), (42, 6), (37, 13)  …  (4, 13), (5, 2), (5, 7), (5, 9), (6, 11), (1, 1), (1, 6), (1, 3), (2, 1), (2, 15)]
And data, a 71-element Vector{Float64}:
 0.0
 0.0
 0.0
 2.1406304892722536
 4.454602052158324
 0.3187016961599959
 0.0
 0.0
 0.49807722736335425
 0.778451996314019
 0.0
 3.0
 0.0
 0.0
 3.0
 0.0
 0.0
 0.0
 7.747689273941438
 0.0
 0.5815165409249223
 0.7618774215915792
 3.0
 0.7279548516118304
 2.2720451483881696
 0.0
 0.2523107260585622
 0.0
 2.83235574108496
 0.0
 1.5627009340088944
 0.0
 0.0
 0.0
 0.0
 0.0
 0.0
 0.0
 1.25738824515545
 0.04631189265374225
 0.0
 0.0
 2.8266097530601924
 0.0
 0.0
 2.206189447968012
 0.0
 3.0
 0.0
 0.0
 0.0
 0.0
 0.0
 0.0
 3.0319671172546716
 0.0
 0.0
 0.0
 0.0
 0.0
 0.0
 0.0
 0.0
 0.0
 0.0
 0.0
 0.0
 2.229877624248476
 1.0086818761429035
 0.0
 6.997121258288659
x_lj_opt: 1-dimensional DenseAxisArray{Float64,1,...} with index sets:
    Dimension 1, [(15, 30), (15, 29), (15, 23), (15, 3), (14, 28), (14, 27), (14, 10), (14, 24), (13, 26), (13, 25)  …  (3, 6), (3, 5), (3, 29), (2, 4), (2, 3), (2, 1), (2, 5), (1, 2), (1, 1), (1, 14)]
And data, a 53-element Vector{Float64}:
 2.0
 4.066589097269272
 0.0
 0.9768440536731289
 0.08057911775157513
 1.0
 0.0
 0.0
 2.0
 0.481783419595167
 0.43729906599110563
 1.1676442589150402
 0.9076267144971351
 0.924729026587825
 2.0
 0.0
 0.0
 0.0
 0.8323557410849598
 0.0
 0.0
 2.0
 0.9341442995798421
 0.0
 0.0
 0.0
 4.636245474747689
 3.3637545252523107
 0.0
 0.0
 2.0
 0.9264554592612054
 0.07354454073879457
 2.0
 5.431988712902958
 0.5680112870970424
 1.8266097530601921
 1.0
 0.0
 0.0
 1.1066219221395037
 2.468601215832649
 0.038260520207441084
 1.179677986844395
 3.2749240653139293
 1.0086818761429035
 1.961739479792559
 0.023155946326871124
 0.0
 1.01510457388057
 1.5627009340088944
 1.25738824515545
 0.0
q_opt: 1-dimensional DenseAxisArray{Float64,1,...} with index sets:
    Dimension 1, [(43, 15), (43, 14), (44, 15), (44, 13), (44, 3), (40, 14), (40, 2), (41, 14), (42, 6), (37, 13)  …  (4, 13), (5, 2), (5, 7), (5, 9), (6, 11), (1, 1), (1, 6), (1, 3), (2, 1), (2, 15)]
And data, a 71-element Vector{Float64}:
 0.0
 0.0
 0.0
 0.7135434964240845
 0.8318863539761827
 0.23812257840842077
 0.0
 0.0
 0.06225965342041928
 0.28645650357591546
 0.0
 1.0
 0.0
 0.0
 0.375
 0.0
 0.0
 0.0
 0.9684611592426797
 0.0
 0.09691942348748706
 0.7618774215915792
 1.0
 0.26460351734399606
 0.2840056435485212
 0.0
 0.031538840757320274
 0.0
 1.0
 0.0
 0.7904352924740917
 0.0
 0.0
 0.0
 0.0
 0.0
 0.0
 0.0
 0.2095647075259083
 0.023155946326871124
 0.0
 0.0
 1.0
 0.0
 0.0
 0.735396482656004
 0.0
 1.0
 0.0
 0.0
 0.0
 0.0
 0.0
 0.0
 0.903080576512513
 0.0
 0.0
 0.0
 0.0
 0.0
 0.0
 0.0
 0.0
 0.0
 1.0
 0.0
 0.0
 0.2787347030310595
 0.16811364602381726
 0.0
 0.9768440536731289



