McCormick lower bound: -641.4256813541497

solution time: 0.005311012268066406

w_opt: 1-dimensional DenseAxisArray{Float64,1,...} with index sets:
    Dimension 1, [(25, 1, 2), (25, 1, 1), (25, 1, 14), (20, 1, 2), (20, 1, 1), (20, 1, 14), (1, 1, 2), (1, 1, 1), (1, 1, 14), (2, 1, 2)  …  (20, 15, 23), (20, 15, 3), (8, 15, 30), (8, 15, 29), (8, 15, 23), (8, 15, 3), (2, 15, 30), (2, 15, 29), (2, 15, 23), (2, 15, 3)]
And data, a 261-element Vector{Float64}:
 1.2729909523711727
 0.0
 0.07148758733883454
 0.0
 1.1503809136192382
 0.0
 0.0
 0.0
 0.0
 0.0
 0.0
 0.0
 0.0
 0.0
 0.0
 0.0
 1.9830748374190121
 0.0
 0.0
 1.0169251625809879
 0.0
 0.0
 0.0
 0.0
 0.0
 0.0
 0.0
 0.0
 0.9674912542730563
 3.414305217844956
 0.0
 0.0
 0.0
 0.0
 0.0
 0.0
 0.0
 0.0
 0.0
 0.0
 0.0
 0.0
 1.0833875272666589
 0.0
 0.49705220704379527
 0.0
 0.0
 0.0
 0.0
 1.0472274050924797
 1.8674347892401848
 0.016925162580987863
 0.0
 0.0
 0.0
 0.0
 0.0
 0.0
 0.0
 2.0
 1.0
 0.0
 0.0
 0.0
 0.0
 0.0
 0.0
 0.0
 0.0
 0.0
 0.0
 0.0
 0.0
 0.0
 0.75
 2.25
 0.0
 0.500934816217705
 1.5028044486531145
 0.0
 0.0
 0.0
 0.0
 0.0
 0.0
 0.0
 0.0
 0.0
 0.0
 0.0
 0.0
 0.0
 0.749065183782295
 2.2471955513468855
 0.0
 0.0
 0.0
 0.0
 0.0
 0.0
 0.0
 1.9285124126611655
 0.8516504276317034
 0.112605778698879
 0.0
 0.0
 0.1072313810082518
 0.0
 0.0
 0.0
 0.0
 0.0
 0.0
 0.0
 0.0
 0.0
 0.0
 0.0
 4.4514670967621734
 2.5160241575108833
 0.0
 0.0
 0.0
 0.2581271864317358
 0.7743815592952075
 0.0
 0.0
 0.0
 0.0
 0.0
 0.0
 0.0
 0.0
 0.0
 0.0
 0.0
 0.0
 0.0
 0.0
 0.0
 0.0
 0.0
 0.0
 0.0
 0.0
 0.0
 0.0
 0.0
 0.216766171115606
 0.0
 0.0
 0.0
 0.0
 0.732474388766251
 0.2637863463629294
 0.0
 0.0
 1.267525611233749
 0.6337628056168744
 0.0
 0.0
 0.0
 0.0
 0.0
 0.0
 0.0
 0.0
 0.0
 0.0
 0.0
 0.0
 0.0
 0.0
 2.0
 0.0
 0.0
 0.0
 0.6548927130900708
 0.0
 0.0
 0.0
 0.0
 0.0
 0.0
 0.0
 0.0
 0.0
 0.0
 0.0
 0.0
 0.0
 0.0
 0.0
 0.0
 1.3451072869099292
 0.9482977026268317
 0.7065950104632391
 0.0
 0.0
 0.0
 0.0
 0.0
 0.0
 0.0
 0.0
 0.0
 1.3969234762511178
 0.0
 0.7270090476288275
 0.5840449840800368
 0.2432111123971685
 0.0
 0.0
 0.0
 0.0
 0.0
 0.0
 0.0
 0.0
 0.0
 0.0
 0.0
 0.0
 0.0
 0.0
 0.4216650143932249
 0.540864927646352
 0.0
 0.0
 0.0
 0.0
 0.0
 0.0
 0.0
 0.45913507235364803
 0.0
 0.0
 0.0
 0.0
 0.0
 0.0
 0.0
 0.0
 0.0
 0.0
 0.0
 0.0
 0.0
 0.0
 0.0
 0.0
 0.0
 0.0
 0.0
 0.0
 0.0
 0.0
 2.0
 4.210017462270102
 0.0
 1.0
x_ij_opt: 1-dimensional DenseAxisArray{Float64,1,...} with index sets:
    Dimension 1, [(43, 30), (43, 22), (43, 6), (44, 22), (45, 30), (45, 29), (45, 28), (45, 24), (45, 23), (40, 29)  …  (5, 7), (5, 14), (6, 4), (6, 3), (1, 14), (1, 10), (1, 23), (1, 1), (3, 2), (3, 1)]
And data, a 116-element Vector{Float64}:
 0.0
 0.0
 0.0
 0.0
 0.0
 0.0
 1.5783349856067752
 0.0
 0.0
 0.0
 0.0
 0.0
 0.0
 0.0
 0.0
 0.0
 0.0
 0.0
 0.0
 0.0
 0.761132486442639
 0.0
 0.0
 0.0
 0.01903153966884541
 0.0
 0.0
 2.0
 0.0
 0.0
 0.0
 0.0
 0.0
 0.0
 0.0
 0.0
 0.0
 0.0
 0.0
 0.0
 0.0
 0.0
 0.0
 1.0325087457269437
 0.0
 0.0
 0.0
 0.0
 0.0
 0.0
 0.0
 0.0
 0.0
 0.0
 0.0
 0.3451072869099292
 0.0
 1.2904057168060907
 0.1483495723682966
 2.0
 0.0
 0.0
 0.0
 0.0
 6.0
 0.0
 0.0
 0.0
 0.0
 0.783233828884394
 0.0
 0.0
 0.0
 0.0
 0.0
 0.0
 0.0
 0.9527725949075203
 0.0
 0.0
 0.0
 0.0
 0.0
 0.0
 0.0
 0.0
 0.0
 0.0
 0.0
 1.5687696195740566
 0.0
 0.0
 0.0
 0.0
 0.0
 0.0
 0.0
 0.7567888876028315
 0.0
 0.0
 0.0
 0.0
 0.0
 0.0
 0.0
 0.0
 0.0
 0.0
 0.0
 0.0
 0.0
 0.0
 0.05170229737316834
 3.8686494402309917
 0.0
 0.0
x_il_opt: 1-dimensional DenseAxisArray{Float64,1,...} with index sets:
    Dimension 1, [(43, 15), (43, 14), (44, 15), (44, 13), (44, 3), (40, 14), (40, 2), (41, 14), (42, 6), (37, 13)  …  (4, 13), (5, 2), (5, 7), (5, 9), (6, 11), (1, 1), (1, 6), (1, 3), (2, 1), (2, 15)]
And data, a 71-element Vector{Float64}:
 0.0
 0.0
 0.0
 2.123932523879945
 4.381796472118012
 0.9625299420395769
 0.0
 0.0
 0.0
 0.8272560964772053
 0.0
 3.0
 0.0
 0.0
 3.0
 0.0
 0.0
 0.0
 6.967491254273057
 0.0
 0.49705220704379527
 0.45913507235364803
 3.0
 0.9962607351291807
 2.0037392648708194
 0.0
 1.0325087457269433
 0.0
 2.654892713090071
 0.21676617111560603
 1.3444785397100072
 0.0
 0.0
 0.0
 0.0
 0.0
 0.0
 0.0
 1.1503809136192382
 0.0
 0.0
 0.0
 3.0
 0.0
 0.0
 1.9012884168506234
 0.0
 2.892768618991748
 0.0
 0.0
 0.0
 0.0
 0.0
 0.0
 2.9315873569136524
 0.0
 0.0
 0.0
 0.0
 0.0
 0.0
 0.0
 0.0
 0.1072313810082518
 0.0
 0.0
 0.0
 2.9962607351291806
 1.0833875272666589
 0.0
 7.210017462270102
x_lj_opt: 1-dimensional DenseAxisArray{Float64,1,...} with index sets:
    Dimension 1, [(15, 30), (15, 29), (15, 23), (15, 3), (14, 28), (14, 27), (14, 10), (14, 24), (13, 26), (13, 25)  …  (3, 6), (3, 5), (3, 29), (2, 4), (2, 3), (2, 1), (2, 5), (1, 2), (1, 1), (1, 14)]
And data, a 53-element Vector{Float64}:
 2.0
 4.210017462270102
 0.0
 1.0
 0.4216650143932249
 1.0
 0.0
 0.0
 1.9809684603311546
 0.2432111123971685
 0.7270090476288275
 1.3451072869099292
 0.9482977026268317
 0.7065950104632391
 2.0
 0.0
 0.0
 0.0
 0.6548927130900708
 0.0
 0.0
 2.0
 0.8975491519798038
 0.0
 0.216766171115606
 0.0
 4.709594283193909
 3.2904057168060907
 0.0
 0.0
 1.9285124126611655
 0.8516504276317034
 0.2198371597071308
 2.0
 6.0
 0.0
 2.0
 1.0
 0.0
 0.0
 1.0472274050924797
 2.36448699628398
 0.016925162580987863
 0.9674912542730563
 3.414305217844956
 1.0833875272666589
 1.9830748374190121
 0.0
 0.0
 1.0169251625809879
 1.2729909523711727
 1.1503809136192382
 0.07148758733883454
q_opt: 1-dimensional DenseAxisArray{Float64,1,...} with index sets:
    Dimension 1, [(43, 15), (43, 14), (44, 15), (44, 13), (44, 3), (40, 14), (40, 2), (41, 14), (42, 6), (37, 13)  …  (4, 13), (5, 2), (5, 7), (5, 9), (6, 11), (1, 1), (1, 6), (1, 3), (2, 1), (2, 15)]
And data, a 71-element Vector{Float64}:
 0.0
 0.0
 0.0
 0.7079775079599817
 0.8194354121222235
 0.540864927646352
 0.0
 0.0
 0.0
 0.2920224920400184
 0.0
 1.0
 0.0
 0.0
 0.375
 0.0
 0.0
 0.0
 0.8709364067841321
 0.0
 0.08284203450729921
 0.45913507235364803
 1.0
 0.36623719438312563
 0.2504674081088525
 0.0
 0.1290635932158679
 0.0
 1.0
 1.0
 0.808269847730127
 0.0
 0.0
 0.0
 0.0
 0.0
 0.0
 0.0
 0.19173015226987303
 0.0
 0.0
 0.0
 1.0
 0.0
 0.0
 0.6337628056168744
 0.0
 0.9642562063305827
 0.0
 0.0
 0.0
 0.0
 0.0
 0.0
 0.9171579654927008
 0.0
 0.0
 0.0
 0.0
 0.0
 0.0
 0.0
 0.0
 0.03574379366941727
 0.0
 0.0
 0.0
 0.37453259189114757
 0.1805645878777765
 0.0
 1.0



