McCormick lower bound: -645.953729837668

solution time: 0.006265878677368164

w_opt: 1-dimensional DenseAxisArray{Float64,1,...} with index sets:
    Dimension 1, [(25, 1, 2), (25, 1, 1), (25, 1, 14), (20, 1, 2), (20, 1, 1), (20, 1, 14), (1, 1, 2), (1, 1, 1), (1, 1, 14), (2, 1, 2)  …  (20, 15, 23), (20, 15, 3), (8, 15, 30), (8, 15, 29), (8, 15, 23), (8, 15, 3), (2, 15, 30), (2, 15, 29), (2, 15, 23), (2, 15, 3)]
And data, a 261-element Vector{Float64}:
 1.4231135709015075
 0.1371614739859901
 0.10656798117505362
 0.0
 1.260037623905174
 0.0
 0.0
 0.0
 0.0
 0.0
 0.0
 0.0
 0.0
 0.0
 0.0
 0.0
 2.0
 0.0
 0.0
 1.0
 0.0
 0.0
 0.0
 0.0
 0.0
 0.0
 0.0
 0.0
 1.2051154245350555
 2.27911668572683
 0.0
 0.0
 0.0
 0.0
 0.0
 1.4813902523233908
 0.0
 0.0
 0.0
 0.0
 0.0
 0.0
 0.9032634740714428
 0.0
 0.0
 0.0
 0.0
 0.0
 0.0
 1.4294101879142016
 3.5609720920507892
 0.0
 0.0
 0.0
 0.0
 0.0
 0.0
 0.0
 0.0
 2.0
 1.0
 0.0
 0.0
 0.0
 0.0
 0.0
 0.0
 0.0
 0.0
 0.0
 0.0
 0.016728368732984444
 0.05018510619895333
 0.0
 0.75
 2.25
 0.0
 0.544969145988567
 1.6349074379657011
 0.0
 0.0
 0.0
 0.0
 0.0
 0.0
 0.0
 0.0
 0.0
 0.0
 0.0
 0.0
 0.0
 0.6883024852784485
 2.0649074558353453
 0.0
 0.0
 0.0
 0.0
 0.0
 0.0
 0.0
 1.8934320188249465
 0.827224002997552
 0.27934397817750145
 0.0
 0.0
 0.0
 0.0
 0.0
 0.0
 0.0
 0.0
 0.0
 0.0
 0.0
 0.0
 0.0
 0.0
 3.956535682561656
 1.146069230518104
 0.0
 0.17277599700244795
 0.0
 1.4316604124866852
 1.2929586774311068
 0.0
 0.0
 0.0
 0.0
 0.0
 0.0
 0.0
 0.0
 0.0
 0.0
 0.0
 0.0
 0.0
 0.0
 0.0
 0.0
 0.0
 0.0
 0.0
 0.0
 0.0
 0.0
 0.7213530689857901
 0.0
 0.0
 0.0
 0.0
 0.0
 0.589410840279701
 0.23071257576603066
 0.0
 0.0
 1.410589159720299
 0.7052945798601495
 0.0
 0.0
 0.0
 0.0
 0.0
 0.5335218918689437
 0.0
 0.0
 0.0
 0.0
 0.0
 0.0
 0.0
 0.0
 1.7915859073230183
 0.0
 0.0
 0.0
 0.5024429225961466
 0.7059711700808351
 0.0
 0.0
 0.0
 0.0
 0.0
 0.0
 0.0
 0.0
 0.0
 0.0
 0.0
 0.0
 0.0
 0.0
 0.0
 1.4975570774038534
 0.9799303391165715
 0.522512583479575
 0.0
 0.0
 0.0
 0.0
 0.0
 0.0
 0.0
 0.0
 0.0
 1.4142940040200476
 0.13026057291153137
 0.5768864290984925
 0.5857059959799524
 0.21324814956055596
 0.0
 0.0
 0.0
 0.0
 0.0
 0.0
 0.0
 0.0
 0.0
 0.0
 0.0
 0.6389223132955364
 0.0
 0.0
 0.25958146940414173
 0.36107768670446355
 0.0
 0.0
 0.0
 0.0
 0.0
 0.0
 0.0
 0.0
 0.0
 0.0
 0.0
 0.0
 0.0
 0.0
 0.0
 0.0
 0.0
 0.0
 0.0
 0.0
 0.0
 0.0
 0.06623909151473995
 0.0
 0.0
 0.0
 0.0
 0.0
 0.0
 0.0
 1.93376090848526
 4.574223942448983
 0.0
 0.96688045424263
x_ij_opt: 1-dimensional DenseAxisArray{Float64,1,...} with index sets:
    Dimension 1, [(43, 30), (43, 22), (43, 6), (44, 22), (45, 30), (45, 29), (45, 28), (45, 24), (45, 23), (40, 29)  …  (5, 7), (5, 14), (6, 4), (6, 3), (1, 14), (1, 10), (1, 23), (1, 1), (3, 2), (3, 1)]
And data, a 116-element Vector{Float64}:
 0.0
 0.20841409267698174
 0.0
 0.0
 0.0
 0.0
 1.7404185305958584
 0.0
 0.0
 0.0
 0.0
 0.0
 0.0
 0.0
 0.0
 0.0
 0.0
 0.0
 0.28334823336987247
 0.0
 0.0
 0.0
 0.0
 0.0
 0.0
 0.0
 0.0
 2.0
 0.0
 0.0
 0.0
 0.0
 0.0
 0.0
 0.0
 0.0
 0.0
 0.0
 0.0
 0.0
 0.0
 0.0
 0.0
 0.7948845754649445
 0.0
 0.0
 0.0
 0.0
 0.0
 0.0
 0.0
 0.0
 0.0
 0.0
 0.0
 0.0
 0.0
 0.6118039049516587
 0.0
 1.27864693101421
 0.0
 0.0
 0.0
 0.0
 6.0
 0.0
 0.0
 0.0
 0.0
 0.7166517666301275
 0.0
 0.0
 0.0
 0.0
 0.0
 0.0
 0.0
 0.5705898120857984
 0.0
 0.0
 0.0
 0.0
 0.0
 0.0
 0.0
 0.0
 0.0
 0.0
 0.0
 0.0
 0.0
 0.0
 0.0
 0.0
 0.0
 0.0
 0.0
 0.6564912775279127
 0.0
 0.03311954575736997
 0.0
 0.0
 0.0
 0.0
 0.0
 0.0
 0.0
 0.0
 0.0
 0.0
 0.0
 0.0
 0.02006966088342854
 4.323456923931334
 0.0
 0.0
x_il_opt: 1-dimensional DenseAxisArray{Float64,1,...} with index sets:
    Dimension 1, [(43, 15), (43, 14), (44, 15), (44, 13), (44, 3), (40, 14), (40, 2), (41, 14), (42, 6), (37, 13)  …  (4, 13), (5, 2), (5, 7), (5, 9), (6, 11), (1, 1), (1, 6), (1, 3), (2, 1), (2, 15)]
And data, a 71-element Vector{Float64}:
 0.0
 0.6389223132955364
 0.0
 2.1214410060300715
 3.4842321102618854
 0.6206591561086052
 0.0
 0.0
 0.06691347493193778
 0.7989541455405084
 0.0
 3.0
 0.0
 0.0
 3.0
 0.0
 0.0
 0.5335218918689437
 5.275380910082209
 0.0
 0.0
 0.0
 3.0
 0.8201234160457316
 2.179876583954268
 0.0
 2.724619089917792
 0.0
 3.0
 0.7213530689857902
 1.6668430260625513
 0.0
 0.0
 0.0
 0.0
 0.0
 0.0
 0.0
 1.260037623905174
 0.06623909151473995
 0.0
 0.0
 3.0
 0.0
 0.0
 2.1158837395804486
 0.0
 3.0
 0.0
 0.0
 0.0
 0.0
 0.0
 0.0
 4.990382279964991
 0.0
 0.0
 1.4813902523233908
 0.0
 0.0
 0.0
 0.0
 0.0
 0.0
 0.0
 0.0
 0.0
 2.753209941113794
 0.9032634740714428
 0.0
 7.4748653051768725
x_lj_opt: 1-dimensional DenseAxisArray{Float64,1,...} with index sets:
    Dimension 1, [(15, 30), (15, 29), (15, 23), (15, 3), (14, 28), (14, 27), (14, 10), (14, 24), (13, 26), (13, 25)  …  (3, 6), (3, 5), (3, 29), (2, 4), (2, 3), (2, 1), (2, 5), (1, 2), (1, 1), (1, 14)]
And data, a 53-element Vector{Float64}:
 2.0
 4.574223942448983
 0.0
 0.96688045424263
 0.25958146940414173
 1.0
 0.0
 0.0
 2.0
 0.3435087224720873
 0.5768864290984925
 1.4975570774038534
 0.9799303391165715
 0.522512583479575
 1.7915859073230183
 0.0
 0.0
 0.0
 0.5024429225961466
 1.2394930619497788
 0.0
 2.0
 0.9360071556261802
 0.7213530689857901
 0.0
 0.0
 5.388196095048341
 2.4390279079492108
 0.0
 0.17277599700244795
 1.8934320188249465
 0.827224002997552
 0.27934397817750145
 2.0
 6.0
 0.0
 2.0
 1.0
 0.0
 0.0
 1.4294101879142016
 3.5609720920507892
 0.0
 1.2051154245350555
 3.760506938050221
 0.9032634740714428
 2.0
 0.0
 0.0
 1.0
 1.4231135709015075
 1.3971990978911641
 0.10656798117505362
q_opt: 1-dimensional DenseAxisArray{Float64,1,...} with index sets:
    Dimension 1, [(43, 15), (43, 14), (44, 15), (44, 13), (44, 3), (40, 14), (40, 2), (41, 14), (42, 6), (37, 13)  …  (4, 13), (5, 2), (5, 7), (5, 9), (6, 11), (1, 1), (1, 6), (1, 3), (2, 1), (2, 15)]
And data, a 71-element Vector{Float64}:
 0.0
 0.6389223132955364
 0.0
 0.7071470020100238
 0.6025577122675277
 0.36107768670446355
 0.0
 0.0
 0.008364184366492222
 0.2928529979899762
 0.0
 1.0
 0.0
 0.0
 0.375
 0.0
 0.0
 0.10420704633849087
 0.659422613760276
 0.0
 0.2852949060428992
 0.0
 1.0
 0.29470542013985046
 0.2724845729942835
 0.0
 0.340577386239724
 0.0
 0.8957929536615091
 1.0
 0.7899937293491377
 0.0
 0.0
 0.0
 0.0
 0.0
 0.0
 0.0
 0.21000627065086233
 0.03311954575736997
 0.0
 0.0
 1.0
 0.0
 0.0
 0.7052945798601495
 0.0
 1.0
 0.0
 0.0
 0.0
 0.0
 0.0
 0.0
 0.7147050939571008
 0.0
 0.0
 0.2468983753872318
 0.0
 0.0
 0.0
 0.0
 0.0
 0.0
 0.0
 0.0
 0.0
 0.34415124263922425
 0.15054391234524048
 0.0
 0.96688045424263



