McCormick lower bound: -648.2342935282607

solution time: 0.005693912506103516

w_opt: 1-dimensional DenseAxisArray{Float64,1,...} with index sets:
    Dimension 1, [(25, 1, 2), (25, 1, 1), (25, 1, 14), (20, 1, 2), (20, 1, 1), (20, 1, 14), (1, 1, 2), (1, 1, 1), (1, 1, 14), (2, 1, 2)  …  (20, 15, 23), (20, 15, 3), (8, 15, 30), (8, 15, 29), (8, 15, 23), (8, 15, 3), (2, 15, 30), (2, 15, 29), (2, 15, 23), (2, 15, 3)]
And data, a 261-element Vector{Float64}:
 1.2339915677481663
 0.5695753939937851
 0.0
 0.0
 2.1883925172177374
 0.0
 0.0
 0.0
 0.0
 0.0
 0.0
 0.0
 0.0
 0.0
 0.0
 0.0
 2.0
 0.0
 0.0
 1.0
 0.0
 0.0
 0.0
 0.0
 0.0
 0.0
 0.0
 0.0
 1.0138401525853926
 3.145627602337589
 0.0
 0.0
 0.0
 0.0
 0.0
 0.0
 0.0
 0.0
 0.0
 0.0
 0.0
 1.6016476978595522
 0.7816357427611552
 0.0
 0.0
 0.0
 0.0
 0.0
 0.0
 1.4433570438075969
 2.799487902871663
 0.0
 0.0
 0.0
 0.0
 0.0
 0.0
 0.0
 0.0
 2.0
 1.0
 0.0
 0.0
 0.0
 0.0
 0.0
 0.0
 0.0
 0.0
 0.0
 0.0
 0.09767494894734163
 0.2930248468420249
 0.0
 0.75
 2.25
 0.0
 0.5668114701529434
 1.7004344104588303
 0.0
 0.0
 0.0
 0.0
 0.0
 0.0
 0.0
 0.0
 0.0
 0.0
 0.0
 0.0
 0.0
 0.585513580899715
 1.7565407426991448
 0.0
 0.0
 0.0
 0.0
 0.0
 0.0
 0.0
 2.0
 0.9941574459056862
 0.005842554094313779
 0.0
 0.0
 0.0
 0.0
 0.0
 0.0
 0.0
 0.0
 0.0
 0.0
 0.0
 0.0
 0.0
 0.0
 5.186476782827307
 1.7288255942757687
 0.0
 0.0
 0.0
 0.3755767759562394
 0.7091208469406851
 0.0
 0.0
 0.0
 0.0
 0.0
 0.0
 0.0
 0.0
 0.0
 0.0
 0.0
 0.0
 0.0
 0.0
 0.0
 0.0
 0.0
 0.0
 0.0
 0.0
 0.0
 0.0
 0.5454064359694523
 0.20723760697782867
 0.0
 0.0
 0.0036613978760086097
 0.0
 0.5327804480219408
 0.19997367136628547
 0.0
 0.0
 1.4672195519780593
 0.7336097759890297
 0.0
 0.0
 0.0
 0.0
 0.0
 0.0
 0.0
 0.0
 0.0
 0.0
 0.0
 0.0
 0.0
 0.0
 1.5007748993084087
 0.0
 0.0
 0.0
 0.48393474497684874
 0.2527246998028591
 0.0
 0.0
 0.0
 0.0
 0.0
 0.0
 0.0
 0.0
 0.0
 0.0
 0.0
 0.0
 0.0
 0.0
 0.0
 1.5160652550231515
 0.9615272989137315
 0.5224074460631171
 0.0
 0.0
 0.0
 0.0
 0.0
 0.0
 0.0
 0.0
 0.0
 1.3941867631611717
 0.0
 0.7660084322518336
 0.5598698697246631
 0.1516077034705936
 0.0
 0.0
 0.0
 0.0
 0.0
 0.0
 0.0
 0.0
 0.0
 0.0
 0.0
 0.0
 0.0
 0.0
 0.44242383021675297
 0.055186910168523284
 0.0
 0.0
 0.0
 0.0
 0.0
 0.0
 0.0
 0.7787880848916235
 0.0
 0.0
 0.0
 0.0
 0.0
 0.0
 0.0
 0.0
 0.0
 0.0
 0.0
 0.0
 0.0
 0.0
 0.018845089760091544
 0.0
 0.0
 0.0
 0.0
 0.0
 0.0
 0.0
 1.9811549102399084
 4.695956811175727
 0.0
 0.9905774551199542
x_ij_opt: 1-dimensional DenseAxisArray{Float64,1,...} with index sets:
    Dimension 1, [(43, 30), (43, 22), (43, 6), (44, 22), (45, 30), (45, 29), (45, 28), (45, 24), (45, 23), (40, 29)  …  (5, 7), (5, 14), (6, 4), (6, 3), (1, 14), (1, 10), (1, 23), (1, 1), (3, 2), (3, 1)]
And data, a 116-element Vector{Float64}:
 0.0
 0.4992251006915913
 0.0
 0.0
 0.0
 0.0
 1.557576169783247
 0.0
 0.0
 0.0
 0.0
 0.0
 0.0
 0.0
 0.0
 0.0
 0.0
 0.0
 0.0
 0.0
 0.0
 0.0
 0.0
 0.0
 0.045943367114165135
 0.0
 0.0
 2.0
 0.0
 0.0
 0.0
 0.0
 0.0
 0.0
 0.0
 0.0
 0.0
 0.0
 0.0
 0.0
 0.0
 0.0
 0.0
 0.9861598474146074
 0.0
 0.0
 0.0
 0.0
 0.0
 0.0
 0.0
 0.0
 0.0
 0.0
 0.0
 0.7625656559118832
 0.0
 0.43794644121645376
 0.005842554094313779
 1.4509321661545391
 0.0
 0.0
 0.0
 0.0
 6.0
 0.0
 0.0
 0.0
 0.0
 0.7927623930221713
 0.0
 0.0
 0.0
 0.0
 0.0
 0.0
 0.16602500493985317
 0.5566429561924031
 0.0
 0.0
 0.0
 0.0
 0.0
 0.0
 0.0
 0.0
 0.0
 0.0
 0.0
 0.0
 0.0
 0.0
 0.0
 0.0
 0.0
 0.0
 0.0
 0.8483922965294064
 0.0
 0.009422544880045791
 0.0
 0.0
 0.0
 0.0
 0.0
 0.0
 0.0
 0.0
 0.0
 0.0
 0.0
 0.0
 0.038472701086268546
 3.2361895346941636
 0.0
 0.0
x_il_opt: 1-dimensional DenseAxisArray{Float64,1,...} with index sets:
    Dimension 1, [(43, 15), (43, 14), (44, 15), (44, 13), (44, 3), (40, 14), (40, 2), (41, 14), (42, 6), (37, 13)  …  (4, 13), (5, 2), (5, 7), (5, 9), (6, 11), (1, 1), (1, 6), (1, 3), (2, 1), (2, 15)]
And data, a 71-element Vector{Float64}:
 0.0
 0.0
 0.0
 2.160195195413005
 4.159467754922981
 0.49761074038527625
 0.0
 0.0
 0.39069979578936653
 0.7114775731952567
 0.0
 3.0
 0.0
 0.0
 3.0
 0.0
 0.0
 0.0
 6.9153023771030755
 0.0
 0.0
 0.7787880848916235
 3.0
 0.7327541193882262
 2.2672458806117737
 0.0
 1.0846976228969245
 0.0
 2.2374343440881166
 0.7526440429472809
 1.8035669617419514
 0.0
 0.0
 0.0
 0.0
 0.0
 0.0
 0.0
 2.1883925172177374
 0.018845089760091544
 0.0
 0.0
 3.0
 0.0
 0.0
 2.2008293279670887
 0.0
 3.0
 0.0
 0.0
 0.0
 0.0
 0.0
 0.0
 4.242844946679259
 0.0
 0.0
 0.0
 0.0
 0.0
 0.0
 0.0
 0.0
 0.0
 0.0036613978760086097
 0.0
 0.0
 2.34205432359886
 2.3832834406207075
 0.0
 7.66768917653559
x_lj_opt: 1-dimensional DenseAxisArray{Float64,1,...} with index sets:
    Dimension 1, [(15, 30), (15, 29), (15, 23), (15, 3), (14, 28), (14, 27), (14, 10), (14, 24), (13, 26), (13, 25)  …  (3, 6), (3, 5), (3, 29), (2, 4), (2, 3), (2, 1), (2, 5), (1, 2), (1, 1), (1, 14)]
And data, a 53-element Vector{Float64}:
 2.0
 4.695956811175727
 0.0
 0.9905774551199542
 0.44242383021675297
 0.8339749950601468
 0.0
 0.0
 1.9540566328858349
 0.1516077034705936
 0.7660084322518337
 1.5160652550231513
 0.9615272989137315
 0.5224074460631171
 1.5007748993084087
 0.0
 0.0
 0.0
 0.48393474497684874
 0.2527246998028591
 0.0
 2.0
 0.9335834473553151
 0.5490678338454609
 0.20723760697782867
 0.0
 5.562053558783546
 2.4379464412164538
 0.0
 0.0
 2.0
 0.9941574459056862
 0.005842554094313779
 2.0
 6.0
 0.0
 2.0
 1.0
 0.0
 0.0
 1.4433570438075969
 2.799487902871663
 0.0
 1.0138401525853926
 4.747275300197141
 0.7816357427611552
 2.0
 0.0
 0.0
 1.0
 1.2339915677481663
 2.7579679112115225
 0.0
q_opt: 1-dimensional DenseAxisArray{Float64,1,...} with index sets:
    Dimension 1, [(43, 15), (43, 14), (44, 15), (44, 13), (44, 3), (40, 14), (40, 2), (41, 14), (42, 6), (37, 13)  …  (4, 13), (5, 2), (5, 7), (5, 9), (6, 11), (1, 1), (1, 6), (1, 3), (2, 1), (2, 15)]
And data, a 71-element Vector{Float64}:
 0.0
 0.0
 0.0
 0.7200650651376685
 0.7020895699224116
 0.22121191510837648
 0.0
 0.0
 0.04883747447367082
 0.27993493486233156
 0.0
 1.0
 0.0
 0.0
 0.375
 0.0
 0.0
 0.24961255034579566
 0.8644127971378844
 0.0
 0.0
 0.7787880848916235
 1.0
 0.26639022401097034
 0.2834057350764717
 0.0
 0.13558720286211556
 0.0
 0.7503874496542043
 0.9981693010619958
 0.6352679137970438
 0.0
 0.0
 0.0
 0.0
 0.0
 0.0
 0.0
 0.3647320862029562
 0.009422544880045772
 0.0
 0.0
 1.0
 0.0
 0.27832147809620156
 0.7336097759890297
 0.0
 1.0
 0.0
 0.0
 0.0
 0.0
 0.0
 0.0
 0.7216785219037984
 0.0
 0.0
 0.0
 0.0
 0.0
 0.0
 0.0
 0.0
 0.0
 0.0018306989380043048
 0.0
 0.0
 0.2927567904498575
 0.29791043007758844
 0.0
 0.9905774551199542



