McCormick lower bound: -643.0784659325403

solution time: 0.005146980285644531

w_opt: 1-dimensional DenseAxisArray{Float64,1,...} with index sets:
    Dimension 1, [(25, 1, 2), (25, 1, 1), (25, 1, 14), (20, 1, 2), (20, 1, 1), (20, 1, 14), (1, 1, 2), (1, 1, 1), (1, 1, 14), (2, 1, 2)  …  (20, 15, 23), (20, 15, 3), (8, 15, 30), (8, 15, 29), (8, 15, 23), (8, 15, 3), (2, 15, 30), (2, 15, 29), (2, 15, 23), (2, 15, 3)]
And data, a 261-element Vector{Float64}:
 1.5717285963525538
 0.0
 0.0
 0.0
 0.833944506753352
 0.0
 0.0
 0.0
 0.0
 0.0
 0.0
 0.0
 0.0
 0.0
 0.0
 0.0
 2.0
 0.0
 0.0
 1.0
 0.0
 0.0
 0.0
 0.0
 0.0
 0.0
 0.0
 0.0
 1.0979873096969792
 1.9081579671154296
 0.0
 0.0
 0.0
 0.0
 0.0
 1.6395044638797458
 0.0
 0.0
 0.0
 0.0
 0.0
 0.18753933293719527
 1.0665336070293172
 0.0
 0.7085816702836687
 0.0
 0.0
 0.0
 0.0
 1.2690379073706606
 2.8198198718215264
 0.0
 0.0
 0.0
 0.0
 0.0
 0.0
 0.0
 0.0
 2.0
 1.0
 0.0
 0.0
 0.0
 0.0
 0.0
 0.0
 0.0
 0.0
 0.0
 0.0
 0.3065491100277009
 0.9196473300831027
 0.0
 0.7500000000000001
 2.25
 0.0
 0.5564008289842202
 1.6692024869526605
 0.0
 0.0
 0.0
 0.0
 0.0
 0.0
 0.0
 0.0
 0.0
 0.0
 0.0
 0.0
 0.0
 0.3870500609880789
 1.1611501829642368
 0.0
 0.0
 0.0
 0.0
 0.0
 0.0
 0.0
 2.0
 0.9105290698378931
 0.0
 0.0
 0.0
 0.0
 0.0
 0.0
 0.0
 0.0
 0.0
 0.0
 0.0
 0.0
 0.0
 0.0
 0.0
 4.8104851106827216
 1.603495036894241
 0.0
 0.0
 0.0
 0.7179164314224732
 0.8681034210005638
 0.0
 0.0
 0.0
 0.0
 0.0
 0.0
 0.0
 0.0
 0.0
 0.0
 0.0
 0.0
 0.0
 0.0
 0.0
 0.0
 0.0
 0.0
 0.0
 0.0
 0.0
 0.0
 0.867202015590535
 0.0
 0.0
 0.0
 0.0
 0.0
 0.5651147666744265
 0.2092819173886927
 0.0
 0.0
 1.4348852333255735
 0.7174426166627867
 0.0
 0.0
 0.0
 0.0
 0.0
 0.5925487610654772
 0.0
 0.0
 0.0
 0.0
 0.0
 0.0
 0.0
 0.0
 1.8024837463115075
 0.0
 0.0
 0.0
 0.5252667786863401
 0.6722494750021524
 0.0
 0.0
 0.0
 0.0
 0.0
 0.0
 0.0
 0.0
 0.0
 0.0
 0.0
 0.0
 0.0
 0.0
 0.0
 1.47473322131366
 0.9683286771654758
 0.5569381015208643
 0.0
 0.0
 0.0
 0.0
 0.0
 0.0
 0.0
 0.0
 0.0
 1.493700142386313
 0.31857866754571046
 0.42827140364744626
 0.5062998576136869
 0.17028534097785952
 0.0
 0.0
 0.0
 0.0
 0.0
 0.0
 0.0
 0.0
 0.0
 0.0
 0.0
 0.0
 0.0
 0.0
 0.5693864070678247
 0.18316329022114775
 0.0
 0.0
 0.0
 0.0
 0.0
 0.0
 0.0
 0.7153067964660876
 0.0
 0.0
 0.0
 0.0
 0.0
 0.0
 0.0
 0.0
 0.0
 0.0
 0.0
 0.0
 0.0
 0.0
 0.07676241857559507
 0.0
 0.0
 0.0
 0.0
 0.0
 0.0
 0.0
 1.923237581424405
 4.3765282914498185
 0.0
 0.9616187907122025
x_ij_opt: 1-dimensional DenseAxisArray{Float64,1,...} with index sets:
    Dimension 1, [(43, 30), (43, 22), (43, 6), (44, 22), (45, 30), (45, 29), (45, 28), (45, 24), (45, 23), (40, 29)  …  (5, 7), (5, 14), (6, 4), (6, 3), (1, 14), (1, 10), (1, 23), (1, 1), (3, 2), (3, 1)]
And data, a 116-element Vector{Float64}:
 0.0
 0.19751625368849246
 0.0
 0.0
 0.0
 0.0
 1.4306135929321753
 0.0
 0.0
 0.0
 0.0
 0.0
 0.0
 0.0
 0.0
 0.0
 0.0
 0.0
 0.23816347412309935
 0.0
 0.0
 0.0
 0.0
 0.0
 0.0
 0.0
 0.0
 2.0
 0.0
 0.0
 0.0
 0.0
 0.0
 0.0
 0.0
 0.0
 0.0
 0.0
 0.0
 0.0
 0.0
 0.0
 0.0
 0.9020126903030208
 0.0
 0.0
 0.0
 0.0
 0.0
 0.0
 0.0
 0.0
 0.0
 0.0
 0.0
 0.0
 0.0
 0.4715984578948045
 0.08947093016210694
 1.132797984409465
 0.0
 0.0
 0.0
 0.0
 6.0
 0.0
 0.0
 0.0
 0.0
 0.7618365258769006
 0.0
 0.0
 0.0
 0.0
 0.0
 0.0
 0.10152991331276462
 0.7309620926293394
 0.0
 0.0
 0.0
 0.0
 0.0
 0.0
 0.0
 0.0
 0.0
 0.0
 0.0
 0.0
 0.0
 0.0
 0.0
 0.0
 0.0
 0.0
 0.0
 0.51113599147643
 0.0
 0.038381209287797535
 0.0
 0.0
 0.0
 0.0
 0.0
 0.0
 0.0
 0.0
 0.0
 0.0
 0.0
 0.0
 0.031671322834524215
 5.166055493246648
 0.0
 0.0
x_il_opt: 1-dimensional DenseAxisArray{Float64,1,...} with index sets:
    Dimension 1, [(43, 15), (43, 14), (44, 15), (44, 13), (44, 3), (40, 14), (40, 2), (41, 14), (42, 6), (37, 13)  …  (4, 13), (5, 2), (5, 7), (5, 9), (6, 11), (1, 1), (1, 6), (1, 3), (2, 1), (2, 15)]
And data, a 71-element Vector{Float64}:
 0.0
 0.0
 0.0
 2.2405502135794695
 3.0061452768124086
 0.7525496972889725
 0.0
 0.0
 1.2261964401108036
 0.6765851985915464
 0.0
 3.0
 0.0
 0.0
 3.0
 0.0
 0.0
 0.5925487610654772
 6.413980147576963
 0.0
 0.7085816702836687
 0.7153067964660876
 3.0
 0.7743966840631191
 2.2256033159368807
 0.0
 1.586019852423037
 0.0
 3.0
 0.867202015590535
 1.5717285963525538
 0.0
 0.0
 0.0
 0.0
 0.0
 0.0
 0.0
 0.833944506753352
 0.07676241857559507
 0.0
 0.0
 3.0
 0.0
 0.0
 2.1523278499883602
 0.0
 2.910529069837893
 0.0
 0.0
 0.0
 0.0
 0.0
 0.0
 4.088857779192187
 0.0
 0.0
 1.6395044638797458
 0.0
 0.0
 0.0
 0.0
 0.0
 0.0
 0.0
 0.0
 0.0
 1.5482002439523157
 1.2540729399665125
 0.0
 7.261384663586426
x_lj_opt: 1-dimensional DenseAxisArray{Float64,1,...} with index sets:
    Dimension 1, [(15, 30), (15, 29), (15, 23), (15, 3), (14, 28), (14, 27), (14, 10), (14, 24), (13, 26), (13, 25)  …  (3, 6), (3, 5), (3, 29), (2, 4), (2, 3), (2, 1), (2, 5), (1, 2), (1, 1), (1, 14)]
And data, a 53-element Vector{Float64}:
 2.0
 4.3765282914498185
 0.0
 0.9616187907122025
 0.5693864070678247
 0.8984700866872354
 0.0
 0.0
 2.0
 0.48886400852357
 0.4282714036474462
 1.47473322131366
 0.9683286771654758
 0.5569381015208643
 1.8024837463115075
 0.0
 0.0
 0.0
 0.5252667786863401
 1.2647982360676295
 0.0
 2.0
 0.9267245340514795
 0.867202015590535
 0.0
 0.0
 5.528401542105195
 2.471598457894805
 0.0
 0.0
 2.0
 0.9105290698378931
 0.0
 2.0
 6.0
 0.0
 2.0
 1.0
 0.0
 0.0
 1.2690379073706606
 3.528401542105195
 0.0
 1.0979873096969792
 3.7352017639323707
 1.0665336070293172
 2.0
 0.0
 0.0
 1.0
 1.5717285963525538
 0.833944506753352
 0.0
q_opt: 1-dimensional DenseAxisArray{Float64,1,...} with index sets:
    Dimension 1, [(43, 15), (43, 14), (44, 15), (44, 13), (44, 3), (40, 14), (40, 2), (41, 14), (42, 6), (37, 13)  …  (4, 13), (5, 2), (5, 7), (5, 9), (6, 11), (1, 1), (1, 6), (1, 3), (2, 1), (2, 15)]
And data, a 71-element Vector{Float64}:
 0.0
 0.0
 0.0
 0.7468500711931566
 0.5489936548484896
 0.28469320353391236
 0.0
 0.0
 0.15327455501385046
 0.2531499288068434
 0.0
 1.0
 0.0
 0.0
 0.37500000000000006
 0.0
 0.0
 0.09875812684424623
 0.8017475184471203
 0.0
 0.3654810463146697
 0.7153067964660876
 1.0
 0.28255738333721325
 0.2782004144921101
 0.0
 0.19825248155287967
 0.0
 0.9012418731557538
 1.0
 0.8610092488744413
 0.0
 0.0
 0.0
 0.0
 0.0
 0.0
 0.0
 0.13899075112555867
 0.038381209287797535
 0.0
 0.0
 1.0
 0.0
 0.0
 0.7174426166627867
 0.0
 1.0
 0.0
 0.0
 0.0
 0.0
 0.0
 0.0
 0.6345189536853303
 0.0
 0.0
 0.27325074397995763
 0.0
 0.0
 0.0
 0.0
 0.0
 0.0
 0.0
 0.0
 0.0
 0.19352503049403946
 0.17775560117155287
 0.0
 0.9616187907122025



