McCormick lower bound: -645.2942490333013

solution time: 0.005533933639526367

w_opt: 1-dimensional DenseAxisArray{Float64,1,...} with index sets:
    Dimension 1, [(25, 1, 2), (25, 1, 1), (25, 1, 14), (20, 1, 2), (20, 1, 1), (20, 1, 14), (1, 1, 2), (1, 1, 1), (1, 1, 14), (2, 1, 2)  …  (20, 15, 23), (20, 15, 3), (8, 15, 30), (8, 15, 29), (8, 15, 23), (8, 15, 3), (2, 15, 30), (2, 15, 29), (2, 15, 23), (2, 15, 3)]
And data, a 261-element Vector{Float64}:
 1.2463842854130625
 1.6282396413030273
 0.0
 0.015491804167270251
 2.128815030099023
 0.0
 0.0
 0.0
 0.0
 0.0
 0.0
 0.0
 0.0
 0.0
 0.0
 0.0
 2.0
 0.0
 0.0
 1.0
 0.0
 0.0
 0.0
 0.0
 0.0
 0.0
 0.0
 0.0
 1.090964557104976
 3.1001235139004883
 0.0
 0.0
 0.0
 0.0
 0.0
 0.0
 0.0
 0.0
 0.0
 0.0
 0.0
 1.8998764860995114
 0.9134007887925137
 0.0
 0.4778751171556115
 0.0
 0.0
 0.0
 0.0
 1.5442045545139012
 3.359814729926012
 0.0
 0.0
 0.0
 0.0
 0.0
 0.0
 0.0
 0.0
 2.0
 1.0
 0.0
 0.0
 0.0
 0.0
 0.0
 0.0
 0.0
 0.0
 0.0
 0.0
 0.0
 0.0
 0.0
 0.75
 2.25
 0.0
 0.5075654871439661
 1.5226964614318987
 0.0
 0.0
 0.0
 0.0
 0.0
 0.0
 0.0
 0.0
 0.0
 0.0
 0.0
 0.0
 0.0
 0.7424345128560339
 2.2273035385681017
 0.0
 0.0
 0.0
 0.0
 0.0
 0.0
 0.0
 2.0
 0.9246630445573721
 0.07533695544262786
 0.0
 0.0
 0.0
 0.0
 0.0
 0.0
 0.0
 0.0
 0.0
 0.0
 0.0
 0.0
 0.0
 0.0
 5.1574153113702925
 1.7191384371234313
 0.0
 0.0
 0.0
 0.8425846886297078
 0.2808615628765688
 0.0
 0.0
 0.0
 0.0
 0.0
 0.0
 0.0
 0.0
 0.0
 0.0
 0.0
 0.0
 0.0
 0.0
 0.0
 0.0
 0.0
 0.0
 0.0
 0.0
 0.0
 0.0
 0.05003911784128226
 0.0
 0.0
 0.0
 0.04642278752094303
 0.0
 0.7062792372336102
 0.2634588141905251
 0.0
 0.0
 1.2937207627663898
 0.6468603813831949
 0.0
 0.0
 0.0
 0.0
 0.0
 0.0
 0.0
 0.0
 0.0
 0.0
 0.0
 0.0
 0.0
 0.0
 2.0
 0.0
 0.0
 0.0
 0.8376898470816239
 0.0
 0.0
 0.0
 0.0
 0.0
 0.0
 0.0
 0.0
 0.0
 0.0
 0.0
 0.0
 0.0
 0.0
 0.0
 0.0
 1.1623101529183761
 0.9506236994714822
 0.8870661476101415
 0.0
 0.0
 0.0
 0.0
 0.0
 0.0
 0.0
 0.0
 0.0
 1.4762478208393344
 0.0
 0.7381239104196673
 0.5237521791606655
 0.1370300385152988
 0.0
 0.0
 0.0
 0.0
 0.0
 0.0
 0.0
 0.0
 0.0
 0.0
 0.0
 0.0
 0.0
 0.0
 0.38690126295784916
 1.0
 0.0
 0.0
 0.0
 0.0
 0.0
 0.0
 0.0
 0.0
 0.0
 0.0
 0.0
 0.0
 0.0
 0.0
 0.0
 0.0
 0.0
 0.0
 0.0
 0.0
 0.0
 0.0
 0.0
 0.0
 0.0
 0.0
 0.0
 0.0
 0.0
 0.0
 2.0
 4.199533063597345
 0.0
 1.0
x_ij_opt: 1-dimensional DenseAxisArray{Float64,1,...} with index sets:
    Dimension 1, [(43, 30), (43, 22), (43, 6), (44, 22), (45, 30), (45, 29), (45, 28), (45, 24), (45, 23), (40, 29)  …  (5, 7), (5, 14), (6, 4), (6, 3), (1, 14), (1, 10), (1, 23), (1, 1), (3, 2), (3, 1)]
And data, a 116-element Vector{Float64}:
 0.0
 0.0
 0.0
 0.0
 0.0
 0.0
 1.6130987370421508
 0.0
 0.0
 0.0
 0.0
 0.0
 0.0
 0.0
 0.0
 0.0
 0.0
 0.0
 0.24642229928101145
 0.0
 0.0
 0.0
 0.0
 0.0
 0.0
 0.0
 0.0
 2.0
 0.0
 0.0
 0.0
 0.0
 0.0
 0.0
 0.0
 0.0
 0.0
 0.0
 0.0
 0.0
 0.0
 0.0
 0.0
 0.909035442895024
 0.0
 0.0
 0.0
 0.0
 0.0
 0.0
 0.0
 0.0
 0.0
 0.0
 0.0
 0.16231015291837636
 0.0
 0.0
 0.07533695544262786
 1.9035380946377747
 0.0
 0.0
 0.0
 0.0
 6.0
 0.0
 0.0
 0.0
 0.0
 0.7535777007189886
 0.0
 0.0
 0.0
 0.0
 0.0
 0.0
 0.0
 0.45579544548609885
 0.0
 0.0
 0.0
 0.0
 0.0
 0.0
 0.0
 0.0
 0.0
 0.0
 0.0
 0.0
 0.0
 0.0
 0.0
 0.0
 0.0
 0.0
 0.0
 0.8629699614847012
 0.0
 0.0
 0.0
 0.0
 0.0
 0.0
 0.0
 0.0
 0.0
 0.0
 0.0
 0.0
 0.0
 0.0
 0.049376300528517825
 2.1676083731553213
 0.0
 0.0
x_il_opt: 1-dimensional DenseAxisArray{Float64,1,...} with index sets:
    Dimension 1, [(43, 15), (43, 14), (44, 15), (44, 13), (44, 3), (40, 14), (40, 2), (41, 14), (42, 6), (37, 13)  …  (4, 13), (5, 2), (5, 7), (5, 9), (6, 11), (1, 1), (1, 6), (1, 3), (2, 1), (2, 15)]
And data, a 71-element Vector{Float64}:
 0.0
 0.0
 0.0
 2.2143717312590017
 4.191088071005464
 1.3869012629578492
 0.0
 0.0
 0.0
 0.6607822176759643
 0.0
 3.0
 0.0
 0.0
 3.0
 0.0
 0.0
 0.0
 6.876553748493723
 0.0
 0.4778751171556115
 0.0
 3.0
 0.9697380514241353
 2.030261948575865
 0.0
 1.1234462515062766
 0.0
 2.8376898470816236
 0.05003911784128226
 2.87462392671609
 0.0
 0.0
 0.0
 0.0
 0.0
 0.0
 0.0
 2.1443068342662936
 0.0
 0.0
 0.0
 3.0
 0.0
 0.0
 1.9405811441495846
 0.0
 3.0
 0.0
 0.0
 0.0
 0.0
 0.0
 0.0
 4.904019284439913
 0.0
 0.0
 0.0
 0.0
 0.0
 0.0
 0.0
 0.0
 0.0
 0.04642278752094303
 0.0
 0.0
 2.9697380514241356
 2.813277274892025
 0.0
 7.199533063597345
x_lj_opt: 1-dimensional DenseAxisArray{Float64,1,...} with index sets:
    Dimension 1, [(15, 30), (15, 29), (15, 23), (15, 3), (14, 28), (14, 27), (14, 10), (14, 24), (13, 26), (13, 25)  …  (3, 6), (3, 5), (3, 29), (2, 4), (2, 3), (2, 1), (2, 5), (1, 2), (1, 1), (1, 14)]
And data, a 53-element Vector{Float64}:
 2.0
 4.199533063597345
 0.0
 1.0
 0.38690126295784916
 1.0
 0.0
 0.0
 2.0
 0.1370300385152988
 0.7381239104196673
 1.1623101529183761
 0.9506236994714822
 0.8870661476101415
 2.0
 0.0
 0.0
 0.0
 0.8376898470816239
 0.0
 0.0
 2.0
 0.91031919557372
 0.09646190536222529
 0.0
 0.0
 6.0
 2.0
 0.0
 0.0
 2.0
 0.9246630445573721
 0.07533695544262786
 2.0
 6.0
 0.0
 2.0
 1.0
 0.0
 0.0
 1.5442045545139012
 3.8376898470816236
 0.0
 1.090964557104976
 5.0
 0.9134007887925137
 2.0
 0.0
 0.0
 1.0
 1.2618760895803327
 3.757054671402051
 0.0
q_opt: 1-dimensional DenseAxisArray{Float64,1,...} with index sets:
    Dimension 1, [(43, 15), (43, 14), (44, 15), (44, 13), (44, 3), (40, 14), (40, 2), (41, 14), (42, 6), (37, 13)  …  (4, 13), (5, 2), (5, 7), (5, 9), (6, 11), (1, 1), (1, 6), (1, 3), (2, 1), (2, 15)]
And data, a 71-element Vector{Float64}:
 0.0
 0.0
 0.0
 0.7381239104196672
 0.6483403406384969
 1.0
 0.0
 0.0
 0.0
 0.26187608958033276
 0.0
 1.0
 0.0
 0.0
 0.375
 0.0
 0.0
 0.0
 0.8595692185617154
 0.0
 0.22789772274304942
 0.0
 1.0
 0.3531396186168051
 0.2537827435719831
 0.0
 0.14043078143828458
 0.0
 1.0
 0.9767886062395285
 0.6451974949834962
 0.0
 0.0
 0.0
 0.0
 0.0
 0.0
 0.0
 0.35480250501650384
 0.0
 0.0
 0.0
 1.0
 0.0
 0.0
 0.6468603813831949
 0.0
 1.0
 0.0
 0.0
 0.0
 0.0
 0.0
 0.0
 0.7721022772569506
 0.0
 0.0
 0.0
 0.0
 0.0
 0.0
 0.0
 0.0
 0.0
 0.023211393760471516
 0.0
 0.0
 0.37121725642801695
 0.3516596593615031
 0.0
 1.0



