McCormick lower bound: -644.5536455841557

solution time: 0.005835056304931641

w_opt: 1-dimensional DenseAxisArray{Float64,1,...} with index sets:
    Dimension 1, [(25, 1, 2), (25, 1, 1), (25, 1, 14), (20, 1, 2), (20, 1, 1), (20, 1, 14), (1, 1, 2), (1, 1, 1), (1, 1, 14), (2, 1, 2)  …  (20, 15, 23), (20, 15, 3), (8, 15, 30), (8, 15, 29), (8, 15, 23), (8, 15, 3), (2, 15, 30), (2, 15, 29), (2, 15, 23), (2, 15, 3)]
And data, a 261-element Vector{Float64}:
 1.2707584869002533
 0.0
 0.0
 0.0
 1.2120565028005745
 0.0
 0.0
 0.0
 0.0
 0.0
 0.0
 0.0
 0.0
 0.0
 0.0
 0.0
 2.0
 0.0
 0.0
 1.0
 0.0
 0.0
 0.0
 0.0
 0.0
 0.0
 0.0
 0.0
 1.2596180452448154
 3.0568556556686413
 0.0
 0.0
 0.0
 0.0
 0.0
 0.0
 0.0
 0.0
 0.0
 0.0
 0.0
 0.0
 0.9117018817283813
 0.0
 1.2149055347008106
 0.0
 0.0
 0.0
 0.0
 1.153563054354339
 2.424433521927635
 0.0
 0.0
 0.0
 0.0
 0.0
 0.0
 0.0
 0.0
 2.0
 1.0
 0.0
 0.0
 0.0
 0.0
 0.0
 0.0
 0.0
 0.0
 0.0
 0.0
 0.0
 0.0
 0.0
 0.7164936600329278
 2.1494809800987826
 0.0
 0.48641952583303183
 1.4592585774990954
 0.0
 0.0
 0.0
 0.0
 0.0
 0.0
 0.0
 0.0
 0.0
 0.0
 0.0
 0.0
 0.0
 0.7970868141340403
 2.3912604424021215
 0.0
 0.0
 0.0
 0.0
 0.0
 0.0
 0.0
 2.0
 0.8980511251272765
 0.10194887487272353
 0.0
 0.0
 0.0
 0.0
 0.0
 0.0
 0.0
 0.0
 0.0
 0.0
 0.0
 0.0
 0.0
 0.0
 3.75
 1.2499999999999998
 0.0
 0.0
 0.0
 1.8893390566284454
 1.1106609433715546
 0.0
 0.0
 0.0
 0.0
 0.0
 0.0
 0.0
 0.0
 0.0
 0.0
 0.0
 0.0
 0.0
 0.0
 0.0
 0.0
 0.0
 0.0
 0.0
 0.0
 0.0
 0.0
 0.4773466881107351
 0.2059635094957012
 0.0
 0.0
 0.0850538343623608
 0.0
 0.7729165387945531
 0.2814053578733196
 0.0
 0.0
 1.2270834612054469
 0.6135417306027234
 0.0
 0.0
 0.0
 0.0
 0.0
 0.6136581362308831
 0.0
 0.0
 0.0
 0.0
 0.0
 0.0
 0.0
 0.0
 1.419122412537682
 0.0
 0.0
 0.0
 0.2513913793618426
 1.3294862081004755
 0.0
 0.0
 0.0
 0.0
 0.0
 0.0
 0.0
 0.0
 0.0
 0.0
 0.0
 0.0
 0.0
 0.0
 0.0
 1.7486086206381575
 1.0
 0.2513913793618425
 0.0
 0.0
 0.0
 0.0
 0.0
 0.0
 0.0
 0.0
 0.0
 1.5679881437109788
 0.0547525587557427
 0.7292415130997467
 0.0
 0.0
 0.0
 0.0
 0.0
 0.0
 0.43201185628902117
 0.15130964096001132
 0.0
 0.0
 0.0
 0.0
 0.0
 0.7049240193662061
 0.0
 0.0
 0.1858037469040958
 0.2950759806337939
 0.0
 0.0
 0.0
 0.0
 0.0
 0.0
 0.0
 0.0
 0.0
 0.0
 0.0
 0.0
 0.0
 0.0
 0.0
 0.0
 0.0
 0.0
 0.0
 0.0
 0.0
 0.0
 0.11884744838340522
 0.0
 0.0
 0.0
 0.0
 0.0
 0.0
 0.0
 1.881152551616595
 4.702881379041487
 0.0
 0.9405762758082974
x_ij_opt: 1-dimensional DenseAxisArray{Float64,1,...} with index sets:
    Dimension 1, [(43, 30), (43, 22), (43, 6), (44, 22), (45, 30), (45, 29), (45, 28), (45, 24), (45, 23), (40, 29)  …  (5, 7), (5, 14), (6, 4), (6, 3), (1, 14), (1, 10), (1, 23), (1, 1), (3, 2), (3, 1)]
And data, a 116-element Vector{Float64}:
 0.0
 0.580877587462318
 0.0
 0.0
 0.0
 0.0
 1.8141962530959042
 0.0
 0.0
 0.0
 0.0
 0.0
 0.0
 0.0
 0.0
 0.0
 0.0
 0.0
 0.0
 0.0
 0.7860437605912454
 0.0
 0.0
 0.0
 0.0
 0.0
 0.0
 2.0
 0.0
 0.13402535986828973
 0.0
 0.0
 0.0
 0.0
 0.0
 0.0
 0.0
 0.0
 0.0
 0.0
 0.0
 0.0
 0.0
 0.7403819547551846
 0.0
 0.0
 0.0
 0.0
 0.0
 0.0
 0.0
 0.0
 0.0
 0.0
 0.0
 0.0
 0.0
 0.3606609433715544
 0.10194887487272353
 1.437599477526904
 0.0
 0.0
 0.0
 0.0
 6.0
 0.0
 0.0
 0.0
 0.0
 0.7940364905042988
 0.0
 0.0
 0.0
 0.0
 0.0
 0.0
 0.0
 0.8464369456456611
 0.0
 0.0
 0.0
 0.0
 0.0
 0.0
 0.0
 0.0
 0.0
 0.0
 0.0
 0.0
 0.0
 0.0
 0.0
 0.0
 0.0
 0.0
 0.0
 0.793937800284246
 0.0
 0.05942372419170261
 0.0
 0.0
 0.0
 0.0
 0.0
 0.0
 0.0
 0.0
 0.0
 0.0
 0.0
 0.0
 0.0
 3.8999508617354564
 0.0
 0.0
x_il_opt: 1-dimensional DenseAxisArray{Float64,1,...} with index sets:
    Dimension 1, [(43, 15), (43, 14), (44, 15), (44, 13), (44, 3), (40, 14), (40, 2), (41, 14), (42, 6), (37, 13)  …  (4, 13), (5, 2), (5, 7), (5, 9), (6, 11), (1, 1), (1, 6), (1, 3), (2, 1), (2, 15)]
And data, a 71-element Vector{Float64}:
 0.0
 0.7049240193662061
 0.0
 2.3519822155664682
 4.316473700913456
 0.4808797275378897
 0.0
 0.0
 0.0
 0.0
 0.0
 3.0
 0.0
 0.0
 2.8659746401317103
 0.0
 0.0
 0.6136581362308831
 5.0
 0.0
 1.2149055347008106
 0.0
 3.0
 1.0543218966678727
 1.9456781033321273
 0.0
 3.0
 0.0
 3.0
 0.6833101976064363
 1.2707584869002533
 0.5833214972490325
 0.0
 0.0
 0.0
 0.0
 0.0
 0.0
 1.2120565028005745
 0.11884744838340522
 0.0
 0.0
 3.0
 0.0
 0.0
 1.8406251918081704
 0.0
 3.0
 0.0
 0.0
 0.0
 0.0
 0.0
 0.0
 3.577996576281974
 0.0
 0.0
 0.0
 0.0
 0.0
 0.0
 0.0
 0.0
 0.0
 0.0850538343623608
 0.0
 0.0
 3.188347256536162
 0.9117018817283813
 0.0
 7.524610206466379
x_lj_opt: 1-dimensional DenseAxisArray{Float64,1,...} with index sets:
    Dimension 1, [(15, 30), (15, 29), (15, 23), (15, 3), (14, 28), (14, 27), (14, 10), (14, 24), (13, 26), (13, 25)  …  (3, 6), (3, 5), (3, 29), (2, 4), (2, 3), (2, 1), (2, 5), (1, 2), (1, 1), (1, 14)]
And data, a 53-element Vector{Float64}:
 2.0
 4.702881379041487
 0.0
 0.9405762758082974
 0.1858037469040958
 1.0
 0.0
 0.0
 2.0
 0.206062199715754
 0.7292415130997467
 1.7486086206381575
 1.0
 0.2513913793618426
 1.419122412537682
 0.0
 0.0
 0.0
 0.2513913793618425
 1.9431443443313587
 0.0
 2.0
 0.8949470884760431
 0.5624005224730959
 0.2059635094957012
 0.0
 5.639339056628446
 2.3606609433715544
 0.0
 0.0
 2.0
 0.8980511251272765
 0.10194887487272353
 2.0
 6.0
 0.0
 2.0
 1.0
 0.0
 0.0
 1.153563054354339
 3.6393390566284456
 0.0
 1.2596180452448154
 3.0568556556686413
 0.9117018817283813
 2.0
 0.0
 0.0
 1.0
 1.2707584869002533
 1.2120565028005745
 0.0
q_opt: 1-dimensional DenseAxisArray{Float64,1,...} with index sets:
    Dimension 1, [(43, 15), (43, 14), (44, 15), (44, 13), (44, 3), (40, 14), (40, 2), (41, 14), (42, 6), (37, 13)  …  (4, 13), (5, 2), (5, 7), (5, 9), (6, 11), (1, 1), (1, 6), (1, 3), (2, 1), (2, 15)]
And data, a 71-element Vector{Float64}:
 0.0
 0.7049240193662061
 0.0
 0.7839940718554894
 0.8480496863786031
 0.2950759806337939
 0.0
 0.0
 0.0
 0.0
 0.0
 1.0
 0.0
 0.0
 0.3582468300164639
 0.0
 0.0
 0.290438793731159
 0.625
 0.0
 0.42321847282283054
 0.0
 1.0
 0.38645826939727657
 0.24320976291651591
 0.0
 0.375
 0.0
 0.709561206268841
 0.9574730828188196
 0.7979905828665709
 0.21600592814451058
 0.0
 0.0
 0.0
 0.0
 0.0
 0.0
 0.2020094171334291
 0.05942372419170261
 0.0
 0.0
 1.0
 0.0
 0.0
 0.6135417306027234
 0.0
 1.0
 0.0
 0.0
 0.0
 0.0
 0.0
 0.0
 0.5767815271771695
 0.0
 0.0
 0.0
 0.0
 0.0
 0.0
 0.0
 0.0
 0.0
 0.0425269171811804
 0.0
 0.0
 0.39854340706702013
 0.15195031362139688
 0.0
 0.9405762758082974



