McCormick lower bound: -644.6328071900102

solution time: 0.005792140960693359

w_opt: 1-dimensional DenseAxisArray{Float64,1,...} with index sets:
    Dimension 1, [(25, 1, 2), (25, 1, 1), (25, 1, 14), (20, 1, 2), (20, 1, 1), (20, 1, 14), (1, 1, 2), (1, 1, 1), (1, 1, 14), (2, 1, 2)  …  (20, 15, 23), (20, 15, 3), (8, 15, 30), (8, 15, 29), (8, 15, 23), (8, 15, 3), (2, 15, 30), (2, 15, 29), (2, 15, 23), (2, 15, 3)]
And data, a 261-element Vector{Float64}:
 1.5034644816957117
 0.0
 0.0
 0.0
 1.1026135722540942
 0.0
 0.0
 0.0
 0.0
 0.0
 0.0
 0.0
 0.0
 0.0
 0.0
 0.0
 2.0
 0.0
 0.0
 1.0
 0.0
 0.0
 0.0
 0.0
 0.0
 0.0
 0.0
 0.0
 1.1443507072157817
 3.1132745734041922
 0.0
 0.0
 0.0
 0.0
 0.0
 0.0
 0.0
 0.0
 0.0
 0.0
 0.0
 1.8867254265958076
 0.6996436396889144
 0.0
 0.0
 0.0
 0.0
 0.0
 0.0
 1.3328388438463186
 3.143965009890665
 0.0
 0.0
 0.0
 0.0
 0.0
 0.0
 0.0
 0.0
 2.0
 1.0
 0.0
 0.0
 0.0
 0.0
 0.0
 0.0
 0.0
 0.0
 0.0
 0.0
 0.08097349089830039
 0.24292047269490116
 0.0
 0.75
 2.25
 0.0
 0.5461681453576331
 1.6385044360728993
 0.0
 0.0
 0.0
 0.0
 0.0
 0.0
 0.0
 0.0
 0.0
 0.0
 0.0
 0.0
 0.0
 0.6228583637440663
 1.8685750912321994
 0.0
 0.0
 0.0
 0.0
 0.0
 0.0
 0.0
 1.8593430649942846
 0.7963494682663887
 0.13332206423075355
 0.0
 0.0
 0.21098540250857312
 0.0
 0.0
 0.0
 0.0
 0.0
 0.0
 0.0
 0.0
 0.0
 0.0
 0.0
 4.3998678219783525
 1.262972075592506
 0.0
 0.20365053173361117
 0.0
 0.8881014127687422
 1.245408157926788
 0.0
 0.0
 0.0
 0.0
 0.0
 0.0
 0.0
 0.0
 0.0
 0.0
 0.0
 0.0
 0.0
 0.0
 0.0
 0.0
 0.0
 0.0
 0.0
 0.0
 0.0
 0.0
 0.7845047530513833
 0.0
 0.0
 0.0
 0.0
 0.0
 0.5850381724386251
 0.2302892461308423
 0.0
 0.0
 1.414961827561375
 0.7074809137806874
 0.0
 0.0
 0.0
 0.0
 0.0
 0.0
 0.0
 0.0
 0.0
 0.0
 0.0
 0.0
 0.0
 0.0
 2.0
 0.0
 0.0
 0.0
 0.6523452434099586
 0.0
 0.0
 0.0
 0.0
 0.0
 0.0
 0.0
 0.0
 0.0
 0.0
 0.0
 0.0
 0.0
 0.0
 0.0
 0.0
 1.3476547565900414
 1.0
 0.6523452434099586
 0.0
 0.0
 0.0
 0.0
 0.0
 0.0
 0.0
 0.0
 0.0
 1.3665540390486237
 0.18674150122002353
 0.4965355183042883
 0.6334459609513763
 0.22594067105345178
 0.0
 0.0
 0.0
 0.0
 0.0
 0.0
 0.0
 0.0
 0.0
 0.0
 0.0
 0.6661414905668368
 0.0
 0.0
 0.646337057029675
 0.33385850943316325
 0.0
 0.0
 0.0
 0.0
 0.0
 0.0
 0.0
 0.0
 0.0
 0.0
 0.0
 0.0
 0.0
 0.0
 0.0
 0.0
 0.0
 0.0
 0.0
 0.0
 0.0
 0.0
 0.20449220475068963
 0.0
 0.0
 0.0
 0.0
 0.0
 0.0
 0.0
 1.6362661664714584
 4.648011116901127
 0.0
 0.8977538976246552
x_ij_opt: 1-dimensional DenseAxisArray{Float64,1,...} with index sets:
    Dimension 1, [(43, 30), (43, 22), (43, 6), (44, 22), (45, 30), (45, 29), (45, 28), (45, 24), (45, 23), (40, 29)  …  (5, 7), (5, 14), (6, 4), (6, 3), (1, 14), (1, 10), (1, 23), (1, 1), (3, 2), (3, 1)]
And data, a 116-element Vector{Float64}:
 0.0
 0.0
 0.0
 0.0
 0.15924162877785197
 0.0
 1.3536629429703249
 0.0
 0.0
 0.0
 0.0
 0.0
 0.0
 0.0
 0.0
 0.0
 0.0
 0.0
 0.2877323802432391
 0.0
 1.7715384172732818
 0.0
 0.0
 0.0
 0.0
 0.0
 0.0
 2.0
 0.0
 0.0
 0.0
 0.0
 0.0
 0.0
 0.0
 0.0
 0.0
 0.0
 0.0
 0.0
 0.0
 0.0
 0.0
 0.8556492927842183
 0.0
 0.0
 0.0
 0.0
 0.0
 0.0
 0.0
 0.0
 0.0
 0.0
 0.0
 0.3476547565900414
 0.0
 0.712030765252905
 0.0
 1.2154952469486167
 0.0
 0.0
 0.0
 0.0
 6.0
 0.0
 0.0
 0.0
 0.0
 0.7122676197567609
 0.0
 0.0
 0.0
 0.0
 0.0
 0.0
 0.0
 0.6671611561536814
 0.0
 0.0
 0.0
 0.0
 0.0
 0.0
 0.0
 0.0
 0.0
 0.0
 0.0
 0.0
 0.0
 0.0
 0.0
 0.0
 0.0
 0.0
 0.0
 0.5873178277265247
 0.0
 0.10224610237534482
 0.0
 0.0
 0.0
 0.0
 0.0
 0.0
 0.0
 0.0
 0.0
 0.0
 0.14065693500571516
 0.0
 0.0
 2.781540543733297
 0.0
 0.0
x_il_opt: 1-dimensional DenseAxisArray{Float64,1,...} with index sets:
    Dimension 1, [(43, 15), (43, 14), (44, 15), (44, 13), (44, 3), (40, 14), (40, 2), (41, 14), (42, 6), (37, 13)  …  (4, 13), (5, 2), (5, 7), (5, 9), (6, 11), (1, 1), (1, 6), (1, 3), (2, 1), (2, 15)]
And data, a 71-element Vector{Float64}:
 0.0
 0.6661414905668368
 0.0
 2.0498310585729356
 4.257625280619974
 0.9801955664628383
 0.0
 0.0
 0.32389396359320155
 0.859386632004828
 0.0
 3.0
 0.0
 0.0
 3.0
 0.0
 0.0
 0.0
 5.86649042930447
 0.0
 0.0
 0.0
 3.0
 0.8153274185694674
 2.1846725814305326
 0.0
 2.13350957069553
 0.0
 2.6523452434099584
 0.7845047530513833
 1.5034644816957117
 0.0
 0.0
 0.0
 0.0
 0.0
 0.0
 0.0
 1.1026135722540942
 0.20449220475068963
 0.0
 0.0
 3.0
 0.0
 0.0
 2.1224427413420623
 0.0
 2.789014597491427
 0.0
 0.0
 0.0
 0.0
 0.0
 0.0
 4.476803853736984
 0.0
 0.0
 0.0
 0.0
 0.0
 0.0
 0.0
 0.0
 0.21098540250857312
 0.0
 0.0
 0.0
 2.491433454976266
 2.586369066284722
 0.0
 7.182031180997241
x_lj_opt: 1-dimensional DenseAxisArray{Float64,1,...} with index sets:
    Dimension 1, [(15, 30), (15, 29), (15, 23), (15, 3), (14, 28), (14, 27), (14, 10), (14, 24), (13, 26), (13, 25)  …  (3, 6), (3, 5), (3, 29), (2, 4), (2, 3), (2, 1), (2, 5), (1, 2), (1, 1), (1, 14)]
And data, a 53-element Vector{Float64}:
 1.840758371222148
 4.648011116901127
 0.0
 0.8977538976246552
 0.646337057029675
 1.0
 0.0
 0.0
 2.0
 0.4126821722734753
 0.4965355183042883
 1.3476547565900414
 1.0
 0.6523452434099586
 2.0
 0.0
 0.0
 0.0
 0.6523452434099586
 0.0
 0.0
 2.0
 0.9377701599115298
 0.7845047530513833
 0.0
 0.0
 5.287969234747095
 2.508380233519294
 0.0
 0.20365053173361117
 1.8593430649942846
 0.7963494682663887
 0.34430746673932666
 2.0
 6.0
 0.0
 2.0
 1.0
 0.0
 0.0
 1.3328388438463186
 3.143965009890665
 0.0
 1.1443507072157817
 5.0
 0.6996436396889144
 2.0
 0.0
 0.0
 1.0
 1.5034644816957117
 1.1026135722540942
 0.0
q_opt: 1-dimensional DenseAxisArray{Float64,1,...} with index sets:
    Dimension 1, [(43, 15), (43, 14), (44, 15), (44, 13), (44, 3), (40, 14), (40, 2), (41, 14), (42, 6), (37, 13)  …  (4, 13), (5, 2), (5, 7), (5, 9), (6, 11), (1, 1), (1, 6), (1, 3), (2, 1), (2, 15)]
And data, a 71-element Vector{Float64}:
 0.0
 0.6661414905668368
 0.0
 0.6832770195243119
 0.6767038667144097
 0.3338585094331632
 0.0
 0.0
 0.040486745449150194
 0.31672298047568814
 0.0
 1.0
 0.0
 0.0
 0.375
 0.0
 0.0
 0.0
 0.7333113036630587
 0.0
 0.3335805780768407
 0.0
 1.0
 0.29251908621931255
 0.27308407267881657
 0.0
 0.26668869633694126
 0.0
 1.0
 1.0
 0.8162310712909843
 0.0
 0.0
 0.0
 0.0
 0.0
 0.0
 0.0
 0.1837689287090157
 0.10224610237534482
 0.0
 0.0
 1.0
 0.0
 0.0
 0.7074809137806874
 0.0
 0.9296715324971423
 0.0
 0.0
 0.0
 0.0
 0.0
 0.0
 0.6664194219231593
 0.0
 0.0
 0.0
 0.0
 0.0
 0.0
 0.0
 0.0
 0.0703284675028577
 0.0
 0.0
 0.0
 0.3114291818720332
 0.32329613328559026
 0.0
 0.8977538976246552



