McCormick lower bound: -640.6144171554383

solution time: 0.005558967590332031

w_opt: 1-dimensional DenseAxisArray{Float64,1,...} with index sets:
    Dimension 1, [(25, 1, 2), (25, 1, 1), (25, 1, 14), (20, 1, 2), (20, 1, 1), (20, 1, 14), (1, 1, 2), (1, 1, 1), (1, 1, 14), (2, 1, 2)  …  (20, 15, 23), (20, 15, 3), (8, 15, 30), (8, 15, 29), (8, 15, 23), (8, 15, 3), (2, 15, 30), (2, 15, 29), (2, 15, 23), (2, 15, 3)]
And data, a 261-element Vector{Float64}:
 1.209749777378431
 0.0
 0.0
 0.0008374628848832888
 1.2660803809335828
 0.0
 0.0
 0.0
 0.0
 0.0
 0.0
 0.0
 0.0
 0.0
 0.0
 0.0
 1.924628813868872
 0.03868245237875256
 0.0
 1.0366887337523754
 0.0
 0.0
 0.0
 0.0
 0.0
 0.0
 0.0
 0.0
 1.2657901385383066
 2.1268792695980157
 0.0
 0.0
 0.0
 0.0
 0.0
 1.5442560093622688
 0.0
 0.0
 0.0
 0.0
 0.0
 0.0
 0.5413583865920515
 0.0
 1.3358920872542446
 0.0
 0.0
 0.0
 0.0
 1.1414382692772147
 2.5151629178470825
 0.07537118613112792
 0.0
 0.0
 0.0
 0.0
 0.0
 0.0
 0.0
 1.8770575035501798
 1.0
 0.0
 0.0
 0.0
 0.0
 0.0
 0.0
 0.0
 0.0
 0.0
 0.0
 0.0
 0.0
 0.0
 0.75
 2.25
 0.0
 0.4879105712711971
 1.4637317138135912
 0.0
 0.0
 0.0
 0.0
 0.0
 0.0
 0.0
 0.0
 0.0
 0.0
 0.0
 0.0
 0.0
 0.7620894287288029
 2.2862682861864085
 0.0
 0.0
 0.0
 0.0
 0.0
 0.0
 0.0
 2.0
 0.9559512587179669
 0.0
 0.0
 0.0
 0.0
 0.0
 0.0
 0.0
 0.0
 0.0
 0.0
 0.0
 0.0
 0.0
 0.0
 0.0
 3.75
 1.25
 0.0
 0.0
 0.0
 2.101055005101327
 0.898944994898673
 0.0
 0.0
 0.0
 0.0
 0.0
 0.0
 0.0
 0.0
 0.0
 0.0
 0.0
 0.0
 0.0
 0.0
 0.0
 0.0
 0.0
 0.0
 0.0
 0.0
 0.0
 0.0
 0.8382806019058591
 0.19860318311590913
 0.0
 0.0
 0.486063814742574
 0.0
 0.7689361256310365
 0.27942158928417504
 0.0
 0.0
 1.2310638743689635
 0.6155319371844816
 0.0
 0.0
 0.0
 0.0
 0.0
 0.0
 0.0
 0.0
 0.0
 0.0
 0.0
 0.0
 0.0
 0.0
 1.3742858337031199
 0.0
 0.0
 0.0
 0.33353817900953975
 1.2921759872873406
 0.0
 0.0
 0.0
 0.0
 0.0
 0.0
 0.0
 0.0
 0.0
 0.0
 0.0
 0.0
 0.0
 0.0
 0.0
 1.6664618209904603
 1.0
 0.33353817900953975
 0.0
 0.0
 0.0
 0.0
 0.0
 0.0
 0.0
 0.0
 0.0
 1.5788255194733716
 0.0
 0.7894127597366858
 0.0
 0.0
 0.0
 0.0
 0.0
 0.0
 0.4211744805266284
 0.13919822089246617
 0.0
 0.0
 0.0
 0.0
 0.0
 0.0
 0.0
 0.0
 0.6067846582494472
 0.6131203022998195
 0.0
 0.0
 0.0
 0.0
 0.0
 0.0
 0.0
 0.38687969770018055
 0.0
 0.0
 0.0
 0.0
 0.0
 0.0
 0.0
 0.0
 0.0
 0.0
 0.0
 0.0
 0.0
 0.0
 0.185981949535035
 0.0
 0.0
 0.0
 0.0
 0.0
 0.0
 0.0
 1.2239597422289685
 5.125103434398409
 0.0
 0.9070090252324825
x_ij_opt: 1-dimensional DenseAxisArray{Float64,1,...} with index sets:
    Dimension 1, [(43, 30), (43, 22), (43, 6), (44, 22), (45, 30), (45, 29), (45, 28), (45, 24), (45, 23), (40, 29)  …  (5, 7), (5, 14), (6, 4), (6, 3), (1, 14), (1, 10), (1, 23), (1, 1), (3, 2), (3, 1)]
And data, a 116-element Vector{Float64}:
 0.0
 0.6257141662968801
 0.0
 0.0
 0.5900583082359965
 0.0
 1.3932153417505528
 0.0
 0.0
 0.0
 0.0
 0.0
 0.0
 0.0
 0.0
 0.0
 0.0
 0.0
 0.0
 0.0
 0.3236357205736804
 0.0
 0.0
 0.0
 0.0
 0.0
 0.0
 2.0
 0.0
 0.0
 0.0
 0.0
 0.0
 0.0
 0.0
 0.0
 0.0
 0.0
 0.0
 0.0
 0.0
 0.0
 0.0
 0.7342098614616934
 0.0
 0.0
 0.0
 0.0
 0.0
 0.0
 0.0
 0.0
 0.0
 0.0
 0.0
 0.0
 0.0
 0.14894499489867336
 0.044048741282033094
 0.675655583351567
 0.0
 0.0
 0.0
 0.0
 6.0
 0.0
 0.0
 0.0
 0.0
 0.8013968168840908
 0.0
 0.0
 0.0
 0.0
 0.0
 0.0
 0.0
 0.8585617307227853
 0.0
 0.0
 0.0
 0.0
 0.0
 0.0
 0.0
 0.0
 0.0
 0.12294249644982025
 0.0
 0.0
 0.0
 0.0
 0.0
 0.0
 0.0
 0.0
 0.0
 0.8608017791075339
 0.0
 0.05430852238876484
 0.0
 0.0
 0.0
 0.0
 0.0
 0.0
 0.0
 0.0
 0.0
 0.0
 0.0
 0.0
 0.0
 4.410283898492737
 0.0
 0.0
x_il_opt: 1-dimensional DenseAxisArray{Float64,1,...} with index sets:
    Dimension 1, [(43, 15), (43, 14), (44, 15), (44, 13), (44, 3), (40, 14), (40, 2), (41, 14), (42, 6), (37, 13)  …  (4, 13), (5, 2), (5, 7), (5, 9), (6, 11), (1, 1), (1, 6), (1, 3), (2, 1), (2, 15)]
And data, a 71-element Vector{Float64}:
 0.0
 0.0
 0.0
 2.3682382792100576
 3.3926694081363222
 1.2199049605492667
 0.0
 0.0
 0.0
 0.0
 0.0
 3.0
 0.0
 0.0
 3.0
 0.0
 0.0
 0.0
 5.0
 0.0
 1.3358920872542446
 0.38687969770018055
 3.0
 1.0483577149152117
 1.9516422850847883
 0.0
 3.0
 0.0
 3.0
 1.0368837850217683
 1.209749777378431
 0.5603727014190943
 0.0
 0.0
 0.0
 0.0
 0.0
 0.0
 1.266917843818466
 0.185981949535035
 0.0
 0.0
 2.87705750355018
 0.0
 0.0
 1.846595811553445
 0.0
 2.955951258717967
 0.0
 0.0
 0.0
 0.0
 0.0
 0.0
 3.731972373255425
 0.0
 0.0
 1.5442560093622688
 0.0
 0.0
 0.0
 0.0
 0.0
 0.0
 0.486063814742574
 0.0
 0.0
 3.0483577149152117
 0.5413583865920515
 0.0
 7.25607220185986
x_lj_opt: 1-dimensional DenseAxisArray{Float64,1,...} with index sets:
    Dimension 1, [(15, 30), (15, 29), (15, 23), (15, 3), (14, 28), (14, 27), (14, 10), (14, 24), (13, 26), (13, 25)  …  (3, 6), (3, 5), (3, 29), (2, 4), (2, 3), (2, 1), (2, 5), (1, 2), (1, 1), (1, 14)]
And data, a 53-element Vector{Float64}:
 1.4099416917640035
 5.125103434398409
 0.0
 0.9070090252324825
 0.6067846582494472
 1.0
 0.0
 0.0
 2.0
 0.13919822089246617
 0.7894127597366858
 1.6664618209904603
 1.0
 0.33353817900953975
 1.3742858337031199
 0.0
 0.0
 0.0
 0.33353817900953975
 1.2921759872873406
 0.0
 2.0
 0.8949535264686567
 1.324344416648433
 0.19860318311590913
 0.0
 5.851055005101327
 2.148944994898673
 0.0
 0.0
 2.0
 0.9559512587179669
 0.0
 2.0
 6.0
 0.0
 1.8770575035501798
 1.0
 0.0
 0.0
 1.1414382692772147
 3.851055005101327
 0.07537118613112792
 1.2657901385383066
 3.6711352789602842
 0.5413583865920515
 1.924628813868872
 0.03868245237875266
 0.0
 1.0366887337523754
 1.2105872402633142
 1.2660803809335828
 0.0
q_opt: 1-dimensional DenseAxisArray{Float64,1,...} with index sets:
    Dimension 1, [(43, 15), (43, 14), (44, 15), (44, 13), (44, 3), (40, 14), (40, 2), (41, 14), (42, 6), (37, 13)  …  (4, 13), (5, 2), (5, 7), (5, 9), (6, 11), (1, 1), (1, 6), (1, 3), (2, 1), (2, 15)]
And data, a 71-element Vector{Float64}:
 0.0
 0.0
 0.0
 0.7894127597366859
 0.6328950692691533
 0.6131203022998195
 0.0
 0.0
 0.0
 0.0
 0.0
 1.0
 0.0
 0.0
 0.375
 0.0
 0.0
 0.3128570831484401
 0.625
 0.0
 0.42928086536139265
 0.38687969770018055
 1.0
 0.3844680628155183
 0.24395528563559854
 0.0
 0.375
 0.0
 0.6871429168515599
 0.756968092628713
 0.7889866031777362
 0.2105872402633142
 0.0
 0.0
 0.0
 0.0
 0.0
 0.0
 0.2110133968222638
 0.0929909747675175
 0.0
 0.0
 1.0
 0.0
 0.0
 0.6155319371844816
 0.0
 1.0
 0.0
 0.0
 0.0
 0.0
 0.0
 0.0
 0.5707191346386074
 0.0
 0.0
 0.2768785329655048
 0.0
 0.0
 0.0
 0.0
 0.0
 0.0
 0.243031907371287
 0.0
 0.0
 0.38104471436440146
 0.09022639776534191
 0.0
 0.9070090252324825



