McCormick lower bound: -644.7232158843966

solution time: 0.0059511661529541016

w_opt: 1-dimensional DenseAxisArray{Float64,1,...} with index sets:
    Dimension 1, [(25, 1, 2), (25, 1, 1), (25, 1, 14), (20, 1, 2), (20, 1, 1), (20, 1, 14), (1, 1, 2), (1, 1, 1), (1, 1, 14), (2, 1, 2)  …  (20, 15, 23), (20, 15, 3), (8, 15, 30), (8, 15, 29), (8, 15, 23), (8, 15, 3), (2, 15, 30), (2, 15, 29), (2, 15, 23), (2, 15, 3)]
And data, a 261-element Vector{Float64}:
 1.4020445041155487
 0.0
 0.026160765062971825
 0.0
 1.4035100265262945
 0.0
 0.0
 0.0
 0.0
 0.0
 0.0
 0.0
 0.0
 0.0
 0.0
 0.0
 2.0
 0.0
 0.0
 1.0
 0.0
 0.0
 0.0
 0.0
 0.0
 0.0
 0.0
 0.0
 1.2789560205284929
 3.4190316909253795
 0.0
 0.0
 0.0
 0.0
 0.0
 0.0
 0.0
 0.0
 0.0
 0.0
 0.0
 0.0
 0.9496970897945204
 0.0
 0.5579453552512414
 0.0
 0.0
 0.0
 0.0
 1.080669682986174
 1.7457676150052293
 0.0
 0.0
 0.0
 0.0
 0.0
 0.0
 0.0
 0.0
 2.0
 1.0
 0.0
 0.0
 0.0
 0.0
 0.0
 0.0
 0.0
 0.0
 0.0
 0.0
 0.06017306075397377
 0.18051918226192143
 0.0
 0.75
 2.25
 0.0
 0.5384544422649776
 1.6153633267949328
 0.0
 0.0
 0.0
 0.0
 0.0
 0.0
 0.0
 0.0
 0.0
 0.0
 0.0
 0.0
 0.0
 0.6513724969810486
 1.9541174909431458
 0.0
 0.0
 0.0
 0.0
 0.0
 0.0
 0.0
 1.9738392349370282
 0.8744837138705516
 0.11243590359796285
 0.0
 0.0
 0.039241147594457626
 0.0
 0.0
 0.0
 0.0
 0.0
 0.0
 0.0
 0.0
 0.0
 0.0
 0.0
 3.75
 1.1244837138705517
 0.0
 0.1255162861294484
 0.0
 1.9551861204852292
 1.0448138795147708
 0.0
 0.0
 0.0
 0.0
 0.0
 0.0
 0.0
 0.0
 0.0
 0.0
 0.0
 0.0
 0.0
 0.0
 0.0
 0.0
 0.0
 0.0
 0.0
 0.0
 0.0
 0.0
 1.276980851306709
 0.0
 0.0
 0.0
 0.5401322957461663
 0.0
 0.6110727387711594
 0.23510949216893023
 0.0
 0.0
 1.3889272612288406
 0.6944636306144203
 0.0
 0.0
 0.0
 0.0
 0.1192366194303014
 1.5809683090746205
 0.0
 0.0
 0.0
 0.0
 0.0
 0.0
 0.0
 0.0
 1.4730105636417932
 0.0
 0.0
 0.0
 0.0
 0.0
 0.0
 0.0
 0.0
 0.0
 0.0
 0.0
 0.0
 0.0
 0.0
 0.0
 0.0
 0.0
 0.0
 0.0
 0.0
 1.8807633805696986
 1.0
 0.11923661943030117
 0.0
 0.0
 0.0
 0.0
 0.0
 0.0
 0.0
 0.0
 0.0
 1.434559702856826
 0.11932435554396159
 0.5979554958844513
 0.565440297143174
 0.16792966394688097
 0.0
 0.0
 0.0
 0.0
 0.0
 0.0
 0.0
 0.0
 0.0
 0.0
 0.0
 0.3296216710131299
 0.0
 0.0
 0.6528027599650059
 0.6703783289868701
 0.0
 0.0
 0.0
 0.0
 0.0
 0.0
 0.0
 0.0
 0.0
 0.0
 0.0
 0.0
 0.0
 0.0
 0.0
 0.0
 0.0
 0.0
 0.0
 0.0
 0.0
 0.0
 0.01259730616765875
 0.0
 0.0
 0.0
 0.0
 0.0
 0.0
 0.0
 1.9874026938323412
 4.931066290775178
 0.0
 0.9937013469161706
x_ij_opt: 1-dimensional DenseAxisArray{Float64,1,...} with index sets:
    Dimension 1, [(43, 30), (43, 22), (43, 6), (44, 22), (45, 30), (45, 29), (45, 28), (45, 24), (45, 23), (40, 29)  …  (5, 7), (5, 14), (6, 4), (6, 3), (1, 14), (1, 10), (1, 23), (1, 1), (3, 2), (3, 1)]
And data, a 116-element Vector{Float64}:
 0.0
 0.5269894363582068
 0.0
 0.0
 0.0
 0.0
 1.347197240034994
 0.0
 0.0
 0.0
 0.0
 0.0
 0.0
 0.0
 0.0
 0.0
 0.0
 0.0
 0.2519141125418365
 0.0
 0.0
 0.0
 0.0
 0.0
 0.0
 0.0
 0.0
 2.0
 0.0
 0.0
 0.0
 0.0
 0.0
 0.0
 0.0
 0.0
 0.0
 0.0
 0.0
 0.0
 0.0
 0.0
 0.0
 0.7210439794715071
 0.0
 0.0
 0.0
 0.0
 0.0
 0.0
 0.0
 0.0
 0.0
 0.0
 0.0
 1.5269894363582068
 0.0
 0.2948138795147709
 0.0
 0.1828868529471248
 0.0
 0.0
 0.0
 0.0
 6.0
 0.0
 0.0
 0.0
 0.0
 0.7480858874581635
 0.0
 0.0
 0.0
 0.0
 0.0
 0.0
 0.0
 0.9193303170138261
 0.0
 0.0
 0.0
 0.0
 0.0
 0.0
 0.0
 0.0
 0.0
 0.0
 0.0
 0.0
 0.0
 0.0
 0.0
 0.0
 0.0
 0.0
 0.0
 0.7127459805091574
 0.0
 0.006298653083829375
 0.0
 0.0
 0.0
 0.0
 0.0
 0.0
 0.0
 0.0
 0.0
 0.0
 0.0
 0.0
 0.0
 4.444812922281285
 0.0
 0.0
x_il_opt: 1-dimensional DenseAxisArray{Float64,1,...} with index sets:
    Dimension 1, [(43, 15), (43, 14), (44, 15), (44, 13), (44, 3), (40, 14), (40, 2), (41, 14), (42, 6), (37, 13)  …  (4, 13), (5, 2), (5, 7), (5, 9), (6, 11), (1, 1), (1, 6), (1, 3), (2, 1), (2, 15)]
And data, a 71-element Vector{Float64}:
 0.0
 0.3296216710131299
 0.0
 2.151839554285239
 4.697987711453872
 1.323181088951876
 0.0
 0.0
 0.2406922430158952
 0.733369961090055
 0.0
 3.0
 0.0
 0.0
 3.0
 0.0
 0.0
 1.7002049285049219
 5.0
 0.0
 0.5579453552512414
 0.0
 3.0
 0.8461822309400896
 2.1538177690599105
 0.0
 3.0
 0.0
 1.4730105636417932
 1.276980851306709
 1.4282052691785203
 0.0
 0.0
 0.0
 0.0
 0.0
 0.0
 0.0
 1.4035100265262945
 0.01259730616765875
 0.0
 0.0
 3.0
 0.0
 0.0
 2.083390891843261
 0.0
 2.960758852405543
 0.0
 0.0
 0.0
 0.0
 0.0
 0.0
 2.8264372979914034
 0.0
 0.0
 0.0
 0.0
 0.0
 0.0
 0.0
 0.0
 0.039241147594457626
 0.5401322957461663
 0.0
 0.0
 2.6054899879241944
 0.9496970897945204
 0.0
 7.91217033152369
x_lj_opt: 1-dimensional DenseAxisArray{Float64,1,...} with index sets:
    Dimension 1, [(15, 30), (15, 29), (15, 23), (15, 3), (14, 28), (14, 27), (14, 10), (14, 24), (13, 26), (13, 25)  …  (3, 6), (3, 5), (3, 29), (2, 4), (2, 3), (2, 1), (2, 5), (1, 2), (1, 1), (1, 14)]
And data, a 53-element Vector{Float64}:
 2.0
 4.931066290775178
 0.0
 0.9937013469161706
 0.6528027599650059
 1.0
 0.0
 0.0
 2.0
 0.28725401949084256
 0.5979554958844513
 1.8807633805696986
 1.0
 0.11923661943030117
 1.4730105636417932
 0.0
 0.0
 0.0
 0.1192366194303014
 1.5809683090746205
 0.0
 2.0
 0.9295731227833506
 1.8171131470528752
 0.0
 0.0
 5.705186120485229
 2.1692975933853225
 0.0
 0.12551628612944843
 1.9738392349370282
 0.8744837138705516
 0.15167705119242048
 2.0
 6.0
 0.0
 2.0
 1.0
 0.0
 0.0
 1.080669682986174
 2.3037129702564707
 0.0
 1.2789560205284929
 3.4190316909253795
 0.9496970897945204
 2.0
 0.0
 0.0
 1.0
 1.4020445041155487
 1.4035100265262945
 0.026160765062971825
q_opt: 1-dimensional DenseAxisArray{Float64,1,...} with index sets:
    Dimension 1, [(43, 15), (43, 14), (44, 15), (44, 13), (44, 3), (40, 14), (40, 2), (41, 14), (42, 6), (37, 13)  …  (4, 13), (5, 2), (5, 7), (5, 9), (6, 11), (1, 1), (1, 6), (1, 3), (2, 1), (2, 15)]
And data, a 71-element Vector{Float64}:
 0.0
 0.3296216710131299
 0.0
 0.717279851428413
 0.8417171517009132
 0.6703783289868701
 0.0
 0.0
 0.030086530376986886
 0.282720148571587
 0.0
 1.0
 0.0
 0.0
 0.375
 0.0
 0.0
 0.2634947181791034
 0.625
 0.0
 0.45966515850691303
 0.0
 1.0
 0.3055363693855797
 0.2692272211324888
 0.0
 0.375
 0.0
 0.7365052818208966
 0.7299338521269169
 0.7660816622456176
 0.0
 0.0
 0.0
 0.0
 0.0
 0.0
 0.0
 0.23391833775438242
 0.006298653083829375
 0.0
 0.0
 1.0
 0.0
 0.0
 0.6944636306144203
 0.0
 0.9869196174685141
 0.0
 0.0
 0.0
 0.0
 0.0
 0.0
 0.540334841493087
 0.0
 0.0
 0.0
 0.0
 0.0
 0.0
 0.0
 0.0
 0.013080382531485912
 0.27006614787308314
 0.0
 0.0
 0.3256862484905243
 0.15828284829908673
 0.0
 0.9937013469161706



