McCormick lower bound: -642.1461404011496

solution time: 0.006018161773681641

w_opt: 1-dimensional DenseAxisArray{Float64,1,...} with index sets:
    Dimension 1, [(25, 1, 2), (25, 1, 1), (25, 1, 14), (20, 1, 2), (20, 1, 1), (20, 1, 14), (1, 1, 2), (1, 1, 1), (1, 1, 14), (2, 1, 2)  …  (20, 15, 23), (20, 15, 3), (8, 15, 30), (8, 15, 29), (8, 15, 23), (8, 15, 3), (2, 15, 30), (2, 15, 29), (2, 15, 23), (2, 15, 3)]
And data, a 261-element Vector{Float64}:
 1.2872327372290995
 0.0
 0.0
 0.0
 0.3447550201247713
 0.0
 0.0
 0.0
 0.0
 0.0
 0.0
 0.0
 0.0
 0.0
 0.0
 0.0
 2.0
 0.0
 0.0
 1.0
 0.0
 0.0
 0.0
 0.0
 0.0
 0.0
 0.0
 0.0
 1.1176947684925813
 1.6876558516228475
 0.0
 0.0
 0.0
 0.0
 0.0
 2.1028594155716878
 0.0
 0.0
 0.0
 0.0
 0.0
 0.0
 0.5440562789505692
 0.0
 0.0
 0.0
 0.0
 0.0
 0.0
 1.3710611129244568
 3.2046266065651174
 0.0
 0.0
 0.0
 0.0
 0.0
 0.0
 0.0
 0.0
 2.0
 1.0
 0.0
 0.0
 0.0
 0.0
 0.0
 0.0
 0.0
 0.0
 0.0
 0.0
 0.6778076375474937
 2.0334229126424814
 0.0
 0.350372532897375
 1.051117598692125
 0.0
 0.5216451442615806
 1.5649354327847418
 0.0
 0.0
 0.0
 0.0
 0.0
 0.0
 0.0
 0.0
 0.0
 0.0
 0.0
 0.0
 0.0
 0.45017468529355065
 1.350524055880652
 0.0
 0.0
 0.0
 0.0
 0.0
 0.0
 0.0
 2.0
 0.9129721557858916
 0.0
 0.0
 0.0
 0.0
 0.0
 0.0
 0.0
 0.0
 0.0
 0.0
 0.0
 0.0
 0.0
 0.0
 0.0
 4.010037880626323
 1.3366792935421086
 0.0
 0.0
 0.0
 1.194588725938795
 1.458694099892774
 0.0
 0.0
 0.0
 0.0
 0.0
 0.0
 0.0
 0.0
 0.0
 0.0
 0.0
 0.0
 0.0
 0.0
 0.0
 0.0
 0.0
 0.0
 0.0
 0.0
 0.0
 0.0
 0.6287287523197906
 0.20163727280211877
 0.0
 0.0
 0.4636693950534231
 0.0
 0.6579040149364739
 0.25551540801720407
 0.0
 0.0
 1.3420959850635261
 0.6710479925317631
 0.0
 0.0
 0.0
 0.0
 0.0
 0.1026592743548953
 0.0
 0.0
 0.0
 0.0
 0.0
 0.0
 0.0
 0.0
 1.5505407832274605
 0.0
 0.0
 0.0
 0.34263375832197007
 1.1068254584505695
 0.0
 0.0
 0.0
 0.0
 0.0
 0.0
 0.0
 0.0
 0.0
 0.0
 0.0
 0.0
 0.0
 0.0
 0.0
 1.65736624167803
 1.0
 0.34263375832197007
 0.0
 0.0
 0.0
 0.0
 0.0
 0.0
 0.0
 0.0
 0.0
 1.3507978279788164
 0.22653809349360043
 0.7127672627709005
 0.4732645438377887
 0.23663227191889402
 0.0
 0.0
 0.0
 0.0
 0.0
 0.0
 0.0
 0.0
 0.0
 0.0
 0.0
 0.0
 0.0
 0.0
 0.1191292555978774
 0.27838319388406496
 0.0
 0.0
 0.0
 0.0
 0.0
 0.0
 0.0
 0.721616806115935
 0.0
 0.0
 0.0
 0.0
 0.0
 0.0
 0.0
 0.0
 0.0
 0.0
 0.0
 0.0
 0.0
 0.0
 0.5940799622732158
 0.0
 0.0
 0.0
 0.0
 0.0
 0.0
 0.0
 1.405920037726784
 3.514800094316961
 0.0
 0.7029600188633921
x_ij_opt: 1-dimensional DenseAxisArray{Float64,1,...} with index sets:
    Dimension 1, [(43, 30), (43, 22), (43, 6), (44, 22), (45, 30), (45, 29), (45, 28), (45, 24), (45, 23), (40, 29)  …  (5, 7), (5, 14), (6, 4), (6, 3), (1, 14), (1, 10), (1, 23), (1, 1), (3, 2), (3, 1)]
And data, a 116-element Vector{Float64}:
 0.0
 0.4494592167725395
 0.0
 0.0
 0.0
 0.0
 1.8808707444021227
 0.0
 0.0
 0.0
 0.0
 0.0
 0.0
 0.0
 0.0
 0.0
 0.0
 0.0
 0.0
 0.0
 0.0
 0.0
 0.0
 0.0
 0.17593762818339487
 0.0
 0.0
 2.0
 0.0
 1.5985098684105
 0.0
 0.0
 0.0
 0.0
 0.0
 0.0
 0.0
 0.0
 0.0
 0.0
 0.0
 0.0
 0.0
 0.8823052315074187
 0.0
 0.0
 0.0
 0.0
 0.0
 0.0
 0.0
 0.0
 0.0
 0.0
 0.0
 0.0
 0.0
 0.7953733934348826
 0.08702784421410838
 0.9076018526267862
 0.0
 0.0
 0.0
 0.0
 6.0
 0.0
 0.0
 0.0
 0.0
 0.7983627271978813
 0.0
 0.0
 0.0
 0.0
 0.0
 0.0
 0.0
 0.6289388870755432
 0.0
 0.0
 0.0
 0.0
 0.0
 0.0
 0.0
 0.0
 0.0
 0.0
 0.0
 0.0
 0.0
 0.0
 0.0
 0.0
 0.0
 0.0
 0.0
 0.5368296345875055
 0.0
 0.2970399811366079
 0.0
 0.0
 0.0
 0.0
 0.0
 0.0
 0.0
 0.0
 0.0
 0.0
 0.0
 0.0
 0.0
 5.655244979875229
 0.0
 0.0
x_il_opt: 1-dimensional DenseAxisArray{Float64,1,...} with index sets:
    Dimension 1, [(43, 15), (43, 14), (44, 15), (44, 13), (44, 3), (40, 14), (40, 2), (41, 14), (42, 6), (37, 13)  …  (4, 13), (5, 2), (5, 7), (5, 9), (6, 11), (1, 1), (1, 6), (1, 3), (2, 1), (2, 15)]
And data, a 71-element Vector{Float64}:
 0.0
 0.0
 0.0
 2.2901031842433173
 2.805350620115429
 0.39751244948194236
 0.0
 0.0
 2.711230550189975
 0.7098968157566827
 0.0
 3.0
 0.0
 0.0
 1.4014901315895
 0.0
 0.0
 0.1026592743548953
 5.346717174168431
 0.0
 0.0
 0.721616806115935
 3.0
 0.9134194229536778
 2.0865805770463224
 0.0
 2.6532828258315693
 0.0
 3.0
 0.8303660251219094
 1.2872327372290995
 0.0
 0.0
 0.0
 0.0
 0.0
 0.0
 0.0
 0.3447550201247713
 0.5940799622732158
 0.0
 0.0
 3.0
 0.0
 0.0
 2.013143977595289
 0.0
 2.9129721557858916
 0.0
 0.0
 0.0
 0.0
 0.0
 0.0
 4.575687719489574
 0.0
 0.0
 2.1028594155716878
 0.0
 0.0
 0.0
 0.0
 0.0
 0.0
 0.4636693950534231
 0.0
 0.0
 1.8006987411742026
 0.5440562789505692
 0.0
 5.623680150907137
x_lj_opt: 1-dimensional DenseAxisArray{Float64,1,...} with index sets:
    Dimension 1, [(15, 30), (15, 29), (15, 23), (15, 3), (14, 28), (14, 27), (14, 10), (14, 24), (13, 26), (13, 25)  …  (3, 6), (3, 5), (3, 29), (2, 4), (2, 3), (2, 1), (2, 5), (1, 2), (1, 1), (1, 14)]
And data, a 53-element Vector{Float64}:
 2.0
 3.514800094316961
 0.0
 0.7029600188633921
 0.1191292555978774
 1.0
 0.0
 0.0
 1.8240623718166051
 0.46317036541249446
 0.7127672627709004
 1.65736624167803
 1.0
 0.34263375832197007
 1.5505407832274605
 0.0
 0.0
 0.0
 0.34263375832197007
 1.2094847328054648
 0.0
 2.0
 0.9265634005489671
 1.0923981473732138
 0.20163727280211877
 0.0
 5.204626606565117
 2.7953733934348826
 0.0
 0.0
 2.0
 0.9129721557858916
 0.0
 2.0
 6.0
 0.0
 2.0
 1.0
 0.0
 0.0
 1.3710611129244568
 3.2046266065651174
 0.0
 1.1176947684925813
 3.790515267194535
 0.5440562789505692
 2.0
 0.0
 0.0
 1.0
 1.2872327372290995
 0.3447550201247713
 0.0
q_opt: 1-dimensional DenseAxisArray{Float64,1,...} with index sets:
    Dimension 1, [(43, 15), (43, 14), (44, 15), (44, 13), (44, 3), (40, 14), (40, 2), (41, 14), (42, 6), (37, 13)  …  (4, 13), (5, 2), (5, 7), (5, 9), (6, 11), (1, 1), (1, 6), (1, 3), (2, 1), (2, 15)]
And data, a 71-element Vector{Float64}:
 0.0
 0.0
 0.0
 0.7633677280811056
 0.5588473842462907
 0.27838319388406496
 0.0
 0.0
 0.3389038187737469
 0.23663227191889435
 0.0
 1.0
 0.0
 0.0
 0.1751862664486875
 0.0
 0.0
 0.22472960838626976
 0.6683396467710537
 0.0
 0.3144694435377716
 0.721616806115935
 1.0
 0.32895200746823694
 0.2608225721307903
 0.0
 0.33166035322894616
 0.0
 0.7752703916137302
 0.7681653024732884
 0.9425408299792047
 0.0
 0.0
 0.0
 0.0
 0.0
 0.0
 0.0
 0.05745917002079526
 0.2970399811366079
 0.0
 0.0
 1.0
 0.0
 0.0
 0.6710479925317631
 0.0
 1.0
 0.0
 0.0
 0.0
 0.0
 0.0
 0.0
 0.6855305564622284
 0.0
 0.0
 0.350476569261948
 0.0
 0.0
 0.0
 0.0
 0.0
 0.0
 0.23183469752671154
 0.0
 0.0
 0.22508734264677532
 0.09067604649176153
 0.0
 0.7029600188633921



