McCormick lower bound: -642.4426053218587

solution time: 0.005655050277709961

w_opt: 1-dimensional DenseAxisArray{Float64,1,...} with index sets:
    Dimension 1, [(25, 1, 2), (25, 1, 1), (25, 1, 14), (20, 1, 2), (20, 1, 1), (20, 1, 14), (1, 1, 2), (1, 1, 1), (1, 1, 14), (2, 1, 2)  …  (20, 15, 23), (20, 15, 3), (8, 15, 30), (8, 15, 29), (8, 15, 23), (8, 15, 3), (2, 15, 30), (2, 15, 29), (2, 15, 23), (2, 15, 3)]
And data, a 261-element Vector{Float64}:
 1.5849966157839206
 0.0
 0.14672038870373602
 0.0
 0.0
 0.0
 0.0
 0.0
 0.0
 0.0
 0.0
 0.0
 0.0
 0.0
 0.0
 0.0
 2.0
 0.0
 0.0
 1.0
 0.0
 0.0
 0.0
 0.0
 0.0
 0.0
 0.0
 0.0
 1.248677676307061
 3.0731274883150177
 0.0
 0.0
 0.0
 0.0
 0.0
 0.0
 0.0
 0.0
 0.0
 0.0
 0.0
 0.0
 0.43397425952397334
 0.0
 1.321637211560475
 0.0
 0.0
 0.0
 0.0
 1.022511086159638
 1.334246111958368
 0.0
 0.0
 0.0
 0.0
 0.0
 0.0
 0.0
 0.0
 2.0
 1.0
 0.0
 0.0
 0.0
 0.0
 0.0
 0.0
 0.0
 0.0
 0.0
 0.0
 0.2763315746391845
 0.8289947239175535
 0.0
 0.75
 2.25
 0.0
 0.5532277171120887
 1.6596831513362662
 0.0
 0.0
 0.0
 0.0
 0.0
 0.0
 0.0
 0.0
 0.0
 0.0
 0.0
 0.0
 0.0
 0.42044070824872676
 1.26132212474618
 0.0
 0.0
 0.0
 0.0
 0.0
 0.0
 0.0
 1.853279611296264
 0.8338101838254804
 0.0
 0.0
 0.0
 0.1753578328139378
 0.0
 0.0
 0.0
 0.0
 0.0
 0.0
 0.0
 0.0
 0.0
 0.0
 0.0
 2.8998492624671828
 1.9339609213582976
 0.0
 0.16618981617451953
 0.0
 1.8318677420204734
 1.1681322579795266
 0.0
 0.0
 0.0
 0.0
 0.0
 0.0
 0.0
 0.0
 0.0
 0.0
 0.0
 0.0
 0.0
 0.0
 0.0
 0.0
 0.0
 0.0
 0.0
 0.0
 0.0
 0.0
 0.0
 0.0
 0.0
 0.0
 0.009936433585673862
 0.0
 0.57188934759569
 0.21519978395595524
 0.0
 0.0
 1.42811065240431
 0.714055326202155
 0.0
 0.0
 0.0
 0.0
 0.0
 1.2482500307784878
 0.0
 0.0
 0.0
 0.0
 0.0
 0.0
 0.0
 0.0
 1.5839166564071707
 0.0
 0.0
 0.0
 0.4954373655430022
 0.6786224809064945
 0.0
 0.0
 0.0
 0.0
 0.0
 0.0
 0.0
 0.0
 0.0
 0.0
 0.0
 0.0
 0.0
 0.0
 0.0
 1.5045626344569978
 0.9403792597049422
 0.55505810583806
 0.0
 0.0
 0.0
 0.0
 0.0
 0.0
 0.0
 0.0
 0.0
 1.4460562149781513
 0.30802472327299624
 0.4150033842160794
 0.5539437850218487
 0.22349844465816776
 0.0
 0.0
 0.0
 0.0
 0.0
 0.0
 0.0
 0.0
 0.0
 0.0
 0.0
 0.0
 0.0
 0.0
 0.2659931985082396
 0.13898911021254734
 0.0
 0.0
 0.0
 0.0
 0.0
 0.0
 0.0
 0.8610108897874527
 0.0
 0.0
 0.0
 0.0
 0.0
 0.0
 0.0
 0.0
 0.0
 0.0
 0.0
 0.0
 0.0
 0.0
 0.2954135865439684
 0.0
 0.0
 0.0
 0.0
 0.0
 0.0
 0.0
 0.9989799345210709
 5.010967634637967
 0.0
 0.8083980846650881
x_ij_opt: 1-dimensional DenseAxisArray{Float64,1,...} with index sets:
    Dimension 1, [(43, 30), (43, 22), (43, 6), (44, 22), (45, 30), (45, 29), (45, 28), (45, 24), (45, 23), (40, 29)  …  (5, 7), (5, 14), (6, 4), (6, 3), (1, 14), (1, 10), (1, 23), (1, 1), (3, 2), (3, 1)]
And data, a 116-element Vector{Float64}:
 0.0
 0.4160833435928293
 0.0
 0.0
 0.7056064789349608
 0.0
 1.7340068014917605
 0.0
 0.0
 0.0
 0.0
 0.0
 0.0
 0.0
 0.0
 0.0
 0.0
 0.0
 0.2618437289221931
 0.0
 0.0
 0.0
 0.0
 0.0
 0.0
 0.0
 0.0
 2.0
 0.0
 0.0
 0.0
 0.0
 0.0
 0.0
 0.0
 0.0
 0.0
 0.0
 0.0
 0.0
 0.0
 0.0
 0.0
 0.7513223236929389
 0.0
 0.0
 0.0
 0.0
 0.0
 0.0
 0.0
 0.0
 0.0
 0.0
 0.0
 0.24202349714333238
 0.0
 1.2682829955123434
 0.0
 1.9900635664143262
 0.0
 0.0
 0.0
 0.0
 6.0
 0.0
 0.0
 0.0
 0.0
 0.7381562710778069
 0.0
 0.0
 0.0
 0.0
 0.0
 0.0
 0.0
 0.977488913840362
 0.0
 0.0
 0.0
 0.0
 0.0
 0.0
 0.0
 0.0
 0.0
 0.0
 0.0
 0.0
 0.0
 0.0
 0.0
 0.0
 0.0
 0.0
 0.0
 0.46847683206883595
 0.0
 0.1916019153349119
 0.0
 0.0
 0.0
 0.0
 0.0
 0.0
 0.0
 0.0
 0.0
 0.0
 0.0
 0.0
 0.05962074029505782
 5.824642167186062
 0.0
 0.0
x_il_opt: 1-dimensional DenseAxisArray{Float64,1,...} with index sets:
    Dimension 1, [(43, 15), (43, 14), (44, 15), (44, 13), (44, 3), (40, 14), (40, 2), (41, 14), (42, 6), (37, 13)  …  (4, 13), (5, 2), (5, 7), (5, 9), (6, 11), (1, 1), (1, 6), (1, 3), (2, 1), (2, 15)]
And data, a 71-element Vector{Float64}:
 0.0
 0.0
 0.0
 2.169084322467227
 4.321805164622079
 0.40498230872078694
 0.0
 0.0
 1.105326298556738
 0.7774422296800165
 0.0
 3.0
 0.0
 0.0
 3.0
 0.0
 0.0
 1.2482500307784878
 5.0
 0.0
 1.321637211560475
 0.8610108897874527
 3.0
 0.7870891315516453
 2.212910868448355
 0.0
 3.0
 0.0
 2.7579765028566676
 0.0
 1.7317170044876566
 0.0
 0.0
 0.0
 0.0
 0.0
 0.0
 0.0
 0.0
 0.2954135865439684
 0.0
 0.0
 3.0
 0.0
 0.0
 2.1421659786064646
 0.0
 2.6870897951217443
 0.0
 0.0
 0.0
 0.0
 0.0
 0.0
 2.356757198118006
 0.0
 0.0
 0.0
 0.0
 0.0
 0.0
 0.0
 0.0
 0.1753578328139378
 0.009936433585673862
 0.0
 0.0
 1.6817628329949068
 0.43397425952397334
 0.0
 6.818345653824125
x_lj_opt: 1-dimensional DenseAxisArray{Float64,1,...} with index sets:
    Dimension 1, [(15, 30), (15, 29), (15, 23), (15, 3), (14, 28), (14, 27), (14, 10), (14, 24), (13, 26), (13, 25)  …  (3, 6), (3, 5), (3, 29), (2, 4), (2, 3), (2, 1), (2, 5), (1, 2), (1, 1), (1, 14)]
And data, a 53-element Vector{Float64}:
 1.2943935210650392
 5.010967634637967
 0.0
 0.8083980846650881
 0.2659931985082396
 1.0
 0.0
 0.0
 2.0
 0.531523167931164
 0.4150033842160794
 1.5045626344569978
 0.9403792597049422
 0.55505810583806
 1.5839166564071707
 0.0
 0.0
 0.0
 0.4954373655430022
 1.9268725116849823
 0.0
 2.0
 0.9292551101581101
 0.009936433585673862
 0.0
 0.0
 4.731717004487656
 3.1020931793378246
 0.0
 0.16618981617451953
 1.853279611296264
 0.8338101838254804
 0.1753578328139378
 2.0
 6.0
 0.0
 2.0
 1.0
 0.0
 0.0
 1.022511086159638
 2.655883323518843
 0.0
 1.248677676307061
 3.0731274883150177
 0.43397425952397334
 2.0
 0.0
 0.0
 1.0
 1.5849966157839206
 0.0
 0.14672038870373605
q_opt: 1-dimensional DenseAxisArray{Float64,1,...} with index sets:
    Dimension 1, [(43, 15), (43, 14), (44, 15), (44, 13), (44, 3), (40, 14), (40, 2), (41, 14), (42, 6), (37, 13)  …  (4, 13), (5, 2), (5, 7), (5, 9), (6, 11), (1, 1), (1, 6), (1, 3), (2, 1), (2, 15)]
And data, a 71-element Vector{Float64}:
 0.0
 0.0
 0.0
 0.7230281074890756
 0.9276709567460044
 0.13898911021254734
 0.0
 0.0
 0.13816578731959225
 0.2769718925109244
 0.0
 1.0
 0.0
 0.0
 0.375
 0.0
 0.0
 0.20804167179641464
 0.625
 0.0
 0.488744456920181
 0.8610108897874527
 1.0
 0.285944673797845
 0.27661385855604437
 0.0
 0.375
 0.0
 0.7919583282035854
 0.9950317832071631
 1.0
 0.0
 0.0
 0.0
 0.0
 0.0
 0.014907583413888759
 0.0
 0.0
 0.1477067932719842
 0.0
 0.0
 1.0
 0.0
 0.0
 0.714055326202155
 0.0
 0.926639805648132
 0.0
 0.0
 0.0
 0.0
 0.0
 0.0
 0.511255543079819
 0.0
 0.0
 0.0
 0.0
 0.0
 0.0
 0.0
 0.0
 0.058452610937979266
 0.004968216792836931
 0.0
 0.0
 0.21022035412436338
 0.07232904325399556
 0.0
 0.8522932067280158



