McCormick lower bound: -644.7760053694417

solution time: 0.005764007568359375

w_opt: 1-dimensional DenseAxisArray{Float64,1,...} with index sets:
    Dimension 1, [(25, 1, 2), (25, 1, 1), (25, 1, 14), (20, 1, 2), (20, 1, 1), (20, 1, 14), (1, 1, 2), (1, 1, 1), (1, 1, 14), (2, 1, 2)  …  (20, 15, 23), (20, 15, 3), (8, 15, 30), (8, 15, 29), (8, 15, 23), (8, 15, 3), (2, 15, 30), (2, 15, 29), (2, 15, 23), (2, 15, 3)]
And data, a 261-element Vector{Float64}:
 1.297394004840163
 0.0
 0.0
 0.0
 1.0505132776454023
 0.0
 0.0
 0.0
 0.0
 0.0
 0.0
 0.0
 0.0
 0.0
 0.0
 0.0
 1.9384922982604553
 0.0
 0.0
 1.0615077017395447
 0.0
 0.0
 0.0
 0.0
 0.0
 0.0
 0.0
 0.0
 0.7020400627369446
 1.5444029957797167
 0.0
 0.0
 0.0
 0.0
 0.0
 3.394089302480739
 1.1313631008269127
 0.0
 0.0
 0.0
 0.0
 0.0
 0.4997905093084274
 0.0
 0.0
 0.0
 0.0
 0.0
 0.0
 1.2867977818661747
 2.5705799978140584
 0.06150770173954467
 0.0
 0.0
 0.0
 0.0
 0.0
 0.0
 0.0
 2.0
 1.0
 0.0
 0.0
 0.0
 0.0
 0.0
 0.0
 0.0
 0.0
 0.0
 0.0
 0.04760163000944847
 0.1428048900283454
 0.0
 0.75
 2.25
 0.0
 0.5647176779063077
 1.6941530337189235
 0.0
 0.0
 0.0
 0.0
 0.0
 0.0
 0.0
 0.0
 0.0
 0.0
 0.0
 0.0
 0.0
 0.6376806920842439
 1.9130420762527311
 0.0
 0.0
 0.0
 0.0
 0.0
 0.0
 0.0
 2.0
 0.9869704137503427
 0.0
 0.0
 0.0
 0.0
 0.0
 0.0
 0.0
 0.0
 0.0
 0.0
 0.0
 0.0
 0.0
 0.0
 0.0
 4.011159929395328
 1.3370533097984416
 0.0
 0.0
 0.0
 1.3311784132696152
 1.320608347536615
 0.0
 0.0
 0.0
 0.0
 0.0
 0.0
 0.0
 0.0
 0.0
 0.0
 0.0
 0.0
 0.0
 0.0
 0.0
 0.0
 0.0
 0.0
 0.0
 0.0
 0.0
 0.0
 0.2372771938551228
 0.2107448611186894
 0.0
 0.0
 0.05272795734113933
 0.0
 0.5343692001142929
 0.2067600882604762
 0.0
 0.0
 1.465630799885707
 0.7328153999428536
 0.0
 0.0
 0.0
 0.0
 0.0
 0.0
 0.0
 0.0
 0.0
 0.0
 0.0
 0.0
 0.0
 0.0
 1.9490318155603632
 0.0
 0.0
 0.0
 0.2792098395887519
 0.0
 0.0
 0.0
 0.0
 0.0
 0.0
 0.0
 0.0
 0.0
 0.0
 0.0
 0.0
 0.0
 0.0
 0.0
 0.0
 1.720790160411248
 1.0
 0.2792098395887517
 0.0
 0.0
 0.0
 0.0
 0.0
 0.0
 0.0
 0.0
 0.0
 1.554021394008513
 0.07440470184441939
 0.7026059951598369
 0.0
 0.0
 0.0
 0.0
 0.0
 0.0
 0.44597860599148687
 0.13791409060982407
 0.0
 0.0
 0.0
 0.0
 0.0
 0.0
 0.0
 0.0
 0.5288746829760976
 0.4287839555164089
 0.0
 0.0
 0.0
 0.0
 0.0
 0.0
 0.0
 0.5712160444835911
 0.0
 0.0
 0.0
 0.0
 0.0
 0.0
 0.0
 0.0
 0.0
 0.0
 0.0
 0.0
 0.0
 0.0
 0.0
 0.0
 0.0
 0.0
 0.0
 0.0
 0.0
 0.0
 2.0
 4.089636550275908
 0.0
 1.0
x_ij_opt: 1-dimensional DenseAxisArray{Float64,1,...} with index sets:
    Dimension 1, [(43, 30), (43, 22), (43, 6), (44, 22), (45, 30), (45, 29), (45, 28), (45, 24), (45, 23), (40, 29)  …  (5, 7), (5, 14), (6, 4), (6, 3), (1, 14), (1, 10), (1, 23), (1, 1), (3, 2), (3, 1)]
And data, a 116-element Vector{Float64}:
 0.0
 0.0509681844396368
 0.5853410007209033
 0.0
 0.0
 0.0
 1.4711253170239025
 0.0
 0.0
 0.0
 0.0
 0.0
 0.0
 0.0
 0.0
 0.0
 0.0
 0.0
 0.0
 0.0
 0.0
 0.0
 0.0
 0.0
 0.0
 0.0
 0.0
 2.0
 0.0
 0.0
 0.0
 0.0
 0.0
 0.0
 0.0
 0.0
 0.0
 0.0
 0.0
 0.0
 0.0
 0.0
 0.0
 0.7126189365421521
 0.0
 0.0
 0.0
 0.0
 0.0
 0.0
 0.0
 0.0
 0.0
 0.0
 0.0
 0.7717583448508851
 0.0
 0.6576616573350567
 0.013029586249657292
 1.709994848803738
 0.0
 0.0
 0.0
 0.0
 6.0
 0.0
 0.0
 0.0
 0.0
 0.7892551388813106
 0.0
 0.0
 0.0
 0.0
 0.0
 0.0
 0.0
 0.7132022181338253
 0.0
 0.0
 0.0
 0.0
 0.0
 0.0
 0.0
 0.0
 0.0
 0.0
 0.0
 0.0
 0.0
 0.0
 0.0
 0.0
 0.0
 0.0
 0.0
 0.7876812075457565
 0.0
 0.0
 0.0
 0.0
 0.0
 0.0
 0.0
 0.0
 0.0
 0.0
 0.0
 0.0
 0.0
 0.0
 0.0
 4.949486722354598
 0.0
 0.0
x_il_opt: 1-dimensional DenseAxisArray{Float64,1,...} with index sets:
    Dimension 1, [(43, 15), (43, 14), (44, 15), (44, 13), (44, 3), (40, 14), (40, 2), (41, 14), (42, 6), (37, 13)  …  (4, 13), (5, 2), (5, 7), (5, 9), (6, 11), (1, 1), (1, 6), (1, 3), (2, 1), (2, 15)]
And data, a 71-element Vector{Float64}:
 0.0
 0.0
 0.0
 2.3310320910127693
 2.2464430585166615
 0.9576586384925065
 0.0
 0.0
 0.19040652003779387
 0.0
 0.0
 3.0
 0.0
 0.0
 3.0
 0.0
 0.0
 0.0
 5.34821323919377
 0.0
 0.0
 0.5712160444835911
 3.0
 0.741129288374769
 2.258870711625231
 0.0
 2.65178676080623
 0.0
 2.228241655149115
 0.4480220549738122
 1.297394004840163
 0.5838926966013109
 0.0
 0.0
 0.0
 0.0
 0.0
 0.0
 1.0505132776454023
 0.0
 0.0
 0.0
 3.0
 0.0
 0.0
 2.1984461998285605
 0.0
 2.986970413750343
 0.0
 0.0
 0.0
 0.0
 0.0
 0.0
 3.9188854814197773
 0.0
 0.0
 4.525452403307652
 0.0
 0.0
 0.0
 0.0
 0.0
 0.0
 0.05272795734113933
 0.0
 0.0
 2.550722768336975
 0.4997905093084274
 0.0
 7.089636550275908
x_lj_opt: 1-dimensional DenseAxisArray{Float64,1,...} with index sets:
    Dimension 1, [(15, 30), (15, 29), (15, 23), (15, 3), (14, 28), (14, 27), (14, 10), (14, 24), (13, 26), (13, 25)  …  (3, 6), (3, 5), (3, 29), (2, 4), (2, 3), (2, 1), (2, 5), (1, 2), (1, 1), (1, 14)]
And data, a 53-element Vector{Float64}:
 2.0
 4.089636550275908
 0.0
 1.0
 0.5288746829760976
 1.0
 0.0
 0.0
 2.0
 0.21231879245424345
 0.702605995159837
 1.720790160411248
 1.0
 0.2792098395887517
 1.9490318155603632
 0.0
 0.0
 0.0
 0.2792098395887519
 0.0
 0.0
 2.0
 0.9395754882033298
 0.29000515119626213
 0.2107448611186894
 0.0
 5.342338342664943
 2.6576616573350567
 0.0
 0.0
 2.0
 0.9869704137503427
 0.0
 2.0
 6.0
 0.0
 2.0
 1.0
 0.0
 0.0
 1.2867977818661747
 2.5705799978140584
 0.06150770173954467
 0.7020400627369446
 4.9384922982604555
 1.6311536101353403
 1.9384922982604553
 0.0
 0.0
 1.0615077017395447
 1.297394004840163
 1.0505132776454023
 0.0
q_opt: 1-dimensional DenseAxisArray{Float64,1,...} with index sets:
    Dimension 1, [(43, 15), (43, 14), (44, 15), (44, 13), (44, 3), (40, 14), (40, 2), (41, 14), (42, 6), (37, 13)  …  (4, 13), (5, 2), (5, 7), (5, 9), (6, 11), (1, 1), (1, 6), (1, 3), (2, 1), (2, 15)]
And data, a 71-element Vector{Float64}:
 0.0
 0.0
 0.0
 0.7770106970042565
 0.3510200313684723
 0.4287839555164089
 0.0
 0.0
 0.023800815004724234
 0.0
 0.0
 1.0
 0.0
 0.0
 0.375
 0.0
 0.0
 0.0254840922198184
 0.6685266548992214
 0.0
 0.0
 0.5712160444835911
 1.0
 0.2671846000571464
 0.2823588389531539
 0.0
 0.33147334510077864
 0.0
 0.9745159077801816
 0.9736360213294304
 0.8249144537257663
 0.22298930299574343
 0.0
 0.0
 0.0
 0.0
 0.0
 0.0
 0.17508554627423367
 0.0
 0.0
 0.0
 1.0
 0.0
 0.0
 0.7328153999428536
 0.0
 1.0
 0.0
 0.0
 0.0
 0.0
 0.0
 0.0
 1.0
 0.0
 0.0
 0.5656815504134565
 0.0
 0.0
 0.0
 0.0
 0.0
 0.0
 0.026363978670569665
 0.0
 0.0
 0.31884034604212186
 0.08329841821807123
 0.0
 1.0



