McCormick lower bound: -644.4619387975298

solution time: 0.0059888362884521484

w_opt: 1-dimensional DenseAxisArray{Float64,1,...} with index sets:
    Dimension 1, [(25, 1, 2), (25, 1, 1), (25, 1, 14), (20, 1, 2), (20, 1, 1), (20, 1, 14), (1, 1, 2), (1, 1, 1), (1, 1, 14), (2, 1, 2)  …  (20, 15, 23), (20, 15, 3), (8, 15, 30), (8, 15, 29), (8, 15, 23), (8, 15, 3), (2, 15, 30), (2, 15, 29), (2, 15, 23), (2, 15, 3)]
And data, a 261-element Vector{Float64}:
 1.1879406688280683
 0.0
 0.02197807969153809
 0.0
 0.1417264790668696
 0.0
 0.0
 0.0
 0.0
 0.0
 0.0
 0.0
 0.0
 0.0
 0.0
 0.0
 1.8767924812702053
 0.2807275021547077
 0.0
 0.842480016575087
 0.0
 0.0
 0.0
 0.0
 0.0
 0.0
 0.0
 0.0
 1.070222487736009
 1.7773710393526998
 0.0
 0.0
 0.0
 0.0
 0.0
 2.3832751769576848
 1.1639498654350908
 0.0
 0.0
 0.0
 0.0
 0.0
 0.0
 0.0
 0.3730503673628225
 0.0
 0.0
 0.0
 0.0
 1.5972968203038838
 3.6030300068486594
 0.12320751872979478
 0.0
 0.0
 0.0
 0.0
 0.0
 0.0
 0.0
 2.0
 1.0
 0.0
 0.0
 0.0
 0.0
 0.0
 0.0
 0.0
 0.0
 0.0
 0.0
 0.34488190851181155
 1.0346457255354347
 0.0
 0.5529314275279835
 1.6587942825839506
 0.0
 0.5506866130279005
 1.6520598390837014
 0.0
 0.0
 0.0
 0.0
 0.0
 0.0
 0.0
 0.0
 0.0
 0.0
 0.0
 0.0
 0.0
 0.5515000509323045
 1.6545001527969134
 0.0
 0.0
 0.0
 0.0
 0.0
 0.0
 0.0
 1.978021920308462
 0.8858347537656778
 0.10317620638855285
 0.0
 0.0
 0.032967119537307354
 0.0
 0.0
 0.0
 0.0
 0.0
 0.0
 0.0
 0.0
 0.0
 0.0
 0.0
 5.302666865802006
 1.7675556219340027
 0.0
 0.0
 0.0
 0.6734135084094718
 0.2563640038545154
 0.0
 0.0
 0.0
 0.0
 0.0
 0.0
 0.0
 0.0
 0.0
 0.0
 0.0
 0.0
 0.0
 0.0
 0.0
 0.0
 0.0
 0.0
 0.0
 0.0
 0.0
 0.0
 0.9079200185315628
 0.1914014887754281
 0.0
 0.0
 0.6298401022683398
 0.0
 0.5735524796293701
 0.223701068259028
 0.0
 0.0
 1.42644752037063
 0.713223760185315
 0.0
 0.0
 0.0
 0.0
 0.0
 0.0
 0.0
 0.0
 0.0
 0.0
 0.0
 0.0
 0.0
 0.0
 1.5280506209666773
 0.0
 0.0
 0.0
 0.475075611918794
 0.9968737671145285
 0.0
 0.0
 0.0
 0.0
 0.0
 0.0
 0.0
 0.0
 0.0
 0.0
 0.0
 0.0
 0.0
 0.0
 0.0
 1.524924388081206
 0.9281303987364875
 0.5469452131823063
 0.0
 0.0
 0.0
 0.0
 0.0
 0.0
 0.0
 0.0
 0.0
 1.5536286978586535
 0.0
 0.8120593311719315
 0.0
 0.0
 0.0
 0.0
 0.0
 0.0
 0.42287464731294366
 0.1298002248376186
 0.0
 0.0
 0.0
 0.0
 0.0
 0.0
 0.0
 0.0
 0.055583608479687525
 0.30885151516234677
 0.0
 0.0
 0.0
 0.0
 0.0
 0.0
 0.0
 0.6911484848376532
 0.0
 0.0
 0.0
 0.0
 0.0
 0.0
 0.0
 0.0
 0.0
 0.0
 0.0
 0.0
 0.0
 0.0
 0.5996677474021854
 0.0
 0.0
 0.0
 0.0
 0.0
 0.0
 0.0
 1.4003322525978146
 3.5008306314945368
 0.0
 0.7001661262989073
x_ij_opt: 1-dimensional DenseAxisArray{Float64,1,...} with index sets:
    Dimension 1, [(43, 30), (43, 22), (43, 6), (44, 22), (45, 30), (45, 29), (45, 28), (45, 24), (45, 23), (40, 29)  …  (5, 7), (5, 14), (6, 4), (6, 3), (1, 14), (1, 10), (1, 23), (1, 1), (3, 2), (3, 1)]
And data, a 116-element Vector{Float64}:
 0.0
 0.4719493790333227
 0.0
 0.0
 0.0
 0.0
 1.9444163915203125
 0.0
 0.0
 0.0
 0.0
 0.0
 0.0
 0.0
 0.0
 0.0
 0.0
 0.0
 0.0
 0.0
 0.0
 0.0
 0.0
 0.0
 0.023496654828402797
 0.0
 0.0
 2.0
 0.0
 0.7882742898880661
 0.0
 0.0
 0.0
 0.0
 0.0
 0.0
 0.0
 0.0
 0.0
 0.0
 0.0
 0.0
 0.0
 0.9297775122639911
 0.0
 0.0
 0.0
 0.0
 0.0
 0.0
 0.0
 0.0
 0.0
 0.0
 0.0
 0.0
 0.0
 0.02391962578851814
 0.11416524623432223
 0.46223987920009746
 0.0
 0.0
 0.0
 0.0
 6.0
 0.0
 0.0
 0.0
 0.0
 0.8085985112245719
 0.0
 0.0
 0.0
 0.0
 0.0
 0.0
 0.0
 0.40270317969611624
 0.0
 0.0
 0.0
 0.0
 0.0
 0.0
 0.0
 0.0
 0.0
 0.0
 0.0
 0.0
 0.0
 0.0
 0.0
 0.0
 0.0
 0.0
 0.0
 0.8701997751623813
 0.0
 0.019106371546385004
 0.0
 0.0
 0.0
 0.0
 0.0
 0.0
 0.0
 0.0
 0.0
 0.0
 0.0
 0.0
 0.0718696012635125
 5.72213019500727
 0.0
 0.0
x_il_opt: 1-dimensional DenseAxisArray{Float64,1,...} with index sets:
    Dimension 1, [(43, 15), (43, 14), (44, 15), (44, 13), (44, 3), (40, 14), (40, 2), (41, 14), (42, 6), (37, 13)  …  (4, 13), (5, 2), (5, 7), (5, 9), (6, 11), (1, 1), (1, 6), (1, 3), (2, 1), (2, 15)]
And data, a 71-element Vector{Float64}:
 0.0
 0.0
 0.0
 2.365688029030585
 2.8475935270887085
 0.3644351236420343
 0.0
 0.0
 1.3795276340472462
 0.0
 0.0
 3.0
 0.0
 0.0
 2.211725710111934
 0.0
 0.0
 0.0
 7.070222487736009
 0.0
 0.3730503673628225
 0.6911484848376532
 3.0
 0.7972535478883981
 2.202746452111602
 0.0
 0.9297775122639872
 0.0
 3.0
 1.0993215073069909
 1.2099187485196063
 0.5526748721505623
 0.0
 0.0
 0.0
 0.0
 0.0
 0.0
 0.1417264790668696
 0.5996677474021854
 0.0
 0.0
 3.0
 0.0
 0.0
 2.139671280555945
 0.0
 2.9670328804626926
 0.0
 0.0
 0.0
 0.0
 0.0
 0.0
 5.323534345882338
 0.0
 0.0
 3.5472250423927756
 0.0
 0.0
 0.0
 0.0
 0.0
 0.032967119537307354
 0.6298401022683398
 0.0
 0.0
 2.206000203729218
 0.0
 0.0
 5.601329010391258
x_lj_opt: 1-dimensional DenseAxisArray{Float64,1,...} with index sets:
    Dimension 1, [(15, 30), (15, 29), (15, 23), (15, 3), (14, 28), (14, 27), (14, 10), (14, 24), (13, 26), (13, 25)  …  (3, 6), (3, 5), (3, 29), (2, 4), (2, 3), (2, 1), (2, 5), (1, 2), (1, 1), (1, 14)]
And data, a 53-element Vector{Float64}:
 2.0
 3.5008306314945368
 0.0
 0.7001661262989073
 0.055583608479687525
 1.0
 0.0
 0.0
 1.9765033451715972
 0.1298002248376186
 0.8120593311719316
 1.524924388081206
 0.9281303987364875
 0.5469452131823063
 1.5280506209666773
 0.0
 0.0
 0.0
 0.475075611918794
 0.9968737671145285
 0.0
 2.0
 0.936924828444343
 1.5377601207999025
 0.1914014887754281
 0.0
 5.976080374211482
 2.023919625788518
 0.0
 0.0
 1.978021920308462
 0.8858347537656778
 0.1361433259258602
 2.0
 6.0
 0.0
 2.0
 1.0
 0.0
 0.0
 1.5972968203038838
 3.976080374211482
 0.12320751872979478
 1.070222487736009
 4.160646216310385
 1.1639498654350908
 1.8767924812702053
 0.2807275021547077
 0.0
 0.842480016575087
 1.1879406688280683
 0.1417264790668696
 0.02197807969153809
q_opt: 1-dimensional DenseAxisArray{Float64,1,...} with index sets:
    Dimension 1, [(43, 15), (43, 14), (44, 15), (44, 13), (44, 3), (40, 14), (40, 2), (41, 14), (42, 6), (37, 13)  …  (4, 13), (5, 2), (5, 7), (5, 9), (6, 11), (1, 1), (1, 6), (1, 3), (2, 1), (2, 15)]
And data, a 71-element Vector{Float64}:
 0.0
 0.0
 0.0
 0.7885626763435282
 0.556596869700903
 0.30885151516234677
 0.0
 0.0
 0.17244095425590578
 0.0
 0.0
 1.0
 0.0
 0.0
 0.27646571376399176
 0.0
 0.0
 0.23597468951666134
 0.8837778109670011
 0.0
 0.062175061227137084
 0.6911484848376532
 1.0
 0.28677623981468503
 0.2753433065139502
 0.0
 0.11622218903299886
 0.0
 0.7640253104833387
 0.6850799488658301
 0.9763789201555217
 0.21143732365647183
 0.0
 0.0
 0.0
 0.0
 0.0
 0.0
 0.023621079844478268
 0.2998338737010927
 0.0
 0.0
 1.0
 0.0
 0.0
 0.713223760185315
 0.0
 0.989010960154231
 0.0
 0.0
 0.0
 0.0
 0.0
 0.0
 0.9378249387728629
 0.0
 0.0
 0.44340313029909695
 0.0
 0.0
 0.0
 0.0
 0.0
 0.010989039845769119
 0.3149200511341699
 0.0
 0.0
 0.27575002546615224
 0.0
 0.0
 0.7001661262989073



