McCormick lower bound: -644.4736156391194

solution time: 0.006369829177856445

w_opt: 1-dimensional DenseAxisArray{Float64,1,...} with index sets:
    Dimension 1, [(25, 1, 2), (25, 1, 1), (25, 1, 14), (20, 1, 2), (20, 1, 1), (20, 1, 14), (1, 1, 2), (1, 1, 1), (1, 1, 14), (2, 1, 2)  …  (20, 15, 23), (20, 15, 3), (8, 15, 30), (8, 15, 29), (8, 15, 23), (8, 15, 3), (2, 15, 30), (2, 15, 29), (2, 15, 23), (2, 15, 3)]
And data, a 261-element Vector{Float64}:
 1.3644181445664212
 0.0
 0.0
 0.0
 0.507052517372134
 0.0
 0.0
 0.0
 0.0
 0.0
 0.0
 0.0
 0.0
 0.0
 0.0
 0.0
 1.9164746920907452
 0.0
 0.0
 1.0835253079092546
 0.0
 0.0
 0.0
 0.0
 0.0
 0.0
 0.0
 0.0
 0.7090568877132482
 1.18480877559406
 0.0
 0.0
 0.0
 0.0
 0.0
 3.103563669987183
 0.39932579853167416
 0.0
 0.0
 0.0
 0.0
 0.0
 0.7692656668730727
 0.0
 0.16134091839770015
 0.0
 0.0
 0.0
 0.0
 1.4099098984353564
 3.3545841246733143
 0.08352530790925483
 0.0
 0.0
 0.0
 0.0
 0.0
 0.0
 0.0
 2.0
 1.0
 0.0
 0.0
 0.0
 0.0
 0.0
 0.0
 0.0
 0.0
 0.0
 0.0
 0.2653351761871217
 0.796005528561365
 0.0
 0.75
 2.25
 0.0
 0.5187107078514936
 1.556132123554481
 0.0
 0.0
 0.0
 0.0
 0.0
 0.0
 0.0
 0.0
 0.0
 0.0
 0.0
 0.0
 0.0
 0.46595411596138464
 1.3978623478841539
 0.0
 0.0
 0.0
 0.0
 0.0
 0.0
 0.0
 2.0
 0.8739703866535233
 0.12602961334647667
 0.0
 0.0
 0.0
 0.0
 0.0
 0.0
 0.0
 0.0
 0.0
 0.0
 0.0
 0.0
 0.0
 0.0
 5.273887564606522
 1.7579625215355068
 0.0
 0.0
 0.0
 0.24203747846449275
 0.7261124353934783
 0.0
 0.0
 0.0
 0.0
 0.0
 0.0
 0.0
 0.0
 0.0
 0.0
 0.0
 0.0
 0.0
 0.0
 0.0
 0.0
 0.0
 0.0
 0.0
 0.0
 0.0
 0.0
 0.7825419131832199
 0.24293537197489704
 0.0
 0.0
 0.36663465013482843
 0.0
 0.6760736461697633
 0.2490835224242621
 0.0
 0.0
 1.3239263538302368
 0.6619631769151184
 0.0
 0.0
 0.0
 0.0
 0.0
 0.0
 0.0
 0.0
 0.0
 0.0
 0.0
 0.0
 0.0
 0.0
 2.0
 0.0
 0.0
 0.0
 0.37189775349049725
 0.6281022465095027
 0.0
 0.0
 0.0
 0.0
 0.0
 0.0
 0.0
 0.0
 0.0
 0.0
 0.0
 0.0
 0.0
 0.0
 0.0
 1.6281022465095027
 1.0
 0.37189775349049725
 0.0
 0.0
 0.0
 0.0
 0.0
 0.0
 0.0
 0.0
 0.0
 1.3041859003187408
 0.3242554735251004
 0.6355818554335788
 0.49065118048171996
 0.24532559024085993
 0.0
 0.0
 0.0
 0.0
 0.0
 0.0
 0.0
 0.0
 0.0
 0.0
 0.0
 0.0
 0.0
 0.0
 0.1902907526167064
 0.2869780873109484
 0.0
 0.0
 0.0
 0.0
 0.0
 0.0
 0.0
 0.7130219126890516
 0.0
 0.0
 0.0
 0.0
 0.0
 0.0
 0.0
 0.0
 0.0
 0.0
 0.0
 0.0
 0.0
 0.0
 0.21619568755809726
 0.0
 0.0
 0.0
 0.0
 0.0
 0.0
 0.0
 1.7838043124419032
 4.459510781104756
 0.0
 0.8919021562209514
x_ij_opt: 1-dimensional DenseAxisArray{Float64,1,...} with index sets:
    Dimension 1, [(43, 30), (43, 22), (43, 6), (44, 22), (45, 30), (45, 29), (45, 28), (45, 24), (45, 23), (40, 29)  …  (5, 7), (5, 14), (6, 4), (6, 3), (1, 14), (1, 10), (1, 23), (1, 1), (3, 2), (3, 1)]
And data, a 116-element Vector{Float64}:
 0.0
 0.0
 0.32279319842878174
 0.0
 0.0
 0.0
 1.8097092473832936
 0.0
 0.0
 0.0
 0.0
 0.0
 0.0
 0.0
 0.0
 0.0
 0.0
 0.0
 0.0
 0.0
 0.0
 0.0
 0.0
 0.0
 0.20516291919953922
 0.0
 0.0
 2.0
 0.0
 0.0
 0.0
 0.0
 0.0
 0.0
 0.0
 0.0
 0.0
 0.0
 0.0
 0.0
 0.0
 0.0
 0.0
 0.9681499138579701
 0.0
 0.0
 0.0
 0.0
 0.0
 0.0
 0.0
 0.0
 0.0
 0.0
 0.0
 0.0
 0.0
 0.4840749569289855
 0.12602961334647667
 0.8508234366819516
 0.0
 0.0
 0.0
 0.0
 6.0
 0.0
 0.0
 0.0
 0.0
 0.757064628025103
 0.0
 0.0
 0.0
 0.0
 0.0
 0.0
 0.0
 0.5900901015646436
 0.0
 0.0
 0.0
 0.0
 0.0
 0.0
 0.0
 0.0
 0.0
 0.0
 0.0
 0.0
 0.0
 0.0
 0.0
 0.0
 0.0
 0.0
 0.0
 0.4304189362340396
 0.0
 0.10809784377904863
 0.0
 0.0
 0.0
 0.0
 0.0
 0.0
 0.0
 0.0
 0.0
 0.0
 0.0
 0.0
 0.0
 5.366917869281389
 0.0
 0.0
x_il_opt: 1-dimensional DenseAxisArray{Float64,1,...} with index sets:
    Dimension 1, [(43, 15), (43, 14), (44, 15), (44, 13), (44, 3), (40, 14), (40, 2), (41, 14), (42, 6), (37, 13)  …  (4, 13), (5, 2), (5, 7), (5, 9), (6, 11), (1, 1), (1, 6), (1, 3), (2, 1), (2, 15)]
And data, a 71-element Vector{Float64}:
 0.0
 0.0
 0.0
 2.26402322927742
 1.893865663307308
 0.4772688399276548
 0.0
 0.0
 1.0613407047484866
 0.7359767707225799
 0.0
 3.0
 0.0
 0.0
 3.0
 0.0
 0.0
 0.0
 7.03185008614203
 0.0
 0.16134091839770015
 0.7130219126890516
 3.0
 0.9251571685940254
 2.0748428314059746
 0.0
 0.968149913857971
 0.0
 3.0
 1.0254772851581169
 1.3644181445664212
 0.0
 0.0
 0.0
 0.0
 0.0
 0.0
 0.0
 0.507052517372134
 0.21619568755809726
 0.0
 0.0
 3.0
 0.0
 0.0
 1.9858895307453552
 0.0
 3.0
 0.0
 0.0
 0.0
 0.0
 0.0
 0.0
 4.848019331017926
 0.0
 0.0
 3.502889468518857
 0.0
 0.0
 0.0
 0.0
 0.0
 0.0
 0.36663465013482843
 0.0
 0.0
 1.8638164638455383
 0.7692656668730727
 0.0
 7.135217249767611
x_lj_opt: 1-dimensional DenseAxisArray{Float64,1,...} with index sets:
    Dimension 1, [(15, 30), (15, 29), (15, 23), (15, 3), (14, 28), (14, 27), (14, 10), (14, 24), (13, 26), (13, 25)  …  (3, 6), (3, 5), (3, 29), (2, 4), (2, 3), (2, 1), (2, 5), (1, 2), (1, 1), (1, 14)]
And data, a 53-element Vector{Float64}:
 2.0
 4.459510781104756
 0.0
 0.8919021562209514
 0.1902907526167064
 1.0
 0.0
 0.0
 1.7948370808004608
 0.5695810637659604
 0.6355818554335788
 1.6281022465095027
 1.0
 0.37189775349049725
 2.0
 0.0
 0.0
 0.0
 0.37189775349049725
 0.6281022465095027
 0.0
 2.0
 0.9110466993393805
 1.1491765633180484
 0.24293537197489704
 0.0
 5.5159250430710145
 2.4840749569289855
 0.0
 0.0
 2.0
 0.8739703866535233
 0.12602961334647667
 2.0
 6.0
 0.0
 2.0
 1.0
 0.0
 0.0
 1.4099098984353564
 3.5159250430710145
 0.08352530790925483
 0.7090568877132482
 4.288372445581243
 1.168591465404747
 1.9164746920907452
 0.0
 0.0
 1.0835253079092546
 1.3644181445664212
 0.507052517372134
 0.0
q_opt: 1-dimensional DenseAxisArray{Float64,1,...} with index sets:
    Dimension 1, [(43, 15), (43, 14), (44, 15), (44, 13), (44, 3), (40, 14), (40, 2), (41, 14), (42, 6), (37, 13)  …  (4, 13), (5, 2), (5, 7), (5, 9), (6, 11), (1, 1), (1, 6), (1, 3), (2, 1), (2, 15)]
And data, a 71-element Vector{Float64}:
 0.0
 0.0
 0.0
 0.75467440975914
 0.3545284438566241
 0.2869780873109484
 0.0
 0.0
 0.13266758809356086
 0.24532559024085993
 0.0
 1.0
 0.0
 0.0
 0.375
 0.0
 0.0
 0.0
 0.8789812607677536
 0.0
 0.2950450507823218
 0.7130219126890516
 1.0
 0.33803682308488164
 0.2593553539257468
 0.0
 0.12101873923224638
 0.0
 1.0
 0.8166826749325857
 0.9154912471046444
 0.0
 0.0
 0.0
 0.0
 0.0
 0.0
 0.0
 0.08450875289535566
 0.10809784377904863
 0.0
 0.0
 1.0
 0.0
 0.0
 0.6619631769151184
 0.0
 1.0
 0.0
 0.0
 0.0
 0.0
 0.0
 0.0
 0.7049549492176782
 0.0
 0.0
 0.5172606116645305
 0.0
 0.0
 0.0
 0.0
 0.0
 0.0
 0.18331732506741422
 0.0
 0.0
 0.23297705798069232
 0.12821094447884546
 0.0
 0.8919021562209514



