McCormick lower bound: -641.8572795780232

solution time: 0.006145000457763672

w_opt: 1-dimensional DenseAxisArray{Float64,1,...} with index sets:
    Dimension 1, [(25, 1, 2), (25, 1, 1), (25, 1, 14), (20, 1, 2), (20, 1, 1), (20, 1, 14), (1, 1, 2), (1, 1, 1), (1, 1, 14), (2, 1, 2)  …  (20, 15, 23), (20, 15, 3), (8, 15, 30), (8, 15, 29), (8, 15, 23), (8, 15, 3), (2, 15, 30), (2, 15, 29), (2, 15, 23), (2, 15, 3)]
And data, a 261-element Vector{Float64}:
 1.124225356207875
 0.0
 0.0
 0.0684853873022897
 1.4180452843998559
 0.0
 0.0
 0.0
 0.0
 0.0
 0.0
 0.0
 0.0
 0.0
 0.0
 0.0
 1.9689771586958567
 0.09301517628613165
 0.0
 0.9380076650180116
 0.0
 0.0
 0.0
 0.0
 0.0
 0.0
 0.0
 0.0
 1.2719413700875215
 3.588584317577219
 0.0
 0.0
 0.0
 0.0
 0.0
 0.0
 0.0
 0.0
 0.0
 0.0
 0.0
 0.0
 0.8497403503080934
 0.0
 1.6273653192731516
 0.0
 0.0
 0.0
 0.0
 0.9410869396481987
 1.7386881695240395
 0.031022841304143123
 0.0
 0.0
 0.0
 0.0
 0.0
 0.0
 0.0
 1.8813830799413083
 1.0
 0.0
 0.0
 0.0
 0.0
 0.0
 0.0
 0.0
 0.0
 0.0
 0.0
 0.04690199551646346
 0.14070598654939037
 0.0
 0.7491440376631272
 2.2474321129893813
 0.0
 0.5743489945478599
 1.7230469836435802
 0.0
 0.0
 0.0
 0.0
 0.0
 0.0
 0.0
 0.0
 0.0
 0.0
 0.0
 0.0
 0.0
 0.6296049722725494
 1.8888149168176482
 0.0
 0.0
 0.0
 0.0
 0.0
 0.0
 0.0
 2.0
 0.9847137427492269
 0.0
 0.0
 0.0
 0.0
 0.0
 0.0
 0.0
 0.0
 0.0
 0.0
 0.0
 0.0
 0.0
 0.0
 0.0
 3.918020708661025
 1.3060069028870083
 0.0
 0.0
 0.0
 2.081979291338975
 0.6939930971129917
 0.0
 0.0
 0.0
 0.0
 0.0
 0.0
 0.0
 0.0
 0.0
 0.0
 0.0
 0.0
 0.0
 0.0
 0.0
 0.0
 0.0
 0.0
 0.0
 0.0
 0.0
 0.0
 1.1408896764837866
 0.1945877497077545
 0.0
 0.0
 0.8356503674345384
 0.0
 0.5121300793830361
 0.19047394242552365
 0.0
 0.0
 1.4878699206169639
 0.7439349603084819
 0.0
 0.0
 0.0
 0.0
 0.0
 0.0
 0.0
 0.0
 0.0
 0.0
 0.0
 0.0
 0.0
 0.0
 1.804026852023683
 0.0
 0.0
 0.0
 0.5620266367735083
 0.0
 0.0
 0.0
 0.0
 0.0
 0.0
 0.0
 0.0
 0.0
 0.0
 0.0
 0.0
 0.0
 0.0
 0.0
 0.0
 1.4379733632264917
 0.9501149549984352
 0.6119116817750732
 0.0
 0.0
 0.0
 0.0
 0.0
 0.0
 0.0
 0.0
 0.0
 1.6145785129796704
 0.0
 0.8072892564898353
 0.0
 0.0
 0.0
 0.0
 0.0
 0.0
 0.38542148702032963
 0.13958947332948154
 0.0
 0.0
 0.0
 0.0
 0.0
 0.0
 0.0
 0.0
 0.1352060801908235
 0.2791601743067633
 0.0
 0.0
 0.0
 0.0
 0.0
 0.0
 0.0
 0.7208398256932367
 0.0
 0.0
 0.0
 0.0
 0.0
 0.0
 0.0
 0.0
 0.0
 0.0
 0.0
 0.0
 0.0
 0.0
 0.18603035257226325
 0.0
 0.0
 0.0
 0.0
 0.0
 0.0
 0.0
 1.8139696474277367
 4.534924118569342
 0.0
 0.9069848237138683
x_ij_opt: 1-dimensional DenseAxisArray{Float64,1,...} with index sets:
    Dimension 1, [(43, 30), (43, 22), (43, 6), (44, 22), (45, 30), (45, 29), (45, 28), (45, 24), (45, 23), (40, 29)  …  (5, 7), (5, 14), (6, 4), (6, 3), (1, 14), (1, 10), (1, 23), (1, 1), (3, 2), (3, 1)]
And data, a 116-element Vector{Float64}:
 0.0
 0.19597314797631687
 0.0
 0.0
 0.0
 0.0
 1.8647939198091765
 0.0
 0.0
 0.0
 0.0
 0.0
 0.0
 0.0
 0.0
 0.0
 0.0
 0.0
 0.0
 0.0
 0.0
 0.0
 0.0
 0.0
 0.0
 0.0
 0.0
 2.0
 0.0
 0.0034238493474914268
 0.0
 0.0
 0.0
 0.0
 0.0
 0.0
 0.0
 0.0
 0.0
 0.0
 0.0
 0.0
 0.0
 0.7280586299124785
 0.0
 0.0
 0.0
 0.0
 0.0
 0.0
 0.0
 0.0
 0.0
 0.0
 0.0
 0.6339465112028089
 0.0
 0.0
 0.015286257250773122
 0.02345995608167506
 0.0
 0.0
 0.0
 0.0
 6.0
 0.0
 0.0
 0.0
 0.0
 0.8054122502922455
 0.0
 0.0
 0.0
 0.0
 0.0
 0.0
 0.0
 1.0589130603518013
 0.0
 0.0
 0.0
 0.0
 0.0
 0.0
 0.0
 0.0
 0.0
 0.11861692005869173
 0.0
 1.4734080174047703
 0.0
 0.0
 0.0
 0.0
 0.0
 0.0
 0.0
 0.8604105266705184
 0.0
 0.0
 0.0
 0.0
 0.0
 0.0
 0.0
 0.0
 0.0
 0.0
 0.0
 0.0
 0.0
 0.0
 0.049885045001564765
 4.581954715600144
 0.0
 0.0
x_il_opt: 1-dimensional DenseAxisArray{Float64,1,...} with index sets:
    Dimension 1, [(43, 15), (43, 14), (44, 15), (44, 13), (44, 3), (40, 14), (40, 2), (41, 14), (42, 6), (37, 13)  …  (4, 13), (5, 2), (5, 7), (5, 9), (6, 11), (1, 1), (1, 6), (1, 3), (2, 1), (2, 15)]
And data, a 71-element Vector{Float64}:
 0.0
 0.0
 0.0
 2.4218677694695057
 4.86052568766474
 0.4143662544975868
 0.0
 0.0
 0.18760798206585383
 0.0
 0.0
 3.0
 0.0
 0.0
 2.9965761506525084
 0.0
 0.0
 0.0
 5.224027611548033
 0.0
 1.6273653192731516
 0.7208398256932367
 3.0
 0.7026040218085597
 2.29739597819144
 0.0
 2.775972388451967
 0.0
 2.366053488797191
 1.3354774261915412
 1.124225356207875
 0.5250109603498112
 0.0
 0.0
 0.0
 0.0
 0.0
 0.0
 1.4865306717021456
 0.18603035257226325
 0.0
 0.0
 2.8813830799413083
 0.0
 0.0
 2.231804880925446
 0.0
 2.9847137427492267
 0.0
 0.0
 0.0
 0.0
 0.0
 0.0
 2.7107979504763815
 0.0
 0.0
 0.0
 0.0
 0.0
 0.0
 0.0
 0.0
 0.0
 0.8356503674345384
 0.0
 0.0
 2.5184198890901976
 0.8497403503080934
 0.0
 7.255878589710947
x_lj_opt: 1-dimensional DenseAxisArray{Float64,1,...} with index sets:
    Dimension 1, [(15, 30), (15, 29), (15, 23), (15, 3), (14, 28), (14, 27), (14, 10), (14, 24), (13, 26), (13, 25)  …  (3, 6), (3, 5), (3, 29), (2, 4), (2, 3), (2, 1), (2, 5), (1, 2), (1, 1), (1, 14)]
And data, a 53-element Vector{Float64}:
 2.0
 4.534924118569342
 0.0
 0.9069848237138683
 0.1352060801908235
 1.0
 0.0
 0.0
 2.0
 0.13958947332948154
 0.8072892564898353
 1.4379733632264917
 0.9501149549984352
 0.6119116817750732
 1.804026852023683
 0.0
 0.0
 0.0
 0.5620266367735083
 0.0
 0.0
 2.0
 0.9344089027340056
 1.976540043918325
 0.1945877497077545
 0.0
 6.0
 2.0
 0.0
 0.0
 2.0
 0.9847137427492269
 0.0
 2.0
 6.0
 0.0
 1.8813830799413083
 1.0
 0.0
 0.0
 0.9410869396481987
 3.366053488797191
 0.031022841304143123
 1.2719413700875215
 3.588584317577219
 0.8497403503080934
 1.9689771586958569
 0.09301517628613165
 0.0
 0.9380076650180114
 1.1927107435101647
 1.4180452843998559
 0.0
q_opt: 1-dimensional DenseAxisArray{Float64,1,...} with index sets:
    Dimension 1, [(43, 15), (43, 14), (44, 15), (44, 13), (44, 3), (40, 14), (40, 2), (41, 14), (42, 6), (37, 13)  …  (4, 13), (5, 2), (5, 7), (5, 9), (6, 11), (1, 1), (1, 6), (1, 3), (2, 1), (2, 15)]
And data, a 71-element Vector{Float64}:
 0.0
 0.0
 0.0
 0.8072892564898352
 0.8583766082819845
 0.2791601743067633
 0.0
 0.0
 0.02345099775823173
 0.0
 0.0
 1.0
 0.0
 0.0
 0.3745720188315636
 0.0
 0.0
 0.0
 0.6530034514435041
 0.09798657398815847
 0.5294565301759007
 0.7208398256932367
 1.0
 0.25606503969151806
 0.28717449727393
 0.0
 0.34699654855649587
 0.0
 0.9020134260118415
 0.5821748162827308
 0.7636591192666907
 0.19271074351016482
 0.0
 0.0
 0.0
 0.0
 0.0
 0.0
 0.2363408807333093
 0.09301517628613162
 0.0
 0.0
 1.0
 0.0
 0.0
 0.7439349603084819
 0.0
 1.0
 0.0
 0.0
 0.0
 0.0
 0.0
 0.0
 0.47054346982409934
 0.0
 0.0
 0.0
 0.0
 0.0
 0.0
 0.0
 0.0
 0.0
 0.4178251837172692
 0.0
 0.0
 0.3148024861362747
 0.14162339171801555
 0.0
 0.9069848237138683



