McCormick lower bound: -648.1132635287032

solution time: 0.005789041519165039

w_opt: 1-dimensional DenseAxisArray{Float64,1,...} with index sets:
    Dimension 1, [(25, 1, 2), (25, 1, 1), (25, 1, 14), (20, 1, 2), (20, 1, 1), (20, 1, 14), (1, 1, 2), (1, 1, 1), (1, 1, 14), (2, 1, 2)  …  (20, 15, 23), (20, 15, 3), (8, 15, 30), (8, 15, 29), (8, 15, 23), (8, 15, 3), (2, 15, 30), (2, 15, 29), (2, 15, 23), (2, 15, 3)]
And data, a 261-element Vector{Float64}:
 1.4320390473442215
 0.0
 0.0
 0.0
 0.2568068641450507
 0.0
 0.0
 0.0
 0.0
 0.0
 0.0
 0.0
 0.0
 0.0
 0.0
 0.0
 1.8939081408899743
 0.2682429166992266
 0.0
 0.8378489424107991
 0.0
 0.0
 0.0
 0.0
 0.0
 0.0
 0.0
 0.0
 1.2908164914951803
 2.377832094438617
 0.0
 0.0
 0.0
 0.0
 0.0
 1.8353602677712835
 1.0013737662479953
 0.0
 0.0
 0.0
 0.0
 0.0
 0.0
 0.0
 0.34466493317545166
 0.0
 0.0
 0.0
 0.0
 1.175781229744232
 1.45670760076453
 0.10609185911002565
 0.0
 0.0
 0.0
 0.0
 0.0
 0.0
 0.0
 2.0
 1.0
 0.0
 0.0
 0.0
 0.0
 0.0
 0.0
 0.0
 0.0
 0.0
 0.0
 0.35818582460963744
 1.0745574738289123
 0.0
 0.5106040878890585
 1.5318122636671756
 0.0
 0.5670083714650413
 1.1340167429300827
 0.5670083714650413
 0.0
 0.0
 0.0
 0.0
 0.0
 0.0
 0.0
 0.0
 0.0
 0.0
 0.0
 0.0
 0.5642017160362627
 1.692605148108788
 0.0
 0.0
 0.0
 0.0
 0.0
 0.0
 0.0
 2.0
 0.952965987041633
 0.0
 0.0
 0.0
 0.0
 0.0
 0.0
 0.0
 0.0
 0.0
 0.0
 0.0
 0.0
 0.0
 0.0
 0.0
 4.443529276042644
 3.4142955869175777
 0.0
 0.0
 0.0
 0.035543784259944644
 0.10663135277983393
 0.0
 0.0
 0.0
 0.0
 0.0
 0.0
 0.0
 0.0
 0.0
 0.0
 0.0
 0.0
 0.0
 0.0
 0.0
 0.0
 0.0
 0.0
 0.0
 0.0
 0.0
 0.0
 0.0
 0.0
 0.0
 0.0
 0.0
 0.0
 0.5262581481259061
 0.2057083660139287
 0.0
 0.0
 1.473741851874094
 0.736870925937047
 0.0
 0.0
 0.0
 0.0
 0.0
 0.0
 0.0
 0.0
 0.0
 0.0
 0.0
 0.0
 0.0
 0.0
 1.9268935884800737
 0.0
 0.0
 0.0
 0.39540588515731945
 0.0
 0.0
 0.0
 0.0
 0.0
 0.0
 0.0
 0.0
 0.0
 0.0
 0.0
 0.0
 0.0
 0.0
 0.0
 0.0
 1.6045941148426808
 1.0
 0.3954058851573192
 0.0
 0.0
 0.0
 0.0
 0.0
 0.0
 0.0
 0.0
 0.0
 1.4933027268470251
 0.17869041076773406
 0.5679609526557786
 0.506697273152975
 0.208221983591771
 0.0
 0.0
 0.0
 0.0
 0.0
 0.0
 0.0
 0.0
 0.0
 0.0
 0.0
 0.0
 0.0
 0.0
 0.2511751468928751
 0.42241817573572293
 0.0
 0.0
 0.0
 0.0
 0.0
 0.0
 0.0
 0.5775818242642771
 0.0
 0.0
 0.0
 0.0
 0.0
 0.0
 0.0
 0.0
 0.0
 0.0
 0.0
 0.0
 0.0
 0.0
 0.5417453199396323
 0.0
 0.0
 0.0
 0.0
 0.0
 0.0
 0.0
 1.4582546800603677
 3.6456367001509196
 0.0
 0.7291273400301839
x_ij_opt: 1-dimensional DenseAxisArray{Float64,1,...} with index sets:
    Dimension 1, [(43, 30), (43, 22), (43, 6), (44, 22), (45, 30), (45, 29), (45, 28), (45, 24), (45, 23), (40, 29)  …  (5, 7), (5, 14), (6, 4), (6, 3), (1, 14), (1, 10), (1, 23), (1, 1), (3, 2), (3, 1)]
And data, a 116-element Vector{Float64}:
 0.0
 0.07310641151992625
 0.0
 0.0
 0.0
 0.0
 1.7488248531071249
 0.0
 0.0
 0.0
 0.0
 0.0
 0.0
 0.0
 0.0
 0.0
 0.0
 0.0
 0.25809786523628875
 0.0
 0.0
 0.0
 0.0
 0.0
 0.0
 0.0
 0.0
 2.0
 0.0
 0.9575836484437659
 0.0
 0.0
 0.0
 0.0
 0.0
 0.0
 0.0
 0.0
 0.0
 0.0
 0.0
 0.0
 0.0
 0.14217513703977835
 0.5670083714650413
 0.0
 0.0
 0.0
 0.0
 0.0
 0.0
 0.0
 0.0
 0.0
 0.0
 0.6777005263626066
 0.0
 1.5209269396974117
 0.047034012958367004
 2.0
 0.0
 0.0
 0.0
 0.0
 6.0
 0.0
 0.0
 0.0
 0.0
 0.7419021347637113
 0.0
 0.0
 0.0
 0.0
 0.0
 0.0
 0.0
 0.824218770255768
 0.0
 0.0
 0.0
 0.0
 0.0
 0.0
 0.0
 0.0
 0.0
 0.0
 0.0
 0.9489586953792997
 0.0
 0.0
 0.0
 0.0
 0.0
 0.0
 0.0
 0.6130876056404949
 0.0
 0.0026297432705895156
 0.0
 0.0
 0.0
 0.0
 0.0
 0.0
 0.0
 0.0
 0.0
 0.0
 0.0
 0.0
 0.0
 5.743193135854949
 0.0
 0.0
x_il_opt: 1-dimensional DenseAxisArray{Float64,1,...} with index sets:
    Dimension 1, [(43, 15), (43, 14), (44, 15), (44, 13), (44, 3), (40, 14), (40, 2), (41, 14), (42, 6), (37, 13)  …  (4, 13), (5, 2), (5, 7), (5, 9), (6, 11), (1, 1), (1, 6), (1, 3), (2, 1), (2, 15)]
And data, a 71-element Vector{Float64}:
 0.0
 0.0
 0.0
 2.2399540902705377
 3.6686485859337976
 0.6735933226285981
 0.0
 0.0
 1.4327432984385498
 0.714919256744746
 0.0
 3.0
 0.0
 0.0
 2.042416351556234
 0.0
 0.0
 0.0
 7.857824862960221
 0.0
 0.34466493317545166
 0.5775818242642771
 3.0
 0.7319665141398348
 2.2680334858601654
 0.0
 0.14217513703977858
 0.0
 2.3222994736373934
 0.0
 1.4320390473442215
 0.0
 0.0
 0.0
 0.0
 0.0
 0.0
 0.0
 0.2568068641450507
 0.5417453199396323
 0.0
 0.0
 3.0
 0.0
 0.0
 2.210612777811141
 0.0
 2.952965987041633
 0.0
 0.0
 0.0
 0.0
 0.0
 0.0
 2.7385806896187876
 0.0
 0.0
 2.836734034019279
 0.0
 0.0
 0.0
 0.0
 0.0
 0.0
 0.0
 0.0
 0.0
 2.2568068641450507
 0.0
 0.0
 5.833018720241471
x_lj_opt: 1-dimensional DenseAxisArray{Float64,1,...} with index sets:
    Dimension 1, [(15, 30), (15, 29), (15, 23), (15, 3), (14, 28), (14, 27), (14, 10), (14, 24), (13, 26), (13, 25)  …  (3, 6), (3, 5), (3, 29), (2, 4), (2, 3), (2, 1), (2, 5), (1, 2), (1, 1), (1, 14)]
And data, a 53-element Vector{Float64}:
 2.0
 3.6456367001509196
 0.0
 0.7291273400301839
 0.2511751468928751
 1.0
 0.0
 0.0
 2.0
 0.3869123943595051
 0.5679609526557786
 1.6045941148426806
 1.0
 0.39540588515731945
 1.9268935884800737
 0.0
 0.0
 0.0
 0.39540588515731945
 0.0
 0.0
 2.0
 0.9425792919509757
 0.0
 0.0
 0.0
 4.479073060302588
 3.5209269396974117
 0.0
 0.0
 2.0
 0.952965987041633
 0.0
 2.0
 5.432991628534959
 0.5670083714650413
 2.0
 1.0
 0.0
 0.0
 1.175781229744232
 1.8013725339399818
 0.10609185911002565
 1.2908164914951803
 4.213192362209901
 1.0013737662479953
 1.8939081408899743
 0.2682429166992266
 0.0
 0.8378489424107991
 1.4320390473442215
 0.2568068641450507
 0.0
q_opt: 1-dimensional DenseAxisArray{Float64,1,...} with index sets:
    Dimension 1, [(43, 15), (43, 14), (44, 15), (44, 13), (44, 3), (40, 14), (40, 2), (41, 14), (42, 6), (37, 13)  …  (4, 13), (5, 2), (5, 7), (5, 9), (6, 11), (1, 1), (1, 6), (1, 3), (2, 1), (2, 15)]
And data, a 71-element Vector{Float64}:
 0.0
 0.0
 0.0
 0.7466513634235126
 0.6454082457475901
 0.42241817573572293
 0.0
 0.0
 0.17909291230481872
 0.2533486365764875
 0.0
 1.0
 0.0
 0.0
 0.25530204394452927
 0.0
 0.0
 0.036553205759963125
 0.9822281078700277
 0.0
 0.412109385127884
 0.5775818242642771
 1.0
 0.26312907406295305
 0.2835041857325207
 0.0
 0.017771892129972322
 0.0
 0.9634467942400369
 1.0
 0.9571988559758249
 0.0
 0.0
 0.0
 0.0
 0.0
 0.0
 0.0
 0.04280114402417512
 0.27087265996981613
 0.0
 0.0
 1.0
 0.0
 0.0
 0.736870925937047
 0.0
 1.0
 0.0
 0.0
 0.0
 0.0
 0.0
 0.0
 0.587890614872116
 0.0
 0.0
 0.35459175425240985
 0.0
 0.0
 0.0
 0.0
 0.0
 0.0
 0.0
 0.0
 0.0
 0.28210085801813134
 0.0
 0.0
 0.7291273400301839



