McCormick lower bound: -645.8198223999104

solution time: 0.00554203987121582

w_opt: 1-dimensional DenseAxisArray{Float64,1,...} with index sets:
    Dimension 1, [(25, 1, 2), (25, 1, 1), (25, 1, 14), (20, 1, 2), (20, 1, 1), (20, 1, 14), (1, 1, 2), (1, 1, 1), (1, 1, 14), (2, 1, 2)  …  (20, 15, 23), (20, 15, 3), (8, 15, 30), (8, 15, 29), (8, 15, 23), (8, 15, 3), (2, 15, 30), (2, 15, 29), (2, 15, 23), (2, 15, 3)]
And data, a 261-element Vector{Float64}:
 1.3077877055119276
 0.0
 0.0
 0.0
 0.1170022077928854
 0.0
 0.0
 0.0
 0.0
 0.0
 0.0
 0.0
 0.0
 0.0
 0.0
 0.0
 1.9275035711304018
 0.0
 0.0
 1.0724964288695982
 0.0
 0.0
 0.0
 0.0
 0.0
 0.0
 0.0
 0.0
 1.2095914605782287
 3.1164379725988063
 0.0
 0.0
 0.0
 0.0
 0.0
 0.0
 0.0
 0.0
 0.0
 0.0
 0.0
 0.0
 0.44745227317471115
 0.0
 0.0
 0.0
 0.0
 0.0
 0.0
 1.227502422088107
 2.318712280122832
 0.07249642886959817
 0.0
 0.0
 0.0
 0.0
 0.0
 0.0
 0.0
 2.0
 1.0
 0.0
 0.0
 0.0
 0.0
 0.0
 0.0
 0.0
 0.0
 0.0
 0.0
 0.23582327024380448
 0.7074698107314135
 0.0
 0.75
 2.25
 0.0
 0.5967892461016521
 1.790367738304956
 0.0
 0.0
 0.0
 0.0
 0.0
 0.0
 0.0
 0.0
 0.0
 0.0
 0.0
 0.0
 0.0
 0.4173874836545435
 1.2521624509636304
 0.0
 0.0
 0.0
 0.0
 0.0
 0.0
 0.0
 2.0
 0.8795040084238588
 0.0
 0.0
 0.0
 0.0
 0.0
 0.0
 0.0
 0.0
 0.0
 0.0
 0.0
 0.0
 0.0
 0.0
 0.0
 4.070775861946612
 1.3569252873155364
 0.0
 0.0
 0.0
 1.3936920264816788
 1.1786068242561727
 0.0
 0.0
 0.0
 0.0
 0.0
 0.0
 0.0
 0.0
 0.0
 0.0
 0.0
 0.0
 0.0
 0.0
 0.0
 0.0
 0.0
 0.0
 0.0
 0.0
 0.0
 0.0
 1.036184191340222
 0.0
 0.0
 0.0
 0.50283172391474
 0.0
 0.4452445207764084
 0.16759849481698338
 0.0
 0.0
 1.5547554792235916
 0.7773777396117958
 0.0
 0.0
 0.0
 0.0
 0.0
 1.7818903113160802
 0.0
 0.0
 0.0
 0.0
 0.0
 0.0
 0.0
 0.0
 1.4060365628946399
 0.0
 0.0
 0.0
 0.4190325415843863
 0.029175287215514958
 0.0
 0.0
 0.0
 0.0
 0.0
 0.0
 0.0
 0.0
 0.0
 0.0
 0.0
 0.0
 0.0
 0.0
 0.0
 1.5809674584156137
 1.0
 0.4190325415843863
 0.0
 0.0
 0.0
 0.0
 0.0
 0.0
 0.0
 0.0
 0.0
 1.5568462560795844
 0.08621083355171955
 0.6922122944880724
 0.4431537439204155
 0.1465298199042289
 0.0
 0.0
 0.0
 0.0
 0.0
 0.0
 0.0
 0.0
 0.0
 0.0
 0.0
 0.0
 0.0
 0.0
 0.3026357169225618
 0.636058093562324
 0.0
 0.0
 0.0
 0.0
 0.0
 0.0
 0.0
 0.363941906437676
 0.0
 0.0
 0.0
 0.0
 0.0
 0.0
 0.0
 0.0
 0.0
 0.0
 0.0
 0.0
 0.0
 0.0
 0.28882827158636576
 0.0
 0.0
 0.0
 0.0
 0.0
 0.0
 0.0
 0.9028427729697
 5.133515185240903
 0.0
 0.7907657727203481
x_ij_opt: 1-dimensional DenseAxisArray{Float64,1,...} with index sets:
    Dimension 1, [(43, 30), (43, 22), (43, 6), (44, 22), (45, 30), (45, 29), (45, 28), (45, 24), (45, 23), (40, 29)  …  (5, 7), (5, 14), (6, 4), (6, 3), (1, 14), (1, 10), (1, 23), (1, 1), (3, 2), (3, 1)]
And data, a 116-element Vector{Float64}:
 0.0
 0.5939634371053601
 0.0
 0.0
 0.8083289554439343
 0.0
 1.6973642830774383
 0.0
 0.0
 0.0
 0.0
 0.0
 0.0
 0.0
 0.0
 0.0
 0.0
 0.0
 0.21853256565855672
 0.0
 0.0
 0.0
 0.0
 0.0
 0.0
 0.0
 0.0
 2.0
 0.0
 0.0
 0.0
 0.0
 0.0
 0.0
 0.0
 0.0
 0.0
 0.0
 0.0
 0.0
 0.0
 0.0
 0.0
 0.7904085394217713
 0.0
 0.0
 0.0
 0.0
 0.0
 0.0
 0.0
 0.0
 0.0
 0.0
 0.0
 1.1457556083054585
 0.0
 0.5355321115717091
 0.12049599157614123
 0.46098408474503794
 0.0
 0.0
 0.0
 0.0
 6.0
 0.0
 0.0
 0.0
 0.0
 0.7814674343414433
 0.0
 0.0
 0.0
 0.0
 0.0
 0.0
 0.0
 0.772497577911893
 0.0
 0.0
 0.0
 0.0
 0.0
 0.0
 0.0
 0.0
 0.0
 0.0
 0.0
 0.0
 0.0
 0.0
 0.0
 0.0
 0.0
 0.0
 0.0
 0.7672593465440516
 0.0
 0.2092342272796519
 0.0
 0.0
 0.0
 0.0
 0.0
 0.0
 0.0
 0.0
 0.0
 0.0
 0.0
 0.0
 0.0
 5.882997792207115
 0.0
 0.0
x_il_opt: 1-dimensional DenseAxisArray{Float64,1,...} with index sets:
    Dimension 1, [(43, 15), (43, 14), (44, 15), (44, 13), (44, 3), (40, 14), (40, 2), (41, 14), (42, 6), (37, 13)  …  (4, 13), (5, 2), (5, 7), (5, 9), (6, 11), (1, 1), (1, 6), (1, 3), (2, 1), (2, 15)]
And data, a 71-element Vector{Float64}:
 0.0
 0.0
 0.0
 2.3352693841193766
 4.326029433177035
 0.9386938104848859
 0.0
 0.0
 0.9432930809752179
 0.5896835638246444
 0.0
 3.0
 0.0
 0.0
 3.0
 0.0
 0.0
 1.7818903113160802
 5.427701149262148
 0.0
 0.0
 0.363941906437676
 3.0
 0.6128430155933917
 2.3871569844066083
 0.0
 2.5722988507378517
 0.0
 1.8542443916945415
 1.036184191340222
 1.3077877055119276
 0.0
 0.0
 0.0
 0.0
 0.0
 0.0
 0.0
 0.1170022077928854
 0.28882827158636576
 0.0
 0.0
 3.0
 0.0
 0.0
 2.3321332188353874
 0.0
 2.879504008423859
 0.0
 0.0
 0.0
 0.0
 0.0
 0.0
 3.6187111310805373
 0.0
 0.0
 0.0
 0.0
 0.0
 0.0
 0.0
 0.0
 0.0
 0.50283172391474
 0.0
 0.0
 1.669549934618174
 0.44745227317471115
 0.0
 6.827123730930952
x_lj_opt: 1-dimensional DenseAxisArray{Float64,1,...} with index sets:
    Dimension 1, [(15, 30), (15, 29), (15, 23), (15, 3), (14, 28), (14, 27), (14, 10), (14, 24), (13, 26), (13, 25)  …  (3, 6), (3, 5), (3, 29), (2, 4), (2, 3), (2, 1), (2, 5), (1, 2), (1, 1), (1, 14)]
And data, a 53-element Vector{Float64}:
 1.1916710445560657
 5.133515185240903
 0.0
 0.7907657727203481
 0.3026357169225618
 1.0
 0.0
 0.0
 2.0
 0.23274065345594844
 0.6922122944880724
 1.5809674584156137
 1.0
 0.4190325415843863
 1.4060365628946399
 0.0
 0.0
 0.0
 0.4190325415843863
 1.811065598531595
 0.0
 2.0
 0.9449762344287792
 1.539015915254962
 0.0
 0.0
 5.464467888428291
 2.535532111571709
 0.0
 0.0
 2.0
 0.8795040084238588
 0.0
 2.0
 6.0
 0.0
 2.0
 1.0
 0.0
 0.0
 1.227502422088107
 2.318712280122832
 0.07249642886959817
 1.2095914605782287
 3.1164379725988063
 0.44745227317471115
 1.9275035711304018
 0.0
 0.0
 1.0724964288695982
 1.3077877055119276
 0.1170022077928854
 0.0
q_opt: 1-dimensional DenseAxisArray{Float64,1,...} with index sets:
    Dimension 1, [(43, 15), (43, 14), (44, 15), (44, 13), (44, 3), (40, 14), (40, 2), (41, 14), (42, 6), (37, 13)  …  (4, 13), (5, 2), (5, 7), (5, 9), (6, 11), (1, 1), (1, 6), (1, 3), (2, 1), (2, 15)]
And data, a 71-element Vector{Float64}:
 0.0
 0.0
 0.0
 0.7784231280397922
 0.9254246211375481
 0.636058093562324
 0.0
 0.0
 0.11791163512190224
 0.22157687196020776
 0.0
 1.0
 0.0
 0.0
 0.375
 0.0
 0.0
 0.2969817185526801
 0.6784626436577686
 0.0
 0.3862487889559465
 0.363941906437676
 1.0
 0.22262226038820418
 0.29839462305082604
 0.0
 0.32153735634223146
 0.0
 0.7030182814473199
 0.74858413804263
 0.9804996320345191
 0.0
 0.0
 0.0
 0.0
 0.0
 0.0
 0.0
 0.019500367965480898
 0.14441413579318288
 0.0
 0.0
 1.0
 0.0
 0.0
 0.7773777396117958
 0.0
 1.0
 0.0
 0.0
 0.0
 0.0
 0.0
 0.0
 0.6137512110440535
 0.0
 0.0
 0.0
 0.0
 0.0
 0.0
 0.0
 0.0
 0.0
 0.25141586195737
 0.0
 0.0
 0.20869374182727174
 0.07457537886245186
 0.0
 0.8555858642068171



