McCormick lower bound: -645.3091841116166

solution time: 0.006371974945068359

w_opt: 1-dimensional DenseAxisArray{Float64,1,...} with index sets:
    Dimension 1, [(25, 1, 2), (25, 1, 1), (25, 1, 14), (20, 1, 2), (20, 1, 1), (20, 1, 14), (1, 1, 2), (1, 1, 1), (1, 1, 14), (2, 1, 2)  …  (20, 15, 23), (20, 15, 3), (8, 15, 30), (8, 15, 29), (8, 15, 23), (8, 15, 3), (2, 15, 30), (2, 15, 29), (2, 15, 23), (2, 15, 3)]
And data, a 261-element Vector{Float64}:
 1.513017789059689
 0.0
 0.0
 0.0
 1.4609466328209337
 0.0
 0.0
 0.0
 0.0
 0.0
 0.0
 0.0
 0.0
 0.0
 0.0
 0.0
 1.828006739073943
 0.0
 0.0
 1.171993260926057
 0.0
 0.0
 0.0
 0.0
 0.0
 0.0
 0.0
 0.0
 1.1101650996164607
 1.6561701398134274
 0.0
 0.0
 0.0
 0.0
 0.0
 2.2175563917927894
 0.0
 0.0
 0.0
 0.0
 0.0
 0.0
 0.4519483093578289
 0.0
 0.40275813881653466
 0.0
 0.0
 0.0
 0.0
 1.594169876008744
 3.6503322482781693
 0.17199326092605705
 0.0
 0.0
 0.0
 0.0
 0.0
 0.0
 0.0
 2.0
 1.0
 0.0
 0.0
 0.0
 0.0
 0.0
 0.0
 0.0
 0.0
 0.0
 0.0
 0.0
 0.0
 0.0
 0.7500000000000003
 2.2499999999999996
 0.0
 0.46894519107161803
 1.6153425334158962
 0.06950232006701396
 0.0
 0.0
 0.0
 0.0
 0.0
 0.0
 0.0
 0.0
 0.0
 0.0
 0.0
 0.0
 0.7115524888613677
 2.134657466584104
 0.0
 0.0
 0.0
 0.0
 0.0
 0.0
 0.0
 2.0
 0.9354443541015091
 0.06455564589849094
 0.0
 0.0
 0.0
 0.0
 0.0
 0.0
 0.0
 0.0
 0.0
 0.0
 0.0
 0.0
 0.0
 0.0
 5.119972033699581
 1.6421016986680348
 0.0
 0.06455564589849094
 0.0
 0.880027966300419
 0.29334265543347404
 0.0
 0.0
 0.0
 0.0
 0.0
 0.0
 0.0
 0.0
 0.0
 0.0
 0.0
 0.0
 0.0
 0.0
 0.0
 0.0
 0.0
 0.0
 0.0
 0.0
 0.0
 0.0
 1.486982210940311
 0.0
 0.0
 0.0
 0.31974524895538114
 0.0
 0.5641399702969813
 0.2820699851484907
 0.0
 0.0
 1.4358600297030186
 0.7179300148515093
 0.0
 0.0
 0.0
 0.0
 0.0
 0.0
 0.0
 0.0
 0.0
 0.0
 0.0
 0.0
 0.0
 0.0
 1.6699809405792176
 0.0
 0.0
 0.0
 0.36427359314926977
 0.9542802074677259
 0.0
 0.0
 0.0
 0.0
 0.0
 0.0
 0.0
 0.0
 0.0
 0.0
 0.0
 0.0
 0.0
 0.0
 0.0
 1.6357264068507302
 1.0
 0.36427359314926977
 0.0
 0.0
 0.0
 0.0
 0.0
 0.0
 0.0
 0.0
 0.0
 1.419657381945009
 0.2228464800321932
 0.486982210940311
 0.5803426180549909
 0.19859825677806456
 0.0
 0.0
 0.0
 0.0
 0.0
 0.0
 0.0
 0.0
 0.0
 0.0
 0.0
 0.0
 0.0
 0.0
 0.4705566909744535
 0.8461132190910305
 0.0
 0.0
 0.0
 0.0
 0.0
 0.0
 0.0
 0.1538867809089695
 0.0
 0.0
 0.0
 0.0
 0.0
 0.0
 0.0
 0.0
 0.0
 0.0
 0.0
 0.0
 0.0
 0.0
 0.22612235214461313
 0.0
 0.0
 0.0
 0.0
 0.0
 0.0
 0.0
 1.0284158177721852
 5.183778097492901
 0.0
 0.8833166761564615
x_ij_opt: 1-dimensional DenseAxisArray{Float64,1,...} with index sets:
    Dimension 1, [(43, 30), (43, 22), (43, 6), (44, 22), (45, 30), (45, 29), (45, 28), (45, 24), (45, 23), (40, 29)  …  (5, 7), (5, 14), (6, 4), (6, 3), (1, 14), (1, 10), (1, 23), (1, 1), (3, 2), (3, 1)]
And data, a 116-element Vector{Float64}:
 0.0
 0.33001905942078236
 0.0
 0.0
 0.7454618300832019
 0.0
 1.5294433090255466
 0.0
 0.0
 0.0
 0.0
 0.0
 0.0
 0.0
 0.0
 0.0
 0.0
 0.0
 0.24825318065710644
 0.0
 0.0
 0.0
 0.0
 0.0
 0.0
 0.0
 0.0
 2.0
 0.0
 0.0
 0.0
 0.0
 0.0
 0.0
 0.0
 0.0
 0.0
 0.0
 0.0
 0.0
 0.0
 0.0
 0.0
 0.8203325803165253
 0.0
 0.0
 0.0
 0.0
 0.0
 0.0
 0.0
 0.0
 0.0
 0.0
 0.0
 0.011465258803786682
 0.0
 0.0
 0.0
 0.19327254010430783
 0.0
 0.0
 0.0
 0.0
 6.0
 0.0
 0.0
 0.0
 0.0
 0.7517468193428936
 0.0
 0.0
 0.0
 0.0
 0.0
 0.0
 0.0
 0.40583012399125606
 0.06950232006701396
 0.0
 0.0
 0.0
 0.0
 0.0
 0.0
 0.0
 0.0
 0.0
 0.0
 0.0
 0.0
 0.0
 0.0
 0.0
 0.0
 0.0
 0.0
 0.5785552631897423
 0.0
 0.11668332384353852
 0.0
 0.0
 0.0
 0.0
 0.0
 0.0
 0.0
 0.0
 0.0
 0.0
 0.0
 0.0
 0.0
 4.474497721280576
 0.0
 0.0
x_il_opt: 1-dimensional DenseAxisArray{Float64,1,...} with index sets:
    Dimension 1, [(43, 15), (43, 14), (44, 15), (44, 13), (44, 3), (40, 14), (40, 2), (41, 14), (42, 6), (37, 13)  …  (4, 13), (5, 2), (5, 7), (5, 9), (6, 11), (1, 1), (1, 6), (1, 3), (2, 1), (2, 15)]
And data, a 71-element Vector{Float64}:
 0.0
 0.0
 0.0
 2.129486072917513
 2.766335239429888
 1.316669910065484
 0.0
 0.0
 0.0
 0.7789408748330554
 0.0
 3.0
 0.0
 0.0
 3.0
 0.0
 0.0
 0.0
 6.826629378266107
 0.0
 0.40275813881653466
 0.1538867809089695
 3.0
 0.8462099554454721
 2.153790044554528
 0.0
 1.173370621733893
 0.0
 2.9885347411962133
 1.486982210940311
 1.513017789059689
 0.0
 0.0
 0.0
 0.0
 0.0
 0.0
 0.0
 1.4609466328209337
 0.22612235214461313
 0.0
 0.0
 3.0
 0.0
 0.0
 2.153790044554528
 0.0
 3.0
 0.0
 0.0
 0.0
 0.0
 0.0
 0.0
 5.41649538521297
 0.0
 0.0
 2.2175563917927894
 0.0
 0.0
 0.0
 0.0
 0.0
 0.0
 0.31974524895538114
 0.0
 0.0
 2.8462099554454716
 0.4519483093578289
 0.0
 7.095510591421547
x_lj_opt: 1-dimensional DenseAxisArray{Float64,1,...} with index sets:
    Dimension 1, [(15, 30), (15, 29), (15, 23), (15, 3), (14, 28), (14, 27), (14, 10), (14, 24), (13, 26), (13, 25)  …  (3, 6), (3, 5), (3, 29), (2, 4), (2, 3), (2, 1), (2, 5), (1, 2), (1, 1), (1, 14)]
And data, a 53-element Vector{Float64}:
 1.2545381699167981
 5.183778097492901
 0.0
 0.8833166761564615
 0.4705566909744535
 1.0
 0.0
 0.0
 2.0
 0.42144473681025774
 0.486982210940311
 1.6357264068507302
 1.0
 0.36427359314926977
 1.6699809405792176
 0.0
 0.0
 0.0
 0.36427359314926977
 0.9542802074677259
 0.0
 2.0
 1.0
 1.8067274598956922
 0.0
 0.0
 6.0
 1.935444354101509
 0.0
 0.06455564589849094
 2.0
 0.9354443541015091
 0.06455564589849094
 1.930497679932986
 6.0
 0.06950232006701396
 2.0
 1.0
 0.0
 0.0
 1.594169876008744
 4.053090387094704
 0.17199326092605705
 1.1101650996164607
 3.873726531606217
 0.4519483093578289
 1.828006739073943
 0.0
 0.0
 1.171993260926057
 1.513017789059689
 1.4609466328209337
 0.0
q_opt: 1-dimensional DenseAxisArray{Float64,1,...} with index sets:
    Dimension 1, [(43, 15), (43, 14), (44, 15), (44, 13), (44, 3), (40, 14), (40, 2), (41, 14), (42, 6), (37, 13)  …  (4, 13), (5, 2), (5, 7), (5, 9), (6, 11), (1, 1), (1, 6), (1, 3), (2, 1), (2, 15)]
And data, a 71-element Vector{Float64}:
 0.0
 0.0
 0.0
 0.7098286909725045
 0.5550825498082304
 0.8461132190910305
 0.0
 0.0
 0.0
 0.29017130902749544
 0.0
 1.0
 0.0
 0.0
 0.37500000000000017
 0.0
 0.0
 0.16500952971039118
 0.8533286722832635
 0.0
 0.20291506199562803
 0.1538867809089695
 1.0
 0.2820699851484907
 0.269223755569316
 0.0
 0.14667132771673663
 0.0
 0.8349904702896088
 0.8401273755223094
 0.7565088945298445
 0.0
 0.0
 0.0
 0.0
 0.0
 0.0
 0.0
 0.2434911054701555
 0.11306117607230656
 0.0
 0.0
 1.0
 0.0
 0.0
 0.7179300148515093
 0.0
 1.0
 0.0
 0.0
 0.0
 0.0
 0.0
 0.0
 0.797084938004372
 0.0
 0.0
 0.3695927319654649
 0.0
 0.0
 0.0
 0.0
 0.0
 0.0
 0.15987262447769057
 0.0
 0.0
 0.355776244430684
 0.07532471822630482
 0.0
 0.8869388239276934



