McCormick lower bound: -643.3592422114145

solution time: 0.0059528350830078125

w_opt: 1-dimensional DenseAxisArray{Float64,1,...} with index sets:
    Dimension 1, [(25, 1, 2), (25, 1, 1), (25, 1, 14), (20, 1, 2), (20, 1, 1), (20, 1, 14), (1, 1, 2), (1, 1, 1), (1, 1, 14), (2, 1, 2)  …  (20, 15, 23), (20, 15, 3), (8, 15, 30), (8, 15, 29), (8, 15, 23), (8, 15, 3), (2, 15, 30), (2, 15, 29), (2, 15, 23), (2, 15, 3)]
And data, a 261-element Vector{Float64}:
 1.180397816174496
 0.0
 0.014272676170697052
 0.04565045290332337
 1.6139858737169333
 0.0
 0.0
 0.0
 0.0
 0.0
 0.0
 0.0
 0.0
 0.0
 0.0
 0.0
 1.9443366601897605
 0.138067218730631
 0.0
 0.9175961210796085
 0.0
 0.0
 0.0
 0.0
 0.0
 0.0
 0.0
 0.0
 1.1444447314442676
 3.089599391029605
 0.0
 0.0
 0.0
 0.0
 0.0
 0.0
 0.0
 0.0
 0.0
 0.0
 0.0
 1.9928044878907867
 0.6028894601432351
 0.0
 0.0
 0.0
 0.0
 0.0
 0.0
 1.468631285663678
 2.525145234869274
 0.05566333981023952
 0.0
 0.0
 0.0
 0.0
 0.0
 0.0
 0.0
 1.864053809688417
 1.0
 0.0
 0.0
 0.0
 0.0
 0.0
 0.0
 0.0
 0.0
 0.0
 0.0
 0.4499790454415007
 1.349937136324502
 0.0
 0.75
 2.25
 0.0
 0.5310350490019038
 1.0620700980038067
 0.5310350490019038
 0.0
 0.0
 0.0
 0.0
 0.0
 0.0
 0.0
 0.0
 0.0
 0.0
 0.0
 0.0
 0.2689859055565956
 0.5379718111131911
 0.2689859055565956
 0.0
 0.0
 0.0
 0.0
 0.0
 0.0
 1.985727323829303
 0.888517524018048
 0.10434613789660374
 0.0
 0.0
 0.021409014256045467
 0.0
 0.0
 0.0
 0.0
 0.0
 0.0
 0.0
 0.0
 0.0
 0.0
 0.0
 4.964028602701353
 2.9804370833014144
 0.0
 0.0
 0.0
 0.013883578499306992
 0.04165073549792542
 0.0
 0.0
 0.0
 0.0
 0.0
 0.0
 0.0
 0.0
 0.0
 0.0
 0.0
 0.0
 0.0
 0.0
 0.0
 0.0
 0.0
 0.0
 0.0
 0.0
 0.0
 0.0
 0.671759212873515
 0.0
 0.0
 0.0
 0.43018538875645373
 0.0
 0.6369654233234823
 0.2388943806689033
 0.0
 0.0
 1.3630345766765177
 0.6815172883382589
 0.0
 0.0
 0.0
 0.0
 0.0
 0.0
 0.0
 0.0
 0.0
 0.0
 0.0
 0.0
 0.0
 0.0
 1.8969859926353734
 0.0
 0.0
 0.0
 0.6502470610332405
 0.0
 0.0
 0.0
 0.0
 0.0
 0.0
 0.0
 0.0
 0.0
 0.0
 0.0
 0.0
 0.0
 0.0
 0.0
 0.0
 1.3497529389667595
 0.9318965443908224
 0.7183505166424181
 0.0
 0.0
 0.0
 0.0
 0.0
 0.0
 0.0
 0.0
 0.0
 1.547903461844492
 0.0
 0.7739517309221807
 0.4520965381555081
 0.1169734005375927
 0.0
 0.0
 0.0
 0.0
 0.0
 0.0
 0.0
 0.0
 0.0
 0.0
 0.0
 0.0
 0.0
 0.0
 0.3413006327898073
 0.25743186478064883
 0.0
 0.0
 0.0
 0.0
 0.0
 0.0
 0.0
 0.7425681352193512
 0.0
 0.0
 0.0
 0.0
 0.0
 0.0
 0.0
 0.0
 0.0
 0.0
 0.0
 0.0
 0.0
 0.0
 0.27613443746126204
 0.0
 0.0
 0.0
 0.0
 0.0
 0.0
 0.0
 1.3547694456712374
 4.678760023214346
 0.0
 0.861932781269369
x_ij_opt: 1-dimensional DenseAxisArray{Float64,1,...} with index sets:
    Dimension 1, [(43, 30), (43, 22), (43, 6), (44, 22), (45, 30), (45, 29), (45, 28), (45, 24), (45, 23), (40, 29)  …  (5, 7), (5, 14), (6, 4), (6, 3), (1, 14), (1, 10), (1, 23), (1, 1), (3, 2), (3, 1)]
And data, a 116-element Vector{Float64}:
 0.0
 0.10301400736462663
 0.0
 0.0
 0.36909611686750066
 0.0
 1.6586993672101926
 0.0
 0.0
 0.0
 0.0
 0.0
 0.0
 0.0
 0.0
 0.0
 0.0
 0.0
 0.21191272735034572
 0.0
 0.0
 0.0
 0.0
 0.0
 0.0
 0.0
 0.0
 2.0
 0.0
 0.0
 0.0
 0.0
 0.0
 0.0
 0.0
 0.0
 0.0
 0.0
 0.0
 0.0
 0.0
 0.0
 0.0
 0.05553431399723313
 0.8000209545584998
 0.0
 0.0
 0.0
 0.0
 0.0
 0.0
 0.0
 0.0
 0.0
 0.0
 0.45276694633138614
 0.0
 1.0220878187993403
 0.11148247598195204
 0.8980553983700312
 0.0
 0.0
 0.0
 0.0
 6.0
 0.0
 0.0
 0.0
 0.0
 0.7880872726496543
 0.0
 0.0
 0.0
 0.0
 0.0
 0.0
 0.0
 0.5313687143363219
 0.0
 0.0
 0.0
 0.0
 0.0
 0.0
 0.0
 0.0
 0.0
 0.13594619031158306
 0.0
 0.0
 0.0
 0.0
 0.0
 0.0
 0.0
 0.0
 0.0
 0.8830265994624074
 0.0
 0.0
 0.0
 0.0
 0.0
 0.0
 0.0
 0.0
 0.0
 0.0
 0.0
 0.0
 0.0
 0.0
 0.06810345560917763
 4.2602589741304175
 0.0
 0.0
x_il_opt: 1-dimensional DenseAxisArray{Float64,1,...} with index sets:
    Dimension 1, [(43, 15), (43, 14), (44, 15), (44, 13), (44, 3), (40, 14), (40, 2), (41, 14), (42, 6), (37, 13)  …  (4, 13), (5, 2), (5, 7), (5, 9), (6, 11), (1, 1), (1, 6), (1, 3), (2, 1), (2, 15)]
And data, a 71-element Vector{Float64}:
 0.0
 0.0
 0.0
 2.3218551927666726
 4.234044122473873
 0.5987324975704562
 0.0
 0.0
 1.7999161817660028
 0.5690699386931009
 0.0
 3.0
 0.0
 0.0
 3.0
 0.0
 0.0
 0.0
 7.944465686002767
 0.0
 0.0
 0.7425681352193512
 3.0
 0.8758598039923856
 2.1241401960076143
 0.0
 0.05553431399723241
 0.0
 2.547233053668614
 0.671759212873515
 1.194670492345193
 0.0
 0.0
 0.0
 0.0
 0.0
 0.0
 0.0
 1.6596363266202565
 0.27613443746126204
 0.0
 0.0
 2.864053809688417
 0.0
 0.0
 2.0445518650147765
 0.0
 2.9785909857439545
 0.0
 0.0
 0.0
 0.0
 0.0
 0.0
 4.049439860343192
 0.0
 0.0
 0.0
 0.0
 0.0
 0.0
 0.0
 0.0
 0.021409014256045467
 0.43018538875645373
 0.0
 0.0
 1.0759436222263823
 2.5956939480340218
 0.0
 6.895462250154951
x_lj_opt: 1-dimensional DenseAxisArray{Float64,1,...} with index sets:
    Dimension 1, [(15, 30), (15, 29), (15, 23), (15, 3), (14, 28), (14, 27), (14, 10), (14, 24), (13, 26), (13, 25)  …  (3, 6), (3, 5), (3, 29), (2, 4), (2, 3), (2, 1), (2, 5), (1, 2), (1, 1), (1, 14)]
And data, a 53-element Vector{Float64}:
 1.6309038831324993
 4.678760023214346
 0.0
 0.861932781269369
 0.3413006327898073
 1.0
 0.0
 0.0
 2.0
 0.1169734005375927
 0.7739517309221807
 1.3497529389667595
 0.9318965443908224
 0.7183505166424181
 1.8969859926353734
 0.0
 0.0
 0.0
 0.6502470610332405
 0.0
 0.0
 2.0
 0.9204116690071622
 1.1019446016299688
 0.0
 0.0
 4.97791218120066
 3.02208781879934
 0.0
 0.0
 1.985727323829303
 0.888517524018048
 0.1257551521526492
 2.0
 5.1999790454415
 0.8000209545584993
 1.864053809688417
 1.0
 0.0
 0.0
 1.468631285663678
 2.525145234869274
 0.05566333981023952
 1.1444447314442676
 5.082403878920392
 0.6028894601432351
 1.9443366601897605
 0.138067218730631
 0.0
 0.9175961210796085
 1.2260482690778192
 1.6139858737169333
 0.014272676170697052
q_opt: 1-dimensional DenseAxisArray{Float64,1,...} with index sets:
    Dimension 1, [(43, 15), (43, 14), (44, 15), (44, 13), (44, 3), (40, 14), (40, 2), (41, 14), (42, 6), (37, 13)  …  (4, 13), (5, 2), (5, 7), (5, 9), (6, 11), (1, 1), (1, 6), (1, 3), (2, 1), (2, 15)]
And data, a 71-element Vector{Float64}:
 0.0
 0.0
 0.0
 0.773951730922246
 0.6678659186848689
 0.25743186478064883
 0.0
 0.0
 0.22498952272075035
 0.22604826907775405
 0.0
 1.0
 0.0
 0.0
 0.375
 0.0
 0.0
 0.05150700368231331
 0.9930582107503458
 0.0
 0.0
 0.7425681352193512
 1.0
 0.31848271166174114
 0.2655175245009519
 0.0
 0.006941789249654236
 0.0
 0.9484929963176867
 0.7849073056217731
 0.7310023543805111
 0.0
 0.0
 0.0
 0.0
 0.0
 0.0
 0.0
 0.26899764561948886
 0.13806721873063102
 0.0
 0.0
 1.0
 0.0
 0.0
 0.6815172883382589
 0.0
 0.9928636619146515
 0.0
 0.0
 0.0
 0.0
 0.0
 0.0
 1.0
 0.0
 0.0
 0.0
 0.0
 0.0
 0.0
 0.0
 0.0
 0.007136338085348489
 0.21509269437822687
 0.0
 0.0
 0.1344929527782978
 0.3321340813151311
 0.0
 0.861932781269369



