McCormick lower bound: -642.1596449756976

solution time: 0.0061359405517578125

w_opt: 1-dimensional DenseAxisArray{Float64,1,...} with index sets:
    Dimension 1, [(25, 1, 2), (25, 1, 1), (25, 1, 14), (20, 1, 2), (20, 1, 1), (20, 1, 14), (1, 1, 2), (1, 1, 1), (1, 1, 14), (2, 1, 2)  …  (20, 15, 23), (20, 15, 3), (8, 15, 30), (8, 15, 29), (8, 15, 23), (8, 15, 3), (2, 15, 30), (2, 15, 29), (2, 15, 23), (2, 15, 3)]
And data, a 261-element Vector{Float64}:
 1.2079294903196436
 0.7046442318552766
 0.06352620477350146
 0.029377253441414928
 1.9632771558185353
 0.0
 0.0
 0.0
 0.0
 0.0
 0.0
 0.0
 0.0
 0.0
 0.0
 0.0
 1.8982262125611735
 0.0
 0.0
 1.1017737874388265
 0.0
 0.0
 0.0
 0.0
 0.0
 0.0
 0.0
 0.0
 1.0455600915846173
 3.00297491453946
 0.0
 0.0
 0.0
 0.0
 0.0
 0.0
 0.0
 0.0
 0.0
 0.0
 0.0
 1.8952512980217129
 0.32858676632918915
 0.0
 1.0001929307171777
 0.0
 0.0
 0.0
 0.0
 1.127220533373788
 2.3055564000250475
 0.10177378743882648
 0.0
 0.0
 0.0
 0.0
 0.0
 0.0
 0.0
 1.894657043391256
 1.0
 0.0
 0.0
 0.0
 0.0
 0.0
 0.0
 0.0
 0.0
 0.0
 0.0
 0.09152767831458508
 0.27458303494375524
 0.0
 0.75
 2.25
 0.0
 0.5031431780897552
 1.5094295342692656
 0.0
 0.0
 0.0
 0.0
 0.0
 0.0
 0.0
 0.0
 0.0
 0.0
 0.0
 0.0
 0.0
 0.6553291435956599
 1.9659874307869787
 0.0
 0.0
 0.0
 0.0
 0.0
 0.0
 0.0
 1.9364737952264923
 0.8647152683266368
 0.10352162928660325
 0.0
 0.0
 0.0952893071602614
 0.0
 0.0
 0.0
 0.0
 0.0
 0.0
 0.0
 0.0
 0.0
 0.0
 0.0
 5.2841700686884625
 1.7613900228961548
 0.0
 0.0
 0.0
 0.4375530268375944
 0.5168868815777881
 0.0
 0.0
 0.0
 0.0
 0.0
 0.0
 0.0
 0.0
 0.0
 0.0
 0.0
 0.0
 0.0
 0.0
 0.0
 0.0
 0.0
 0.0
 0.0
 0.0
 0.0
 0.0
 0.6103384369042724
 0.0
 0.0
 0.0
 0.41384891279982333
 0.0
 0.7162509294355928
 0.2711763582053866
 0.0
 0.0
 1.2837490705644072
 0.6418745352822036
 0.0
 0.0
 0.0
 0.0
 0.0
 0.0
 0.0
 0.0
 0.0
 0.0
 0.0
 0.0
 0.0
 0.0
 2.0
 0.0
 0.0
 0.0
 0.5840262352161683
 0.0
 0.0
 0.0
 0.0
 0.0
 0.0
 0.0
 0.0
 0.0
 0.0
 0.0
 0.0
 0.0
 0.0
 0.0
 0.0
 1.4159737647838317
 0.9784223146128651
 0.6056039206033031
 0.0
 0.0
 0.0
 0.0
 0.0
 0.0
 0.0
 0.0
 0.0
 1.5253865124778831
 0.0
 0.7626932562389415
 0.47461348752211674
 0.15789943110199844
 0.0
 0.0
 0.0
 0.0
 0.0
 0.0
 0.0
 0.0
 0.0
 0.0
 0.0
 0.0
 0.0
 0.0
 0.7899859643820396
 0.6867553976071537
 0.0
 0.0
 0.0
 0.0
 0.0
 0.0
 0.0
 0.31324460239284635
 0.0
 0.0
 0.0
 0.0
 0.0
 0.0
 0.0
 0.0
 0.0
 0.0
 0.0
 0.0
 0.0
 0.0
 0.2223363624705508
 0.0
 0.0
 0.0
 0.0
 0.0
 0.0
 0.0
 1.2030403980897157
 5.065809313067508
 0.0
 0.8418048389605731
x_ij_opt: 1-dimensional DenseAxisArray{Float64,1,...} with index sets:
    Dimension 1, [(43, 30), (43, 22), (43, 6), (44, 22), (45, 30), (45, 29), (45, 28), (45, 24), (45, 23), (40, 29)  …  (5, 7), (5, 14), (6, 4), (6, 3), (1, 14), (1, 10), (1, 23), (1, 1), (3, 2), (3, 1)]
And data, a 116-element Vector{Float64}:
 0.0
 0.0
 0.0
 0.0
 0.574623239439733
 0.0
 1.2100140356179603
 0.0
 0.0
 0.0
 0.0
 0.0
 0.0
 0.0
 0.0
 0.0
 0.0
 0.0
 0.21499077173050096
 0.0
 0.0
 0.0
 0.0
 0.0
 0.0
 0.0
 0.0
 2.0
 0.0
 0.0
 0.0
 0.0
 0.0
 0.0
 0.0
 0.0
 0.0
 0.0
 0.0
 0.0
 0.0
 0.0
 0.0
 0.9544399084153827
 0.0
 0.0
 0.0
 0.0
 0.0
 0.0
 0.0
 0.0
 0.0
 0.0
 0.0
 0.41597376478383197
 0.0
 0.2782769044739428
 0.1352847316733632
 0.9758126502959044
 0.0
 0.0
 0.0
 0.0
 6.0
 0.0
 0.0
 0.0
 0.0
 0.785009228269499
 0.0
 0.0
 0.0
 0.0
 0.0
 0.0
 0.0
 0.8727794666262121
 0.0
 0.0
 0.0
 0.0
 0.0
 0.0
 0.0
 0.0
 0.0
 0.10534295660874404
 0.0
 0.0
 0.0
 0.0
 0.0
 0.0
 0.0
 0.0
 0.0
 0.8421005688980016
 0.0
 0.15819516103942688
 0.0
 0.0
 0.0
 0.0
 0.0
 0.0
 0.0
 0.0
 0.0
 0.0
 0.0
 0.0
 0.021577685387134893
 3.133267675879323
 0.0
 0.0
x_il_opt: 1-dimensional DenseAxisArray{Float64,1,...} with index sets:
    Dimension 1, [(43, 15), (43, 14), (44, 15), (44, 13), (44, 3), (40, 14), (40, 2), (41, 14), (42, 6), (37, 13)  …  (4, 13), (5, 2), (5, 7), (5, 9), (6, 11), (1, 1), (1, 6), (1, 3), (2, 1), (2, 15)]
And data, a 71-element Vector{Float64}:
 0.0
 0.0
 0.0
 2.2880797687168246
 4.0485350061240775
 1.4767413619891934
 0.0
 0.0
 0.3661107132583403
 0.6325129186241152
 0.0
 3.0
 0.0
 0.0
 3.0
 0.0
 0.0
 0.0
 7.045560091584617
 0.0
 1.0001929307171777
 0.31324460239284635
 3.0
 0.9874272876409793
 2.0125727123590207
 0.0
 0.9544399084153825
 0.0
 2.584026235216168
 0.6103384369042724
 1.9760999269484216
 0.0
 0.0
 0.0
 0.0
 0.0
 0.0
 0.0
 1.9926544092599503
 0.22233636247055077
 0.0
 0.0
 2.894657043391256
 0.0
 0.0
 1.925623605846611
 0.0
 2.9047106928397324
 0.0
 0.0
 0.0
 0.0
 0.0
 0.0
 3.534550720837662
 0.0
 0.0
 0.0
 0.0
 0.0
 0.0
 0.0
 0.0
 0.0952893071602614
 0.41384891279982333
 0.0
 0.0
 2.6213165743826385
 2.223838064350902
 0.0
 7.110654550117796
x_lj_opt: 1-dimensional DenseAxisArray{Float64,1,...} with index sets:
    Dimension 1, [(15, 30), (15, 29), (15, 23), (15, 3), (14, 28), (14, 27), (14, 10), (14, 24), (13, 26), (13, 25)  …  (3, 6), (3, 5), (3, 29), (2, 4), (2, 3), (2, 1), (2, 5), (1, 2), (1, 1), (1, 14)]
And data, a 53-element Vector{Float64}:
 1.425376760560267
 5.065809313067508
 0.0
 0.8418048389605731
 0.7899859643820396
 1.0
 0.0
 0.0
 2.0
 0.15789943110199844
 0.7626932562389415
 1.4159737647838317
 0.9784223146128651
 0.6056039206033031
 2.0
 0.0
 0.0
 0.0
 0.5840262352161683
 0.0
 0.0
 2.0
 0.9130508934875903
 1.0241873497040956
 0.0
 0.0
 5.721723095526057
 2.278276904473943
 0.0
 0.0
 1.9364737952264985
 0.8647152683266368
 0.19881093644686465
 2.0
 6.0
 0.0
 1.894657043391256
 1.0
 0.0
 0.0
 1.127220533373788
 3.305749330742225
 0.10177378743882648
 1.0455600915846173
 4.898226212561173
 0.32858676632918915
 1.8982262125611735
 0.0
 0.0
 1.1017737874388265
 1.2373067437610585
 2.667921387673812
 0.06352620477350146
q_opt: 1-dimensional DenseAxisArray{Float64,1,...} with index sets:
    Dimension 1, [(43, 15), (43, 14), (44, 15), (44, 13), (44, 3), (40, 14), (40, 2), (41, 14), (42, 6), (37, 13)  …  (4, 13), (5, 2), (5, 7), (5, 9), (6, 11), (1, 1), (1, 6), (1, 3), (2, 1), (2, 15)]
And data, a 71-element Vector{Float64}:
 0.0
 0.0
 0.0
 0.7626932562389416
 0.6841247836630479
 0.6867553976071537
 0.0
 0.0
 0.04576383915729254
 0.23730674376105837
 0.0
 1.0
 0.0
 0.0
 0.375
 0.0
 0.0
 0.0
 0.8806950114480772
 0.0
 0.43638973331310604
 0.31324460239284635
 1.0
 0.3581254647177964
 0.2515715890448776
 0.0
 0.11930498855192281
 0.0
 1.0
 0.3051692184521362
 0.6727871406969108
 0.0
 0.0
 0.0
 0.0
 0.0
 0.0
 0.0
 0.32721285930308924
 0.1111681812352754
 0.0
 0.0
 1.0
 0.0
 0.0
 0.6418745352822036
 0.0
 0.9682368976132462
 0.0
 0.0
 0.0
 0.0
 0.0
 0.0
 0.563610266686894
 0.0
 0.0
 0.0
 0.0
 0.0
 0.0
 0.0
 0.0
 0.031763102386753804
 0.6948307815478638
 0.0
 0.0
 0.32766457179782993
 0.31587521633695215
 0.0
 0.8888318187647246



