McCormick lower bound: -649.297575486292

solution time: 0.0057218074798583984

w_opt: 1-dimensional DenseAxisArray{Float64,1,...} with index sets:
    Dimension 1, [(25, 1, 2), (25, 1, 1), (25, 1, 14), (20, 1, 2), (20, 1, 1), (20, 1, 14), (1, 1, 2), (1, 1, 1), (1, 1, 14), (2, 1, 2)  …  (20, 15, 23), (20, 15, 3), (8, 15, 30), (8, 15, 29), (8, 15, 23), (8, 15, 3), (2, 15, 30), (2, 15, 29), (2, 15, 23), (2, 15, 3)]
And data, a 261-element Vector{Float64}:
 1.3765600406290313
 0.4890322251598488
 0.0
 0.0
 1.870319878112906
 0.0
 0.0
 0.0
 0.0
 0.0
 0.0
 0.0
 0.0
 0.0
 0.0
 0.0
 2.0
 0.0
 0.0
 1.0
 0.0
 0.0
 0.0
 0.0
 0.0
 0.0
 0.0
 0.0
 1.1748918186057997
 3.281853001236399
 0.0
 0.0
 0.0
 0.0
 0.0
 0.0
 0.0
 0.0
 0.0
 0.0
 0.0
 1.718146998763601
 0.5620463485833361
 0.0
 0.0
 0.0
 0.0
 0.0
 0.0
 1.0029748478089988
 1.6404957545195866
 0.0
 0.0
 0.0
 0.0
 0.0
 0.0
 0.0
 0.0
 2.0
 1.0
 0.0
 0.0
 0.0
 0.0
 0.0
 0.0
 0.0
 0.0
 0.0
 0.0
 0.35206432157542344
 1.0561929647262702
 0.0
 0.5216232342524368
 1.56486970275731
 0.0
 0.5227648751334029
 1.758113371711407
 0.06327291543706592
 0.0
 0.0
 0.0
 0.0
 0.0
 0.0
 0.0
 0.0
 0.0
 0.0
 0.0
 0.0
 0.5402746536016708
 1.6208239608050126
 0.0
 0.0
 0.0
 0.0
 0.0
 0.0
 0.0
 2.0
 0.918060141519135
 0.08193985848086505
 0.0
 0.0
 0.0
 0.0
 0.0
 0.0
 0.0
 0.0
 0.0
 0.0
 0.0
 0.0
 0.0
 0.0
 4.085492635183545
 1.2798910199136502
 0.0
 0.0819398584808651
 0.0
 0.7800996306053349
 1.7725768558166044
 0.0
 0.0
 0.0
 0.0
 0.0
 0.0
 0.0
 0.0
 0.0
 0.0
 0.0
 0.0
 0.0
 0.0
 0.0
 0.0
 0.0
 0.0
 0.0
 0.0
 0.0
 0.0
 0.0
 0.0
 0.0
 0.0
 0.05287058530504917
 0.0
 0.4757860285295231
 0.18006280918860104
 0.0
 0.0
 1.524213971470477
 0.7621069857352385
 0.0
 0.0
 0.0
 0.0
 0.0
 0.0
 0.0
 0.0
 0.0
 0.0
 0.0
 0.0
 0.0
 0.0
 1.5109828153981193
 0.0
 0.0
 0.0
 0.18198081485172168
 0.0
 0.0
 0.0
 0.0
 0.0
 0.0
 0.0
 0.0
 0.0
 0.0
 0.0
 0.0
 0.0
 0.0
 0.0
 0.0
 1.8180191851482783
 1.0
 0.1819808148517217
 0.0
 0.0
 0.0
 0.0
 0.0
 0.0
 0.0
 0.0
 0.0
 1.5555108626563547
 0.1543154719572084
 0.6234399593709687
 0.44448913734364526
 0.1314690676466802
 0.0
 0.0
 0.0
 0.0
 0.0
 0.0
 0.0
 0.0
 0.0
 0.0
 0.0
 0.5983699912777338
 0.0
 0.0
 0.12074688248456672
 0.40163000872226623
 0.0
 0.0
 0.0
 0.0
 0.0
 0.0
 0.0
 0.0
 0.0
 0.0
 0.0
 0.0
 0.0
 0.0
 0.0
 0.0
 0.0
 0.0
 0.0
 0.0
 0.0
 0.0
 0.2630136905701242
 0.0
 0.0
 0.0
 0.0
 0.0
 0.0
 0.0
 1.736986309429876
 4.342465773574689
 0.0
 0.8684931547149379
x_ij_opt: 1-dimensional DenseAxisArray{Float64,1,...} with index sets:
    Dimension 1, [(43, 30), (43, 22), (43, 6), (44, 22), (45, 30), (45, 29), (45, 28), (45, 24), (45, 23), (40, 29)  …  (5, 7), (5, 14), (6, 4), (6, 3), (1, 14), (1, 10), (1, 23), (1, 1), (3, 2), (3, 1)]
And data, a 116-element Vector{Float64}:
 0.0
 0.4890171846018807
 0.0
 0.0
 0.0
 0.0
 1.8792531175154332
 0.0
 0.0
 0.0
 0.0
 0.0
 0.0
 0.0
 0.0
 0.0
 0.0
 0.0
 0.22721397314633263
 0.0
 0.0
 0.0
 0.0
 0.0
 0.0
 0.0
 0.0
 2.0
 0.0
 0.9135070629902531
 0.0
 0.0
 0.0
 0.0
 0.0
 0.0
 0.0
 0.0
 0.0
 0.0
 0.0
 0.0
 0.0
 0.7618352659571344
 0.0
 0.0
 0.0
 0.0
 0.0
 0.0
 0.0
 0.0
 0.0
 0.0
 0.0
 1.3070363697501588
 0.0
 1.1344077342111198
 0.0
 1.947129414694951
 0.0
 0.0
 0.0
 0.0
 6.0
 0.0
 0.0
 0.0
 0.0
 0.7727860268536674
 0.0
 0.0
 0.0
 0.0
 0.0
 0.0
 0.0
 0.9970251521910012
 0.06327291543706592
 0.0
 0.0
 0.0
 0.0
 0.0
 0.0
 0.0
 0.0
 0.0
 0.0
 0.0
 0.0
 0.0
 0.0
 0.0
 0.0
 0.0
 0.0
 0.7142154603961114
 0.0
 0.13150684528506207
 0.0
 0.0
 0.0
 0.0
 0.0
 0.0
 0.0
 0.0
 0.0
 0.0
 0.0
 0.0
 0.0
 3.55870803824638
 0.0
 0.0
x_il_opt: 1-dimensional DenseAxisArray{Float64,1,...} with index sets:
    Dimension 1, [(43, 15), (43, 14), (44, 15), (44, 13), (44, 3), (40, 14), (40, 2), (41, 14), (42, 6), (37, 13)  …  (4, 13), (5, 2), (5, 7), (5, 9), (6, 11), (1, 1), (1, 6), (1, 3), (2, 1), (2, 15)]
And data, a 71-element Vector{Float64}:
 0.0
 0.5983699912777338
 0.0
 2.333266293984532
 4.456744819842198
 0.522376891206833
 0.0
 0.0
 1.4082572863016938
 0.5759582049903255
 0.0
 3.0
 0.0
 0.0
 2.086492937009747
 0.0
 0.0
 0.0
 5.447323513578061
 0.0
 0.0
 0.0
 3.0
 0.6558488377181241
 2.344151162281876
 0.0
 2.552676486421939
 0.0
 1.6929636302498412
 0.0
 1.8655922657888802
 0.0
 0.0
 0.0
 0.0
 0.0
 0.0
 0.0
 1.870319878112906
 0.2630136905701242
 0.0
 0.0
 3.0
 0.0
 0.0
 2.2863209572057155
 0.0
 3.0
 0.0
 0.0
 0.0
 0.0
 0.0
 0.0
 2.6434706023285854
 0.0
 0.0
 0.0
 0.0
 0.0
 0.0
 0.0
 0.0
 0.0
 0.05287058530504917
 0.0
 0.0
 2.1610986144066833
 2.280193347346937
 0.0
 6.9479452377195035
x_lj_opt: 1-dimensional DenseAxisArray{Float64,1,...} with index sets:
    Dimension 1, [(15, 30), (15, 29), (15, 23), (15, 3), (14, 28), (14, 27), (14, 10), (14, 24), (13, 26), (13, 25)  …  (3, 6), (3, 5), (3, 29), (2, 4), (2, 3), (2, 1), (2, 5), (1, 2), (1, 1), (1, 14)]
And data, a 53-element Vector{Float64}:
 2.0
 4.342465773574689
 0.0
 0.8684931547149379
 0.12074688248456672
 1.0
 0.0
 0.0
 2.0
 0.2857845396038886
 0.6234399593709687
 1.8180191851482783
 1.0
 0.1819808148517217
 1.5109828153981193
 0.0
 0.0
 0.0
 0.18198081485172168
 0.0
 0.0
 2.0
 0.9421697949238396
 0.05287058530504917
 0.0
 0.0
 4.86559226578888
 3.0524678757302546
 0.0
 0.0819398584808651
 2.0
 0.918060141519135
 0.08193985848086505
 1.936727084562934
 6.0
 0.06327291543706592
 2.0
 1.0
 0.0
 0.0
 1.0029748478089988
 1.6404957545195866
 0.0
 1.1748918186057997
 5.0
 0.5620463485833361
 2.0
 0.0
 0.0
 1.0
 1.3765600406290313
 2.359352103272755
 0.0
q_opt: 1-dimensional DenseAxisArray{Float64,1,...} with index sets:
    Dimension 1, [(43, 15), (43, 14), (44, 15), (44, 13), (44, 3), (40, 14), (40, 2), (41, 14), (42, 6), (37, 13)  …  (4, 13), (5, 2), (5, 7), (5, 9), (6, 11), (1, 1), (1, 6), (1, 3), (2, 1), (2, 15)]
And data, a 71-element Vector{Float64}:
 0.0
 0.5983699912777338
 0.0
 0.7777554313281774
 0.7136421668727332
 0.4016300087222662
 0.0
 0.0
 0.17603216078771172
 0.22224456867182263
 0.0
 1.0
 0.0
 0.0
 0.2608116171262184
 0.0
 0.0
 0.24450859230094035
 0.6809154391972575
 0.0
 0.4985125760955006
 0.0
 1.0
 0.23789301426476153
 0.2930188952852345
 0.0
 0.3190845608027424
 0.0
 0.7554914076990596
 0.0
 0.6882800203145156
 0.0
 0.0
 0.0
 0.0
 0.0
 0.0
 0.0
 0.31171997968548437
 0.1315068452850621
 0.0
 0.0
 1.0
 0.0
 0.0
 0.7621069857352385
 0.0
 1.0
 0.0
 0.0
 0.0
 0.0
 0.0
 0.0
 0.5014874239044994
 0.0
 0.0
 0.0
 0.0
 0.0
 0.0
 0.0
 0.0
 0.0
 1.0
 0.0
 0.0
 0.2701373268008354
 0.28635783312726687
 0.0
 0.8684931547149379



