McCormick lower bound: -645.8262405993542

solution time: 0.0058460235595703125

w_opt: 1-dimensional DenseAxisArray{Float64,1,...} with index sets:
    Dimension 1, [(25, 1, 2), (25, 1, 1), (25, 1, 14), (20, 1, 2), (20, 1, 1), (20, 1, 14), (1, 1, 2), (1, 1, 1), (1, 1, 14), (2, 1, 2)  …  (20, 15, 23), (20, 15, 3), (8, 15, 30), (8, 15, 29), (8, 15, 23), (8, 15, 3), (2, 15, 30), (2, 15, 29), (2, 15, 23), (2, 15, 3)]
And data, a 261-element Vector{Float64}:
 1.2190462751185398
 0.0
 0.0
 0.006861928168812481
 1.0662551037075834
 0.0
 0.0
 0.0
 0.0
 0.0
 0.0
 0.0
 0.0
 0.0
 0.0
 0.0
 2.0
 0.0
 0.0
 1.0
 0.0
 0.0
 0.0
 0.0
 0.0
 0.0
 0.0
 0.0
 1.2230095265851184
 2.9088178227924835
 0.0
 0.0
 0.0
 0.0
 0.0
 0.0
 0.0
 0.0
 0.0
 0.0
 0.0
 2.0911821772075165
 1.0167797164520103
 0.0
 0.6046076344167846
 0.0
 0.0
 0.0
 0.0
 1.1812618768352772
 1.8016419189071562
 0.0
 0.0
 0.0
 0.0
 0.0
 0.0
 0.0
 0.0
 2.0
 1.0
 0.0
 0.0
 0.0
 0.0
 0.0
 0.0
 0.0
 0.0
 0.0
 0.0
 0.12170766230073626
 0.36512298690220923
 0.0
 0.75
 2.25
 0.0
 0.5870655794626556
 1.2585772738716134
 0.5026194645163533
 0.0
 0.0
 0.0
 0.0
 0.0
 0.0
 0.0
 0.0
 0.0
 0.0
 0.0
 0.0
 0.5412267582366082
 1.6236802747098245
 0.0
 0.0
 0.0
 0.0
 0.0
 0.0
 0.0
 2.0
 0.9945296238335501
 0.0
 0.0
 0.0
 0.0
 0.0
 0.0
 0.0
 0.0
 0.0
 0.0
 0.0
 0.0
 0.0
 0.0
 0.0
 4.909560386315817
 2.8160686047856545
 0.0
 0.0
 0.0
 0.06859275222463257
 0.20577825667389704
 0.0
 0.0
 0.0
 0.0
 0.0
 0.0
 0.0
 0.0
 0.0
 0.0
 0.0
 0.0
 0.0
 0.0
 0.0
 0.0
 0.0
 0.0
 0.0
 0.0
 0.0
 0.0
 0.0
 0.19620819983364837
 0.0
 0.0
 0.003867342580748065
 0.0
 0.4718122435313475
 0.1799254386180304
 0.0
 0.0
 1.5281877564686526
 0.7640938782343263
 0.0
 0.0
 0.0
 0.0
 0.0
 0.0
 0.0
 0.0
 0.0
 0.0
 0.0
 0.0
 0.0
 0.0
 1.9602730507780202
 0.0
 0.0
 0.0
 0.4678233640054714
 0.0
 0.0
 0.0
 0.0
 0.0
 0.0
 0.0
 0.0
 0.0
 0.0
 0.0
 0.0
 0.0
 0.0
 0.0
 0.0
 1.5321766359945286
 1.0
 0.4678233640054714
 0.0
 0.0
 0.0
 0.0
 0.0
 0.0
 0.0
 0.0
 0.0
 1.5481835934252954
 0.0
 0.7740917967126477
 0.0
 0.0
 0.0
 0.0
 0.0
 0.0
 0.45181640657470445
 0.10561188084710679
 0.0
 0.0
 0.0
 0.0
 0.0
 0.5831418801669283
 0.0
 0.0
 0.3555505909679824
 0.41685811983307175
 0.0
 0.0
 0.0
 0.0
 0.0
 0.0
 0.0
 0.0
 0.0
 0.0
 0.0
 0.0
 0.0
 0.0
 0.0
 0.0
 0.0
 0.0
 0.0
 0.0
 0.0
 0.0
 0.0
 0.0
 0.0
 0.0
 0.0
 0.0
 0.0
 0.0
 2.0
 4.5153969195425185
 0.0
 1.0
x_ij_opt: 1-dimensional DenseAxisArray{Float64,1,...} with index sets:
    Dimension 1, [(43, 30), (43, 22), (43, 6), (44, 22), (45, 30), (45, 29), (45, 28), (45, 24), (45, 23), (40, 29)  …  (5, 7), (5, 14), (6, 4), (6, 3), (1, 14), (1, 10), (1, 23), (1, 1), (3, 2), (3, 1)]
And data, a 116-element Vector{Float64}:
 0.0
 0.039726949221979835
 0.0
 0.0
 0.0
 0.0
 1.6444494090320176
 0.0
 0.0
 0.0
 0.0
 0.0
 0.0
 0.0
 0.0
 0.0
 0.0
 0.0
 0.0
 0.0
 2.2066138228983756
 0.0
 0.0
 0.0
 0.0
 0.0
 0.0
 2.0
 0.0
 0.0
 0.0
 0.0
 0.0
 0.0
 0.0
 0.0
 0.0
 0.0
 0.0
 0.0
 0.0
 0.0
 0.0
 0.2743710088985283
 0.5026194645163535
 0.0
 0.0
 0.0
 0.0
 0.0
 0.0
 0.0
 0.0
 0.0
 0.0
 0.5719035852165084
 0.0
 1.0218468614595506
 0.005470376166449813
 1.996132657419252
 0.0
 0.0
 0.0
 0.0
 6.0
 0.0
 0.0
 0.0
 0.0
 0.8037918001663517
 0.0
 0.0
 0.0
 0.0
 0.0
 0.0
 0.0
 0.8187381231647228
 0.0
 0.0
 0.0
 0.0
 0.0
 0.0
 0.0
 0.0
 0.0
 0.0
 0.0
 0.0
 0.0
 0.0
 0.0
 0.0
 0.0
 0.0
 0.0
 0.8943881191528932
 0.0
 0.0
 0.0
 0.0
 0.0
 0.0
 0.0
 0.0
 0.0
 0.0
 0.0
 0.0
 0.0
 0.0
 0.0
 2.727131073394041
 0.0
 0.0
x_il_opt: 1-dimensional DenseAxisArray{Float64,1,...} with index sets:
    Dimension 1, [(43, 15), (43, 14), (44, 15), (44, 13), (44, 3), (40, 14), (40, 2), (41, 14), (42, 6), (37, 13)  …  (4, 13), (5, 2), (5, 7), (5, 9), (6, 11), (1, 1), (1, 6), (1, 3), (2, 1), (2, 15)]
And data, a 71-element Vector{Float64}:
 0.0
 0.5831418801669283
 0.0
 2.322275390137943
 4.131827349377602
 0.7724087108010542
 0.0
 0.0
 0.4868306492029455
 0.0
 0.0
 3.0
 0.0
 0.0
 3.0
 0.0
 0.0
 0.0
 7.7256289911014715
 0.0
 0.6046076344167846
 0.0
 3.0
 0.6517376821493779
 2.3482623178506223
 0.0
 0.2743710088985296
 0.0
 2.4280964147834916
 0.19620819983364837
 1.2190462751185398
 0.5574282874218113
 0.0
 0.0
 0.0
 0.0
 0.0
 0.0
 1.0731170318763958
 0.0
 0.0
 0.0
 3.0
 0.0
 0.0
 2.292281634702979
 0.0
 2.99452962383355
 0.0
 0.0
 0.0
 0.0
 0.0
 0.0
 2.982903795742433
 0.0
 0.0
 0.0
 0.0
 0.0
 0.0
 0.0
 0.0
 0.0
 0.003867342580748065
 0.0
 0.0
 2.1649070329464326
 3.107961893659527
 0.0
 7.5153969195425185
x_lj_opt: 1-dimensional DenseAxisArray{Float64,1,...} with index sets:
    Dimension 1, [(15, 30), (15, 29), (15, 23), (15, 3), (14, 28), (14, 27), (14, 10), (14, 24), (13, 26), (13, 25)  …  (3, 6), (3, 5), (3, 29), (2, 4), (2, 3), (2, 1), (2, 5), (1, 2), (1, 1), (1, 14)]
And data, a 53-element Vector{Float64}:
 2.0
 4.5153969195425185
 0.0
 1.0
 0.3555505909679824
 1.0
 0.0
 0.0
 2.0
 0.10561188084710679
 0.7740917967126477
 1.5321766359945286
 1.0
 0.4678233640054714
 1.9602730507780202
 0.0
 0.0
 0.0
 0.4678233640054714
 0.0
 0.0
 2.0
 0.9440193168523567
 0.003867342580748065
 0.19620819983364837
 0.0
 4.978153138540449
 3.021846861459551
 0.0
 0.0
 2.0
 0.9945296238335501
 0.0
 2.0
 5.4973805354836465
 0.5026194645163533
 2.0
 1.0
 0.0
 0.0
 1.1812618768352772
 2.4062495533239407
 0.0
 1.2230095265851184
 5.0
 1.0167797164520103
 2.0
 0.0
 0.0
 1.0
 1.2259082032873523
 1.0662551037075834
 0.0
q_opt: 1-dimensional DenseAxisArray{Float64,1,...} with index sets:
    Dimension 1, [(43, 15), (43, 14), (44, 15), (44, 13), (44, 3), (40, 14), (40, 2), (41, 14), (42, 6), (37, 13)  …  (4, 13), (5, 2), (5, 7), (5, 9), (6, 11), (1, 1), (1, 6), (1, 3), (2, 1), (2, 15)]
And data, a 71-element Vector{Float64}:
 0.0
 0.5831418801669283
 0.0
 0.7740917967126477
 0.6115047632925592
 0.41685811983307175
 0.0
 0.0
 0.06085383115036813
 0.0
 0.0
 1.0
 0.0
 0.0
 0.375
 0.0
 0.0
 0.019863474610989917
 0.9657036238876838
 0.0
 0.4093690615823614
 0.0
 1.0
 0.23590612176567372
 0.2935327897313278
 0.0
 0.034296376112316174
 0.0
 0.9801365253890101
 0.998066328709626
 0.8222908160487361
 0.22590820328735223
 0.0
 0.0
 0.0
 0.0
 0.0
 0.0
 0.1777091839512639
 0.0
 0.0
 0.0
 1.0
 0.0
 0.0
 0.7640938782343263
 0.0
 1.0
 0.0
 0.0
 0.0
 0.0
 0.0
 0.0
 0.5906309384176386
 0.0
 0.0
 0.0
 0.0
 0.0
 0.0
 0.0
 0.0
 0.0
 0.0019336712903740324
 0.0
 0.0
 0.2706133791183041
 0.38849523670744085
 0.0
 1.0



