McCormick lower bound: -646.0410537337821

solution time: 0.005733013153076172

w_opt: 1-dimensional DenseAxisArray{Float64,1,...} with index sets:
    Dimension 1, [(25, 1, 2), (25, 1, 1), (25, 1, 14), (20, 1, 2), (20, 1, 1), (20, 1, 14), (1, 1, 2), (1, 1, 1), (1, 1, 14), (2, 1, 2)  …  (20, 15, 23), (20, 15, 3), (8, 15, 30), (8, 15, 29), (8, 15, 23), (8, 15, 3), (2, 15, 30), (2, 15, 29), (2, 15, 23), (2, 15, 3)]
And data, a 261-element Vector{Float64}:
 1.1874966903513697
 0.0
 0.06897415599372941
 0.0
 1.4983419344920763
 0.0
 0.0
 0.0
 0.0
 0.0
 0.0
 0.0
 0.0
 0.0
 0.0
 0.0
 2.0
 0.0
 0.0
 1.0
 0.0
 0.0
 0.0
 0.0
 0.0
 0.0
 0.0
 0.0
 1.0427065345063493
 3.203157372479937
 0.0
 0.0
 0.0
 0.0
 0.0
 0.0
 0.0
 0.0
 0.0
 0.0
 0.0
 1.7968426275200629
 0.6896498718848536
 0.0
 0.0
 0.0
 0.0
 0.0
 0.0
 1.338769769545007
 2.999391841959967
 0.0
 0.0
 0.0
 0.0
 0.0
 0.0
 0.0
 0.0
 1.9946316153611316
 1.0
 0.0
 0.0
 0.0
 0.0
 0.0
 0.0
 0.0
 0.0
 0.0
 0.0
 0.0
 0.0
 0.0
 0.7176420208418607
 2.152926062525582
 0.0
 0.47270727475225216
 1.4181218242567573
 0.0
 0.0
 0.0
 0.0
 0.0
 0.0
 0.0
 0.0
 0.0
 0.0
 0.0
 0.0
 0.0
 0.809650704405887
 2.428952113217661
 0.0
 0.0
 0.0
 0.0
 0.0
 0.0
 0.0
 1.9310258440062706
 0.8639697526244028
 0.10154316937873231
 0.0
 0.0
 0.10346123399059426
 0.0
 0.0
 0.0
 0.0
 0.0
 0.0
 0.0
 0.0
 0.0
 0.0
 0.0
 4.861831703542291
 1.6206105678474299
 0.0
 0.0
 0.0
 0.37938943215257037
 1.1381682964577096
 0.0
 0.0
 0.0
 0.0
 0.0
 0.0
 0.0
 0.0
 0.0
 0.0
 0.0
 0.0
 0.0
 0.0
 0.0
 0.0
 0.0
 0.0
 0.0
 0.0
 0.0
 0.0
 0.2965272517909858
 0.19039457271259308
 0.0
 0.0
 0.16201302833939302
 0.0
 0.8045296950669298
 0.3046412059240608
 0.0
 0.0
 1.1954703049330702
 0.5977351524665351
 0.0
 0.0
 0.0
 0.0
 0.0
 0.0
 0.0
 0.0
 0.0
 0.0
 0.0
 0.0
 0.0
 0.0
 2.0
 0.0
 0.0
 0.0
 0.7581707062651065
 0.0
 0.0
 0.0
 0.0
 0.0
 0.0
 0.0
 0.0
 0.0
 0.0
 0.0
 0.0
 0.0
 0.0
 0.0
 0.0
 1.2418292937348934
 0.9770411393770037
 0.781129566888103
 0.0
 0.0
 0.0
 0.0
 0.0
 0.0
 0.0
 0.0
 0.0
 1.5669070122353488
 0.0
 0.8125033096486304
 0.0
 0.0
 0.0
 0.0
 0.0
 0.0
 0.4137264520773474
 0.11218377788929725
 0.0
 0.0
 0.0
 0.0
 0.0
 0.07666137872983214
 0.0
 0.0
 0.11003201967952164
 0.9233386212701679
 0.0
 0.0
 0.0
 0.0
 0.0
 0.0
 0.0
 0.0
 0.0
 0.0
 0.0
 0.0
 0.0
 0.0
 0.0
 0.0
 0.0
 0.0
 0.0
 0.0
 0.0
 0.0
 0.24008454216220576
 0.0
 0.0
 0.0
 0.0
 0.0
 0.0
 0.0
 1.759915457837794
 4.399788644594486
 0.0
 0.8799577289188971
x_ij_opt: 1-dimensional DenseAxisArray{Float64,1,...} with index sets:
    Dimension 1, [(43, 30), (43, 22), (43, 6), (44, 22), (45, 30), (45, 29), (45, 28), (45, 24), (45, 23), (40, 29)  …  (5, 7), (5, 14), (6, 4), (6, 3), (1, 14), (1, 10), (1, 23), (1, 1), (3, 2), (3, 1)]
And data, a 116-element Vector{Float64}:
 0.0
 0.0
 0.0
 0.0
 0.0
 0.0
 1.8899679803204783
 0.0
 0.0
 0.0
 0.0
 0.0
 0.0
 0.0
 0.0
 0.0
 0.0
 0.0
 0.0
 0.0
 2.044707839790057
 0.0
 0.0
 0.0
 0.019366535687303843
 0.0
 0.0
 2.0
 0.0
 0.12943191663255754
 0.0
 0.0
 0.0
 0.0
 0.0
 0.0
 0.0
 0.0
 0.0
 0.0
 0.0
 0.0
 0.0
 0.9572934654936507
 0.0
 0.0
 0.0
 0.0
 0.0
 0.0
 0.0
 0.0
 0.0
 0.0
 0.0
 0.24182929373489348
 0.0
 0.5946668518090801
 0.1360302473755972
 1.5414597198696212
 0.0
 0.0
 0.0
 0.0
 6.0
 0.0
 0.1641120124960589
 0.0
 0.0
 0.8096054272874069
 0.0
 0.0
 0.0
 0.0
 0.0
 0.0
 0.0
 0.6612302304549931
 0.0
 0.0
 0.0
 0.0
 0.0
 0.0
 0.0
 0.0
 0.0
 0.005368384638868351
 0.0
 0.0
 0.0
 0.0
 0.0
 0.0
 0.0
 0.0
 0.0
 0.8878162221107028
 0.0
 0.12004227108110288
 0.0
 0.0
 0.0
 0.0
 0.0
 0.0
 0.0
 0.0
 0.0
 0.0
 0.0
 0.0
 0.022958860622996347
 2.2519458223485405
 0.0
 0.0
x_il_opt: 1-dimensional DenseAxisArray{Float64,1,...} with index sets:
    Dimension 1, [(43, 15), (43, 14), (44, 15), (44, 13), (44, 3), (40, 14), (40, 2), (41, 14), (42, 6), (37, 13)  …  (4, 13), (5, 2), (5, 7), (5, 9), (6, 11), (1, 1), (1, 6), (1, 3), (2, 1), (2, 15)]
And data, a 71-element Vector{Float64}:
 0.0
 0.07666137872983214
 0.0
 2.379410321883979
 4.245863906986287
 1.0333706409496894
 0.0
 0.0
 0.0
 0.0
 0.0
 3.0
 0.0
 0.0
 2.8705680833674423
 0.0
 0.0
 0.0
 6.48244227138972
 0.0
 0.0
 0.0
 3.0
 1.1091709009909907
 1.8908290990090093
 0.0
 1.51755772861028
 0.0
 2.7581707062651066
 0.4869218245035789
 1.256470846345099
 0.5259102299666446
 0.0
 0.0
 0.0
 0.0
 0.0
 0.0
 1.4983419344920763
 0.24008454216220576
 0.0
 0.0
 2.994631615361132
 0.0
 0.0
 1.7932054573996052
 0.0
 2.8965387660094057
 0.0
 0.0
 0.0
 0.0
 0.0
 0.0
 4.338161611504974
 0.0
 0.0
 0.0
 0.0
 0.0
 0.0
 0.0
 0.0
 0.10346123399059426
 0.16201302833939302
 0.0
 0.0
 3.2386028176235477
 2.4864924994049167
 0.0
 7.039661831351177
x_lj_opt: 1-dimensional DenseAxisArray{Float64,1,...} with index sets:
    Dimension 1, [(15, 30), (15, 29), (15, 23), (15, 3), (14, 28), (14, 27), (14, 10), (14, 24), (13, 26), (13, 25)  …  (3, 6), (3, 5), (3, 29), (2, 4), (2, 3), (2, 1), (2, 5), (1, 2), (1, 1), (1, 14)]
And data, a 53-element Vector{Float64}:
 2.0
 4.399788644594486
 0.0
 0.8799577289188971
 0.11003201967952164
 1.0
 0.0
 0.0
 1.9806334643126962
 0.11218377788929725
 0.8125033096486303
 1.2418292937348934
 0.9770411393770037
 0.781129566888103
 2.0
 0.0
 0.0
 0.0
 0.7581707062651065
 0.0
 0.0
 2.0
 0.9023763583905959
 0.45854028013037884
 0.19039457271259308
 0.0
 5.241221135694861
 2.7587788643051394
 0.0
 0.0
 1.9310258440062706
 0.8639697526244028
 0.20500440336932657
 2.0
 6.0
 0.0
 1.9946316153611316
 1.0
 0.0
 0.0
 1.338769769545007
 2.999391841959967
 0.0
 1.0427065345063493
 5.0
 0.6896498718848536
 2.0
 0.0
 0.0
 1.0
 1.1874966903513697
 1.4983419344920763
 0.06897415599372941
q_opt: 1-dimensional DenseAxisArray{Float64,1,...} with index sets:
    Dimension 1, [(43, 15), (43, 14), (44, 15), (44, 13), (44, 3), (40, 14), (40, 2), (41, 14), (42, 6), (37, 13)  …  (4, 13), (5, 2), (5, 7), (5, 9), (6, 11), (1, 1), (1, 6), (1, 3), (2, 1), (2, 15)]
And data, a 71-element Vector{Float64}:
 0.0
 0.07666137872983214
 0.0
 0.7931367739613263
 0.6891884375743854
 0.9233386212701679
 0.0
 0.0
 0.0
 0.0
 0.0
 1.0
 0.0
 0.0
 0.35882101042093034
 0.0
 0.0
 0.0
 0.8103052839237151
 0.0
 0.33061511522749654
 0.0
 1.0
 0.4022648475334649
 0.2363536373761262
 0.0
 0.18969471607628485
 0.0
 1.0
 0.9189934858303035
 0.7502763442513206
 0.2068632260386737
 0.0
 0.0
 0.0
 0.0
 0.0
 0.0
 0.24972365574867939
 0.12004227108110288
 0.0
 0.0
 1.0
 0.0
 0.0
 0.5977351524665351
 0.0
 0.9655129220031352
 0.0
 0.0
 0.0
 0.0
 0.0
 0.0
 0.6693848847725035
 0.0
 0.0
 0.0
 0.0
 0.0
 0.0
 0.0
 0.0
 0.03448707799686468
 0.08100651416969651
 0.0
 0.0
 0.4048253522029435
 0.3108115624256146
 0.0
 0.8799577289188971



