McCormick lower bound: -643.9979493135426

solution time: 0.005725860595703125

w_opt: 1-dimensional DenseAxisArray{Float64,1,...} with index sets:
    Dimension 1, [(25, 1, 2), (25, 1, 1), (25, 1, 14), (20, 1, 2), (20, 1, 1), (20, 1, 14), (1, 1, 2), (1, 1, 1), (1, 1, 14), (2, 1, 2)  …  (20, 15, 23), (20, 15, 3), (8, 15, 30), (8, 15, 29), (8, 15, 23), (8, 15, 3), (2, 15, 30), (2, 15, 29), (2, 15, 23), (2, 15, 3)]
And data, a 261-element Vector{Float64}:
 1.2199822944279046
 0.0
 0.0
 0.0
 0.7602964653947255
 0.0
 0.0
 0.0
 0.0
 0.0
 0.0
 0.0
 0.0
 0.0
 0.0
 0.0
 1.9281689681432783
 0.07949462029163923
 0.0
 0.9923364115650825
 0.0
 0.0
 0.0
 0.0
 0.0
 0.0
 0.0
 0.0
 1.1476353284600738
 3.385844418538631
 0.0
 0.0
 0.0
 0.0
 0.0
 0.0
 0.0
 0.0
 0.0
 0.0
 0.0
 0.0
 0.9798244420159281
 0.0
 1.123654015637598
 0.0
 0.0
 0.0
 0.0
 1.074226467751021
 1.4052474451152297
 0.07183103185672168
 0.0
 0.0
 0.0
 0.0
 0.0
 0.0
 0.0
 1.978750866690815
 1.0
 0.0
 0.0
 0.0
 0.0
 0.0
 0.0
 0.0
 0.0
 0.0
 0.0
 0.235859371834981
 0.7075781155049432
 0.0
 0.75
 2.25
 0.0
 0.5690226223203195
 1.7070678669609587
 0.0
 0.0
 0.0
 0.0
 0.0
 0.0
 0.0
 0.0
 0.0
 0.0
 0.0
 0.0
 0.0
 0.44511800584469946
 1.3353540175340983
 0.0
 0.0
 0.0
 0.0
 0.0
 0.0
 0.0
 2.0
 0.9228347823541142
 0.0
 0.0
 0.0
 0.0
 0.0
 0.0
 0.0
 0.0
 0.0
 0.0
 0.0
 0.0
 0.0
 0.0
 0.0
 3.6586375533824125
 2.3761857874595904
 0.0
 0.0
 0.0
 1.473882494368498
 0.4912941647894993
 0.0
 0.0
 0.0
 0.0
 0.0
 0.0
 0.0
 0.0
 0.0
 0.0
 0.0
 0.0
 0.0
 0.0
 0.0
 0.0
 0.0
 0.0
 0.0
 0.0
 0.0
 0.0
 0.6312010347125264
 0.2041715009645937
 0.0
 0.0
 0.0
 0.0
 0.5190895375096427
 0.20481997320907944
 0.0
 0.0
 1.4809104624903573
 0.7404552312451786
 0.0
 0.0
 0.0
 0.0
 0.0
 0.0
 0.0
 0.0
 0.0
 0.0
 0.0
 0.0
 0.0
 0.0
 2.0
 0.0
 0.0
 0.0
 0.3963814130019174
 0.0
 0.0
 0.0
 0.0
 0.0
 0.0
 0.0
 0.0
 0.0
 0.0
 0.0
 0.0
 0.0
 0.0
 0.0
 0.0
 1.6036185869980826
 1.0
 0.3963814130019174
 0.0
 0.0
 0.0
 0.0
 0.0
 0.0
 0.0
 0.0
 0.0
 1.4922793644057315
 0.0
 0.7800177055720952
 0.4851352866814489
 0.15166127618435798
 0.0
 0.0
 0.0
 0.0
 0.0
 0.0
 0.0
 0.0
 0.0
 0.0
 0.0
 0.0
 0.0
 0.0
 0.6161686831347117
 0.4279304705481086
 0.0
 0.0
 0.0
 0.0
 0.0
 0.0
 0.0
 0.5720695294518914
 0.0
 0.0
 0.0
 0.0
 0.0
 0.0
 0.0
 0.0
 0.0
 0.0
 0.0
 0.0
 0.0
 0.0
 0.15898924058327868
 0.0
 0.0
 0.0
 0.0
 0.0
 0.0
 0.0
 1.8197435129763706
 4.6237941449821545
 0.0
 0.9205053797083608
x_ij_opt: 1-dimensional DenseAxisArray{Float64,1,...} with index sets:
    Dimension 1, [(43, 30), (43, 22), (43, 6), (44, 22), (45, 30), (45, 29), (45, 28), (45, 24), (45, 23), (40, 29)  …  (5, 7), (5, 14), (6, 4), (6, 3), (1, 14), (1, 10), (1, 23), (1, 1), (3, 2), (3, 1)]
And data, a 116-element Vector{Float64}:
 0.0
 0.0
 0.0
 0.0
 0.021267246440350718
 0.0
 1.3838313168652883
 0.0
 0.0
 0.0
 0.0
 0.0
 0.0
 0.0
 0.0
 0.0
 0.0
 0.0
 0.0
 0.0
 0.0
 0.0
 0.0
 0.0
 0.02258534891281938
 0.0
 0.0
 2.0
 0.0
 0.0
 0.0
 0.0
 0.0
 0.0
 0.0
 0.0
 0.0
 0.0
 0.0
 0.0
 0.0
 0.0
 0.0
 0.8523646715399262
 0.0
 0.0
 0.0
 0.0
 0.0
 0.0
 0.0
 0.0
 0.0
 0.0
 0.0
 0.6036185869980826
 0.0
 0.8674799522490897
 0.0771652176458858
 1.3687989652874735
 0.0
 0.0
 0.0
 0.0
 6.0
 0.0
 0.0
 0.0
 0.0
 0.7958284990354063
 0.0
 0.0
 0.0
 0.0
 0.0
 0.0
 0.0
 0.9257735322489791
 0.0
 0.0
 0.0
 0.0
 0.0
 0.0
 0.0
 0.0
 0.0
 0.021249133309185098
 0.0
 1.6218191698962867
 0.0
 0.0
 0.0
 0.0
 0.0
 0.0
 0.0
 0.848338723815642
 0.0
 0.0
 0.0
 0.0
 0.0
 0.0
 0.0
 0.0
 0.0
 0.0
 0.0
 0.0
 0.0
 0.0
 0.0
 5.239703534605274
 0.0
 0.0
x_il_opt: 1-dimensional DenseAxisArray{Float64,1,...} with index sets:
    Dimension 1, [(43, 15), (43, 14), (44, 15), (44, 13), (44, 3), (40, 14), (40, 2), (41, 14), (42, 6), (37, 13)  …  (4, 13), (5, 2), (5, 7), (5, 9), (6, 11), (1, 1), (1, 6), (1, 3), (2, 1), (2, 15)]
And data, a 71-element Vector{Float64}:
 0.0
 0.0
 0.0
 2.2722970699778267
 4.5334797469987045
 1.0440991536828204
 0.0
 0.0
 0.9434374873399243
 0.6367965628658069
 0.0
 3.0
 0.0
 0.0
 3.0
 0.0
 0.0
 0.0
 6.034823340842003
 0.0
 1.123654015637598
 0.5720695294518914
 3.0
 0.723909510718722
 2.276090489281278
 0.0
 1.9651766591579973
 0.0
 2.3963814130019174
 0.8353725356771201
 1.2199822944279046
 0.0
 0.0
 0.0
 0.0
 0.0
 0.0
 0.0
 0.7602964653947255
 0.15898924058327868
 0.0
 0.0
 2.978750866690815
 0.0
 0.0
 2.221365693735536
 0.0
 2.9228347823541143
 0.0
 0.0
 0.0
 0.0
 0.0
 0.0
 2.5513049447229723
 0.0
 0.0
 0.0
 0.0
 0.0
 0.0
 0.0
 0.0
 0.0
 0.0
 0.0
 0.0
 1.7804720233787976
 0.9798244420159281
 0.0
 7.364043037666885
x_lj_opt: 1-dimensional DenseAxisArray{Float64,1,...} with index sets:
    Dimension 1, [(15, 30), (15, 29), (15, 23), (15, 3), (14, 28), (14, 27), (14, 10), (14, 24), (13, 26), (13, 25)  …  (3, 6), (3, 5), (3, 29), (2, 4), (2, 3), (2, 1), (2, 5), (1, 2), (1, 1), (1, 14)]
And data, a 53-element Vector{Float64}:
 1.9787327535596493
 4.6237941449821545
 0.0
 0.9205053797083608
 0.6161686831347117
 1.0
 0.0
 0.0
 1.9774146510871806
 0.15166127618435798
 0.7800177055720953
 1.6036185869980826
 1.0
 0.3963814130019174
 2.0
 0.0
 0.0
 0.0
 0.3963814130019174
 0.0
 0.0
 2.0
 0.9452752044542581
 0.6312010347125264
 0.2041715009645937
 0.0
 5.13252004775091
 2.8674799522490897
 0.0
 0.0
 2.0
 0.9228347823541142
 0.0
 2.0
 6.0
 0.0
 1.978750866690815
 1.0
 0.0
 0.0
 1.074226467751021
 2.5289014607528277
 0.07183103185672168
 1.1476353284600738
 3.385844418538631
 0.9798244420159281
 1.9281689681432783
 0.07949462029163923
 0.0
 0.9923364115650825
 1.2199822944279046
 0.7602964653947255
 0.0
q_opt: 1-dimensional DenseAxisArray{Float64,1,...} with index sets:
    Dimension 1, [(43, 15), (43, 14), (44, 15), (44, 13), (44, 3), (40, 14), (40, 2), (41, 14), (42, 6), (37, 13)  …  (4, 13), (5, 2), (5, 7), (5, 9), (6, 11), (1, 1), (1, 6), (1, 3), (2, 1), (2, 15)]
And data, a 71-element Vector{Float64}:
 0.0
 0.0
 0.0
 0.7574323566592756
 0.8366959263306787
 0.4279304705481086
 0.0
 0.0
 0.1179296859174905
 0.24256764334072445
 0.0
 1.0
 0.0
 0.0
 0.375
 0.0
 0.0
 0.0
 0.7543529176052504
 0.0
 0.46288676612448953
 0.5720695294518914
 1.0
 0.2595447687548213
 0.28451131116015976
 0.0
 0.24564708239474967
 0.0
 1.0
 1.0
 0.8732839224342124
 0.0
 0.0
 0.0
 0.0
 0.0
 0.0
 0.0
 0.1267160775657876
 0.07949462029163934
 0.0
 0.0
 1.0
 0.0
 0.0
 0.7404552312451786
 0.0
 1.0
 0.0
 0.0
 0.0
 0.0
 0.0
 0.0
 0.5371132338755105
 0.0
 0.0
 0.0
 0.0
 0.0
 0.0
 0.0
 0.0
 0.0
 0.0
 0.0
 0.0
 0.22255900292234973
 0.16330407366932134
 0.0
 0.9205053797083608



