McCormick lower bound: -646.2053403901473

solution time: 0.0052471160888671875

w_opt: 1-dimensional DenseAxisArray{Float64,1,...} with index sets:
    Dimension 1, [(25, 1, 2), (25, 1, 1), (25, 1, 14), (20, 1, 2), (20, 1, 1), (20, 1, 14), (1, 1, 2), (1, 1, 1), (1, 1, 14), (2, 1, 2)  …  (20, 15, 23), (20, 15, 3), (8, 15, 30), (8, 15, 29), (8, 15, 23), (8, 15, 3), (2, 15, 30), (2, 15, 29), (2, 15, 23), (2, 15, 3)]
And data, a 261-element Vector{Float64}:
 1.3992869849765808
 0.0
 0.0
 0.0
 0.5705116782638614
 0.0
 0.0
 0.0
 0.0
 0.0
 0.0
 0.0
 0.0
 0.0
 0.0
 0.0
 2.0
 0.0
 0.0
 1.0
 0.0
 0.0
 0.0
 0.0
 0.0
 0.0
 0.0
 0.0
 1.1866287911204974
 2.6926831691001984
 0.0
 0.0
 0.0
 0.0
 0.0
 1.4628525132276857
 1.7906323222903249
 0.0
 0.0
 0.0
 0.0
 0.0
 0.0
 0.0
 0.6754588465863125
 0.0
 0.0
 0.0
 0.0
 0.9575755976188262
 1.0763019338130237
 0.0
 0.0
 0.0
 0.0
 0.0
 0.0
 0.0
 0.0
 2.0
 1.0
 0.0
 0.0
 0.0
 0.0
 0.0
 0.0
 0.0
 0.0
 0.0
 0.0
 0.04360502478899009
 0.13081507436697049
 0.0
 0.75
 2.25
 0.0
 0.5732927702072643
 1.719878310621793
 0.0
 0.0
 0.0
 0.0
 0.0
 0.0
 0.0
 0.0
 0.0
 0.0
 0.0
 0.0
 0.0
 0.6331022050037456
 1.8993066150112368
 0.0
 0.0
 0.0
 0.0
 0.0
 0.0
 0.0
 2.0
 0.9113219959496949
 0.0
 0.0
 0.0
 0.0
 0.0
 0.0
 0.0
 0.0
 0.0
 0.0
 0.0
 0.0
 0.0
 0.0
 0.0
 2.915133109825489
 2.084866890174511
 0.0
 0.0
 0.0
 1.6207711256659847
 1.3792288743340153
 0.0
 0.0
 0.0
 0.0
 0.0
 0.0
 0.0
 0.0
 0.0
 0.0
 0.0
 0.0
 0.0
 0.0
 0.0
 0.0
 0.0
 0.0
 0.0
 0.0
 0.0
 0.0
 0.04793924646458765
 0.0
 0.0
 0.0
 0.0
 0.0
 0.516818298069424
 0.19001062110151867
 0.0
 0.0
 1.483181701930576
 0.741590850965288
 0.0
 0.0
 0.0
 0.0
 0.0
 0.0
 0.0
 0.0
 0.0
 0.0
 0.0
 0.0
 0.0
 0.0
 1.7158242431505069
 0.0
 0.0
 0.0
 0.5000323017573554
 0.0
 0.0
 0.0
 0.0
 0.0
 0.0
 0.0
 0.0
 0.0
 0.0
 0.0
 0.0
 0.0
 0.0
 0.0
 0.0
 1.4999676982426446
 0.9618971417511204
 0.5381351600062347
 0.0
 0.0
 0.0
 0.0
 0.0
 0.0
 0.0
 0.0
 0.0
 1.5053777222807359
 0.1519758461169488
 0.6007130150234191
 0.4946222777192641
 0.1577145522565404
 0.0
 0.0
 0.0
 0.0
 0.0
 0.0
 0.0
 0.0
 0.0
 0.0
 0.0
 0.3047718943398863
 0.0
 0.0
 0.7123372044568228
 0.3561686022284114
 0.0
 0.0
 0.0
 0.0
 0.0
 0.0
 0.0
 0.3390595034317023
 0.0
 0.0
 0.0
 0.0
 0.0
 0.0
 0.0
 0.0
 0.0
 0.0
 0.0
 0.0
 0.0
 0.0
 0.0
 0.0
 0.0
 0.0
 0.0
 0.0
 0.0
 0.0
 2.0
 3.671232517703441
 0.0
 1.0
x_ij_opt: 1-dimensional DenseAxisArray{Float64,1,...} with index sets:
    Dimension 1, [(43, 30), (43, 22), (43, 6), (44, 22), (45, 30), (45, 29), (45, 28), (45, 24), (45, 23), (40, 29)  …  (5, 7), (5, 14), (6, 4), (6, 3), (1, 14), (1, 10), (1, 23), (1, 1), (3, 2), (3, 1)]
And data, a 116-element Vector{Float64}:
 0.0
 0.28417575684949314
 0.0
 0.0
 0.0
 0.0
 1.2876627955431772
 0.0
 0.0
 0.0
 0.0
 0.0
 0.0
 0.0
 0.0
 0.0
 0.0
 0.0
 0.22937786623675938
 0.0
 0.0
 0.0
 0.0
 0.0
 0.0
 0.0
 0.0
 2.0
 0.0
 0.0
 0.0
 0.0
 0.0
 0.0
 0.0
 0.0
 0.0
 0.0
 0.0
 0.0
 0.0
 0.0
 0.0
 0.8133712088795026
 0.0
 0.0
 0.0
 0.0
 0.0
 0.0
 0.0
 0.0
 0.0
 0.0
 0.0
 0.7841434550921376
 0.0
 1.4640957645085262
 0.08867800405030513
 1.9520607535354124
 0.0
 0.0
 0.0
 0.0
 6.0
 0.0
 0.0
 0.0
 0.0
 0.7706221337632406
 0.0
 0.0
 0.0
 0.0
 0.0
 0.0
 0.0
 1.0424244023811737
 0.0
 0.0
 0.0
 0.0
 0.0
 0.0
 0.0
 0.0
 0.0
 0.0
 0.0
 0.8444643176721156
 0.0
 0.0
 0.0
 0.0
 0.0
 0.0
 0.0
 0.6903096016265108
 0.0
 0.0
 0.0
 0.0
 0.0
 0.0
 0.0
 0.0
 0.0
 0.0
 0.0
 0.0
 0.0
 0.0
 0.0381028582488796
 5.429488321736138
 0.0
 0.0
x_il_opt: 1-dimensional DenseAxisArray{Float64,1,...} with index sets:
    Dimension 1, [(43, 15), (43, 14), (44, 15), (44, 13), (44, 3), (40, 14), (40, 2), (41, 14), (42, 6), (37, 13)  …  (4, 13), (5, 2), (5, 7), (5, 9), (6, 11), (1, 1), (1, 6), (1, 3), (2, 1), (2, 15)]
And data, a 71-element Vector{Float64}:
 0.0
 0.3047718943398863
 0.0
 2.258066583421104
 3.879311960220696
 1.0685058066852342
 0.0
 0.0
 0.17442009915596057
 0.6523368299758046
 0.0
 3.0
 0.0
 0.0
 3.0
 0.0
 0.0
 0.0
 5.0
 0.0
 0.6754588465863125
 0.3390595034317023
 3.0
 0.7068289191709427
 2.2931710808290573
 0.0
 3.0
 0.0
 2.2158565449078624
 0.04793924646458765
 1.3992869849765808
 0.0
 0.0
 0.0
 0.0
 0.0
 0.0
 0.0
 0.5705116782638614
 0.0
 0.0
 0.0
 3.0
 0.0
 0.0
 2.224772552895864
 0.0
 2.9113219959496948
 0.0
 0.0
 0.0
 0.0
 0.0
 0.0
 2.03387753143185
 0.0
 0.0
 3.2534848355180106
 0.0
 0.0
 0.0
 0.0
 0.0
 0.0
 0.0
 0.0
 0.0
 2.5324088200149824
 0.0
 0.0
 6.671232517703441
x_lj_opt: 1-dimensional DenseAxisArray{Float64,1,...} with index sets:
    Dimension 1, [(15, 30), (15, 29), (15, 23), (15, 3), (14, 28), (14, 27), (14, 10), (14, 24), (13, 26), (13, 25)  …  (3, 6), (3, 5), (3, 29), (2, 4), (2, 3), (2, 1), (2, 5), (1, 2), (1, 1), (1, 14)]
And data, a 53-element Vector{Float64}:
 2.0
 3.671232517703441
 0.0
 1.0
 0.7123372044568228
 1.0
 0.0
 0.0
 2.0
 0.3096903983734892
 0.6007130150234192
 1.4999676982426446
 0.9618971417511204
 0.5381351600062347
 1.7158242431505069
 0.0
 0.0
 0.0
 0.5000323017573554
 0.0
 0.0
 2.0
 0.9316014720668067
 0.04793924646458765
 0.0
 0.0
 4.535904235491474
 3.464095764508526
 0.0
 0.0
 2.0
 0.9113219959496949
 0.0
 2.0
 6.0
 0.0
 2.0
 1.0
 0.0
 0.0
 0.9575755976188262
 1.7517607803993362
 0.0
 1.1866287911204974
 4.155535682327884
 1.7906323222903249
 2.0
 0.0
 0.0
 1.0
 1.3992869849765808
 0.5705116782638614
 0.0
q_opt: 1-dimensional DenseAxisArray{Float64,1,...} with index sets:
    Dimension 1, [(43, 15), (43, 14), (44, 15), (44, 13), (44, 3), (40, 14), (40, 2), (41, 14), (42, 6), (37, 13)  …  (4, 13), (5, 2), (5, 7), (5, 9), (6, 11), (1, 1), (1, 6), (1, 3), (2, 1), (2, 15)]
And data, a 71-element Vector{Float64}:
 0.0
 0.3047718943398863
 0.0
 0.7526888611403679
 0.5933143955602487
 0.3561686022284114
 0.0
 0.0
 0.021802512394495044
 0.24731113885963205
 0.0
 1.0
 0.0
 0.0
 0.375
 0.0
 0.0
 0.0
 0.625
 0.0
 0.5212122011905869
 0.3390595034317023
 1.0
 0.258409149034712
 0.28664638510363216
 0.0
 0.375
 0.0
 1.0
 1.0
 0.9049147202893564
 0.0
 0.0
 0.0
 0.0
 0.0
 0.0
 0.0
 0.09508527971064357
 0.0
 0.0
 0.0
 1.0
 0.0
 0.0
 0.741590850965288
 0.0
 1.0
 0.0
 0.0
 0.0
 0.0
 0.0
 0.0
 0.4787877988094131
 0.0
 0.0
 0.4066856044397513
 0.0
 0.0
 0.0
 0.0
 0.0
 0.0
 0.0
 0.0
 0.0
 0.3165511025018728
 0.0
 0.0
 1.0



