McCormick lower bound: -641.0915406989653

solution time: 0.006734132766723633

w_opt: 1-dimensional DenseAxisArray{Float64,1,...} with index sets:
    Dimension 1, [(25, 1, 2), (25, 1, 1), (25, 1, 14), (20, 1, 2), (20, 1, 1), (20, 1, 14), (1, 1, 2), (1, 1, 1), (1, 1, 14), (2, 1, 2)  …  (20, 15, 23), (20, 15, 3), (8, 15, 30), (8, 15, 29), (8, 15, 23), (8, 15, 3), (2, 15, 30), (2, 15, 29), (2, 15, 23), (2, 15, 3)]
And data, a 261-element Vector{Float64}:
 1.5075961418701556
 0.0
 0.0
 0.0
 1.477211574389533
 0.0
 0.0
 0.0
 0.0
 0.0
 0.0
 0.0
 0.0
 0.0
 0.0
 0.0
 2.0
 0.15245150850337208
 0.0
 0.8475484914966279
 0.0
 0.0
 0.0
 0.0
 0.0
 0.0
 0.0
 0.0
 1.2200266549054457
 3.305820519406516
 0.0
 0.0
 0.0
 0.0
 0.0
 0.0
 0.0
 0.0
 0.0
 0.0
 0.0
 1.8466309890968564
 0.5398862619479613
 0.0
 0.0
 0.0
 0.0
 0.0
 0.0
 1.4581964310477116
 3.2029755057781104
 0.0
 0.0
 0.0
 0.0
 0.0
 0.0
 0.0
 0.0
 1.81934148301081
 1.0
 0.0
 0.0
 0.0
 0.0
 0.0
 0.0
 0.0
 0.0
 0.0
 0.0
 0.047684737272124966
 0.1430542118163749
 0.0
 0.75
 2.25
 0.0
 0.5254225917427373
 1.576267775228212
 0.0
 0.0
 0.0
 0.0
 0.0
 0.0
 0.0
 0.0
 0.0
 0.0
 0.0
 0.0
 0.0
 0.6768926709851377
 2.030678012955413
 0.0
 0.0
 0.0
 0.0
 0.0
 0.0
 0.0
 2.0
 0.9797894963881422
 0.020210503611857833
 0.0
 0.0
 0.0
 0.0
 0.0
 0.0
 0.0
 0.0
 0.0
 0.0
 0.0
 0.0
 0.0
 0.0
 3.8784849940854627
 1.2726178277499625
 0.0
 0.020210503611857885
 0.0
 1.565574187804566
 1.2631124867481511
 0.0
 0.0
 0.0
 0.0
 0.0
 0.0
 0.0
 0.0
 0.0
 0.0
 0.0
 0.0
 0.0
 0.0
 0.0
 0.0
 0.0
 0.0
 0.0
 0.0
 0.0
 0.0
 0.6977277303533927
 0.2387353096664803
 0.0
 0.0
 0.0
 0.0
 0.5988730886860338
 0.2994365443430169
 0.0
 0.0
 1.4011269113139662
 0.7005634556569831
 0.0
 0.0
 0.0
 0.0
 0.0
 0.0
 0.0
 0.0
 0.0
 0.0
 0.0
 0.0
 0.0
 0.0
 2.0
 0.0
 0.0
 0.0
 0.7387058202762238
 0.0
 0.0
 0.0
 0.0
 0.0
 0.0
 0.0
 0.0
 0.0
 0.0
 0.0
 0.0
 0.0
 0.0
 0.0
 0.0
 1.2612941797237762
 0.9332984871138402
 0.8054073331623836
 0.0
 0.0
 0.0
 0.0
 0.0
 0.0
 0.0
 0.0
 0.0
 1.2977349737153683
 0.15646362872783967
 0.4924038581298444
 0.7022650262846317
 0.25403852836933916
 0.0
 0.0
 0.0
 0.0
 0.0
 0.0
 0.0
 0.0
 0.0
 0.0
 0.0
 0.0
 0.0
 0.0
 0.23778945949159525
 0.3889332458051835
 0.0
 0.0
 0.0
 0.0
 0.0
 0.0
 0.0
 0.6110667541948165
 0.0
 0.0
 0.0
 0.0
 0.0
 0.0
 0.0
 0.0
 0.0
 0.0
 0.0
 0.0
 0.0
 0.0
 0.32363929644429873
 0.0
 0.0
 0.0
 0.0
 0.0
 0.0
 0.0
 1.2125560575552987
 4.654706404889655
 0.0
 0.8381803517778507
x_ij_opt: 1-dimensional DenseAxisArray{Float64,1,...} with index sets:
    Dimension 1, [(43, 30), (43, 22), (43, 6), (44, 22), (45, 30), (45, 29), (45, 28), (45, 24), (45, 23), (40, 29)  …  (5, 7), (5, 14), (6, 4), (6, 3), (1, 14), (1, 10), (1, 23), (1, 1), (3, 2), (3, 1)]
And data, a 116-element Vector{Float64}:
 0.0
 0.0
 0.0
 0.0
 0.46380464600040217
 0.0
 1.7622105405084048
 0.0
 0.0
 0.0
 0.0
 0.0
 0.0
 0.0
 0.0
 0.0
 0.0
 0.0
 0.0
 0.0
 2.043696445346029
 0.0
 0.0
 0.0
 0.0
 0.0
 0.0
 2.0
 0.0
 0.0
 0.0
 0.0
 0.0
 0.0
 0.0
 0.0
 0.0
 0.0
 0.0
 0.0
 0.0
 0.0
 0.0
 0.7799733450945544
 0.0
 0.0
 0.0
 0.0
 0.0
 0.0
 0.0
 0.0
 0.0
 0.0
 0.0
 0.2612941797237762
 0.0
 0.5559408181099714
 0.0
 1.3022722696466071
 0.0
 0.0
 0.0
 0.0
 6.0
 0.0
 0.0
 0.0
 0.0
 0.7612646903335197
 0.0
 0.0
 0.0
 0.0
 0.0
 0.0
 0.0
 0.5418035689522884
 0.0
 0.0
 0.0
 0.0
 0.0
 0.0
 0.0
 0.0
 0.0
 0.1806585169891901
 0.0
 0.0
 0.0
 0.0
 0.0
 0.0
 0.0
 0.0
 0.0
 0.5894978429028211
 0.0
 0.009368139718777257
 0.0
 0.0
 0.0
 0.0
 0.0
 0.0
 0.0
 0.0
 0.0
 0.0
 0.0
 0.0
 0.06670151288615978
 2.4588814766525804
 0.0
 0.0
x_il_opt: 1-dimensional DenseAxisArray{Float64,1,...} with index sets:
    Dimension 1, [(43, 15), (43, 14), (44, 15), (44, 13), (44, 3), (40, 14), (40, 2), (41, 14), (42, 6), (37, 13)  …  (4, 13), (5, 2), (5, 7), (5, 9), (6, 11), (1, 1), (1, 6), (1, 3), (2, 1), (2, 15)]
And data, a 71-element Vector{Float64}:
 0.0
 0.0
 0.0
 1.9466024605730523
 4.525847174311961
 0.6267227052967788
 0.0
 0.0
 0.19073894908849987
 0.9563035546539709
 0.0
 3.0
 0.0
 0.0
 3.0
 0.0
 0.0
 0.0
 5.171313325447283
 0.0
 0.0
 0.6110667541948165
 3.0
 0.8983096330290508
 2.1016903669709492
 0.0
 2.828686674552717
 0.0
 2.738705820276224
 0.936463040019873
 1.5075961418701556
 0.0
 0.0
 0.0
 0.0
 0.0
 0.0
 0.0
 1.477211574389533
 0.32363929644429873
 0.0
 0.0
 2.8193414830108097
 0.0
 0.0
 2.1016903669709492
 0.0
 3.0
 0.0
 0.0
 0.0
 0.0
 0.0
 0.0
 4.661171936825822
 0.0
 0.0
 0.0
 0.0
 0.0
 0.0
 0.0
 0.0
 0.0
 0.0
 0.0
 0.0
 2.707570683940551
 2.386517251044818
 0.0
 6.705442814222804
x_lj_opt: 1-dimensional DenseAxisArray{Float64,1,...} with index sets:
    Dimension 1, [(15, 30), (15, 29), (15, 23), (15, 3), (14, 28), (14, 27), (14, 10), (14, 24), (13, 26), (13, 25)  …  (3, 6), (3, 5), (3, 29), (2, 4), (2, 3), (2, 1), (2, 5), (1, 2), (1, 1), (1, 14)]
And data, a 53-element Vector{Float64}:
 1.5361953539995978
 4.654706404889655
 0.0
 0.8381803517778507
 0.23778945949159525
 1.0
 0.0
 0.0
 2.0
 0.41050215709717885
 0.4924038581298444
 1.2612941797237762
 0.9332984871138402
 0.8054073331623836
 2.0
 0.0
 0.0
 0.0
 0.7387058202762238
 0.0
 0.0
 2.0
 1.0
 0.6977277303533927
 0.2387353096664803
 0.0
 5.444059181890029
 2.5357303144981134
 0.0
 0.020210503611857885
 2.0
 0.9797894963881422
 0.020210503611857833
 2.0
 6.0
 0.0
 1.81934148301081
 1.0
 0.0
 0.0
 1.4581964310477116
 3.2029755057781104
 0.0
 1.2200266549054457
 5.152451508503372
 0.5398862619479613
 2.0
 0.15245150850337208
 0.0
 0.8475484914966279
 1.5075961418701556
 1.477211574389533
 0.0
q_opt: 1-dimensional DenseAxisArray{Float64,1,...} with index sets:
    Dimension 1, [(43, 15), (43, 14), (44, 15), (44, 13), (44, 3), (40, 14), (40, 2), (41, 14), (42, 6), (37, 13)  …  (4, 13), (5, 2), (5, 7), (5, 9), (6, 11), (1, 1), (1, 6), (1, 3), (2, 1), (2, 15)]
And data, a 71-element Vector{Float64}:
 0.0
 0.0
 0.0
 0.6488674868576841
 0.6922281684838573
 0.3889332458051835
 0.0
 0.0
 0.023842368636062483
 0.35113251314231586
 0.0
 1.0
 0.0
 0.0
 0.375
 0.0
 0.0
 0.0
 0.6464141656809105
 0.0
 0.2709017844761442
 0.6110667541948165
 1.0
 0.2994365443430169
 0.26271129587136866
 0.0
 0.3535858343190895
 0.0
 1.0
 0.34886386517669643
 0.7537980709350778
 0.0
 0.0
 0.0
 0.0
 0.0
 0.0
 0.0
 0.24620192906492222
 0.16181964822214936
 0.0
 0.0
 1.0
 0.0
 0.0
 0.7005634556569831
 0.0
 1.0
 0.0
 0.0
 0.0
 0.0
 0.0
 0.0
 0.7290982155238558
 0.0
 0.0
 0.0
 0.0
 0.0
 0.0
 0.0
 0.0
 0.0
 0.6511361348233036
 0.0
 0.0
 0.33844633549256886
 0.30777183151614274
 0.0
 0.8381803517778507



