McCormick lower bound: -644.0452828615324

solution time: 0.005671977996826172

w_opt: 1-dimensional DenseAxisArray{Float64,1,...} with index sets:
    Dimension 1, [(25, 1, 2), (25, 1, 1), (25, 1, 14), (20, 1, 2), (20, 1, 1), (20, 1, 14), (1, 1, 2), (1, 1, 1), (1, 1, 14), (2, 1, 2)  …  (20, 15, 23), (20, 15, 3), (8, 15, 30), (8, 15, 29), (8, 15, 23), (8, 15, 3), (2, 15, 30), (2, 15, 29), (2, 15, 23), (2, 15, 3)]
And data, a 261-element Vector{Float64}:
 1.590800100541515
 0.6111807141592447
 0.0
 0.0
 1.2275996983754547
 0.0
 0.0
 0.0
 0.0
 0.0
 0.0
 0.0
 0.0
 0.0
 0.0
 0.0
 2.0
 0.0
 0.0
 1.0
 0.0
 0.0
 0.0
 0.0
 0.0
 0.0
 0.0
 0.0
 0.9615266842771948
 2.8955291848016182
 0.0
 0.0
 0.0
 0.0
 0.0
 0.0
 0.0
 0.0
 0.0
 0.0
 0.0
 1.087955196332612
 0.690816600408701
 0.0
 0.2772039510664501
 0.0
 0.0
 0.0
 0.0
 1.3776337030775212
 3.203559391072148
 0.0
 0.0
 0.0
 0.0
 0.0
 0.0
 0.0
 0.0
 2.0
 1.0
 0.0
 0.0
 0.0
 0.0
 0.0
 0.0
 0.0
 0.0
 0.0
 0.0
 0.0
 0.0
 0.0
 0.5954077281602095
 1.7862231844806278
 0.0
 0.467547221104907
 1.402641663314721
 0.0
 0.0
 0.0
 0.0
 0.0
 0.0
 0.0
 0.0
 0.0
 0.0
 0.0
 0.0
 0.0
 0.9370450507348835
 2.811135152204651
 0.0
 0.0
 0.0
 0.0
 0.0
 0.0
 0.0
 2.0
 0.9711841837178872
 0.028815816282112827
 0.0
 0.0
 0.0
 0.0
 0.0
 0.0
 0.0
 0.0
 0.0
 0.0
 0.0
 0.0
 0.0
 0.0
 5.221145013207896
 1.7403816710692983
 0.0
 0.0
 0.0
 0.2596183289307019
 0.7788549867921037
 0.0
 0.0
 0.0
 0.0
 0.0
 0.0
 0.0
 0.0
 0.0
 0.0
 0.0
 0.0
 0.0
 0.0
 0.0
 0.0
 0.0
 0.0
 0.0
 0.0
 0.0
 0.0
 0.2499667111557251
 0.0
 0.0
 0.0
 0.0
 0.0
 0.8203221046998037
 0.30948901088056835
 0.0
 0.0
 1.1796778953001963
 0.5898389476500981
 0.0
 0.0
 0.0
 0.0
 0.0
 0.0
 0.0
 0.0
 0.0
 0.0
 0.0
 0.0
 0.0
 0.0
 1.453968823937537
 0.0
 0.0
 0.0
 0.5295155571966933
 1.0165156188657698
 0.0
 0.0
 0.0
 0.0
 0.0
 0.0
 0.0
 0.0
 0.0
 0.0
 0.0
 0.0
 0.0
 0.0
 0.0
 1.4704844428033068
 0.9171180796466954
 0.6123974775499978
 0.0
 0.0
 0.0
 0.0
 0.0
 0.0
 0.0
 0.0
 0.0
 1.2976385856694643
 0.23961939337624716
 0.4091998994584849
 0.7023614143305357
 0.23249958659836478
 0.0
 0.0
 0.0
 0.0
 0.0
 0.0
 0.0
 0.0
 0.0
 0.0
 0.0
 0.724249117056839
 0.0
 0.0
 0.26036158568114787
 0.2757508829431609
 0.0
 0.0
 0.0
 0.0
 0.0
 0.0
 0.0
 0.0
 0.0
 0.0
 0.0
 0.0
 0.0
 0.0
 0.0
 0.0
 0.0
 0.0
 0.0
 0.0
 0.0
 0.0
 0.32109104368286157
 0.0
 0.0
 0.0
 0.0
 0.0
 0.0
 0.0
 1.6789089563171384
 4.197272390792846
 0.0
 0.8394544781585692
x_ij_opt: 1-dimensional DenseAxisArray{Float64,1,...} with index sets:
    Dimension 1, [(43, 30), (43, 22), (43, 6), (44, 22), (45, 30), (45, 29), (45, 28), (45, 24), (45, 23), (40, 29)  …  (5, 7), (5, 14), (6, 4), (6, 3), (1, 14), (1, 10), (1, 23), (1, 1), (3, 2), (3, 1)]
And data, a 116-element Vector{Float64}:
 0.0
 0.546031176062463
 0.0
 0.0
 0.0
 0.0
 1.7396384143188521
 0.0
 0.0
 0.0
 0.0
 0.0
 0.0
 0.0
 0.0
 0.0
 0.0
 0.0
 0.32290130785376076
 0.0
 1.7422376912173387
 0.0
 0.0
 0.0
 0.0
 0.0
 0.0
 2.0
 0.0
 0.4995135312484552
 0.0
 0.0
 0.0
 0.0
 0.0
 0.0
 0.0
 0.0
 0.0
 0.0
 0.0
 0.0
 0.0
 1.0384733157228052
 0.0
 0.0
 0.0
 0.0
 0.0
 0.0
 0.0
 0.0
 0.0
 0.0
 0.0
 0.0
 0.0
 0.519236657861402
 0.028815816282112827
 1.750033288844275
 0.0
 0.0
 0.0
 0.0
 6.0
 0.0
 0.0
 0.0
 0.0
 0.6770986921462392
 0.0
 0.0
 0.0
 0.0
 0.0
 0.0
 0.0
 0.6223662969224788
 0.0
 0.0
 0.0
 0.0
 0.0
 0.0
 0.0
 0.0
 0.0
 0.0
 0.0
 0.0
 0.0
 0.0
 0.0
 0.0
 0.0
 0.0
 0.0
 0.5278810200253881
 0.0
 0.16054552184143078
 0.0
 0.0
 0.0
 0.0
 0.0
 0.0
 0.0
 0.0
 0.0
 0.0
 0.0
 0.0
 0.08288192035330455
 2.3901660799658484
 0.0
 0.0
x_il_opt: 1-dimensional DenseAxisArray{Float64,1,...} with index sets:
    Dimension 1, [(43, 15), (43, 14), (44, 15), (44, 13), (44, 3), (40, 14), (40, 2), (41, 14), (42, 6), (37, 13)  …  (4, 13), (5, 2), (5, 7), (5, 9), (6, 11), (1, 1), (1, 6), (1, 3), (2, 1), (2, 15)]
And data, a 71-element Vector{Float64}:
 0.0
 0.724249117056839
 0.0
 1.9464578785041964
 3.8570558690788133
 0.5361124686243088
 0.0
 0.0
 0.0
 0.9348610009289007
 0.0
 3.0
 0.0
 0.0
 2.381630912640837
 0.0
 0.0
 0.0
 6.961526684277195
 0.0
 0.2772039510664501
 0.0
 3.0
 1.129811115580372
 1.870188884419628
 0.0
 1.0384733157228057
 0.0
 3.0
 0.2499667111557251
 2.20198081470076
 0.0
 0.0
 0.0
 0.0
 0.0
 0.0
 0.0
 1.2275996983754547
 0.32109104368286157
 0.0
 0.0
 3.0
 0.0
 0.0
 1.7695168429502943
 0.0
 3.0
 0.0
 0.0
 0.0
 0.0
 0.0
 0.0
 4.581193094149669
 0.0
 0.0
 0.0
 0.0
 0.0
 0.0
 0.0
 0.0
 0.0
 0.0
 0.0
 0.0
 3.748180202939534
 1.7787717967413132
 0.0
 6.715635825268554
x_lj_opt: 1-dimensional DenseAxisArray{Float64,1,...} with index sets:
    Dimension 1, [(15, 30), (15, 29), (15, 23), (15, 3), (14, 28), (14, 27), (14, 10), (14, 24), (13, 26), (13, 25)  …  (3, 6), (3, 5), (3, 29), (2, 4), (2, 3), (2, 1), (2, 5), (1, 2), (1, 1), (1, 14)]
And data, a 53-element Vector{Float64}:
 2.0
 4.197272390792846
 0.0
 0.8394544781585692
 0.26036158568114787
 1.0
 0.0
 0.0
 2.0
 0.47211897997461194
 0.4091998994584849
 1.4704844428033068
 0.9171180796466954
 0.6123974775499978
 1.453968823937537
 0.0
 0.0
 0.0
 0.5295155571966932
 1.0165156188657698
 0.0
 2.0
 0.8993279585306665
 0.2499667111557251
 0.0
 0.0
 5.480763342138598
 2.519236657861402
 0.0
 0.0
 2.0
 0.9711841837178872
 0.028815816282112827
 2.0
 6.0
 0.0
 2.0
 1.0
 0.0
 0.0
 1.3776337030775212
 3.480763342138598
 0.0
 0.9615266842771948
 3.98348438113423
 0.690816600408701
 2.0
 0.0
 0.0
 1.0
 1.590800100541515
 1.8387804125347
 0.0
q_opt: 1-dimensional DenseAxisArray{Float64,1,...} with index sets:
    Dimension 1, [(43, 15), (43, 14), (44, 15), (44, 13), (44, 3), (40, 14), (40, 2), (41, 14), (42, 6), (37, 13)  …  (4, 13), (5, 2), (5, 7), (5, 9), (6, 11), (1, 1), (1, 6), (1, 3), (2, 1), (2, 15)]
And data, a 71-element Vector{Float64}:
 0.0
 0.724249117056839
 0.0
 0.648819292834732
 0.4825881974669364
 0.27575088294316097
 0.0
 0.0
 0.0
 0.35118070716526795
 0.0
 1.0
 0.0
 0.0
 0.29770386408010474
 0.0
 0.0
 0.2730155880312315
 0.8701908355346494
 0.0
 0.3111831484612394
 0.0
 1.0
 0.41016105234990186
 0.2337736105524535
 0.0
 0.12980916446535062
 0.0
 0.7269844119687685
 0.12498335557786255
 0.7954000502707576
 0.0
 0.0
 0.0
 0.0
 0.0
 0.0
 0.0
 0.20459994972924245
 0.16054552184143078
 0.0
 0.0
 1.0
 0.0
 0.0
 0.5898389476500981
 0.0
 1.0
 0.0
 0.0
 0.0
 0.0
 0.0
 0.0
 0.6888168515387606
 0.0
 0.0
 0.2950653279403995
 0.0
 0.0
 0.0
 0.0
 0.0
 0.0
 0.8750166444221374
 0.0
 0.0
 0.46852252536744177
 0.2223464745926641
 0.0
 0.8394544781585692



