McCormick lower bound: -650.8037199876293

solution time: 0.0053920745849609375

w_opt: 1-dimensional DenseAxisArray{Float64,1,...} with index sets:
    Dimension 1, [(25, 1, 2), (25, 1, 1), (25, 1, 14), (20, 1, 2), (20, 1, 1), (20, 1, 14), (1, 1, 2), (1, 1, 1), (1, 1, 14), (2, 1, 2)  …  (20, 15, 23), (20, 15, 3), (8, 15, 30), (8, 15, 29), (8, 15, 23), (8, 15, 3), (2, 15, 30), (2, 15, 29), (2, 15, 23), (2, 15, 3)]
And data, a 261-element Vector{Float64}:
 1.3770637502509127
 0.035655751427682514
 0.0
 0.0
 1.7206000033886952
 0.0
 0.0
 0.0
 0.0
 0.0
 0.0
 0.0
 0.0
 0.0
 0.0
 0.0
 2.0
 0.0
 0.0
 1.0
 0.0
 0.0
 0.0
 0.0
 0.0
 0.0
 0.0
 0.0
 1.046897589649101
 2.205154699316859
 0.0
 0.0
 0.0
 0.0
 0.0
 2.112898625131649
 0.0
 0.0
 0.0
 0.0
 0.0
 0.6819466755514916
 0.313264799009906
 0.0
 0.0
 0.0
 0.0
 0.0
 0.0
 1.5427007971126947
 3.321282080806483
 0.0
 0.0
 0.0
 0.0
 0.0
 0.0
 0.0
 0.0
 2.0
 1.0
 0.0
 0.0
 0.0
 0.0
 0.0
 0.0
 0.0
 0.0
 0.0
 0.0
 0.0
 0.0
 0.0
 0.75
 2.25
 0.0
 0.529220047142031
 1.587660141426093
 0.0
 0.0
 0.0
 0.0
 0.0
 0.0
 0.0
 0.0
 0.0
 0.0
 0.0
 0.0
 0.0
 0.720779952857969
 2.1623398585739073
 0.0
 0.0
 0.0
 0.0
 0.0
 0.0
 0.0
 2.0
 0.8779244688231037
 0.12207553117689629
 0.0
 0.0
 0.0
 0.0
 0.0
 0.0
 0.0
 0.0
 0.0
 0.0
 0.0
 0.0
 0.0
 0.0
 5.285173192236826
 1.7617243974122747
 0.0
 0.0
 0.0
 0.5872175037819156
 0.3658849065689836
 0.0
 0.0
 0.0
 0.0
 0.0
 0.0
 0.0
 0.0
 0.0
 0.0
 0.0
 0.0
 0.0
 0.0
 0.0
 0.0
 0.0
 0.0
 0.0
 0.0
 0.0
 0.0
 1.3375956631632504
 0.0
 0.0
 0.0
 0.5475233114127585
 0.0
 0.6501442304880922
 0.23297558094378362
 0.0
 0.0
 1.3498557695119078
 0.6749278847559539
 0.0
 0.0
 0.0
 0.0
 0.0
 0.0
 0.0
 0.0
 0.0
 0.0
 0.0
 0.0
 0.0
 0.0
 2.0
 0.0
 0.0
 0.0
 0.4488913847877413
 0.0
 0.0
 0.0
 0.0
 0.0
 0.0
 0.0
 0.0
 0.0
 0.0
 0.0
 0.0
 0.0
 0.0
 0.0
 0.0
 1.5511086152122586
 1.0
 0.4488913847877414
 0.0
 0.0
 0.0
 0.0
 0.0
 0.0
 0.0
 0.0
 0.0
 1.5631164264125212
 0.15862196345717328
 0.6229362497490873
 0.4368835735874788
 0.1420209090997081
 0.0
 0.0
 0.0
 0.0
 0.0
 0.0
 0.0
 0.0
 0.0
 0.0
 0.0
 0.0
 0.0
 0.0
 0.4472667294624692
 0.1451325219550903
 0.0
 0.0
 0.0
 0.0
 0.0
 0.0
 0.0
 0.7763666352687654
 0.0
 0.0
 0.0
 0.0
 0.0
 0.0
 0.0
 0.0
 0.0
 0.0
 0.0
 0.0
 0.0
 0.0
 0.2172514129626053
 0.0
 0.0
 0.0
 0.0
 0.0
 0.0
 0.0
 1.0957513706893005
 5.237843816202353
 0.0
 0.7973991612579253
x_ij_opt: 1-dimensional DenseAxisArray{Float64,1,...} with index sets:
    Dimension 1, [(43, 30), (43, 22), (43, 6), (44, 22), (45, 30), (45, 29), (45, 28), (45, 24), (45, 23), (40, 29)  …  (5, 7), (5, 14), (6, 4), (6, 3), (1, 14), (1, 10), (1, 23), (1, 1), (3, 2), (3, 1)]
And data, a 116-element Vector{Float64}:
 0.0
 0.0
 0.0
 0.0
 0.6869972163480942
 0.0
 1.5527332705375307
 0.0
 0.0
 0.0
 0.0
 0.0
 0.0
 0.0
 0.0
 0.0
 0.0
 0.0
 0.20352889044348554
 0.0
 0.0
 0.0
 0.0
 0.0
 0.0
 0.0
 0.0
 2.0
 0.0
 0.0
 0.0
 0.0
 0.0
 0.0
 0.0
 0.0
 0.0
 0.0
 0.0
 0.0
 0.0
 0.0
 0.0
 0.953102410350899
 0.0
 0.0
 0.0
 0.0
 0.0
 0.0
 0.0
 0.0
 0.0
 0.0
 0.0
 0.5511086152122586
 0.0
 0.12760930398125847
 0.12207553117689629
 0.11488102542399115
 0.0
 0.0
 0.0
 0.0
 6.0
 0.0
 0.0
 0.0
 0.0
 0.7964711095565145
 0.0
 0.0
 0.0
 0.0
 0.0
 0.0
 0.07850084277614433
 0.4572992028873053
 0.0
 0.0
 0.0
 0.0
 0.0
 0.0
 0.0
 0.0
 0.0
 0.0
 0.0
 0.0
 0.0
 0.0
 0.0
 0.0
 0.0
 0.0
 0.0
 0.6993571274431186
 0.0
 0.20260083874207468
 0.0
 0.0
 0.0
 0.0
 0.0
 0.0
 0.0
 0.0
 0.0
 0.0
 0.0
 0.0
 0.0
 4.121668714006726
 0.0
 0.0
x_il_opt: 1-dimensional DenseAxisArray{Float64,1,...} with index sets:
    Dimension 1, [(43, 15), (43, 14), (44, 15), (44, 13), (44, 3), (40, 14), (40, 2), (41, 14), (42, 6), (37, 13)  …  (4, 13), (5, 2), (5, 7), (5, 9), (6, 11), (1, 1), (1, 6), (1, 3), (2, 1), (2, 15)]
And data, a 71-element Vector{Float64}:
 0.0
 0.0
 0.0
 2.344674639618782
 3.25205228896596
 0.5923992514175596
 0.0
 0.0
 0.0
 0.578904482687187
 0.0
 3.0
 0.0
 0.0
 3.0
 0.0
 0.0
 0.0
 7.046897589649101
 0.0
 0.0
 0.7763666352687654
 3.0
 0.8831198114318759
 2.116880188568124
 0.0
 0.9531024103508992
 0.0
 2.4488913847877414
 1.3375956631632504
 1.4127195016785952
 0.0
 0.0
 0.0
 0.0
 0.0
 0.0
 0.0
 1.7206000033886952
 0.2172514129626053
 0.0
 0.0
 3.0
 0.0
 0.0
 2.0247836542678614
 0.0
 3.0
 0.0
 0.0
 0.0
 0.0
 0.0
 0.0
 4.863982877919177
 0.0
 0.0
 2.112898625131649
 0.0
 0.0
 0.0
 0.0
 0.0
 0.0
 0.5475233114127585
 0.0
 0.0
 2.883119811431876
 0.9952114745613976
 0.0
 7.130994348149579
x_lj_opt: 1-dimensional DenseAxisArray{Float64,1,...} with index sets:
    Dimension 1, [(15, 30), (15, 29), (15, 23), (15, 3), (14, 28), (14, 27), (14, 10), (14, 24), (13, 26), (13, 25)  …  (3, 6), (3, 5), (3, 29), (2, 4), (2, 3), (2, 1), (2, 5), (1, 2), (1, 1), (1, 14)]
And data, a 53-element Vector{Float64}:
 1.3130027836519058
 5.237843816202353
 0.0
 0.7973991612579253
 0.4472667294624692
 0.9214991572238557
 0.0
 0.0
 2.0
 0.3006428725568814
 0.6229362497490873
 1.5511086152122586
 1.0
 0.4488913847877414
 2.0
 0.0
 0.0
 0.0
 0.4488913847877413
 0.0
 0.0
 2.0
 0.9079034656997376
 1.8851189745760089
 0.0
 0.0
 5.8723906960187415
 2.1276093039812585
 0.0
 0.0
 2.0
 0.8779244688231037
 0.12207553117689629
 2.0
 6.0
 0.0
 2.0
 1.0
 0.0
 0.0
 1.5427007971126947
 3.321282080806483
 0.0
 1.046897589649101
 5.0
 0.313264799009906
 2.0
 0.0
 0.0
 1.0
 1.3770637502509127
 1.7562557548163777
 0.0
q_opt: 1-dimensional DenseAxisArray{Float64,1,...} with index sets:
    Dimension 1, [(43, 15), (43, 14), (44, 15), (44, 13), (44, 3), (40, 14), (40, 2), (41, 14), (42, 6), (37, 13)  …  (4, 13), (5, 2), (5, 7), (5, 9), (6, 11), (1, 1), (1, 6), (1, 3), (2, 1), (2, 15)]
And data, a 71-element Vector{Float64}:
 0.0
 0.0
 0.0
 0.7815582132062606
 0.5234487948245505
 0.2236333647312346
 0.0
 0.0
 0.0
 0.2184417867937394
 0.0
 1.0
 0.0
 0.0
 0.375
 0.0
 0.0
 0.0
 0.8808621987061377
 0.0
 0.22864960144365265
 0.7763666352687654
 1.0
 0.3250721152440461
 0.2646100235710155
 0.0
 0.11913780129386231
 0.0
 1.0
 0.7262383442936208
 0.7132333327685507
 0.0
 0.0
 0.0
 0.0
 0.0
 0.0
 0.0
 0.2867666672314492
 0.10862570648130265
 0.0
 0.0
 1.0
 0.0
 0.0
 0.6749278847559539
 0.0
 1.0
 0.0
 0.0
 0.0
 0.0
 0.0
 0.0
 0.7713503985563473
 0.0
 0.0
 0.3521497708552748
 0.0
 0.0
 0.0
 0.0
 0.0
 0.0
 0.2737616557063792
 0.0
 0.0
 0.3603899764289845
 0.1244014343201747
 0.0
 0.8913742935186973



