McCormick lower bound: -647.4595254129273

solution time: 0.005836009979248047

w_opt: 1-dimensional DenseAxisArray{Float64,1,...} with index sets:
    Dimension 1, [(25, 1, 2), (25, 1, 1), (25, 1, 14), (20, 1, 2), (20, 1, 1), (20, 1, 14), (1, 1, 2), (1, 1, 1), (1, 1, 14), (2, 1, 2)  …  (20, 15, 23), (20, 15, 3), (8, 15, 30), (8, 15, 29), (8, 15, 23), (8, 15, 3), (2, 15, 30), (2, 15, 29), (2, 15, 23), (2, 15, 3)]
And data, a 261-element Vector{Float64}:
 1.3753232100849246
 0.40663286676898736
 0.0
 0.0
 1.8740303697452256
 0.0
 0.0
 0.0
 0.0
 0.0
 0.0
 0.0
 0.0
 0.0
 0.0
 0.0
 2.0
 0.0
 0.0
 1.0
 0.0
 0.0
 0.0
 0.0
 0.0
 0.0
 0.0
 0.0
 1.1339272459350735
 2.955491736765617
 0.0
 0.0
 0.0
 0.0
 0.0
 0.0
 0.0
 0.0
 0.0
 0.0
 0.0
 0.7548584305187874
 0.23316689560116544
 0.0
 0.0690958644723505
 0.0
 0.0
 0.0
 0.0
 1.3301456296660115
 3.138862678887378
 0.0
 0.0
 0.0
 0.0
 0.0
 0.0
 0.0
 0.0
 2.0
 1.0
 0.0
 0.0
 0.0
 0.0
 0.0
 0.0
 0.0
 0.0
 0.0
 0.0
 0.0
 0.0
 0.0
 0.75
 2.25
 0.0
 0.4317068223802453
 1.7191987270624463
 0.1413594199739033
 0.0
 0.0
 0.0
 0.0
 0.0
 0.0
 0.0
 0.0
 0.0
 0.0
 0.0
 0.0
 0.6769337576458507
 2.0308012729375537
 0.0
 0.0
 0.0
 0.0
 0.0
 0.0
 0.0
 2.0
 0.9728121093859603
 0.0271878906140397
 0.0
 0.0
 0.0
 0.0
 0.0
 0.0
 0.0
 0.0
 0.0
 0.0
 0.0
 0.0
 0.0
 0.0
 4.771155979118532
 1.5631974357588039
 0.0
 0.0271878906140397
 0.0
 0.4096146736271562
 1.2288440208814677
 0.0
 0.0
 0.0
 0.0
 0.0
 0.0
 0.0
 0.0
 0.0
 0.0
 0.0
 0.0
 0.0
 0.0
 0.0
 0.0
 0.0
 0.0
 0.0
 0.0
 0.0
 0.0
 0.39881457589177627
 0.0
 0.0
 0.0
 0.0
 0.0
 0.4718233537222701
 0.235911676861135
 0.0
 0.0
 1.52817664627773
 0.764088323138865
 0.0
 0.0
 0.0
 0.0
 0.0
 0.0
 0.0
 0.0
 0.0
 0.0
 0.0
 0.0
 0.0
 0.0
 1.40132522674905
 0.0
 0.0
 0.0
 0.3090249405353547
 1.2896498327155956
 0.0
 0.0
 0.0
 0.0
 0.0
 0.0
 0.0
 0.0
 0.0
 0.0
 0.0
 0.0
 0.0
 0.0
 0.0
 1.6909750594646453
 1.0
 0.3090249405353547
 0.0
 0.0
 0.0
 0.0
 0.0
 0.0
 0.0
 0.0
 0.0
 1.3661708276764424
 0.05840862392314583
 0.6246767899150754
 0.6338291723235576
 0.214629960655903
 0.0
 0.0
 0.0
 0.0
 0.0
 0.0
 0.0
 0.0
 0.0
 0.0
 0.0
 0.0
 0.0
 0.0
 0.5257381073243684
 0.199819784842179
 0.0
 0.0
 0.0
 0.0
 0.0
 0.0
 0.0
 0.7371309463378158
 0.0
 0.0
 0.0
 0.0
 0.0
 0.0
 0.0
 0.0
 0.0
 0.0
 0.0
 0.0
 0.0
 0.0
 0.17680551305276695
 0.0
 0.0
 0.0
 0.0
 0.0
 0.0
 0.0
 1.0627347995936465
 5.45780816386348
 0.0
 0.7722349843318065
x_ij_opt: 1-dimensional DenseAxisArray{Float64,1,...} with index sets:
    Dimension 1, [(43, 30), (43, 22), (43, 6), (44, 22), (45, 30), (45, 29), (45, 28), (45, 24), (45, 23), (40, 29)  …  (5, 7), (5, 14), (6, 4), (6, 3), (1, 14), (1, 10), (1, 23), (1, 1), (3, 2), (3, 1)]
And data, a 116-element Vector{Float64}:
 0.0
 0.5986747732509501
 0.0
 0.0
 0.7604596873535865
 0.0
 1.4742618926756315
 0.0
 0.0
 0.0
 0.0
 0.0
 0.0
 0.0
 0.0
 0.0
 0.0
 0.0
 0.3088712260684101
 0.0
 0.0
 0.0
 0.0
 0.0
 0.0
 0.0
 0.0
 2.0
 0.0
 0.0
 0.0
 0.0
 0.0
 0.0
 0.0
 0.0
 0.0
 0.0
 0.0
 0.0
 0.0
 0.0
 0.0
 0.7247133340910232
 0.0
 0.0
 0.0
 0.0
 0.0
 0.0
 0.0
 0.0
 0.0
 0.0
 0.0
 0.0
 0.0
 0.8192293472543115
 0.0
 1.6011854241082237
 0.0
 0.0
 0.0
 0.0
 6.0
 0.0
 0.0
 0.0
 0.0
 0.6911287739315899
 0.0
 0.0
 0.0
 0.0
 0.0
 0.0
 0.06304926882000517
 0.6698543703339885
 0.1413594199739039
 0.0
 0.0
 0.0
 0.0
 0.0
 0.0
 0.0
 0.0
 0.0
 0.0
 0.0
 0.0
 0.0
 0.0
 0.0
 0.0
 0.0
 0.0
 0.7269614154209512
 0.0
 0.22776501566819363
 0.0
 0.0
 0.0
 0.0
 0.0
 0.0
 0.0
 0.0
 0.0
 0.0
 0.0
 0.0
 0.0
 3.692148872871747
 0.0
 0.0
x_il_opt: 1-dimensional DenseAxisArray{Float64,1,...} with index sets:
    Dimension 1, [(43, 15), (43, 14), (44, 15), (44, 13), (44, 3), (40, 14), (40, 2), (41, 14), (42, 6), (37, 13)  …  (4, 13), (5, 2), (5, 7), (5, 9), (6, 11), (1, 1), (1, 6), (1, 3), (2, 1), (2, 15)]
And data, a 71-element Vector{Float64}:
 0.0
 0.0
 0.0
 2.0492562415146636
 4.089418982700691
 0.7255578921665474
 0.0
 0.0
 0.0
 0.8484591329794606
 0.0
 3.0
 0.0
 0.0
 3.0
 0.0
 0.0
 0.0
 6.361541305491376
 0.0
 0.0690958644723505
 0.7371309463378158
 3.0
 0.7077350305834051
 2.292264969416595
 0.0
 1.638458694508624
 0.0
 3.0
 0.3988145758917762
 1.7819560768539122
 0.0
 0.0
 0.0
 0.0
 0.0
 0.0
 0.0
 1.8740303697452256
 0.17680551305276695
 0.0
 0.0
 3.0
 0.0
 0.0
 2.292264969416595
 0.0
 3.0
 0.0
 0.0
 0.0
 0.0
 0.0
 0.0
 4.46900830855339
 0.0
 0.0
 0.0
 0.0
 0.0
 0.0
 0.0
 0.0
 0.0
 0.0
 0.0
 0.0
 2.7077350305834047
 0.9880253261199529
 0.0
 7.292777947788933
x_lj_opt: 1-dimensional DenseAxisArray{Float64,1,...} with index sets:
    Dimension 1, [(15, 30), (15, 29), (15, 23), (15, 3), (14, 28), (14, 27), (14, 10), (14, 24), (13, 26), (13, 25)  …  (3, 6), (3, 5), (3, 29), (2, 4), (2, 3), (2, 1), (2, 5), (1, 2), (1, 1), (1, 14)]
And data, a 53-element Vector{Float64}:
 1.2395403126464135
 5.45780816386348
 0.0
 0.7722349843318064
 0.5257381073243684
 0.9369507311799948
 0.0
 0.0
 2.0
 0.27303858457904884
 0.6246767899150754
 1.6909750594646453
 1.0
 0.3090249405353547
 1.40132522674905
 0.0
 0.0
 0.0
 0.3090249405353547
 1.2896498327155956
 0.0
 2.0
 1.0
 0.39881457589177627
 0.0
 0.0
 5.1807706527456885
 2.7920414566402716
 0.0
 0.0271878906140397
 2.0
 0.9728121093859603
 0.0271878906140397
 1.8586405800260961
 6.0
 0.1413594199739033
 2.0
 1.0
 0.0
 0.0
 1.3301456296660115
 3.2079585433597284
 0.0
 1.1339272459350735
 3.710350167284404
 0.23316689560116544
 2.0
 0.0
 0.0
 1.0
 1.3753232100849246
 2.280663236514213
 0.0
q_opt: 1-dimensional DenseAxisArray{Float64,1,...} with index sets:
    Dimension 1, [(43, 15), (43, 14), (44, 15), (44, 13), (44, 3), (40, 14), (40, 2), (41, 14), (42, 6), (37, 13)  …  (4, 13), (5, 2), (5, 7), (5, 9), (6, 11), (1, 1), (1, 6), (1, 3), (2, 1), (2, 15)]
And data, a 71-element Vector{Float64}:
 0.0
 0.0
 0.0
 0.6830854138382212
 0.8741902615802021
 0.26286905366218416
 0.0
 0.0
 0.0
 0.3169145861617788
 0.0
 1.0
 0.0
 0.0
 0.375
 0.0
 0.0
 0.0
 0.795192663186422
 0.0
 0.33492718516699427
 0.7371309463378158
 1.0
 0.23591167686113504
 0.28653312117707436
 0.0
 0.204807336813578
 0.0
 1.0
 1.0
 0.6876616050424623
 0.0
 0.0
 0.0
 0.0
 0.0
 0.0
 0.0
 0.3123383949575377
 0.08840275652638348
 0.0
 0.0
 1.0
 0.0
 0.0
 0.764088323138865
 0.0
 1.0
 0.0
 0.0
 0.0
 0.0
 0.0
 0.0
 0.6650728148330057
 0.0
 0.0
 0.0
 0.0
 0.0
 0.0
 0.0
 0.0
 0.0
 0.0
 0.0
 0.0
 0.33846687882292564
 0.1258097384197979
 0.0
 0.9115972434736165



