McCormick lower bound: -642.8103550890595

solution time: 0.00580286979675293

w_opt: 1-dimensional DenseAxisArray{Float64,1,...} with index sets:
    Dimension 1, [(25, 1, 2), (25, 1, 1), (25, 1, 14), (20, 1, 2), (20, 1, 1), (20, 1, 14), (1, 1, 2), (1, 1, 1), (1, 1, 14), (2, 1, 2)  …  (20, 15, 23), (20, 15, 3), (8, 15, 30), (8, 15, 29), (8, 15, 23), (8, 15, 3), (2, 15, 30), (2, 15, 29), (2, 15, 23), (2, 15, 3)]
And data, a 261-element Vector{Float64}:
 1.492838554000955
 0.0
 0.0
 0.0
 0.4746882357210945
 0.0
 0.0
 0.0
 0.0
 0.0
 0.0
 0.0
 0.0
 0.0
 0.0
 0.0
 2.0
 0.0
 0.0
 1.0
 0.0
 0.0
 0.0
 0.0
 0.0
 0.0
 0.0
 0.0
 1.1069865315213947
 1.6173033978592604
 0.0
 0.0
 0.0
 0.0
 0.0
 2.309803346736314
 0.0
 0.0
 0.0
 0.0
 0.0
 0.0
 0.3692370586995022
 0.0
 0.0
 0.0
 0.0
 0.0
 0.0
 1.379740702630358
 3.3313828722466683
 0.0
 0.0
 0.0
 0.0
 0.0
 0.0
 0.0
 0.0
 1.851532797896534
 1.0
 0.0
 0.0
 0.0
 0.0
 0.0
 0.0
 0.0
 0.0
 0.0
 0.0
 0.24293058418966607
 0.728791752568998
 0.0
 0.75
 2.25
 0.0
 0.5072955163159796
 1.5218865489479387
 0.0
 0.0
 0.0
 0.0
 0.0
 0.0
 0.0
 0.0
 0.0
 0.0
 0.0
 0.0
 0.0
 0.49977389949435436
 1.499321698483063
 0.0
 0.0
 0.0
 0.0
 0.0
 0.0
 0.0
 2.0
 0.9983051903089091
 0.0
 0.0
 0.0
 0.0
 0.0
 0.0
 0.0
 0.0
 0.0
 0.0
 0.0
 0.0
 0.0
 0.0
 0.0
 4.616597118678818
 1.5388657062262723
 0.0
 0.0
 0.0
 0.7147857535678499
 1.129751421527059
 0.0
 0.0
 0.0
 0.0
 0.0
 0.0
 0.0
 0.0
 0.0
 0.0
 0.0
 0.0
 0.0
 0.0
 0.0
 0.0
 0.0
 0.0
 0.0
 0.0
 0.0
 0.0
 0.8368495085546226
 0.0
 0.0
 0.0
 0.3760137952256363
 0.0
 0.7117488571663934
 0.2590690775696882
 0.0
 0.0
 1.2882511428336065
 0.6441255714168033
 0.0
 0.0
 0.0
 0.0
 0.0
 0.23991604017446444
 0.0
 0.0
 0.0
 0.0
 0.0
 0.0
 0.0
 0.0
 1.58434304111834
 0.0
 0.0
 0.0
 0.5826797436516988
 0.8329772152299613
 0.0
 0.0
 0.0
 0.0
 0.0
 0.0
 0.0
 0.0
 0.0
 0.0
 0.0
 0.0
 0.0
 0.0
 0.0
 1.4173202563483012
 0.8936444209558249
 0.6890353226958741
 0.0
 0.0
 0.0
 0.0
 0.0
 0.0
 0.0
 0.0
 0.0
 1.5134312944258603
 0.24955420121388516
 0.507161445999045
 0.48656870557413967
 0.17502839687422372
 0.0
 0.0
 0.0
 0.0
 0.0
 0.0
 0.0
 0.0
 0.0
 0.0
 0.0
 0.0
 0.0
 0.0
 0.23345140713378387
 0.09549881810364398
 0.0
 0.0
 0.0
 0.0
 0.0
 0.0
 0.0
 0.8832742964331081
 0.0
 0.0
 0.0
 0.0
 0.0
 0.0
 0.0
 0.0
 0.0
 0.0
 0.0
 0.0
 0.0
 0.0
 0.35275746046512513
 0.0
 0.0
 0.0
 0.0
 0.0
 0.0
 0.0
 0.7928825190679932
 4.941727618604624
 0.0
 0.7329651599346534
x_ij_opt: 1-dimensional DenseAxisArray{Float64,1,...} with index sets:
    Dimension 1, [(43, 30), (43, 22), (43, 6), (44, 22), (45, 30), (45, 29), (45, 28), (45, 24), (45, 23), (40, 29)  …  (5, 7), (5, 14), (6, 4), (6, 3), (1, 14), (1, 10), (1, 23), (1, 1), (3, 2), (3, 1)]
And data, a 116-element Vector{Float64}:
 0.0
 0.4156569588816601
 0.0
 0.0
 0.8543600204668815
 0.0
 1.7665485928662161
 0.0
 0.0
 0.0
 0.0
 0.0
 0.0
 0.0
 0.0
 0.0
 0.0
 0.0
 0.21869836883714322
 0.0
 0.0
 0.0
 0.0
 0.0
 0.0
 0.0
 0.0
 2.0
 0.0
 0.0
 0.0
 0.0
 0.0
 0.0
 0.0
 0.0
 0.0
 0.0
 0.0
 0.0
 0.0
 0.0
 0.0
 0.8930134684786053
 0.0
 0.0
 0.0
 0.0
 0.0
 0.0
 0.0
 0.0
 0.0
 0.0
 0.0
 0.0
 0.0
 0.6686171277533317
 0.0016948096910909419
 0.787136696219741
 0.0
 0.0
 0.0
 0.0
 6.0
 0.0
 0.0
 0.0
 0.0
 0.7813016311628568
 0.0
 0.0
 0.0
 0.0
 0.0
 0.0
 0.021226885463247913
 0.6202592973696419
 0.0
 0.0
 0.0
 0.0
 0.0
 0.0
 0.0
 0.0
 0.0
 0.1484672021034661
 0.0
 0.0
 0.0
 0.0
 0.0
 0.0
 0.0
 0.0
 0.0
 0.5754174019118912
 0.0
 0.2670348400653467
 0.0
 0.0
 0.0
 0.0
 0.0
 0.0
 0.0
 0.0
 0.0
 0.0
 0.0
 0.0
 0.10635557904417514
 5.525311764278905
 0.0
 0.0
x_il_opt: 1-dimensional DenseAxisArray{Float64,1,...} with index sets:
    Dimension 1, [(43, 15), (43, 14), (44, 15), (44, 13), (44, 3), (40, 14), (40, 2), (41, 14), (42, 6), (37, 13)  …  (4, 13), (5, 2), (5, 7), (5, 9), (6, 11), (1, 1), (1, 6), (1, 3), (2, 1), (2, 15)]
And data, a 71-element Vector{Float64}:
 0.0
 0.0
 0.0
 2.2701469416387905
 2.724289929380655
 0.32895022523742784
 0.0
 0.0
 0.971722336758664
 0.6615971024483633
 0.0
 3.0
 0.0
 0.0
 3.0
 0.0
 0.0
 0.23991604017446444
 6.155462824905091
 0.0
 0.0
 0.8832742964331081
 3.0
 0.9708179347360816
 2.0291820652639183
 0.0
 1.8445371750949089
 0.0
 3.0
 0.8368495085546226
 1.492838554000955
 0.0
 0.0
 0.0
 0.0
 0.0
 0.0
 0.0
 0.4746882357210945
 0.35275746046512513
 0.0
 0.0
 2.851532797896534
 0.0
 0.0
 1.9323767142504098
 0.0
 2.9983051903089093
 0.0
 0.0
 0.0
 0.0
 0.0
 0.0
 4.711123574877027
 0.0
 0.0
 2.309803346736314
 0.0
 0.0
 0.0
 0.0
 0.0
 0.0
 0.3760137952256363
 0.0
 0.0
 1.9990955979774174
 0.3692370586995022
 0.0
 6.4675752976072705
x_lj_opt: 1-dimensional DenseAxisArray{Float64,1,...} with index sets:
    Dimension 1, [(15, 30), (15, 29), (15, 23), (15, 3), (14, 28), (14, 27), (14, 10), (14, 24), (13, 26), (13, 25)  …  (3, 6), (3, 5), (3, 29), (2, 4), (2, 3), (2, 1), (2, 5), (1, 2), (1, 1), (1, 14)]
And data, a 53-element Vector{Float64}:
 1.1456399795331185
 4.941727618604624
 0.0
 0.7329651599346533
 0.23345140713378387
 0.9787731145367521
 0.0
 0.0
 2.0
 0.4245825980881089
 0.507161445999045
 1.4173202563483012
 0.8936444209558249
 0.6890353226958741
 1.58434304111834
 0.0
 0.0
 0.0
 0.5826797436516988
 1.0728932554044257
 0.0
 2.0
 0.9031946489864915
 1.212863303780259
 0.0
 0.0
 5.331382872246668
 2.6686171277533317
 0.0
 0.0
 2.0
 0.9983051903089091
 0.0
 2.0
 6.0
 0.0
 1.851532797896534
 1.0
 0.0
 0.0
 1.379740702630358
 3.3313828722466683
 0.0
 1.1069865315213947
 3.9271067445955743
 0.3692370586995022
 2.0
 0.0
 0.0
 1.0
 1.492838554000955
 0.4746882357210945
 0.0
q_opt: 1-dimensional DenseAxisArray{Float64,1,...} with index sets:
    Dimension 1, [(43, 15), (43, 14), (44, 15), (44, 13), (44, 3), (40, 14), (40, 2), (41, 14), (42, 6), (37, 13)  …  (4, 13), (5, 2), (5, 7), (5, 9), (6, 11), (1, 1), (1, 6), (1, 3), (2, 1), (2, 15)]
And data, a 71-element Vector{Float64}:
 0.0
 0.0
 0.0
 0.7567156472129302
 0.5534932657606974
 0.11672570356689194
 0.0
 0.0
 0.12146529209483303
 0.24328435278706984
 0.0
 1.0
 0.0
 0.0
 0.375
 0.0
 0.0
 0.20782847944083005
 0.7694328531131364
 0.0
 0.31012964868482096
 0.8832742964331081
 1.0
 0.3558744285831967
 0.2536477581579898
 0.0
 0.2305671468868636
 0.0
 0.79217152055917
 0.8119931023871817
 0.9208852940464842
 0.0
 0.0
 0.0
 0.0
 0.0
 0.0
 0.0
 0.07911470595351575
 0.17637873023256256
 0.0
 0.0
 1.0
 0.0
 0.0
 0.6441255714168033
 0.0
 1.0
 0.0
 0.0
 0.0
 0.0
 0.0
 0.0
 0.689870351315179
 0.0
 0.0
 0.3849672244560523
 0.0
 0.0
 0.0
 0.0
 0.0
 0.0
 0.1880068976128183
 0.0
 0.0
 0.24988694974717718
 0.061539509783250367
 0.0
 0.8236212697674374



