McCormick lower bound: -644.6924290700949

solution time: 0.005469083786010742

w_opt: 1-dimensional DenseAxisArray{Float64,1,...} with index sets:
    Dimension 1, [(25, 1, 2), (25, 1, 1), (25, 1, 14), (20, 1, 2), (20, 1, 1), (20, 1, 14), (1, 1, 2), (1, 1, 1), (1, 1, 14), (2, 1, 2)  …  (20, 15, 23), (20, 15, 3), (8, 15, 30), (8, 15, 29), (8, 15, 23), (8, 15, 3), (2, 15, 30), (2, 15, 29), (2, 15, 23), (2, 15, 3)]
And data, a 261-element Vector{Float64}:
 1.3081767944856415
 0.0
 0.021954504113692597
 0.0
 0.4943058078629624
 0.0
 0.0
 0.0
 0.0
 0.0
 0.0
 0.0
 0.0
 0.0
 0.0
 0.0
 2.0
 0.0
 0.0
 1.0
 0.0
 0.0
 0.0
 0.0
 0.0
 0.0
 0.0
 0.0
 1.0993012969027414
 3.4530598469720033
 0.0
 0.0
 0.0
 0.0
 0.0
 0.0
 0.0
 0.0
 0.0
 0.0
 0.0
 0.0
 0.6063855570837431
 0.0
 1.5128386289641875
 0.0
 0.0
 0.0
 0.0
 0.9682290249780294
 1.7985069802947697
 0.0
 0.0
 0.0
 0.0
 0.0
 0.0
 0.0
 0.0
 2.0
 1.0
 0.0
 0.0
 0.0
 0.0
 0.0
 0.0
 0.0
 0.0
 0.0
 0.0
 0.1969753533182408
 0.5909260599547226
 0.0
 0.75
 2.25
 0.0
 0.54351481375933
 1.63054444127799
 0.0
 0.0
 0.0
 0.0
 0.0
 0.0
 0.0
 0.0
 0.0
 0.0
 0.0
 0.0
 0.0
 0.5095098329224292
 1.5285294987672877
 0.0
 0.0
 0.0
 0.0
 0.0
 0.0
 0.0
 1.9780454958863074
 0.8718354232031948
 0.11718732473995841
 0.0
 0.0
 0.03293175617053912
 0.0
 0.0
 0.0
 0.0
 0.0
 0.0
 0.0
 0.0
 0.0
 0.0
 0.0
 5.050838042961023
 1.8126071457800954
 0.0
 0.0
 0.0
 0.8524161084441614
 0.28413870281472065
 0.0
 0.0
 0.0
 0.0
 0.0
 0.0
 0.0
 0.0
 0.0
 0.0
 0.0
 0.0
 0.0
 0.0
 0.0
 0.0
 0.0
 0.0
 0.0
 0.0
 0.0
 0.0
 0.5976797562902096
 0.2291551863502325
 0.0
 0.0
 0.0
 0.0
 0.6056088267361295
 0.22033191822655043
 0.0
 0.0
 1.3943911732638705
 0.6971955866319353
 0.0
 0.0
 0.0
 0.0
 0.0
 0.0
 0.0
 0.0
 0.0
 0.0
 0.0
 0.0
 0.0
 0.0
 2.0
 0.0
 0.0
 0.0
 0.40809145785377315
 0.0
 0.0
 0.0
 0.0
 0.0
 0.0
 0.0
 0.0
 0.0
 0.0
 0.0
 0.0
 0.0
 0.0
 0.0
 0.0
 1.591908542146227
 1.0
 0.40809145785377315
 0.0
 0.0
 0.0
 0.0
 0.0
 0.0
 0.0
 0.0
 0.0
 1.5221045739229075
 0.06922908144709505
 0.6918232055143585
 0.0
 0.0
 0.0
 0.0
 0.0
 0.0
 0.4778954260770924
 0.1402279072915108
 0.0
 0.0
 0.0
 0.0
 0.0
 0.4304006276810577
 0.0
 0.0
 0.49154473982415225
 0.24577236991207613
 0.0
 0.0
 0.0
 0.0
 0.0
 0.0
 0.0
 0.3238270024068661
 0.0
 0.0
 0.0
 0.0
 0.0
 0.0
 0.0
 0.0
 0.0
 0.0
 0.0
 0.0
 0.0
 0.0
 0.20485367532383605
 0.0
 0.0
 0.0
 0.0
 0.0
 0.0
 0.0
 1.2974891513040903
 4.985522985062484
 0.0
 0.8975731623380819
x_ij_opt: 1-dimensional DenseAxisArray{Float64,1,...} with index sets:
    Dimension 1, [(43, 30), (43, 22), (43, 6), (44, 22), (45, 30), (45, 29), (45, 28), (45, 24), (45, 23), (40, 29)  …  (5, 7), (5, 14), (6, 4), (6, 3), (1, 14), (1, 10), (1, 23), (1, 1), (3, 2), (3, 1)]
And data, a 116-element Vector{Float64}:
 0.0
 0.0
 0.0
 0.0
 0.4976571733720736
 0.0
 1.5084552601758476
 0.0
 0.0
 0.0
 0.0
 0.0
 0.0
 0.0
 0.0
 0.0
 0.0
 0.0
 0.0
 0.0
 0.0
 0.0
 0.0
 0.0
 0.0
 0.0
 0.0
 2.0
 0.0
 0.0
 0.0
 0.0
 0.0
 0.0
 0.0
 0.0
 0.0
 0.0
 0.0
 0.0
 0.0
 0.0
 0.0
 0.9006987030972586
 0.0
 0.0
 0.0
 0.0
 0.0
 0.0
 0.0
 0.0
 0.0
 0.0
 0.0
 0.5919085421462267
 0.0
 0.09674584859481583
 0.12816457679680515
 1.4023202437097904
 0.0
 0.0
 0.0
 0.0
 6.0
 0.0
 0.0
 0.0
 0.0
 0.7708448136497675
 0.0
 0.0
 0.0
 0.0
 0.0
 0.0
 0.0
 1.0317709750219706
 0.0
 0.0
 0.0
 0.0
 0.0
 0.0
 0.0
 0.0
 0.0
 0.0
 0.0
 1.5469401530279967
 0.0
 0.0
 0.0
 0.0
 0.0
 0.0
 0.0
 0.7905430112613941
 0.0
 0.10242683766191807
 0.0
 0.0
 0.0
 0.0
 0.0
 0.0
 0.0
 0.0
 0.0
 0.0
 0.0
 0.0
 0.0
 5.35557511122654
 0.0
 0.0
x_il_opt: 1-dimensional DenseAxisArray{Float64,1,...} with index sets:
    Dimension 1, [(43, 15), (43, 14), (44, 15), (44, 13), (44, 3), (40, 14), (40, 2), (41, 14), (42, 6), (37, 13)  …  (4, 13), (5, 2), (5, 7), (5, 9), (6, 11), (1, 1), (1, 6), (1, 3), (2, 1), (2, 15)]
And data, a 71-element Vector{Float64}:
 0.0
 0.4304006276810577
 0.0
 2.283156860884361
 4.552361143874744
 0.7373171097362283
 0.0
 0.0
 0.7879014132729634
 0.0
 0.0
 3.0
 0.0
 0.0
 3.0
 0.0
 0.0
 0.0
 6.863445188741118
 0.0
 1.5128386289641875
 0.3238270024068661
 3.0
 0.8259407449626799
 2.17405925503732
 0.0
 1.1365548112588821
 0.0
 2.4080914578537733
 0.8268349426404421
 1.330131298599334
 0.6181233333686031
 0.0
 0.0
 0.0
 0.0
 0.0
 0.0
 0.4943058078629624
 0.20485367532383605
 0.0
 0.0
 3.0
 0.0
 0.0
 2.091586759895806
 0.0
 2.967068243829461
 0.0
 0.0
 0.0
 0.0
 0.0
 0.0
 2.766736005272799
 0.0
 0.0
 0.0
 0.0
 0.0
 0.0
 0.0
 0.0
 0.03293175617053912
 0.0
 0.0
 0.0
 2.038039331689717
 0.6063855570837431
 0.0
 7.180585298704656
x_lj_opt: 1-dimensional DenseAxisArray{Float64,1,...} with index sets:
    Dimension 1, [(15, 30), (15, 29), (15, 23), (15, 3), (14, 28), (14, 27), (14, 10), (14, 24), (13, 26), (13, 25)  …  (3, 6), (3, 5), (3, 29), (2, 4), (2, 3), (2, 1), (2, 5), (1, 2), (1, 1), (1, 14)]
And data, a 53-element Vector{Float64}:
 1.5023428266279264
 4.985522985062484
 0.0
 0.8975731623380819
 0.49154473982415225
 1.0
 0.0
 0.0
 2.0
 0.20945698873860585
 0.6918232055143585
 1.591908542146227
 1.0
 0.40809145785377315
 2.0
 0.0
 0.0
 0.0
 0.40809145785377315
 0.0
 0.0
 2.0
 0.9175275048584857
 0.5976797562902096
 0.2291551863502325
 0.0
 5.903254151405184
 2.096745848594816
 0.0
 0.0
 1.9780454958863074
 0.8718354232031948
 0.15011908091049753
 2.0
 6.0
 0.0
 2.0
 1.0
 0.0
 0.0
 0.9682290249780294
 3.3113456092589573
 0.0
 1.0993012969027414
 3.4530598469720033
 0.6063855570837431
 2.0
 0.0
 0.0
 1.0
 1.3081767944856415
 0.4943058078629624
 0.021954504113692597
q_opt: 1-dimensional DenseAxisArray{Float64,1,...} with index sets:
    Dimension 1, [(43, 15), (43, 14), (44, 15), (44, 13), (44, 3), (40, 14), (40, 2), (41, 14), (42, 6), (37, 13)  …  (4, 13), (5, 2), (5, 7), (5, 9), (6, 11), (1, 1), (1, 6), (1, 3), (2, 1), (2, 15)]
And data, a 71-element Vector{Float64}:
 0.0
 0.4304006276810577
 0.0
 0.7610522869614538
 0.8989357404860429
 0.24577236991207613
 0.0
 0.0
 0.0984876766591204
 0.0
 0.0
 1.0
 0.0
 0.0
 0.375
 0.0
 0.0
 0.0
 0.8579306485926398
 0.0
 0.5158854875109853
 0.3238270024068661
 1.0
 0.30280441336806474
 0.271757406879665
 0.0
 0.14206935140736024
 0.0
 1.0
 1.0
 0.9176156986895063
 0.2389477130385462
 0.0
 0.0
 0.0
 0.0
 0.0
 0.0
 0.08238430131049373
 0.10242683766191803
 0.0
 0.0
 1.0
 0.0
 0.0
 0.6971955866319353
 0.0
 0.9890227479431537
 0.0
 0.0
 0.0
 0.0
 0.0
 0.0
 0.4841145124890147
 0.0
 0.0
 0.0
 0.0
 0.0
 0.0
 0.0
 0.0
 0.010977252056846373
 0.0
 0.0
 0.0
 0.2547549164612146
 0.10106425951395719
 0.0
 0.8975731623380819



