McCormick lower bound: -640.4831726457585

solution time: 0.005568981170654297

w_opt: 1-dimensional DenseAxisArray{Float64,1,...} with index sets:
    Dimension 1, [(25, 1, 2), (25, 1, 1), (25, 1, 14), (20, 1, 2), (20, 1, 1), (20, 1, 14), (1, 1, 2), (1, 1, 1), (1, 1, 14), (2, 1, 2)  …  (20, 15, 23), (20, 15, 3), (8, 15, 30), (8, 15, 29), (8, 15, 23), (8, 15, 3), (2, 15, 30), (2, 15, 29), (2, 15, 23), (2, 15, 3)]
And data, a 261-element Vector{Float64}:
 1.1834099427097744
 0.08347269119901535
 0.0
 0.0
 0.0
 0.0
 0.0
 0.0
 0.0
 0.0
 0.0
 0.0
 0.0
 0.0
 0.0
 0.0
 1.8583655137451802
 0.0
 0.0
 1.1416344862548198
 0.0
 0.0
 0.0
 0.0
 0.0
 0.0
 0.0
 0.0
 1.2185173539998908
 2.75320890470112
 0.0
 0.0
 0.0
 0.0
 0.0
 0.0
 2.314608470639743
 0.0
 0.0
 0.0
 0.0
 0.0
 0.029839467360585056
 0.0
 0.8033350263352554
 0.0
 0.0
 0.0
 0.0
 1.2883546813056712
 2.902655107644674
 0.14163448625481978
 0.0
 0.0
 0.0
 0.0
 0.0
 0.0
 0.0
 2.0
 1.0
 0.0
 0.0
 0.0
 0.0
 0.0
 0.0
 0.0
 0.0
 0.0
 0.0
 0.2355557668762176
 0.7066673006286526
 0.0
 0.75
 2.25
 0.0
 0.5010359271641749
 1.5031077814925247
 0.0
 0.0
 0.0
 0.0
 0.0
 0.0
 0.0
 0.0
 0.0
 0.0
 0.0
 0.0
 0.0
 0.5134083059596075
 1.5402249178788225
 0.0
 0.0
 0.0
 0.0
 0.0
 0.0
 0.0
 2.0
 0.9934279202635938
 0.0
 0.0
 0.0
 0.0
 0.0
 0.0
 0.0
 0.0
 0.0
 0.0
 0.0
 0.0
 0.0
 0.0
 0.0
 3.750000000000001
 1.2499999999999991
 0.0
 0.0
 0.0
 1.9559901339799284
 1.0440098660200716
 0.0
 0.0
 0.0
 0.0
 0.0
 0.0
 0.0
 0.0
 0.0
 0.0
 0.0
 0.0
 0.0
 0.0
 0.0
 0.0
 0.0
 0.0
 0.0
 0.0
 0.0
 0.0
 0.7081205249646692
 0.18556493320314815
 0.0
 0.0
 0.35375828883676474
 0.0
 0.7249344054229393
 0.2709218859203611
 0.0
 0.0
 1.2750655945770606
 0.6375327972885303
 0.0
 0.0
 0.0
 0.0
 0.0
 1.0594772148245937
 0.0
 0.0
 0.0
 0.0
 0.0
 0.0
 0.0
 0.0
 1.573154987966718
 0.0
 0.0
 0.0
 0.3811656178138152
 1.0456793942194669
 0.0
 0.0
 0.0
 0.0
 0.0
 0.0
 0.0
 0.0
 0.0
 0.0
 0.0
 0.0
 0.0
 0.0
 0.0
 1.6188343821861848
 1.0
 0.3811656178138152
 0.0
 0.0
 0.0
 0.0
 0.0
 0.0
 0.0
 0.0
 0.0
 1.5534050187987092
 0.0
 0.8165900572902257
 0.0
 0.0
 0.0
 0.0
 0.0
 0.0
 0.42000328260737674
 0.11884667955953927
 0.0
 0.0
 0.0
 0.0
 0.0
 0.0
 0.0
 0.0
 0.1746065298971537
 0.5035076680695445
 0.0
 0.0
 0.0
 0.0
 0.0
 0.0
 0.0
 0.4964923319304555
 0.0
 0.0
 0.0
 0.0
 0.0
 0.0
 0.0
 0.0
 0.0
 0.0
 0.0
 0.0
 0.0
 0.0
 0.0
 0.0
 0.0
 0.0
 0.0
 0.0
 0.0
 0.0
 2.0
 3.274386444185857
 0.0
 1.0
x_ij_opt: 1-dimensional DenseAxisArray{Float64,1,...} with index sets:
    Dimension 1, [(43, 30), (43, 22), (43, 6), (44, 22), (45, 30), (45, 29), (45, 28), (45, 24), (45, 23), (40, 29)  …  (5, 7), (5, 14), (6, 4), (6, 3), (1, 14), (1, 10), (1, 23), (1, 1), (3, 2), (3, 1)]
And data, a 116-element Vector{Float64}:
 0.0
 0.42684501203328207
 0.0
 0.0
 0.0
 0.0
 1.8253934701028462
 0.0
 0.0
 0.0
 0.0
 0.0
 0.0
 0.0
 0.0
 0.0
 0.0
 0.0
 0.0
 0.0
 0.0
 0.0
 0.0
 0.0
 0.02659169859391408
 0.0
 0.0
 2.0
 0.0
 0.0
 0.0
 0.0
 0.0
 0.0
 0.0
 0.0
 0.0
 0.0
 0.0
 0.0
 0.0
 0.0
 0.0
 0.7814826460001092
 0.0
 0.0
 0.0
 0.0
 0.0
 0.0
 0.0
 0.0
 0.0
 0.0
 0.0
 0.0
 0.0
 0.29400986602007073
 0.006572079736406205
 0.9381211861985661
 0.0
 0.0
 0.0
 0.0
 6.0
 0.0
 0.0
 0.0
 0.0
 0.8144350667968518
 0.0
 0.0
 0.0
 0.0
 0.0
 0.0
 0.0
 0.7116453186943288
 0.0
 0.0
 0.0
 0.0
 0.0
 0.0
 0.0
 0.0
 0.0
 0.0
 0.0
 0.0
 0.0
 0.0
 0.0
 0.0
 0.0
 0.0
 0.0
 0.8811533204404607
 0.0
 0.0
 0.0
 0.0
 0.0
 0.0
 0.0
 0.0
 0.0
 0.0
 0.0
 0.0
 0.0
 0.0
 0.0
 5.916527308800985
 0.0
 0.0
x_il_opt: 1-dimensional DenseAxisArray{Float64,1,...} with index sets:
    Dimension 1, [(43, 15), (43, 14), (44, 15), (44, 13), (44, 3), (40, 14), (40, 2), (41, 14), (42, 6), (37, 13)  …  (4, 13), (5, 2), (5, 7), (5, 9), (6, 11), (1, 1), (1, 6), (1, 3), (2, 1), (2, 15)]
And data, a 71-element Vector{Float64}:
 0.0
 0.0
 0.0
 2.369995076088935
 3.971726258701011
 0.6781141979666983
 0.0
 0.0
 0.9422230675048702
 0.0
 0.0
 3.0
 0.0
 0.0
 3.0
 0.0
 0.0
 1.0594772148245937
 5.0
 0.0
 0.8033350263352554
 0.4964923319304555
 3.0
 0.9958562913433004
 2.0041437086566996
 0.0
 3.0
 0.0
 3.0
 0.8936854581678173
 1.2668826339087897
 0.538849962166916
 0.0
 0.0
 0.0
 0.0
 0.0
 0.0
 0.0
 0.0
 0.0
 0.0
 3.0
 0.0
 0.0
 1.9125983918655909
 0.0
 2.993427920263594
 0.0
 0.0
 0.0
 0.0
 0.0
 0.0
 4.332644275205165
 0.0
 0.0
 2.314608470639743
 0.0
 0.0
 0.0
 0.0
 0.0
 0.0
 0.35375828883676474
 0.0
 0.0
 2.05363322383843
 0.029839467360585056
 0.0
 6.274386444185857
x_lj_opt: 1-dimensional DenseAxisArray{Float64,1,...} with index sets:
    Dimension 1, [(15, 30), (15, 29), (15, 23), (15, 3), (14, 28), (14, 27), (14, 10), (14, 24), (13, 26), (13, 25)  …  (3, 6), (3, 5), (3, 29), (2, 4), (2, 3), (2, 1), (2, 5), (1, 2), (1, 1), (1, 14)]
And data, a 53-element Vector{Float64}:
 2.0
 3.274386444185857
 0.0
 1.0
 0.1746065298971537
 1.0
 0.0
 0.0
 1.973408301406086
 0.11884667955953927
 0.8165900572902257
 1.6188343821861848
 1.0
 0.3811656178138152
 1.573154987966718
 0.0
 0.0
 0.0
 0.3811656178138152
 2.1051566090440605
 0.0
 2.0
 0.9084546832088913
 1.061878813801434
 0.18556493320314815
 0.0
 5.705990133979929
 2.2940098660200707
 0.0
 0.0
 2.0
 0.9934279202635938
 0.0
 2.0
 6.0
 0.0
 2.0
 1.0
 0.0
 0.0
 1.2883546813056712
 3.7059901339799293
 0.14163448625481978
 1.2185173539998908
 2.75320890470112
 2.344447938000328
 1.8583655137451802
 0.0
 0.0
 1.1416344862548198
 1.1834099427097744
 0.08347269119901535
 0.0
q_opt: 1-dimensional DenseAxisArray{Float64,1,...} with index sets:
    Dimension 1, [(43, 15), (43, 14), (44, 15), (44, 13), (44, 3), (40, 14), (40, 2), (41, 14), (42, 6), (37, 13)  …  (4, 13), (5, 2), (5, 7), (5, 9), (6, 11), (1, 1), (1, 6), (1, 3), (2, 1), (2, 15)]
And data, a 71-element Vector{Float64}:
 0.0
 0.0
 0.0
 0.7899983586963116
 0.6092586769999454
 0.5035076680695445
 0.0
 0.0
 0.1177778834381088
 0.0
 0.0
 1.0
 0.0
 0.0
 0.375
 0.0
 0.0
 0.21342250601664103
 0.625
 0.0
 0.3558226593471644
 0.4964923319304555
 1.0
 0.36246720271146965
 0.25051796358208744
 0.0
 0.375
 0.0
 0.786577493983359
 0.8231208555816176
 1.0
 0.21000164130368837
 0.0
 0.0
 0.0
 0.0
 0.0
 0.0
 0.0
 0.0
 0.0
 0.0
 1.0
 0.0
 0.0
 0.6375327972885303
 0.0
 1.0
 0.0
 0.0
 0.0
 0.0
 0.0
 0.0
 0.6441773406528356
 0.0
 0.0
 0.3857680784399571
 0.0
 0.0
 0.0
 0.0
 0.0
 0.0
 0.17687914441838237
 0.0
 0.0
 0.25670415297980376
 0.004973244560097509
 0.0
 1.0



