McCormick lower bound: -643.9518203687015

solution time: 0.0052030086517333984

w_opt: 1-dimensional DenseAxisArray{Float64,1,...} with index sets:
    Dimension 1, [(25, 1, 2), (25, 1, 1), (25, 1, 14), (20, 1, 2), (20, 1, 1), (20, 1, 14), (1, 1, 2), (1, 1, 1), (1, 1, 14), (2, 1, 2)  …  (20, 15, 23), (20, 15, 3), (8, 15, 30), (8, 15, 29), (8, 15, 23), (8, 15, 3), (2, 15, 30), (2, 15, 29), (2, 15, 23), (2, 15, 3)]
And data, a 261-element Vector{Float64}:
 1.7382362239828728
 0.0
 0.0
 0.0
 0.3775683170890858
 0.0
 0.0
 0.0
 0.0
 0.0
 0.0
 0.0
 0.0
 0.0
 0.0
 0.0
 2.0
 0.0
 0.0
 1.0
 0.0
 0.0
 0.0
 0.0
 0.0
 0.0
 0.0
 0.0
 1.1896366462071104
 3.370929665060365
 0.0
 0.0
 0.0
 0.0
 0.0
 0.0
 0.0
 0.0
 0.0
 0.0
 0.0
 0.0
 0.6594086951748412
 0.0
 0.029130297667191662
 0.0
 0.0
 0.0
 0.0
 1.0651627989594303
 1.710432775221371
 0.0
 0.0
 0.0
 0.0
 0.0
 0.0
 0.0
 0.0
 2.0
 1.0
 0.0
 0.0
 0.0
 0.0
 0.0
 0.0
 0.0
 0.0
 0.0
 0.0
 0.3057255018611368
 0.9171765055834102
 0.0
 0.75
 2.25
 0.0
 0.5147345926603021
 1.5442037779809064
 0.0
 0.0
 0.0
 0.0
 0.0
 0.0
 0.0
 0.0
 0.0
 0.0
 0.0
 0.0
 0.0
 0.42953990547856113
 1.2886197164356834
 0.0
 0.0
 0.0
 0.0
 0.0
 0.0
 0.0
 2.0
 0.9437178303480269
 0.0
 0.0
 0.0
 0.0
 0.0
 0.0
 0.0
 0.0
 0.0
 0.0
 0.0
 0.0
 0.0
 0.0
 0.0
 3.568350530746865
 1.375367299601162
 0.0
 0.05628216965197312
 0.0
 1.1698856932360078
 1.8301143067639922
 0.0
 0.0
 0.0
 0.0
 0.0
 0.0
 0.0
 0.0
 0.0
 0.0
 0.0
 0.0
 0.0
 0.0
 0.0
 0.0
 0.0
 0.0
 0.0
 0.0
 0.0
 0.0
 0.0
 0.0
 0.0
 0.0
 0.0672844069579567
 0.0
 0.6800997284730539
 0.26096190088573773
 0.0
 0.0
 1.3199002715269461
 0.6599501357634731
 0.0
 0.0
 0.0
 0.0
 0.0
 0.0
 0.0
 0.0
 0.0
 0.0
 0.0
 0.0
 0.0
 0.0
 1.6913018176022114
 0.0
 0.0
 0.0
 0.2537428616515056
 0.0
 0.0
 0.0
 0.0
 0.0
 0.0
 0.0
 0.0
 0.0
 0.0
 0.0
 0.0
 0.0
 0.0
 0.0
 0.0
 1.7462571383484944
 1.0
 0.2537428616515056
 0.0
 0.0
 0.0
 0.0
 0.0
 0.0
 0.0
 0.0
 0.0
 1.4649357379406764
 0.4707040929532115
 0.26176377601712714
 0.5350642620593236
 0.20170930259557474
 0.0
 0.0
 0.0
 0.0
 0.0
 0.0
 0.0
 0.0
 0.0
 0.0
 0.0
 0.0
 0.0
 0.0
 0.31358540466937873
 0.9541741535683748
 0.0
 0.0
 0.0
 0.0
 0.0
 0.0
 0.0
 0.0
 0.0
 0.0
 0.0
 0.0
 0.0
 0.0
 0.0
 0.0
 0.0
 0.0
 0.0
 0.0
 0.0
 0.0
 0.2649795471834202
 0.0
 0.0
 0.0
 0.0
 0.0
 0.0
 0.0
 0.9857231416843762
 5.086848443173653
 0.0
 0.8675102264082899
x_ij_opt: 1-dimensional DenseAxisArray{Float64,1,...} with index sets:
    Dimension 1, [(43, 30), (43, 22), (43, 6), (44, 22), (45, 30), (45, 29), (45, 28), (45, 24), (45, 23), (40, 29)  …  (5, 7), (5, 14), (6, 4), (6, 3), (1, 14), (1, 10), (1, 23), (1, 1), (3, 2), (3, 1)]
And data, a 116-element Vector{Float64}:
 0.0
 0.30869818239778857
 0.0
 0.0
 0.7492973111322037
 0.0
 1.6864145953306213
 0.0
 0.0
 0.0
 0.0
 0.0
 0.0
 0.0
 0.0
 0.0
 0.0
 0.0
 0.22080863200807332
 0.0
 0.0
 0.0
 0.0
 0.0
 0.0
 0.0
 0.0
 2.0
 0.0
 0.0
 0.0
 0.0
 0.0
 0.0
 0.0
 0.0
 0.0
 0.0
 0.0
 0.0
 0.0
 0.0
 0.0
 0.8103633537928896
 0.0
 0.0
 0.0
 0.0
 0.0
 0.0
 0.0
 0.0
 0.0
 0.0
 0.0
 1.054955320746283
 0.0
 1.2617637760171272
 0.0
 1.9327155930420432
 0.0
 0.0
 0.0
 0.0
 6.0
 0.0
 0.0
 0.0
 0.0
 0.7791913679919267
 0.0
 0.0
 0.0
 0.0
 0.0
 0.0
 0.045825846431625156
 0.9348372010405697
 0.0
 0.0
 0.0
 0.0
 0.0
 0.0
 0.0
 0.0
 0.0
 0.0
 0.0
 1.6290703349396352
 0.0
 0.0
 0.0
 0.0
 0.0
 0.0
 0.0
 0.3275866044512138
 0.0
 0.1324897735917101
 0.0
 0.0
 0.0
 0.0
 0.0
 0.0
 0.0
 0.0
 0.0
 0.0
 0.0
 0.0
 0.0
 5.622431682910914
 0.0
 0.0
x_il_opt: 1-dimensional DenseAxisArray{Float64,1,...} with index sets:
    Dimension 1, [(43, 15), (43, 14), (44, 15), (44, 13), (44, 3), (40, 14), (40, 2), (41, 14), (42, 6), (37, 13)  …  (4, 13), (5, 2), (5, 7), (5, 9), (6, 11), (1, 1), (1, 6), (1, 3), (2, 1), (2, 15)]
And data, a 71-element Vector{Float64}:
 0.0
 0.0
 0.0
 2.197403606911015
 4.5605663112674755
 1.2677595582377534
 0.0
 0.0
 1.2229020074445471
 0.7367735646548983
 0.0
 3.0
 0.0
 0.0
 3.0
 0.0
 0.0
 0.0
 5.0
 0.0
 0.029130297667191662
 0.0
 3.0
 0.9410616293587917
 2.0589383706412083
 0.0
 3.0
 0.0
 1.945044679253717
 0.0
 1.7382362239828728
 0.0
 0.0
 0.0
 0.0
 0.0
 0.0
 0.0
 0.3775683170890858
 0.2649795471834202
 0.0
 0.0
 3.0
 0.0
 0.0
 1.979850407290419
 0.0
 2.943717830348027
 0.0
 0.0
 0.0
 0.0
 0.0
 0.0
 2.7755955741808016
 0.0
 0.0
 0.0
 0.0
 0.0
 0.0
 0.0
 0.0
 0.0
 0.0672844069579567
 0.0
 0.0
 1.7181596219142445
 0.6594086951748412
 0.0
 6.940081811266319
x_lj_opt: 1-dimensional DenseAxisArray{Float64,1,...} with index sets:
    Dimension 1, [(15, 30), (15, 29), (15, 23), (15, 3), (14, 28), (14, 27), (14, 10), (14, 24), (13, 26), (13, 25)  …  (3, 6), (3, 5), (3, 29), (2, 4), (2, 3), (2, 1), (2, 5), (1, 2), (1, 1), (1, 14)]
And data, a 53-element Vector{Float64}:
 1.2507026888677963
 5.086848443173653
 0.0
 0.8675102264082899
 0.31358540466937873
 0.9541741535683748
 0.0
 0.0
 2.0
 0.6724133955487862
 0.2617637760171272
 1.7462571383484944
 1.0
 0.2537428616515056
 1.6913018176022114
 0.0
 0.0
 0.0
 0.2537428616515056
 0.0
 0.0
 2.0
 0.9209120366492107
 0.0672844069579567
 0.0
 0.0
 4.738236223982873
 3.2054816063651543
 0.0
 0.05628216965197313
 2.0
 0.9437178303480269
 0.0
 2.0
 6.0
 0.0
 2.0
 1.0
 0.0
 0.0
 1.0651627989594303
 1.7395630728885627
 0.0
 1.1896366462071104
 3.370929665060365
 0.6594086951748412
 2.0
 0.0
 0.0
 1.0
 1.7382362239828728
 0.3775683170890858
 0.0
q_opt: 1-dimensional DenseAxisArray{Float64,1,...} with index sets:
    Dimension 1, [(43, 15), (43, 14), (44, 15), (44, 13), (44, 3), (40, 14), (40, 2), (41, 14), (42, 6), (37, 13)  …  (4, 13), (5, 2), (5, 7), (5, 9), (6, 11), (1, 1), (1, 6), (1, 3), (2, 1), (2, 15)]
And data, a 71-element Vector{Float64}:
 0.0
 0.04582584643162524
 0.0
 0.7324678689703383
 0.8900985508041931
 0.9541741535683748
 0.0
 0.0
 0.1528627509305684
 0.2675321310296618
 0.0
 1.0
 0.0
 0.0
 0.375
 0.0
 0.0
 0.15434909119889428
 0.625
 0.0
 0.46741860052028483
 0.0
 1.0
 0.34004986423652694
 0.25736729633015104
 0.0
 0.375
 0.0
 0.8456509088011057
 0.9663577965210216
 0.9370719471518191
 0.0
 0.0
 0.0
 0.0
 0.0
 0.0
 0.0
 0.06292805284818097
 0.1324897735917101
 0.0
 0.0
 1.0
 0.0
 0.0
 0.6599501357634731
 0.0
 1.0
 0.0
 0.0
 0.0
 0.0
 0.0
 0.0
 0.5325813994797152
 0.0
 0.0
 0.0
 0.0
 0.0
 0.0
 0.0
 0.0
 0.0
 0.03364220347897835
 0.0
 0.0
 0.21476995273928057
 0.10990144919580687
 0.0
 0.8675102264082899



