McCormick lower bound: -650.1172089937364

solution time: 0.005380868911743164

w_opt: 1-dimensional DenseAxisArray{Float64,1,...} with index sets:
    Dimension 1, [(25, 1, 2), (25, 1, 1), (25, 1, 14), (20, 1, 2), (20, 1, 1), (20, 1, 14), (1, 1, 2), (1, 1, 1), (1, 1, 14), (2, 1, 2)  …  (20, 15, 23), (20, 15, 3), (8, 15, 30), (8, 15, 29), (8, 15, 23), (8, 15, 3), (2, 15, 30), (2, 15, 29), (2, 15, 23), (2, 15, 3)]
And data, a 261-element Vector{Float64}:
 1.7314291396662267
 0.0
 0.0
 0.0
 0.2917378467360443
 0.0
 0.0
 0.0
 0.0
 0.0
 0.0
 0.0
 0.0
 0.0
 0.0
 0.0
 2.0
 0.0
 0.0
 1.0
 0.0
 0.0
 0.0
 0.0
 0.0
 0.0
 0.0
 0.0
 0.8158553933417796
 1.6082547835442011
 0.0
 0.0
 0.0
 0.0
 0.0
 3.391745216455799
 1.344833210177083
 0.0
 0.0
 0.0
 0.0
 0.0
 0.0
 0.0
 0.0
 0.0
 0.0
 0.0
 0.0
 1.543751456799308
 3.388331437038746
 0.0
 0.0
 0.0
 0.0
 0.0
 0.0
 0.0
 0.0
 1.8312617256570283
 1.0
 0.0
 0.0
 0.0
 0.0
 0.0
 0.0
 0.0
 0.0
 0.0
 0.0
 0.13050937965263287
 0.3915281389578986
 0.0
 0.75
 2.25
 0.0
 0.5465561586633563
 1.6396684759900684
 0.0
 0.0
 0.0
 0.0
 0.0
 0.0
 0.0
 0.0
 0.0
 0.0
 0.0
 0.0
 0.0
 0.5729344616840109
 1.7188033850520332
 0.0
 0.0
 0.0
 0.0
 0.0
 0.0
 0.0
 2.0
 0.86247850250669
 0.0
 0.0
 0.0
 0.0
 0.0
 0.0
 0.0
 0.0
 0.0
 0.0
 0.0
 0.0
 0.0
 0.0
 0.0
 5.053606515375725
 1.547014007631931
 0.0
 0.13752149749331
 0.0
 0.5617749310404007
 0.7000830484586333
 0.0
 0.0
 0.0
 0.0
 0.0
 0.0
 0.0
 0.0
 0.0
 0.0
 0.0
 0.0
 0.0
 0.0
 0.0
 0.0
 0.0
 0.0
 0.0
 0.0
 0.0
 0.0
 0.8839523067498989
 0.0
 0.0
 0.0
 0.1846342172498141
 0.0
 0.5839041756978506
 0.2298711896487247
 0.0
 0.0
 1.4160958243021495
 0.7080479121510748
 0.0
 0.0
 0.0
 0.0
 0.0
 0.0
 0.0
 0.0
 0.0
 0.0
 0.0
 0.0
 0.0
 0.0
 2.0
 0.0
 0.0
 0.0
 0.6354284931293105
 0.0
 0.0
 0.0
 0.0
 0.0
 0.0
 0.0
 0.0
 0.0
 0.0
 0.0
 0.0
 0.0
 0.0
 0.0
 0.0
 1.3645715068706896
 1.0
 0.6354284931293104
 0.0
 0.0
 0.0
 0.0
 0.0
 0.0
 0.0
 0.0
 0.0
 1.4383992596841901
 0.45062876950832176
 0.2685708603337733
 0.5616007403158099
 0.23439243981330748
 0.0
 0.0
 0.0
 0.0
 0.0
 0.0
 0.0
 0.0
 0.0
 0.0
 0.0
 0.0
 0.0
 0.0
 0.4668099388918534
 0.6919102510755321
 0.0
 0.0
 0.0
 0.0
 0.0
 0.0
 0.0
 0.0
 0.0
 0.0
 0.0
 0.0
 0.0
 0.0
 0.0
 0.0
 0.0
 0.0
 0.0
 0.0
 0.0
 0.0
 0.4072762735321298
 0.0
 0.0
 0.0
 0.0
 0.0
 0.0
 0.0
 1.5547947459439384
 4.019738296693607
 0.0
 0.7963618632339351
x_ij_opt: 1-dimensional DenseAxisArray{Float64,1,...} with index sets:
    Dimension 1, [(43, 30), (43, 22), (43, 6), (44, 22), (45, 30), (45, 29), (45, 28), (45, 24), (45, 23), (40, 29)  …  (5, 7), (5, 14), (6, 4), (6, 3), (1, 14), (1, 10), (1, 23), (1, 1), (3, 2), (3, 1)]
And data, a 116-element Vector{Float64}:
 0.0
 0.0
 0.36476528442871736
 0.0
 0.03792898052393179
 0.0
 1.5331900611081466
 0.0
 0.0
 0.0
 0.0
 0.0
 0.0
 0.0
 0.0
 0.0
 0.0
 0.0
 0.24555660647522892
 0.0
 0.0
 0.0
 0.0
 0.0
 0.0
 0.0
 0.0
 2.0
 0.0
 0.0
 0.0
 0.0
 0.0
 0.0
 0.0
 0.0
 0.0
 0.0
 0.0
 0.0
 0.0
 0.0
 0.0
 0.8193793222295029
 0.0
 0.0
 0.0
 0.0
 0.0
 0.0
 0.0
 0.0
 0.0
 0.0
 0.0
 0.3645715068706895
 0.0
 0.3846185535838744
 0.0
 0.931413476000287
 0.0
 0.0
 0.0
 0.0
 6.0
 0.0
 0.0
 0.0
 0.0
 0.7544433935247711
 0.0
 0.0
 0.0
 0.0
 0.0
 0.0
 0.30808974892446794
 0.45624854320069197
 0.0
 0.0
 0.0
 0.0
 0.0
 0.0
 0.0
 0.0
 0.0
 0.16873827434297173
 0.0
 0.0
 0.0
 0.0
 0.0
 0.0
 0.0
 0.0
 0.0
 0.31497879067837076
 0.0
 0.2036381367660649
 0.0
 0.0
 0.0
 0.0
 0.0
 0.0
 0.0
 0.0
 0.0
 0.0
 0.0
 0.0
 0.0
 5.708262153263956
 0.0
 0.0
x_il_opt: 1-dimensional DenseAxisArray{Float64,1,...} with index sets:
    Dimension 1, [(43, 15), (43, 14), (44, 15), (44, 13), (44, 3), (40, 14), (40, 2), (41, 14), (42, 6), (37, 13)  …  (4, 13), (5, 2), (5, 7), (5, 9), (6, 11), (1, 1), (1, 6), (1, 3), (2, 1), (2, 15)]
And data, a 71-element Vector{Float64}:
 0.0
 0.0
 0.0
 2.157598889526285
 2.4241101768859807
 1.1587201899673856
 0.0
 0.0
 0.5220375186105315
 0.7959931801291174
 0.0
 3.0
 0.0
 0.0
 3.0
 0.0
 0.0
 0.0
 6.738142020500966
 0.0
 0.0
 0.0
 3.0
 0.8137753653465752
 2.1862246346534246
 0.0
 1.2618579794990339
 0.0
 2.6354284931293104
 0.8839523067498989
 1.7314291396662267
 0.0
 0.0
 0.0
 0.0
 0.0
 0.0
 0.0
 0.2917378467360443
 0.4072762735321298
 0.0
 0.0
 2.8312617256570283
 0.0
 0.0
 2.1241437364532243
 0.0
 2.86247850250669
 0.0
 0.0
 0.0
 0.0
 0.0
 0.0
 4.932082893838054
 0.0
 0.0
 4.736578426632882
 0.0
 0.0
 0.0
 0.0
 0.0
 0.0
 0.1846342172498141
 0.0
 0.0
 2.2917378467360443
 0.0
 0.0
 6.370894905871481
x_lj_opt: 1-dimensional DenseAxisArray{Float64,1,...} with index sets:
    Dimension 1, [(15, 30), (15, 29), (15, 23), (15, 3), (14, 28), (14, 27), (14, 10), (14, 24), (13, 26), (13, 25)  …  (3, 6), (3, 5), (3, 29), (2, 4), (2, 3), (2, 1), (2, 5), (1, 2), (1, 1), (1, 14)]
And data, a 53-element Vector{Float64}:
 1.9620710194760682
 4.019738296693607
 0.0
 0.7963618632339351
 0.4668099388918534
 0.6919102510755321
 0.0
 0.0
 2.0
 0.6850212093216292
 0.2685708603337733
 1.3645715068706896
 1.0
 0.6354284931293104
 2.0
 0.0
 0.0
 0.0
 0.6354284931293104
 0.0
 0.0
 2.0
 0.9379191017997994
 1.068586523999713
 0.0
 0.0
 5.615381446416126
 2.2470970560905643
 0.0
 0.13752149749331
 2.0
 0.86247850250669
 0.0
 2.0
 6.0
 0.0
 1.8312617256570283
 1.0
 0.0
 0.0
 1.543751456799308
 3.388331437038746
 0.0
 0.8158553933417796
 5.0
 1.344833210177083
 2.0
 0.0
 0.0
 1.0
 1.7314291396662267
 0.2917378467360443
 0.0
q_opt: 1-dimensional DenseAxisArray{Float64,1,...} with index sets:
    Dimension 1, [(43, 15), (43, 14), (44, 15), (44, 13), (44, 3), (40, 14), (40, 2), (41, 14), (42, 6), (37, 13)  …  (4, 13), (5, 2), (5, 7), (5, 9), (6, 11), (1, 1), (1, 6), (1, 3), (2, 1), (2, 15)]
And data, a 71-element Vector{Float64}:
 0.0
 0.30808974892446794
 0.0
 0.7191996298420951
 0.4079276966708898
 0.6919102510755321
 0.0
 0.0
 0.06525468982631644
 0.28080037015790493
 0.0
 1.0
 0.0
 0.0
 0.375
 0.0
 0.0
 0.0
 0.8422677525626208
 0.0
 0.0
 0.0
 1.0
 0.2919520878489253
 0.27327807933167814
 0.0
 0.15773224743737924
 0.0
 1.0
 0.907682891375093
 0.9513770255439926
 0.0
 0.0
 0.0
 0.0
 0.0
 0.0
 0.0
 0.048622974456007384
 0.2036381367660649
 0.0
 0.0
 1.0
 0.0
 0.0
 0.7080479121510748
 0.0
 1.0
 0.0
 0.0
 0.0
 0.0
 0.0
 0.0
 1.0
 0.0
 0.0
 0.5920723033291102
 0.0
 0.0
 0.0
 0.0
 0.0
 0.0
 0.09231710862490705
 0.0
 0.0
 0.28646723084200554
 0.0
 0.0
 0.7963618632339351



