McCormick lower bound: -642.8446479808609

solution time: 0.005536079406738281

w_opt: 1-dimensional DenseAxisArray{Float64,1,...} with index sets:
    Dimension 1, [(25, 1, 2), (25, 1, 1), (25, 1, 14), (20, 1, 2), (20, 1, 1), (20, 1, 14), (1, 1, 2), (1, 1, 1), (1, 1, 14), (2, 1, 2)  …  (20, 15, 23), (20, 15, 3), (8, 15, 30), (8, 15, 29), (8, 15, 23), (8, 15, 3), (2, 15, 30), (2, 15, 29), (2, 15, 23), (2, 15, 3)]
And data, a 261-element Vector{Float64}:
 1.2669611047667337
 0.0
 0.0
 0.0
 0.3242220382652361
 0.0
 0.0
 0.0
 0.0
 0.0
 0.0
 0.0
 0.0
 0.0
 0.0
 0.0
 1.9824479852913157
 0.12509751105343003
 0.0
 0.8924545036552542
 0.0
 0.0
 0.0
 0.0
 0.0
 0.0
 0.0
 0.0
 1.005982229044096
 3.5581268394062877
 0.0
 0.0
 0.0
 0.0
 0.0
 0.0
 0.0
 0.0
 0.0
 0.0
 0.0
 0.0
 1.067089780793757
 0.0
 0.9503357675018009
 0.0
 0.0
 0.0
 0.0
 0.989860142676727
 1.9167315725652647
 0.017552014708684283
 0.0
 0.0
 0.0
 0.0
 0.0
 0.0
 0.0
 1.8815940902362949
 1.0
 0.0
 0.0
 0.0
 0.0
 0.0
 0.0
 0.0
 0.0
 0.0
 0.0
 0.42209328629690246
 1.2662798588907074
 0.0
 0.75
 2.25
 0.0
 0.5136236493352279
 1.5408709480056832
 0.0
 0.0
 0.0
 0.0
 0.0
 0.0
 0.0
 0.0
 0.0
 0.0
 0.0
 0.0
 0.0
 0.31428306436786974
 0.9428491931036092
 0.0
 0.0
 0.0
 0.0
 0.0
 0.0
 0.0
 2.0
 0.9145515224580288
 0.0
 0.0
 0.0
 0.0
 0.0
 0.0
 0.0
 0.0
 0.0
 0.0
 0.0
 0.0
 0.0
 0.0
 0.0
 5.068306215902151
 1.937676013141945
 0.0
 0.0
 0.0
 0.24850444273897576
 0.7455133282169282
 0.0
 0.0
 0.0
 0.0
 0.0
 0.0
 0.0
 0.0
 0.0
 0.0
 0.0
 0.0
 0.0
 0.0
 0.0
 0.0
 0.0
 0.0
 0.0
 0.0
 0.0
 0.0
 0.2039313615632994
 0.1948477832144266
 0.0
 0.0
 0.0
 0.0
 0.6892939323544902
 0.2562114703045991
 0.0
 0.0
 1.3107060676455098
 0.655353033822755
 0.0
 0.0
 0.0
 0.0
 0.0
 0.0
 0.0
 0.0
 0.0
 0.0
 0.0
 0.0
 0.0
 0.0
 2.0
 0.0
 0.0
 0.0
 0.5502566814259386
 0.0
 0.0
 0.0
 0.0
 0.0
 0.0
 0.0
 0.0
 0.0
 0.0
 0.0
 0.0
 0.0
 0.0
 0.0
 0.0
 1.4497433185740614
 1.0
 0.5502566814259386
 0.0
 0.0
 0.0
 0.0
 0.0
 0.0
 0.0
 0.0
 0.0
 1.5496138054822588
 0.041768007507863136
 0.7330388952332664
 0.0
 0.0
 0.0
 0.0
 0.0
 0.0
 0.45038619451774115
 0.11523573703695458
 0.0
 0.0
 0.0
 0.0
 0.0
 0.08539102726942105
 0.0
 0.0
 0.8412833759060733
 0.914608972730579
 0.0
 0.0
 0.0
 0.0
 0.0
 0.0
 0.0
 0.0
 0.0
 0.0
 0.0
 0.0
 0.0
 0.0
 0.0
 0.0
 0.0
 0.0
 0.0
 0.0
 0.0
 0.0
 0.2501950221068602
 0.0
 0.0
 0.0
 0.0
 0.0
 0.0
 0.0
 1.7416638848456851
 4.382653537780304
 0.0
 0.87490248894657
x_ij_opt: 1-dimensional DenseAxisArray{Float64,1,...} with index sets:
    Dimension 1, [(43, 30), (43, 22), (43, 6), (44, 22), (45, 30), (45, 29), (45, 28), (45, 24), (45, 23), (40, 29)  …  (5, 7), (5, 14), (6, 4), (6, 3), (1, 14), (1, 10), (1, 23), (1, 1), (3, 2), (3, 1)]
And data, a 116-element Vector{Float64}:
 0.0
 0.0
 0.0
 0.0
 0.008141093047454806
 0.0
 1.1587166240939268
 0.0
 0.0
 0.0
 0.0
 0.0
 0.0
 0.0
 0.0
 0.0
 0.0
 0.0
 0.0
 0.0
 0.0
 0.0
 0.0
 0.0
 0.0
 0.0
 0.0
 2.0
 0.0
 0.0
 0.0
 0.0
 0.0
 0.0
 0.0
 0.0
 0.0
 0.0
 0.0
 0.0
 0.0
 0.0
 0.0
 0.9940177709559039
 0.0
 0.0
 0.0
 0.0
 0.0
 0.0
 0.0
 0.0
 0.0
 0.0
 0.0
 0.44974331857406113
 0.0
 0.6831893413588732
 0.08544847754197116
 1.7960686384367006
 0.0
 0.0
 0.0
 0.0
 6.0
 0.0
 0.0
 0.0
 0.0
 0.8051522167855734
 0.0
 0.0
 0.0
 0.0
 0.0
 0.0
 0.0
 1.010139857323273
 0.0
 0.0
 0.0
 0.0
 0.0
 0.0
 0.0
 0.0
 0.0
 0.11840590976370513
 0.0
 1.5494186569384583
 0.0
 0.0
 0.0
 0.0
 0.0
 0.0
 0.0
 0.8429962554551823
 0.0
 0.0
 0.0
 0.0
 0.0
 0.0
 0.0
 0.0
 0.0
 0.0
 0.0
 0.0
 0.0
 0.0
 0.0
 5.675777961734764
 0.0
 0.0
x_il_opt: 1-dimensional DenseAxisArray{Float64,1,...} with index sets:
    Dimension 1, [(43, 15), (43, 14), (44, 15), (44, 13), (44, 3), (40, 14), (40, 2), (41, 14), (42, 6), (37, 13)  …  (4, 13), (5, 2), (5, 7), (5, 9), (6, 11), (1, 1), (1, 6), (1, 3), (2, 1), (2, 15)]
And data, a 71-element Vector{Float64}:
 0.0
 0.08539102726942105
 0.0
 2.3244207082233883
 4.564109068450383
 1.7558923486366522
 0.0
 0.0
 1.6883731451876098
 0.0
 0.0
 3.0
 0.0
 0.0
 3.0
 0.0
 0.0
 0.0
 7.005982229044096
 0.0
 0.9503357675018009
 0.0
 3.0
 0.9455054026590892
 2.054494597340911
 0.0
 0.9940177709559039
 0.0
 2.550256681425939
 0.398779144777726
 1.2669611047667337
 0.5656219315546958
 0.0
 0.0
 0.0
 0.0
 0.0
 0.0
 0.3242220382652361
 0.2501950221068602
 0.0
 0.0
 2.8815940902362946
 0.0
 0.0
 1.966059101468265
 0.0
 2.9145515224580287
 0.0
 0.0
 0.0
 0.0
 0.0
 0.0
 2.924143729950676
 0.0
 0.0
 0.0
 0.0
 0.0
 0.0
 0.0
 0.0
 0.0
 0.0
 0.0
 0.0
 1.2571322574714792
 1.067089780793757
 0.0
 6.999219911572559
x_lj_opt: 1-dimensional DenseAxisArray{Float64,1,...} with index sets:
    Dimension 1, [(15, 30), (15, 29), (15, 23), (15, 3), (14, 28), (14, 27), (14, 10), (14, 24), (13, 26), (13, 25)  …  (3, 6), (3, 5), (3, 29), (2, 4), (2, 3), (2, 1), (2, 5), (1, 2), (1, 1), (1, 14)]
And data, a 53-element Vector{Float64}:
 1.9918589069525452
 4.382653537780304
 0.0
 0.87490248894657
 0.8412833759060733
 1.0
 0.0
 0.0
 2.0
 0.15700374454481772
 0.7330388952332664
 1.4497433185740614
 1.0
 0.5502566814259386
 2.0
 0.0
 0.0
 0.0
 0.5502566814259386
 0.0
 0.0
 2.0
 0.9115645041273541
 0.2039313615632994
 0.1948477832144266
 0.0
 5.316810658641127
 2.683189341358873
 0.0
 0.0
 2.0
 0.9145515224580288
 0.0
 2.0
 6.0
 0.0
 1.8815940902362949
 1.0
 0.0
 0.0
 0.989860142676727
 2.8670673400670657
 0.017552014708684283
 1.005982229044096
 3.5581268394062877
 1.067089780793757
 1.9824479852913157
 0.12509751105343003
 0.0
 0.8924545036552542
 1.2669611047667337
 0.3242220382652361
 0.0
q_opt: 1-dimensional DenseAxisArray{Float64,1,...} with index sets:
    Dimension 1, [(43, 15), (43, 14), (44, 15), (44, 13), (44, 3), (40, 14), (40, 2), (41, 14), (42, 6), (37, 13)  …  (4, 13), (5, 2), (5, 7), (5, 9), (6, 11), (1, 1), (1, 6), (1, 3), (2, 1), (2, 15)]
And data, a 71-element Vector{Float64}:
 0.0
 0.08539102726942105
 0.0
 0.7748069027411294
 0.8221517032010405
 0.914608972730579
 0.0
 0.0
 0.21104664314845123
 0.0
 0.0
 1.0
 0.0
 0.0
 0.375
 0.0
 0.0
 0.0
 0.875747778630512
 0.0
 0.1583892945836335
 0.0
 1.0
 0.344646966177245
 0.2568118246676139
 0.0
 0.12425222136948799
 0.0
 1.0
 1.0
 0.9459629936224606
 0.22519309725887057
 0.0
 0.0
 0.0
 0.0
 0.0
 0.0
 0.05403700637753935
 0.1250975110534301
 0.0
 0.0
 1.0
 0.0
 0.0
 0.655353033822755
 0.0
 1.0
 0.0
 0.0
 0.0
 0.0
 0.0
 0.0
 0.8416107054163665
 0.0
 0.0
 0.0
 0.0
 0.0
 0.0
 0.0
 0.0
 0.0
 0.0
 0.0
 0.0
 0.15714153218393487
 0.1778482967989595
 0.0
 0.87490248894657



