McCormick lower bound: -638.5236942264471

solution time: 0.005402803421020508

w_opt: 1-dimensional DenseAxisArray{Float64,1,...} with index sets:
    Dimension 1, [(25, 1, 2), (25, 1, 1), (25, 1, 14), (20, 1, 2), (20, 1, 1), (20, 1, 14), (1, 1, 2), (1, 1, 1), (1, 1, 14), (2, 1, 2)  …  (20, 15, 23), (20, 15, 3), (8, 15, 30), (8, 15, 29), (8, 15, 23), (8, 15, 3), (2, 15, 30), (2, 15, 29), (2, 15, 23), (2, 15, 3)]
And data, a 261-element Vector{Float64}:
 1.2932797072109685
 0.0
 0.0725840037173675
 0.0
 1.335040039759221
 0.0
 0.0
 0.0
 0.0
 0.0
 0.0
 0.0
 0.0
 0.0
 0.0
 0.0
 2.0
 0.0
 0.0
 1.0
 0.0
 0.0
 0.0
 0.0
 0.0
 0.0
 0.0
 0.0
 1.2584242467301492
 3.3764486572006773
 0.0
 0.0
 0.0
 0.0
 0.0
 0.0
 0.0
 0.0
 0.0
 0.0
 0.0
 0.0
 1.0851638592640573
 0.0
 0.0
 0.0
 0.0
 0.0
 0.0
 1.1671049843824686
 1.9713634085569693
 0.0
 0.0
 0.0
 0.0
 0.0
 0.0
 0.0
 0.0
 1.800468213692463
 1.0
 0.0
 0.0
 0.0
 0.0
 0.0
 0.0
 0.0
 0.0
 0.0
 0.0
 0.1276898411630092
 0.38306952348902756
 0.0
 0.75
 2.25
 0.0
 0.5118112859868769
 1.5354338579606306
 0.0
 0.0
 0.0
 0.0
 0.0
 0.0
 0.0
 0.0
 0.0
 0.0
 0.0
 0.0
 0.0
 0.610498872850114
 1.8314966185503418
 0.0
 0.0
 0.0
 0.0
 0.0
 0.0
 0.0
 1.9274159962826325
 0.8508864228157088
 0.11282157532560733
 0.0
 0.0
 0.1088760055760516
 0.0
 0.0
 0.0
 0.0
 0.0
 0.0
 0.0
 0.0
 0.0
 0.0
 0.0
 3.75
 1.1008864228157091
 0.0
 0.1491135771842912
 0.0
 1.6134336123057853
 1.3865663876942147
 0.0
 0.0
 0.0
 0.0
 0.0
 0.0
 0.0
 0.0
 0.0
 0.0
 0.0
 0.0
 0.0
 0.0
 0.0
 0.0
 0.0
 0.0
 0.0
 0.0
 0.0
 0.0
 1.1878707414235559
 0.2189100751396694
 0.0
 0.0
 0.6183269077987663
 0.0
 0.6995007473081432
 0.25325410874434967
 0.0
 0.0
 1.3004992526918568
 0.6502496263459284
 0.0
 0.0
 0.0
 0.0
 0.27619003728251657
 1.6235513427993227
 0.0
 0.0
 0.0
 0.0
 0.0
 0.0
 0.0
 0.0
 1.4588162190668925
 0.0
 0.0
 0.0
 0.0
 0.0
 0.0
 0.0
 0.0
 0.0
 0.0
 0.0
 0.0
 0.0
 0.0
 0.0
 0.0
 0.0
 0.0
 0.0
 0.0
 1.7238099627174834
 0.9704217300036324
 0.30576830727888415
 0.0
 0.0
 0.0
 0.0
 0.0
 0.0
 0.0
 0.0
 0.0
 1.4582523995323795
 0.022405906977158274
 0.7067202927890316
 0.5417476004676207
 0.15711844050208196
 0.0
 0.0
 0.0
 0.0
 0.0
 0.0
 0.0
 0.0
 0.0
 0.0
 0.0
 0.617011203451368
 0.0
 0.0
 0.5308580822762051
 0.38298879654863205
 0.0
 0.0
 0.0
 0.0
 0.0
 0.0
 0.0
 0.0
 0.0
 0.0
 0.0
 0.0
 0.0
 0.0
 0.0
 0.0
 0.0
 0.0
 0.0
 0.0
 0.0
 0.0
 0.0
 0.0
 0.0
 0.0
 0.0
 0.0
 0.0
 0.0
 2.0
 4.609067833457059
 0.0
 1.0
x_ij_opt: 1-dimensional DenseAxisArray{Float64,1,...} with index sets:
    Dimension 1, [(43, 30), (43, 22), (43, 6), (44, 22), (45, 30), (45, 29), (45, 28), (45, 24), (45, 23), (40, 29)  …  (5, 7), (5, 14), (6, 4), (6, 3), (1, 14), (1, 10), (1, 23), (1, 1), (3, 2), (3, 1)]
And data, a 116-element Vector{Float64}:
 0.0
 0.5411837809331075
 0.0
 0.0
 0.0
 0.0
 1.4691419177237948
 0.0
 0.0
 0.0
 0.0
 0.0
 0.0
 0.0
 0.0
 0.0
 0.0
 0.0
 0.0
 0.0
 0.0
 0.0
 0.0
 0.0
 0.0
 0.0
 0.0
 2.0
 0.0
 0.0
 0.0
 0.0
 0.0
 0.0
 0.0
 0.0
 0.0
 0.0
 0.0
 0.0
 0.0
 0.0
 0.0
 0.7415757532698508
 0.0
 0.0
 0.0
 0.0
 0.0
 0.0
 0.0
 0.0
 0.0
 0.0
 0.0
 1.5411837809331075
 0.0
 0.2273554725084388
 0.0
 0.19380235077767782
 0.0
 0.0
 0.0
 0.0
 6.0
 0.0
 0.4092109151857759
 0.0
 0.0
 0.7810899248603306
 0.0
 0.0
 0.0
 0.0
 0.0
 0.0
 0.0
 0.8328950156175314
 0.0
 0.0
 0.0
 0.0
 0.0
 0.0
 0.0
 0.0
 0.0
 0.19953178630753698
 0.0
 0.0
 0.0
 0.0
 0.0
 0.0
 0.0
 0.0
 0.0
 0.8204756525207597
 0.0
 0.0
 0.0
 0.0
 0.0
 0.0
 0.0
 0.0
 0.0
 0.0
 0.0
 0.0
 0.0
 0.0
 0.029578269996367538
 4.44326237933912
 0.0
 0.0
x_il_opt: 1-dimensional DenseAxisArray{Float64,1,...} with index sets:
    Dimension 1, [(43, 15), (43, 14), (44, 15), (44, 13), (44, 3), (40, 14), (40, 2), (41, 14), (42, 6), (37, 13)  …  (4, 13), (5, 2), (5, 7), (5, 9), (6, 11), (1, 1), (1, 6), (1, 3), (2, 1), (2, 15)]
And data, a 71-element Vector{Float64}:
 0.0
 0.617011203451368
 0.0
 2.1873785992985693
 4.634872903930827
 0.9138468788248372
 0.0
 0.0
 0.5107593646520368
 0.6988660409697027
 0.0
 3.0
 0.0
 0.0
 3.0
 0.0
 0.0
 1.8997413800818392
 5.0
 0.0
 0.0
 0.0
 3.0
 0.9527548560524928
 2.0472451439475075
 0.0
 3.0
 0.0
 1.4588162190668925
 1.4067808165632254
 1.365863710928336
 0.0
 0.0
 0.0
 0.0
 0.0
 0.0
 0.0
 1.335040039759221
 0.0
 0.0
 0.0
 2.8004682136924632
 0.0
 0.0
 1.9507488790377852
 0.0
 2.8911239944239484
 0.0
 0.0
 0.0
 0.0
 0.0
 0.0
 3.138468392939438
 0.0
 0.0
 0.0
 0.0
 0.0
 0.0
 0.0
 0.0
 0.1088760055760516
 0.6183269077987663
 0.0
 0.0
 2.441995491400456
 1.0851638592640573
 0.0
 7.609067833457059
x_lj_opt: 1-dimensional DenseAxisArray{Float64,1,...} with index sets:
    Dimension 1, [(15, 30), (15, 29), (15, 23), (15, 3), (14, 28), (14, 27), (14, 10), (14, 24), (13, 26), (13, 25)  …  (3, 6), (3, 5), (3, 29), (2, 4), (2, 3), (2, 1), (2, 5), (1, 2), (1, 1), (1, 14)]
And data, a 53-element Vector{Float64}:
 2.0
 4.609067833457059
 0.0
 1.0
 0.5308580822762051
 1.0
 0.0
 0.0
 2.0
 0.17952434747924023
 0.7067202927890315
 1.7238099627174834
 0.9704217300036324
 0.30576830727888415
 1.4588162190668925
 0.0
 0.0
 0.0
 0.27619003728251657
 1.6235513427993227
 0.0
 2.0
 0.9035037350902781
 1.8061976492223222
 0.2189100751396694
 0.0
 5.363433612305785
 2.487452810509924
 0.0
 0.1491135771842912
 1.9274159962826325
 0.8508864228157088
 0.22169758090165892
 2.0
 6.0
 0.0
 1.800468213692463
 1.0
 0.0
 0.0
 1.1671049843824686
 1.9713634085569693
 0.0
 1.2584242467301492
 3.3764486572006773
 1.0851638592640573
 2.0
 0.0
 0.0
 1.0
 1.2932797072109685
 1.335040039759221
 0.0725840037173675
q_opt: 1-dimensional DenseAxisArray{Float64,1,...} with index sets:
    Dimension 1, [(43, 15), (43, 14), (44, 15), (44, 13), (44, 3), (40, 14), (40, 2), (41, 14), (42, 6), (37, 13)  …  (4, 13), (5, 2), (5, 7), (5, 9), (6, 11), (1, 1), (1, 6), (1, 3), (2, 1), (2, 15)]
And data, a 71-element Vector{Float64}:
 0.0
 0.617011203451368
 0.0
 0.7291261997661898
 0.8191393567893238
 0.38298879654863205
 0.0
 0.0
 0.0638449205815046
 0.27087380023381036
 0.0
 1.0
 0.0
 0.0
 0.375
 0.0
 0.0
 0.27059189046655374
 0.625
 0.0
 0.4164475078087657
 0.0
 1.0
 0.3497503736540716
 0.25590564299343843
 0.0
 0.375
 0.0
 0.7294081095334463
 0.6908365461006168
 0.7774933267067965
 0.0
 0.0
 0.0
 0.0
 0.0
 0.0
 0.0
 0.2225066732932035
 0.0
 0.0
 0.0
 1.0
 0.0
 0.0
 0.6502496263459284
 0.0
 0.9637079981413162
 0.0
 0.0
 0.0
 0.0
 0.0
 0.0
 0.5835524921912343
 0.0
 0.0
 0.0
 0.0
 0.0
 0.0
 0.0
 0.0
 0.03629200185868375
 0.30916345389938316
 0.0
 0.0
 0.305249436425057
 0.18086064321067621
 0.0
 1.0



