McCormick lower bound: -646.6570303642133

solution time: 0.005509853363037109

w_opt: 1-dimensional DenseAxisArray{Float64,1,...} with index sets:
    Dimension 1, [(25, 1, 2), (25, 1, 1), (25, 1, 14), (20, 1, 2), (20, 1, 1), (20, 1, 14), (1, 1, 2), (1, 1, 1), (1, 1, 14), (2, 1, 2)  …  (20, 15, 23), (20, 15, 3), (8, 15, 30), (8, 15, 29), (8, 15, 23), (8, 15, 3), (2, 15, 30), (2, 15, 29), (2, 15, 23), (2, 15, 3)]
And data, a 261-element Vector{Float64}:
 1.6267056718757402
 0.0
 0.0
 0.0
 0.20202551641146815
 0.0
 0.0
 0.0
 0.0
 0.0
 0.0
 0.0
 0.0
 0.0
 0.0
 0.0
 2.0
 0.0
 0.0
 1.0
 0.0
 0.0
 0.0
 0.0
 0.0
 0.0
 0.0
 0.0
 1.0485807505081886
 3.382807635488962
 0.0
 0.0
 0.0
 0.0
 0.0
 0.0
 0.2524855775929542
 0.0
 0.0
 0.0
 0.0
 0.0
 1.0007775299578536
 0.0
 0.3980378125434427
 0.0
 0.0
 0.0
 0.0
 1.0900422168446322
 1.506762261687566
 0.0
 0.0
 0.0
 0.0
 0.0
 0.0
 0.0
 0.0
 1.9997328039839677
 1.0
 0.0
 0.0
 0.0
 0.0
 0.0
 0.0
 0.0
 0.0
 0.0
 0.0
 0.3773790980661218
 1.1321372941983656
 0.0
 0.75
 2.25
 0.0
 0.5723089053204746
 1.7169267159614234
 0.0
 0.0
 0.0
 0.0
 0.0
 0.0
 0.0
 0.0
 0.0
 0.0
 0.0
 0.0
 0.0
 0.30031199661340363
 0.900935989840211
 0.0
 0.0
 0.0
 0.0
 0.0
 0.0
 0.0
 2.0
 0.969215442284811
 0.0
 0.0
 0.0
 0.0
 0.0
 0.0
 0.0
 0.0
 0.0
 0.0
 0.0
 0.0
 0.0
 0.0
 0.0
 4.419635417217977
 2.6289453332902117
 0.0
 0.0
 0.0
 0.23785481237295247
 0.7135644371188588
 0.0
 0.0
 0.0
 0.0
 0.0
 0.0
 0.0
 0.0
 0.0
 0.0
 0.0
 0.0
 0.0
 0.0
 0.0
 0.0
 0.0
 0.0
 0.0
 0.0
 0.0
 0.0
 0.0
 0.0
 0.0
 0.0
 0.0
 0.0
 0.5200401877117803
 0.19072419100632163
 0.0
 0.0
 1.4799598122882198
 0.7399799061441099
 0.0
 0.0
 0.0
 0.0
 0.0
 0.0
 0.0
 0.0
 0.0
 0.0
 0.0
 0.0
 0.0
 0.0
 2.0
 0.0
 0.0
 0.0
 0.24730984464007943
 0.0
 0.0
 0.0
 0.0
 0.0
 0.0
 0.0
 0.0
 0.0
 0.0
 0.0
 0.0
 0.0
 0.0
 0.0
 0.0
 1.7526901553599206
 1.0
 0.24730984464007943
 0.0
 0.0
 0.0
 0.0
 0.0
 0.0
 0.0
 0.0
 0.0
 1.329809749458473
 0.4464703484194474
 0.37329432812425983
 0.5669503826652131
 0.28347519133260657
 0.0
 0.0
 0.0
 0.0
 0.0
 0.0
 0.0
 0.0
 0.0
 0.0
 0.0
 0.39095889194427447
 0.0
 0.0
 0.45474110249884686
 0.6090411080557255
 0.0
 0.0
 0.0
 0.0
 0.0
 0.0
 0.0
 0.0
 0.0
 0.0
 0.0
 0.0
 0.0
 0.0
 0.0
 0.0
 0.0
 0.0
 0.0
 0.0
 0.0
 0.0
 0.20022918087635477
 0.0
 0.0
 0.0
 0.0
 0.0
 0.0
 0.0
 1.799770819123645
 4.499427047809113
 0.0
 0.8998854095618226
x_ij_opt: 1-dimensional DenseAxisArray{Float64,1,...} with index sets:
    Dimension 1, [(43, 30), (43, 22), (43, 6), (44, 22), (45, 30), (45, 29), (45, 28), (45, 24), (45, 23), (40, 29)  …  (5, 7), (5, 14), (6, 4), (6, 3), (1, 14), (1, 10), (1, 23), (1, 1), (3, 2), (3, 1)]
And data, a 116-element Vector{Float64}:
 0.0
 0.0
 0.0
 0.0
 0.0
 0.0
 1.5452588975011532
 0.0
 0.0
 0.0
 0.0
 0.0
 0.0
 0.0
 0.0
 0.0
 0.0
 0.0
 0.3126585346276831
 0.0
 0.0
 0.0
 0.0
 0.0
 0.10323986787631378
 0.0
 0.0
 2.0
 0.0
 0.0
 0.0
 0.0
 0.0
 0.0
 0.0
 0.0
 0.0
 0.0
 0.0
 0.0
 0.0
 0.0
 0.0
 0.9514192494918114
 0.0
 0.0
 0.0
 0.0
 0.0
 0.0
 0.0
 0.0
 0.0
 0.0
 0.0
 0.7526901553599208
 0.0
 1.3425097704090705
 0.030784557715188995
 2.0
 0.0
 0.0
 0.0
 0.0
 6.0
 0.0
 0.0
 0.0
 0.0
 0.6873414653723169
 0.0
 0.0
 0.0
 0.0
 0.0
 0.0
 0.0
 0.9099577831553678
 0.0
 0.0
 0.0
 0.0
 0.0
 0.0
 0.0
 0.0
 0.0
 0.0002671960160323117
 0.0
 1.617192364511038
 0.0
 0.0
 0.0
 0.0
 0.0
 0.0
 0.0
 0.270054460247946
 0.0
 0.10011459043817739
 0.0
 0.0
 0.0
 0.0
 0.0
 0.0
 0.0
 0.0
 0.0
 0.0
 0.0
 0.0
 0.0
 5.797974483588532
 0.0
 0.0
x_il_opt: 1-dimensional DenseAxisArray{Float64,1,...} with index sets:
    Dimension 1, [(43, 15), (43, 14), (44, 15), (44, 13), (44, 3), (40, 14), (40, 2), (41, 14), (42, 6), (37, 13)  …  (4, 13), (5, 2), (5, 7), (5, 9), (6, 11), (1, 1), (1, 6), (1, 3), (2, 1), (2, 15)]
And data, a 71-element Vector{Float64}:
 0.0
 0.39095889194427447
 0.0
 2.1495744260021805
 4.431388385997151
 1.0637822105545724
 0.0
 0.0
 1.5095163922644874
 0.8504255739978197
 0.0
 3.0
 0.0
 0.0
 3.0
 0.0
 0.0
 0.0
 7.048580750508188
 0.0
 0.3980378125434427
 0.0
 3.0
 0.7107643787181019
 2.289235621281898
 0.0
 0.9514192494918112
 0.0
 2.247309844640079
 0.0
 1.6267056718757402
 0.0
 0.0
 0.0
 0.0
 0.0
 0.0
 0.0
 0.20202551641146815
 0.20022918087635477
 0.0
 0.0
 2.9997328039839677
 0.0
 0.0
 2.2199397184323297
 0.0
 2.969215442284811
 0.0
 0.0
 0.0
 0.0
 0.0
 0.0
 2.5968044785321984
 0.0
 0.0
 0.2524855775929542
 0.0
 0.0
 0.0
 0.0
 0.0
 0.0
 0.0
 0.0
 0.0
 1.2012479864536145
 1.0007775299578536
 0.0
 7.199083276494581
x_lj_opt: 1-dimensional DenseAxisArray{Float64,1,...} with index sets:
    Dimension 1, [(15, 30), (15, 29), (15, 23), (15, 3), (14, 28), (14, 27), (14, 10), (14, 24), (13, 26), (13, 25)  …  (3, 6), (3, 5), (3, 29), (2, 4), (2, 3), (2, 1), (2, 5), (1, 2), (1, 1), (1, 14)]
And data, a 53-element Vector{Float64}:
 2.0
 4.499427047809113
 0.0
 0.8998854095618226
 0.45474110249884686
 1.0
 0.0
 0.0
 1.8967601321236862
 0.729945539752054
 0.37329432812425983
 1.7526901553599206
 1.0
 0.24730984464007943
 2.0
 0.0
 0.0
 0.0
 0.24730984464007943
 0.0
 0.0
 2.0
 0.9307040971504316
 0.0
 0.0
 0.0
 4.6574902295909295
 3.3425097704090705
 0.0
 0.0
 2.0
 0.969215442284811
 0.0
 2.0
 6.0
 0.0
 1.9997328039839677
 1.0
 0.0
 0.0
 1.0900422168446322
 1.9048000742310087
 0.0
 1.0485807505081886
 3.382807635488962
 1.2532631075508078
 2.0
 0.0
 0.0
 1.0
 1.6267056718757402
 0.20202551641146815
 0.0
q_opt: 1-dimensional DenseAxisArray{Float64,1,...} with index sets:
    Dimension 1, [(43, 15), (43, 14), (44, 15), (44, 13), (44, 3), (40, 14), (40, 2), (41, 14), (42, 6), (37, 13)  …  (4, 13), (5, 2), (5, 7), (5, 9), (6, 11), (1, 1), (1, 6), (1, 3), (2, 1), (2, 15)]
And data, a 71-element Vector{Float64}:
 0.0
 0.39095889194427447
 0.0
 0.7165248086673934
 0.7911228154081987
 0.6090411080557255
 0.0
 0.0
 0.18868954903306093
 0.28347519133260657
 0.0
 1.0
 0.0
 0.0
 0.375
 0.0
 0.0
 0.0
 0.8810725938135237
 0.0
 0.4549788915776839
 0.0
 1.0
 0.26002009385589014
 0.28615445266023726
 0.0
 0.11892740618647635
 0.0
 1.0
 1.0
 0.9663290805980886
 0.0
 0.0
 0.0
 0.0
 0.0
 0.0
 0.0
 0.03367091940191136
 0.10011459043817739
 0.0
 0.0
 1.0
 0.0
 0.0
 0.7399799061441099
 0.0
 1.0
 0.0
 0.0
 0.0
 0.0
 0.0
 0.0
 0.5450211084223161
 0.0
 0.0
 0.04208092959882567
 0.0
 0.0
 0.0
 0.0
 0.0
 0.0
 0.0
 0.0
 0.0
 0.15015599830670182
 0.1667962549929756
 0.0
 0.8998854095618226



