McCormick lower bound: -646.1588910604372

solution time: 0.005423784255981445

w_opt: 1-dimensional DenseAxisArray{Float64,1,...} with index sets:
    Dimension 1, [(25, 1, 2), (25, 1, 1), (25, 1, 14), (20, 1, 2), (20, 1, 1), (20, 1, 14), (1, 1, 2), (1, 1, 1), (1, 1, 14), (2, 1, 2)  …  (20, 15, 23), (20, 15, 3), (8, 15, 30), (8, 15, 29), (8, 15, 23), (8, 15, 3), (2, 15, 30), (2, 15, 29), (2, 15, 23), (2, 15, 3)]
And data, a 261-element Vector{Float64}:
 1.6803014607411302
 0.0
 0.0
 0.0
 0.4000832495978113
 0.0
 0.0
 0.0
 0.0
 0.0
 0.0
 0.0
 0.0
 0.0
 0.0
 0.0
 2.0
 0.0
 0.0
 1.0
 0.0
 0.0
 0.0
 0.0
 0.0
 0.0
 0.0
 0.0
 1.266885992789543
 3.491806063607878
 0.0
 0.0
 0.0
 0.0
 0.0
 0.0
 0.0
 0.0
 0.0
 0.0
 0.0
 0.0
 1.227260234692184
 0.0
 0.6598005397420263
 0.0
 0.0
 0.0
 0.0
 0.9902126731558071
 1.6956463283743797
 0.0
 0.0
 0.0
 0.0
 0.0
 0.0
 0.0
 0.0
 2.0
 1.0
 0.0
 0.0
 0.0
 0.0
 0.0
 0.0
 0.0
 0.0
 0.0
 0.0
 0.3897679879761144
 1.1693039639283431
 0.0
 0.75
 2.25
 0.0
 0.5724035946356163
 1.717210783906849
 0.0
 0.0
 0.0
 0.0
 0.0
 0.0
 0.0
 0.0
 0.0
 0.0
 0.0
 0.0
 0.0
 0.2878284173882693
 0.863485252164808
 0.0
 0.0
 0.0
 0.0
 0.0
 0.0
 0.0
 2.0
 0.9454668096507981
 0.0
 0.0
 0.0
 0.0
 0.0
 0.0
 0.0
 0.0
 0.0
 0.0
 0.0
 0.0
 0.0
 0.0
 0.0
 3.260422033649503
 1.685044776001295
 0.0
 0.05453319034920195
 0.0
 1.419879427091628
 1.580120572908372
 0.0
 0.0
 0.0
 0.0
 0.0
 0.0
 0.0
 0.0
 0.0
 0.0
 0.0
 0.0
 0.0
 0.0
 0.0
 0.0
 0.0
 0.0
 0.0
 0.0
 0.0
 0.0
 0.0
 0.0
 0.0
 0.0
 0.08005610571961233
 0.0
 0.5171621828226893
 0.19322343863484548
 0.0
 0.0
 1.4828378171773107
 0.7414189085886553
 0.0
 0.0
 0.0
 0.0
 0.0
 0.0
 0.0
 0.0
 0.0
 0.0
 0.0
 0.0
 0.0
 0.0
 2.0
 0.0
 0.0
 0.0
 0.6206122170260728
 0.0
 0.0
 0.0
 0.0
 0.0
 0.0
 0.0
 0.0
 0.0
 0.0
 0.0
 0.0
 0.0
 0.0
 0.0
 0.0
 1.3793877829739272
 0.97849065464745
 0.642121562378623
 0.0
 0.0
 0.0
 0.0
 0.0
 0.0
 0.0
 0.0
 0.0
 1.5052780253223337
 0.43294047340229713
 0.31969853925886993
 0.4947219746776663
 0.18682600675587735
 0.0
 0.0
 0.0
 0.0
 0.0
 0.0
 0.0
 0.0
 0.0
 0.0
 0.0
 0.0
 0.0
 0.0
 0.42042312301997714
 0.2355588081560992
 0.0
 0.0
 0.0
 0.0
 0.0
 0.0
 0.0
 0.7644411918439008
 0.0
 0.0
 0.0
 0.0
 0.0
 0.0
 0.0
 0.0
 0.0
 0.0
 0.0
 0.0
 0.0
 0.0
 0.0
 0.0
 0.0
 0.0
 0.0
 0.0
 0.0
 0.0
 2.0
 4.130618202929193
 0.0
 1.0
x_ij_opt: 1-dimensional DenseAxisArray{Float64,1,...} with index sets:
    Dimension 1, [(43, 30), (43, 22), (43, 6), (44, 22), (45, 30), (45, 29), (45, 28), (45, 24), (45, 23), (40, 29)  …  (5, 7), (5, 14), (6, 4), (6, 3), (1, 14), (1, 10), (1, 23), (1, 1), (3, 2), (3, 1)]
And data, a 116-element Vector{Float64}:
 0.0
 0.0
 0.0
 0.0
 0.0
 0.0
 1.579576876980023
 0.0
 0.0
 0.0
 0.0
 0.0
 0.0
 0.0
 0.0
 0.0
 0.0
 0.0
 0.24825530181467026
 0.0
 0.0
 0.0
 0.0
 0.0
 0.0
 0.0
 0.0
 2.0
 0.0
 0.0
 0.0
 0.0
 0.0
 0.0
 0.0
 0.0
 0.0
 0.0
 0.0
 0.0
 0.0
 0.0
 0.0
 0.7331140072104569
 0.0
 0.0
 0.0
 0.0
 0.0
 0.0
 0.0
 0.0
 0.0
 0.0
 0.0
 0.37938778297392695
 0.0
 1.3196985392588698
 0.0
 1.9199438942803877
 0.0
 0.0
 0.0
 0.0
 6.0
 0.0
 0.0
 0.0
 0.0
 0.7517446981853297
 0.0
 0.0
 0.0
 0.0
 0.0
 0.0
 0.0
 1.0097873268441928
 0.0
 0.0
 0.0
 0.0
 0.0
 0.0
 0.0
 0.0
 0.0
 0.0
 0.0
 1.508193936392122
 0.0
 0.0
 0.0
 0.0
 0.0
 0.0
 0.0
 0.3802335198418255
 0.0
 0.0
 0.0
 0.0
 0.0
 0.0
 0.0
 0.0
 0.0
 0.0
 0.0
 0.0
 0.0
 0.0
 0.021509345352550002
 5.599916750402189
 0.0
 0.0
x_il_opt: 1-dimensional DenseAxisArray{Float64,1,...} with index sets:
    Dimension 1, [(43, 15), (43, 14), (44, 15), (44, 13), (44, 3), (40, 14), (40, 2), (41, 14), (42, 6), (37, 13)  …  (4, 13), (5, 2), (5, 7), (5, 9), (6, 11), (1, 1), (1, 6), (1, 3), (2, 1), (2, 15)]
And data, a 71-element Vector{Float64}:
 0.0
 0.0
 0.0
 2.2579170379835007
 4.758692056397421
 0.6559819311760764
 0.0
 0.0
 1.5590719519044576
 0.6815479814335437
 0.0
 3.0
 0.0
 0.0
 3.0
 0.0
 0.0
 0.0
 5.0
 0.0
 0.6598005397420263
 0.7644411918439008
 3.0
 0.7103856214575348
 2.289614378542465
 0.0
 3.0
 0.0
 2.620612217026073
 0.0
 1.6803014607411302
 0.0
 0.0
 0.0
 0.0
 0.0
 0.0
 0.0
 0.4000832495978113
 0.0
 0.0
 0.0
 3.0
 0.0
 0.0
 2.224256725765966
 0.0
 2.945466809650798
 0.0
 0.0
 0.0
 0.0
 0.0
 0.0
 2.685859001530187
 0.0
 0.0
 0.0
 0.0
 0.0
 0.0
 0.0
 0.0
 0.0
 0.08005610571961233
 0.0
 0.0
 1.1513136695530772
 1.227260234692184
 0.0
 7.130618202929193
x_lj_opt: 1-dimensional DenseAxisArray{Float64,1,...} with index sets:
    Dimension 1, [(15, 30), (15, 29), (15, 23), (15, 3), (14, 28), (14, 27), (14, 10), (14, 24), (13, 26), (13, 25)  …  (3, 6), (3, 5), (3, 29), (2, 4), (2, 3), (2, 1), (2, 5), (1, 2), (1, 1), (1, 14)]
And data, a 53-element Vector{Float64}:
 2.0
 4.130618202929193
 0.0
 1.0
 0.42042312301997714
 1.0
 0.0
 0.0
 2.0
 0.6197664801581745
 0.3196985392588698
 1.3793877829739272
 0.97849065464745
 0.642121562378623
 2.0
 0.0
 0.0
 0.0
 0.6206122170260728
 0.0
 0.0
 2.0
 0.9346423472235008
 0.08005610571961233
 0.0
 0.0
 4.680301460741131
 3.265165348909667
 0.0
 0.054533190349201954
 2.0
 0.9454668096507981
 0.0
 2.0
 6.0
 0.0
 2.0
 1.0
 0.0
 0.0
 0.9902126731558071
 2.355446868116406
 0.0
 1.266885992789543
 3.491806063607878
 1.227260234692184
 2.0
 0.0
 0.0
 1.0
 1.6803014607411302
 0.4000832495978113
 0.0
q_opt: 1-dimensional DenseAxisArray{Float64,1,...} with index sets:
    Dimension 1, [(43, 15), (43, 14), (44, 15), (44, 13), (44, 3), (40, 14), (40, 2), (41, 14), (42, 6), (37, 13)  …  (4, 13), (5, 2), (5, 7), (5, 9), (6, 11), (1, 1), (1, 6), (1, 3), (2, 1), (2, 15)]
And data, a 71-element Vector{Float64}:
 0.0
 0.0
 0.0
 0.7526390126611668
 0.7954566275513026
 0.2355588081560992
 0.0
 0.0
 0.1948839939880572
 0.24736098733883316
 0.0
 1.0
 0.0
 0.0
 0.375
 0.0
 0.0
 0.0
 0.625
 0.0
 0.10996675662367095
 0.7644411918439008
 1.0
 0.25858109141134467
 0.28620179731780815
 0.0
 0.375
 0.0
 1.0
 0.9599719471401938
 0.9333194584003648
 0.0
 0.0
 0.0
 0.0
 0.0
 0.0
 0.0
 0.06668054159963521
 0.0
 0.0
 0.0
 1.0
 0.0
 0.0
 0.7414189085886553
 0.0
 1.0
 0.0
 0.0
 0.0
 0.0
 0.0
 0.0
 0.890033243376329
 0.0
 0.0
 0.0
 0.0
 0.0
 0.0
 0.0
 0.0
 0.0
 0.040028052859806165
 0.0
 0.0
 0.14391420869413465
 0.20454337244869733
 0.0
 1.0



