McCormick lower bound: -642.9111651174555

solution time: 0.005848884582519531

w_opt: 1-dimensional DenseAxisArray{Float64,1,...} with index sets:
    Dimension 1, [(25, 1, 2), (25, 1, 1), (25, 1, 14), (20, 1, 2), (20, 1, 1), (20, 1, 14), (1, 1, 2), (1, 1, 1), (1, 1, 14), (2, 1, 2)  …  (20, 15, 23), (20, 15, 3), (8, 15, 30), (8, 15, 29), (8, 15, 23), (8, 15, 3), (2, 15, 30), (2, 15, 29), (2, 15, 23), (2, 15, 3)]
And data, a 261-element Vector{Float64}:
 1.1531727198030153
 0.0
 0.004896900083772859
 0.04340651116414356
 0.7407200091412238
 0.0
 0.0
 0.0
 0.0
 0.0
 0.0
 0.0
 0.0
 0.0
 0.0
 0.0
 2.0
 0.0
 0.0
 1.0
 0.0
 0.0
 0.0
 0.0
 0.0
 0.0
 0.0
 0.0
 0.9313653889004659
 1.8851052268573594
 0.0
 0.0
 0.0
 0.0
 0.0
 2.343940456579423
 0.0
 0.0
 0.0
 0.0
 0.0
 0.28732112557305955
 0.8619633767191789
 0.0
 0.0
 0.0
 0.0
 0.0
 0.0
 1.2696313689466667
 2.6154954614850805
 0.0
 0.0
 0.0
 0.0
 0.0
 0.0
 0.0
 0.0
 1.8695767232964327
 1.0
 0.0
 0.0
 0.0
 0.0
 0.0
 0.0
 0.0
 0.0
 0.0
 0.0
 0.0
 0.0
 0.0
 0.6667335381043067
 2.00020061431292
 0.0
 0.47030576451039585
 1.4109172935311876
 0.0
 0.0
 0.0
 0.0
 0.0
 0.0
 0.0
 0.0
 0.0
 0.0
 0.0
 0.0
 0.0
 0.8629606973852975
 2.5888820921558926
 0.0
 0.0
 0.0
 0.0
 0.0
 0.0
 0.0
 1.9951030999162271
 0.8950918637310133
 0.10245968622710055
 0.0
 0.0
 0.007345350125659067
 0.0
 0.0
 0.0
 0.0
 0.0
 0.0
 0.0
 0.0
 0.0
 0.0
 0.0
 4.85620502236598
 2.0751603665344853
 0.0
 0.0
 0.0
 0.26715865277488415
 0.8014759583246502
 0.0
 0.0
 0.0
 0.0
 0.0
 0.0
 0.0
 0.0
 0.0
 0.0
 0.0
 0.0
 0.0
 0.0
 0.0
 0.0
 0.0
 0.0
 0.0
 0.0
 0.0
 0.0
 0.16770605201847508
 0.1783308612843603
 0.0
 0.0
 0.0
 0.0
 0.815348055548399
 0.30342888641001736
 0.0
 0.0
 1.184651944451601
 0.5923259722258004
 0.0
 0.0
 0.0
 0.0
 0.0
 0.0
 0.0
 0.0
 0.0
 0.0
 0.0
 0.0
 0.0
 0.0
 2.0
 0.0
 0.0
 0.0
 0.49213178634421606
 0.0
 0.0
 0.0
 0.0
 0.0
 0.0
 0.0
 0.0
 0.0
 0.0
 0.0
 0.0
 0.0
 0.0
 0.0
 0.0
 1.5078682136557837
 1.0
 0.4921317863442163
 0.0
 0.0
 0.0
 0.0
 0.0
 0.0
 0.0
 0.0
 0.0
 1.6068415380656826
 0.0
 0.8034207690328412
 0.0
 0.0
 0.0
 0.0
 0.0
 0.0
 0.3931584619343173
 0.121190543747937
 0.0
 0.0
 0.0
 0.0
 0.0
 0.9202761980222377
 0.0
 0.0
 0.15944760395552462
 0.07394836274785066
 0.0
 0.0
 0.0
 0.0
 0.0
 0.0
 0.0
 0.0
 0.0
 0.0
 0.0
 0.0
 0.0
 0.0
 0.0
 0.0
 0.0
 0.0
 0.0
 0.0
 0.0
 0.0
 0.274864404258468
 0.0
 0.0
 0.0
 0.0
 0.0
 0.0
 0.0
 1.725135595741532
 4.312838989353832
 0.0
 0.862567797870766
x_ij_opt: 1-dimensional DenseAxisArray{Float64,1,...} with index sets:
    Dimension 1, [(43, 30), (43, 22), (43, 6), (44, 22), (45, 30), (45, 29), (45, 28), (45, 24), (45, 23), (40, 29)  …  (5, 7), (5, 14), (6, 4), (6, 3), (1, 14), (1, 10), (1, 23), (1, 1), (3, 2), (3, 1)]
And data, a 116-element Vector{Float64}:
 0.0
 0.0
 0.0
 0.0
 0.0
 0.0
 1.8405523960444754
 0.0
 0.0
 0.0
 0.0
 0.0
 0.0
 0.0
 0.0
 0.0
 0.0
 0.0
 0.0
 0.0
 1.750602246339445
 0.0
 0.0
 0.0
 0.0
 0.0
 0.0
 2.0
 0.0
 0.33306584758277313
 0.0
 0.0
 0.0
 0.0
 0.0
 0.0
 0.0
 0.0
 0.0
 0.0
 0.0
 0.0
 0.0
 1.068634611099534
 0.0
 0.0
 0.0
 0.0
 0.0
 0.0
 0.0
 0.0
 0.0
 0.0
 0.0
 0.5078682136557839
 0.0
 0.8766363248591356
 0.10490813626898665
 1.832293947981525
 0.0
 0.0
 0.0
 0.0
 6.0
 0.0
 0.0
 0.0
 0.0
 0.8216691387156397
 0.0
 0.0
 0.0
 0.0
 0.0
 0.0
 0.005775439229911639
 0.7303686310533333
 0.0
 0.0
 0.0
 0.0
 0.0
 0.0
 0.0
 0.0
 0.0
 0.13042327670356735
 0.0
 0.4836331909901581
 0.0
 0.0
 0.0
 0.0
 0.0
 0.0
 0.0
 0.878809456252063
 0.0
 0.13743220212923402
 0.0
 0.0
 0.0
 0.0
 0.0
 0.0
 0.0
 0.0
 0.0
 0.0
 0.0
 0.0
 0.0
 3.3988727081665715
 0.0
 0.0
x_il_opt: 1-dimensional DenseAxisArray{Float64,1,...} with index sets:
    Dimension 1, [(43, 15), (43, 14), (44, 15), (44, 13), (44, 3), (40, 14), (40, 2), (41, 14), (42, 6), (37, 13)  …  (4, 13), (5, 2), (5, 7), (5, 9), (6, 11), (1, 1), (1, 6), (1, 3), (2, 1), (2, 15)]
And data, a 71-element Vector{Float64}:
 0.0
 0.9202761980222377
 0.0
 2.410262307098524
 2.8164706157578254
 0.23339596670337528
 0.0
 0.0
 0.0
 0.0
 0.0
 3.0
 0.0
 0.0
 2.6669341524172268
 0.0
 0.0
 0.0
 6.931365388900466
 0.0
 0.0
 0.0
 3.0
 1.1187769419584166
 1.8812230580415834
 0.0
 1.0686346110995344
 0.0
 2.492131786344216
 0.34603691330283537
 1.1580696198867881
 0.5143490056822543
 0.0
 0.0
 0.0
 0.0
 0.0
 0.0
 0.7841265203053673
 0.274864404258468
 0.0
 0.0
 2.869576723296433
 0.0
 0.0
 1.7769779166774016
 0.0
 2.992654649874341
 0.0
 0.0
 0.0
 0.0
 0.0
 0.0
 3.885126830431747
 0.0
 0.0
 2.343940456579423
 0.0
 0.0
 0.0
 0.0
 0.0
 0.007345350125659067
 0.0
 0.0
 0.0
 3.45184278954119
 1.1492845022922384
 0.0
 6.9005423829661305
x_lj_opt: 1-dimensional DenseAxisArray{Float64,1,...} with index sets:
    Dimension 1, [(15, 30), (15, 29), (15, 23), (15, 3), (14, 28), (14, 27), (14, 10), (14, 24), (13, 26), (13, 25)  …  (3, 6), (3, 5), (3, 29), (2, 4), (2, 3), (2, 1), (2, 5), (1, 2), (1, 1), (1, 14)]
And data, a 53-element Vector{Float64}:
 2.0
 4.312838989353832
 0.0
 0.862567797870766
 0.15944760395552462
 0.9942245607700884
 0.0
 0.0
 2.0
 0.121190543747937
 0.8034207690328412
 1.507868213655784
 1.0
 0.49213178634421606
 2.0
 0.0
 0.0
 0.0
 0.49213178634421606
 0.0
 0.0
 2.0
 0.8957548586358177
 0.16770605201847508
 0.1783308612843603
 0.0
 5.123363675140864
 2.8766363248591356
 0.0
 0.0
 1.9951030999162271
 0.8950918637310133
 0.10980503635275962
 2.0
 6.0
 0.0
 1.8695767232964327
 1.0
 0.0
 0.0
 1.2696313689466667
 2.6154954614850805
 0.0
 0.931365388900466
 4.516366809009842
 0.8619633767191789
 2.0
 0.0
 0.0
 1.0
 1.1965792309671588
 0.7407200091412238
 0.004896900083772859
q_opt: 1-dimensional DenseAxisArray{Float64,1,...} with index sets:
    Dimension 1, [(43, 15), (43, 14), (44, 15), (44, 13), (44, 3), (40, 14), (40, 2), (41, 14), (42, 6), (37, 13)  …  (4, 13), (5, 2), (5, 7), (5, 9), (6, 11), (1, 1), (1, 6), (1, 3), (2, 1), (2, 15)]
And data, a 71-element Vector{Float64}:
 0.0
 0.9202761980222377
 0.0
 0.8034207690328413
 0.46568269445023297
 0.07972380197776231
 0.0
 0.0
 0.0
 0.0
 0.0
 1.0
 0.0
 0.0
 0.33336676905215334
 0.0
 0.0
 0.0
 0.8664206736125581
 0.0
 0.36518431552666664
 0.0
 1.0
 0.4076740277741996
 0.23515288225519793
 0.0
 0.13357932638744185
 0.0
 1.0
 0.1783308612843603
 0.8765466651431294
 0.19657923096715865
 0.0
 0.0
 0.0
 0.0
 0.0
 0.0
 0.12345333485687064
 0.137432202129234
 0.0
 0.0
 1.0
 0.0
 0.0
 0.5923259722258004
 0.0
 0.9975515499581136
 0.0
 0.0
 0.0
 0.0
 0.0
 0.0
 0.6348156844733334
 0.0
 0.0
 0.3906567427632372
 0.0
 0.0
 0.0
 0.0
 0.0
 0.0024484500418864297
 0.8216691387156397
 0.0
 0.0
 0.4314803486926488
 0.1436605627865298
 0.0
 0.862567797870766



