McCormick lower bound: -646.6603159788693

solution time: 0.0055811405181884766

w_opt: 1-dimensional DenseAxisArray{Float64,1,...} with index sets:
    Dimension 1, [(25, 1, 2), (25, 1, 1), (25, 1, 14), (20, 1, 2), (20, 1, 1), (20, 1, 14), (1, 1, 2), (1, 1, 1), (1, 1, 14), (2, 1, 2)  …  (20, 15, 23), (20, 15, 3), (8, 15, 30), (8, 15, 29), (8, 15, 23), (8, 15, 3), (2, 15, 30), (2, 15, 29), (2, 15, 23), (2, 15, 3)]
And data, a 261-element Vector{Float64}:
 1.3188431218228407
 0.0
 0.0
 0.0
 0.960170638926134
 0.0
 0.0
 0.0
 0.0
 0.0
 0.0
 0.0
 0.0
 0.0
 0.0
 0.0
 2.0
 0.0
 0.0
 1.0
 0.0
 0.0
 0.0
 0.0
 0.0
 0.0
 0.0
 0.0
 1.1681672179430302
 2.150447132990524
 0.0
 0.0
 0.0
 0.0
 0.0
 1.8448352791141167
 1.3860782608121365
 0.0
 0.0
 0.0
 0.0
 0.0
 0.07231319122621939
 0.0
 0.25669052190887953
 0.0
 0.0
 0.0
 0.0
 1.154231824305185
 2.6655473457015777
 0.0
 0.0
 0.0
 0.0
 0.0
 0.0
 0.0
 0.0
 1.800317477724959
 1.0
 0.0
 0.0
 0.0
 0.0
 0.0
 0.0
 0.0
 0.0
 0.0
 0.0
 0.0
 0.0
 0.0
 0.75
 2.25
 0.0
 0.5280356380750213
 1.584106914225064
 0.0
 0.0
 0.0
 0.0
 0.0
 0.0
 0.0
 0.0
 0.0
 0.0
 0.0
 0.0
 0.0
 0.7219643619249787
 2.165893085774936
 0.0
 0.0
 0.0
 0.0
 0.0
 0.0
 0.0
 2.0
 0.9262860478876916
 0.0
 0.0
 0.0
 0.0
 0.0
 0.0
 0.0
 0.0
 0.0
 0.0
 0.0
 0.0
 0.0
 0.0
 0.0
 3.75
 1.25
 0.0
 0.0
 0.0
 1.3452594015883799
 1.6547405984116201
 0.0
 0.0
 0.0
 0.0
 0.0
 0.0
 0.0
 0.0
 0.0
 0.0
 0.0
 0.0
 0.0
 0.0
 0.0
 0.0
 0.0
 0.0
 0.0
 0.0
 0.0
 0.0
 0.7027023276532304
 0.0
 0.0
 0.0
 0.1405878718478884
 0.0
 0.6479222901682777
 0.2399351575316371
 0.0
 0.0
 1.3520777098317223
 0.6760388549158611
 0.0
 0.0
 0.0
 0.0
 0.0
 0.0
 0.0
 0.0
 0.0
 0.0
 0.0
 0.0
 0.0
 0.0
 1.4886123120888308
 0.0
 0.0
 0.0
 0.3336485660378872
 1.0047175878953591
 0.0
 0.0
 0.0
 0.0
 0.0
 0.0
 0.0
 0.0
 0.0
 0.0
 0.0
 0.0
 0.0
 0.0
 0.0
 1.6663514339621128
 1.0
 0.3336485660378872
 0.0
 0.0
 0.0
 0.0
 0.0
 0.0
 0.0
 0.0
 0.0
 1.4939469264111975
 0.06581658502843934
 0.6811568781771593
 0.5060530735888025
 0.16413361138673827
 0.0
 0.0
 0.0
 0.0
 0.0
 0.0
 0.0
 0.0
 0.0
 0.0
 0.0
 0.671670000343683
 0.0
 0.0
 0.49880895653596247
 0.24940447826798123
 0.0
 0.0
 0.0
 0.0
 0.0
 0.0
 0.0
 0.07892552138833585
 0.0
 0.0
 0.0
 0.0
 0.0
 0.0
 0.0
 0.0
 0.0
 0.0
 0.0
 0.0
 0.0
 0.0
 0.22332971041233018
 0.0
 0.0
 0.0
 0.0
 0.0
 0.0
 0.0
 1.7766702895876698
 4.207959981923757
 0.0
 0.8883351447938349
x_ij_opt: 1-dimensional DenseAxisArray{Float64,1,...} with index sets:
    Dimension 1, [(43, 30), (43, 22), (43, 6), (44, 22), (45, 30), (45, 29), (45, 28), (45, 24), (45, 23), (40, 29)  …  (5, 7), (5, 14), (6, 4), (6, 3), (1, 14), (1, 10), (1, 23), (1, 1), (3, 2), (3, 1)]
And data, a 116-element Vector{Float64}:
 0.0
 0.5113876879111692
 0.0
 0.0
 0.0
 0.0
 1.5011910434640376
 0.0
 0.0
 0.0
 0.0
 0.0
 0.0
 0.0
 0.0
 0.0
 0.0
 0.0
 0.2297376342886288
 0.0
 0.0
 0.0
 0.0
 0.0
 0.0
 0.0
 0.0
 2.0
 0.0
 0.0
 0.0
 0.0
 0.0
 0.0
 0.0
 0.0
 0.0
 0.0
 0.0
 0.0
 0.0
 0.0
 0.0
 0.8318327820569698
 0.0
 0.0
 0.0
 0.0
 0.0
 0.0
 0.0
 0.0
 0.0
 0.0
 0.0
 0.17302153397792264
 0.0
 0.9047405984116204
 0.07371395211230836
 1.1567098004988812
 0.0
 0.0
 0.0
 0.0
 6.0
 0.0
 0.0
 0.0
 0.0
 0.7702623657113712
 0.0
 0.0
 0.0
 0.0
 0.0
 0.0
 0.0
 0.845768175694815
 0.0
 0.0
 0.0
 0.0
 0.0
 0.0
 0.0
 0.0
 0.0
 0.1996825222750409
 0.0
 0.0
 0.0
 0.0
 0.0
 0.0
 0.0
 0.0
 0.0
 0.7700498035848224
 0.0
 0.11166485520616509
 0.0
 0.0
 0.0
 0.0
 0.0
 0.0
 0.0
 0.0
 0.0
 0.0
 0.0
 0.0
 0.0
 5.039829361073866
 0.0
 0.0
x_il_opt: 1-dimensional DenseAxisArray{Float64,1,...} with index sets:
    Dimension 1, [(43, 15), (43, 14), (44, 15), (44, 13), (44, 3), (40, 14), (40, 2), (41, 14), (42, 6), (37, 13)  …  (4, 13), (5, 2), (5, 7), (5, 9), (6, 11), (1, 1), (1, 6), (1, 3), (2, 1), (2, 15)]
And data, a 71-element Vector{Float64}:
 0.0
 0.671670000343683
 0.0
 2.240920389616796
 3.3186143509335544
 0.7482134348039438
 0.0
 0.0
 0.0
 0.6701866849755407
 0.0
 3.0
 0.0
 0.0
 3.0
 0.0
 0.0
 0.0
 5.0
 0.0
 0.25669052190887953
 0.07892552138833585
 3.0
 0.8878574476999148
 2.112142552300085
 0.0
 3.0
 0.0
 2.8269784660220774
 0.7027023276532304
 1.3188431218228407
 0.0
 0.0
 0.0
 0.0
 0.0
 0.0
 0.0
 0.960170638926134
 0.22332971041233018
 0.0
 0.0
 2.800317477724959
 0.0
 0.0
 2.0281165647475836
 0.0
 2.9262860478876918
 0.0
 0.0
 0.0
 0.0
 0.0
 0.0
 3.819779170006763
 0.0
 0.0
 3.230913539926253
 0.0
 0.0
 0.0
 0.0
 0.0
 0.0
 0.1405878718478884
 0.0
 0.0
 2.8878574476999144
 0.07231319122621939
 0.0
 6.872965416305262
x_lj_opt: 1-dimensional DenseAxisArray{Float64,1,...} with index sets:
    Dimension 1, [(15, 30), (15, 29), (15, 23), (15, 3), (14, 28), (14, 27), (14, 10), (14, 24), (13, 26), (13, 25)  …  (3, 6), (3, 5), (3, 29), (2, 4), (2, 3), (2, 1), (2, 5), (1, 2), (1, 1), (1, 14)]
And data, a 53-element Vector{Float64}:
 2.0
 4.207959981923757
 0.0
 0.8883351447938349
 0.49880895653596247
 1.0
 0.0
 0.0
 2.0
 0.2299501964151776
 0.6811568781771593
 1.6663514339621128
 1.0
 0.3336485660378872
 1.4886123120888308
 0.0
 0.0
 0.0
 0.3336485660378872
 1.0047175878953591
 0.0
 2.0
 0.9159740124474982
 0.8432901995011188
 0.0
 0.0
 5.09525940158838
 2.90474059841162
 0.0
 0.0
 2.0
 0.9262860478876916
 0.0
 2.0
 6.0
 0.0
 1.800317477724959
 1.0
 0.0
 0.0
 1.154231824305185
 2.9222378676104572
 0.0
 1.1681672179430302
 3.9952824121046406
 1.4583914520383559
 2.0
 0.0
 0.0
 1.0
 1.3188431218228407
 0.960170638926134
 0.0
q_opt: 1-dimensional DenseAxisArray{Float64,1,...} with index sets:
    Dimension 1, [(43, 15), (43, 14), (44, 15), (44, 13), (44, 3), (40, 14), (40, 2), (41, 14), (42, 6), (37, 13)  …  (4, 13), (5, 2), (5, 7), (5, 9), (6, 11), (1, 1), (1, 6), (1, 3), (2, 1), (2, 15)]
And data, a 71-element Vector{Float64}:
 0.0
 0.671670000343683
 0.0
 0.7469734632055988
 0.5840836089715151
 0.24940447826798123
 0.0
 0.0
 0.0
 0.25302653679440124
 0.0
 1.0
 0.0
 0.0
 0.375
 0.0
 0.0
 0.2556938439555846
 0.625
 0.0
 0.4228840878474075
 0.07892552138833585
 1.0
 0.32396114508413887
 0.26401781903751065
 0.0
 0.375
 0.0
 0.7443061560444154
 0.9297060640760558
 0.8399715601789777
 0.0
 0.0
 0.0
 0.0
 0.0
 0.0
 0.0
 0.16002843982102233
 0.11166485520616509
 0.0
 0.0
 1.0
 0.0
 0.0
 0.6760388549158611
 0.0
 1.0
 0.0
 0.0
 0.0
 0.0
 0.0
 0.0
 0.5771159121525925
 0.0
 0.0
 0.40386419249078165
 0.0
 0.0
 0.0
 0.0
 0.0
 0.0
 0.0702939359239442
 0.0
 0.0
 0.36098218096248935
 0.012052198537703231
 0.0
 0.8883351447938349



