McCormick lower bound: -642.1735976829669

solution time: 0.0056231021881103516

w_opt: 1-dimensional DenseAxisArray{Float64,1,...} with index sets:
    Dimension 1, [(25, 1, 2), (25, 1, 1), (25, 1, 14), (20, 1, 2), (20, 1, 1), (20, 1, 14), (1, 1, 2), (1, 1, 1), (1, 1, 14), (2, 1, 2)  …  (20, 15, 23), (20, 15, 3), (8, 15, 30), (8, 15, 29), (8, 15, 23), (8, 15, 3), (2, 15, 30), (2, 15, 29), (2, 15, 23), (2, 15, 3)]
And data, a 261-element Vector{Float64}:
 1.709660479447511
 0.0
 0.10727634983645884
 0.0
 0.7716536323127114
 0.0
 0.0
 0.0
 0.0
 0.0
 0.0
 0.0
 0.0
 0.0
 0.0
 0.0
 2.0
 0.0
 0.0
 1.0
 0.0
 0.0
 0.0
 0.0
 0.0
 0.0
 0.0
 0.0
 1.2655631376695784
 2.990947793605054
 0.0
 0.0
 0.0
 0.0
 0.0
 0.0
 0.0
 0.0
 0.0
 0.0
 0.0
 0.0
 0.29042865004356067
 0.0
 1.076398056082896
 0.0
 0.0
 0.0
 0.0
 1.064400885267082
 1.8946868566547541
 0.0
 0.0
 0.0
 0.0
 0.0
 0.0
 0.0
 0.0
 2.0
 1.0
 0.0
 0.0
 0.0
 0.0
 0.0
 0.0
 0.0
 0.0
 0.0
 0.0
 0.0008078655940531194
 0.002423596782159358
 0.0
 0.75
 2.25
 0.0
 0.5635297805161242
 1.6905893415483728
 0.0
 0.0
 0.0
 0.0
 0.0
 0.0
 0.0
 0.0
 0.0
 0.0
 0.0
 0.0
 0.0
 0.6856623538898228
 2.056987061669468
 0.0
 0.0
 0.0
 0.0
 0.0
 0.0
 0.0
 1.8737043430330862
 0.845851916546319
 0.09100025497022401
 0.0
 0.0
 0.18944348545037082
 0.0
 0.0
 0.0
 0.0
 0.0
 0.0
 0.0
 0.0
 0.0
 0.0
 0.0
 3.282867350150647
 1.5629845663956723
 0.0
 0.15414808345368103
 0.0
 1.5340694791333225
 1.4659305208666775
 0.0
 0.0
 0.0
 0.0
 0.0
 0.0
 0.0
 0.0
 0.0
 0.0
 0.0
 0.0
 0.0
 0.0
 0.0
 0.0
 0.0
 0.0
 0.0
 0.0
 0.0
 0.0
 0.0
 0.0
 0.0
 0.0
 0.1969907724252338
 0.0
 0.53511606101618
 0.2107648169193231
 0.0
 0.0
 1.46488393898382
 0.73244196949191
 0.0
 0.0
 0.0
 0.0
 0.0
 0.6876127042057307
 0.0
 0.0
 0.0
 0.0
 0.0
 0.0
 0.0
 0.0
 1.4639928639824327
 0.0
 0.0
 0.0
 0.2145676338283522
 1.3214395021892151
 0.0
 0.0
 0.0
 0.0
 0.0
 0.0
 0.0
 0.0
 0.0
 0.0
 0.0
 0.0
 0.0
 0.0
 0.0
 1.7854323661716474
 1.0
 0.21456763382835264
 0.0
 0.0
 0.0
 0.0
 0.0
 0.0
 0.0
 0.0
 0.0
 1.3110348081586278
 0.3651778835268249
 0.29033952055248896
 0.6889651918413725
 0.25447956431110375
 0.0
 0.0
 0.0
 0.0
 0.0
 0.0
 0.0
 0.0
 0.0
 0.0
 0.0
 0.8898540030337568
 0.0
 0.0
 0.2197972526068933
 0.11014599696624319
 0.0
 0.0
 0.0
 0.0
 0.0
 0.0
 0.0
 0.0
 0.0
 0.0
 0.0
 0.0
 0.0
 0.0
 0.0
 0.0
 0.0
 0.0
 0.0
 0.0
 0.0
 0.0
 0.16833209462397103
 0.0
 0.0
 0.0
 0.0
 0.0
 0.0
 0.0
 0.7267507116641095
 5.495003716128087
 0.0
 0.7300385284477194
x_ij_opt: 1-dimensional DenseAxisArray{Float64,1,...} with index sets:
    Dimension 1, [(43, 30), (43, 22), (43, 6), (44, 22), (45, 30), (45, 29), (45, 28), (45, 24), (45, 23), (40, 29)  …  (5, 7), (5, 14), (6, 4), (6, 3), (1, 14), (1, 10), (1, 23), (1, 1), (3, 2), (3, 1)]
And data, a 116-element Vector{Float64}:
 0.0
 0.5360071360175673
 0.0
 0.0
 1.1049171937119193
 0.0
 1.7802027473931066
 0.0
 0.0
 0.0
 0.0
 0.0
 0.0
 0.0
 0.0
 0.0
 0.0
 0.0
 0.32026333782778726
 0.0
 0.0
 0.0
 0.0
 0.0
 0.0
 0.0
 0.0
 2.0
 0.0
 0.0
 0.0
 0.0
 0.0
 0.0
 0.0
 0.0
 0.0
 0.0
 0.0
 0.0
 0.0
 0.0
 0.0
 0.7344368623304216
 0.0
 0.0
 0.0
 0.0
 0.0
 0.0
 0.0
 0.0
 0.0
 0.0
 0.0
 0.0
 0.0
 1.1830631707160302
 0.0
 1.8030092275747662
 0.0
 0.0
 0.0
 0.0
 6.0
 0.0
 0.0
 0.0
 0.0
 0.6797366621722127
 0.0
 0.0
 0.0
 0.0
 0.0
 0.0
 0.0
 0.9355991147329179
 0.0
 0.0
 0.0
 0.0
 0.0
 0.0
 0.0
 0.0
 0.0
 0.0
 0.0
 0.0
 0.0
 0.0
 0.0
 0.0
 0.0
 0.0
 0.0
 0.38034255216207136
 0.0
 0.26996147155228056
 0.0
 0.0
 0.0
 0.0
 0.0
 0.0
 0.0
 0.0
 0.0
 0.0
 0.019019307130454903
 0.0
 0.0
 4.947902627266694
 0.0
 0.0
x_il_opt: 1-dimensional DenseAxisArray{Float64,1,...} with index sets:
    Dimension 1, [(43, 15), (43, 14), (44, 15), (44, 13), (44, 3), (40, 14), (40, 2), (41, 14), (42, 6), (37, 13)  …  (4, 13), (5, 2), (5, 7), (5, 9), (6, 11), (1, 1), (1, 6), (1, 3), (2, 1), (2, 15)]
And data, a 71-element Vector{Float64}:
 0.0
 0.8898540030337568
 0.0
 1.9665522122379417
 4.256510931274632
 0.3299432495731365
 0.0
 0.0
 0.0032314623762124775
 0.9434447561524762
 0.0
 3.0
 0.0
 0.0
 3.0
 0.0
 0.0
 0.6876127042057307
 5.0
 0.0
 1.076398056082896
 0.0
 3.0
 0.7458808779355032
 2.254119122064497
 0.0
 3.0
 0.0
 3.0
 0.0
 1.8169368292839698
 0.0
 0.0
 0.0
 0.0
 0.0
 0.0
 0.0
 0.7716536323127114
 0.16833209462397103
 0.0
 0.0
 3.0
 0.0
 0.0
 2.19732590847573
 0.0
 2.810556514549629
 0.0
 0.0
 0.0
 0.0
 0.0
 0.0
 2.959087741921836
 0.0
 0.0
 0.0
 0.0
 0.0
 0.0
 0.0
 0.0
 0.18944348545037082
 0.1969907724252338
 0.0
 0.0
 2.742649415559291
 0.29042865004356067
 0.0
 6.951792956239917
x_lj_opt: 1-dimensional DenseAxisArray{Float64,1,...} with index sets:
    Dimension 1, [(15, 30), (15, 29), (15, 23), (15, 3), (14, 28), (14, 27), (14, 10), (14, 24), (13, 26), (13, 25)  …  (3, 6), (3, 5), (3, 29), (2, 4), (2, 3), (2, 1), (2, 5), (1, 2), (1, 1), (1, 14)]
And data, a 53-element Vector{Float64}:
 0.8950828062880806
 5.495003716128087
 0.0
 0.7300385284477194
 0.2197972526068933
 1.0
 0.0
 0.0
 2.0
 0.6196574478379286
 0.290339520552489
 1.7854323661716478
 1.0
 0.2145676338283522
 1.4639928639824327
 0.0
 0.0
 0.0
 0.2145676338283522
 2.009052206394946
 0.0
 2.0
 0.9432067864112331
 0.1969907724252338
 0.0
 0.0
 4.81693682928397
 3.02891508726235
 0.0
 0.15414808345368103
 1.8737043430330862
 0.845851916546319
 0.28044374042059483
 2.0
 6.0
 0.0
 2.0
 1.0
 0.0
 0.0
 1.064400885267082
 2.97108491273765
 0.0
 1.2655631376695784
 2.990947793605054
 0.29042865004356067
 2.0
 0.0
 0.0
 1.0
 1.709660479447511
 0.7716536323127114
 0.10727634983645884
q_opt: 1-dimensional DenseAxisArray{Float64,1,...} with index sets:
    Dimension 1, [(43, 15), (43, 14), (44, 15), (44, 13), (44, 3), (40, 14), (40, 2), (41, 14), (42, 6), (37, 13)  …  (4, 13), (5, 2), (5, 7), (5, 9), (6, 11), (1, 1), (1, 6), (1, 3), (2, 1), (2, 15)]
And data, a 71-element Vector{Float64}:
 0.0
 0.8898540030337568
 0.0
 0.6555174040793139
 0.9515952249927399
 0.11014599696624316
 0.0
 0.0
 0.0004039327970265597
 0.34448259592068625
 0.0
 1.0
 0.0
 0.0
 0.375
 0.0
 0.0
 0.26800356800878367
 0.625
 0.0
 0.46779955736645895
 0.0
 1.0
 0.26755803050809
 0.2817648902580621
 0.0
 0.375
 0.0
 0.7319964319912163
 0.9015046137873831
 0.8548302397237555
 0.0
 0.0
 0.0
 0.0
 0.0
 0.0
 0.0
 0.1451697602762445
 0.08416604731198551
 0.0
 0.0
 1.0
 0.0
 0.0
 0.73244196949191
 0.0
 0.9368521715165431
 0.0
 0.0
 0.0
 0.0
 0.0
 0.0
 0.532200442633541
 0.0
 0.0
 0.0
 0.0
 0.0
 0.0
 0.0
 0.0
 0.06314782848345694
 0.0984953862126169
 0.0
 0.0
 0.34283117694491133
 0.04840477500726011
 0.0
 0.9158339526880145



