McCormick lower bound: -649.4152102563412

solution time: 0.00569605827331543

w_opt: 1-dimensional DenseAxisArray{Float64,1,...} with index sets:
    Dimension 1, [(25, 1, 2), (25, 1, 1), (25, 1, 14), (20, 1, 2), (20, 1, 1), (20, 1, 14), (1, 1, 2), (1, 1, 1), (1, 1, 14), (2, 1, 2)  …  (20, 15, 23), (20, 15, 3), (8, 15, 30), (8, 15, 29), (8, 15, 23), (8, 15, 3), (2, 15, 30), (2, 15, 29), (2, 15, 23), (2, 15, 3)]
And data, a 261-element Vector{Float64}:
 1.6176489230009894
 0.0
 0.1483680694815881
 0.0
 0.0
 0.0
 0.0
 0.0
 0.0
 0.0
 0.0
 0.0
 0.0
 0.0
 0.0
 0.0
 2.0
 0.18375187001195703
 0.0
 0.816248129988043
 0.0
 0.0
 0.0
 0.0
 0.0
 0.0
 0.0
 0.0
 0.8579785127320452
 1.9346548171190077
 0.0
 0.0
 0.0
 0.0
 0.0
 3.249097052892949
 1.3189888961788705
 0.0
 0.0
 0.0
 0.0
 0.0
 0.0
 0.0
 0.0
 0.0
 0.0
 0.0
 0.0
 1.3377003465714215
 3.348262478032872
 0.0
 0.0
 0.0
 0.0
 0.0
 0.0
 0.0
 0.0
 2.0
 1.0
 0.0
 0.0
 0.0
 0.0
 0.0
 0.0
 0.0
 0.0
 0.0
 0.0
 0.11372295402187967
 0.341168862065639
 0.0
 0.75
 2.25
 0.0
 0.5926041409350975
 1.7778124228052925
 0.0
 0.0
 0.0
 0.0
 0.0
 0.0
 0.0
 0.0
 0.0
 0.0
 0.0
 0.0
 0.0
 0.5436729050430227
 1.6310187151290685
 0.0
 0.0
 0.0
 0.0
 0.0
 0.0
 0.0
 1.851631930518412
 0.8032471357122897
 0.05616582239624712
 0.0
 0.0
 0.22255210422238214
 0.0
 0.0
 0.0
 0.0
 0.0
 0.0
 0.0
 0.0
 0.0
 0.0
 0.0
 4.321358889260185
 1.2437000987990174
 0.0
 0.1967528642877103
 0.0
 0.981930656089661
 1.256257491563426
 0.0
 0.0
 0.0
 0.0
 0.0
 0.0
 0.0
 0.0
 0.0
 0.0
 0.0
 0.0
 0.0
 0.0
 0.0
 0.0
 0.0
 0.0
 0.0
 0.0
 0.0
 0.0
 0.5372725528672693
 0.0
 0.0
 0.0
 0.01332180432809782
 0.0
 0.45766216245638025
 0.17192127380322997
 0.0
 0.0
 1.5423378375436196
 0.7711689187718098
 0.0
 0.0
 0.0
 0.0
 0.0
 0.0
 0.0
 0.0
 0.0
 0.0
 0.0
 0.0
 0.0
 0.0
 2.0
 0.0
 0.0
 0.0
 0.8482200683953156
 0.0
 0.0
 0.0
 0.0
 0.0
 0.0
 0.0
 0.0
 0.0
 0.0
 0.0
 0.0
 0.0
 0.0
 0.0
 0.0
 1.1517799316046844
 0.8959736935534625
 0.9522463748418531
 0.0
 0.0
 0.0
 0.0
 0.0
 0.0
 0.0
 0.0
 0.0
 1.4000071598138957
 0.3176525029079371
 0.3823510769990106
 0.5999928401861043
 0.24606709327661005
 0.0
 0.0
 0.0
 0.0
 0.0
 0.0
 0.0
 0.0
 0.0
 0.0
 0.0
 0.0
 0.0
 0.0
 0.2476447147278243
 0.3138507061902105
 0.0
 0.0
 0.0
 0.0
 0.0
 0.0
 0.0
 0.6861492938097895
 0.0
 0.0
 0.0
 0.0
 0.0
 0.0
 0.0
 0.0
 0.0
 0.0
 0.0
 0.0
 0.0
 0.0
 0.36750374002391406
 0.0
 0.0
 0.0
 0.0
 0.0
 0.0
 0.0
 1.632496259976086
 3.728764728979276
 0.0
 0.816248129988043
x_ij_opt: 1-dimensional DenseAxisArray{Float64,1,...} with index sets:
    Dimension 1, [(43, 30), (43, 22), (43, 6), (44, 22), (45, 30), (45, 29), (45, 28), (45, 24), (45, 23), (40, 29)  …  (5, 7), (5, 14), (6, 4), (6, 3), (1, 14), (1, 10), (1, 23), (1, 1), (3, 2), (3, 1)]
And data, a 116-element Vector{Float64}:
 0.0
 0.0
 0.37749982707434215
 0.0
 0.0
 0.0
 1.7523552852721758
 0.0
 0.0
 0.0
 0.0
 0.0
 0.0
 0.0
 0.0
 0.0
 0.0
 0.0
 0.2944578253026612
 0.0
 0.0
 0.0
 0.0
 0.0
 0.0
 0.0
 0.0
 2.0
 0.0
 0.0
 0.0
 0.0
 0.0
 0.0
 0.0
 0.0
 0.0
 0.0
 0.0
 0.0
 0.0
 0.0
 0.0
 0.7645216601936127
 0.0
 0.0
 0.0
 0.0
 0.0
 0.0
 0.0
 0.0
 0.0
 0.0
 0.0
 0.1517799316046844
 0.0
 0.6967104546501535
 0.0
 1.449405642804633
 0.0
 0.0
 0.0
 0.0
 6.0
 0.0
 0.0
 0.0
 0.0
 0.7055421746973388
 0.0
 0.0
 0.0
 0.0
 0.0
 0.0
 0.0
 0.6622996534285785
 0.0
 0.0
 0.0
 0.0
 0.0
 0.0
 0.0
 0.0
 0.0
 0.0
 0.0
 0.0
 0.0
 0.0
 0.0
 0.0
 0.0
 0.0
 0.0
 0.43628040381545286
 0.0
 0.0
 0.0
 0.0
 0.0
 0.0
 0.0
 0.0
 0.0
 0.0
 0.0
 0.0
 0.0
 0.0
 0.10402630644653751
 5.721282073381371
 0.0
 0.0
x_il_opt: 1-dimensional DenseAxisArray{Float64,1,...} with index sets:
    Dimension 1, [(43, 15), (43, 14), (44, 15), (44, 13), (44, 3), (40, 14), (40, 2), (41, 14), (42, 6), (37, 13)  …  (4, 13), (5, 2), (5, 7), (5, 9), (6, 11), (1, 1), (1, 6), (1, 3), (2, 1), (2, 15)]
And data, a 71-element Vector{Float64}:
 0.0
 0.0
 0.0
 2.1000107397208434
 2.7926333298510526
 0.5614954209180347
 0.0
 0.0
 0.45489181608751866
 0.8460599334627144
 0.0
 3.0
 0.0
 0.0
 3.0
 0.0
 0.0
 0.0
 5.761811852346913
 0.0
 0.0
 0.6861492938097895
 3.0
 0.6295834362596102
 2.37041656374039
 0.0
 2.238188147653087
 0.0
 2.8482200683953156
 0.5372725528672693
 1.7660169924825773
 0.0
 0.0
 0.0
 0.0
 0.0
 0.0
 0.0
 0.0
 0.36750374002391406
 0.0
 0.0
 3.0
 0.0
 0.0
 2.3135067563154292
 0.0
 2.7110448886269487
 0.0
 0.0
 0.0
 0.0
 0.0
 0.0
 4.685962824604293
 0.0
 0.0
 4.568085949071819
 0.0
 0.0
 0.0
 0.0
 0.0
 0.22255210422238214
 0.01332180432809782
 0.0
 0.0
 2.174691620172091
 0.0
 0.0
 6.177509118943405
x_lj_opt: 1-dimensional DenseAxisArray{Float64,1,...} with index sets:
    Dimension 1, [(15, 30), (15, 29), (15, 23), (15, 3), (14, 28), (14, 27), (14, 10), (14, 24), (13, 26), (13, 25)  …  (3, 6), (3, 5), (3, 29), (2, 4), (2, 3), (2, 1), (2, 5), (1, 2), (1, 1), (1, 14)]
And data, a 53-element Vector{Float64}:
 2.0
 3.728764728979276
 0.0
 0.816248129988043
 0.2476447147278243
 1.0
 0.0
 0.0
 2.0
 0.5637195961845471
 0.3823510769990106
 1.1517799316046844
 0.8959736935534625
 0.9522463748418531
 2.0
 0.0
 0.0
 0.0
 0.8482200683953156
 0.0
 0.0
 2.0
 0.9430901925750398
 0.5505943571953671
 0.0
 0.0
 5.3032895453498465
 2.4999575903624436
 0.0
 0.1967528642877103
 1.851631930518412
 0.8032471357122897
 0.27871792661862926
 2.0
 6.0
 0.0
 2.0
 1.0
 0.0
 0.0
 1.3377003465714215
 3.348262478032872
 0.0
 0.8579785127320452
 5.183751870011957
 1.3189888961788705
 2.0
 0.18375187001195703
 0.0
 0.816248129988043
 1.6176489230009894
 0.0
 0.1483680694815881
q_opt: 1-dimensional DenseAxisArray{Float64,1,...} with index sets:
    Dimension 1, [(43, 15), (43, 14), (44, 15), (44, 13), (44, 3), (40, 14), (40, 2), (41, 14), (42, 6), (37, 13)  …  (4, 13), (5, 2), (5, 7), (5, 9), (6, 11), (1, 1), (1, 6), (1, 3), (2, 1), (2, 15)]
And data, a 71-element Vector{Float64}:
 0.0
 0.0
 0.0
 0.7000035799069478
 0.4289892563660226
 0.3138507061902105
 0.0
 0.0
 0.05686147701093983
 0.29999642009305216
 0.0
 1.0
 0.0
 0.0
 0.375
 0.0
 0.0
 0.0
 0.7202264815433641
 0.0
 0.3311498267142893
 0.6861492938097895
 1.0
 0.22883108122819015
 0.29630207046754875
 0.0
 0.2797735184566359
 0.0
 1.0
 0.9933390978359511
 1.0
 0.0
 0.0
 0.0
 0.0
 0.0
 0.0
 0.0
 0.0
 0.18375187001195703
 0.0
 0.0
 1.0
 0.0
 0.0
 0.7711689187718098
 0.0
 0.925815965259206
 0.0
 0.0
 0.0
 0.0
 0.0
 0.0
 0.6688501732857107
 0.0
 0.0
 0.5710107436339774
 0.0
 0.0
 0.0
 0.0
 0.0
 0.07418403474079405
 0.00666090216404891
 0.0
 0.0
 0.2718364525215114
 0.0
 0.0
 0.816248129988043



