McCormick lower bound: -644.5099193286674

solution time: 0.005715131759643555

w_opt: 1-dimensional DenseAxisArray{Float64,1,...} with index sets:
    Dimension 1, [(25, 1, 2), (25, 1, 1), (25, 1, 14), (20, 1, 2), (20, 1, 1), (20, 1, 14), (1, 1, 2), (1, 1, 1), (1, 1, 14), (2, 1, 2)  …  (20, 15, 23), (20, 15, 3), (8, 15, 30), (8, 15, 29), (8, 15, 23), (8, 15, 3), (2, 15, 30), (2, 15, 29), (2, 15, 23), (2, 15, 3)]
And data, a 261-element Vector{Float64}:
 1.3927861622030817
 0.0
 0.0
 0.0
 0.06311848535590503
 0.0
 0.0
 0.0
 0.0
 0.0
 0.0
 0.0
 0.0
 0.0
 0.0
 0.0
 1.9528176183990134
 0.027986841547545938
 0.0
 1.0191955400534407
 0.0
 0.0
 0.0
 0.0
 0.0
 0.0
 0.0
 0.0
 1.0573547530585976
 2.873016959240974
 0.0
 0.0
 0.0
 0.0
 0.0
 0.0
 0.0
 0.0
 0.0
 0.0
 0.0
 0.0
 0.7062801563417701
 0.0
 1.544582633994572
 0.0
 0.0
 0.0
 0.0
 1.1004583956507121
 2.2739862383766956
 0.047182381600986645
 0.0
 0.0
 0.0
 0.0
 0.0
 0.0
 0.0
 2.0
 1.0
 0.0
 0.0
 0.0
 0.0
 0.0
 0.0
 0.0
 0.0
 0.0
 0.0
 0.39844410458319673
 1.1953323137495901
 0.0
 0.75
 2.25
 0.0
 0.5123463131632694
 1.5370389394898083
 0.0
 0.0
 0.0
 0.0
 0.0
 0.0
 0.0
 0.0
 0.0
 0.0
 0.0
 0.0
 0.0
 0.3392095822535337
 1.0176287467606013
 0.0
 0.0
 0.0
 0.0
 0.0
 0.0
 0.0
 2.0
 0.9708876171572691
 0.0
 0.0
 0.0
 0.0
 0.0
 0.0
 0.0
 0.0
 0.0
 0.0
 0.0
 0.0
 0.0
 0.0
 0.0
 5.188295186961939
 1.8690595660966585
 0.0
 0.0
 0.0
 0.6302736854093279
 0.3123715615320739
 0.0
 0.0
 0.0
 0.0
 0.0
 0.0
 0.0
 0.0
 0.0
 0.0
 0.0
 0.0
 0.0
 0.0
 0.0
 0.0
 0.0
 0.0
 0.0
 0.0
 0.0
 0.0
 1.3966703273254553
 0.0
 0.0
 0.0
 0.6033296726745447
 0.0
 0.6908555398391638
 0.25975920750775877
 0.0
 0.0
 1.3091444601608362
 0.6545722300804181
 0.0
 0.0
 0.0
 0.0
 0.0
 0.0
 0.0
 0.0
 0.0
 0.0
 0.0
 0.0
 0.0
 0.0
 1.528430192497181
 0.0
 0.0
 0.0
 0.294536488132928
 1.177033319369891
 0.0
 0.0
 0.0
 0.0
 0.0
 0.0
 0.0
 0.0
 0.0
 0.0
 0.0
 0.0
 0.0
 0.0
 0.0
 1.705463511867072
 1.0
 0.294536488132928
 0.0
 0.0
 0.0
 0.0
 0.0
 0.0
 0.0
 0.0
 0.0
 1.4749042388687292
 0.1302382816374461
 0.6072138377969184
 0.5250957611312705
 0.17075209681052905
 0.0
 0.0
 0.0
 0.0
 0.0
 0.0
 0.0
 0.0
 0.0
 0.0
 0.0
 0.0
 0.0
 0.0
 0.613950853001599
 0.48018994111312285
 0.0
 0.0
 0.0
 0.0
 0.0
 0.0
 0.0
 0.5198100588868771
 0.0
 0.0
 0.0
 0.0
 0.0
 0.0
 0.0
 0.0
 0.0
 0.0
 0.0
 0.0
 0.0
 0.0
 0.22030678488602962
 0.0
 0.0
 0.0
 0.0
 0.0
 0.0
 0.0
 1.2297428973735942
 4.999183355525302
 0.0
 0.8898466075569853
x_ij_opt: 1-dimensional DenseAxisArray{Float64,1,...} with index sets:
    Dimension 1, [(43, 30), (43, 22), (43, 6), (44, 22), (45, 30), (45, 29), (45, 28), (45, 24), (45, 23), (40, 29)  …  (5, 7), (5, 14), (6, 4), (6, 3), (1, 14), (1, 10), (1, 23), (1, 1), (3, 2), (3, 1)]
And data, a 116-element Vector{Float64}:
 0.0
 0.47156980750281896
 0.0
 0.0
 0.5499503177403762
 0.0
 1.3860491469984009
 0.0
 0.0
 0.0
 0.0
 0.0
 0.0
 0.0
 0.0
 0.0
 0.0
 0.0
 0.2171620666451628
 0.0
 0.0
 0.0
 0.0
 0.0
 0.0
 0.0
 0.0
 2.0
 0.0
 0.0
 0.0
 0.0
 0.0
 0.0
 0.0
 0.0
 0.0
 0.0
 0.0
 0.0
 0.0
 0.0
 0.0
 0.9426452469414024
 0.0
 0.0
 0.0
 0.0
 0.0
 0.0
 0.0
 0.0
 0.0
 0.0
 0.0
 0.0
 0.0
 0.18143112762873215
 0.029112382842730877
 0.0
 0.0
 0.0
 0.0
 0.0
 6.0
 0.0
 0.0
 0.0
 0.0
 0.7828379333548372
 0.0
 0.0
 0.0
 0.0
 0.0
 0.0
 0.0
 0.8995416043492879
 0.0
 0.0
 0.0
 0.0
 0.0
 0.0
 0.0
 0.0
 0.0
 0.0
 0.0
 0.9307541813356939
 0.0
 0.0
 0.0
 0.0
 0.0
 0.0
 0.0
 0.6990096215520248
 0.0
 0.08216655089546876
 0.0
 0.0
 0.0
 0.0
 0.0
 0.0
 0.0
 0.0
 0.0
 0.0
 0.0
 0.0
 0.0
 5.936881514644095
 0.0
 0.0
x_il_opt: 1-dimensional DenseAxisArray{Float64,1,...} with index sets:
    Dimension 1, [(43, 15), (43, 14), (44, 15), (44, 13), (44, 3), (40, 14), (40, 2), (41, 14), (42, 6), (37, 13)  …  (4, 13), (5, 2), (5, 7), (5, 9), (6, 11), (1, 1), (1, 6), (1, 3), (2, 1), (2, 15)]
And data, a 71-element Vector{Float64}:
 0.0
 0.0
 0.0
 2.2123563583030936
 3.9303717122995714
 1.0941407941147219
 0.0
 0.0
 1.593776418332787
 0.6958478579417996
 0.0
 3.0
 0.0
 0.0
 3.0
 0.0
 0.0
 0.0
 7.057354753058598
 0.0
 1.544582633994572
 0.5198100588868771
 3.0
 0.9506147473469226
 2.049385252653077
 0.0
 0.9426452469414018
 0.0
 3.0
 1.3966703273254553
 1.3927861622030817
 0.0
 0.0
 0.0
 0.0
 0.0
 0.0
 0.0
 0.06311848535590503
 0.22030678488602962
 0.0
 0.0
 3.0
 0.0
 0.0
 1.9637166902412542
 0.0
 2.970887617157269
 0.0
 0.0
 0.0
 0.0
 0.0
 0.0
 3.4216270156283946
 0.0
 0.0
 0.0
 0.0
 0.0
 0.0
 0.0
 0.0
 0.0
 0.6033296726745447
 0.0
 0.0
 1.3568383290141348
 0.7062801563417701
 0.0
 7.1187728604558815
x_lj_opt: 1-dimensional DenseAxisArray{Float64,1,...} with index sets:
    Dimension 1, [(15, 30), (15, 29), (15, 23), (15, 3), (14, 28), (14, 27), (14, 10), (14, 24), (13, 26), (13, 25)  …  (3, 6), (3, 5), (3, 29), (2, 4), (2, 3), (2, 1), (2, 5), (1, 2), (1, 1), (1, 14)]
And data, a 53-element Vector{Float64}:
 1.4500496822596238
 4.999183355525302
 0.0
 0.8898466075569853
 0.613950853001599
 1.0
 0.0
 0.0
 2.0
 0.30099037844797516
 0.6072138377969184
 1.705463511867072
 1.0
 0.294536488132928
 1.528430192497181
 0.0
 0.0
 0.0
 0.294536488132928
 1.177033319369891
 0.0
 2.0
 0.9143314375881768
 2.0
 0.0
 0.0
 5.818568872371268
 2.1814311276287324
 0.0
 0.0
 2.0
 0.9708876171572691
 0.0
 2.0
 6.0
 0.0
 2.0
 1.0
 0.0
 0.0
 1.1004583956507121
 3.8185688723712676
 0.047182381600986645
 1.0573547530585976
 2.873016959240974
 0.7062801563417701
 1.9528176183990134
 0.027986841547545938
 0.0
 1.0191955400534407
 1.3927861622030817
 0.06311848535590503
 0.0
q_opt: 1-dimensional DenseAxisArray{Float64,1,...} with index sets:
    Dimension 1, [(43, 15), (43, 14), (44, 15), (44, 13), (44, 3), (40, 14), (40, 2), (41, 14), (42, 6), (37, 13)  …  (4, 13), (5, 2), (5, 7), (5, 9), (6, 11), (1, 1), (1, 6), (1, 3), (2, 1), (2, 15)]
And data, a 71-element Vector{Float64}:
 0.0
 0.0
 0.0
 0.7374521194343646
 0.882286640609705
 0.48018994111312285
 0.0
 0.0
 0.19922205229159837
 0.26254788056563527
 0.0
 1.0
 0.0
 0.0
 0.375
 0.0
 0.0
 0.23578490375140948
 0.8821693441323247
 0.0
 0.25743043899909535
 0.5198100588868771
 1.0
 0.3454277699195819
 0.2561731565816347
 0.0
 0.11783065586767523
 0.0
 0.7642150962485905
 0.6983351636627276
 0.9894802524406825
 0.0
 0.0
 0.0
 0.0
 0.0
 0.0
 0.0
 0.010519747559317505
 0.11015339244301481
 0.0
 0.0
 1.0
 0.0
 0.0
 0.6545722300804181
 0.0
 1.0
 0.0
 0.0
 0.0
 0.0
 0.0
 0.0
 0.7425695610009047
 0.0
 0.0
 0.0
 0.0
 0.0
 0.0
 0.0
 0.0
 0.0
 0.30166483633727237
 0.0
 0.0
 0.1696047911267669
 0.11771335939029502
 0.0
 0.8898466075569853



