McCormick lower bound: -642.8547685416773

solution time: 0.005396127700805664

w_opt: 1-dimensional DenseAxisArray{Float64,1,...} with index sets:
    Dimension 1, [(25, 1, 2), (25, 1, 1), (25, 1, 14), (20, 1, 2), (20, 1, 1), (20, 1, 14), (1, 1, 2), (1, 1, 1), (1, 1, 14), (2, 1, 2)  …  (20, 15, 23), (20, 15, 3), (8, 15, 30), (8, 15, 29), (8, 15, 23), (8, 15, 3), (2, 15, 30), (2, 15, 29), (2, 15, 23), (2, 15, 3)]
And data, a 261-element Vector{Float64}:
 1.4471947394418883
 0.0
 0.0
 0.0
 1.2258731403251355
 0.0
 0.0
 0.0
 0.0
 0.0
 0.0
 0.0
 0.0
 0.0
 0.0
 0.0
 2.0
 0.0
 0.0
 1.0
 0.0
 0.0
 0.0
 0.0
 0.0
 0.0
 0.0
 0.0
 1.250479603793662
 3.4827544029863864
 0.0
 0.0
 0.0
 0.0
 0.0
 0.0
 0.0
 0.0
 0.0
 0.0
 0.0
 0.0
 0.4496526573384987
 0.0
 0.681101248845662
 0.0
 0.0
 0.0
 0.0
 0.9990719742999481
 1.1011738476791082
 0.0
 0.0
 0.0
 0.0
 0.0
 0.0
 0.0
 0.0
 2.0
 1.0
 0.0
 0.0
 0.0
 0.0
 0.0
 0.0
 0.0
 0.0
 0.0
 0.0
 0.02321034192776339
 0.06963102578329017
 0.0
 0.75
 2.25
 0.0
 0.5327345373255775
 1.5982036119767322
 0.0
 0.0
 0.0
 0.0
 0.0
 0.0
 0.0
 0.0
 0.0
 0.0
 0.0
 0.0
 0.0
 0.694055120746659
 2.082165362239978
 0.0
 0.0
 0.0
 0.0
 0.0
 0.0
 0.0
 2.0
 0.9730823591681473
 0.0
 0.0
 0.0
 0.0
 0.0
 0.0
 0.0
 0.0
 0.0
 0.0
 0.0
 0.0
 0.0
 0.0
 0.0
 2.8029619550372162
 2.170120404130931
 0.0
 0.026917640831852642
 0.0
 1.6442327844046725
 1.3557672155953275
 0.0
 0.0
 0.0
 0.0
 0.0
 0.0
 0.0
 0.0
 0.0
 0.0
 0.0
 0.0
 0.0
 0.0
 0.0
 0.0
 0.0
 0.0
 0.0
 0.0
 0.0
 0.0
 0.0
 0.0
 0.0
 0.0
 0.17014997535786355
 0.0
 0.6290208357932341
 0.24004101490445617
 0.0
 0.0
 1.370979164206766
 0.685489582103383
 0.0
 0.0
 0.0
 0.0
 0.0
 0.0
 0.0
 0.0
 0.0
 0.0
 0.0
 0.0
 0.0
 0.0
 2.0
 0.0
 0.0
 0.0
 0.30816271625102887
 0.0
 0.0
 0.0
 0.0
 0.0
 0.0
 0.0
 0.0
 0.0
 0.0
 0.0
 0.0
 0.0
 0.0
 0.0
 0.0
 1.691837283748971
 1.0
 0.30816271625102887
 0.0
 0.0
 0.0
 0.0
 0.0
 0.0
 0.0
 0.0
 0.0
 1.4038397750865863
 0.1491146269851814
 0.5528052605581116
 0.5961602249134137
 0.20540856309982092
 0.0
 0.0
 0.0
 0.0
 0.0
 0.0
 0.0
 0.0
 0.0
 0.0
 0.0
 0.0
 0.0
 0.0
 0.05479499218210072
 0.1422663512896244
 0.0
 0.0
 0.0
 0.0
 0.0
 0.0
 0.0
 0.8577336487103756
 0.0
 0.0
 0.0
 0.0
 0.0
 0.0
 0.0
 0.0
 0.0
 0.0
 0.0
 0.0
 0.0
 0.0
 0.24933879432891953
 0.0
 0.0
 0.0
 0.0
 0.0
 0.0
 0.0
 0.8851295934383091
 5.242184626410473
 0.0
 0.8753306028355403
x_ij_opt: 1-dimensional DenseAxisArray{Float64,1,...} with index sets:
    Dimension 1, [(43, 30), (43, 22), (43, 6), (44, 22), (45, 30), (45, 29), (45, 28), (45, 24), (45, 23), (40, 29)  …  (5, 7), (5, 14), (6, 4), (6, 3), (1, 14), (1, 10), (1, 23), (1, 1), (3, 2), (3, 1)]
And data, a 116-element Vector{Float64}:
 0.0
 0.0
 0.0
 0.0
 0.8655316122327714
 0.0
 1.9452050078178993
 0.0
 0.0
 0.0
 0.0
 0.0
 0.0
 0.0
 0.0
 0.0
 0.0
 0.0
 0.29202051065967405
 0.0
 0.0
 0.0
 0.0
 0.0
 0.0
 0.0
 0.0
 2.0
 0.0
 0.0
 0.0
 0.0
 0.0
 0.0
 0.0
 0.0
 0.0
 0.0
 0.0
 0.0
 0.0
 0.0
 0.0
 0.7495203962063379
 0.0
 0.0
 0.0
 0.0
 0.0
 0.0
 0.0
 0.0
 0.0
 0.0
 0.0
 0.691837283748971
 0.0
 1.5528052605581117
 0.0
 1.8298500246421365
 0.0
 0.0
 0.0
 0.0
 6.0
 0.0
 0.0
 0.0
 0.0
 0.707979489340326
 0.0
 0.0
 0.0
 0.0
 0.0
 0.0
 0.0
 1.000928025700052
 0.0
 0.0
 0.0
 0.0
 0.0
 0.0
 0.0
 0.0
 0.0
 0.0
 0.0
 1.5172455970136138
 0.0
 0.0
 0.0
 0.0
 0.0
 0.0
 0.0
 0.6454768099149977
 0.0
 0.12466939716445968
 0.0
 0.0
 0.0
 0.0
 0.0
 0.0
 0.0
 0.0
 0.0
 0.0
 0.0
 0.0
 0.0
 4.7741268596748645
 0.0
 0.0
x_il_opt: 1-dimensional DenseAxisArray{Float64,1,...} with index sets:
    Dimension 1, [(43, 15), (43, 14), (44, 15), (44, 13), (44, 3), (40, 14), (40, 2), (41, 14), (42, 6), (37, 13)  …  (4, 13), (5, 2), (5, 7), (5, 9), (6, 11), (1, 1), (1, 6), (1, 3), (2, 1), (2, 15)]
And data, a 71-element Vector{Float64}:
 0.0
 0.0
 0.0
 2.1057596626298793
 4.733234006780048
 0.1970613434717251
 0.0
 0.0
 0.09284136771105356
 0.8015687880132346
 0.0
 3.0
 0.0
 0.0
 3.0
 0.0
 0.0
 0.0
 5.0
 0.0
 0.681101248845662
 0.8577336487103756
 3.0
 0.8690618506976903
 2.1309381493023096
 0.0
 3.0
 0.0
 2.308162716251029
 0.0
 1.4471947394418883
 0.0
 0.0
 0.0
 0.0
 0.0
 0.0
 0.0
 1.2258731403251355
 0.24933879432891953
 0.0
 0.0
 3.0
 0.0
 0.0
 2.056468746310149
 0.0
 2.9730823591681474
 0.0
 0.0
 0.0
 0.0
 0.0
 0.0
 2.1002458219790565
 0.0
 0.0
 0.0
 0.0
 0.0
 0.0
 0.0
 0.0
 0.0
 0.17014997535786355
 0.0
 0.0
 2.776220482986637
 0.4496526573384987
 0.0
 7.0026448226843225
x_lj_opt: 1-dimensional DenseAxisArray{Float64,1,...} with index sets:
    Dimension 1, [(15, 30), (15, 29), (15, 23), (15, 3), (14, 28), (14, 27), (14, 10), (14, 24), (13, 26), (13, 25)  …  (3, 6), (3, 5), (3, 29), (2, 4), (2, 3), (2, 1), (2, 5), (1, 2), (1, 1), (1, 14)]
And data, a 53-element Vector{Float64}:
 1.1344683877672286
 5.242184626410473
 0.0
 0.8753306028355403
 0.05479499218210072
 1.0
 0.0
 0.0
 2.0
 0.3545231900850023
 0.5528052605581117
 1.691837283748971
 1.0
 0.30816271625102887
 2.0
 0.0
 0.0
 0.0
 0.308162716251029
 0.0
 0.0
 2.0
 0.9255305970078391
 0.17014997535786355
 0.0
 0.0
 4.447194739441889
 3.5258876197262587
 0.0
 0.026917640831852642
 2.0
 0.9730823591681473
 0.0
 2.0
 6.0
 0.0
 2.0
 1.0
 0.0
 0.0
 0.9990719742999481
 1.7822750965247702
 0.0
 1.250479603793662
 3.4827544029863864
 0.4496526573384987
 2.0
 0.0
 0.0
 1.0
 1.4471947394418883
 1.2258731403251355
 0.0
q_opt: 1-dimensional DenseAxisArray{Float64,1,...} with index sets:
    Dimension 1, [(43, 15), (43, 14), (44, 15), (44, 13), (44, 3), (40, 14), (40, 2), (41, 14), (42, 6), (37, 13)  …  (4, 13), (5, 2), (5, 7), (5, 9), (6, 11), (1, 1), (1, 6), (1, 3), (2, 1), (2, 15)]
And data, a 71-element Vector{Float64}:
 0.0
 0.0
 0.0
 0.7019198875432932
 0.9250578904435836
 0.1422663512896244
 0.0
 0.0
 0.011605170963881695
 0.29808011245670685
 0.0
 1.0
 0.0
 0.0
 0.375
 0.0
 0.0
 0.0
 0.625
 0.0
 0.500464012850026
 0.8577336487103756
 1.0
 0.31451041789661704
 0.26636726866278876
 0.0
 0.375
 0.0
 1.0
 0.9149250123210683
 0.7956878099458108
 0.0
 0.0
 0.0
 0.0
 0.0
 0.0
 0.0
 0.20431219005418924
 0.12466939716445977
 0.0
 0.0
 1.0
 0.0
 0.0
 0.685489582103383
 0.0
 1.0
 0.0
 0.0
 0.0
 0.0
 0.0
 0.0
 0.49953598714997405
 0.0
 0.0
 0.0
 0.0
 0.0
 0.0
 0.0
 0.0
 0.0
 0.08507498767893178
 0.0
 0.0
 0.34702756037332966
 0.07494210955641645
 0.0
 0.8753306028355403



