McCormick lower bound: -640.3523485257347

solution time: 0.0062198638916015625

w_opt: 1-dimensional DenseAxisArray{Float64,1,...} with index sets:
    Dimension 1, [(25, 1, 2), (25, 1, 1), (25, 1, 14), (20, 1, 2), (20, 1, 1), (20, 1, 14), (1, 1, 2), (1, 1, 1), (1, 1, 14), (2, 1, 2)  …  (20, 15, 23), (20, 15, 3), (8, 15, 30), (8, 15, 29), (8, 15, 23), (8, 15, 3), (2, 15, 30), (2, 15, 29), (2, 15, 23), (2, 15, 3)]
And data, a 261-element Vector{Float64}:
 1.532924304969049
 0.0
 0.1396163532993604
 0.0
 1.2104047120915251
 0.0
 0.0
 0.0
 0.0
 0.0
 0.0
 0.0
 0.0
 0.0
 0.0
 0.0
 1.9417172527727833
 0.0
 0.0
 1.0582827472272167
 0.0
 0.0
 0.0
 0.0
 0.0
 0.0
 0.0
 0.0
 1.2373084663989953
 3.0891961902647114
 0.0
 0.0
 0.0
 0.0
 0.0
 0.0
 0.0
 0.0
 0.0
 0.0
 0.0
 0.8587464624813421
 0.17199517751372007
 0.0
 0.7231296236510492
 0.0
 0.0
 0.0
 0.0
 1.0211903376213083
 1.517342008114141
 0.058282747227216714
 0.0
 0.0
 0.0
 0.0
 0.0
 0.0
 0.0
 2.0
 1.0
 0.0
 0.0
 0.0
 0.0
 0.0
 0.0
 0.0
 0.0
 0.0
 0.0
 0.04496724242051808
 0.13490172726155425
 0.0
 0.75
 2.25
 0.0
 0.5868682832630971
 1.7606048497892914
 0.0
 0.0
 0.0
 0.0
 0.0
 0.0
 0.0
 0.0
 0.0
 0.0
 0.0
 0.0
 0.0
 0.6181644743163848
 1.8544934229491545
 0.0
 0.0
 0.0
 0.0
 0.0
 0.0
 0.0
 1.8603836467006396
 0.8296748729075618
 0.10051695044275788
 0.0
 0.0
 0.20942452994904048
 0.0
 0.0
 0.0
 0.0
 0.0
 0.0
 0.0
 0.0
 0.0
 0.0
 0.0
 3.0626896408888813
 1.766985232018681
 0.0
 0.17032512709243816
 0.0
 1.6098510173795282
 1.3901489826204718
 0.0
 0.0
 0.0
 0.0
 0.0
 0.0
 0.0
 0.0
 0.0
 0.0
 0.0
 0.0
 0.0
 0.0
 0.0
 0.0
 0.0
 0.0
 0.0
 0.0
 0.0
 0.0
 0.0
 0.0
 0.0
 0.0
 0.0375235855181377
 0.0
 0.47343387840547513
 0.1790929885421363
 0.0
 0.0
 1.526566121594525
 0.7632830607972624
 0.0
 0.0
 0.0
 0.0
 0.0
 0.3586911738617289
 0.0
 0.0
 0.0
 0.0
 0.0
 0.0
 0.0
 0.0
 1.880436275379424
 0.0
 0.0
 0.0
 0.5171695710249191
 0.0
 0.0
 0.0
 0.0
 0.0
 0.0
 0.0
 0.0
 0.0
 0.0
 0.0
 0.0
 0.0
 0.0
 0.0
 0.0
 1.4828304289750809
 0.9830533447772778
 0.5341162262476414
 0.0
 0.0
 0.0
 0.0
 0.0
 0.0
 0.0
 0.0
 0.0
 1.3918803188115207
 0.2288644643748099
 0.46707569503095087
 0.608119681188479
 0.2110179786197765
 0.0
 0.0
 0.0
 0.0
 0.0
 0.0
 0.0
 0.0
 0.0
 0.0
 0.0
 0.0
 0.0
 0.0
 0.6787674841549607
 0.7624806415143708
 0.0
 0.0
 0.0
 0.0
 0.0
 0.0
 0.0
 0.23751935848562922
 0.0
 0.0
 0.0
 0.0
 0.0
 0.0
 0.0
 0.0
 0.0
 0.0
 0.0
 0.0
 0.0
 0.0
 0.2353704679204538
 0.0
 0.0
 0.0
 0.0
 0.0
 0.0
 0.0
 0.9768832894170991
 5.293888596238639
 0.0
 0.7038752056708655
x_ij_opt: 1-dimensional DenseAxisArray{Float64,1,...} with index sets:
    Dimension 1, [(43, 30), (43, 22), (43, 6), (44, 22), (45, 30), (45, 29), (45, 28), (45, 24), (45, 23), (40, 29)  …  (5, 7), (5, 14), (6, 4), (6, 3), (1, 14), (1, 10), (1, 23), (1, 1), (3, 2), (3, 1)]
And data, a 116-element Vector{Float64}:
 0.0
 0.11956372462057607
 0.0
 0.0
 0.7877462426624471
 0.0
 1.3212325158450393
 0.0
 0.0
 0.0
 0.0
 0.0
 0.0
 0.0
 0.0
 0.0
 0.0
 0.0
 0.2946291851768996
 0.0
 0.0
 0.0
 0.0
 0.0
 0.0
 0.0
 0.0
 2.0
 0.0
 0.0
 0.0
 0.0
 0.0
 0.0
 0.0
 0.0
 0.0
 0.0
 0.0
 0.0
 0.0
 0.0
 0.0
 0.7626915336010047
 0.0
 0.0
 0.0
 0.0
 0.0
 0.0
 0.0
 0.0
 0.0
 0.0
 0.0
 0.602394153595657
 0.0
 1.3274593417315905
 0.0
 1.9624764144818623
 0.0
 0.0
 0.0
 0.0
 6.0
 0.0
 0.0
 0.0
 0.0
 0.7053708148231004
 0.0
 0.0
 0.0
 0.0
 0.0
 0.0
 0.0
 0.9788096623786917
 0.0
 0.0
 0.0
 0.0
 0.0
 0.0
 0.0
 0.0
 0.0
 0.0
 0.0
 0.6350834261650004
 0.0
 0.0
 0.0
 0.0
 0.0
 0.0
 0.0
 0.5601175570054135
 0.0
 0.2961247943291345
 0.0
 0.0
 0.0
 0.0
 0.0
 0.0
 0.0
 0.0
 0.0
 0.0
 0.0
 0.0
 0.016946655222722207
 4.4796538075166765
 0.0
 0.0
x_il_opt: 1-dimensional DenseAxisArray{Float64,1,...} with index sets:
    Dimension 1, [(43, 15), (43, 14), (44, 15), (44, 13), (44, 3), (40, 14), (40, 2), (41, 14), (42, 6), (37, 13)  …  (4, 13), (5, 2), (5, 7), (5, 9), (6, 11), (1, 1), (1, 6), (1, 3), (2, 1), (2, 15)]
And data, a 71-element Vector{Float64}:
 0.0
 0.0
 0.0
 2.0878204782172816
 4.326504656663706
 1.4412481256693315
 0.0
 0.0
 0.17986896968207233
 0.8191376598082556
 0.0
 3.0
 0.0
 0.0
 3.0
 0.0
 0.0
 0.3586911738617289
 5.0
 0.0
 0.7231296236510492
 0.23751935848562922
 3.0
 0.6525268669476114
 2.3474731330523886
 0.0
 3.0
 0.0
 2.397605846404343
 0.0
 1.6725406582684095
 0.0
 0.0
 0.0
 0.0
 0.0
 0.0
 0.0
 1.2104047120915251
 0.2353704679204538
 0.0
 0.0
 3.0
 0.0
 0.0
 2.2898491823917873
 0.0
 2.7905754700509595
 0.0
 0.0
 0.0
 0.0
 0.0
 0.0
 2.5968150929626663
 0.0
 0.0
 0.0
 0.0
 0.0
 0.0
 0.0
 0.0
 0.20942452994904048
 0.0375235855181377
 0.0
 0.0
 2.472657897265539
 1.0307416399950622
 0.0
 6.974647091326603
x_lj_opt: 1-dimensional DenseAxisArray{Float64,1,...} with index sets:
    Dimension 1, [(15, 30), (15, 29), (15, 23), (15, 3), (14, 28), (14, 27), (14, 10), (14, 24), (13, 26), (13, 25)  …  (3, 6), (3, 5), (3, 29), (2, 4), (2, 3), (2, 1), (2, 5), (1, 2), (1, 1), (1, 14)]
And data, a 53-element Vector{Float64}:
 1.212253757337553
 5.293888596238639
 0.0
 0.7038752056708655
 0.6787674841549607
 1.0
 0.0
 0.0
 2.0
 0.4398824429945864
 0.46707569503095087
 1.4828304289750809
 0.9830533447772778
 0.5341162262476414
 1.880436275379424
 0.0
 0.0
 0.0
 0.5171695710249191
 0.3586911738617289
 0.0
 2.0
 0.9423760493393987
 0.0375235855181377
 0.0
 0.0
 4.672540658268409
 3.157134214639153
 0.0
 0.17032512709243816
 1.8603836467006396
 0.8296748729075618
 0.30994148039179836
 2.0
 6.0
 0.0
 2.0
 1.0
 0.0
 0.0
 1.0211903376213083
 2.2404716317651903
 0.058282747227216714
 1.2373084663989953
 3.9479426527460535
 0.17199517751372007
 1.9417172527727833
 0.0
 0.0
 1.0582827472272167
 1.532924304969049
 1.2104047120915251
 0.1396163532993604
q_opt: 1-dimensional DenseAxisArray{Float64,1,...} with index sets:
    Dimension 1, [(43, 15), (43, 14), (44, 15), (44, 13), (44, 3), (40, 14), (40, 2), (41, 14), (42, 6), (37, 13)  …  (4, 13), (5, 2), (5, 7), (5, 9), (6, 11), (1, 1), (1, 6), (1, 3), (2, 1), (2, 15)]
And data, a 71-element Vector{Float64}:
 0.0
 0.0
 0.0
 0.6959401594057605
 0.8568755895864429
 0.7624806415143708
 0.0
 0.0
 0.02248362121025904
 0.3040598405942395
 0.0
 1.0
 0.0
 0.0
 0.375
 0.0
 0.0
 0.059781862310288036
 0.625
 0.0
 0.12052160394184153
 0.23751935848562922
 1.0
 0.2367169392027376
 0.2934341416315486
 0.0
 0.375
 0.0
 0.940218137689712
 0.9812382072409311
 0.7982658813180792
 0.0
 0.0
 0.0
 0.0
 0.0
 0.0
 0.0
 0.20173411868192084
 0.1176852339602269
 0.0
 0.0
 1.0
 0.0
 0.0
 0.7632830607972624
 0.0
 0.9301918233503198
 0.0
 0.0
 0.0
 0.0
 0.0
 0.0
 0.8794783960581585
 0.0
 0.0
 0.0
 0.0
 0.0
 0.0
 0.0
 0.0
 0.0698081766496802
 0.01876179275906885
 0.0
 0.0
 0.3090822371581924
 0.14312441041355703
 0.0
 0.8823147660397731



