McCormick lower bound: -647.8440237392232

solution time: 0.006020069122314453

w_opt: 1-dimensional DenseAxisArray{Float64,1,...} with index sets:
    Dimension 1, [(25, 1, 2), (25, 1, 1), (25, 1, 14), (20, 1, 2), (20, 1, 1), (20, 1, 14), (1, 1, 2), (1, 1, 1), (1, 1, 14), (2, 1, 2)  …  (20, 15, 23), (20, 15, 3), (8, 15, 30), (8, 15, 29), (8, 15, 23), (8, 15, 3), (2, 15, 30), (2, 15, 29), (2, 15, 23), (2, 15, 3)]
And data, a 261-element Vector{Float64}:
 1.3660191361605412
 0.0
 0.0
 0.0
 0.455795809557646
 0.0
 0.0
 0.0
 0.0
 0.0
 0.0
 0.0
 0.0
 0.0
 0.0
 0.0
 2.0
 0.0
 0.0
 1.0
 0.0
 0.0
 0.0
 0.0
 0.0
 0.0
 0.0
 0.0
 1.2517084713809574
 2.0822204005785308
 0.0
 0.0
 0.0
 0.0
 0.0
 1.6513135463135022
 0.0
 0.0
 0.0
 0.0
 0.0
 0.0
 0.5935610395436255
 0.0
 0.11606434160730839
 0.0
 0.0
 0.0
 0.0
 1.5132061451890475
 3.538127698299684
 0.0
 0.0
 0.0
 0.0
 0.0
 0.0
 0.0
 0.0
 2.0
 1.0
 0.0
 0.0
 0.0
 0.0
 0.0
 0.0
 0.0
 0.0
 0.0
 0.0
 0.28552501440004496
 0.8565750432001351
 0.0
 0.75
 2.25
 0.0
 0.49891629309645
 1.49674887928935
 0.0
 0.0
 0.0
 0.0
 0.0
 0.0
 0.0
 0.0
 0.0
 0.0
 0.0
 0.0
 0.0
 0.46555869250350496
 1.3966760775105154
 0.0
 0.0
 0.0
 0.0
 0.0
 0.0
 0.0
 2.0
 0.9757887855751779
 0.0
 0.0
 0.0
 0.0
 0.0
 0.0
 0.0
 0.0
 0.0
 0.0
 0.0
 0.0
 0.0
 0.0
 0.0
 3.75
 1.2257887855751781
 0.0
 0.024211214424822155
 0.0
 1.8799808254821706
 1.1200191745178294
 0.0
 0.0
 0.0
 0.0
 0.0
 0.0
 0.0
 0.0
 0.0
 0.0
 0.0
 0.0
 0.0
 0.0
 0.0
 0.0
 0.0
 0.0
 0.0
 0.0
 0.0
 0.0
 1.2639616893216294
 0.0
 0.0
 0.0
 0.567087502464208
 0.0
 0.7303065940401884
 0.27402823357401146
 0.0
 0.0
 1.2696934059598117
 0.6348467029799059
 0.0
 0.0
 0.0
 0.0
 0.0
 0.12939020579839955
 0.0
 0.0
 0.0
 0.0
 0.0
 0.0
 0.0
 0.0
 1.5034362423405263
 0.0
 0.0
 0.0
 0.35948791034990646
 1.1370758473095672
 0.0
 0.0
 0.0
 0.0
 0.0
 0.0
 0.0
 0.0
 0.0
 0.0
 0.0
 0.0
 0.0
 0.0
 0.0
 1.6405120896500935
 1.0
 0.35948791034990646
 0.0
 0.0
 0.0
 0.0
 0.0
 0.0
 0.0
 0.0
 0.0
 1.5046684009526676
 0.1183533366368752
 0.6339808638394588
 0.4953315990473323
 0.16461913820746268
 0.0
 0.0
 0.0
 0.0
 0.0
 0.0
 0.0
 0.0
 0.0
 0.0
 0.0
 0.18054775165033232
 0.0
 0.0
 0.40633911776922366
 0.20316955888461183
 0.0
 0.0
 0.0
 0.0
 0.0
 0.0
 0.0
 0.6162826894650558
 0.0
 0.0
 0.0
 0.0
 0.0
 0.0
 0.0
 0.0
 0.0
 0.0
 0.0
 0.0
 0.0
 0.0
 0.2238339882577618
 0.0
 0.0
 0.0
 0.0
 0.0
 0.0
 0.0
 1.1785814474778222
 5.046951050106468
 0.0
 0.8791315493846628
x_ij_opt: 1-dimensional DenseAxisArray{Float64,1,...} with index sets:
    Dimension 1, [(43, 30), (43, 22), (43, 6), (44, 22), (45, 30), (45, 29), (45, 28), (45, 24), (45, 23), (40, 29)  …  (5, 7), (5, 14), (6, 4), (6, 3), (1, 14), (1, 10), (1, 23), (1, 1), (3, 2), (3, 1)]
And data, a 116-element Vector{Float64}:
 0.0
 0.4965637576594737
 0.0
 0.0
 0.597584564264416
 0.0
 1.5936608822307763
 0.0
 0.0
 0.0
 0.0
 0.0
 0.0
 0.0
 0.0
 0.0
 0.0
 0.0
 0.2133630045051761
 0.0
 0.0
 0.0
 0.0
 0.0
 0.0
 0.0
 0.0
 2.0
 0.0
 0.0
 0.0
 0.0
 0.0
 0.0
 0.0
 0.0
 0.0
 0.0
 0.0
 0.0
 0.0
 0.0
 0.0
 0.7482915286190426
 0.0
 0.0
 0.0
 0.0
 0.0
 0.0
 0.0
 0.0
 0.0
 0.0
 0.0
 0.0
 0.0
 0.37001917451782945
 0.0
 0.16895080821416242
 0.0
 0.0
 0.0
 0.0
 6.0
 0.0
 0.0
 0.0
 0.0
 0.7866369954948239
 0.0
 0.0
 0.0
 0.0
 0.0
 0.0
 0.0
 0.4867938548109525
 0.0
 0.0
 0.0
 0.0
 0.0
 0.0
 0.0
 0.0
 0.0
 0.0
 0.0
 0.0
 0.0
 0.0
 0.0
 0.0
 0.0
 0.0
 0.0
 0.7170275251556621
 0.0
 0.12086845061533724
 0.0
 0.0
 0.0
 0.0
 0.0
 0.0
 0.0
 0.0
 0.0
 0.0
 0.0
 0.0
 0.0
 5.544204190442354
 0.0
 0.0
x_il_opt: 1-dimensional DenseAxisArray{Float64,1,...} with index sets:
    Dimension 1, [(43, 15), (43, 14), (44, 15), (44, 13), (44, 3), (40, 14), (40, 2), (41, 14), (42, 6), (37, 13)  …  (4, 13), (5, 2), (5, 7), (5, 9), (6, 11), (1, 1), (1, 6), (1, 3), (2, 1), (2, 15)]
And data, a 71-element Vector{Float64}:
 0.0
 0.18054775165033232
 0.0
 2.2570026014290017
 3.333928871959488
 0.6095086766538355
 0.0
 0.0
 1.14210005760018
 0.659950737254795
 0.0
 3.0
 0.0
 0.0
 3.0
 0.0
 0.0
 0.12939020579839955
 5.0
 0.0
 0.11606434160730839
 0.6162826894650558
 3.0
 1.0043348276142
 1.9956651723858
 0.0
 3.0
 0.0
 3.0
 1.2639616893216294
 1.3660191361605412
 0.0
 0.0
 0.0
 0.0
 0.0
 0.0
 0.0
 0.455795809557646
 0.2238339882577618
 0.0
 0.0
 3.0
 0.0
 0.0
 1.9045401089397176
 0.0
 2.975788785575178
 0.0
 0.0
 0.0
 0.0
 0.0
 0.0
 5.051333843488732
 0.0
 0.0
 1.6513135463135022
 0.0
 0.0
 0.0
 0.0
 0.0
 0.0
 0.567087502464208
 0.0
 0.0
 1.8622347700140203
 0.5935610395436255
 0.0
 7.104664046968953
x_lj_opt: 1-dimensional DenseAxisArray{Float64,1,...} with index sets:
    Dimension 1, [(15, 30), (15, 29), (15, 23), (15, 3), (14, 28), (14, 27), (14, 10), (14, 24), (13, 26), (13, 25)  …  (3, 6), (3, 5), (3, 29), (2, 4), (2, 3), (2, 1), (2, 5), (1, 2), (1, 1), (1, 14)]
And data, a 53-element Vector{Float64}:
 1.402415435735584
 5.046951050106468
 0.0
 0.8791315493846628
 0.40633911776922366
 1.0
 0.0
 0.0
 2.0
 0.28297247484433785
 0.6339808638394588
 1.6405120896500935
 1.0
 0.35948791034990646
 1.5034362423405263
 0.0
 0.0
 0.0
 0.35948791034990646
 1.2664660531079672
 0.0
 2.0
 0.9088749365539173
 1.8310491917858376
 0.0
 0.0
 5.62998082548217
 2.3458079600930075
 0.0
 0.024211214424822155
 2.0
 0.9757887855751779
 0.0
 2.0
 6.0
 0.0
 2.0
 1.0
 0.0
 0.0
 1.5132061451890475
 3.6541920399069925
 0.0
 1.2517084713809574
 3.7335339468920328
 0.5935610395436255
 2.0
 0.0
 0.0
 1.0
 1.3660191361605412
 0.455795809557646
 0.0
q_opt: 1-dimensional DenseAxisArray{Float64,1,...} with index sets:
    Dimension 1, [(43, 15), (43, 14), (44, 15), (44, 13), (44, 3), (40, 14), (40, 2), (41, 14), (42, 6), (37, 13)  …  (4, 13), (5, 2), (5, 7), (5, 9), (6, 11), (1, 1), (1, 6), (1, 3), (2, 1), (2, 15)]
And data, a 71-element Vector{Float64}:
 0.0
 0.18054775165033232
 0.0
 0.7523342004763338
 0.6258542356904787
 0.20316955888461183
 0.0
 0.0
 0.1427625072000225
 0.24766579952366613
 0.0
 1.0
 0.0
 0.0
 0.375
 0.0
 0.0
 0.24828187882973685
 0.625
 0.0
 0.24339692740547625
 0.6162826894650558
 1.0
 0.3651532970200942
 0.249458146548225
 0.0
 0.375
 0.0
 0.7517181211702632
 0.716456248767896
 0.9240340317403923
 0.0
 0.0
 0.0
 0.0
 0.0
 0.0
 0.0
 0.07596596825960766
 0.1119169941288809
 0.0
 0.0
 1.0
 0.0
 0.0
 0.6348467029799059
 0.0
 1.0
 0.0
 0.0
 0.0
 0.0
 0.0
 0.0
 0.7566030725945238
 0.0
 0.0
 0.2752189243855837
 0.0
 0.0
 0.0
 0.0
 0.0
 0.0
 0.283543751232104
 0.0
 0.0
 0.23277934625175248
 0.09892683992393758
 0.0
 0.8880830058711191



