McCormick lower bound: -641.2196951937563

solution time: 0.0052030086517333984

w_opt: 1-dimensional DenseAxisArray{Float64,1,...} with index sets:
    Dimension 1, [(25, 1, 2), (25, 1, 1), (25, 1, 14), (20, 1, 2), (20, 1, 1), (20, 1, 14), (1, 1, 2), (1, 1, 1), (1, 1, 14), (2, 1, 2)  …  (20, 15, 23), (20, 15, 3), (8, 15, 30), (8, 15, 29), (8, 15, 23), (8, 15, 3), (2, 15, 30), (2, 15, 29), (2, 15, 23), (2, 15, 3)]
And data, a 261-element Vector{Float64}:
 1.4264948627954896
 0.0
 0.0
 0.0
 0.9568801428642999
 0.0
 0.0
 0.0
 0.0
 0.0
 0.0
 0.0
 0.0
 0.0
 0.0
 0.0
 2.0
 0.0
 0.0
 1.0
 0.0
 0.0
 0.0
 0.0
 0.0
 0.0
 0.0
 0.0
 1.2192125832848753
 2.5879652748193025
 0.0
 0.0
 0.0
 0.0
 0.0
 1.2508566389885845
 0.0
 0.0
 0.0
 0.0
 0.0
 0.0
 1.09150561115679
 0.0
 0.7039870196257101
 0.0
 0.0
 0.0
 0.0
 1.158350960746819
 2.1121851707091044
 0.0
 0.0
 0.0
 0.0
 0.0
 0.0
 0.0
 0.0
 2.0
 1.0
 0.0
 0.0
 0.0
 0.0
 0.0
 0.0
 0.0
 0.0
 0.0
 0.0
 0.2978233074977741
 0.8934699224933227
 0.0
 0.75
 2.25
 0.0
 0.49825128660104046
 1.494753859803121
 0.0
 0.0
 0.0
 0.0
 0.0
 0.0
 0.0
 0.0
 0.0
 0.0
 0.0
 0.0
 0.0
 0.45392540590118546
 1.3617762177035564
 0.0
 0.0
 0.0
 0.0
 0.0
 0.0
 0.0
 2.0
 0.9778939556813934
 0.0
 0.0
 0.0
 0.0
 0.0
 0.0
 0.0
 0.0
 0.0
 0.0
 0.0
 0.0
 0.0
 0.0
 0.0
 3.6513539923435037
 1.3486460076564966
 0.0
 0.0
 0.0
 1.6579845032350529
 1.3420154967649471
 0.0
 0.0
 0.0
 0.0
 0.0
 0.0
 0.0
 0.0
 0.0
 0.0
 0.0
 0.0
 0.0
 0.0
 0.0
 0.0
 0.0
 0.0
 0.0
 0.0
 0.0
 0.0
 0.8607375884644605
 0.0
 0.0
 0.0
 0.0
 0.0
 0.7296455520180851
 0.2773493015777534
 0.0
 0.0
 1.2703544479819149
 0.6351772239909574
 0.0
 0.0
 0.0
 0.0
 0.0
 0.252193737475487
 0.0
 0.0
 0.0
 0.0
 0.0
 0.0
 0.0
 0.0
 1.9159354208415043
 0.0
 0.0
 0.0
 0.5908982739147541
 0.0
 0.0
 0.0
 0.0
 0.0
 0.0
 0.0
 0.0
 0.0
 0.0
 0.0
 0.0
 0.0
 0.0
 0.0
 0.0
 1.4091017260852459
 0.9503270918972319
 0.6405711820175224
 0.0
 0.0
 0.0
 0.0
 0.0
 0.0
 0.0
 0.0
 0.0
 1.5293965671551082
 0.19119314637304385
 0.5735051372045102
 0.4706034328448918
 0.1890201739081196
 0.0
 0.0
 0.0
 0.0
 0.0
 0.0
 0.0
 0.0
 0.0
 0.0
 0.0
 0.0
 0.0
 0.0
 0.8290839512692361
 0.4036776160378671
 0.0
 0.0
 0.0
 0.0
 0.0
 0.0
 0.0
 0.585458024365382
 0.0
 0.0
 0.0
 0.0
 0.0
 0.0
 0.0
 0.0
 0.0
 0.0
 0.0
 0.0
 0.0
 0.0
 0.0
 0.0
 0.0
 0.0
 0.0
 0.0
 0.0
 0.0
 2.0
 4.267923206825688
 0.0
 1.0
x_ij_opt: 1-dimensional DenseAxisArray{Float64,1,...} with index sets:
    Dimension 1, [(43, 30), (43, 22), (43, 6), (44, 22), (45, 30), (45, 29), (45, 28), (45, 24), (45, 23), (40, 29)  …  (5, 7), (5, 14), (6, 4), (6, 3), (1, 14), (1, 10), (1, 23), (1, 1), (3, 2), (3, 1)]
And data, a 116-element Vector{Float64}:
 0.0
 0.08406457915849574
 0.0
 0.0
 0.0
 0.0
 1.170916048730764
 0.0
 0.0
 0.0
 0.0
 0.0
 0.0
 0.0
 0.0
 0.0
 0.0
 0.0
 0.23881534295021623
 0.0
 0.0
 0.0
 0.0
 0.0
 0.0
 0.0
 0.0
 2.0
 0.0
 0.0
 0.0
 0.0
 0.0
 0.0
 0.0
 0.0
 0.0
 0.0
 0.0
 0.0
 0.0
 0.0
 0.0
 0.7807874167151247
 0.0
 0.0
 0.0
 0.0
 0.0
 0.0
 0.0
 0.0
 0.0
 0.0
 0.0
 0.49316630524374183
 0.0
 0.6906615044214433
 0.022106044318606632
 1.1392624115355394
 0.0
 0.0
 0.0
 0.0
 6.0
 0.0
 0.0
 0.0
 0.0
 0.7611846570497838
 0.0
 0.0
 0.0
 0.0
 0.0
 0.0
 0.010864359596751028
 0.841649039253181
 0.0
 0.0
 0.0
 0.0
 0.0
 0.0
 0.0
 0.0
 0.0
 0.0
 0.0
 0.908984348716626
 0.0
 0.0
 0.0
 0.0
 0.0
 0.0
 0.0
 0.6197866797188365
 0.0
 0.0
 0.0
 0.0
 0.0
 0.0
 0.0
 0.0
 0.0
 0.0
 0.0
 0.0
 0.0
 0.0
 0.04967290810276814
 5.0431198571357
 0.0
 0.0
x_il_opt: 1-dimensional DenseAxisArray{Float64,1,...} with index sets:
    Dimension 1, [(43, 15), (43, 14), (44, 15), (44, 13), (44, 3), (40, 14), (40, 2), (41, 14), (42, 6), (37, 13)  …  (4, 13), (5, 2), (5, 7), (5, 9), (6, 11), (1, 1), (1, 6), (1, 3), (2, 1), (2, 15)]
And data, a 71-element Vector{Float64}:
 0.0
 0.0
 0.0
 2.2940948507326624
 3.8071778581041777
 1.232761567307103
 0.0
 0.0
 1.1912932299910968
 0.6596236067530115
 0.0
 3.0
 0.0
 0.0
 3.0
 0.0
 0.0
 0.252193737475487
 5.0
 0.0
 0.7039870196257101
 0.585458024365382
 3.0
 1.0069948535958386
 1.9930051464041614
 0.0
 3.0
 0.0
 2.506833694756258
 0.8607375884644605
 1.4264948627954896
 0.0
 0.0
 0.0
 0.0
 0.0
 0.0
 0.0
 0.9568801428642999
 0.0
 0.0
 0.0
 3.0
 0.0
 0.0
 1.9055316719728723
 0.0
 2.9778939556813935
 0.0
 0.0
 0.0
 0.0
 0.0
 0.0
 3.2705361314559234
 0.0
 0.0
 1.2508566389885845
 0.0
 0.0
 0.0
 0.0
 0.0
 0.0
 0.0
 0.0
 0.0
 1.8157016236047416
 1.09150561115679
 0.0
 7.267923206825688
x_lj_opt: 1-dimensional DenseAxisArray{Float64,1,...} with index sets:
    Dimension 1, [(15, 30), (15, 29), (15, 23), (15, 3), (14, 28), (14, 27), (14, 10), (14, 24), (13, 26), (13, 25)  …  (3, 6), (3, 5), (3, 29), (2, 4), (2, 3), (2, 1), (2, 5), (1, 2), (1, 1), (1, 14)]
And data, a 53-element Vector{Float64}:
 2.0
 4.267923206825688
 0.0
 1.0
 0.8290839512692361
 0.989135640403249
 0.0
 0.0
 2.0
 0.38021332028116345
 0.5735051372045104
 1.4091017260852459
 0.9503270918972319
 0.6405711820175224
 1.9159354208415043
 0.0
 0.0
 0.0
 0.5908982739147541
 0.252193737475487
 0.0
 2.0
 0.9125265255687108
 0.8607375884644605
 0.0
 0.0
 5.309338495578556
 2.6906615044214437
 0.0
 0.0
 2.0
 0.9778939556813934
 0.0
 2.0
 6.0
 0.0
 2.0
 1.0
 0.0
 0.0
 1.158350960746819
 2.8161721903348145
 0.0
 1.2192125832848753
 3.838821913807887
 1.09150561115679
 2.0
 0.0
 0.0
 1.0
 1.4264948627954896
 0.9568801428642999
 0.0
q_opt: 1-dimensional DenseAxisArray{Float64,1,...} with index sets:
    Dimension 1, [(43, 15), (43, 14), (44, 15), (44, 13), (44, 3), (40, 14), (40, 2), (41, 14), (42, 6), (37, 13)  …  (4, 13), (5, 2), (5, 7), (5, 9), (6, 11), (1, 1), (1, 6), (1, 3), (2, 1), (2, 15)]
And data, a 71-element Vector{Float64}:
 0.0
 0.0
 0.0
 0.7646982835775541
 0.6096062916424376
 0.41454197563461803
 0.0
 0.0
 0.14891165374888704
 0.2353017164224459
 0.0
 0.9999999999999999
 0.0
 0.0
 0.375
 0.0
 0.0
 0.04203228957924787
 0.625
 0.0
 0.4208245196265905
 0.585458024365382
 1.0
 0.36482277600904256
 0.24912564330052023
 0.0
 0.375
 0.0
 0.9579677104207521
 1.0
 0.8405199761892833
 0.0
 0.0
 0.0
 0.0
 0.0
 0.0
 0.0
 0.15948002381071666
 0.0
 0.0
 0.0
 1.0
 0.0
 0.0
 0.6351772239909574
 0.0
 1.0
 0.0
 0.0
 0.0
 0.0
 0.0
 0.0
 0.5791754803734095
 0.0
 0.0
 0.20847610649809742
 0.0
 0.0
 0.0
 0.0
 0.0
 0.0
 0.0
 0.0
 0.0
 0.22696270295059273
 0.181917601859465
 0.0
 1.0



