McCormick lower bound: -643.9281599685567

solution time: 0.0055119991302490234

w_opt: 1-dimensional DenseAxisArray{Float64,1,...} with index sets:
    Dimension 1, [(25, 1, 2), (25, 1, 1), (25, 1, 14), (20, 1, 2), (20, 1, 1), (20, 1, 14), (1, 1, 2), (1, 1, 1), (1, 1, 14), (2, 1, 2)  …  (20, 15, 23), (20, 15, 3), (8, 15, 30), (8, 15, 29), (8, 15, 23), (8, 15, 3), (2, 15, 30), (2, 15, 29), (2, 15, 23), (2, 15, 3)]
And data, a 261-element Vector{Float64}:
 1.299579082356543
 0.0
 0.022074214084498722
 0.0
 0.08053927657343163
 0.0
 0.0
 0.0
 0.0
 0.0
 0.0
 0.0
 0.0
 0.0
 0.0
 0.0
 1.895990433199502
 0.0
 0.0
 1.104009566800498
 0.0
 0.0
 0.0
 0.0
 0.0
 0.0
 0.0
 0.0
 0.7256645946246592
 1.5581377670964076
 0.0
 0.0
 0.0
 0.0
 0.0
 3.3378526661030947
 1.7594889553982687
 0.0
 0.0
 0.0
 0.0
 0.0
 0.0
 0.0
 0.8638066249292331
 0.0
 0.0
 0.0
 0.0
 1.1003330795360242
 2.3166236943807093
 0.10400956680049811
 0.0
 0.0
 0.0
 0.0
 0.0
 0.0
 0.0
 1.9219232103182438
 1.0
 0.0
 0.0
 0.0
 0.0
 0.0
 0.0
 0.0
 0.0
 0.0
 0.0
 0.16304509051405996
 0.4891352715421799
 0.0
 0.75
 2.25
 0.0
 0.560486268791452
 1.6814588063743552
 0.0
 0.0
 0.0
 0.0
 0.0
 0.0
 0.0
 0.0
 0.0
 0.0
 0.0
 0.0
 0.0
 0.5264686406944881
 1.5794059220834649
 0.0
 0.0
 0.0
 0.0
 0.0
 0.0
 0.0
 1.9779257859155013
 0.8735966883139972
 0.11536620464375336
 0.0
 0.0
 0.033111321126748194
 0.0
 0.0
 0.0
 0.0
 0.0
 0.0
 0.0
 0.0
 0.0
 0.0
 0.0
 3.75
 1.2500000000000004
 0.0
 0.0
 0.0
 1.8052426103053425
 1.1947573896946575
 0.0
 0.0
 0.0
 0.0
 0.0
 0.0
 0.0
 0.0
 0.0
 0.0
 0.0
 0.0
 0.0
 0.0
 0.0
 0.0
 0.0
 0.0
 0.0
 0.0
 0.0
 0.0
 1.107186002178298
 0.0
 0.0
 0.0
 0.6359563378553904
 0.0
 0.5488289110415887
 0.20922601379260425
 0.0
 0.0
 1.4511710889584113
 0.7255855444792058
 0.0
 0.0
 0.0
 0.0
 0.028623861892717706
 0.0
 0.0
 0.0
 0.0
 0.0
 0.0
 0.0
 0.0
 0.0
 1.9713761381072823
 0.0
 0.0
 0.0
 0.653811570897318
 0.0
 0.0
 0.0
 0.0
 0.0
 0.0
 0.0
 0.0
 0.0
 0.0
 0.0
 0.0
 0.0
 0.0
 0.0
 0.0
 1.3175645672099643
 0.8768577604340196
 0.8055776723560162
 0.0
 0.0
 0.0
 0.0
 0.0
 0.0
 0.0
 0.0
 0.0
 1.4728771531605493
 0.03601765893681752
 0.700420917643457
 0.5271228468394505
 0.18012704043199693
 0.0
 0.0
 0.0
 0.0
 0.0
 0.0
 0.0
 0.0
 0.0
 0.0
 0.0
 0.0
 0.0
 0.0
 0.3743561931399499
 0.4975662893315599
 0.0
 0.0
 0.0
 0.0
 0.0
 0.0
 0.0
 0.5024337106684401
 0.0
 0.0
 0.0
 0.0
 0.0
 0.0
 0.0
 0.0
 0.0
 0.0
 0.0
 0.0
 0.0
 0.0
 0.0
 0.0
 0.0
 0.0
 0.0
 0.0
 0.0
 0.0
 2.0
 3.4349333722457156
 0.0
 1.0
x_ij_opt: 1-dimensional DenseAxisArray{Float64,1,...} with index sets:
    Dimension 1, [(43, 30), (43, 22), (43, 6), (44, 22), (45, 30), (45, 29), (45, 28), (45, 24), (45, 23), (40, 29)  …  (5, 7), (5, 14), (6, 4), (6, 3), (1, 14), (1, 10), (1, 23), (1, 1), (3, 2), (3, 1)]
And data, a 116-element Vector{Float64}:
 0.0
 0.028623861892717706
 0.6086298390028704
 0.0
 0.0
 0.0
 1.62564380686005
 0.0
 0.0
 0.0
 0.0
 0.0
 0.0
 0.0
 0.0
 0.0
 0.0
 0.0
 0.22746057427371058
 0.0
 0.0
 0.0
 0.0
 0.0
 0.0
 0.0
 0.0
 2.0
 0.0
 0.0
 0.0
 0.0
 0.0
 0.0
 0.0
 0.0
 0.0
 0.0
 0.0
 0.0
 0.0
 0.0
 0.0
 0.6657055663724705
 0.0
 0.0
 0.0
 0.0
 0.0
 0.0
 0.0
 0.0
 0.0
 0.0
 0.0
 0.3748122909953997
 0.0
 0.4447573896946576
 0.12640331168600283
 0.2568576599663115
 0.0
 0.0
 0.0
 0.0
 6.0
 0.0
 0.0
 0.0
 0.0
 0.7725394257262894
 0.0
 0.0
 0.0
 0.0
 0.0
 0.0
 0.0
 0.8996669204639758
 0.0
 0.0
 0.0
 0.0
 0.0
 0.0
 0.0
 0.0
 0.0
 0.07807678968175624
 0.0
 0.0
 0.0
 0.0
 0.0
 0.0
 0.0
 0.0
 0.0
 0.7838553006311856
 0.0
 0.0
 0.0
 0.0
 0.0
 0.0
 0.0
 0.0
 0.0
 0.0
 0.0
 0.0
 0.0
 0.0
 0.12314223956598036
 5.770983197656067
 0.0
 0.0
x_il_opt: 1-dimensional DenseAxisArray{Float64,1,...} with index sets:
    Dimension 1, [(43, 15), (43, 14), (44, 15), (44, 13), (44, 3), (40, 14), (40, 2), (41, 14), (42, 6), (37, 13)  …  (4, 13), (5, 2), (5, 7), (5, 9), (6, 11), (1, 1), (1, 6), (1, 3), (2, 1), (2, 15)]
And data, a 71-element Vector{Float64}:
 0.0
 0.0
 0.0
 2.2093157297408235
 2.283802361721067
 0.8719224824715097
 0.0
 0.0
 0.6521803620562399
 0.7072498872714474
 0.0
 3.0
 0.0
 0.0
 3.0
 0.0
 0.0
 0.028623861892717706
 5.0
 0.0
 0.8638066249292331
 0.5024337106684401
 3.0
 0.7580549248341928
 2.241945075165807
 0.0
 3.0
 0.0
 2.6251877090046003
 1.107186002178298
 1.3216532964410417
 0.0
 0.0
 0.0
 0.0
 0.0
 0.0
 0.0
 0.08053927657343163
 0.0
 0.0
 0.0
 2.9219232103182438
 0.0
 0.0
 2.176756633437617
 0.0
 2.966888678873252
 0.0
 0.0
 0.0
 0.0
 0.0
 0.0
 3.520966340717232
 0.0
 0.0
 5.097341621501363
 0.0
 0.0
 0.0
 0.0
 0.0
 0.033111321126748194
 0.6359563378553904
 0.0
 0.0
 2.105874562777953
 0.0
 0.0
 6.434933372245716
x_lj_opt: 1-dimensional DenseAxisArray{Float64,1,...} with index sets:
    Dimension 1, [(15, 30), (15, 29), (15, 23), (15, 3), (14, 28), (14, 27), (14, 10), (14, 24), (13, 26), (13, 25)  …  (3, 6), (3, 5), (3, 29), (2, 4), (2, 3), (2, 1), (2, 5), (1, 2), (1, 1), (1, 14)]
And data, a 53-element Vector{Float64}:
 2.0
 3.4349333722457156
 0.0
 1.0
 0.3743561931399499
 1.0
 0.0
 0.0
 2.0
 0.21614469936881445
 0.700420917643457
 1.3175645672099643
 0.8768577604340196
 0.8055776723560162
 1.9713761381072823
 0.0
 0.0
 0.0
 0.6824354327900357
 0.0
 0.0
 2.0
 0.93481155827181
 1.7431423400336885
 0.0
 0.0
 5.555242610305342
 2.444757389694658
 0.0
 0.0
 1.9779257859155013
 0.8735966883139972
 0.14847752577050155
 2.0
 6.0
 0.0
 1.9219232103182438
 1.0
 0.0
 0.0
 1.1003330795360242
 3.1804303193099424
 0.10400956680049811
 0.7256645946246592
 4.895990433199502
 1.7594889553982687
 1.895990433199502
 0.0
 0.0
 1.104009566800498
 1.299579082356543
 0.08053927657343163
 0.022074214084498722
q_opt: 1-dimensional DenseAxisArray{Float64,1,...} with index sets:
    Dimension 1, [(43, 15), (43, 14), (44, 15), (44, 13), (44, 3), (40, 14), (40, 2), (41, 14), (42, 6), (37, 13)  …  (4, 13), (5, 2), (5, 7), (5, 9), (6, 11), (1, 1), (1, 6), (1, 3), (2, 1), (2, 15)]
And data, a 71-element Vector{Float64}:
 0.0
 0.0
 0.0
 0.7364385765802747
 0.3628322973123296
 0.4975662893315599
 0.0
 0.0
 0.08152254525702998
 0.26356142341972527
 0.0
 1.0
 0.0
 0.0
 0.375
 0.0
 0.0
 0.014311930946358853
 0.625
 0.0
 0.4498334602319879
 0.5024337106684401
 1.0
 0.27441445552079424
 0.280243134395726
 0.0
 0.375
 0.0
 0.9856880690536411
 0.6820218310723047
 0.9865767872377614
 0.0
 0.0
 0.0
 0.0
 0.0
 0.0
 0.0
 0.013423212762238604
 0.0
 0.0
 0.0
 1.0
 0.0
 0.0
 0.7255855444792058
 0.0
 0.9889628929577506
 0.0
 0.0
 0.0
 0.0
 0.0
 0.0
 0.5501665397680121
 0.0
 0.0
 0.6371677026876704
 0.0
 0.0
 0.0
 0.0
 0.0
 0.011037107042249398
 0.3179781689276952
 0.0
 0.0
 0.26323432034724414
 0.0
 0.0
 1.0



