McCormick lower bound: -643.9092154640744

solution time: 0.00588679313659668

w_opt: 1-dimensional DenseAxisArray{Float64,1,...} with index sets:
    Dimension 1, [(25, 1, 2), (25, 1, 1), (25, 1, 14), (20, 1, 2), (20, 1, 1), (20, 1, 14), (1, 1, 2), (1, 1, 1), (1, 1, 14), (2, 1, 2)  …  (20, 15, 23), (20, 15, 3), (8, 15, 30), (8, 15, 29), (8, 15, 23), (8, 15, 3), (2, 15, 30), (2, 15, 29), (2, 15, 23), (2, 15, 3)]
And data, a 261-element Vector{Float64}:
 1.205078048592977
 0.0
 0.0
 0.03537105719499456
 1.6465308240408851
 0.0
 0.0
 0.0
 0.0
 0.0
 0.0
 0.0
 0.0
 0.0
 0.0
 0.0
 2.0
 0.0
 0.0
 1.0
 0.0
 0.0
 0.0
 0.0
 0.0
 0.0
 0.0
 0.0
 1.1259600884770202
 1.9463551971102184
 0.0
 0.0
 0.0
 0.0
 0.0
 2.2597228238448324
 0.0
 0.0
 0.0
 0.0
 0.0
 0.12079897024136893
 0.36239691072410685
 0.0
 0.0
 0.0
 0.0
 0.0
 0.0
 1.3625280700193034
 2.8840729170625043
 0.0
 0.0
 0.0
 0.0
 0.0
 0.0
 0.0
 0.0
 1.8291403964943223
 1.0
 0.0
 0.0
 0.0
 0.0
 0.0
 0.0
 0.0
 0.0
 0.0
 0.0
 0.0
 0.0
 0.0
 0.7132015360090815
 2.139604608027245
 0.0
 0.5254980388988857
 1.576494116696657
 0.0
 0.0
 0.0
 0.0
 0.0
 0.0
 0.0
 0.0
 0.0
 0.0
 0.0
 0.0
 0.0
 0.7613004250920328
 2.283901275276098
 0.0
 0.0
 0.0
 0.0
 0.0
 0.0
 0.0
 2.0
 0.9322839951526907
 0.0
 0.0
 0.0
 0.0
 0.0
 0.0
 0.0
 0.0
 0.0
 0.0
 0.0
 0.0
 0.0
 0.0
 0.0
 3.8824828177309683
 1.2941609392436557
 0.0
 0.0
 0.0
 1.3870750066238995
 1.4362812364014768
 0.0
 0.0
 0.0
 0.0
 0.0
 0.0
 0.0
 0.0
 0.0
 0.0
 0.0
 0.0
 0.0
 0.0
 0.0
 0.0
 0.0
 0.0
 0.0
 0.0
 0.0
 0.0
 0.9967637709145811
 0.0
 0.0
 0.0
 0.6729600509646658
 0.0
 0.5986718962696382
 0.2993359481348191
 0.0
 0.0
 1.4013281037303618
 0.7006640518651809
 0.0
 0.0
 0.0
 0.0
 0.0
 0.0
 0.0
 0.0
 0.0
 0.0
 0.0
 0.0
 0.0
 0.0
 1.6032536663039794
 0.0
 0.0
 0.0
 0.33813841760007657
 0.6731230088035807
 0.0
 0.0
 0.0
 0.0
 0.0
 0.0
 0.0
 0.0
 0.0
 0.0
 0.0
 0.0
 0.0
 0.0
 0.0
 1.6618615823999234
 1.0
 0.33813841760007657
 0.0
 0.0
 0.0
 0.0
 0.0
 0.0
 0.0
 0.0
 0.0
 1.5191017884240576
 0.0
 0.7595508942120284
 0.4808982115759426
 0.1463793698616205
 0.0
 0.0
 0.0
 0.0
 0.0
 0.0
 0.0
 0.0
 0.0
 0.0
 0.0
 0.0
 0.0
 0.0
 0.13859359542475772
 0.05392342392276828
 0.0
 0.0
 0.0
 0.0
 0.0
 0.0
 0.0
 0.9307032022876212
 0.0
 0.0
 0.0
 0.0
 0.0
 0.0
 0.0
 0.0
 0.0
 0.0
 0.0
 0.0
 0.0
 0.0
 0.23351177610806118
 0.0
 0.0
 0.0
 0.0
 0.0
 0.0
 0.0
 0.9030079509728047
 5.299464671675817
 0.0
 0.8634802729191352
x_ij_opt: 1-dimensional DenseAxisArray{Float64,1,...} with index sets:
    Dimension 1, [(43, 30), (43, 22), (43, 6), (44, 22), (45, 30), (45, 29), (45, 28), (45, 24), (45, 23), (40, 29)  …  (5, 7), (5, 14), (6, 4), (6, 3), (1, 14), (1, 10), (1, 23), (1, 1), (3, 2), (3, 1)]
And data, a 116-element Vector{Float64}:
 0.0
 0.39674633369602064
 0.0
 0.0
 0.863480272919134
 0.0
 1.8614064045752423
 0.0
 0.0
 0.0
 0.0
 0.0
 0.0
 0.0
 0.0
 0.0
 0.0
 0.0
 0.21822968115049124
 0.0
 0.0
 0.0
 0.0
 0.0
 0.0
 0.0
 0.0
 2.0
 0.0
 0.0
 0.0
 0.0
 0.0
 0.0
 0.0
 0.0
 0.0
 0.0
 0.0
 0.0
 0.0
 0.0
 0.0
 0.8740399115229798
 0.0
 0.0
 0.0
 0.0
 0.0
 0.0
 0.0
 0.0
 0.0
 0.0
 0.0
 0.3854849072923634
 0.0
 0.7304421756451323
 0.06771600484730934
 0.33027617812075305
 0.0
 0.0
 0.0
 0.0
 6.0
 0.0
 0.0
 0.0
 0.0
 0.7817703188495088
 0.0
 0.0
 0.0
 0.0
 0.0
 0.0
 0.015373373789610678
 0.6374719299806966
 0.0
 0.0
 0.0
 0.0
 0.0
 0.0
 0.0
 0.0
 0.0
 0.17085960350567775
 0.0
 0.0
 0.0
 0.0
 0.0
 0.0
 0.0
 0.0
 0.0
 0.8536206301383795
 0.0
 0.1365197270808648
 0.0
 0.0
 0.0
 0.0
 0.0
 0.0
 0.0
 0.0
 0.0
 0.0
 0.0
 0.0
 0.0
 4.353469175959114
 0.0
 0.0
x_il_opt: 1-dimensional DenseAxisArray{Float64,1,...} with index sets:
    Dimension 1, [(43, 15), (43, 14), (44, 15), (44, 13), (44, 3), (40, 14), (40, 2), (41, 14), (42, 6), (37, 13)  …  (4, 13), (5, 2), (5, 7), (5, 9), (6, 11), (1, 1), (1, 6), (1, 3), (2, 1), (2, 15)]
And data, a 71-element Vector{Float64}:
 0.0
 0.0
 0.0
 2.278652682636086
 3.072315285587239
 0.192517019347526
 0.0
 0.0
 0.0
 0.6272775814375631
 0.0
 3.0
 0.0
 0.0
 2.852806144036326
 0.0
 0.0
 0.0
 5.176643756974624
 0.0
 0.0
 0.9307032022876212
 3.0
 0.8980078444044574
 2.1019921555955428
 0.0
 2.8233562430253762
 0.0
 2.6145150927076366
 0.9967637709145811
 1.205078048592977
 0.0
 0.0
 0.0
 0.0
 0.0
 0.0
 0.0
 1.6819018812358797
 0.23351177610806118
 0.0
 0.0
 2.8291403964943225
 0.0
 0.0
 2.1019921555955428
 0.0
 2.932283995152691
 0.0
 0.0
 0.0
 0.0
 0.0
 0.0
 4.246600987081807
 0.0
 0.0
 2.2597228238448324
 0.0
 0.0
 0.0
 0.0
 0.0
 0.0
 0.6729600509646658
 0.0
 0.0
 3.045201700368131
 0.4831958809654758
 0.0
 7.065952895567757
x_lj_opt: 1-dimensional DenseAxisArray{Float64,1,...} with index sets:
    Dimension 1, [(15, 30), (15, 29), (15, 23), (15, 3), (14, 28), (14, 27), (14, 10), (14, 24), (13, 26), (13, 25)  …  (3, 6), (3, 5), (3, 29), (2, 4), (2, 3), (2, 1), (2, 5), (1, 2), (1, 1), (1, 14)]
And data, a 53-element Vector{Float64}:
 1.136519727080866
 5.299464671675817
 0.0
 0.8634802729191352
 0.13859359542475772
 0.9846266262103893
 0.0
 0.0
 2.0
 0.1463793698616205
 0.7595508942120284
 1.6618615823999234
 1.0
 0.33813841760007657
 1.6032536663039794
 0.0
 0.0
 0.0
 0.33813841760007657
 0.6731230088035807
 0.0
 2.0
 1.0
 1.669723821879247
 0.0
 0.0
 5.269557824354868
 2.7304421756451323
 0.0
 0.0
 2.0
 0.9322839951526907
 0.0
 2.0
 6.0
 0.0
 1.8291403964943223
 1.0
 0.0
 0.0
 1.3625280700193034
 2.8840729170625043
 0.0
 1.1259600884770202
 4.3268769911964196
 0.36239691072410685
 2.0
 0.0
 0.0
 1.0
 1.2404491057879716
 1.6465308240408851
 0.0
q_opt: 1-dimensional DenseAxisArray{Float64,1,...} with index sets:
    Dimension 1, [(43, 15), (43, 14), (44, 15), (44, 13), (44, 3), (40, 14), (40, 2), (41, 14), (42, 6), (37, 13)  …  (4, 13), (5, 2), (5, 7), (5, 9), (6, 11), (1, 1), (1, 6), (1, 3), (2, 1), (2, 15)]
And data, a 71-element Vector{Float64}:
 0.0
 0.0
 0.0
 0.7595508942120287
 0.5629800442385101
 0.06929679771237886
 0.0
 0.0
 0.0
 0.2404491057879713
 0.0
 1.0
 0.0
 0.0
 0.35660076800454077
 0.0
 0.0
 0.19837316684801032
 0.6470804696218281
 0.0
 0.3187359649903483
 0.9307032022876212
 1.0
 0.2993359481348191
 0.26274901944944284
 0.0
 0.3529195303781719
 0.0
 0.8016268331519897
 0.6635199745176671
 0.7255781959931857
 0.0
 0.0
 0.0
 0.0
 0.0
 0.0
 0.0
 0.2744218040068142
 0.11675588805403059
 0.0
 0.0
 1.0
 0.0
 0.0
 0.7006640518651809
 0.0
 1.0
 0.0
 0.0
 0.0
 0.0
 0.0
 0.0
 0.6812640350096517
 0.0
 0.0
 0.3766204706408054
 0.0
 0.0
 0.0
 0.0
 0.0
 0.0
 0.3364800254823329
 0.0
 0.0
 0.3806502125460164
 0.06039948512068447
 0.0
 0.8832441119459694



