McCormick lower bound: -646.0772560635598

solution time: 0.005972862243652344

w_opt: 1-dimensional DenseAxisArray{Float64,1,...} with index sets:
    Dimension 1, [(25, 1, 2), (25, 1, 1), (25, 1, 14), (20, 1, 2), (20, 1, 1), (20, 1, 14), (1, 1, 2), (1, 1, 1), (1, 1, 14), (2, 1, 2)  …  (20, 15, 23), (20, 15, 3), (8, 15, 30), (8, 15, 29), (8, 15, 23), (8, 15, 3), (2, 15, 30), (2, 15, 29), (2, 15, 23), (2, 15, 3)]
And data, a 261-element Vector{Float64}:
 1.432462622127233
 0.7622812926635787
 0.0
 0.0
 1.7026121336183015
 0.0
 0.0
 0.0
 0.0
 0.0
 0.0
 0.0
 0.0
 0.0
 0.0
 0.0
 2.0
 0.09365848417323386
 0.0
 0.9063415158267661
 0.0
 0.0
 0.0
 0.0
 0.0
 0.0
 0.0
 0.0
 1.1089215916393067
 3.2904744320573656
 0.0
 0.0
 0.0
 0.0
 0.0
 0.0
 0.0
 0.0
 0.0
 0.0
 0.0
 1.8031840521158677
 0.6670716365585907
 0.0
 0.3406770528024703
 0.0
 0.0
 0.0
 0.0
 1.4516229572755681
 2.9250873712040097
 0.0
 0.0
 0.0
 0.0
 0.0
 0.0
 0.0
 0.0
 2.0
 1.0
 0.0
 0.0
 0.0
 0.0
 0.0
 0.0
 0.0
 0.0
 0.0
 0.0
 0.06566832275615092
 0.1970049682684527
 0.0
 0.75
 2.25
 0.0
 0.5520131003837765
 1.6560393011513295
 0.0
 0.0
 0.0
 0.0
 0.0
 0.0
 0.0
 0.0
 0.0
 0.0
 0.0
 0.0
 0.0
 0.6323185768600726
 1.8969557305802178
 0.0
 0.0
 0.0
 0.0
 0.0
 0.0
 0.0
 1.9300971340132973
 0.8334739190490909
 0.1315746479575579
 0.0
 0.0
 0.10485429898005405
 0.0
 0.0
 0.0
 0.0
 0.0
 0.0
 0.0
 0.0
 0.0
 0.0
 0.0
 5.070963903235942
 1.6903213010786473
 0.0
 0.0
 0.0
 0.7089506316771708
 0.52976416400824
 0.0
 0.0
 0.0
 0.0
 0.0
 0.0
 0.0
 0.0
 0.0
 0.0
 0.0
 0.0
 0.0
 0.0
 0.0
 0.0
 0.0
 0.0
 0.0
 0.0
 0.0
 0.0
 0.41864453917139144
 0.0
 0.0
 0.0
 0.0
 0.0
 0.5752693249555498
 0.21667827350934438
 0.0
 0.0
 1.4247306750444502
 0.7123653375222251
 0.0
 0.0
 0.0
 0.0
 0.0
 0.0
 0.0
 0.0
 0.0
 0.0
 0.0
 0.0
 0.0
 0.0
 1.863108890254144
 0.0
 0.0
 0.0
 0.6227409988392234
 0.0
 0.0
 0.0
 0.0
 0.0
 0.0
 0.0
 0.0
 0.0
 0.0
 0.0
 0.0
 0.0
 0.0
 0.0
 0.0
 1.3772590011607766
 0.946590142640124
 0.6761508561990994
 0.0
 0.0
 0.0
 0.0
 0.0
 0.0
 0.0
 0.0
 0.0
 1.4057076352514009
 0.13531643975293317
 0.567537377872767
 0.5942923647485991
 0.22734100836399163
 0.0
 0.0
 0.0
 0.0
 0.0
 0.0
 0.0
 0.0
 0.0
 0.0
 0.0
 0.0
 0.0
 0.0
 0.7491415613668663
 0.3609933141712964
 0.0
 0.0
 0.0
 0.0
 0.0
 0.0
 0.0
 0.6254292193165669
 0.0
 0.0
 0.0
 0.0
 0.0
 0.0
 0.0
 0.0
 0.0
 0.0
 0.0
 0.0
 0.0
 0.0
 0.18731696834646772
 0.0
 0.0
 0.0
 0.0
 0.0
 0.0
 0.0
 1.6876131035450526
 4.65677750724231
 0.0
 0.9063415158267661
x_ij_opt: 1-dimensional DenseAxisArray{Float64,1,...} with index sets:
    Dimension 1, [(43, 30), (43, 22), (43, 6), (44, 22), (45, 30), (45, 29), (45, 28), (45, 24), (45, 23), (40, 29)  …  (5, 7), (5, 14), (6, 4), (6, 3), (1, 14), (1, 10), (1, 23), (1, 1), (3, 2), (3, 1)]
And data, a 116-element Vector{Float64}:
 0.0
 0.13689110974585605
 0.0
 0.0
 0.12506992810847972
 0.0
 1.2508584386331338
 0.0
 0.0
 0.0
 0.0
 0.0
 0.0
 0.0
 0.0
 0.0
 0.0
 0.0
 0.3000889750471174
 0.0
 0.4215203462418342
 0.0
 0.0
 0.0
 0.0
 0.0
 0.0
 2.0
 0.0
 0.0
 0.0
 0.0
 0.0
 0.0
 0.0
 0.0
 0.0
 0.0
 0.0
 0.0
 0.0
 0.0
 0.0
 0.8910784083606933
 0.0
 0.0
 0.0
 0.0
 0.0
 0.0
 0.0
 0.0
 0.0
 0.0
 0.0
 0.5141501109066327
 0.0
 0.2200854650868873
 0.16652608095090915
 1.5813554608286085
 0.0
 0.0
 0.0
 0.0
 6.0
 0.0
 0.0
 0.0
 0.0
 0.6999110249528826
 0.0
 0.0
 0.0
 0.0
 0.0
 0.0
 0.013577466512136649
 0.5483770427244319
 0.0
 0.0
 0.0
 0.0
 0.0
 0.0
 0.0
 0.0
 0.0
 0.0
 0.0
 0.0
 0.0
 0.0
 0.0
 0.0
 0.0
 0.0
 0.0
 0.6373425518830752
 0.0
 0.0
 0.0
 0.0
 0.0
 0.0
 0.0
 0.0
 0.0
 0.0
 0.0
 0.0
 0.06990286598670291
 0.0
 0.05340985735987602
 2.8771572805386736
 0.0
 0.0
x_il_opt: 1-dimensional DenseAxisArray{Float64,1,...} with index sets:
    Dimension 1, [(43, 15), (43, 14), (44, 15), (44, 13), (44, 3), (40, 14), (40, 2), (41, 14), (42, 6), (37, 13)  …  (4, 13), (5, 2), (5, 7), (5, 9), (6, 11), (1, 1), (1, 6), (1, 3), (2, 1), (2, 15)]
And data, a 71-element Vector{Float64}:
 0.0
 0.0
 0.0
 2.108561452877101
 4.3993960236966725
 1.1101348755381626
 0.0
 0.0
 0.26267329102460363
 0.8216333731125908
 0.0
 3.0
 0.0
 0.0
 3.0
 0.0
 0.0
 0.0
 6.761285204314589
 0.0
 0.3406770528024703
 0.6254292193165669
 3.0
 0.7919475984648943
 2.208052401535106
 0.0
 1.2387147956854108
 0.0
 2.4858498890933673
 0.41864453917139144
 2.194743914790812
 0.0
 0.0
 0.0
 0.0
 0.0
 0.0
 0.0
 1.7026121336183015
 0.18731696834646772
 0.0
 0.0
 3.0
 0.0
 0.0
 2.1370960125666754
 0.0
 2.895145701019946
 0.0
 0.0
 0.0
 0.0
 0.0
 0.0
 4.376710328479578
 0.0
 0.0
 0.0
 0.0
 0.0
 0.0
 0.0
 0.0
 0.10485429898005405
 0.0
 0.0
 0.0
 2.5292743074402906
 2.470255688674458
 0.0
 7.250732126614129
x_lj_opt: 1-dimensional DenseAxisArray{Float64,1,...} with index sets:
    Dimension 1, [(15, 30), (15, 29), (15, 23), (15, 3), (14, 28), (14, 27), (14, 10), (14, 24), (13, 26), (13, 25)  …  (3, 6), (3, 5), (3, 29), (2, 4), (2, 3), (2, 1), (2, 5), (1, 2), (1, 1), (1, 14)]
And data, a 53-element Vector{Float64}:
 1.8749300718915203
 4.65677750724231
 0.0
 0.9063415158267661
 0.7491415613668663
 0.9864225334878634
 0.0
 0.0
 2.0
 0.3626574481169248
 0.567537377872767
 1.3772590011607766
 0.946590142640124
 0.6761508561990994
 1.863108890254144
 0.0
 0.0
 0.0
 0.6227409988392234
 0.0
 0.0
 2.0
 0.9290436110315694
 0.41864453917139144
 0.0
 0.0
 5.779914534913113
 2.2200854650868873
 0.0
 0.0
 1.9300971340132973
 0.8334739190490909
 0.23642894693761196
 2.0
 6.0
 0.0
 2.0
 1.0
 0.0
 0.0
 1.4516229572755681
 3.26576442400648
 0.0
 1.1089215916393067
 5.0936584841732335
 0.6670716365585907
 2.0
 0.09365848417323386
 0.0
 0.9063415158267661
 1.432462622127233
 2.46489342628188
 0.0
q_opt: 1-dimensional DenseAxisArray{Float64,1,...} with index sets:
    Dimension 1, [(43, 15), (43, 14), (44, 15), (44, 13), (44, 3), (40, 14), (40, 2), (41, 14), (42, 6), (37, 13)  …  (4, 13), (5, 2), (5, 7), (5, 9), (6, 11), (1, 1), (1, 6), (1, 3), (2, 1), (2, 15)]
And data, a 71-element Vector{Float64}:
 0.0
 0.0
 0.0
 0.7028538176257004
 0.5544607958196534
 0.37457078068343314
 0.0
 0.0
 0.03283416137807546
 0.2971461823742996
 0.0
 1.0
 0.0
 0.0
 0.375
 0.0
 0.0
 0.06844555487292803
 0.8451606505393237
 0.0
 0.27418852136221594
 0.6254292193165669
 1.0
 0.2876346624777749
 0.27600655019188824
 0.0
 0.15483934946067635
 0.0
 0.931554445127072
 0.20932226958569577
 0.7162313110636165
 0.0
 0.7906777304143042
 0.0
 0.0
 0.0
 0.0
 0.0
 0.2837686889363835
 0.09365848417323386
 0.0
 0.0
 1.0
 0.0
 0.0
 0.7123653375222251
 0.0
 0.9650485670066486
 0.0
 0.0
 0.0
 0.0
 0.0
 0.0
 0.7258114786377841
 0.0
 0.0
 0.0
 0.0
 0.0
 0.0
 0.0
 0.0
 0.03495143299335135
 0.0
 0.0
 0.0
 0.3161592884300363
 0.44553920418034665
 0.0
 0.9063415158267661



