McCormick lower bound: -649.84204547191

solution time: 0.0056040287017822266

w_opt: 1-dimensional DenseAxisArray{Float64,1,...} with index sets:
    Dimension 1, [(25, 1, 2), (25, 1, 1), (25, 1, 14), (20, 1, 2), (20, 1, 1), (20, 1, 14), (1, 1, 2), (1, 1, 1), (1, 1, 14), (2, 1, 2)  …  (20, 15, 23), (20, 15, 3), (8, 15, 30), (8, 15, 29), (8, 15, 23), (8, 15, 3), (2, 15, 30), (2, 15, 29), (2, 15, 23), (2, 15, 3)]
And data, a 261-element Vector{Float64}:
 1.2115194759444736
 0.0
 0.0
 0.017238334660224952
 0.4795043072120331
 0.0
 0.0
 0.0
 0.0
 0.0
 0.0
 0.0
 0.0
 0.0
 0.0
 0.0
 2.0
 0.13622138992204347
 0.0
 0.8637786100779565
 0.0
 0.0
 0.0
 0.0
 0.0
 0.0
 0.0
 0.0
 1.0072849373785173
 2.0354545543454132
 0.0
 0.0
 0.0
 0.0
 0.0
 2.8246216036448932
 1.146238646841037
 0.0
 0.0
 0.0
 0.0
 0.0
 0.0
 0.0
 0.37153622553056165
 0.0
 0.0
 0.0
 0.0
 1.2006330081169823
 1.863581027018526
 0.0
 0.0
 0.0
 0.0
 0.0
 0.0
 0.0
 0.0
 1.7885891724298966
 1.0
 0.0
 0.0
 0.0
 0.0
 0.0
 0.0
 0.0
 0.0
 0.0
 0.0
 0.11873806220715688
 0.35621418662147064
 0.0
 0.7500000000000001
 2.25
 0.0
 0.5113858609898349
 1.5341575829695047
 0.0
 0.0
 0.0
 0.0
 0.0
 0.0
 0.0
 0.0
 0.0
 0.0
 0.0
 0.0
 0.0
 0.6198760768030084
 1.8596282304090246
 0.0
 0.0
 0.0
 0.0
 0.0
 0.0
 0.0
 2.0
 0.959867177472535
 0.0
 0.0
 0.0
 0.0
 0.0
 0.0
 0.0
 0.0
 0.0
 0.0
 0.0
 0.0
 0.0
 0.0
 0.0
 4.9864728391539135
 2.0208120982246043
 0.0
 0.0
 0.0
 0.24817876565537134
 0.7445362969661105
 0.0
 0.0
 0.0
 0.0
 0.0
 0.0
 0.0
 0.0
 0.0
 0.0
 0.0
 0.0
 0.0
 0.0
 0.0
 0.0
 0.0
 0.0
 0.0
 0.0
 0.0
 0.0
 0.7951071770814266
 0.18789212925591942
 0.0
 0.0
 0.27325161355625727
 0.0
 0.6986266384058741
 0.25582991763478646
 0.0
 0.0
 1.3013733615941259
 0.6506866807970629
 0.0
 0.0
 0.0
 0.0
 0.0
 0.0
 0.0
 0.0
 0.0
 0.0
 0.0
 0.0
 0.0
 0.0
 1.3638624455999877
 0.0
 0.0
 0.0
 0.3604579702080777
 0.2761452319317374
 0.0
 0.0
 0.0
 0.0
 0.0
 0.0
 0.0
 0.0
 0.0
 0.0
 0.0
 0.0
 0.0
 0.0
 0.0
 1.6395420297919223
 1.0
 0.3604579702080777
 0.0
 0.0
 0.0
 0.0
 0.0
 0.0
 0.0
 0.0
 0.0
 1.542484378790603
 0.0
 0.7712421893953014
 0.45751562120939715
 0.13153032873969234
 0.0
 0.0
 0.0
 0.0
 0.0
 0.0
 0.0
 0.0
 0.0
 0.0
 0.0
 0.0
 0.0
 0.0
 0.430799083545572
 0.15403869952087218
 0.0
 0.0
 0.0
 0.0
 0.0
 0.0
 0.0
 0.784600458227214
 0.0
 0.0
 0.0
 0.0
 0.0
 0.0
 0.0
 0.0
 0.0
 0.0
 0.0
 0.0
 0.0
 0.0
 0.32199958160469994
 0.0
 0.0
 0.0
 0.0
 0.0
 0.0
 0.0
 1.3796980814326651
 4.493303382950885
 0.0
 0.8390002091976501
x_ij_opt: 1-dimensional DenseAxisArray{Float64,1,...} with index sets:
    Dimension 1, [(43, 30), (43, 22), (43, 6), (44, 22), (45, 30), (45, 29), (45, 28), (45, 24), (45, 23), (40, 29)  …  (5, 7), (5, 14), (6, 4), (6, 3), (1, 14), (1, 10), (1, 23), (1, 1), (3, 2), (3, 1)]
And data, a 116-element Vector{Float64}:
 0.0
 0.6361375544000123
 0.0
 0.0
 0.298302336962635
 0.0
 1.569200916454428
 0.0
 0.0
 0.0
 0.0
 0.0
 0.0
 0.0
 0.0
 0.0
 0.0
 0.0
 0.0
 0.0
 0.0
 0.0
 0.0
 0.0
 0.0
 0.0
 0.0
 2.0
 0.0
 0.0
 0.0
 0.0
 0.0
 0.0
 0.0
 0.0
 0.0
 0.0
 0.0
 0.0
 0.0
 0.0
 0.0
 0.9927150626214827
 0.0
 0.0
 0.0
 0.0
 0.0
 0.0
 0.0
 0.0
 0.0
 0.0
 0.0
 0.9995343522601972
 0.0
 0.7653483951907152
 0.04013282252746497
 0.9316412093623161
 0.0
 0.0
 0.0
 0.0
 6.0
 0.0
 0.0
 0.0
 0.0
 0.8121078707440805
 0.0
 0.0
 0.0
 0.0
 0.0
 0.0
 0.06136084225191385
 0.7993669918830177
 0.0
 0.0
 0.0
 0.0
 0.0
 0.0
 0.0
 0.0
 0.0
 0.21141082757010343
 0.0
 0.0
 0.0
 0.0
 0.0
 0.0
 0.0
 0.0
 0.0
 0.8684696712603077
 0.0
 0.024778400880306466
 0.0
 0.0
 0.0
 0.0
 0.0
 0.0
 0.0
 0.0
 0.0
 0.0
 0.0
 0.0
 0.0
 5.520495692787967
 0.0
 0.0
x_il_opt: 1-dimensional DenseAxisArray{Float64,1,...} with index sets:
    Dimension 1, [(43, 15), (43, 14), (44, 15), (44, 13), (44, 3), (40, 14), (40, 2), (41, 14), (42, 6), (37, 13)  …  (4, 13), (5, 2), (5, 7), (5, 9), (6, 11), (1, 1), (1, 6), (1, 3), (2, 1), (2, 15)]
And data, a 71-element Vector{Float64}:
 0.0
 0.0
 0.0
 2.3137265681859045
 3.0427394917239305
 0.5848377830664442
 0.0
 0.0
 0.4749522488286275
 0.5890459499490894
 0.0
 3.0
 0.0
 0.0
 3.0
 0.0
 0.0
 0.0
 7.007284937378517
 0.0
 0.37153622553056165
 0.784600458227214
 3.0
 0.9544565560406606
 2.0455434439593394
 0.0
 0.9927150626214818
 0.0
 2.000465647739803
 0.9829993063373461
 1.2115194759444736
 0.0
 0.0
 0.0
 0.0
 0.0
 0.0
 0.0
 0.49674264187225803
 0.32199958160469994
 0.0
 0.0
 2.7885891724298966
 0.0
 0.0
 1.9520600423911887
 0.0
 2.959867177472535
 0.0
 0.0
 0.0
 0.0
 0.0
 0.0
 3.0642140351355085
 0.0
 0.0
 3.9708602504859303
 0.0
 0.0
 0.0
 0.0
 0.0
 0.0
 0.27325161355625727
 0.0
 0.0
 2.479504307212033
 0.0
 0.0
 6.7120016735812005
x_lj_opt: 1-dimensional DenseAxisArray{Float64,1,...} with index sets:
    Dimension 1, [(15, 30), (15, 29), (15, 23), (15, 3), (14, 28), (14, 27), (14, 10), (14, 24), (13, 26), (13, 25)  …  (3, 6), (3, 5), (3, 29), (2, 4), (2, 3), (2, 1), (2, 5), (1, 2), (1, 1), (1, 14)]
And data, a 53-element Vector{Float64}:
 1.701697663037365
 4.493303382950885
 0.0
 0.8390002091976501
 0.430799083545572
 0.9386391577480862
 0.0
 0.0
 2.0
 0.13153032873969234
 0.7712421893953014
 1.6395420297919223
 1.0
 0.3604579702080777
 1.3638624455999877
 0.0
 0.0
 0.0
 0.3604579702080777
 0.2761452319317374
 0.0
 2.0
 0.9065165984318494
 1.068358790637684
 0.18789212925591942
 0.0
 5.234651604809285
 2.765348395190715
 0.0
 0.0
 2.0
 0.959867177472535
 0.0
 2.0
 6.0
 0.0
 1.7885891724298966
 1.0
 0.0
 0.0
 1.2006330081169823
 2.2351172525490877
 0.0
 1.0072849373785173
 4.8600761579903065
 1.146238646841037
 2.0
 0.13622138992204347
 0.0
 0.8637786100779565
 1.2287578106046986
 0.4795043072120331
 0.0
q_opt: 1-dimensional DenseAxisArray{Float64,1,...} with index sets:
    Dimension 1, [(43, 15), (43, 14), (44, 15), (44, 13), (44, 3), (40, 14), (40, 2), (41, 14), (42, 6), (37, 13)  …  (4, 13), (5, 2), (5, 7), (5, 9), (6, 11), (1, 1), (1, 6), (1, 3), (2, 1), (2, 15)]
And data, a 71-element Vector{Float64}:
 0.0
 0.0
 0.0
 0.7712421893953015
 0.5036424686892587
 0.215399541772786
 0.0
 0.0
 0.05936903110357844
 0.22875781060469857
 0.0
 1.0
 0.0
 0.0
 0.37500000000000006
 0.0
 0.0
 0.31806877720000615
 0.8759106171723148
 0.0
 0.39968349594150887
 0.784600458227214
 1.0
 0.34931331920293707
 0.2556929304949174
 0.0
 0.12408938282768522
 0.0
 0.6819312227999939
 0.3975535885407133
 0.9200826154646612
 0.0
 0.0
 0.0
 0.0
 0.0
 0.0
 0.0
 0.07991738453533881
 0.16099979080234997
 0.0
 0.0
 1.0
 0.0
 0.0
 0.6506866807970629
 0.0
 1.0
 0.0
 0.0
 0.0
 0.0
 0.0
 0.0
 0.6003165040584911
 0.0
 0.0
 0.49635753131074134
 0.0
 0.0
 0.0
 0.0
 0.0
 0.0
 0.6024464114592867
 0.0
 0.0
 0.30993803840150413
 0.0
 0.0
 0.8390002091976501



