McCormick lower bound: -645.1295540337871

solution time: 0.005651950836181641

w_opt: 1-dimensional DenseAxisArray{Float64,1,...} with index sets:
    Dimension 1, [(25, 1, 2), (25, 1, 1), (25, 1, 14), (20, 1, 2), (20, 1, 1), (20, 1, 14), (1, 1, 2), (1, 1, 1), (1, 1, 14), (2, 1, 2)  …  (20, 15, 23), (20, 15, 3), (8, 15, 30), (8, 15, 29), (8, 15, 23), (8, 15, 3), (2, 15, 30), (2, 15, 29), (2, 15, 23), (2, 15, 3)]
And data, a 261-element Vector{Float64}:
 1.2032190692047267
 0.0
 0.0
 0.05575202030770443
 1.2398947114855128
 0.0
 0.0
 0.0
 0.0
 0.0
 0.0
 0.0
 0.0
 0.0
 0.0
 0.0
 1.905902323109964
 0.1897137121083473
 0.0
 0.9043839647816887
 0.0
 0.0
 0.0
 0.0
 0.0
 0.0
 0.0
 0.0
 0.8863394547234371
 1.754634399388623
 0.0
 0.0
 0.0
 0.0
 0.0
 3.3409816358296887
 1.0451010293361098
 0.0
 0.0
 0.0
 0.0
 0.0
 0.0
 0.0
 0.870405671820458
 0.0
 0.0
 0.0
 0.0
 1.0074413078548599
 1.9019861368993702
 0.09409767689003604
 0.0
 0.0
 0.0
 0.0
 0.0
 0.0
 0.0
 2.0
 1.0
 0.0
 0.0
 0.0
 0.0
 0.0
 0.0
 0.0
 0.0
 0.0
 0.0
 0.0
 0.0
 0.0
 0.6460943244538044
 1.9382829733614138
 0.0
 0.5099045366113981
 1.6895326486213715
 0.05327301292905906
 0.0
 0.0
 0.0
 0.0
 0.0
 0.0
 0.0
 0.0
 0.0
 0.0
 0.0
 0.0
 0.7907281260057382
 2.3721843780172156
 0.0
 0.0
 0.0
 0.0
 0.0
 0.0
 0.0
 2.0
 0.9520063195108153
 0.0
 0.0
 0.0
 0.0
 0.0
 0.0
 0.0
 0.0
 0.0
 0.0
 0.0
 0.0
 0.0
 0.0
 0.0
 4.7865406157698525
 2.2923767014373118
 0.0
 0.0
 0.0
 0.2700736267143047
 0.6510090560785311
 0.0
 0.0
 0.0
 0.0
 0.0
 0.0
 0.0
 0.0
 0.0
 0.0
 0.0
 0.0
 0.0
 0.0
 0.0
 0.0
 0.0
 0.0
 0.0
 0.0
 0.0
 0.0
 0.5934311457708278
 0.21197034701941742
 0.0
 0.0
 0.0
 0.0
 0.4981932012254476
 0.24909660061272376
 0.0
 0.0
 1.5018067987745525
 0.7509033993872762
 0.0
 0.0
 0.0
 0.0
 0.0
 0.0
 0.0
 0.0
 0.0
 0.0
 0.0
 0.0
 0.0
 0.0
 2.0
 0.0
 0.0
 0.0
 0.7157775662356713
 0.0
 0.0
 0.0
 0.0
 0.0
 0.0
 0.0
 0.0
 0.0
 0.0
 0.0
 0.0
 0.0
 0.0
 0.0
 0.0
 1.2842224337643287
 0.9230177925374408
 0.7927597736982306
 0.0
 0.0
 0.0
 0.0
 0.0
 0.0
 0.0
 0.0
 0.0
 1.4820578209751378
 0.0
 0.7410289104875689
 0.5179421790248621
 0.16946737800306158
 0.0
 0.0
 0.0
 0.0
 0.0
 0.0
 0.0
 0.0
 0.0
 0.0
 0.0
 0.0
 0.0
 0.0
 0.7180091922150577
 1.0
 0.0
 0.0
 0.0
 0.0
 0.0
 0.0
 0.0
 0.0
 0.0
 0.0
 0.0
 0.0
 0.0
 0.0
 0.0
 0.0
 0.0
 0.0
 0.0
 0.0
 0.0
 0.0
 0.41175565969282996
 0.0
 0.0
 0.0
 0.0
 0.0
 0.0
 0.0
 1.3967159941094347
 4.16213919696566
 0.0
 0.794122170153585
x_ij_opt: 1-dimensional DenseAxisArray{Float64,1,...} with index sets:
    Dimension 1, [(43, 30), (43, 22), (43, 6), (44, 22), (45, 30), (45, 29), (45, 28), (45, 24), (45, 23), (40, 29)  …  (5, 7), (5, 14), (6, 4), (6, 3), (1, 14), (1, 10), (1, 23), (1, 1), (3, 2), (3, 1)]
And data, a 116-element Vector{Float64}:
 0.0
 0.0
 0.13930484955466832
 0.0
 0.1915283461977353
 0.0
 1.2819908077849425
 0.0
 0.0
 0.0
 0.0
 0.0
 0.0
 0.0
 0.0
 0.0
 0.0
 0.0
 0.0
 0.0
 0.0
 0.0
 0.0
 0.0
 0.0
 0.0
 0.0
 2.0
 0.0
 0.0
 0.0
 0.0
 0.0
 0.0
 0.0
 0.0
 0.0
 0.0
 0.0
 0.0
 0.0
 0.0
 0.0
 0.9210826827928353
 0.0
 0.0
 0.0
 0.0
 0.0
 0.0
 0.0
 0.0
 0.0
 0.0
 0.0
 0.28422243376432865
 0.0
 0.9433857575158431
 0.04799368048918473
 1.4065688542291723
 0.0
 0.0
 0.0
 0.0
 6.0
 0.0
 0.0
 0.0
 0.0
 0.7880296529805826
 0.0
 0.0
 0.0
 0.0
 0.0
 0.0
 0.0
 0.9925586921451401
 0.05327301292905906
 0.0
 0.0
 0.0
 0.0
 0.0
 0.0
 0.0
 0.0
 0.0
 0.0
 0.0
 0.0
 0.0
 0.0
 0.0
 0.0
 0.0
 0.0
 0.8305326219969384
 0.0
 0.016164117738067696
 0.0
 0.0
 0.0
 0.0
 0.0
 0.0
 0.0
 0.0
 0.0
 0.0
 0.0
 0.0
 0.07698220746255915
 4.760105288514487
 0.0
 0.0
x_il_opt: 1-dimensional DenseAxisArray{Float64,1,...} with index sets:
    Dimension 1, [(43, 15), (43, 14), (44, 15), (44, 13), (44, 3), (40, 14), (40, 2), (41, 14), (42, 6), (37, 13)  …  (4, 13), (5, 2), (5, 7), (5, 9), (6, 11), (1, 1), (1, 6), (1, 3), (2, 1), (2, 15)]
And data, a 71-element Vector{Float64}:
 0.0
 0.0
 0.0
 2.2230867314627067
 2.64097385411206
 1.7180091922150575
 0.0
 0.0
 0.0
 0.6874095570279236
 0.0
 3.0
 0.0
 0.0
 2.584377297815218
 0.0
 0.0
 0.0
 7.078917317207164
 0.0
 0.870405671820458
 0.0
 3.0
 0.7472898018381713
 2.2527101981618287
 0.0
 0.9210826827928358
 0.0
 2.7157775662356713
 0.8054014927902452
 1.2032190692047267
 0.0
 0.0
 0.0
 0.0
 0.0
 0.0
 0.0
 1.2956467317932172
 0.41175565969282996
 0.0
 0.0
 3.0
 0.0
 0.0
 2.2527101981618287
 0.0
 2.952006319510815
 0.0
 0.0
 0.0
 0.0
 0.0
 0.0
 3.003525121644266
 0.0
 0.0
 4.386082665165798
 0.0
 0.0
 0.0
 0.0
 0.0
 0.0
 0.0
 0.0
 0.0
 3.1629125040229535
 0.0
 0.0
 6.35297736122868
x_lj_opt: 1-dimensional DenseAxisArray{Float64,1,...} with index sets:
    Dimension 1, [(15, 30), (15, 29), (15, 23), (15, 3), (14, 28), (14, 27), (14, 10), (14, 24), (13, 26), (13, 25)  …  (3, 6), (3, 5), (3, 29), (2, 4), (2, 3), (2, 1), (2, 5), (1, 2), (1, 1), (1, 14)]
And data, a 53-element Vector{Float64}:
 1.8084716538022647
 4.16213919696566
 0.0
 0.794122170153585
 0.7180091922150577
 1.0
 0.0
 0.0
 2.0
 0.16946737800306158
 0.7410289104875689
 1.2842224337643287
 0.9230177925374409
 0.7927597736982306
 2.0
 0.0
 0.0
 0.0
 0.7157775662356713
 0.0
 0.0
 2.0
 1.0
 0.5934311457708278
 0.21197034701941742
 0.0
 5.056614242484157
 2.943385757515843
 0.0
 0.0
 2.0
 0.9520063195108153
 0.0
 1.946726987070941
 6.0
 0.05327301292905906
 2.0
 1.0
 0.0
 0.0
 1.0074413078548599
 2.7723918087198283
 0.09409767689003604
 0.8863394547234371
 5.0956160352183115
 1.0451010293361098
 1.9059023231099639
 0.1897137121083473
 0.0
 0.9043839647816887
 1.258971089512431
 1.2398947114855128
 0.0
q_opt: 1-dimensional DenseAxisArray{Float64,1,...} with index sets:
    Dimension 1, [(43, 15), (43, 14), (44, 15), (44, 13), (44, 3), (40, 14), (40, 2), (41, 14), (42, 6), (37, 13)  …  (4, 13), (5, 2), (5, 7), (5, 9), (6, 11), (1, 1), (1, 6), (1, 3), (2, 1), (2, 15)]
And data, a 71-element Vector{Float64}:
 0.0
 0.0
 0.0
 0.7410289104875689
 0.44316972736171856
 1.0
 0.0
 0.0
 0.0
 0.25897108951243103
 0.0
 1.0
 0.0
 0.0
 0.3230471622269022
 0.0
 0.0
 0.0
 0.8848646646508955
 0.0
 0.49627934607257007
 0.0
 1.0
 0.24909660061272376
 0.2815887747702286
 0.0
 0.11513533534910447
 0.0
 1.0
 1.0
 0.7933508814190812
 0.0
 0.0
 0.0
 0.0
 0.0
 0.0
 0.0
 0.2066491185809188
 0.20587782984641498
 0.0
 0.0
 1.0
 0.0
 0.0
 0.7509033993872762
 0.0
 1.0
 0.0
 0.0
 0.0
 0.0
 0.0
 0.0
 0.5037206539274299
 0.0
 0.0
 0.5568302726382814
 0.0
 0.0
 0.0
 0.0
 0.0
 0.0
 0.0
 0.0
 0.0
 0.39536406300286925
 0.0
 0.0
 0.794122170153585



