McCormick lower bound: -643.6778903214285

solution time: 0.005142927169799805

w_opt: 1-dimensional DenseAxisArray{Float64,1,...} with index sets:
    Dimension 1, [(25, 1, 2), (25, 1, 1), (25, 1, 14), (20, 1, 2), (20, 1, 1), (20, 1, 14), (1, 1, 2), (1, 1, 1), (1, 1, 14), (2, 1, 2)  …  (20, 15, 23), (20, 15, 3), (8, 15, 30), (8, 15, 29), (8, 15, 23), (8, 15, 3), (2, 15, 30), (2, 15, 29), (2, 15, 23), (2, 15, 3)]
And data, a 261-element Vector{Float64}:
 1.3834523079877774
 0.0
 0.0
 0.0
 0.5280694361261624
 0.0
 0.0
 0.0
 0.0
 0.0
 0.0
 0.0
 0.0
 0.0
 0.0
 0.0
 2.0
 0.0
 0.0
 1.0
 0.0
 0.0
 0.0
 0.0
 0.0
 0.0
 0.0
 0.0
 1.206303896954102
 3.3760008808973896
 0.0
 0.0
 0.0
 0.0
 0.0
 0.0
 0.0
 0.0
 0.0
 0.0
 0.0
 0.0
 0.3883776994069903
 0.0
 0.43988841880006024
 0.0
 0.0
 0.0
 0.0
 1.0812379614931436
 2.160427191505562
 0.0
 0.0
 0.0
 0.0
 0.0
 0.0
 0.0
 0.0
 1.9994613817432065
 1.0
 0.0
 0.0
 0.0
 0.0
 0.0
 0.0
 0.0
 0.0
 0.0
 0.0
 0.16592270484267302
 0.49776811452801883
 0.0
 0.75
 2.25
 0.0
 0.549154360977534
 1.647463082932602
 0.0
 0.0
 0.0
 0.0
 0.0
 0.0
 0.0
 0.0
 0.0
 0.0
 0.0
 0.0
 0.0
 0.534922934179793
 1.604768802539379
 0.0
 0.0
 0.0
 0.0
 0.0
 0.0
 0.0
 2.0
 1.0
 0.0
 0.0
 0.0
 0.0
 0.0
 0.0
 0.0
 0.0
 0.0
 0.0
 0.0
 0.0
 0.0
 0.0
 0.0
 3.75
 1.25
 0.0
 0.0
 0.0
 1.5363661596902638
 1.4636338403097362
 0.0
 0.0
 0.0
 0.0
 0.0
 0.0
 0.0
 0.0
 0.0
 0.0
 0.0
 0.0
 0.0
 0.0
 0.0
 0.0
 0.0
 0.0
 0.0
 0.0
 0.0
 0.0
 0.683917173220298
 0.2189966784821886
 0.0
 0.0
 0.34333592969338556
 0.0
 0.5845457216532317
 0.21883683443663252
 0.0
 0.0
 1.4154542783467683
 0.7077271391733841
 0.0
 0.0
 0.0
 0.0
 0.0
 0.0
 0.0
 0.0
 0.0
 0.0
 0.0
 0.0
 0.0
 0.0
 2.0
 0.0
 0.0
 0.0
 0.3139494506153584
 0.0
 0.0
 0.0
 0.0
 0.0
 0.0
 0.0
 0.0
 0.0
 0.0
 0.0
 0.0
 0.0
 0.0
 0.0
 0.0
 1.6860505493846416
 1.0
 0.3139494506153584
 0.0
 0.0
 0.0
 0.0
 0.0
 0.0
 0.0
 0.0
 0.0
 1.3579143104113502
 0.06240946319345286
 0.6165476920122226
 0.6420856895886496
 0.2012599175476916
 0.0
 0.0
 0.0
 0.0
 0.0
 0.0
 0.0
 0.0
 0.0
 0.0
 0.0
 0.0
 0.0
 0.0
 0.4084503677230113
 0.8794771780215738
 0.0
 0.0
 0.0
 0.0
 0.0
 0.0
 0.0
 0.0
 0.0
 0.0
 0.0
 0.0
 0.0
 0.0
 0.0
 0.0
 0.0
 0.0
 0.0
 0.0
 0.0
 0.0
 0.23410905000744964
 0.0
 0.0
 0.0
 0.0
 0.0
 0.0
 0.0
 0.8674337661205147
 5.297672849977651
 0.0
 0.7875958430634145
x_ij_opt: 1-dimensional DenseAxisArray{Float64,1,...} with index sets:
    Dimension 1, [(43, 30), (43, 22), (43, 6), (44, 22), (45, 30), (45, 29), (45, 28), (45, 24), (45, 23), (40, 29)  …  (5, 7), (5, 14), (6, 4), (6, 3), (1, 14), (1, 10), (1, 23), (1, 1), (3, 2), (3, 1)]
And data, a 116-element Vector{Float64}:
 0.0
 0.0
 0.0
 0.0
 0.8984571838720357
 0.0
 1.5915496322769886
 0.0
 0.0
 0.0
 0.0
 0.0
 0.0
 0.0
 0.0
 0.0
 0.0
 0.0
 0.0
 0.0
 0.0
 0.0
 0.0
 0.0
 0.0
 0.0
 0.0
 2.0
 0.0
 0.0
 0.0
 0.0
 0.0
 0.0
 0.0
 0.0
 0.0
 0.0
 0.0
 0.0
 0.0
 0.0
 0.0
 0.793696103045898
 0.0
 0.0
 0.0
 0.0
 0.0
 0.0
 0.0
 0.0
 0.0
 0.0
 0.0
 0.6860505493846416
 0.0
 0.713633840309736
 0.0
 0.9727468970863165
 0.0
 0.0
 0.0
 0.0
 6.0
 0.0
 0.0
 0.0
 0.0
 0.7810033215178114
 0.0
 0.0
 0.0
 0.0
 0.0
 0.0
 0.12052282197842623
 0.9187620385068564
 0.0
 0.0
 0.0
 0.0
 0.0
 0.0
 0.0
 0.0
 0.0
 0.0005386182567934661
 0.0
 1.6239991191026104
 0.0
 0.0
 0.0
 0.0
 0.0
 0.0
 0.0
 0.7363306192588556
 0.0
 0.21240415693658554
 0.0
 0.0
 0.0
 0.0
 0.0
 0.0
 0.0
 0.0
 0.0
 0.0
 0.0
 0.0
 0.0
 5.471930563873838
 0.0
 0.0
x_il_opt: 1-dimensional DenseAxisArray{Float64,1,...} with index sets:
    Dimension 1, [(43, 15), (43, 14), (44, 15), (44, 13), (44, 3), (40, 14), (40, 2), (41, 14), (42, 6), (37, 13)  …  (4, 13), (5, 2), (5, 7), (5, 9), (6, 11), (1, 1), (1, 6), (1, 3), (2, 1), (2, 15)]
And data, a 71-element Vector{Float64}:
 0.0
 0.0
 0.0
 2.0368714656170255
 4.582304777851491
 1.2879275457445851
 0.0
 0.0
 0.6636908193706919
 0.8433456071363412
 0.0
 3.0
 0.0
 0.0
 3.0
 0.0
 0.0
 0.0
 5.0
 0.0
 0.43988841880006024
 0.0
 3.0
 0.8033825560898642
 2.196617443910136
 0.0
 3.0
 0.0
 2.3139494506153584
 0.9029138517024866
 1.3834523079877774
 0.0
 0.0
 0.0
 0.0
 0.0
 0.0
 0.0
 0.5280694361261624
 0.23410905000744964
 0.0
 0.0
 2.9994613817432065
 0.0
 0.0
 2.1231814175201524
 0.0
 3.0
 0.0
 0.0
 0.0
 0.0
 0.0
 0.0
 3.2416651529987055
 0.0
 0.0
 0.0
 0.0
 0.0
 0.0
 0.0
 0.0
 0.0
 0.34333592969338556
 0.0
 0.0
 2.139691736719172
 0.3883776994069903
 0.0
 6.95270245916158
x_lj_opt: 1-dimensional DenseAxisArray{Float64,1,...} with index sets:
    Dimension 1, [(15, 30), (15, 29), (15, 23), (15, 3), (14, 28), (14, 27), (14, 10), (14, 24), (13, 26), (13, 25)  …  (3, 6), (3, 5), (3, 29), (2, 4), (2, 3), (2, 1), (2, 5), (1, 2), (1, 1), (1, 14)]
And data, a 53-element Vector{Float64}:
 1.1015428161279643
 5.297672849977651
 0.0
 0.7875958430634145
 0.4084503677230113
 0.8794771780215738
 0.0
 0.0
 2.0
 0.26366938074114443
 0.6165476920122226
 1.6860505493846416
 1.0
 0.3139494506153584
 2.0
 0.0
 0.0
 0.0
 0.3139494506153584
 0.0
 0.0
 2.0
 0.9265639736100166
 1.0272531029136835
 0.2189966784821886
 0.0
 5.286366159690264
 2.713633840309736
 0.0
 0.0
 2.0
 1.0
 0.0
 2.0
 6.0
 0.0
 1.9994613817432065
 1.0
 0.0
 0.0
 1.0812379614931436
 2.600315610305622
 0.0
 1.206303896954102
 3.3760008808973896
 0.3883776994069903
 2.0
 0.0
 0.0
 1.0
 1.3834523079877774
 0.5280694361261624
 0.0
q_opt: 1-dimensional DenseAxisArray{Float64,1,...} with index sets:
    Dimension 1, [(43, 15), (43, 14), (44, 15), (44, 13), (44, 3), (40, 14), (40, 2), (41, 14), (42, 6), (37, 13)  …  (4, 13), (5, 2), (5, 7), (5, 9), (6, 11), (1, 1), (1, 6), (1, 3), (2, 1), (2, 15)]
And data, a 71-element Vector{Float64}:
 0.0
 0.0
 0.0
 0.6789571552056751
 0.9352703834321683
 1.0
 0.0
 0.0
 0.08296135242133651
 0.3210428447943248
 0.0
 1.0
 0.0
 0.0
 0.375
 0.0
 0.0
 0.0
 0.625
 0.0
 0.4593810192534282
 0.0
 1.0
 0.29227286082661585
 0.274577180488767
 0.0
 0.375
 0.0
 1.0
 0.8283320351533071
 0.9119884273123062
 0.0
 0.0
 0.0
 0.0
 0.0
 0.0
 0.0
 0.08801157268769373
 0.11705452500372482
 0.0
 0.0
 1.0
 0.0
 0.0
 0.7077271391733841
 0.0
 1.0
 0.0
 0.0
 0.0
 0.0
 0.0
 0.0
 0.5406189807465718
 0.0
 0.0
 0.0
 0.0
 0.0
 0.0
 0.0
 0.0
 0.0
 0.1716679648466929
 0.0
 0.0
 0.2674614670898965
 0.06472961656783172
 0.0
 0.8829454749962752



