McCormick lower bound: -650.8955925370987

solution time: 0.005575895309448242

w_opt: 1-dimensional DenseAxisArray{Float64,1,...} with index sets:
    Dimension 1, [(25, 1, 2), (25, 1, 1), (25, 1, 14), (20, 1, 2), (20, 1, 1), (20, 1, 14), (1, 1, 2), (1, 1, 1), (1, 1, 14), (2, 1, 2)  …  (20, 15, 23), (20, 15, 3), (8, 15, 30), (8, 15, 29), (8, 15, 23), (8, 15, 3), (2, 15, 30), (2, 15, 29), (2, 15, 23), (2, 15, 3)]
And data, a 261-element Vector{Float64}:
 1.2247271418075523
 0.0926742484990255
 0.028233559691094312
 0.0325186365517105
 0.0
 0.0
 0.0
 0.0
 0.0
 0.0
 0.0
 0.0
 0.0
 0.0
 0.0
 0.0
 1.9782705332287618
 0.08237768966572045
 0.0
 0.9393517771055175
 0.0
 0.0
 0.0
 0.0
 0.0
 0.0
 0.0
 0.0
 0.792238340229332
 1.727240841470517
 0.0
 0.0
 0.0
 0.0
 0.0
 3.333407381423965
 1.497639257658707
 0.0
 0.0
 0.0
 0.0
 0.0
 0.0
 0.0
 0.6581536795856757
 0.0
 0.0
 0.0
 0.0
 1.2378465521292634
 2.482857039428556
 0.02172946677123808
 0.0
 0.0
 0.0
 0.0
 0.0
 0.0
 0.0
 2.0
 1.0
 0.0
 0.0
 0.0
 0.0
 0.0
 0.0
 0.0
 0.0
 0.0
 0.0
 0.1552065501700403
 0.46561965051012094
 0.0
 0.75
 2.25
 0.0
 0.5716248877052033
 1.7148746631156098
 0.0
 0.0
 0.0
 0.0
 0.0
 0.0
 0.0
 0.0
 0.0
 0.0
 0.0
 0.0
 0.0
 0.5231685621247564
 1.5695056863742691
 0.0
 0.0
 0.0
 0.0
 0.0
 0.0
 0.0
 1.9717664403089057
 0.8791780085320211
 0.0
 0.0
 0.0
 0.0
 0.0
 0.0
 0.0
 0.0
 0.0
 0.0
 0.0
 0.0
 0.0
 0.0
 0.0
 4.183108749218212
 1.3943695830727372
 0.0
 0.0
 0.0
 1.5094096100618521
 0.9131120576471987
 0.0
 0.0
 0.0
 0.0
 0.0
 0.0
 0.0
 0.0
 0.0
 0.0
 0.0
 0.0
 0.0
 0.0
 0.0
 0.0
 0.0
 0.0
 0.0
 0.0
 0.0
 0.0
 1.2260614178144131
 0.0
 0.0
 0.0
 0.7739385821855869
 0.0
 0.5135123972314517
 0.19998805194773506
 0.0
 0.0
 1.4864876027685483
 0.7432438013842741
 0.0
 0.0
 0.0
 0.0
 0.0
 0.0
 0.0
 0.0
 0.0
 0.0
 0.0
 0.0
 0.0
 0.0
 2.0
 0.0
 0.0
 0.0
 0.44849235973416746
 0.0
 0.0
 0.0
 0.0
 0.0
 0.0
 0.0
 0.0
 0.0
 0.0
 0.0
 0.0
 0.0
 0.0
 0.0
 0.0
 1.5515076402658325
 1.0
 0.44849235973416746
 0.0
 0.0
 0.0
 0.0
 0.0
 0.0
 0.0
 0.0
 0.0
 1.4855084432814742
 0.0
 0.7427542216407372
 0.5144915567185254
 0.1730755541679691
 0.0
 0.0
 0.0
 0.0
 0.0
 0.0
 0.0
 0.0
 0.0
 0.0
 0.0
 0.0
 0.0
 0.0
 0.4996931216100578
 0.6696844281354386
 0.0
 0.0
 0.0
 0.0
 0.0
 0.0
 0.0
 0.3303155718645614
 0.0
 0.0
 0.0
 0.0
 0.0
 0.0
 0.0
 0.0
 0.0
 0.0
 0.0
 0.0
 0.0
 0.0
 0.1647553793314409
 0.0
 0.0
 0.0
 0.0
 0.0
 0.0
 0.0
 1.835244620668559
 4.053868382607125
 0.0
 0.9176223103342795
x_ij_opt: 1-dimensional DenseAxisArray{Float64,1,...} with index sets:
    Dimension 1, [(43, 30), (43, 22), (43, 6), (44, 22), (45, 30), (45, 29), (45, 28), (45, 24), (45, 23), (40, 29)  …  (5, 7), (5, 14), (6, 4), (6, 3), (1, 14), (1, 10), (1, 23), (1, 1), (3, 2), (3, 1)]
And data, a 116-element Vector{Float64}:
 0.0
 0.0
 0.4720850162184747
 0.0
 0.0
 0.0
 1.5003068783899423
 0.0
 0.0
 0.0
 0.0
 0.0
 0.0
 0.0
 0.0
 0.0
 0.0
 0.0
 0.22041073918063603
 0.0
 0.0
 0.0
 0.0
 0.0
 0.0
 0.0
 0.0
 2.0
 0.0
 0.0
 0.0
 0.0
 0.0
 0.0
 0.0
 0.0
 0.0
 0.0
 0.0
 0.0
 0.0
 0.0
 0.0
 0.7356766435521933
 0.0
 0.0
 0.0
 0.0
 0.0
 0.0
 0.0
 0.0
 0.0
 0.0
 0.0
 0.5515076402658323
 0.0
 0.3074816407199359
 0.1208219914679789
 0.0
 0.0
 0.0
 0.0
 0.0
 6.0
 0.0
 0.0
 0.0
 0.0
 0.779589260819364
 0.0
 0.0
 0.0
 0.0
 0.0
 0.0
 0.0
 0.7621534478707366
 0.0
 0.0
 0.0
 0.0
 0.0
 0.0
 0.0
 0.0
 0.0
 0.0
 0.0
 0.0
 0.0
 0.0
 0.0
 0.0
 0.0
 0.0
 0.0
 0.8269244458320308
 0.0
 0.0
 0.0
 0.0
 0.0
 0.0
 0.0
 0.0
 0.0
 0.0
 0.0
 0.0
 0.0
 0.0
 0.0
 5.9073257515009745
 0.0
 0.0
x_il_opt: 1-dimensional DenseAxisArray{Float64,1,...} with index sets:
    Dimension 1, [(43, 15), (43, 14), (44, 15), (44, 13), (44, 3), (40, 14), (40, 2), (41, 14), (42, 6), (37, 13)  …  (4, 13), (5, 2), (5, 7), (5, 9), (6, 11), (1, 1), (1, 6), (1, 3), (2, 1), (2, 15)]
And data, a 71-element Vector{Float64}:
 0.0
 0.0
 0.0
 2.2282626649222115
 2.519479181699849
 1.1693775497454963
 0.0
 0.0
 0.6208262006801613
 0.6875671108864945
 0.0
 3.0
 0.0
 0.0
 3.0
 0.0
 0.0
 0.0
 5.577478332290949
 0.0
 0.6581536795856757
 0.3303155718645614
 3.0
 0.7135004491791868
 2.286499550820813
 0.0
 2.422521667709051
 0.0
 2.4484923597341677
 1.2260614178144131
 1.345634949997672
 0.0
 0.0
 0.0
 0.0
 0.0
 0.0
 0.0
 0.0325186365517105
 0.1647553793314409
 0.0
 0.0
 3.0
 0.0
 0.0
 2.2297314041528224
 0.0
 2.850944448840927
 0.0
 0.0
 0.0
 0.0
 0.0
 0.0
 3.7424330583290573
 0.0
 0.0
 4.831046639082672
 0.0
 0.0
 0.0
 0.0
 0.0
 0.0
 0.7739385821855869
 0.0
 0.0
 2.0926742484990255
 0.0
 0.0
 6.8067353136099635
x_lj_opt: 1-dimensional DenseAxisArray{Float64,1,...} with index sets:
    Dimension 1, [(15, 30), (15, 29), (15, 23), (15, 3), (14, 28), (14, 27), (14, 10), (14, 24), (13, 26), (13, 25)  …  (3, 6), (3, 5), (3, 29), (2, 4), (2, 3), (2, 1), (2, 5), (1, 2), (1, 1), (1, 14)]
And data, a 53-element Vector{Float64}:
 2.0
 4.053868382607125
 0.0
 0.9176223103342795
 0.4996931216100578
 1.0
 0.0
 0.0
 2.0
 0.1730755541679691
 0.7427542216407372
 1.5515076402658325
 1.0
 0.44849235973416746
 2.0
 0.0
 0.0
 0.0
 0.44849235973416746
 0.0
 0.0
 2.0
 0.9432318533320092
 2.0
 0.0
 0.0
 5.692518359280064
 2.307481640719936
 0.0
 0.0
 1.9717664403089057
 0.8791780085320211
 0.0
 2.0
 6.0
 0.0
 2.0
 1.0
 0.0
 0.0
 1.2378465521292634
 3.141010719014232
 0.02172946677123808
 0.792238340229332
 5.060648222894482
 1.497639257658707
 1.978270533228762
 0.08237768966572045
 0.0
 0.9393517771055175
 1.2572457783592628
 0.0926742484990255
 0.028233559691094312
q_opt: 1-dimensional DenseAxisArray{Float64,1,...} with index sets:
    Dimension 1, [(43, 15), (43, 14), (44, 15), (44, 13), (44, 3), (40, 14), (40, 2), (41, 14), (42, 6), (37, 13)  …  (4, 13), (5, 2), (5, 7), (5, 9), (6, 11), (1, 1), (1, 6), (1, 3), (2, 1), (2, 15)]
And data, a 71-element Vector{Float64}:
 0.0
 0.0
 0.0
 0.7427542216407371
 0.396119170114666
 0.6696844281354386
 0.0
 0.0
 0.07760327508502016
 0.2572457783592627
 0.0
 1.0
 0.0
 0.0
 0.375
 0.0
 0.0
 0.0
 0.6971847915363686
 0.0
 0.3810767239353683
 0.3303155718645614
 1.0
 0.25675619861572585
 0.2858124438526016
 0.0
 0.30281520846363136
 0.0
 1.0
 0.6130307089072066
 0.9837406817241447
 0.0
 0.0
 0.0
 0.0
 0.0
 0.0
 0.0
 0.01625931827585525
 0.08237768966572045
 0.0
 0.0
 1.0
 0.0
 0.0
 0.7432438013842741
 0.0
 1.0
 0.0
 0.0
 0.0
 0.0
 0.0
 0.0
 0.6189232760646317
 0.0
 0.0
 0.603880829885334
 0.0
 0.0
 0.0
 0.0
 0.0
 0.0
 0.38696929109279343
 0.0
 0.0
 0.2615842810623782
 0.0
 0.0
 0.9176223103342795



