McCormick lower bound: -644.8509163619541

solution time: 0.0056760311126708984

w_opt: 1-dimensional DenseAxisArray{Float64,1,...} with index sets:
    Dimension 1, [(25, 1, 2), (25, 1, 1), (25, 1, 14), (20, 1, 2), (20, 1, 1), (20, 1, 14), (1, 1, 2), (1, 1, 1), (1, 1, 14), (2, 1, 2)  …  (20, 15, 23), (20, 15, 3), (8, 15, 30), (8, 15, 29), (8, 15, 23), (8, 15, 3), (2, 15, 30), (2, 15, 29), (2, 15, 23), (2, 15, 3)]
And data, a 261-element Vector{Float64}:
 1.250328955701829
 0.0
 0.04498406474661465
 0.0051070902594629874
 1.3811661352586708
 0.0
 0.0
 0.0
 0.0
 0.0
 0.0
 0.0
 0.0
 0.0
 0.0
 0.0
 2.0
 0.0
 0.0
 1.0
 0.0
 0.0
 0.0
 0.0
 0.0
 0.0
 0.0
 0.0
 1.2311020333668357
 2.9441774139142884
 0.0
 0.0
 0.0
 0.0
 0.0
 0.0
 0.0
 0.0
 0.0
 0.0
 0.0
 0.18869283399744766
 0.7621125809994211
 0.0
 0.0
 0.0
 0.0
 0.0
 0.0
 1.5325998995589691
 3.802109841478255
 0.0
 0.0
 0.0
 0.0
 0.0
 0.0
 0.0
 0.0
 2.0
 1.0
 0.0
 0.0
 0.0
 0.0
 0.0
 0.0
 0.0
 0.0
 0.0
 0.0
 0.06237020813952743
 0.18711062441858228
 0.0
 0.75
 2.25
 0.0
 0.532330913484937
 1.596992740454811
 0.0
 0.0
 0.0
 0.0
 0.0
 0.0
 0.0
 0.0
 0.0
 0.0
 0.0
 0.0
 0.0
 0.6552988783755356
 1.9658966351266072
 0.0
 0.0
 0.0
 0.0
 0.0
 0.0
 0.0
 1.9550159352533854
 0.8541492715062753
 0.12335869612041739
 0.0
 0.0
 0.06747609711992197
 0.0
 0.0
 0.0
 0.0
 0.0
 0.0
 0.0
 0.0
 0.0
 0.0
 0.0
 3.860430064762167
 1.1409592930936638
 0.0
 0.1458507284937247
 0.0
 1.7958290482223624
 1.0569308654280813
 0.0
 0.0
 0.0
 0.0
 0.0
 0.0
 0.0
 0.0
 0.0
 0.0
 0.0
 0.0
 0.0
 0.0
 0.0
 0.0
 0.0
 0.0
 0.0
 0.0
 0.0
 0.0
 1.1521633516948433
 0.20878274084124282
 0.0
 0.0
 0.6635426742317183
 0.0
 0.6369099095059472
 0.2337664365543047
 0.0
 0.0
 1.3630900904940528
 0.6815450452470264
 0.0
 0.0
 0.0
 0.0
 0.0
 0.949142542706479
 0.0
 0.0
 0.0
 0.0
 0.0
 0.0
 0.0
 0.0
 1.6836191524311737
 0.0
 0.0
 0.0
 0.39839363818704143
 0.9179872093817849
 0.0
 0.0
 0.0
 0.0
 0.0
 0.0
 0.0
 0.0
 0.0
 0.0
 0.0
 0.0
 0.0
 0.0
 0.0
 1.6016063618129586
 1.0
 0.39839363818704143
 0.0
 0.0
 0.0
 0.0
 0.0
 0.0
 0.0
 0.0
 0.0
 1.4891279080774165
 0.0
 0.7445639540387081
 0.5108720919225835
 0.13792056580715728
 0.0
 0.0
 0.0
 0.0
 0.0
 0.0
 0.0
 0.0
 0.0
 0.0
 0.0
 0.2856211948311078
 0.0
 0.0
 0.5202274938419639
 0.26011374692098194
 0.0
 0.0
 0.0
 0.0
 0.0
 0.0
 0.0
 0.4542650582479102
 0.0
 0.0
 0.0
 0.0
 0.0
 0.0
 0.0
 0.0
 0.0
 0.0
 0.0
 0.0
 0.0
 0.0
 0.13800484118656914
 0.0
 0.0
 0.0
 0.0
 0.0
 0.0
 0.0
 1.6774892750334698
 4.839493780813538
 0.0
 0.9309975794067155
x_ij_opt: 1-dimensional DenseAxisArray{Float64,1,...} with index sets:
    Dimension 1, [(43, 30), (43, 22), (43, 6), (44, 22), (45, 30), (45, 29), (45, 28), (45, 24), (45, 23), (40, 29)  …  (5, 7), (5, 14), (6, 4), (6, 3), (1, 14), (1, 10), (1, 23), (1, 1), (3, 2), (3, 1)]
And data, a 116-element Vector{Float64}:
 0.0
 0.31638084756882634
 0.0
 0.0
 0.1845058837799609
 0.0
 1.479772506158036
 0.0
 0.0
 0.0
 0.0
 0.0
 0.0
 0.0
 0.0
 0.0
 0.0
 0.0
 0.0
 0.0
 0.0
 0.0
 0.0
 0.0
 0.0
 0.0
 0.0
 2.0
 0.0
 0.0
 0.0
 0.0
 0.0
 0.0
 0.0
 0.0
 0.0
 0.0
 0.0
 0.0
 0.0
 0.0
 0.0
 0.7688979666331643
 0.0
 0.0
 0.0
 0.0
 0.0
 0.0
 0.0
 0.0
 0.0
 0.0
 0.0
 0.0
 0.0
 0.34374088701547034
 0.0
 0.1842939740734384
 0.0
 0.0
 0.0
 0.0
 6.0
 0.0
 0.0
 0.0
 0.0
 0.7912172591587572
 0.0
 0.0
 0.0
 0.0
 0.0
 0.0
 0.0
 0.46740010044103086
 0.0
 0.0
 0.0
 0.0
 0.0
 0.0
 0.0
 0.0
 0.0
 0.0
 0.0
 0.0
 0.0
 0.0
 0.0
 0.0
 0.0
 0.0
 0.0
 0.8620794341928427
 0.0
 0.06900242059328454
 0.0
 0.0
 0.0
 0.0
 0.0
 0.0
 0.0
 0.0
 0.0
 0.0
 0.0
 0.0
 0.0
 4.42799907150099
 0.0
 0.0
x_il_opt: 1-dimensional DenseAxisArray{Float64,1,...} with index sets:
    Dimension 1, [(43, 15), (43, 14), (44, 15), (44, 13), (44, 3), (40, 14), (40, 2), (41, 14), (42, 6), (37, 13)  …  (4, 13), (5, 2), (5, 7), (5, 9), (6, 11), (1, 1), (1, 6), (1, 3), (2, 1), (2, 15)]
And data, a 71-element Vector{Float64}:
 0.0
 0.2856211948311078
 0.0
 2.2336918621161246
 4.175279447281124
 0.7803412407629458
 0.0
 0.0
 0.2494808325581097
 0.6487926577297408
 0.0
 3.0
 0.0
 0.0
 3.0
 0.0
 0.0
 0.949142542706479
 5.147240086349555
 0.0
 0.0
 0.4542650582479102
 3.0
 0.8706763460602519
 2.129323653939748
 0.0
 2.852759913650444
 0.0
 3.0
 1.3609460925360861
 1.2953130204484435
 0.0
 0.0
 0.0
 0.0
 0.0
 0.0
 0.0
 1.3862732255181338
 0.13800484118656914
 0.0
 0.0
 3.0
 0.0
 0.0
 2.0446351357410792
 0.0
 2.932523902880078
 0.0
 0.0
 0.0
 0.0
 0.0
 0.0
 5.334709741037224
 0.0
 0.0
 0.0
 0.0
 0.0
 0.0
 0.0
 0.0
 0.06747609711992197
 0.6635426742317183
 0.0
 0.0
 2.6211955135021414
 0.9508054149968688
 0.0
 7.447980635253724
x_lj_opt: 1-dimensional DenseAxisArray{Float64,1,...} with index sets:
    Dimension 1, [(15, 30), (15, 29), (15, 23), (15, 3), (14, 28), (14, 27), (14, 10), (14, 24), (13, 26), (13, 25)  …  (3, 6), (3, 5), (3, 29), (2, 4), (2, 3), (2, 1), (2, 5), (1, 2), (1, 1), (1, 14)]
And data, a 53-element Vector{Float64}:
 1.815494116220039
 4.839493780813538
 0.0
 0.9309975794067155
 0.5202274938419639
 1.0
 0.0
 0.0
 2.0
 0.13792056580715728
 0.7445639540387081
 1.6016063618129586
 1.0
 0.39839363818704143
 1.6836191524311737
 0.0
 0.0
 0.0
 0.39839363818704143
 1.867129752088264
 0.0
 2.0
 0.9153114818013312
 1.8157060259265616
 0.20878274084124282
 0.0
 5.65625911298453
 2.197890158521745
 0.0
 0.1458507284937247
 1.9550159352533854
 0.8541492715062753
 0.19083479324033936
 2.0
 6.0
 0.0
 2.0
 1.0
 0.0
 0.0
 1.5325998995589691
 3.802109841478255
 0.0
 1.2311020333668357
 3.132870247911736
 0.7621125809994211
 2.0
 0.0
 0.0
 1.0
 1.2554360459612919
 1.3811661352586708
 0.04498406474661465
q_opt: 1-dimensional DenseAxisArray{Float64,1,...} with index sets:
    Dimension 1, [(43, 15), (43, 14), (44, 15), (44, 13), (44, 3), (40, 14), (40, 2), (41, 14), (42, 6), (37, 13)  …  (4, 13), (5, 2), (5, 7), (5, 9), (6, 11), (1, 1), (1, 6), (1, 3), (2, 1), (2, 15)]
And data, a 71-element Vector{Float64}:
 0.0
 0.2856211948311078
 0.0
 0.7445639540387082
 0.8729812365000965
 0.26011374692098194
 0.0
 0.0
 0.031185104069763714
 0.25543604596129177
 0.0
 1.0
 0.0
 0.0
 0.375
 0.0
 0.0
 0.15819042378441317
 0.6434050107936945
 0.0
 0.23370005022051543
 0.4542650582479102
 1.0
 0.3184549547529736
 0.2661654567424685
 0.0
 0.35659498920630545
 0.0
 0.8418095762155868
 0.6682286628841408
 0.7698056441235549
 0.0
 0.0
 0.0
 0.0
 0.0
 0.0
 0.0
 0.23019435587644513
 0.06900242059328457
 0.0
 0.0
 1.0
 0.0
 0.0
 0.6815450452470264
 0.0
 0.9775079676266927
 0.0
 0.0
 0.0
 0.0
 0.0
 0.0
 0.7662999497794846
 0.0
 0.0
 0.0
 0.0
 0.0
 0.0
 0.0
 0.0
 0.022492032373307325
 0.33177133711585916
 0.0
 0.0
 0.3276494391877678
 0.12701876349990351
 0.0
 0.9309975794067155



