McCormick lower bound: -648.5458763851856

solution time: 0.007044076919555664

w_opt: 1-dimensional DenseAxisArray{Float64,1,...} with index sets:
    Dimension 1, [(25, 1, 2), (25, 1, 1), (25, 1, 14), (20, 1, 2), (20, 1, 1), (20, 1, 14), (1, 1, 2), (1, 1, 1), (1, 1, 14), (2, 1, 2)  …  (20, 15, 23), (20, 15, 3), (8, 15, 30), (8, 15, 29), (8, 15, 23), (8, 15, 3), (2, 15, 30), (2, 15, 29), (2, 15, 23), (2, 15, 3)]
And data, a 261-element Vector{Float64}:
 1.4970163947293413
 0.0
 0.0
 0.0
 1.5089508158119758
 0.0
 0.0
 0.0
 0.0
 0.0
 0.0
 0.0
 0.0
 0.0
 0.0
 0.0
 1.8820246960628155
 0.24058926669102265
 0.0
 0.8773860372461619
 0.0
 0.0
 0.0
 0.0
 0.0
 0.0
 0.0
 0.0
 1.036678471774974
 1.8920303041329147
 0.0
 0.0
 0.0
 0.0
 0.0
 2.7904333289018033
 0.9301444429672675
 0.0
 0.0
 0.0
 0.0
 0.03317708525775818
 0.09953125577327455
 0.0
 0.0
 0.0
 0.0
 0.0
 0.0
 1.571146266576234
 3.6069640346045513
 0.11797530393718447
 0.0
 0.0
 0.0
 0.0
 0.0
 0.0
 0.0
 2.0
 1.0
 0.0
 0.0
 0.0
 0.0
 0.0
 0.0
 0.0
 0.0
 0.0
 0.0
 0.0
 0.0
 0.0
 0.5871545838344381
 1.7614637515033151
 0.0
 0.49041646694383184
 1.3829600834880942
 0.28216301621042716
 0.0
 0.0
 0.0
 0.0
 0.0
 0.0
 0.0
 0.0
 0.0
 0.0
 0.0
 0.0
 0.8739605245049735
 2.6218815735149206
 0.0
 0.0
 0.0
 0.0
 0.0
 0.0
 0.0
 2.0
 0.8624788684809352
 0.1375211315190647
 0.0
 0.0
 0.0
 0.0
 0.0
 0.0
 0.0
 0.0
 0.0
 0.0
 0.0
 0.0
 0.0
 0.0
 5.489131115989049
 1.8297103719963492
 0.0
 0.0
 0.0
 0.3768616577943469
 0.3042968542202549
 0.0
 0.0
 0.0
 0.0
 0.0
 0.0
 0.0
 0.0
 0.0
 0.0
 0.0
 0.0
 0.0
 0.0
 0.0
 0.0
 0.0
 0.0
 0.0
 0.0
 0.0
 0.0
 1.23145524753499
 0.0
 0.0
 0.0
 0.2031120206955106
 0.0
 0.6160510935010614
 0.22840933985658562
 0.0
 0.0
 1.3839489064989388
 0.6919744532494694
 0.0
 0.0
 0.0
 0.0
 0.0
 0.0
 0.0
 0.0
 0.0
 0.0
 0.0
 0.0
 0.0
 0.0
 1.830030554587583
 0.0
 0.0
 0.0
 0.5039674617722097
 0.4069732444613628
 0.0
 0.0
 0.0
 0.0
 0.0
 0.0
 0.0
 0.0
 0.0
 0.0
 0.0
 0.0
 0.0
 0.0
 0.0
 1.4960325382277904
 0.9820784917198856
 0.5218889700523239
 0.0
 0.0
 0.0
 0.0
 0.0
 0.0
 0.0
 0.0
 0.0
 1.532255453055369
 0.26314412125702624
 0.5029836052706587
 0.4677445469446309
 0.18530415128103284
 0.0
 0.0
 0.0
 0.0
 0.0
 0.0
 0.0
 0.0
 0.0
 0.0
 0.0
 0.0
 0.0
 0.0
 0.10442071106136452
 0.44957646953298247
 0.0
 0.0
 0.0
 0.0
 0.0
 0.0
 0.0
 0.5504235304670175
 0.0
 0.0
 0.0
 0.0
 0.0
 0.0
 0.0
 0.0
 0.0
 0.0
 0.0
 0.0
 0.0
 0.0
 0.4811785333820453
 0.0
 0.0
 0.0
 0.0
 0.0
 0.0
 0.0
 1.5188214666179547
 3.797053666544887
 0.0
 0.7594107333089773
x_ij_opt: 1-dimensional DenseAxisArray{Float64,1,...} with index sets:
    Dimension 1, [(43, 30), (43, 22), (43, 6), (44, 22), (45, 30), (45, 29), (45, 28), (45, 24), (45, 23), (40, 29)  …  (5, 7), (5, 14), (6, 4), (6, 3), (1, 14), (1, 10), (1, 23), (1, 1), (3, 2), (3, 1)]
And data, a 116-element Vector{Float64}:
 0.0
 0.169969445412417
 0.0
 0.0
 0.0
 0.0
 1.8955792889386354
 0.0
 0.0
 0.0
 0.0
 0.0
 0.0
 0.0
 0.0
 0.0
 0.0
 0.0
 0.21595566976268898
 0.0
 0.0
 0.0
 0.0
 0.0
 0.0
 0.0
 0.0
 2.0
 0.0
 0.6513816646622467
 0.0
 0.0
 0.0
 0.0
 0.0
 0.0
 0.0
 0.0
 0.0
 0.0
 0.0
 0.0
 0.0
 0.6811585120145989
 0.23369459149367078
 0.0
 0.0
 0.0
 0.0
 0.0
 0.0
 0.0
 0.0
 0.0
 0.0
 0.2590287391788445
 0.0
 0.1340072262166041
 0.13752113151906475
 0.5654327317694994
 0.0
 0.0
 0.0
 0.0
 6.0
 0.0
 0.0
 0.0
 0.0
 0.784044330237311
 0.0
 0.0
 0.0
 0.0
 0.0
 0.0
 0.0
 0.4288537334237661
 0.04846842471675661
 0.0
 0.0
 0.0
 0.0
 0.0
 0.0
 0.0
 0.0
 0.0
 0.0
 0.0
 0.0
 0.0
 0.0
 0.0
 0.0
 0.0
 0.0
 0.5515517274619409
 0.0
 0.0
 0.0
 0.0
 0.0
 0.0
 0.0
 0.0
 0.0
 0.0
 0.0
 0.0
 0.0
 0.0
 0.017921508280114407
 4.35352805266896
 0.0
 0.0
x_il_opt: 1-dimensional DenseAxisArray{Float64,1,...} with index sets:
    Dimension 1, [(43, 15), (43, 14), (44, 15), (44, 13), (44, 3), (40, 14), (40, 2), (41, 14), (42, 6), (37, 13)  …  (4, 13), (5, 2), (5, 7), (5, 9), (6, 11), (1, 1), (1, 6), (1, 3), (2, 1), (2, 15)]
And data, a 71-element Vector{Float64}:
 0.0
 0.0
 0.0
 2.2983831795830536
 2.9287087759078885
 0.553997180594347
 0.0
 0.0
 0.0
 0.6530486982256638
 0.0
 3.0
 0.0
 0.0
 2.348618335337753
 0.0
 0.0
 0.0
 7.318841487985401
 0.0
 0.0
 0.5504235304670175
 3.0
 0.844460433357647
 2.155539566642353
 0.0
 0.6811585120146018
 0.0
 2.7409712608211554
 1.23145524753499
 1.4970163947293413
 0.0
 0.0
 0.0
 0.0
 0.0
 0.0
 0.0
 1.5089508158119758
 0.4811785333820453
 0.0
 0.0
 3.0
 0.0
 0.0
 2.0759233597484084
 0.0
 3.0
 0.0
 0.0
 0.0
 0.0
 0.0
 0.0
 5.29608560511797
 0.0
 0.0
 3.720577771869071
 0.0
 0.0
 0.0
 0.0
 0.0
 0.0
 0.2031120206955106
 0.0
 0.0
 3.495842098019894
 0.13270834103103274
 0.0
 6.075285866471819
x_lj_opt: 1-dimensional DenseAxisArray{Float64,1,...} with index sets:
    Dimension 1, [(15, 30), (15, 29), (15, 23), (15, 3), (14, 28), (14, 27), (14, 10), (14, 24), (13, 26), (13, 25)  …  (3, 6), (3, 5), (3, 29), (2, 4), (2, 3), (2, 1), (2, 5), (1, 2), (1, 1), (1, 14)]
And data, a 53-element Vector{Float64}:
 2.0
 3.797053666544887
 0.0
 0.7594107333089773
 0.10442071106136452
 1.0
 0.0
 0.0
 2.0
 0.4484482725380591
 0.5029836052706587
 1.4960325382277904
 0.9820784917198856
 0.5218889700523239
 1.830030554587583
 0.0
 0.0
 0.0
 0.5039674617722096
 0.4069732444613628
 0.0
 2.0
 0.920383793106055
 1.4345672682305006
 0.0
 0.0
 5.865992773783396
 2.134007226216604
 0.0
 0.0
 2.0
 0.8624788684809352
 0.1375211315190647
 1.9515315752832434
 5.766305408506329
 0.28216301621042716
 2.0
 1.0
 0.0
 0.0
 1.571146266576234
 3.6069640346045513
 0.11797530393718447
 1.036678471774974
 4.715640718292476
 1.029675698740542
 1.8820246960628155
 0.24058926669102265
 0.0
 0.8773860372461619
 1.4970163947293413
 1.5089508158119758
 0.0
q_opt: 1-dimensional DenseAxisArray{Float64,1,...} with index sets:
    Dimension 1, [(43, 15), (43, 14), (44, 15), (44, 13), (44, 3), (40, 14), (40, 2), (41, 14), (42, 6), (37, 13)  …  (4, 13), (5, 2), (5, 7), (5, 9), (6, 11), (1, 1), (1, 6), (1, 3), (2, 1), (2, 15)]
And data, a 71-element Vector{Float64}:
 0.0
 0.0
 0.0
 0.7661277265276845
 0.518339235887487
 0.44957646953298247
 0.0
 0.0
 0.0
 0.23387227347231546
 0.0
 1.0
 0.0
 0.0
 0.29357729191721904
 0.0
 0.0
 0.0849847227062085
 0.9148551859981748
 0.0
 0.0
 0.5504235304670175
 1.0
 0.3080255467505307
 0.2694424458302942
 0.0
 0.08514481400182516
 0.0
 0.9150152772937915
 0.615727623767495
 0.7485081973646707
 0.0
 0.0
 0.0
 0.0
 0.0
 0.0
 0.0
 0.25149180263532933
 0.24058926669102265
 0.0
 0.0
 1.0
 0.0
 0.0
 0.6919744532494694
 0.0
 1.0
 0.0
 0.0
 0.0
 0.0
 0.0
 0.0
 1.0
 0.0
 0.0
 0.46507222148363386
 0.0
 0.0
 0.0
 0.0
 0.0
 0.0
 0.384272376232505
 0.0
 0.0
 0.43698026225248676
 0.016588542628879092
 0.0
 0.7594107333089773



