McCormick lower bound: -643.2120775925183

solution time: 0.0054628849029541016

w_opt: 1-dimensional DenseAxisArray{Float64,1,...} with index sets:
    Dimension 1, [(25, 1, 2), (25, 1, 1), (25, 1, 14), (20, 1, 2), (20, 1, 1), (20, 1, 14), (1, 1, 2), (1, 1, 1), (1, 1, 14), (2, 1, 2)  …  (20, 15, 23), (20, 15, 3), (8, 15, 30), (8, 15, 29), (8, 15, 23), (8, 15, 3), (2, 15, 30), (2, 15, 29), (2, 15, 23), (2, 15, 3)]
And data, a 261-element Vector{Float64}:
 1.2785271106070675
 0.0
 0.0
 0.0
 1.1936677892711565
 0.0
 0.0
 0.0
 0.0
 0.0
 0.0
 0.0
 0.0
 0.0
 0.0
 0.0
 2.0
 0.0
 0.0
 1.0
 0.0
 0.0
 0.0
 0.0
 0.0
 0.0
 0.0
 0.0
 1.308845621360508
 2.7209196801287403
 0.0
 0.0
 0.0
 0.0
 0.0
 0.0
 0.0
 0.0
 0.0
 0.0
 0.0
 1.7301219173148301
 1.0323984705510811
 0.0
 1.0292143184606495
 0.0
 0.0
 0.0
 0.0
 1.2562383292788406
 2.4419310406706396
 0.0
 0.0
 0.0
 0.0
 0.0
 0.0
 0.0
 0.0
 2.0
 1.0
 0.0
 0.0
 0.0
 0.0
 0.0
 0.0
 0.0
 0.0
 0.0
 0.0
 0.5442002073470137
 1.632600622041041
 0.0
 0.75
 2.25
 0.0
 0.5954985676096656
 1.1909971352193311
 0.5954985676096656
 0.0
 0.0
 0.0
 0.0
 0.0
 0.0
 0.0
 0.0
 0.0
 0.0
 0.0
 0.0
 0.1103012250433208
 0.3309036751299624
 0.0
 0.0
 0.0
 0.0
 0.0
 0.0
 0.0
 2.0
 0.8917763978708856
 0.10822360212911453
 0.0
 0.0
 0.0
 0.0
 0.0
 0.0
 0.0
 0.0
 0.0
 0.0
 0.0
 0.0
 0.0
 0.0
 5.447231406373832
 2.457112782596342
 0.0
 0.0
 0.0
 0.023913952757457224
 0.07174185827236901
 0.0
 0.0
 0.0
 0.0
 0.0
 0.0
 0.0
 0.0
 0.0
 0.0
 0.0
 0.0
 0.0
 0.0
 0.0
 0.0
 0.0
 0.0
 0.0
 0.0
 0.0
 0.0
 1.0843946463951073
 0.0
 0.0
 0.0
 0.6267572240133752
 0.0
 0.44955992208945494
 0.16844580747188298
 0.0
 0.0
 1.5504400779105452
 0.7752200389552726
 0.0
 0.0
 0.0
 0.0
 0.0
 0.0
 0.0
 0.0
 0.0
 0.0
 0.0
 0.0
 0.0
 0.0
 1.7901497359645746
 0.0
 0.0
 0.0
 0.6608918614789958
 0.5489584025564296
 0.0
 0.0
 0.0
 0.0
 0.0
 0.0
 0.0
 0.0
 0.0
 0.0
 0.0
 0.0
 0.0
 0.0
 0.0
 1.3391081385210042
 0.9018338966389248
 0.759057964840071
 0.0
 0.0
 0.0
 0.0
 0.0
 0.0
 0.0
 0.0
 0.0
 1.5341788562012664
 0.04561653870770077
 0.7214728893929325
 0.46582114379873363
 0.15042877333529794
 0.0
 0.0
 0.0
 0.0
 0.0
 0.0
 0.0
 0.0
 0.0
 0.0
 0.0
 0.0
 0.0
 0.0
 0.5227461667602604
 0.26039186548743354
 0.0
 0.0
 0.0
 0.0
 0.0
 0.0
 0.0
 0.7386269166198698
 0.0
 0.0
 0.0
 0.0
 0.0
 0.0
 0.0
 0.0
 0.0
 0.0
 0.0
 0.0
 0.0
 0.0
 0.03249811516761403
 0.0
 0.0
 0.0
 0.0
 0.0
 0.0
 0.0
 1.967501884832386
 4.208543564608847
 0.0
 0.983750942416193
x_ij_opt: 1-dimensional DenseAxisArray{Float64,1,...} with index sets:
    Dimension 1, [(43, 30), (43, 22), (43, 6), (44, 22), (45, 30), (45, 29), (45, 28), (45, 24), (45, 23), (40, 29)  …  (5, 7), (5, 14), (6, 4), (6, 3), (1, 14), (1, 10), (1, 23), (1, 1), (3, 2), (3, 1)]
And data, a 116-element Vector{Float64}:
 0.0
 0.2098502640354254
 0.0
 0.0
 0.0
 0.0
 1.4772538332397396
 0.0
 0.0
 0.0
 0.0
 0.0
 0.0
 0.0
 0.0
 0.0
 0.0
 0.0
 0.20059971748163852
 0.0
 0.0
 0.0
 0.0
 0.0
 0.0
 0.0
 0.0
 2.0
 0.0
 0.0
 0.0
 0.0
 0.0
 0.0
 0.0
 0.0
 0.0
 0.0
 0.0
 0.0
 0.0
 0.0
 0.0
 0.0956558110298264
 0.5954985676096651
 0.0
 0.0
 0.0
 0.0
 0.0
 0.0
 0.0
 0.0
 0.0
 0.0
 0.0
 0.0
 0.5288546408687109
 0.10822360212911442
 0.2888481295915175
 0.0
 0.0
 0.0
 0.0
 6.0
 0.0
 0.0
 0.0
 0.0
 0.7994002825183615
 0.0
 0.0
 0.0
 0.0
 0.0
 0.0
 0.000981217892696673
 0.7437616707211594
 0.0
 0.0
 0.0
 0.0
 0.0
 0.0
 0.0
 0.0
 0.0
 0.0
 0.0
 0.0
 0.0
 0.0
 0.0
 0.0
 0.0
 0.0
 0.0
 0.8039546879570013
 0.0
 0.016249057583807014
 0.0
 0.0
 0.0
 0.0
 0.0
 0.0
 0.0
 0.0
 0.0
 0.0
 0.0
 0.0
 0.09816610336107523
 4.698108608599729
 0.0
 0.0
x_il_opt: 1-dimensional DenseAxisArray{Float64,1,...} with index sets:
    Dimension 1, [(43, 15), (43, 14), (44, 15), (44, 13), (44, 3), (40, 14), (40, 2), (41, 14), (42, 6), (37, 13)  …  (4, 13), (5, 2), (5, 7), (5, 9), (6, 11), (1, 1), (1, 6), (1, 3), (2, 1), (2, 15)]
And data, a 71-element Vector{Float64}:
 0.0
 0.0
 0.0
 2.3012682843018997
 4.029765301489248
 0.783138032247694
 0.0
 0.0
 2.1768008293880547
 0.6162499171340315
 0.0
 3.0
 0.0
 0.0
 3.0
 0.0
 0.0
 0.0
 7.904344188970174
 0.0
 1.0292143184606495
 0.7386269166198698
 3.0
 0.6180057295613379
 2.3819942704386623
 0.0
 0.09565581102982623
 0.0
 3.0
 1.0843946463951073
 1.2785271106070675
 0.0
 0.0
 0.0
 0.0
 0.0
 0.0
 0.0
 1.1936677892711565
 0.03249811516761403
 0.0
 0.0
 3.0
 0.0
 0.0
 2.3256601168658175
 0.0
 3.0
 0.0
 0.0
 0.0
 0.0
 0.0
 0.0
 3.69816936994948
 0.0
 0.0
 0.0
 0.0
 0.0
 0.0
 0.0
 0.0
 0.0
 0.6267572240133752
 0.0
 0.0
 0.4412049001732832
 2.7625203878659117
 0.0
 7.159796391857426
x_lj_opt: 1-dimensional DenseAxisArray{Float64,1,...} with index sets:
    Dimension 1, [(15, 30), (15, 29), (15, 23), (15, 3), (14, 28), (14, 27), (14, 10), (14, 24), (13, 26), (13, 25)  …  (3, 6), (3, 5), (3, 29), (2, 4), (2, 3), (2, 1), (2, 5), (1, 2), (1, 1), (1, 14)]
And data, a 53-element Vector{Float64}:
 2.0
 4.208543564608847
 0.0
 0.983750942416193
 0.5227461667602604
 0.9990187821073033
 0.0
 0.0
 2.0
 0.19604531204299872
 0.7214728893929325
 1.3391081385210042
 0.9018338966389248
 0.759057964840071
 1.7901497359645746
 0.0
 0.0
 0.0
 0.6608918614789958
 0.5489584025564296
 0.0
 2.0
 0.9436658464271556
 1.7111518704084825
 0.0
 0.0
 5.471145359131289
 2.528854640868711
 0.0
 0.0
 2.0
 0.8917763978708856
 0.10822360212911453
 2.0
 5.404501432390335
 0.5954985676096656
 2.0
 1.0
 0.0
 0.0
 1.2562383292788406
 3.471145359131289
 0.0
 1.308845621360508
 4.45104159744357
 1.0323984705510811
 2.0
 0.0
 0.0
 1.0
 1.2785271106070675
 1.1936677892711565
 0.0
q_opt: 1-dimensional DenseAxisArray{Float64,1,...} with index sets:
    Dimension 1, [(43, 15), (43, 14), (44, 15), (44, 13), (44, 3), (40, 14), (40, 2), (41, 14), (42, 6), (37, 13)  …  (4, 13), (5, 2), (5, 7), (5, 9), (6, 11), (1, 1), (1, 6), (1, 3), (2, 1), (2, 15)]
And data, a 71-element Vector{Float64}:
 0.0
 0.0
 0.0
 0.7670894281006332
 0.654422810680254
 0.2613730833801302
 0.0
 0.0
 0.27210010367350684
 0.23291057189936681
 0.0
 1.0
 0.0
 0.0
 0.375
 0.0
 0.0
 0.0
 0.9880430236212717
 0.0
 0.3718808353605797
 0.7386269166198698
 1.0
 0.22477996104472747
 0.2977492838048328
 0.0
 0.011956976378728279
 0.0
 1.0
 0.6866213879933124
 0.8010553684548073
 0.0
 0.0
 0.0
 0.0
 0.0
 0.0
 0.0
 0.19894463154519273
 0.016249057583807014
 0.0
 0.0
 1.0
 0.0
 0.0
 0.7752200389552726
 0.0
 1.0
 0.0
 0.0
 0.0
 0.0
 0.0
 0.0
 0.6281191646394203
 0.0
 0.0
 0.0
 0.0
 0.0
 0.0
 0.0
 0.0
 0.0
 0.3133786120066876
 0.0
 0.0
 0.0551506125216604
 0.345577189319746
 0.0
 0.983750942416193



