McCormick lower bound: -642.66927209287

solution time: 0.0056459903717041016

w_opt: 1-dimensional DenseAxisArray{Float64,1,...} with index sets:
    Dimension 1, [(25, 1, 2), (25, 1, 1), (25, 1, 14), (20, 1, 2), (20, 1, 1), (20, 1, 14), (1, 1, 2), (1, 1, 1), (1, 1, 14), (2, 1, 2)  …  (20, 15, 23), (20, 15, 3), (8, 15, 30), (8, 15, 29), (8, 15, 23), (8, 15, 3), (2, 15, 30), (2, 15, 29), (2, 15, 23), (2, 15, 3)]
And data, a 261-element Vector{Float64}:
 1.6528007070093986
 0.34245693191504056
 0.03155758597563551
 0.0
 0.0
 0.0
 0.0
 0.0
 0.0
 0.0
 0.0
 0.0
 0.0
 0.0
 0.0
 0.0
 1.9001420035744017
 0.12066362266222841
 0.0
 0.9791943737633699
 0.0
 0.0
 0.0
 0.0
 0.0
 0.0
 0.0
 0.0
 1.1829056569595822
 2.9898339249459505
 0.0
 0.0
 0.0
 0.0
 0.0
 0.0
 0.0
 0.0
 0.0
 0.0
 0.0
 0.0
 0.8221192797662301
 0.0
 1.04969678544439
 0.0
 0.0
 0.0
 0.0
 1.0940087388739799
 2.154513328654581
 0.09985799642559834
 0.0
 0.0
 0.0
 0.0
 0.0
 0.0
 0.0
 2.0
 1.0
 0.0
 0.0
 0.0
 0.0
 0.0
 0.0
 0.0
 0.0
 0.0
 0.0
 0.3194225525817018
 0.9582676577451055
 0.0
 0.75
 2.25
 0.0
 0.5611925433344559
 1.122385086668912
 0.5611925433344559
 0.0
 0.0
 0.0
 0.0
 0.0
 0.0
 0.0
 0.0
 0.0
 0.0
 0.0
 0.0
 0.3693849040838423
 1.108154712251527
 0.0
 0.0
 0.0
 0.0
 0.0
 0.0
 0.0
 1.9684424140243646
 0.8226051108011038
 0.0
 0.0
 0.0
 0.0
 0.0
 0.0
 0.0
 0.0
 0.0
 0.0
 0.0
 0.0
 0.0
 0.0
 0.0
 5.140234664172481
 2.6038635361215574
 0.0
 0.0
 0.0
 0.06397544992648996
 0.19192634977947165
 0.0
 0.0
 0.0
 0.0
 0.0
 0.0
 0.0
 0.0
 0.0
 0.0
 0.0
 0.0
 0.0
 0.0
 0.0
 0.0
 0.0
 0.0
 0.0
 0.0
 0.0
 0.0
 0.0
 0.0
 0.0
 0.0
 0.20248226992369955
 0.0
 0.5472613218936367
 0.20796850476853962
 0.0
 0.0
 1.4527386781063631
 0.7263693390531816
 0.0
 0.0
 0.0
 0.0
 0.0
 0.0
 0.0
 0.0
 0.0
 0.0
 0.0
 0.0
 0.0
 0.0
 1.6325026254373927
 0.0
 0.0
 0.0
 0.4866122891514819
 0.8808850854111252
 0.0
 0.0
 0.0
 0.0
 0.0
 0.0
 0.0
 0.0
 0.0
 0.0
 0.0
 0.0
 0.0
 0.0
 0.0
 1.513387710848518
 0.9572019641865588
 0.5294103249649231
 0.0
 0.0
 0.0
 0.0
 0.0
 0.0
 0.0
 0.0
 0.0
 1.3178856932784584
 0.4900720315841763
 0.34719929299060137
 0.5632286547645088
 0.2816143273822544
 0.0
 0.0
 0.0
 0.0
 0.0
 0.0
 0.0
 0.0
 0.0
 0.0
 0.0
 0.0
 0.0
 0.0
 0.548958582004832
 0.38198514803681005
 0.0
 0.0
 0.0
 0.0
 0.0
 0.0
 0.0
 0.61801485196319
 0.0
 0.0
 0.0
 0.0
 0.0
 0.0
 0.0
 0.0
 0.0
 0.0
 0.0
 0.0
 0.0
 0.0
 0.2818251327004828
 0.0
 0.0
 0.0
 0.0
 0.0
 0.0
 0.0
 1.3651416402794625
 4.648470395268847
 0.0
 0.8590874336497586
x_ij_opt: 1-dimensional DenseAxisArray{Float64,1,...} with index sets:
    Dimension 1, [(43, 30), (43, 22), (43, 6), (44, 22), (45, 30), (45, 29), (45, 28), (45, 24), (45, 23), (40, 29)  …  (5, 7), (5, 14), (6, 4), (6, 3), (1, 14), (1, 10), (1, 23), (1, 1), (3, 2), (3, 1)]
And data, a 116-element Vector{Float64}:
 0.0
 0.36749737456260734
 0.0
 0.0
 0.3530332270200547
 0.0
 1.4510414179951678
 0.0
 0.0
 0.0
 0.0
 0.0
 0.0
 0.0
 0.0
 0.0
 0.0
 0.0
 0.3134837533341217
 0.0
 0.0
 0.0
 0.0
 0.0
 0.11888565195703205
 0.0
 0.0
 2.0
 0.0
 0.0
 0.0
 0.0
 0.0
 0.0
 0.0
 0.0
 0.0
 0.0
 0.0
 0.0
 0.0
 0.0
 0.0
 0.255901799705962
 0.5611925433344558
 0.0
 0.0
 0.0
 0.0
 0.0
 0.0
 0.0
 0.0
 0.0
 0.0
 0.0
 0.0
 0.7957898859010291
 0.1773948891988962
 1.7975177300763003
 0.0
 0.0
 0.0
 0.0
 6.0
 0.0
 0.0
 0.0
 0.0
 0.6865162466658783
 0.0
 0.0
 0.0
 0.0
 0.0
 0.0
 0.0
 0.9059912611260201
 0.0
 0.0
 0.0
 0.0
 0.0
 0.0
 0.0
 0.0
 0.0
 0.0
 0.0
 1.150086615879554
 0.0
 0.0
 0.0
 0.0
 0.0
 0.0
 0.0
 0.22831364103356933
 0.0
 0.020248943688013
 0.0
 0.0
 0.0
 0.0
 0.0
 0.0
 0.0
 0.0
 0.0
 0.0
 0.0
 0.0
 0.0427980358134412
 5.657543068084959
 0.0
 0.0
x_il_opt: 1-dimensional DenseAxisArray{Float64,1,...} with index sets:
    Dimension 1, [(43, 15), (43, 14), (44, 15), (44, 13), (44, 3), (40, 14), (40, 2), (41, 14), (42, 6), (37, 13)  …  (4, 13), (5, 2), (5, 7), (5, 9), (6, 11), (1, 1), (1, 6), (1, 3), (2, 1), (2, 15)]
And data, a 71-element Vector{Float64}:
 0.0
 0.0
 0.0
 2.155157017853236
 4.172739581905533
 0.9309437300416421
 0.0
 0.0
 1.2776902103268073
 0.8448429821467631
 0.0
 3.0
 0.0
 0.0
 3.0
 0.0
 0.0
 0.0
 7.744098200294038
 0.0
 1.04969678544439
 0.61801485196319
 3.0
 0.7552298266621764
 2.2447701733378236
 0.0
 0.2559017997059616
 0.0
 3.0
 0.0
 2.0268152249000746
 0.0
 0.0
 0.0
 0.0
 0.0
 0.0
 0.0
 0.0
 0.2818251327004828
 0.0
 0.0
 3.0
 0.0
 0.0
 2.1791080171595447
 0.0
 2.7910475248254683
 0.0
 0.0
 0.0
 0.0
 0.0
 0.0
 3.348380063954159
 0.0
 0.0
 0.0
 0.0
 0.0
 0.0
 0.0
 0.0
 0.0
 0.20248226992369955
 0.0
 0.0
 1.4775396163353696
 0.8221192797662301
 0.0
 6.872699469198068
x_lj_opt: 1-dimensional DenseAxisArray{Float64,1,...} with index sets:
    Dimension 1, [(15, 30), (15, 29), (15, 23), (15, 3), (14, 28), (14, 27), (14, 10), (14, 24), (13, 26), (13, 25)  …  (3, 6), (3, 5), (3, 29), (2, 4), (2, 3), (2, 1), (2, 5), (1, 2), (1, 1), (1, 14)]
And data, a 53-element Vector{Float64}:
 1.6469667729799453
 4.648470395268847
 0.0
 0.8590874336497586
 0.548958582004832
 1.0
 0.0
 0.0
 1.881114348042968
 0.7716863589664307
 0.34719929299060137
 1.513387710848518
 0.9572019641865588
 0.5294103249649231
 1.6325026254373927
 0.0
 0.0
 0.0
 0.4866122891514819
 0.8808850854111252
 0.0
 2.0
 0.9343378438217211
 0.20248226992369955
 0.0
 0.0
 5.204210114098971
 2.795789885901029
 0.0
 0.0
 1.9684424140243646
 0.8226051108011038
 0.0
 2.0
 5.438807456665544
 0.5611925433344559
 2.0
 1.0
 0.0
 0.0
 1.0940087388739799
 3.204210114098971
 0.09985799642559834
 1.1829056569595822
 2.9898339249459505
 0.8221192797662301
 1.9001420035744017
 0.12066362266222841
 0.0
 0.9791943737633699
 1.6528007070093986
 0.34245693191504056
 0.031557585975635405
q_opt: 1-dimensional DenseAxisArray{Float64,1,...} with index sets:
    Dimension 1, [(43, 15), (43, 14), (44, 15), (44, 13), (44, 3), (40, 14), (40, 2), (41, 14), (42, 6), (37, 13)  …  (4, 13), (5, 2), (5, 7), (5, 9), (6, 11), (1, 1), (1, 6), (1, 3), (2, 1), (2, 15)]
And data, a 71-element Vector{Float64}:
 0.0
 0.0
 0.0
 0.7183856726177456
 0.8629801200389616
 0.38198514803681005
 0.0
 0.0
 0.1597112762908509
 0.2816143273822544
 0.0
 1.0
 0.0
 0.0
 0.375
 0.0
 0.0
 0.18374868728130367
 0.9680122750367548
 0.0
 0.45299563056301007
 0.61801485196319
 1.0
 0.2736306609468184
 0.28059627166722795
 0.0
 0.03198772496324528
 0.0
 0.8162513127186963
 0.0
 1.0
 0.0
 0.0
 0.0
 0.0
 0.0
 0.015778792987817702
 0.0
 0.0
 0.1409125663502414
 0.0
 0.0
 1.0
 0.0
 0.0
 0.7263693390531816
 0.0
 0.9842212070121823
 0.0
 0.0
 0.0
 0.0
 0.0
 0.0
 0.5470043694369899
 0.0
 0.0
 0.0
 0.0
 0.0
 0.0
 0.0
 0.0
 0.0
 1.0
 0.0
 0.0
 0.18469245204192114
 0.13701987996103834
 0.0
 0.8590874336497586



