McCormick lower bound: -644.8131511218049

solution time: 0.005678892135620117

w_opt: 1-dimensional DenseAxisArray{Float64,1,...} with index sets:
    Dimension 1, [(25, 1, 2), (25, 1, 1), (25, 1, 14), (20, 1, 2), (20, 1, 1), (20, 1, 14), (1, 1, 2), (1, 1, 1), (1, 1, 14), (2, 1, 2)  …  (20, 15, 23), (20, 15, 3), (8, 15, 30), (8, 15, 29), (8, 15, 23), (8, 15, 3), (2, 15, 30), (2, 15, 29), (2, 15, 23), (2, 15, 3)]
And data, a 261-element Vector{Float64}:
 1.3754377085573342
 0.0
 0.11626358605319465
 0.0
 0.544745671284706
 0.0
 0.0
 0.0
 0.0
 0.0
 0.0
 0.0
 0.0
 0.0
 0.0
 0.0
 2.0
 0.0
 0.0
 1.0
 0.0
 0.0
 0.0
 0.0
 0.0
 0.0
 0.0
 0.0
 0.9581945235359219
 2.619959799919775
 0.0
 0.0
 0.0
 0.0
 0.0
 0.0
 0.0
 0.0
 0.0
 0.0
 0.0
 0.0
 0.5195062745841659
 0.0
 0.13032661645587051
 0.0
 0.0
 0.0
 0.0
 1.3361168155577055
 2.714222106014621
 0.0
 0.0
 0.0
 0.0
 0.0
 0.0
 0.0
 0.0
 2.0
 1.0
 0.0
 0.0
 0.0
 0.0
 0.0
 0.0
 0.0
 0.0
 0.0
 0.0
 0.15510204988415088
 0.46530614965245265
 0.0
 0.7500000000000002
 2.25
 0.0
 0.5148766470630268
 1.5446299411890805
 0.0
 0.0
 0.0
 0.0
 0.0
 0.0
 0.0
 0.0
 0.0
 0.0
 0.0
 0.0
 0.0
 0.5800213030528221
 1.740063909158467
 0.0
 0.0
 0.0
 0.0
 0.0
 0.0
 0.0
 1.8837364139468054
 0.8214177705424447
 0.12045043643095787
 0.0
 0.0
 0.17439537907979208
 0.0
 0.0
 0.0
 0.0
 0.0
 0.0
 0.0
 0.0
 0.0
 0.0
 0.0
 4.584097353354472
 2.3740971701814497
 0.0
 0.0
 0.0
 0.2604513691160202
 0.7813541073480588
 0.0
 0.0
 0.0
 0.0
 0.0
 0.0
 0.0
 0.0
 0.0
 0.0
 0.0
 0.0
 0.0
 0.0
 0.0
 0.0
 0.0
 0.0
 0.0
 0.0
 0.0
 0.0
 0.1742651984024081
 0.0
 0.0
 0.0
 0.0
 0.0
 0.6806113893014093
 0.25988202244648334
 0.0
 0.0
 1.3193886106985908
 0.6596943053492954
 0.0
 0.0
 0.0
 0.0
 0.0
 0.0
 0.0
 0.0
 0.0
 0.0
 0.0
 0.0
 0.0
 0.0
 0.4017612645409636
 0.0
 0.0
 0.0
 0.2181985353788114
 2.380040200080225
 0.0
 0.0
 0.0
 0.0
 0.0
 0.0
 0.0
 0.0
 0.0
 0.0
 0.0
 0.0
 0.0
 0.0
 0.0
 1.7818014646211886
 1.0
 0.2181985353788114
 0.0
 0.0
 0.0
 0.0
 0.0
 0.0
 0.0
 0.0
 0.0
 1.424506253389806
 0.0876908352522372
 0.6245622914426658
 0.575493746610194
 0.19896908446924738
 0.0
 0.0
 0.0
 0.0
 0.0
 0.0
 0.0
 0.0
 0.0
 0.0
 0.0
 0.0
 0.0
 0.0
 0.2193832810230657
 0.19508191500195926
 0.0
 0.0
 0.0
 0.0
 0.0
 0.0
 0.0
 0.8049180849980407
 0.0
 0.0
 0.0
 0.0
 0.0
 0.0
 0.0
 0.0
 0.0
 0.0
 0.0
 0.0
 0.0
 0.0
 0.2252816352328701
 0.0
 0.0
 0.0
 0.0
 0.0
 0.0
 0.0
 0.9568718472981363
 5.2622951900370225
 0.0
 0.8797064217333608
x_ij_opt: 1-dimensional DenseAxisArray{Float64,1,...} with index sets:
    Dimension 1, [(43, 30), (43, 22), (43, 6), (44, 22), (45, 30), (45, 29), (45, 28), (45, 24), (45, 23), (40, 29)  …  (5, 7), (5, 14), (6, 4), (6, 3), (1, 14), (1, 10), (1, 23), (1, 1), (3, 2), (3, 1)]
And data, a 116-element Vector{Float64}:
 0.0
 1.5982387354590364
 0.0
 0.0
 0.8178465174689933
 0.0
 1.7806167189769342
 0.0
 0.0
 0.0
 0.0
 0.0
 0.0
 0.0
 0.0
 0.0
 0.0
 0.0
 0.25465593116527796
 0.0
 0.0
 0.0
 0.0
 0.0
 0.0
 0.0
 0.0
 2.0
 0.0
 0.0
 0.0
 0.0
 0.0
 0.0
 0.0
 0.0
 0.0
 0.0
 0.0
 0.0
 0.0
 0.0
 0.0
 1.041805476464078
 0.0
 0.0
 0.0
 0.0
 0.0
 0.0
 0.0
 0.0
 0.0
 0.0
 0.0
 0.0
 0.0
 1.155451277529508
 0.1785822294575553
 1.8257348015975918
 0.0
 0.0
 0.0
 0.0
 6.0
 0.0
 0.0
 0.0
 0.0
 0.745344068834722
 0.0
 0.0
 0.0
 0.0
 0.0
 0.0
 0.0
 0.6638831844422945
 0.0
 0.0
 0.0
 0.0
 0.0
 0.0
 0.0
 0.0
 0.0
 0.0
 0.0
 0.0
 0.0
 0.0
 0.0
 0.0
 0.0
 0.0
 0.0
 0.7133400802785155
 0.0
 0.12029357826663922
 0.0
 0.0
 0.0
 0.0
 0.0
 0.0
 0.0
 0.0
 0.0
 0.0
 0.0
 0.0
 0.0
 5.160408513204544
 0.0
 0.0
x_il_opt: 1-dimensional DenseAxisArray{Float64,1,...} with index sets:
    Dimension 1, [(43, 15), (43, 14), (44, 15), (44, 13), (44, 3), (40, 14), (40, 2), (41, 14), (42, 6), (37, 13)  …  (4, 13), (5, 2), (5, 7), (5, 9), (6, 11), (1, 1), (1, 6), (1, 3), (2, 1), (2, 15)]
And data, a 71-element Vector{Float64}:
 0.0
 0.0
 0.0
 2.136759380084709
 3.578154323455697
 0.41446519602502496
 0.0
 0.0
 0.6204081995366035
 0.7744628310794415
 0.0
 3.0
 0.0
 0.0
 3.0
 0.0
 0.0
 0.0
 6.958194523535922
 0.0
 0.13032661645587051
 0.8049180849980407
 3.0
 0.9404934117478927
 2.0595065882521073
 0.0
 1.041805476464079
 0.0
 3.0
 0.1742651984024081
 1.4917012946105288
 0.0
 0.0
 0.0
 0.0
 0.0
 0.0
 0.0
 0.544745671284706
 0.2252816352328701
 0.0
 0.0
 3.0
 0.0
 0.0
 1.9790829160478862
 0.0
 2.825604620920208
 0.0
 0.0
 0.0
 0.0
 0.0
 0.0
 4.050338921572326
 0.0
 0.0
 0.0
 0.0
 0.0
 0.0
 0.0
 0.0
 0.17439537907979208
 0.0
 0.0
 0.0
 2.32008521221129
 0.5195062745841659
 0.0
 7.098873459068519
x_lj_opt: 1-dimensional DenseAxisArray{Float64,1,...} with index sets:
    Dimension 1, [(15, 30), (15, 29), (15, 23), (15, 3), (14, 28), (14, 27), (14, 10), (14, 24), (13, 26), (13, 25)  …  (3, 6), (3, 5), (3, 29), (2, 4), (2, 3), (2, 1), (2, 5), (1, 2), (1, 1), (1, 14)]
And data, a 53-element Vector{Float64}:
 1.1821534825310067
 5.2622951900370225
 0.0
 0.8797064217333608
 0.2193832810230657
 1.0
 0.0
 0.0
 2.0
 0.2866599197214846
 0.6245622914426658
 1.7818014646211886
 1.0
 0.2181985353788114
 0.4017612645409636
 0.0
 0.0
 0.0
 0.2181985353788114
 2.380040200080225
 0.0
 2.0
 0.9195763277957787
 0.1742651984024081
 0.0
 0.0
 4.844548722470492
 3.1554512775295085
 0.0
 0.0
 1.8837364139468054
 0.8214177705424447
 0.29484581551074995
 2.0
 6.0
 0.0
 2.0
 1.0
 0.0
 0.0
 1.3361168155577055
 2.8445487224704915
 0.0
 0.9581945235359219
 2.619959799919775
 0.5195062745841659
 2.0
 0.0
 0.0
 1.0
 1.3754377085573342
 0.544745671284706
 0.11626358605319465
q_opt: 1-dimensional DenseAxisArray{Float64,1,...} with index sets:
    Dimension 1, [(43, 15), (43, 14), (44, 15), (44, 13), (44, 3), (40, 14), (40, 2), (41, 14), (42, 6), (37, 13)  …  (4, 13), (5, 2), (5, 7), (5, 9), (6, 11), (1, 1), (1, 6), (1, 3), (2, 1), (2, 15)]
And data, a 71-element Vector{Float64}:
 0.0
 0.0
 0.0
 0.712253126694903
 0.9134156209026391
 0.19508191500195926
 0.0
 0.0
 0.07755102494207544
 0.287746873305097
 0.0
 1.0
 0.0
 0.0
 0.3750000000000001
 0.0
 0.0
 0.6033266333199625
 0.8697743154419901
 0.0
 0.3319415922211473
 0.8049180849980407
 1.0
 0.34030569465070465
 0.2574383235315134
 0.0
 0.13022568455800987
 0.0
 0.3966733666800375
 0.08713259920120409
 0.9092090547858823
 0.0
 0.0
 0.0
 0.0
 0.0
 0.0
 0.0
 0.09079094521411767
 0.11264081761643505
 0.0
 0.0
 1.0
 0.0
 0.0
 0.6596943053492954
 0.0
 0.9418682069734027
 0.0
 0.0
 0.0
 0.0
 0.0
 0.0
 0.6680584077788527
 0.0
 0.0
 0.0
 0.0
 0.0
 0.0
 0.0
 0.0
 0.05813179302659732
 0.9128674007987959
 0.0
 0.0
 0.2900106515264112
 0.08658437909736098
 0.0
 0.8873591823835649



