McCormick lower bound: -644.872381873782

solution time: 0.005991935729980469

w_opt: 1-dimensional DenseAxisArray{Float64,1,...} with index sets:
    Dimension 1, [(25, 1, 2), (25, 1, 1), (25, 1, 14), (20, 1, 2), (20, 1, 1), (20, 1, 14), (1, 1, 2), (1, 1, 1), (1, 1, 14), (2, 1, 2)  …  (20, 15, 23), (20, 15, 3), (8, 15, 30), (8, 15, 29), (8, 15, 23), (8, 15, 3), (2, 15, 30), (2, 15, 29), (2, 15, 23), (2, 15, 3)]
And data, a 261-element Vector{Float64}:
 1.218369662534629
 0.0
 0.0
 0.049725605127871386
 1.1562427816486984
 0.0
 0.0
 0.0
 0.0
 0.0
 0.0
 0.0
 0.0
 0.0
 0.0
 0.0
 1.9846326036911188
 0.08069557633328817
 0.0
 0.9346718199755928
 0.0
 0.0
 0.0
 0.0
 0.0
 0.0
 0.0
 0.0
 1.1369413176454737
 3.601452933556502
 0.0
 0.0
 0.0
 0.0
 0.0
 0.0
 0.0
 0.0
 0.0
 0.0
 0.0
 0.0
 0.8518157581454471
 0.0
 1.1195445485346327
 0.0
 0.0
 0.0
 0.0
 0.9533192400510592
 0.9329504790222997
 0.015367396308881042
 0.0
 0.0
 0.0
 0.0
 0.0
 0.0
 0.0
 2.0
 1.0
 0.0
 0.0
 0.0
 0.0
 0.0
 0.0
 0.0
 0.0
 0.0
 0.0
 0.09208405440708556
 0.2762521632212567
 0.0
 0.75
 2.25
 0.0
 0.5818091897171014
 1.7454275691513041
 0.0
 0.0
 0.0
 0.0
 0.0
 0.0
 0.0
 0.0
 0.0
 0.0
 0.0
 0.0
 0.0
 0.5761067558758131
 1.7283202676274392
 0.0
 0.0
 0.0
 0.0
 0.0
 0.0
 0.0
 2.0
 0.9526046716886862
 0.0
 0.0
 0.0
 0.0
 0.0
 0.0
 0.0
 0.0
 0.0
 0.0
 0.0
 0.0
 0.0
 0.0
 0.0
 3.706315120594815
 2.515016817302727
 0.0
 0.0
 0.0
 1.3340010465768435
 0.4446670155256145
 0.0
 0.0
 0.0
 0.0
 0.0
 0.0
 0.0
 0.0
 0.0
 0.0
 0.0
 0.0
 0.0
 0.0
 0.0
 0.0
 0.0
 0.0
 0.0
 0.0
 0.0
 0.0
 0.566237351964018
 0.20831382436169793
 0.0
 0.0
 0.0
 0.0
 0.48835002938476935
 0.18441321174682537
 0.0
 0.0
 1.5116499706152307
 0.7558249853076153
 0.0
 0.0
 0.0
 0.0
 0.0
 0.0
 0.0
 0.0
 0.0
 0.0
 0.0
 0.0
 0.0
 0.0
 1.6224497696452818
 0.0
 0.0
 0.0
 0.38972909073999173
 0.0
 0.0
 0.0
 0.0
 0.0
 0.0
 0.0
 0.0
 0.0
 0.0
 0.0
 0.0
 0.0
 0.0
 0.0
 0.0
 1.6102709092600083
 1.0
 0.38972909073999196
 0.0
 0.0
 0.0
 0.0
 0.0
 0.0
 0.0
 0.0
 0.0
 1.4638094646749988
 0.0
 0.7319047323374996
 0.536190535325001
 0.154370440896824
 0.0
 0.0
 0.0
 0.0
 0.0
 0.0
 0.0
 0.0
 0.0
 0.0
 0.0
 0.0
 0.0
 0.0
 0.7383600922025706
 0.8674061308981295
 0.0
 0.0
 0.0
 0.0
 0.0
 0.0
 0.0
 0.13259386910187057
 0.0
 0.0
 0.0
 0.0
 0.0
 0.0
 0.0
 0.0
 0.0
 0.0
 0.0
 0.0
 0.0
 0.0
 0.16139115266657636
 0.0
 0.0
 0.0
 0.0
 0.0
 0.0
 0.0
 1.6766758145524212
 4.7584551511145605
 0.0
 0.9193044236667118
x_ij_opt: 1-dimensional DenseAxisArray{Float64,1,...} with index sets:
    Dimension 1, [(43, 30), (43, 22), (43, 6), (44, 22), (45, 30), (45, 29), (45, 28), (45, 24), (45, 23), (40, 29)  …  (5, 7), (5, 14), (6, 4), (6, 3), (1, 14), (1, 10), (1, 23), (1, 1), (3, 2), (3, 1)]
And data, a 116-element Vector{Float64}:
 0.0
 0.37755023035471824
 0.0
 0.0
 0.16193303278100246
 0.0
 1.2616399077974294
 0.0
 0.0
 0.0
 0.0
 0.0
 0.0
 0.0
 0.0
 0.0
 0.0
 0.0
 0.0
 0.0
 0.0
 0.0
 0.0
 0.0
 0.0
 0.0
 0.0
 2.0
 0.0
 0.0
 0.0
 0.0
 0.0
 0.0
 0.0
 0.0
 0.0
 0.0
 0.0
 0.0
 0.0
 0.0
 0.0
 0.8630586823545263
 0.0
 0.0
 0.0
 0.0
 0.0
 0.0
 0.0
 0.0
 0.0
 0.0
 0.0
 0.9878211396147263
 0.0
 0.959683832828341
 0.04739532831131377
 1.433762648035982
 0.0
 0.0
 0.0
 0.0
 6.0
 0.0
 0.0
 0.0
 0.0
 0.791686175638302
 0.0
 0.0
 0.0
 0.0
 0.0
 0.0
 0.0
 1.046680759948941
 0.0
 0.0
 0.0
 0.0
 0.0
 0.0
 0.0
 0.0
 0.0
 0.0
 0.0
 1.4638752464679046
 0.0
 0.0
 0.0
 0.0
 0.0
 0.0
 0.0
 0.8456295591031759
 0.0
 0.0
 0.0
 0.0
 0.0
 0.0
 0.0
 0.0
 0.0
 0.0
 0.0
 0.0
 0.0
 0.0
 0.0
 4.843757218351302
 0.0
 0.0
x_il_opt: 1-dimensional DenseAxisArray{Float64,1,...} with index sets:
    Dimension 1, [(43, 15), (43, 14), (44, 15), (44, 13), (44, 3), (40, 14), (40, 2), (41, 14), (42, 6), (37, 13)  …  (4, 13), (5, 2), (5, 7), (5, 9), (6, 11), (1, 1), (1, 6), (1, 3), (2, 1), (2, 15)]
And data, a 71-element Vector{Float64}:
 0.0
 0.0
 0.0
 2.1957141970124985
 4.738394251201976
 1.6057662231007002
 0.0
 0.0
 0.36833621762834223
 0.690560976221825
 0.0
 3.0
 0.0
 0.0
 3.0
 0.0
 0.0
 0.0
 6.221331937897542
 0.0
 1.1195445485346327
 0.13259386910187057
 3.0
 0.6727632411315947
 2.3272367588684055
 0.0
 1.778668062102458
 0.0
 2.0121788603852737
 0.774551176325716
 1.218369662534629
 0.0
 0.0
 0.0
 0.0
 0.0
 0.0
 0.0
 1.2059683867765698
 0.16139115266657636
 0.0
 0.0
 3.0
 0.0
 0.0
 2.2674749559228458
 0.0
 2.952604671688686
 0.0
 0.0
 0.0
 0.0
 0.0
 0.0
 1.9016371153822398
 0.0
 0.0
 0.0
 0.0
 0.0
 0.0
 0.0
 0.0
 0.0
 0.0
 0.0
 0.0
 2.3044270235032513
 0.8518157581454471
 0.0
 7.354435389333694
x_lj_opt: 1-dimensional DenseAxisArray{Float64,1,...} with index sets:
    Dimension 1, [(15, 30), (15, 29), (15, 23), (15, 3), (14, 28), (14, 27), (14, 10), (14, 24), (13, 26), (13, 25)  …  (3, 6), (3, 5), (3, 29), (2, 4), (2, 3), (2, 1), (2, 5), (1, 2), (1, 1), (1, 14)]
And data, a 53-element Vector{Float64}:
 1.8380669672189975
 4.7584551511145605
 0.0
 0.9193044236667118
 0.7383600922025706
 1.0
 0.0
 0.0
 2.0
 0.154370440896824
 0.7319047323374996
 1.6102709092600083
 1.0
 0.38972909073999196
 1.6224497696452818
 0.0
 0.0
 0.0
 0.38972909073999173
 0.0
 0.0
 2.0
 0.9402381970544407
 0.566237351964018
 0.20831382436169793
 0.0
 5.0403161671716585
 2.9596838328283415
 0.0
 0.0
 2.0
 0.9526046716886862
 0.0
 2.0
 6.0
 0.0
 2.0
 1.0
 0.0
 0.0
 0.9533192400510592
 2.0524950275569322
 0.015367396308881042
 1.1369413176454737
 3.601452933556502
 0.8518157581454471
 1.984632603691119
 0.08069557633328817
 0.0
 0.9346718199755928
 1.2680952676625004
 1.1562427816486984
 0.0
q_opt: 1-dimensional DenseAxisArray{Float64,1,...} with index sets:
    Dimension 1, [(43, 15), (43, 14), (44, 15), (44, 13), (44, 3), (40, 14), (40, 2), (41, 14), (42, 6), (37, 13)  …  (4, 13), (5, 2), (5, 7), (5, 9), (6, 11), (1, 1), (1, 6), (1, 3), (2, 1), (2, 15)]
And data, a 71-element Vector{Float64}:
 0.0
 0.0
 0.0
 0.7319047323374994
 0.8580307069757588
 0.8674061308981295
 0.0
 0.0
 0.04604202720354278
 0.2680952676625005
 0.0
 1.0
 0.0
 0.0
 0.375
 0.0
 0.0
 0.18877511517735912
 0.7776664922371928
 0.0
 0.18659075808910544
 0.13259386910187057
 1.0
 0.24417501469238467
 0.2909045948585507
 0.0
 0.22233350776280725
 0.0
 0.8112248848226409
 0.283118675982009
 0.807292869725217
 0.0
 0.0
 0.0
 0.0
 0.0
 0.0
 0.0
 0.19270713027478306
 0.08069557633328818
 0.0
 0.0
 1.0
 0.0
 0.0
 0.7558249853076153
 0.0
 1.0
 0.0
 0.0
 0.0
 0.0
 0.0
 0.0
 0.8134092419108946
 0.0
 0.0
 0.0
 0.0
 0.0
 0.0
 0.0
 0.0
 0.0
 0.716881324017991
 0.0
 0.0
 0.28805337793790653
 0.1419692930242412
 0.0
 0.9193044236667118



