McCormick lower bound: -642.962111381134

solution time: 0.006103038787841797

w_opt: 1-dimensional DenseAxisArray{Float64,1,...} with index sets:
    Dimension 1, [(25, 1, 2), (25, 1, 1), (25, 1, 14), (20, 1, 2), (20, 1, 1), (20, 1, 14), (1, 1, 2), (1, 1, 1), (1, 1, 14), (2, 1, 2)  …  (20, 15, 23), (20, 15, 3), (8, 15, 30), (8, 15, 29), (8, 15, 23), (8, 15, 3), (2, 15, 30), (2, 15, 29), (2, 15, 23), (2, 15, 3)]
And data, a 261-element Vector{Float64}:
 1.3799795694064478
 0.0
 0.0
 0.0
 0.4933843080306364
 0.0
 0.0
 0.0
 0.0
 0.0
 0.0
 0.0
 0.0
 0.0
 0.0
 0.0
 1.9350368906510802
 0.0
 0.0
 1.0649631093489198
 0.0
 0.0
 0.0
 0.0
 0.0
 0.0
 0.0
 0.0
 1.138265112969336
 2.8808442182565206
 0.0
 0.0
 0.0
 0.0
 0.0
 0.0
 0.0
 0.0
 0.0
 0.0
 0.0
 0.0
 0.2649060654187272
 0.0
 0.0
 0.0
 0.0
 0.0
 0.0
 1.2303527697772467
 2.887249557012783
 0.0649631093489198
 0.0
 0.0
 0.0
 0.0
 0.0
 0.0
 0.0
 1.9070511912434684
 1.0
 0.0
 0.0
 0.0
 0.0
 0.0
 0.0
 0.0
 0.0
 0.0
 0.0
 0.14417808050212674
 0.4325342415063802
 0.0
 0.75
 2.25
 0.0
 0.5557821896441806
 1.6673465689325417
 0.0
 0.0
 0.0
 0.0
 0.0
 0.0
 0.0
 0.0
 0.0
 0.0
 0.0
 0.0
 0.0
 0.5500397298536926
 1.650119189561078
 0.0
 0.0
 0.0
 0.0
 0.0
 0.0
 0.0
 2.0
 0.8792644785646291
 0.0
 0.0
 0.0
 0.0
 0.0
 0.0
 0.0
 0.0
 0.0
 0.0
 0.0
 0.0
 0.0
 0.0
 0.0
 3.8460828854618736
 1.282027628487291
 0.0
 0.0
 0.0
 1.0411666715509094
 1.830722814499926
 0.0
 0.0
 0.0
 0.0
 0.0
 0.0
 0.0
 0.0
 0.0
 0.0
 0.0
 0.0
 0.0
 0.0
 0.0
 0.0
 0.0
 0.0
 0.0
 0.0
 0.0
 0.0
 0.14720255151405093
 0.23933191465691364
 0.0
 0.0
 0.12360218662365884
 0.0
 0.5580096146320981
 0.21886162679117965
 0.0
 0.0
 1.441990385367902
 0.720995192683951
 0.0
 0.0
 0.0
 0.0
 0.0
 0.0
 0.0
 0.0
 0.0
 0.0
 0.0
 0.0
 0.0
 0.0
 1.6699249510362586
 0.0
 0.0
 0.0
 0.4661185010741
 0.863956547889641
 0.0
 0.0
 0.0
 0.0
 0.0
 0.0
 0.0
 0.0
 0.0
 0.0
 0.0
 0.0
 0.0
 0.0
 0.0
 1.5338814989259
 0.9716806768028629
 0.49443782427123717
 0.0
 0.0
 0.0
 0.0
 0.0
 0.0
 0.0
 0.0
 0.0
 1.3577506082064337
 0.05885487350966434
 0.6200204305935523
 0.6422493917935661
 0.24462322993861876
 0.0
 0.0
 0.0
 0.0
 0.0
 0.0
 0.0
 0.0
 0.0
 0.0
 0.0
 0.0
 0.0
 0.0
 0.43344129004417453
 0.3555450071557492
 0.0
 0.0
 0.0
 0.0
 0.0
 0.0
 0.0
 0.6444549928442508
 0.0
 0.0
 0.0
 0.0
 0.0
 0.0
 0.0
 0.0
 0.0
 0.0
 0.0
 0.0
 0.0
 0.0
 0.2531146298966549
 0.0
 0.0
 0.0
 0.0
 0.0
 0.0
 0.0
 0.9794171078254484
 5.2406561103100255
 0.0
 0.7579388300399182
x_ij_opt: 1-dimensional DenseAxisArray{Float64,1,...} with index sets:
    Dimension 1, [(43, 30), (43, 22), (43, 6), (44, 22), (45, 30), (45, 29), (45, 28), (45, 24), (45, 23), (40, 29)  …  (5, 7), (5, 14), (6, 4), (6, 3), (1, 14), (1, 10), (1, 23), (1, 1), (3, 2), (3, 1)]
And data, a 116-element Vector{Float64}:
 0.0
 0.3300750489637414
 0.0
 0.0
 0.7674682622778941
 0.0
 1.5665587099558254
 0.0
 0.0
 0.0
 0.0
 0.0
 0.0
 0.0
 0.0
 0.0
 0.0
 0.0
 0.0
 0.0
 0.0
 0.0
 0.0
 0.0
 0.0
 0.0
 0.0
 2.0
 0.0
 0.0
 0.0
 0.0
 0.0
 0.0
 0.0
 0.0
 0.0
 0.0
 0.0
 0.0
 0.0
 0.0
 0.0
 0.861734887030664
 0.0
 0.0
 0.0
 0.0
 0.0
 0.0
 0.0
 0.0
 0.0
 0.0
 0.0
 0.0
 0.0
 1.1127504429872168
 0.12073552143537088
 1.7291952618622903
 0.0
 0.0
 0.0
 0.0
 6.0
 0.0
 0.0
 0.0
 0.0
 0.7606680853430864
 0.0
 0.0
 0.0
 0.0
 0.0
 0.0
 0.0
 0.7696472302227533
 0.0
 0.0
 0.0
 0.0
 0.0
 0.0
 0.0
 0.0
 0.0
 0.09294880875653155
 0.0
 1.1902361245049184
 0.0
 0.0
 0.0
 0.0
 0.0
 0.0
 0.0
 0.6965218965517169
 0.0
 0.24206116996008176
 0.0
 0.0
 0.0
 0.0
 0.0
 0.0
 0.0
 0.0
 0.0
 0.0
 0.0
 0.0
 0.028319323197137147
 5.506615691969364
 0.0
 0.0
x_il_opt: 1-dimensional DenseAxisArray{Float64,1,...} with index sets:
    Dimension 1, [(43, 15), (43, 14), (44, 15), (44, 13), (44, 3), (40, 14), (40, 2), (41, 14), (42, 6), (37, 13)  …  (4, 13), (5, 2), (5, 7), (5, 9), (6, 11), (1, 1), (1, 6), (1, 3), (2, 1), (2, 15)]
And data, a 71-element Vector{Float64}:
 0.0
 0.0
 0.0
 2.0366259123096504
 4.019109331225857
 0.7889862971999237
 0.0
 0.0
 0.576712322008507
 0.8868726217321848
 0.0
 3.0
 0.0
 0.0
 3.0
 0.0
 0.0
 0.0
 5.1281105139491645
 0.0
 0.0
 0.6444549928442508
 3.0
 0.7768712414232777
 2.2231287585767223
 0.0
 2.8718894860508355
 0.0
 3.0
 0.38653446617096454
 1.3799795694064478
 0.0
 0.0
 0.0
 0.0
 0.0
 0.0
 0.0
 0.4933843080306364
 0.2531146298966549
 0.0
 0.0
 2.9070511912434682
 0.0
 0.0
 2.162985578051853
 0.0
 2.879264478564629
 0.0
 0.0
 0.0
 0.0
 0.0
 0.0
 4.182565436138949
 0.0
 0.0
 0.0
 0.0
 0.0
 0.0
 0.0
 0.0
 0.0
 0.12360218662365884
 0.0
 0.0
 2.2001589194147706
 0.2649060654187272
 0.0
 6.978012048175392
x_lj_opt: 1-dimensional DenseAxisArray{Float64,1,...} with index sets:
    Dimension 1, [(15, 30), (15, 29), (15, 23), (15, 3), (14, 28), (14, 27), (14, 10), (14, 24), (13, 26), (13, 25)  …  (3, 6), (3, 5), (3, 29), (2, 4), (2, 3), (2, 1), (2, 5), (1, 2), (1, 1), (1, 14)]
And data, a 53-element Vector{Float64}:
 1.232531737722106
 5.240656110310035
 0.0
 0.7579388300399182
 0.43344129004417453
 1.0
 0.0
 0.0
 2.0
 0.3034781034482831
 0.6200204305935523
 1.5338814989259
 0.9716806768028629
 0.49443782427123717
 1.6699249510362586
 0.0
 0.0
 0.0
 0.4661185010741
 0.863956547889641
 0.0
 2.0
 0.9398568194751307
 0.2708047381377098
 0.23933191465691364
 0.0
 4.887249557012783
 3.112750442987217
 0.0
 0.0
 2.0
 0.8792644785646291
 0.0
 2.0
 6.0
 0.0
 1.9070511912434684
 1.0
 0.0
 0.0
 1.2303527697772467
 2.887249557012783
 0.0649631093489198
 1.138265112969336
 2.8808442182565206
 0.2649060654187272
 1.9350368906510802
 0.0
 0.0
 1.0649631093489198
 1.3799795694064478
 0.4933843080306364
 0.0
q_opt: 1-dimensional DenseAxisArray{Float64,1,...} with index sets:
    Dimension 1, [(43, 15), (43, 14), (44, 15), (44, 13), (44, 3), (40, 14), (40, 2), (41, 14), (42, 6), (37, 13)  …  (4, 13), (5, 2), (5, 7), (5, 9), (6, 11), (1, 1), (1, 6), (1, 3), (2, 1), (2, 15)]
And data, a 71-element Vector{Float64}:
 0.0
 0.0
 0.0
 0.6788753041032168
 0.9558489890968788
 0.3555450071557492
 0.0
 0.0
 0.07208904025106337
 0.32112469589678305
 0.0
 1.0
 0.0
 0.0
 0.375
 0.0
 0.0
 0.1650375244818707
 0.6410138142436456
 0.0
 0.0
 0.6444549928442508
 1.0
 0.27900480731604904
 0.2778910948220903
 0.0
 0.35898618575635444
 0.0
 0.8349624755181293
 0.2393319146569136
 0.9177692819948939
 0.0
 0.0
 0.0
 0.0
 0.0
 0.0
 0.0
 0.08223071800510606
 0.12655731494832745
 0.0
 0.0
 1.0
 0.0
 0.0
 0.720995192683951
 0.0
 1.0
 0.0
 0.0
 0.0
 0.0
 0.0
 0.0
 1.0
 0.0
 0.0
 0.0
 0.0
 0.0
 0.0
 0.0
 0.0
 0.0
 0.7606680853430864
 0.0
 0.0
 0.2750198649268463
 0.0441510109031212
 0.0
 0.8734426850516709



