McCormick lower bound: -644.1455532265227

solution time: 0.0057621002197265625

w_opt: 1-dimensional DenseAxisArray{Float64,1,...} with index sets:
    Dimension 1, [(25, 1, 2), (25, 1, 1), (25, 1, 14), (20, 1, 2), (20, 1, 1), (20, 1, 14), (1, 1, 2), (1, 1, 1), (1, 1, 14), (2, 1, 2)  …  (20, 15, 23), (20, 15, 3), (8, 15, 30), (8, 15, 29), (8, 15, 23), (8, 15, 3), (2, 15, 30), (2, 15, 29), (2, 15, 23), (2, 15, 3)]
And data, a 261-element Vector{Float64}:
 1.6815202621891099
 0.7575162487911636
 0.12762269129392756
 0.0
 0.8751096467210643
 0.0
 0.0
 0.0
 0.0
 0.0
 0.0
 0.0
 0.0
 0.0
 0.0
 0.0
 2.0
 0.0
 0.0
 1.0
 0.0
 0.0
 0.0
 0.0
 0.0
 0.0
 0.0
 0.0
 1.2846350773341875
 3.102846245782177
 0.0
 0.0
 0.0
 0.0
 0.0
 0.0
 0.0
 0.0
 0.0
 0.0
 0.0
 0.0
 1.1077867715439202
 0.0
 0.9416947296619909
 0.0
 0.0
 0.0
 0.0
 1.3106769558502835
 3.058678453777189
 0.0
 0.0
 0.0
 0.0
 0.0
 0.0
 0.0
 0.0
 2.0
 1.0
 0.0
 0.0
 0.0
 0.0
 0.0
 0.0
 0.0
 0.0
 0.0
 0.0
 0.0
 0.0
 0.0
 0.75
 2.25
 0.0
 0.5728381025294182
 1.7185143075882547
 0.0
 0.0
 0.0
 0.0
 0.0
 0.0
 0.0
 0.0
 0.0
 0.0
 0.0
 0.0
 0.0
 0.6771618974705818
 2.0314856924117453
 0.0
 0.0
 0.0
 0.0
 0.0
 0.0
 0.0
 1.8723773087060724
 0.8461216909228311
 0.09006696343020515
 0.0
 0.0
 0.19143403694089134
 0.0
 0.0
 0.0
 0.0
 0.0
 0.0
 0.0
 0.0
 0.0
 0.0
 0.0
 3.7500000000000004
 1.0961216909228306
 0.0
 0.15387830907716887
 0.0
 2.0964948743620107
 0.9035051256379893
 0.0
 0.0
 0.0
 0.0
 0.0
 0.0
 0.0
 0.0
 0.0
 0.0
 0.0
 0.0
 0.0
 0.0
 0.0
 0.0
 0.0
 0.0
 0.0
 0.0
 0.0
 0.0
 0.27983567208781013
 0.0
 0.0
 0.0
 0.0
 0.0
 0.5130385995150004
 0.19560899036732682
 0.0
 0.0
 1.4869614004849996
 0.7434807002424998
 0.0
 0.0
 0.0
 0.0
 0.0
 1.0409149851035635
 0.0
 0.0
 0.0
 0.0
 0.0
 0.0
 0.0
 0.0
 1.5669012520434682
 0.0
 0.0
 0.0
 0.5768599788422717
 0.8562387691142599
 0.0
 0.0
 0.0
 0.0
 0.0
 0.0
 0.0
 0.0
 0.0
 0.0
 0.0
 0.0
 0.0
 0.0
 0.0
 1.4231400211577283
 0.9023074655429226
 0.6745525132993488
 0.0
 0.0
 0.0
 0.0
 0.0
 0.0
 0.0
 0.0
 0.0
 1.5251379096986764
 0.4440892170384481
 0.31847973781089006
 0.47486209030132365
 0.17932752332314378
 0.0
 0.0
 0.0
 0.0
 0.0
 0.0
 0.0
 0.0
 0.0
 0.0
 0.0
 0.0
 0.0
 0.0
 0.33141183734587526
 0.17686045601208944
 0.0
 0.0
 0.0
 0.0
 0.0
 0.0
 0.0
 0.8231395439879106
 0.0
 0.0
 0.0
 0.0
 0.0
 0.0
 0.0
 0.0
 0.0
 0.0
 0.0
 0.0
 0.0
 0.0
 0.0
 0.0
 0.0
 0.0
 0.0
 0.0
 0.0
 0.0
 2.0
 4.217660715156731
 0.0
 1.0
x_ij_opt: 1-dimensional DenseAxisArray{Float64,1,...} with index sets:
    Dimension 1, [(43, 30), (43, 22), (43, 6), (44, 22), (45, 30), (45, 29), (45, 28), (45, 24), (45, 23), (40, 29)  …  (5, 7), (5, 14), (6, 4), (6, 3), (1, 14), (1, 10), (1, 23), (1, 1), (3, 2), (3, 1)]
And data, a 116-element Vector{Float64}:
 0.0
 0.4330987479565318
 0.0
 0.0
 0.0
 0.0
 1.6685881626541248
 0.0
 0.0
 0.0
 0.0
 0.0
 0.0
 0.0
 0.0
 0.0
 0.0
 0.0
 0.23692196064329674
 0.0
 0.0
 0.0
 0.0
 0.0
 0.0
 0.0
 0.0
 2.0
 0.0
 0.0
 0.0
 0.0
 0.0
 0.0
 0.0
 0.0
 0.0
 0.0
 0.0
 0.0
 0.0
 0.0
 0.0
 0.7153649226658125
 0.0
 0.0
 0.0
 0.0
 0.0
 0.0
 0.0
 0.0
 0.0
 0.0
 0.0
 0.0
 0.0
 0.1535051256379889
 0.0
 1.7201643279121899
 0.0
 0.0
 0.0
 0.0
 6.0
 0.0
 0.0
 0.0
 0.0
 0.7630780393567033
 0.0
 0.0
 0.0
 0.0
 0.0
 0.0
 0.0
 0.6893230441497165
 0.0
 0.0
 0.0
 0.0
 0.0
 0.0
 0.0
 0.0
 0.0
 0.0
 0.0
 0.0
 0.0
 0.0
 0.0
 0.0
 0.0
 0.0
 0.0
 0.3765832596384081
 0.0
 0.0
 0.0
 0.0
 0.0
 0.0
 0.0
 0.0
 0.0
 0.0
 0.0
 0.0
 0.0
 0.0
 0.09769253445707737
 4.085873104116676
 0.0
 0.0
x_il_opt: 1-dimensional DenseAxisArray{Float64,1,...} with index sets:
    Dimension 1, [(43, 15), (43, 14), (44, 15), (44, 13), (44, 3), (40, 14), (40, 2), (41, 14), (42, 6), (37, 13)  …  (4, 13), (5, 2), (5, 7), (5, 9), (6, 11), (1, 1), (1, 6), (1, 3), (2, 1), (2, 15)]
And data, a 71-element Vector{Float64}:
 0.0
 0.0
 0.0
 2.2877068645480145
 4.387481323116364
 0.5082722933579646
 0.0
 0.0
 0.0
 0.6541896136244674
 0.0
 3.0
 0.0
 0.0
 3.0
 0.0
 0.0
 1.0409149851035635
 5.0
 0.0
 0.9416947296619909
 0.8231395439879106
 3.0
 0.7086475898823272
 2.291352410117673
 0.0
 3.0
 0.0
 3.0
 0.27983567208781013
 2.566659202274201
 0.0
 0.0
 0.0
 0.0
 0.0
 0.0
 0.0
 0.8751096467210643
 0.0
 0.0
 0.0
 3.0
 0.0
 0.0
 2.2304421007274993
 0.0
 2.8085659630591087
 0.0
 0.0
 0.0
 0.0
 0.0
 0.0
 4.369355409627473
 0.0
 0.0
 0.0
 0.0
 0.0
 0.0
 0.0
 0.0
 0.19143403694089134
 0.0
 0.0
 0.0
 2.708647589882327
 1.1077867715439202
 0.0
 7.217660715156731
x_lj_opt: 1-dimensional DenseAxisArray{Float64,1,...} with index sets:
    Dimension 1, [(15, 30), (15, 29), (15, 23), (15, 3), (14, 28), (14, 27), (14, 10), (14, 24), (13, 26), (13, 25)  …  (3, 6), (3, 5), (3, 29), (2, 4), (2, 3), (2, 1), (2, 5), (1, 2), (1, 1), (1, 14)]
And data, a 53-element Vector{Float64}:
 2.0
 4.217660715156731
 0.0
 1.0
 0.33141183734587526
 1.0
 0.0
 0.0
 2.0
 0.6234167403615919
 0.3184797378108901
 1.4231400211577283
 0.9023074655429226
 0.6745525132993488
 1.5669012520434682
 0.0
 0.0
 0.0
 0.5768599788422717
 1.8971537542178232
 0.0
 2.0
 0.9390896906098266
 0.27983567208781013
 0.0
 0.0
 5.846494874362011
 1.99962681656082
 0.0
 0.1538783090771689
 1.8723773087060724
 0.8461216909228311
 0.2815010003710965
 2.0
 6.0
 0.0
 2.0
 1.0
 0.0
 0.0
 1.3106769558502835
 4.00037318343918
 0.0
 1.2846350773341875
 3.102846245782177
 1.1077867715439202
 2.0
 0.0
 0.0
 1.0
 1.6815202621891099
 1.632625895512228
 0.12762269129392756
q_opt: 1-dimensional DenseAxisArray{Float64,1,...} with index sets:
    Dimension 1, [(43, 15), (43, 14), (44, 15), (44, 13), (44, 3), (40, 14), (40, 2), (41, 14), (42, 6), (37, 13)  …  (4, 13), (5, 2), (5, 7), (5, 9), (6, 11), (1, 1), (1, 6), (1, 3), (2, 1), (2, 15)]
And data, a 71-element Vector{Float64}:
 0.0
 0.0
 0.0
 0.7625689548493382
 0.8153688714093467
 0.17686045601208944
 0.0
 0.0
 0.0
 0.23743104515066182
 0.0
 1.0
 0.0
 0.0
 0.375
 0.0
 0.0
 0.1734858308505939
 0.625
 0.0
 0.34466152207485823
 0.8231395439879106
 1.0
 0.2565192997575002
 0.2864190512647091
 0.0
 0.375
 0.0
 0.8265141691494061
 0.13991783604390506
 0.854148392213156
 0.0
 0.0
 0.0
 0.0
 0.0
 0.0
 0.0
 0.14585160778684406
 0.0
 0.0
 0.0
 1.0
 0.0
 0.0
 0.7434807002424998
 0.0
 0.9361886543530362
 0.0
 0.0
 0.0
 0.0
 0.0
 0.0
 0.6553384779251418
 0.0
 0.0
 0.0
 0.0
 0.0
 0.0
 0.0
 0.0
 0.06381134564696378
 0.8600821639560949
 0.0
 0.0
 0.3385809487352909
 0.18463112859065337
 0.0
 1.0



