McCormick lower bound: -647.5100129000791

solution time: 0.0054168701171875

w_opt: 1-dimensional DenseAxisArray{Float64,1,...} with index sets:
    Dimension 1, [(25, 1, 2), (25, 1, 1), (25, 1, 14), (20, 1, 2), (20, 1, 1), (20, 1, 14), (1, 1, 2), (1, 1, 1), (1, 1, 14), (2, 1, 2)  …  (20, 15, 23), (20, 15, 3), (8, 15, 30), (8, 15, 29), (8, 15, 23), (8, 15, 3), (2, 15, 30), (2, 15, 29), (2, 15, 23), (2, 15, 3)]
And data, a 261-element Vector{Float64}:
 1.1551016740658149
 0.0
 0.0
 0.10462347356771484
 0.1773293684647948
 0.0
 0.0
 0.0
 0.0
 0.0
 0.0
 0.0
 0.0
 0.0
 0.0
 0.0
 1.9452707712882373
 0.11307467976197927
 0.0
 0.9416545489497834
 0.0
 0.0
 0.0
 0.0
 0.0
 0.0
 0.0
 0.0
 0.895180644073166
 1.932987129780954
 0.0
 0.0
 0.0
 0.0
 0.0
 2.6642655297685076
 1.7550118939388284
 0.0
 0.0
 0.0
 0.0
 0.0
 0.0
 0.0
 0.08749180220584374
 0.0
 0.0
 0.0
 0.0
 1.0775664720614107
 1.7331781992299147
 0.05472922871176267
 0.0
 0.0
 0.0
 0.0
 0.0
 0.0
 0.0
 2.0
 1.0
 0.0
 0.0
 0.0
 0.0
 0.0
 0.0
 0.0
 0.0
 0.0
 0.0
 0.1844136145106542
 0.5532408435319627
 0.0
 0.75
 2.25
 0.0
 0.5212540433731471
 1.5637621301194413
 0.0
 0.0
 0.0
 0.0
 0.0
 0.0
 0.0
 0.0
 0.0
 0.0
 0.0
 0.0
 0.0
 0.5443323421161987
 1.6329970263485962
 0.0
 0.0
 0.0
 0.0
 0.0
 0.0
 0.0
 2.0
 0.9662670271029888
 0.0
 0.0
 0.0
 0.0
 0.0
 0.0
 0.0
 0.0
 0.0
 0.0
 0.0
 0.0
 0.0
 0.0
 0.0
 4.222118114327687
 2.6730625297454793
 0.0
 0.0
 0.0
 0.2762048389817089
 0.8286145169451249
 0.0
 0.0
 0.0
 0.0
 0.0
 0.0
 0.0
 0.0
 0.0
 0.0
 0.0
 0.0
 0.0
 0.0
 0.0
 0.0
 0.0
 0.0
 0.0
 0.0
 0.0
 0.0
 0.0
 0.19887830753631067
 0.0
 0.0
 0.0
 0.0
 0.6618233587879117
 0.2531604677195
 0.0
 0.0
 1.3381766412120883
 0.6690883206060441
 0.0
 0.0
 0.0
 0.0
 0.0
 0.0
 0.0
 0.0
 0.0
 0.0
 0.0
 0.0
 0.0
 0.0
 1.8670523533558967
 0.0
 0.0
 0.0
 0.4552946947704659
 0.0
 0.0
 0.0
 0.0
 0.0
 0.0
 0.0
 0.0
 0.0
 0.0
 0.0
 0.0
 0.0
 0.0
 0.0
 0.0
 1.544705305229534
 1.0
 0.4552946947704659
 0.0
 0.0
 0.0
 0.0
 0.0
 0.0
 0.0
 0.0
 0.0
 1.4805497047329408
 0.0
 0.7402748523664703
 0.40884029645680076
 0.18634921377119842
 0.0
 0.0
 0.0
 0.0
 0.11060999881025851
 0.0
 0.0
 0.0
 0.0
 0.0
 0.0
 0.0
 0.0
 0.0
 0.0444147590001051
 0.27556799099827467
 0.0
 0.0
 0.0
 0.0
 0.0
 0.0
 0.0
 0.7244320090017253
 0.0
 0.0
 0.0
 0.0
 0.0
 0.0
 0.0
 0.0
 0.0
 0.0
 0.0
 0.0
 0.0
 0.0
 0.22614935952395857
 0.0
 0.0
 0.0
 0.0
 0.0
 0.0
 0.0
 1.7738506404760415
 3.789693411290706
 0.0
 0.8869253202380207
x_ij_opt: 1-dimensional DenseAxisArray{Float64,1,...} with index sets:
    Dimension 1, [(43, 30), (43, 22), (43, 6), (44, 22), (45, 30), (45, 29), (45, 28), (45, 24), (45, 23), (40, 29)  …  (5, 7), (5, 14), (6, 4), (6, 3), (1, 14), (1, 10), (1, 23), (1, 1), (3, 2), (3, 1)]
And data, a 116-element Vector{Float64}:
 0.0
 0.1329476466441033
 0.0
 0.0
 0.0
 0.0
 1.9555852409998948
 0.0
 0.0
 0.0
 0.0
 0.0
 0.0
 0.0
 0.0
 0.0
 0.0
 0.0
 0.0
 0.0
 0.0
 0.0
 0.0
 0.0
 0.0
 0.0
 0.0
 2.0
 0.0
 0.0
 0.0
 0.0
 0.0
 0.0
 0.0
 0.0
 0.0
 0.0
 0.0
 0.0
 0.0
 0.0
 0.0
 1.104819355926834
 0.0
 0.0
 0.0
 0.0
 0.0
 0.0
 0.0
 0.0
 0.0
 0.0
 0.0
 0.6776529518736374
 0.0
 1.5016770466906042
 0.03373297289701119
 2.0
 0.0
 0.0
 0.0
 0.0
 6.0
 0.0
 0.0
 0.0
 0.0
 0.8011216924636894
 0.0
 0.0
 0.0
 0.0
 0.0
 0.0
 0.0
 0.9224335279385893
 0.0
 0.0
 0.0
 0.0
 0.0
 0.0
 0.0
 0.0
 0.0
 0.0
 0.0
 0.4610927915007563
 0.0
 0.0
 0.0
 0.0
 0.0
 0.0
 0.0
 0.8136507862288016
 0.0
 0.0
 0.0
 0.0
 0.0
 0.0
 0.0
 0.0
 0.0
 0.0
 0.0
 0.0
 0.0
 0.0
 0.0
 5.822670631535205
 0.0
 0.0
x_il_opt: 1-dimensional DenseAxisArray{Float64,1,...} with index sets:
    Dimension 1, [(43, 15), (43, 14), (44, 15), (44, 13), (44, 3), (40, 14), (40, 2), (41, 14), (42, 6), (37, 13)  …  (4, 13), (5, 2), (5, 7), (5, 9), (6, 11), (1, 1), (1, 6), (1, 3), (2, 1), (2, 15)]
And data, a 71-element Vector{Float64}:
 0.0
 0.0
 0.0
 2.220824557099411
 2.82816777385412
 0.3199827499983798
 0.0
 0.0
 0.7376544580426169
 0.5951895102279992
 0.0
 3.0
 0.0
 0.0
 3.0
 0.0
 0.0
 0.0
 6.895180644073166
 0.0
 0.08749180220584374
 0.7244320090017253
 3.0
 0.9149838265074117
 2.0850161734925883
 0.0
 1.1048193559268338
 0.0
 2.3223470481263626
 0.19887830753631067
 1.1551016740658149
 0.11060999881025851
 0.0
 0.0
 0.0
 0.0
 0.0
 0.0
 0.28195284203250964
 0.22614935952395857
 0.0
 0.0
 3.0
 0.0
 0.0
 2.0072649618181324
 0.0
 2.966267027102989
 0.0
 0.0
 0.0
 0.0
 0.0
 0.0
 2.8654739000030878
 0.0
 0.0
 4.419277423707336
 0.0
 0.0
 0.0
 0.0
 0.0
 0.0
 0.0
 0.0
 0.0
 2.177329368464795
 0.0
 0.0
 6.450469372004768
x_lj_opt: 1-dimensional DenseAxisArray{Float64,1,...} with index sets:
    Dimension 1, [(15, 30), (15, 29), (15, 23), (15, 3), (14, 28), (14, 27), (14, 10), (14, 24), (13, 26), (13, 25)  …  (3, 6), (3, 5), (3, 29), (2, 4), (2, 3), (2, 1), (2, 5), (1, 2), (1, 1), (1, 14)]
And data, a 53-element Vector{Float64}:
 2.0
 3.789693411290706
 0.0
 0.8869253202380207
 0.0444147590001051
 1.0
 0.0
 0.0
 2.0
 0.18634921377119842
 0.7402748523664703
 1.544705305229534
 1.0
 0.4552946947704659
 1.8670523533558967
 0.0
 0.0
 0.0
 0.4552946947704659
 0.0
 0.0
 2.0
 0.9222487883255441
 0.0
 0.19887830753631067
 0.0
 4.498322953309396
 3.501677046690604
 0.0
 0.0
 2.0
 0.9662670271029888
 0.0
 2.0
 6.0
 0.0
 2.0
 1.0
 0.0
 0.0
 1.0775664720614107
 1.8206700014357584
 0.05472922871176267
 0.895180644073166
 4.5972526595494605
 1.7550118939388284
 1.9452707712882373
 0.11307467976197927
 0.0
 0.9416545489497834
 1.2597251476335298
 0.1773293684647948
 0.0
q_opt: 1-dimensional DenseAxisArray{Float64,1,...} with index sets:
    Dimension 1, [(43, 15), (43, 14), (44, 15), (44, 13), (44, 3), (40, 14), (40, 2), (41, 14), (42, 6), (37, 13)  …  (4, 13), (5, 2), (5, 7), (5, 9), (6, 11), (1, 1), (1, 6), (1, 3), (2, 1), (2, 15)]
And data, a 71-element Vector{Float64}:
 0.0
 0.0
 0.0
 0.7402748523664704
 0.447590322036583
 0.27556799099827467
 0.0
 0.0
 0.0922068072553271
 0.20442014822840035
 0.0
 1.0
 0.0
 0.0
 0.375
 0.0
 0.0
 0.06647382332205165
 0.8618975805091458
 0.0
 0.01458196703430729
 0.7244320090017253
 1.0
 0.3309116793939559
 0.26062702168657353
 0.0
 0.13810241949085414
 0.0
 0.9335261766779483
 1.0
 0.9476882632161425
 0.05530499940512926
 0.0
 0.0
 0.0
 0.0
 0.0
 0.0
 0.052311736783857476
 0.11307467976197928
 0.0
 0.0
 1.0
 0.0
 0.0
 0.6690883206060441
 0.0
 1.0
 0.0
 0.0
 0.0
 0.0
 0.0
 0.0
 0.9854180329656927
 0.0
 0.0
 0.552409677963417
 0.0
 0.0
 0.0
 0.0
 0.0
 0.0
 0.0
 0.0
 0.0
 0.27216617105809937
 0.0
 0.0
 0.8869253202380207



