McCormick lower bound: -645.2649845090003

solution time: 0.006006956100463867

w_opt: 1-dimensional DenseAxisArray{Float64,1,...} with index sets:
    Dimension 1, [(25, 1, 2), (25, 1, 1), (25, 1, 14), (20, 1, 2), (20, 1, 1), (20, 1, 14), (1, 1, 2), (1, 1, 1), (1, 1, 14), (2, 1, 2)  …  (20, 15, 23), (20, 15, 3), (8, 15, 30), (8, 15, 29), (8, 15, 23), (8, 15, 3), (2, 15, 30), (2, 15, 29), (2, 15, 23), (2, 15, 3)]
And data, a 261-element Vector{Float64}:
 1.3484394640610224
 0.0
 0.0
 0.0
 0.46667378520413383
 0.0
 0.0
 0.0
 0.0
 0.0
 0.0
 0.0
 0.0
 0.0
 0.0
 0.0
 2.0
 0.0
 0.0
 1.0
 0.0
 0.0
 0.0
 0.0
 0.0
 0.0
 0.0
 0.0
 1.091735598516763
 1.7371899120830472
 0.0
 0.0
 0.0
 0.0
 0.0
 2.1618725990171637
 0.1957905039658343
 0.0
 0.0
 0.0
 0.0
 0.0
 0.5629206054325475
 0.0
 0.0
 0.0
 0.0
 0.0
 0.0
 1.21285618437121
 2.973218768238689
 0.0
 0.0
 0.0
 0.0
 0.0
 0.0
 0.0
 0.0
 2.0
 1.0
 0.0
 0.0
 0.0
 0.0
 0.0
 0.0
 0.0
 0.0
 0.0
 0.0
 0.16965049309182478
 0.5089514792754743
 0.0
 0.75
 2.25
 0.0
 0.5785745140952054
 1.7357235422856163
 0.0
 0.0
 0.0
 0.0
 0.0
 0.0
 0.0
 0.0
 0.0
 0.0
 0.0
 0.0
 0.0
 0.5017749928129698
 1.5053249784389093
 0.0
 0.0
 0.0
 0.0
 0.0
 0.0
 0.0
 2.0
 0.8966532085197066
 0.10334679148029335
 0.0
 0.0
 0.0
 0.0
 0.0
 0.0
 0.0
 0.0
 0.0
 0.0
 0.0
 0.0
 0.0
 0.0
 3.9453317768207308
 1.3151105922735753
 0.0
 0.0
 0.0
 1.0278869914179583
 1.711670639487736
 0.0
 0.0
 0.0
 0.0
 0.0
 0.0
 0.0
 0.0
 0.0
 0.0
 0.0
 0.0
 0.0
 0.0
 0.0
 0.0
 0.0
 0.0
 0.0
 0.0
 0.0
 0.0
 0.5214325126973729
 0.0
 0.0
 0.0
 0.33956572694442017
 0.0
 0.49850370758501095
 0.1871982360341675
 0.0
 0.0
 1.501496292414989
 0.7507481462074945
 0.0
 0.0
 0.0
 0.0
 0.0
 0.0
 0.0
 0.0
 0.0
 0.0
 0.0
 0.0
 0.0
 0.0
 1.6510010834995636
 0.0
 0.0
 0.0
 0.24806142760064687
 1.1009374888997892
 0.0
 0.0
 0.0
 0.0
 0.0
 0.0
 0.0
 0.0
 0.0
 0.0
 0.0
 0.0
 0.0
 0.0
 0.0
 1.7519385723993532
 1.0
 0.24806142760064687
 0.0
 0.0
 0.0
 0.0
 0.0
 0.0
 0.0
 0.0
 0.0
 1.4402150908174884
 0.06854700946976655
 0.6515605359389774
 0.5597849091825116
 0.17979740090903937
 0.0
 0.0
 0.0
 0.0
 0.0
 0.0
 0.0
 0.0
 0.0
 0.0
 0.0
 0.0
 0.0
 0.0
 0.5360027881011745
 0.9670623358550762
 0.0
 0.0
 0.0
 0.0
 0.0
 0.0
 0.0
 0.0
 0.0
 0.0
 0.0
 0.0
 0.0
 0.0
 0.0
 0.0
 0.0
 0.0
 0.0
 0.0
 0.0
 0.0
 0.24453600341913767
 0.0
 0.0
 0.0
 0.0
 0.0
 0.0
 0.0
 1.1508965250320466
 4.993227463000971
 0.0
 0.8777319982904311
x_ij_opt: 1-dimensional DenseAxisArray{Float64,1,...} with index sets:
    Dimension 1, [(43, 30), (43, 22), (43, 6), (44, 22), (45, 30), (45, 29), (45, 28), (45, 24), (45, 23), (40, 29)  …  (5, 7), (5, 14), (6, 4), (6, 3), (1, 14), (1, 10), (1, 23), (1, 1), (3, 2), (3, 1)]
And data, a 116-element Vector{Float64}:
 0.0
 0.34899891650043635
 0.0
 0.0
 0.6045674715488161
 0.0
 1.4639972118988256
 0.0
 0.0
 0.0
 0.0
 0.0
 0.0
 0.0
 0.0
 0.0
 0.0
 0.0
 0.23879506786232785
 0.0
 0.0
 0.0
 0.0
 0.0
 0.0
 0.0
 0.0
 2.0
 0.0
 0.0
 0.0
 0.0
 0.0
 0.0
 0.0
 0.0
 0.0
 0.0
 0.0
 0.0
 0.0
 0.0
 0.0
 0.9082644014832371
 0.0
 0.0
 0.0
 0.0
 0.0
 0.0
 0.0
 0.0
 0.0
 0.0
 0.0
 0.0
 0.0
 1.0267812317613112
 0.10334679148029335
 1.139001760358207
 0.0
 0.0
 0.0
 0.0
 6.0
 0.0
 0.0
 0.0
 0.0
 0.7612049321376722
 0.0
 0.0
 0.0
 0.0
 0.0
 0.0
 0.03293766414492383
 0.78714381562879
 0.0
 0.0
 0.0
 0.0
 0.0
 0.0
 0.0
 0.0
 0.0
 0.0
 0.0
 0.0
 0.0
 0.0
 0.0
 0.0
 0.0
 0.0
 0.0
 0.751655589621194
 0.0
 0.12226800170956886
 0.0
 0.0
 0.0
 0.0
 0.0
 0.0
 0.0
 0.0
 0.0
 0.0
 0.0
 0.0
 0.0
 5.429979423315573
 0.0
 0.0
x_il_opt: 1-dimensional DenseAxisArray{Float64,1,...} with index sets:
    Dimension 1, [(43, 15), (43, 14), (44, 15), (44, 13), (44, 3), (40, 14), (40, 2), (41, 14), (42, 6), (37, 13)  …  (4, 13), (5, 2), (5, 7), (5, 9), (6, 11), (1, 1), (1, 6), (1, 3), (2, 1), (2, 15)]
And data, a 71-element Vector{Float64}:
 0.0
 0.0
 0.0
 2.1603226362262324
 2.8289255105998103
 1.5030651239562507
 0.0
 0.0
 0.6786019723672991
 0.739582310091551
 0.0
 3.0
 0.0
 0.0
 3.0
 0.0
 0.0
 0.0
 5.2604423690943065
 0.0
 0.0
 0.0
 3.0
 0.6857019436191785
 2.3142980563808218
 0.0
 2.7395576309056944
 0.0
 3.0
 0.5214325126973729
 1.3484394640610224
 0.0
 0.0
 0.0
 0.0
 0.0
 0.0
 0.0
 0.46667378520413383
 0.24453600341913767
 0.0
 0.0
 3.0
 0.0
 0.0
 2.2522444386224834
 0.0
 3.0
 0.0
 0.0
 0.0
 0.0
 0.0
 0.0
 4.186074952609899
 0.0
 0.0
 2.3576631029829977
 0.0
 0.0
 0.0
 0.0
 0.0
 0.0
 0.33956572694442017
 0.0
 0.0
 2.007099971251879
 0.5629206054325475
 0.0
 7.021855986323449
x_lj_opt: 1-dimensional DenseAxisArray{Float64,1,...} with index sets:
    Dimension 1, [(15, 30), (15, 29), (15, 23), (15, 3), (14, 28), (14, 27), (14, 10), (14, 24), (13, 26), (13, 25)  …  (3, 6), (3, 5), (3, 29), (2, 4), (2, 3), (2, 1), (2, 5), (1, 2), (1, 1), (1, 14)]
And data, a 53-element Vector{Float64}:
 1.395432528451184
 4.993227463000971
 0.0
 0.8777319982904311
 0.5360027881011745
 0.9670623358550762
 0.0
 0.0
 2.0
 0.24834441037880592
 0.6515605359389774
 1.7519385723993532
 1.0
 0.24806142760064687
 1.6510010834995636
 0.0
 0.0
 0.0
 0.24806142760064676
 1.1009374888997892
 0.0
 2.0
 0.937946382241662
 0.860998239641793
 0.0
 0.0
 4.973218768238689
 3.026781231761311
 0.0
 0.0
 2.0
 0.8966532085197066
 0.10334679148029335
 2.0
 6.0
 0.0
 2.0
 1.0
 0.0
 0.0
 1.21285618437121
 2.973218768238689
 0.0
 1.091735598516763
 3.899062511100211
 0.7587111093983818
 2.0
 0.0
 0.0
 1.0
 1.3484394640610224
 0.46667378520413383
 0.0
q_opt: 1-dimensional DenseAxisArray{Float64,1,...} with index sets:
    Dimension 1, [(43, 15), (43, 14), (44, 15), (44, 13), (44, 3), (40, 14), (40, 2), (41, 14), (42, 6), (37, 13)  …  (4, 13), (5, 2), (5, 7), (5, 9), (6, 11), (1, 1), (1, 6), (1, 3), (2, 1), (2, 15)]
And data, a 71-element Vector{Float64}:
 0.0
 0.0
 0.0
 0.7201075454087442
 0.5458677992583815
 1.0
 0.0
 0.0
 0.08482524654591239
 0.2798924545912558
 0.0
 1.0
 0.0
 0.0
 0.375
 0.0
 0.0
 0.17449945825021818
 0.6575552961367883
 0.0
 0.393571907814395
 0.0
 1.0
 0.24925185379250547
 0.2892872570476027
 0.0
 0.3424447038632117
 0.0
 0.8255005417497818
 0.83021713652779
 0.922221035799311
 0.0
 0.0
 0.0
 0.0
 0.0
 0.0
 0.0
 0.07777896420068897
 0.12226800170956884
 0.0
 0.0
 1.0
 0.0
 0.0
 0.7507481462074945
 0.0
 1.0
 0.0
 0.0
 0.0
 0.0
 0.0
 0.0
 0.606428092185605
 0.0
 0.0
 0.36031209983619394
 0.0
 0.0
 0.0
 0.0
 0.0
 0.0
 0.16978286347221008
 0.0
 0.0
 0.2508874964064849
 0.09382010090542459
 0.0
 0.8777319982904311



