
PROBLEM STATISTICS
  Objective sense = Min
  # Variables = 120
  # Bin-Int Variables = 0
  # Constraints = 124
  # NL Constraints = 100
  # Linear Constraints = 24
  # Detected convex constraints = 0
  # Detected nonlinear terms = 100
  # Variables involved in nonlinear terms = 20
  # Potential variables for partitioning = 20
SUB-SOLVERS USED BY ALPINE
  NLP local solver = Ipopt
  MIP solver = Gurobi
ALPINE CONFIGURATION
  Maximum iterations (lower-bounding MIPs) =  1
  Relative global optimality gap = 0.01%
  Potential variables chosen for partitioning = All
  Discretization ratio = 10
  Bound-tightening presolve = false
PRESOLVE 
  Doing local search

Feasible solution found during presolve: [0.0, 1.0, 1.0, 0.45126242373628034, 1.0, 0.0, 0.07440913479119372, 0.0, 0.17893851031545635, 1.0, 0.0, 0.002619826104354119, 1.0, 1.0, 1.0, 0.0, 0.0, 0.0, 0.0, 0.0, 0.0, 0.0, 0.0, 0.0, 0.0, 0.0, 0.0, 0.0, 0.0, 0.0, 1.0, 1.0, 0.0, 0.002619826064581184, 1.0, 0.0, 0.0, 0.0, 0.0, 0.0, 0.0, 0.0, 0.0, 0.0, 0.0, 0.45126242735743777, 0.0, 0.0, 0.4512624197934415, 0.0, 0.0011822290776184168, 0.4512624265112972, 0.0, 0.0, 0.0, 0.0, 0.0, 0.0, 0.07440913538829018, 0.0, 1.0, 0.0, 0.0, 0.0, 0.0, 0.0, 0.0, 0.0, 0.0, 0.0, 0.0, 0.0, 0.0, 0.013314659733398177, 0.0001949389937283798, 0.07440913524876917, 0.0, 0.0, 0.0, 0.0, 0.0, 0.0, 0.0, 0.0, 0.0, 0.0, 0.0, 0.17893851141583023, 0.0, 0.0, 0.0, 0.0, 1.0, 1.0, 1.0, 0.0, 0.0, 0.0, 0.0, 0.0, 0.0, 0.0, 0.0026198261107516713, 0.0, 0.0, 0.0, 1.0, 0.0, 0.0, 0.0, 0.0, 0.0, 0.0, 0.0, 0.0, 0.0, 0.0, 0.0, 0.0, 0.0]  :with objective: -3.5112722191249506

  Local solver returns a feasible point with value -3.5113

  Fixed 47 discretization points based on bounding heuristic


Initial guess for SP: [0.0, 0.0, 0.0, 0.24359308801058377, 0.0, 0.0, 0.555235430800456, 0.9975343534597855, 0.0, 0.0, 0.0, 0.5803292447694745, 0.44977702524442076, 0.4512624031775144, 0.4512624031775144, 0.555235430800456, 0.0, 0.0, 0.0, 0.7564069119894162, 0.0, 0.0, 0.0, 0.444764569199544, 0.07440911739482643, 0.07440911739482667, 0.07517123112169193, 0.2435930880105838, 0.0, 0.0, 0.0, 0.444764569199544, 0.17893850255691715, 0.1789385025569174, 0.18075233424682124, 0.7564069119894162, 0.0, 0.0, 0.0, 0.444764569199544, 0.0, 0.0, 0.0, 0.0, 0.0026198179707326032, 0.0026198179707326032, 0.003078065146739436, 0.555235430800456, 0.0, 0.0, 0.0, 0.555235430800456, 0.0, 0.0, 0.0, 0.555235430800456, 0.0, 0.0, 0.0, 0.555235430800456, 0.0, 0.0, 0.0, 0.444764569199544, 0.0, 0.0, 0.0, 0.444764569199544, 0.0, 0.0, 0.002336300127741015, 0.4214324733443509, 0.0, 0.0, 0.0, 0.444764569199544, 0.0, 0.0, 0.0, 0.555235430800456]

disc_lower_bound: [0.0, 0.0, 0.0, 0.0, 0.0, 0.0, 0.0, 0.0, 0.0, 0.0, 0.0, 0.0, 0.0, 0.0, 0.0, 0.0, 0.0, 0.0, 0.0, 0.0, 0.0, 0.0, 0.0, 0.0, 0.0, 0.0, 0.0, 0.0, 0.0, 0.0, 0.0, 0.0, 0.0, 0.0, 0.0, 0.0, 0.0, 0.0, 0.0, 0.0, 0.0, 0.0, 0.0, 0.0, 0.0, 0.0, 0.0, 0.0, 0.0, 0.0, 0.0, 0.0, 0.0, 0.0, 0.0, 0.0, 0.0, 0.0, 0.0, 0.0, 0.0, 0.0, 0.0, 0.0, 0.0, 0.0, 0.0, 0.0, 0.0, 0.0, 0.0, 0.0, 0.0, 0.0, 0.0, 0.0, 0.0, 0.0, 0.0, 0.0]

disc_upper_bound: [0.0, 0.0, 0.0, 1.0, 0.0, 0.0, 1.0, 1.0, 0.0, 0.0, 0.0, 1.0, 1.0, 1.0, 1.0, 1.0, 0.0, 0.0, 0.0, 1.0, 0.0, 0.0, 0.0, 1.0, 1.0, 1.0, 1.0, 1.0, 0.0, 0.0, 0.0, 1.0, 1.0, 1.0, 1.0, 1.0, 0.0, 0.0, 0.0, 1.0, 0.0, 0.0, 0.0, 0.0, 1.0, 1.0, 1.0, 1.0, 0.0, 0.0, 0.0, 1.0, 0.0, 0.0, 0.0, 1.0, 0.0, 0.0, 0.0, 1.0, 0.0, 0.0, 0.0, 1.0, 0.0, 0.0, 0.0, 1.0, 0.0, 0.0, 1.0, 1.0, 0.0, 0.0, 0.0, 1.0, 0.0, 0.0, 0.0, 1.0]

fix_disc_point: [1, 1, 1, 0, 1, 1, 0, 0, 1, 1, 1, 0, 0, 0, 0, 0, 1, 1, 1, 0, 1, 1, 1, 0, 0, 0, 0, 0, 1, 1, 1, 0, 0, 0, 0, 0, 1, 1, 1, 0, 1, 1, 1, 1, 0, 0, 0, 0, 1, 1, 1, 0, 1, 1, 1, 0, 1, 1, 1, 0, 1, 1, 1, 0, 1, 1, 1, 0, 1, 1, 0, 0, 1, 1, 1, 0, 1, 1, 1, 0]


Running Proximal Bundle Method MPBNGC.
Ending SP solves because bound converged with best_obj: -3.5112722191249506, bound: -3.511272243807587
MPBNGC terminated with `Failure in function or subgradient calculations (assigned by the user).`
Completed 0 restarts.  stalling_restart = false.  num_func_eval = 1  best_disc_bound: -3.511272243807587

Best found disc_points using mpbngc (without postprocessing): [0.0, 0.0, 0.0, 0.2435930880105838, 0.0, 0.0, 0.555235430800456, 0.9975343534597854, 0.0, 0.0, 0.0, 0.5803292447694745, 0.4497770252444208, 0.4512624031775144, 0.4512624031775144, 0.555235430800456, 0.0, 0.0, 0.0, 0.7564069119894162, 0.0, 0.0, 0.0, 0.444764569199544, 0.0744091173948264, 0.0744091173948267, 0.0751712311216919, 0.2435930880105838, 0.0, 0.0, 0.0, 0.444764569199544, 0.1789385025569172, 0.1789385025569174, 0.1807523342468212, 0.7564069119894162, 0.0, 0.0, 0.0, 0.444764569199544, 0.0, 0.0, 0.0, 0.0, 0.0026198179707326, 0.0026198179707326, 0.0030780651467394, 0.555235430800456, 0.0, 0.0, 0.0, 0.555235430800456, 0.0, 0.0, 0.0, 0.555235430800456, 0.0, 0.0, 0.0, 0.555235430800456, 0.0, 0.0, 0.0, 0.444764569199544, 0.0, 0.0, 0.0, 0.444764569199544, 0.0, 0.0, 0.002336300127741, 0.4214324733443509, 0.0, 0.0, 0.0, 0.444764569199544, 0.0, 0.0, 0.0, 0.555235430800456]  with bound: -3.511272243807587  in time: 11.67s

  Starting postprocessing to try and eliminate partitioning points that are not useful...
Time for postprocessing: 669.7s


Best found disc_points using mpbngc (with postprocessing): [0.0, 0.0, 0.0, 0.0, 0.0, 0.0, 0.0, 0.0, 0.0, 0.0, 0.0, 0.5803292447694745, 0.0, 0.0, 0.0, 0.555235430800456, 0.0, 0.0, 0.0, 0.0, 0.0, 0.0, 0.0, 0.0, 0.0, 0.0, 0.0751712311216919, 0.2435930880105838, 0.0, 0.0, 0.0, 0.444764569199544, 0.0, 0.0, 0.1807523342468212, 0.7564069119894162, 0.0, 0.0, 0.0, 0.444764569199544, 0.0, 0.0, 0.0, 0.0, 0.0, 0.0, 0.0026198179707326, 0.555235430800456, 0.0, 0.0, 0.0, 0.555235430800456, 0.0, 0.0, 0.0, 0.555235430800456, 0.0, 0.0, 0.0, 0.555235430800456, 0.0, 0.0, 0.0, 0.444764569199544, 0.0, 0.0, 0.0, 0.444764569199544, 0.0, 0.0, 0.0, 0.4214324733443509, 0.0, 0.0, 0.0, 0.444764569199544, 0.0, 0.0, 0.0, 0.555235430800456]  with bound: -3.511272243807587  in time: 681.39s. Excluded 62 discretization points
  Completed presolve in 12.22s
LOWER-BOUNDING ITERATIONS
====================================================================================================
| Iter   | Incumbent       | Best Incumbent      | Lower Bound        | Gap (%)         | Time      
| finish | -3.5113         | -3.5113             | -3.5113            | 0.0             | 13.74s           
Final UBD: -3.5112722191249506
Final LBD: -3.5112735726336357
====================================================================================================

*** Alpine ended with status OPTIMAL ***

 Total time for local solves: 3.24s

 Total time for solving max-min problems: 683.53s

 Total time excluding max-min time: 13.74s

