
PROBLEM STATISTICS
  Objective sense = Min
  # Variables = 120
  # Bin-Int Variables = 0
  # Constraints = 124
  # NL Constraints = 100
  # Linear Constraints = 24
  # Detected convex constraints = 0
  # Detected nonlinear terms = 100
  # Variables involved in nonlinear terms = 20
  # Potential variables for partitioning = 20
SUB-SOLVERS USED BY ALPINE
  NLP local solver = Ipopt
  MIP solver = Gurobi
ALPINE CONFIGURATION
  Maximum iterations (lower-bounding MIPs) =  1
  Relative global optimality gap = 0.01%
  Potential variables chosen for partitioning = All
  Discretization ratio = 10
  Bound-tightening presolve = false
PRESOLVE 
  Doing local search

Feasible solution found during presolve: [0.0, 1.0, 1.0, 1.0, 1.0, 0.0, 0.0, 0.0, 0.2684421124640874, 1.0, 0.0, 0.2688407131822808, 1.0, 0.9154006385317361, 1.0, 0.0, 0.0, 0.0, 0.0, 0.543088433964899, 0.0, 0.0, 0.0, 0.0, 0.0, 0.0, 0.0, 0.0, 0.0, 0.0, 1.0, 1.0, 0.0, 0.26884071224423545, 0.9154006353376986, 0.0, 0.0, 0.0, 0.5430884320699421, 0.0, 0.0, 0.0, 0.0, 0.0, 0.5430884377703918, 1.0, 0.0, 0.0, 1.0, 0.0, 0.2688407106476966, 1.0, 0.0, 0.0, 0.0, 0.0, 0.5430884288447542, 0.0, 0.0, 0.0, 1.0, 0.0, 0.0, 0.5430884386660502, 0.0, 0.0, 0.0, 0.0, 0.0, 0.0, 0.0, 0.0, 0.0, 0.0, 0.0, 0.0, 0.0, 0.0, 0.0, 0.0, 0.0, 0.0, 0.0, 0.0, 0.0, 0.0, 0.0, 0.2684421130770454, 0.0, 0.0, 0.0, 0.0, 1.0, 0.9154006082545367, 1.0, 0.0, 0.0, 0.0, 0.0, 0.0, 0.0, 0.0, 0.2460969605103872, 0.0, 0.0, 0.0, 1.0, 0.0, 0.0, 0.0, 0.0, 0.0, 0.0, 0.0, 0.0, 0.0, 0.0, 0.0, 0.0, 0.0]  :with objective: -4.283161050850625

  Local solver returns a feasible point with value -4.2832

  Fixed 43 discretization points based on bounding heuristic


Initial guess for SP: [0.0, 0.0, 0.0, 0.015917592289491966, 0.0, 0.0, 0.5, 0.8932822601196941, 0.0, 0.0, 0.0, 0.9535097800294454, 0.0, 0.0, 0.5, 0.8165803412285143, 0.0, 0.0, 0.0, 0.6723598615610029, 0.0, 0.0, 0.0, 0.5, 0.0, 0.0, 0.22003444690761956, 0.37847389386825886, 0.0, 0.0, 0.0, 0.5, 0.26844209277251574, 0.2716966520838305, 0.4119636121999469, 0.984082407710508, 0.0, 0.0, 0.0, 0.5, 0.0, 0.0, 0.0, 0.04649021997055453, 0.25598107296112316, 0.26884082668888004, 0.2906864257646926, 0.5, 0.0, 0.0, 0.0, 0.5, 0.0, 0.5, 0.9154003596645904, 0.9403044832377845, 0.0, 0.0, 0.0, 0.5, 0.0, 0.0, 0.10671773988030586, 0.5, 0.0, 0.0, 0.0, 0.5, 0.0, 0.0, 0.0, 0.5, 0.0, 0.015631603908337253, 0.17292550652791913, 0.5, 0.32707449347208084, 0.5, 0.5289091262855291, 0.54308857929946]

disc_lower_bound: [0.0, 0.0, 0.0, 0.0, 0.0, 0.0, 0.0, 0.0, 0.0, 0.0, 0.0, 0.0, 0.0, 0.0, 0.0, 0.0, 0.0, 0.0, 0.0, 0.0, 0.0, 0.0, 0.0, 0.0, 0.0, 0.0, 0.0, 0.0, 0.0, 0.0, 0.0, 0.0, 0.0, 0.0, 0.0, 0.0, 0.0, 0.0, 0.0, 0.0, 0.0, 0.0, 0.0, 0.0, 0.0, 0.0, 0.0, 0.0, 0.0, 0.0, 0.0, 0.0, 0.0, 0.0, 0.0, 0.0, 0.0, 0.0, 0.0, 0.0, 0.0, 0.0, 0.0, 0.0, 0.0, 0.0, 0.0, 0.0, 0.0, 0.0, 0.0, 0.0, 0.0, 0.0, 0.0, 0.0, 0.0, 0.0, 0.0, 0.0]

disc_upper_bound: [0.0, 0.0, 0.0, 1.0, 0.0, 0.0, 1.0, 1.0, 0.0, 0.0, 0.0, 1.0, 0.0, 0.0, 1.0, 1.0, 0.0, 0.0, 0.0, 1.0, 0.0, 0.0, 0.0, 1.0, 0.0, 0.0, 1.0, 1.0, 0.0, 0.0, 0.0, 1.0, 1.0, 1.0, 1.0, 1.0, 0.0, 0.0, 0.0, 1.0, 0.0, 0.0, 0.0, 1.0, 1.0, 1.0, 1.0, 1.0, 0.0, 0.0, 0.0, 1.0, 0.0, 1.0, 1.0, 1.0, 0.0, 0.0, 0.0, 1.0, 0.0, 0.0, 1.0, 1.0, 0.0, 0.0, 0.0, 1.0, 0.0, 0.0, 0.0, 1.0, 0.0, 1.0, 1.0, 1.0, 1.0, 1.0, 1.0, 1.0]

fix_disc_point: [1, 1, 1, 0, 1, 1, 0, 0, 1, 1, 1, 0, 1, 1, 0, 0, 1, 1, 1, 0, 1, 1, 1, 0, 1, 1, 0, 0, 1, 1, 1, 0, 0, 0, 0, 0, 1, 1, 1, 0, 1, 1, 1, 0, 0, 0, 0, 0, 1, 1, 1, 0, 1, 0, 0, 0, 1, 1, 1, 0, 1, 1, 0, 0, 1, 1, 1, 0, 1, 1, 1, 0, 1, 0, 0, 0, 0, 0, 0, 0]


Running Proximal Bundle Method MPBNGC.
Ending SP solves because bound converged with best_obj: -4.283161050850625, bound: -4.283161074590181
MPBNGC terminated with `Failure in function or subgradient calculations (assigned by the user).`
Completed 0 restarts.  stalling_restart = false.  num_func_eval = 1  best_disc_bound: -4.283161074590181

Best found disc_points using mpbngc (without postprocessing): [0.0, 0.0, 0.0, 0.015917592289492, 0.0, 0.0, 0.5, 0.8932822601196941, 0.0, 0.0, 0.0, 0.9535097800294454, 0.0, 0.0, 0.5, 0.8165803412285143, 0.0, 0.0, 0.0, 0.6723598615610029, 0.0, 0.0, 0.0, 0.5, 0.0, 0.0, 0.2200344469076196, 0.3784738938682588, 0.0, 0.0, 0.0, 0.5, 0.2684420927725158, 0.2716966520838305, 0.411963612199947, 0.984082407710508, 0.0, 0.0, 0.0, 0.5, 0.0, 0.0, 0.0, 0.0464902199705545, 0.2559810729611232, 0.26884082668888, 0.2906864257646926, 0.5, 0.0, 0.0, 0.0, 0.5, 0.0, 0.5, 0.9154003596645904, 0.9403044832377844, 0.0, 0.0, 0.0, 0.5, 0.0, 0.0, 0.1067177398803059, 0.5, 0.0, 0.0, 0.0, 0.5, 0.0, 0.0, 0.0, 0.5, 0.0, 0.0156316039083373, 0.1729255065279191, 0.5, 0.3270744934720808, 0.5, 0.5289091262855291, 0.54308857929946]  with bound: -4.283161074590181  in time: 13.01s

  Starting postprocessing to try and eliminate partitioning points that are not useful...
Time for postprocessing: 841.18s


Best found disc_points using mpbngc (with postprocessing): [0.0, 0.0, 0.0, 0.0, 0.0, 0.0, 0.0, 0.0, 0.0, 0.0, 0.0, 0.9535097800294454, 0.0, 0.0, 0.5, 0.8165803412285143, 0.0, 0.0, 0.0, 0.0, 0.0, 0.0, 0.0, 0.0, 0.0, 0.0, 0.0, 0.2200344469076196, 0.0, 0.0, 0.0, 0.0, 0.0, 0.0, 0.411963612199947, 0.984082407710508, 0.0, 0.0, 0.0, 0.5, 0.0, 0.0, 0.0, 0.0464902199705545, 0.0, 0.0, 0.2906864257646926, 0.5, 0.0, 0.0, 0.0, 0.0, 0.0, 0.0, 0.5, 0.9154003596645904, 0.0, 0.0, 0.0, 0.5, 0.0, 0.0, 0.1067177398803059, 0.5, 0.0, 0.0, 0.0, 0.5, 0.0, 0.0, 0.0, 0.5, 0.0, 0.0156316039083373, 0.1729255065279191, 0.5, 0.0, 0.0, 0.5, 0.54308857929946]  with bound: -4.283161074590181  in time: 854.21s. Excluded 58 discretization points
  Completed presolve in 13.1s
LOWER-BOUNDING ITERATIONS
====================================================================================================
| Iter   | Incumbent       | Best Incumbent      | Lower Bound        | Gap (%)         | Time      
| finish | -4.2832         | -4.2832             | -4.2832            | 0.0             | 14.75s           
Final UBD: -4.283161050850625
Final LBD: -4.283161074590191
====================================================================================================

*** Alpine ended with status OPTIMAL ***

 Total time for local solves: 3.3s

 Total time for solving max-min problems: 856.34s

 Total time excluding max-min time: 14.75s

