
PROBLEM STATISTICS
  Objective sense = Min
  # Variables = 120
  # Bin-Int Variables = 0
  # Constraints = 124
  # NL Constraints = 100
  # Linear Constraints = 24
  # Detected convex constraints = 0
  # Detected nonlinear terms = 100
  # Variables involved in nonlinear terms = 20
  # Potential variables for partitioning = 20
SUB-SOLVERS USED BY ALPINE
  NLP local solver = Ipopt
  MIP solver = Gurobi
ALPINE CONFIGURATION
  Maximum iterations (lower-bounding MIPs) =  1
  Relative global optimality gap = 0.01%
  Potential variables chosen for partitioning = All
  Discretization ratio = 10
  Bound-tightening presolve = false
PRESOLVE 
  Doing local search

Feasible solution found during presolve: [0.0, 1.0, 1.0, 0.451262422523001, 1.0, 0.0, 0.07440913246664158, 0.0, 0.17893850934984393, 1.0, 0.0, 0.002619826908735386, 1.0, 1.0, 1.0, 0.0, 0.0, 0.0, 0.0, 0.0, 0.0, 0.0, 0.0, 0.0, 0.0, 0.0, 0.0, 0.0, 0.0, 0.0, 1.0, 1.0, 0.0, 0.0026198268667540245, 1.0, 0.0, 0.0, 0.0, 0.0, 0.0, 0.0, 0.0, 0.0, 0.0, 0.0, 0.45126242608479245, 0.0, 0.0, 0.45126241829776653, 0.0, 0.0011822294374268733, 0.45126242502556185, 0.0, 0.0, 0.0, 0.0, 0.0, 0.0, 0.07440913305394908, 0.0, 1.0, 0.0, 0.0, 0.0, 0.0, 0.0, 0.0, 0.0, 0.0, 0.0, 0.0, 0.0, 0.0, 0.0133146592455959, 0.00019493904749177214, 0.07440913287929146, 0.0, 0.0, 0.0, 0.0, 0.0, 0.0, 0.0, 0.0, 0.0, 0.0, 0.0, 0.17893851034218117, 0.0, 0.0, 0.0, 0.0, 1.0, 1.0, 1.0, 0.0, 0.0, 0.0, 0.0, 0.0, 0.0, 0.0, 0.002619826919652436, 0.0, 0.0, 0.0, 1.0, 0.0, 0.0, 0.0, 0.0, 0.0, 0.0, 0.0, 0.0, 0.0, 0.0, 0.0, 0.0, 0.0]  :with objective: -3.2713966451077696

  Local solver returns a feasible point with value -3.2714

  Fixed 39 discretization points based on bounding heuristic


Initial guess for SP: [0.0, 0.0, 0.0, 0.08457357905588703, 0.0, 0.0, 0.5, 0.8853489660364428, 0.0, 0.0, 0.0, 0.5, 0.45126240317751304, 0.45126240317751304, 0.5, 0.6907547581840748, 0.0, 0.0, 0.0, 0.5608692243468811, 0.0, 0.0, 0.0, 0.5, 0.07440911739482715, 0.07440911739482749, 0.08457357905588699, 0.43381747018090167, 0.0, 0.0, 0.0, 0.5, 0.1789385025569169, 0.17893850255691718, 0.5661825298190983, 0.915426420944113, 0.0, 0.0, 0.5, 0.9834713723480463, 0.0, 0.0, 0.0, 0.0, 0.0026198179707318183, 0.002619817970732272, 0.1907547581840748, 0.5, 0.0, 0.0, 0.5, 0.9834713723480463, 0.0, 0.0, 0.5, 0.9834713723480463, 0.0, 0.0, 0.5, 0.8865897911744959, 0.0, 0.0, 0.11465103396355722, 0.5, 0.0, 0.0, 0.016528627651953846, 0.5, 0.0, 0.0, 0.015572117017430982, 0.47106503169336633, 0.0, 0.0, 0.27790027676183177, 0.4493202144840904, 0.0, 0.0, 0.11465103396355722, 0.5]

disc_lower_bound: [0.0, 0.0, 0.0, 0.0, 0.0, 0.0, 0.0, 0.0, 0.0, 0.0, 0.0, 0.0, 0.0, 0.0, 0.0, 0.0, 0.0, 0.0, 0.0, 0.0, 0.0, 0.0, 0.0, 0.0, 0.0, 0.0, 0.0, 0.0, 0.0, 0.0, 0.0, 0.0, 0.0, 0.0, 0.0, 0.0, 0.0, 0.0, 0.0, 0.0, 0.0, 0.0, 0.0, 0.0, 0.0, 0.0, 0.0, 0.0, 0.0, 0.0, 0.0, 0.0, 0.0, 0.0, 0.0, 0.0, 0.0, 0.0, 0.0, 0.0, 0.0, 0.0, 0.0, 0.0, 0.0, 0.0, 0.0, 0.0, 0.0, 0.0, 0.0, 0.0, 0.0, 0.0, 0.0, 0.0, 0.0, 0.0, 0.0, 0.0]

disc_upper_bound: [0.0, 0.0, 0.0, 1.0, 0.0, 0.0, 1.0, 1.0, 0.0, 0.0, 0.0, 1.0, 1.0, 1.0, 1.0, 1.0, 0.0, 0.0, 0.0, 1.0, 0.0, 0.0, 0.0, 1.0, 1.0, 1.0, 1.0, 1.0, 0.0, 0.0, 0.0, 1.0, 1.0, 1.0, 1.0, 1.0, 0.0, 0.0, 1.0, 1.0, 0.0, 0.0, 0.0, 0.0, 1.0, 1.0, 1.0, 1.0, 0.0, 0.0, 1.0, 1.0, 0.0, 0.0, 1.0, 1.0, 0.0, 0.0, 1.0, 1.0, 0.0, 0.0, 1.0, 1.0, 0.0, 0.0, 1.0, 1.0, 0.0, 0.0, 1.0, 1.0, 0.0, 0.0, 1.0, 1.0, 0.0, 0.0, 1.0, 1.0]

fix_disc_point: [1, 1, 1, 0, 1, 1, 0, 0, 1, 1, 1, 0, 0, 0, 0, 0, 1, 1, 1, 0, 1, 1, 1, 0, 0, 0, 0, 0, 1, 1, 1, 0, 0, 0, 0, 0, 1, 1, 0, 0, 1, 1, 1, 1, 0, 0, 0, 0, 1, 1, 0, 0, 1, 1, 0, 0, 1, 1, 0, 0, 1, 1, 0, 0, 1, 1, 0, 0, 1, 1, 0, 0, 1, 1, 0, 0, 1, 1, 0, 0]


Running Proximal Bundle Method MPBNGC.
Ending SP solves because bound converged with best_obj: -3.2713966451077696, bound: -3.2713966718428593
MPBNGC terminated with `Failure in function or subgradient calculations (assigned by the user).`
Completed 0 restarts.  stalling_restart = false.  num_func_eval = 1  best_disc_bound: -3.2713966718428593

Best found disc_points using mpbngc (without postprocessing): [0.0, 0.0, 0.0, 0.084573579055887, 0.0, 0.0, 0.5, 0.8853489660364428, 0.0, 0.0, 0.0, 0.5, 0.451262403177513, 0.451262403177513, 0.5, 0.6907547581840748, 0.0, 0.0, 0.0, 0.5608692243468811, 0.0, 0.0, 0.0, 0.5, 0.0744091173948272, 0.0744091173948275, 0.084573579055887, 0.4338174701809016, 0.0, 0.0, 0.0, 0.5, 0.1789385025569169, 0.1789385025569172, 0.5661825298190983, 0.915426420944113, 0.0, 0.0, 0.5, 0.9834713723480462, 0.0, 0.0, 0.0, 0.0, 0.0026198179707318, 0.0026198179707323, 0.1907547581840748, 0.5, 0.0, 0.0, 0.5, 0.9834713723480462, 0.0, 0.0, 0.5, 0.9834713723480462, 0.0, 0.0, 0.5, 0.8865897911744959, 0.0, 0.0, 0.1146510339635572, 0.5, 0.0, 0.0, 0.0165286276519538, 0.5, 0.0, 0.0, 0.015572117017431, 0.4710650316933663, 0.0, 0.0, 0.2779002767618318, 0.4493202144840904, 0.0, 0.0, 0.1146510339635572, 0.5]  with bound: -3.2713966718428593  in time: 12.71s

  Starting postprocessing to try and eliminate partitioning points that are not useful...
Time for postprocessing: 751.56s


Best found disc_points using mpbngc (with postprocessing): [0.0, 0.0, 0.0, 0.0, 0.0, 0.0, 0.0, 0.0, 0.0, 0.0, 0.0, 0.0, 0.0, 0.0, 0.0, 0.6907547581840748, 0.0, 0.0, 0.0, 0.0, 0.0, 0.0, 0.0, 0.0, 0.0, 0.0, 0.0, 0.4338174701809016, 0.0, 0.0, 0.0, 0.0, 0.0, 0.0, 0.1789385025569172, 0.5661825298190983, 0.0, 0.0, 0.5, 0.9834713723480462, 0.0, 0.0, 0.0, 0.0, 0.0, 0.0026198179707323, 0.1907547581840748, 0.5, 0.0, 0.0, 0.0, 0.5, 0.0, 0.0, 0.5, 0.9834713723480462, 0.0, 0.0, 0.5, 0.8865897911744959, 0.0, 0.0, 0.1146510339635572, 0.5, 0.0, 0.0, 0.0, 0.5, 0.0, 0.0, 0.015572117017431, 0.4710650316933663, 0.0, 0.0, 0.0, 0.2779002767618318, 0.0, 0.0, 0.1146510339635572, 0.5]  with bound: -3.2713966718428593  in time: 764.28s. Excluded 58 discretization points
  Completed presolve in 12.95s
LOWER-BOUNDING ITERATIONS
====================================================================================================
| Iter   | Incumbent       | Best Incumbent      | Lower Bound        | Gap (%)         | Time      
| finish | -3.2714         | -3.2714             | -3.2714            | 0.0             | 14.69s           
Final UBD: -3.2713966451077696
Final LBD: -3.271396671842911
====================================================================================================

*** Alpine ended with status OPTIMAL ***

 Total time for local solves: 3.31s

 Total time for solving max-min problems: 766.58s

 Total time excluding max-min time: 14.69s

