
PROBLEM STATISTICS
  Objective sense = Min
  # Variables = 120
  # Bin-Int Variables = 0
  # Constraints = 124
  # NL Constraints = 100
  # Linear Constraints = 24
  # Detected convex constraints = 0
  # Detected nonlinear terms = 100
  # Variables involved in nonlinear terms = 20
  # Potential variables for partitioning = 20
SUB-SOLVERS USED BY ALPINE
  NLP local solver = Ipopt
  MIP solver = Gurobi
ALPINE CONFIGURATION
  Maximum iterations (lower-bounding MIPs) =  1
  Relative global optimality gap = 0.01%
  Potential variables chosen for partitioning = All
  Discretization ratio = 10
  Bound-tightening presolve = false
PRESOLVE 
  Doing local search

Feasible solution found during presolve: [0.0, 1.0, 1.0, 0.45126241311253923, 1.0, 0.0, 0.0744091231677389, 0.0, 0.17893849762396508, 1.0, 0.0, 0.0026198209952406986, 1.0, 1.0, 1.0, 0.0, 0.0, 0.0, 0.0, 0.0, 0.0, 0.0, 0.0, 0.0, 0.0, 0.0, 0.0, 0.0, 0.0, 0.0, 1.0, 1.0, 0.0, 0.0026198209622199857, 1.0, 0.0, 0.0, 0.0, 0.0, 0.0, 0.0, 0.0, 0.0, 0.0, 0.0, 0.4512624168395526, 0.0, 0.0, 0.4512624100403132, 0.0, 0.0011822267442352019, 0.4512624160657288, 0.0, 0.0, 0.0, 0.0, 0.0, 0.0, 0.07440912378228996, 0.0, 1.0, 0.0, 0.0, 0.0, 0.0, 0.0, 0.0, 0.0, 0.0, 0.0, 0.0, 0.0, 0.0, 0.01331465670915176, 0.00019493858311230562, 0.07440912365469338, 0.0, 0.0, 0.0, 0.0, 0.0, 0.0, 0.0, 0.0, 0.0, 0.0, 0.0, 0.1789384987949895, 0.0, 0.0, 0.0, 0.0, 1.0, 1.0, 1.0, 0.0, 0.0, 0.0, 0.0, 0.0, 0.0, 0.0, 0.0026198210099179237, 0.0, 0.0, 0.0, 1.0, 0.0, 0.0, 0.0, 0.0, 0.0, 0.0, 0.0, 0.0, 0.0, 0.0, 0.0, 0.0, 0.0]  :with objective: -4.053754828397974

  Local solver returns a feasible point with value -4.0538

  Fixed 38 discretization points based on bounding heuristic


Initial guess for SP: [0.0, 0.0, 0.0, 0.0100717420079528, 0.0, 0.0, 0.5, 0.8251895508929358, 0.0, 0.0, 0.0, 0.5, 0.4512624031775142, 0.451262403177515, 0.5, 0.7009811247237335, 0.0, 0.0, 0.0, 0.5, 0.0, 0.0, 0.0, 0.5, 0.07440911739482693, 0.07440911739482693, 0.11026906163356562, 0.4679073110223432, 0.0, 0.0, 0.0, 0.5, 0.17893850255691726, 0.17893850255691726, 0.5920144686179515, 0.9899282579920472, 0.0, 0.0, 0.5, 0.989932754709022, 0.0, 0.0, 0.0, 0.13024101342807234, 0.0026198179707323083, 0.0026198179707327125, 0.20098112472373353, 0.5, 0.0, 0.0, 0.5, 0.989932754709022, 0.0, 0.0, 0.5, 0.9899327547090219, 0.0, 0.0, 0.5, 0.8979901622941711, 0.0, 0.0, 0.10200983770582892, 0.5, 0.0, 0.0, 0.01006724529097816, 0.5, 0.0, 0.0, 0.007697589490756705, 0.38230862903752666, 0.0, 0.0, 0.3251895508929358, 0.5, 0.0, 0.0, 0.10200983770582892, 0.5]

disc_lower_bound: [0.0, 0.0, 0.0, 0.0, 0.0, 0.0, 0.0, 0.0, 0.0, 0.0, 0.0, 0.0, 0.0, 0.0, 0.0, 0.0, 0.0, 0.0, 0.0, 0.0, 0.0, 0.0, 0.0, 0.0, 0.0, 0.0, 0.0, 0.0, 0.0, 0.0, 0.0, 0.0, 0.0, 0.0, 0.0, 0.0, 0.0, 0.0, 0.0, 0.0, 0.0, 0.0, 0.0, 0.0, 0.0, 0.0, 0.0, 0.0, 0.0, 0.0, 0.0, 0.0, 0.0, 0.0, 0.0, 0.0, 0.0, 0.0, 0.0, 0.0, 0.0, 0.0, 0.0, 0.0, 0.0, 0.0, 0.0, 0.0, 0.0, 0.0, 0.0, 0.0, 0.0, 0.0, 0.0, 0.0, 0.0, 0.0, 0.0, 0.0]

disc_upper_bound: [0.0, 0.0, 0.0, 1.0, 0.0, 0.0, 1.0, 1.0, 0.0, 0.0, 0.0, 1.0, 1.0, 1.0, 1.0, 1.0, 0.0, 0.0, 0.0, 1.0, 0.0, 0.0, 0.0, 1.0, 1.0, 1.0, 1.0, 1.0, 0.0, 0.0, 0.0, 1.0, 1.0, 1.0, 1.0, 1.0, 0.0, 0.0, 1.0, 1.0, 0.0, 0.0, 0.0, 1.0, 1.0, 1.0, 1.0, 1.0, 0.0, 0.0, 1.0, 1.0, 0.0, 0.0, 1.0, 1.0, 0.0, 0.0, 1.0, 1.0, 0.0, 0.0, 1.0, 1.0, 0.0, 0.0, 1.0, 1.0, 0.0, 0.0, 1.0, 1.0, 0.0, 0.0, 1.0, 1.0, 0.0, 0.0, 1.0, 1.0]

fix_disc_point: [1, 1, 1, 0, 1, 1, 0, 0, 1, 1, 1, 0, 0, 0, 0, 0, 1, 1, 1, 0, 1, 1, 1, 0, 0, 0, 0, 0, 1, 1, 1, 0, 0, 0, 0, 0, 1, 1, 0, 0, 1, 1, 1, 0, 0, 0, 0, 0, 1, 1, 0, 0, 1, 1, 0, 0, 1, 1, 0, 0, 1, 1, 0, 0, 1, 1, 0, 0, 1, 1, 0, 0, 1, 1, 0, 0, 1, 1, 0, 0]


Running Proximal Bundle Method MPBNGC.
Ending SP solves because bound converged with best_obj: -4.053754828397974, bound: -4.053754817721531
MPBNGC terminated with `Failure in function or subgradient calculations (assigned by the user).`
Completed 0 restarts.  stalling_restart = false.  num_func_eval = 1  best_disc_bound: -4.053754817721531

Best found disc_points using mpbngc (without postprocessing): [0.0, 0.0, 0.0, 0.0100717420079528, 0.0, 0.0, 0.5, 0.8251895508929358, 0.0, 0.0, 0.0, 0.5, 0.4512624031775142, 0.451262403177515, 0.5, 0.7009811247237335, 0.0, 0.0, 0.0, 0.5, 0.0, 0.0, 0.0, 0.5, 0.0744091173948269, 0.0744091173948269, 0.1102690616335656, 0.4679073110223432, 0.0, 0.0, 0.0, 0.5, 0.1789385025569172, 0.1789385025569172, 0.5920144686179515, 0.9899282579920472, 0.0, 0.0, 0.5, 0.989932754709022, 0.0, 0.0, 0.0, 0.1302410134280724, 0.0026198179707323, 0.0026198179707327, 0.2009811247237335, 0.5, 0.0, 0.0, 0.5, 0.989932754709022, 0.0, 0.0, 0.5, 0.9899327547090218, 0.0, 0.0, 0.5, 0.8979901622941711, 0.0, 0.0, 0.1020098377058289, 0.5, 0.0, 0.0, 0.0100672452909782, 0.5, 0.0, 0.0, 0.0076975894907567, 0.3823086290375266, 0.0, 0.0, 0.3251895508929358, 0.5, 0.0, 0.0, 0.1020098377058289, 0.5]  with bound: -4.053754817721531  in time: 17.58s

  Starting postprocessing to try and eliminate partitioning points that are not useful...
Time for postprocessing: 742.8s


Best found disc_points using mpbngc (with postprocessing): [0.0, 0.0, 0.0, 0.0, 0.0, 0.0, 0.0, 0.0, 0.0, 0.0, 0.0, 0.0, 0.0, 0.0, 0.0, 0.0, 0.0, 0.0, 0.0, 0.0, 0.0, 0.0, 0.0, 0.0, 0.0, 0.0, 0.0, 0.1102690616335656, 0.0, 0.0, 0.0, 0.5, 0.0, 0.0, 0.1789385025569172, 0.5920144686179515, 0.0, 0.0, 0.0, 0.5, 0.0, 0.0, 0.0, 0.1302410134280724, 0.0, 0.0026198179707327, 0.2009811247237335, 0.5, 0.0, 0.0, 0.0, 0.0, 0.0, 0.0, 0.0, 0.5, 0.0, 0.0, 0.0, 0.5, 0.0, 0.0, 0.1020098377058289, 0.5, 0.0, 0.0, 0.0, 0.5, 0.0, 0.0, 0.0076975894907567, 0.3823086290375266, 0.0, 0.0, 0.0, 0.5, 0.0, 0.0, 0.1020098377058289, 0.5]  with bound: -4.053754817721531  in time: 760.4s. Excluded 61 discretization points
  Completed presolve in 12.3s
LOWER-BOUNDING ITERATIONS
====================================================================================================
| Iter   | Incumbent       | Best Incumbent      | Lower Bound        | Gap (%)         | Time      
| finish | -4.0538         | -4.0538             | -4.0538            | 0.0             | 14.15s           
Final UBD: -4.053754828397974
Final LBD: -4.053754817721532
====================================================================================================

*** Alpine ended with status OPTIMAL ***

 Total time for local solves: 3.16s

 Total time for solving max-min problems: 762.62s

 Total time excluding max-min time: 14.15s

