
PROBLEM STATISTICS
  Objective sense = Min
  # Variables = 120
  # Bin-Int Variables = 0
  # Constraints = 124
  # NL Constraints = 100
  # Linear Constraints = 24
  # Detected convex constraints = 0
  # Detected nonlinear terms = 100
  # Variables involved in nonlinear terms = 20
  # Potential variables for partitioning = 20
SUB-SOLVERS USED BY ALPINE
  NLP local solver = Ipopt
  MIP solver = Gurobi
ALPINE CONFIGURATION
  Maximum iterations (lower-bounding MIPs) =  1
  Relative global optimality gap = 0.01%
  Potential variables chosen for partitioning = All
  Discretization ratio = 10
  Bound-tightening presolve = false
PRESOLVE 
  Doing local search

Feasible solution found during presolve: [0.0, 1.0, 1.0, 1.0, 1.0, 0.0, 0.0, 0.0, 0.2684420854054472, 1.0, 0.0, 0.2688408324553767, 1.0, 0.9154004275297394, 1.0, 0.0, 0.0, 0.0, 0.0, 0.5430885681111436, 0.0, 0.0, 0.0, 0.0, 0.0, 0.0, 0.0, 0.0, 0.0, 0.0, 1.0, 1.0, 0.0, 0.2688408317194141, 0.9154004250237937, 0.0, 0.0, 0.0, 0.5430885666244167, 0.0, 0.0, 0.0, 0.0, 0.0, 0.543088572234411, 1.0, 0.0, 0.0, 1.0, 0.0, 0.26884083131463177, 1.0, 0.0, 0.0, 0.0, 0.0, 0.543088565806711, 0.0, 0.0, 0.0, 1.0, 0.0, 0.0, 0.543088572962491, 0.0, 0.0, 0.0, 0.0, 0.0, 0.0, 0.0, 0.0, 0.0, 0.0, 0.0, 0.0, 0.0, 0.0, 0.0, 0.0, 0.0, 0.0, 0.0, 0.0, 0.0, 0.0, 0.0, 0.26844208728293967, 0.0, 0.0, 0.0, 0.0, 1.0, 0.9154003985425324, 1.0, 0.0, 0.0, 0.0, 0.0, 0.0, 0.0, 0.0, 0.24609701296710285, 0.0, 0.0, 0.0, 1.0, 0.0, 0.0, 0.0, 0.0, 0.0, 0.0, 0.0, 0.0, 0.0, 0.0, 0.0, 0.0, 0.0]  :with objective: -5.3500628708827005

  Local solver returns a feasible point with value -5.3501

  Fixed 37 discretization points based on bounding heuristic


Initial guess for SP: [0.0, 0.0, 0.0, 0.11740255983833026, 0.0, 0.0, 0.5261951561822394, 0.8711075170957054, 0.0, 0.0, 0.0, 0.7279629269601338, 0.0, 0.0, 0.5, 0.8639814634800669, 0.0, 0.0, 0.0, 0.7810412939681928, 0.0, 0.0, 0.0, 0.47380484381776056, 0.0, 0.0, 0.13739529500298542, 0.47380484381776056, 0.0, 0.0, 0.0, 0.48802692995097935, 0.26844209277251585, 0.28870759917158717, 0.6266592891651923, 0.8825974401616697, 0.0, 0.0, 0.47380484381776056, 0.9970133976760548, 0.0, 0.0, 0.0, 0.2720370730398662, 0.2688408266888799, 0.31289608293084664, 0.5, 0.6449914419361992, 0.0, 0.0, 0.5, 0.9971620773311423, 0.5, 0.8639814634800669, 0.9154003596645909, 0.9491007980462136, 0.0, 0.0, 0.0, 0.5261951561822394, 0.0, 0.048232576864324805, 0.1288924829042946, 0.47380484381776056, 0.0, 0.0, 0.0028379226688577466, 0.5, 0.0, 0.0, 0.13601853651993312, 0.5, 0.0, 0.006672350592270427, 0.04419295897164328, 0.5, 0.5, 0.5430885792994598, 0.5550582323530967, 0.8639814634800668]

disc_lower_bound: [0.0, 0.0, 0.0, 0.0, 0.0, 0.0, 0.0, 0.0, 0.0, 0.0, 0.0, 0.0, 0.0, 0.0, 0.0, 0.0, 0.0, 0.0, 0.0, 0.0, 0.0, 0.0, 0.0, 0.0, 0.0, 0.0, 0.0, 0.0, 0.0, 0.0, 0.0, 0.0, 0.0, 0.0, 0.0, 0.0, 0.0, 0.0, 0.0, 0.0, 0.0, 0.0, 0.0, 0.0, 0.0, 0.0, 0.0, 0.0, 0.0, 0.0, 0.0, 0.0, 0.0, 0.0, 0.0, 0.0, 0.0, 0.0, 0.0, 0.0, 0.0, 0.0, 0.0, 0.0, 0.0, 0.0, 0.0, 0.0, 0.0, 0.0, 0.0, 0.0, 0.0, 0.0, 0.0, 0.0, 0.0, 0.0, 0.0, 0.0]

disc_upper_bound: [0.0, 0.0, 0.0, 1.0, 0.0, 0.0, 1.0, 1.0, 0.0, 0.0, 0.0, 1.0, 0.0, 0.0, 1.0, 1.0, 0.0, 0.0, 0.0, 1.0, 0.0, 0.0, 0.0, 1.0, 0.0, 0.0, 1.0, 1.0, 0.0, 0.0, 0.0, 1.0, 1.0, 1.0, 1.0, 1.0, 0.0, 0.0, 1.0, 1.0, 0.0, 0.0, 0.0, 1.0, 1.0, 1.0, 1.0, 1.0, 0.0, 0.0, 1.0, 1.0, 1.0, 1.0, 1.0, 1.0, 0.0, 0.0, 0.0, 1.0, 0.0, 1.0, 1.0, 1.0, 0.0, 0.0, 1.0, 1.0, 0.0, 0.0, 1.0, 1.0, 0.0, 1.0, 1.0, 1.0, 1.0, 1.0, 1.0, 1.0]

fix_disc_point: [1, 1, 1, 0, 1, 1, 0, 0, 1, 1, 1, 0, 1, 1, 0, 0, 1, 1, 1, 0, 1, 1, 1, 0, 1, 1, 0, 0, 1, 1, 1, 0, 0, 0, 0, 0, 1, 1, 0, 0, 1, 1, 1, 0, 0, 0, 0, 0, 1, 1, 0, 0, 0, 0, 0, 0, 1, 1, 1, 0, 1, 0, 0, 0, 1, 1, 0, 0, 1, 1, 0, 0, 1, 0, 0, 0, 0, 0, 0, 0]


Running Proximal Bundle Method MPBNGC.
Ending SP solves because bound converged with best_obj: -5.3500628708827005, bound: -5.350062869077105
MPBNGC terminated with `Failure in function or subgradient calculations (assigned by the user).`
Completed 0 restarts.  stalling_restart = false.  num_func_eval = 1  best_disc_bound: -5.350062869077105

Best found disc_points using mpbngc (without postprocessing): [0.0, 0.0, 0.0, 0.1174025598383302, 0.0, 0.0, 0.5261951561822394, 0.8711075170957054, 0.0, 0.0, 0.0, 0.7279629269601338, 0.0, 0.0, 0.5, 0.8639814634800669, 0.0, 0.0, 0.0, 0.7810412939681928, 0.0, 0.0, 0.0, 0.4738048438177606, 0.0, 0.0, 0.1373952950029854, 0.4738048438177606, 0.0, 0.0, 0.0, 0.4880269299509793, 0.2684420927725158, 0.2887075991715872, 0.6266592891651923, 0.8825974401616697, 0.0, 0.0, 0.4738048438177606, 0.9970133976760548, 0.0, 0.0, 0.0, 0.2720370730398662, 0.2688408266888798, 0.3128960829308466, 0.5, 0.6449914419361992, 0.0, 0.0, 0.5, 0.9971620773311421, 0.5, 0.8639814634800669, 0.9154003596645908, 0.9491007980462136, 0.0, 0.0, 0.0, 0.5261951561822394, 0.0, 0.0482325768643248, 0.1288924829042946, 0.4738048438177606, 0.0, 0.0, 0.0028379226688577, 0.5, 0.0, 0.0, 0.1360185365199331, 0.5, 0.0, 0.0066723505922704, 0.0441929589716433, 0.5, 0.5, 0.5430885792994598, 0.5550582323530967, 0.8639814634800668]  with bound: -5.350062869077105  in time: 16.32s

  Starting postprocessing to try and eliminate partitioning points that are not useful...
Time for postprocessing: 1236.21s


Best found disc_points using mpbngc (with postprocessing): [0.0, 0.0, 0.0, 0.0, 0.0, 0.0, 0.0, 0.0, 0.0, 0.0, 0.0, 0.0, 0.0, 0.0, 0.0, 0.0, 0.0, 0.0, 0.0, 0.0, 0.0, 0.0, 0.0, 0.0, 0.0, 0.0, 0.0, 0.0, 0.0, 0.0, 0.0, 0.4880269299509793, 0.0, 0.0, 0.2887075991715872, 0.6266592891651923, 0.0, 0.0, 0.0, 0.0, 0.0, 0.0, 0.0, 0.2720370730398662, 0.0, 0.2688408266888798, 0.5, 0.6449914419361992, 0.0, 0.0, 0.0, 0.5, 0.0, 0.0, 0.5, 0.8639814634800669, 0.0, 0.0, 0.0, 0.5261951561822394, 0.0, 0.0482325768643248, 0.1288924829042946, 0.4738048438177606, 0.0, 0.0, 0.0, 0.0, 0.0, 0.0, 0.1360185365199331, 0.5, 0.0, 0.0066723505922704, 0.0441929589716433, 0.5, 0.0, 0.5, 0.5550582323530967, 0.8639814634800668]  with bound: -5.350062869077105  in time: 1252.55s. Excluded 58 discretization points
  Completed presolve in 14.21s
LOWER-BOUNDING ITERATIONS
====================================================================================================
| Iter   | Incumbent       | Best Incumbent      | Lower Bound        | Gap (%)         | Time      
| finish | -5.3501         | -5.3501             | -5.3501            | 0.0             | 16.26s           
Final UBD: -5.3500628708827005
Final LBD: -5.350062869077096
====================================================================================================

*** Alpine ended with status OPTIMAL ***

 Total time for local solves: 3.16s

 Total time for solving max-min problems: 1254.78s

 Total time excluding max-min time: 16.26s

