
PROBLEM STATISTICS
  Objective sense = Min
  # Variables = 120
  # Bin-Int Variables = 0
  # Constraints = 124
  # NL Constraints = 100
  # Linear Constraints = 24
  # Detected convex constraints = 0
  # Detected nonlinear terms = 100
  # Variables involved in nonlinear terms = 20
  # Potential variables for partitioning = 20
SUB-SOLVERS USED BY ALPINE
  NLP local solver = Ipopt
  MIP solver = Gurobi
ALPINE CONFIGURATION
  Maximum iterations (lower-bounding MIPs) =  1
  Relative global optimality gap = 0.01%
  Potential variables chosen for partitioning = All
  Discretization ratio = 10
  Bound-tightening presolve = false
PRESOLVE 
  Doing local search

Feasible solution found during presolve: [0.0, 1.0, 1.0, 1.0, 1.0, 0.0, 0.0, 0.0, 0.2794978544018313, 1.0, 0.0, 0.22515609765011294, 1.0, 1.0, 1.0, 0.0, 0.0, 0.0, 0.05310073922157978, 0.49492080224122453, 0.0, 0.0, 0.0, 0.0, 0.0, 0.0, 0.0, 0.0, 0.0, 0.0, 1.0, 1.0, 0.0, 0.22515609682089477, 1.0, 0.0, 0.0, 0.053100739026017245, 0.49492080041850095, 0.0, 0.0, 0.0, 0.0, 0.0, 0.4949208061633763, 1.0, 0.0, 0.0, 1.0, 0.0, 0.22515609555728827, 1.0, 0.0, 0.0, 0.0, 0.05310073872800871, 0.4949207976409385, 0.0, 0.0, 0.0, 1.0, 0.0, 0.053100739698099315, 0.4949208066825832, 0.0, 0.0, 0.0, 0.0, 0.0, 0.0, 0.0, 0.0, 0.0, 0.0, 0.0, 0.0, 0.0, 0.0, 0.0, 0.0, 0.0, 0.0, 0.0, 0.0, 0.0, 0.0, 0.0, 0.279497855011591, 0.0, 0.0, 0.0, 0.0, 1.0, 1.0, 1.0, 0.0, 0.0, 0.053100738270636376, 0.0, 0.0, 0.0, 0.0, 0.22515609440884846, 0.0, 0.0, 0.011955955225467201, 1.0, 0.0, 0.0, 0.0, 0.0, 0.0, 0.05310073845716105, 0.0, 0.0, 0.0, 0.0, 0.0, 0.0, 0.026280660455146324]  :with objective: -5.281771360596078

  Local solver returns a feasible point with value -5.2818

  Fixed 44 discretization points based on bounding heuristic


Initial guess for SP: [0.0, 0.0, 0.0, 0.0, 0.0, 0.0, 0.5020229855736255, 0.8986072101263551, 0.0, 0.0, 0.0, 0.9180887771708267, 0.0, 0.0, 0.49797701442637454, 0.8358710612366763, 0.0, 0.0, 0.0, 0.6431894411925025, 0.0, 0.0, 0.0, 0.49797701442637454, 0.0, 0.0, 0.20745493048754307, 0.3568105588074975, 0.0, 0.0, 0.0, 0.5020229855736255, 0.0, 0.27180162133079444, 0.2794978742128173, 0.41858522578232654, 0.0, 0.0, 0.0, 0.49797701442637454, 0.0, 0.0, 0.0, 0.08191122282917325, 0.22515607155294062, 0.2555663075395038, 0.2895311934083017, 0.49797701442637454, 0.0, 0.0, 0.0, 0.5020229855736255, 0.0, 0.0, 0.49797701442637454, 0.9411077155183223, 0.0, 0.0, 0.5020229855736255, 0.9823232400979538, 0.0, 0.0, 0.10139278987364486, 0.49797701442637454, 0.0, 0.0, 0.0, 0.49797701442637454, 0.0, 0.0, 0.0, 0.4841922516044452, 0.016135769767410983, 0.05310076721327946, 0.16280616875129617, 0.49797701442637454, 0.3378940468103018, 0.49492078806578066, 0.5020229855736255, 0.5284517966249339]

disc_lower_bound: [0.0, 0.0, 0.0, 0.0, 0.0, 0.0, 0.0, 0.0, 0.0, 0.0, 0.0, 0.0, 0.0, 0.0, 0.0, 0.0, 0.0, 0.0, 0.0, 0.0, 0.0, 0.0, 0.0, 0.0, 0.0, 0.0, 0.0, 0.0, 0.0, 0.0, 0.0, 0.0, 0.0, 0.0, 0.0, 0.0, 0.0, 0.0, 0.0, 0.0, 0.0, 0.0, 0.0, 0.0, 0.0, 0.0, 0.0, 0.0, 0.0, 0.0, 0.0, 0.0, 0.0, 0.0, 0.0, 0.0, 0.0, 0.0, 0.0, 0.0, 0.0, 0.0, 0.0, 0.0, 0.0, 0.0, 0.0, 0.0, 0.0, 0.0, 0.0, 0.0, 0.0, 0.0, 0.0, 0.0, 0.0, 0.0, 0.0, 0.0]

disc_upper_bound: [0.0, 0.0, 0.0, 0.0, 0.0, 0.0, 1.0, 1.0, 0.0, 0.0, 0.0, 1.0, 0.0, 0.0, 1.0, 1.0, 0.0, 0.0, 0.0, 1.0, 0.0, 0.0, 0.0, 1.0, 0.0, 0.0, 1.0, 1.0, 0.0, 0.0, 0.0, 1.0, 0.0, 1.0, 1.0, 1.0, 0.0, 0.0, 0.0, 1.0, 0.0, 0.0, 0.0, 1.0, 1.0, 1.0, 1.0, 1.0, 0.0, 0.0, 0.0, 1.0, 0.0, 0.0, 1.0, 1.0, 0.0, 0.0, 1.0, 1.0, 0.0, 0.0, 1.0, 1.0, 0.0, 0.0, 0.0, 1.0, 0.0, 0.0, 0.0, 1.0, 1.0, 1.0, 1.0, 1.0, 1.0, 1.0, 1.0, 1.0]

fix_disc_point: [1, 1, 1, 1, 1, 1, 0, 0, 1, 1, 1, 0, 1, 1, 0, 0, 1, 1, 1, 0, 1, 1, 1, 0, 1, 1, 0, 0, 1, 1, 1, 0, 1, 0, 0, 0, 1, 1, 1, 0, 1, 1, 1, 0, 0, 0, 0, 0, 1, 1, 1, 0, 1, 1, 0, 0, 1, 1, 0, 0, 1, 1, 0, 0, 1, 1, 1, 0, 1, 1, 1, 0, 0, 0, 0, 0, 0, 0, 0, 0]


Running Proximal Bundle Method MPBNGC.
Ending SP solves because bound converged with best_obj: -5.281771360596078, bound: -5.281771312291435
MPBNGC terminated with `Failure in function or subgradient calculations (assigned by the user).`
Completed 0 restarts.  stalling_restart = false.  num_func_eval = 1  best_disc_bound: -5.281771312291435

Best found disc_points using mpbngc (without postprocessing): [0.0, 0.0, 0.0, 0.0, 0.0, 0.0, 0.5020229855736255, 0.8986072101263551, 0.0, 0.0, 0.0, 0.9180887771708268, 0.0, 0.0, 0.4979770144263745, 0.8358710612366763, 0.0, 0.0, 0.0, 0.6431894411925025, 0.0, 0.0, 0.0, 0.4979770144263745, 0.0, 0.0, 0.2074549304875431, 0.3568105588074975, 0.0, 0.0, 0.0, 0.5020229855736255, 0.0, 0.2718016213307944, 0.2794978742128173, 0.4185852257823266, 0.0, 0.0, 0.0, 0.4979770144263745, 0.0, 0.0, 0.0, 0.0819112228291732, 0.2251560715529406, 0.2555663075395038, 0.2895311934083017, 0.4979770144263745, 0.0, 0.0, 0.0, 0.5020229855736255, 0.0, 0.0, 0.4979770144263745, 0.9411077155183222, 0.0, 0.0, 0.5020229855736255, 0.9823232400979538, 0.0, 0.0, 0.1013927898736449, 0.4979770144263745, 0.0, 0.0, 0.0, 0.4979770144263745, 0.0, 0.0, 0.0, 0.4841922516044452, 0.016135769767411, 0.0531007672132795, 0.1628061687512962, 0.4979770144263745, 0.3378940468103018, 0.4949207880657807, 0.5020229855736255, 0.5284517966249339]  with bound: -5.281771312291435  in time: 14.03s

  Starting postprocessing to try and eliminate partitioning points that are not useful...
Time for postprocessing: 1022.91s


Best found disc_points using mpbngc (with postprocessing): [0.0, 0.0, 0.0, 0.0, 0.0, 0.0, 0.0, 0.0, 0.0, 0.0, 0.0, 0.0, 0.0, 0.0, 0.4979770144263745, 0.8358710612366763, 0.0, 0.0, 0.0, 0.0, 0.0, 0.0, 0.0, 0.0, 0.0, 0.0, 0.0, 0.3568105588074975, 0.0, 0.0, 0.0, 0.0, 0.0, 0.0, 0.0, 0.4185852257823266, 0.0, 0.0, 0.0, 0.4979770144263745, 0.0, 0.0, 0.0, 0.0819112228291732, 0.0, 0.0, 0.2251560715529406, 0.4979770144263745, 0.0, 0.0, 0.0, 0.5020229855736255, 0.0, 0.0, 0.4979770144263745, 0.9411077155183222, 0.0, 0.0, 0.0, 0.5020229855736255, 0.0, 0.0, 0.1013927898736449, 0.4979770144263745, 0.0, 0.0, 0.0, 0.4979770144263745, 0.0, 0.0, 0.0, 0.4841922516044452, 0.0, 0.0, 0.0531007672132795, 0.1628061687512962, 0.0, 0.0, 0.3378940468103018, 0.5284517966249339]  with bound: -5.281771312291435  in time: 1036.95s. Excluded 60 discretization points
  Completed presolve in 12.25s
LOWER-BOUNDING ITERATIONS
====================================================================================================
| Iter   | Incumbent       | Best Incumbent      | Lower Bound        | Gap (%)         | Time      
| finish | -5.2818         | -5.2818             | -5.2818            | 0.0             | 14.17s           
Final UBD: -5.281771360596078
Final LBD: -5.281771312291435
====================================================================================================

*** Alpine ended with status OPTIMAL ***

 Total time for local solves: 3.16s

 Total time for solving max-min problems: 1039.09s

 Total time excluding max-min time: 14.17s

