
PROBLEM STATISTICS
  Objective sense = Min
  # Variables = 120
  # Bin-Int Variables = 0
  # Constraints = 124
  # NL Constraints = 100
  # Linear Constraints = 24
  # Detected convex constraints = 0
  # Detected nonlinear terms = 100
  # Variables involved in nonlinear terms = 20
  # Potential variables for partitioning = 20
SUB-SOLVERS USED BY ALPINE
  NLP local solver = Ipopt
  MIP solver = Gurobi
ALPINE CONFIGURATION
  Maximum iterations (lower-bounding MIPs) =  1
  Relative global optimality gap = 0.01%
  Potential variables chosen for partitioning = All
  Discretization ratio = 10
  Bound-tightening presolve = false
PRESOLVE 
  Doing local search

Feasible solution found during presolve: [0.0, 1.0, 1.0, 1.0, 1.0, 0.0, 0.0, 0.0, 0.3376627242498988, 1.0, 0.0, 0.45052361164052107, 1.0, 1.0, 1.0, 0.17687208354259182, 0.0, 0.0, 0.0, 0.6091770284700718, 0.0, 0.0, 0.0, 0.0, 0.0, 0.0, 0.0, 0.0, 0.0, 0.0, 1.0, 1.0, 0.0, 0.4505236078125442, 1.0, 0.1768720820397577, 0.0, 0.0, 0.60917702329406, 0.0, 0.0, 0.17687208481446498, 0.0, 0.0, 0.6091770328506156, 1.0, 0.0, 0.0, 1.0, 0.0, 0.4505236103042361, 1.0, 0.17687208301797672, 0.0, 0.0, 0.0, 0.6091770266632096, 0.0, 0.0, 0.0, 1.0, 0.0, 0.0, 0.6091770338270899, 0.0, 0.0, 0.0, 0.0, 0.0, 0.0, 0.0, 0.0, 0.0, 0.0, 0.0, 0.0, 0.0, 0.0, 0.0, 0.0, 0.0, 0.0, 0.0, 0.0, 0.0, 0.0, 0.0, 0.3376627265037655, 0.059723109572747235, 0.0, 0.0, 0.0, 1.0, 1.0, 1.0, 0.17687207645886663, 0.0, 0.0, 0.0, 0.0, 0.0, 0.0, 0.4505236119216457, 0.0796850498759924, 0.0, 0.0, 1.0, 0.17687208293787673, 0.0, 0.17687208365295917, 0.0, 0.0, 0.0, 0.1768720847231962, 0.0, 0.0, 0.10774641027178637, 0.0, 0.0, 0.0]  :with objective: -4.0972650906130665

  Local solver returns a feasible point with value -4.0973

  Fixed 42 discretization points based on bounding heuristic


Initial guess for SP: [0.0, 0.0, 0.03423528013087976, 0.441854694827565, 0.0, 0.0, 0.558145305172435, 0.8986577443417985, 0.0, 0.0, 0.0, 0.7735663770593834, 0.0, 0.0, 0.558145305172435, 0.8436395581805841, 0.0, 0.0, 0.0, 0.7176389543046213, 0.0, 0.0, 0.0, 0.441854694827565, 0.0, 0.011706638892113805, 0.22860053329063976, 0.441854694827565, 0.0, 0.0, 0.0, 0.441854694827565, 0.33766273455616114, 0.35402226136956433, 0.4314555865393462, 0.893959935637557, 0.0, 0.0, 0.0, 0.441854694827565, 0.0, 0.0, 0.0, 0.22643362294061664, 0.36063275740997947, 0.4505235998958647, 0.4872065299246188, 0.558145305172435, 0.0, 0.0, 0.0, 0.441854694827565, 0.0, 0.0, 0.0, 0.558145305172435, 0.0, 0.0, 0.0, 0.558145305172435, 0.15636044181941589, 0.1768720744654425, 0.20759808948693073, 0.441854694827565, 0.0, 0.0, 0.0, 0.441854694827565, 0.0, 0.0, 0.0, 0.441854694827565, 0.0, 0.0, 0.15636044181941589, 0.441854694827565, 0.36063275740997947, 0.558145305172435, 0.6091770156536902, 0.6237048302607826]

disc_lower_bound: [0.0, 0.0, 0.0, 0.0, 0.0, 0.0, 0.0, 0.0, 0.0, 0.0, 0.0, 0.0, 0.0, 0.0, 0.0, 0.0, 0.0, 0.0, 0.0, 0.0, 0.0, 0.0, 0.0, 0.0, 0.0, 0.0, 0.0, 0.0, 0.0, 0.0, 0.0, 0.0, 0.0, 0.0, 0.0, 0.0, 0.0, 0.0, 0.0, 0.0, 0.0, 0.0, 0.0, 0.0, 0.0, 0.0, 0.0, 0.0, 0.0, 0.0, 0.0, 0.0, 0.0, 0.0, 0.0, 0.0, 0.0, 0.0, 0.0, 0.0, 0.0, 0.0, 0.0, 0.0, 0.0, 0.0, 0.0, 0.0, 0.0, 0.0, 0.0, 0.0, 0.0, 0.0, 0.0, 0.0, 0.0, 0.0, 0.0, 0.0]

disc_upper_bound: [0.0, 0.0, 1.0, 1.0, 0.0, 0.0, 1.0, 1.0, 0.0, 0.0, 0.0, 1.0, 0.0, 0.0, 1.0, 1.0, 0.0, 0.0, 0.0, 1.0, 0.0, 0.0, 0.0, 1.0, 0.0, 1.0, 1.0, 1.0, 0.0, 0.0, 0.0, 1.0, 1.0, 1.0, 1.0, 1.0, 0.0, 0.0, 0.0, 1.0, 0.0, 0.0, 0.0, 1.0, 1.0, 1.0, 1.0, 1.0, 0.0, 0.0, 0.0, 1.0, 0.0, 0.0, 0.0, 1.0, 0.0, 0.0, 0.0, 1.0, 1.0, 1.0, 1.0, 1.0, 0.0, 0.0, 0.0, 1.0, 0.0, 0.0, 0.0, 1.0, 0.0, 0.0, 1.0, 1.0, 1.0, 1.0, 1.0, 1.0]

fix_disc_point: [1, 1, 0, 0, 1, 1, 0, 0, 1, 1, 1, 0, 1, 1, 0, 0, 1, 1, 1, 0, 1, 1, 1, 0, 1, 0, 0, 0, 1, 1, 1, 0, 0, 0, 0, 0, 1, 1, 1, 0, 1, 1, 1, 0, 0, 0, 0, 0, 1, 1, 1, 0, 1, 1, 1, 0, 1, 1, 1, 0, 0, 0, 0, 0, 1, 1, 1, 0, 1, 1, 1, 0, 1, 1, 0, 0, 0, 0, 0, 0]


Running Proximal Bundle Method MPBNGC.
Ending SP solves because bound converged with best_obj: -4.0972650906130665, bound: -4.0972651175512205
MPBNGC terminated with `Failure in function or subgradient calculations (assigned by the user).`
Completed 0 restarts.  stalling_restart = false.  num_func_eval = 1  best_disc_bound: -4.0972651175512205

Best found disc_points using mpbngc (without postprocessing): [0.0, 0.0, 0.0342352801308798, 0.441854694827565, 0.0, 0.0, 0.558145305172435, 0.8986577443417985, 0.0, 0.0, 0.0, 0.7735663770593834, 0.0, 0.0, 0.558145305172435, 0.8436395581805841, 0.0, 0.0, 0.0, 0.7176389543046213, 0.0, 0.0, 0.0, 0.441854694827565, 0.0, 0.0117066388921138, 0.2286005332906398, 0.441854694827565, 0.0, 0.0, 0.0, 0.441854694827565, 0.3376627345561612, 0.3540222613695644, 0.4314555865393462, 0.893959935637557, 0.0, 0.0, 0.0, 0.441854694827565, 0.0, 0.0, 0.0, 0.2264336229406166, 0.3606327574099794, 0.4505235998958647, 0.4872065299246188, 0.558145305172435, 0.0, 0.0, 0.0, 0.441854694827565, 0.0, 0.0, 0.0, 0.558145305172435, 0.0, 0.0, 0.0, 0.558145305172435, 0.1563604418194159, 0.1768720744654425, 0.2075980894869307, 0.441854694827565, 0.0, 0.0, 0.0, 0.441854694827565, 0.0, 0.0, 0.0, 0.441854694827565, 0.0, 0.0, 0.1563604418194159, 0.441854694827565, 0.3606327574099794, 0.558145305172435, 0.6091770156536902, 0.6237048302607826]  with bound: -4.0972651175512205  in time: 15.27s

  Starting postprocessing to try and eliminate partitioning points that are not useful...
Time for postprocessing: 1067.87s


Best found disc_points using mpbngc (with postprocessing): [0.0, 0.0, 0.0, 0.0, 0.0, 0.0, 0.0, 0.8986577443417985, 0.0, 0.0, 0.0, 0.0, 0.0, 0.0, 0.0, 0.0, 0.0, 0.0, 0.0, 0.0, 0.0, 0.0, 0.0, 0.441854694827565, 0.0, 0.0, 0.0117066388921138, 0.2286005332906398, 0.0, 0.0, 0.0, 0.0, 0.0, 0.3376627345561612, 0.4314555865393462, 0.893959935637557, 0.0, 0.0, 0.0, 0.441854694827565, 0.0, 0.0, 0.0, 0.2264336229406166, 0.0, 0.0, 0.3606327574099794, 0.558145305172435, 0.0, 0.0, 0.0, 0.441854694827565, 0.0, 0.0, 0.0, 0.558145305172435, 0.0, 0.0, 0.0, 0.558145305172435, 0.0, 0.1563604418194159, 0.1768720744654425, 0.441854694827565, 0.0, 0.0, 0.0, 0.441854694827565, 0.0, 0.0, 0.0, 0.441854694827565, 0.0, 0.0, 0.0, 0.441854694827565, 0.0, 0.0, 0.558145305172435, 0.6237048302607826]  with bound: -4.0972651175512205  in time: 1083.16s. Excluded 58 discretization points
  Completed presolve in 12.68s
LOWER-BOUNDING ITERATIONS
====================================================================================================
| Iter   | Incumbent       | Best Incumbent      | Lower Bound        | Gap (%)         | Time      
| finish | -4.0973         | -4.0973             | -4.0973            | 0.0             | 14.58s           
Final UBD: -4.0972650906130665
Final LBD: -4.097265117551219
====================================================================================================

*** Alpine ended with status OPTIMAL ***

 Total time for local solves: 3.23s

 Total time for solving max-min problems: 1085.46s

 Total time excluding max-min time: 14.58s

