
PROBLEM STATISTICS
  Objective sense = Min
  # Variables = 120
  # Bin-Int Variables = 0
  # Constraints = 124
  # NL Constraints = 100
  # Linear Constraints = 24
  # Detected convex constraints = 0
  # Detected nonlinear terms = 100
  # Variables involved in nonlinear terms = 20
  # Potential variables for partitioning = 20
SUB-SOLVERS USED BY ALPINE
  NLP local solver = Ipopt
  MIP solver = Gurobi
ALPINE CONFIGURATION
  Maximum iterations (lower-bounding MIPs) =  1
  Relative global optimality gap = 0.01%
  Potential variables chosen for partitioning = All
  Discretization ratio = 10
  Bound-tightening presolve = false
PRESOLVE 
  Doing local search

Feasible solution found during presolve: [0.0, 1.0, 1.0, 1.0, 1.0, 0.0, 0.0, 0.0, 0.2794978531288336, 1.0, 0.0, 0.22515614001863246, 1.0, 1.0, 1.0, 0.0, 0.0, 0.0, 0.05310070011994904, 0.4949208275418002, 0.0, 0.0, 0.0, 0.0, 0.0, 0.0, 0.0, 0.0, 0.0, 0.0, 1.0, 1.0, 0.0, 0.22515613888703978, 1.0, 0.0, 0.0, 0.053100699853074834, 0.49492082505442064, 0.0, 0.0, 0.0, 0.0, 0.0, 0.4949208309435281, 1.0, 0.0, 0.0, 1.0, 0.0, 0.225156135413088, 1.0, 0.0, 0.0, 0.0, 0.05310069903377996, 0.4949208174182483, 0.0, 0.0, 0.0, 1.0, 0.0, 0.053100700575865814, 0.4949208317911361, 0.0, 0.0, 0.0, 0.0, 0.0, 0.0, 0.0, 0.0, 0.0, 0.0, 0.0, 0.0, 0.0, 0.0, 0.0, 0.0, 0.0, 0.0, 0.0, 0.0, 0.0, 0.0, 0.0, 0.2794978532276544, 0.0, 0.0, 0.0, 0.0, 1.0, 1.0, 1.0, 0.0, 0.0, 0.05310069879055219, 0.0, 0.0, 0.0, 0.0, 0.22515612553576794, 0.0, 0.0, 0.01195594867129466, 1.0, 0.0, 0.0, 0.0, 0.0, 0.0, 0.05310069670431824, 0.0, 0.0, 0.0, 0.0, 0.0, 0.0, 0.026280642446414145]  :with objective: -3.858512901542126

  Local solver returns a feasible point with value -3.8585

  Fixed 41 discretization points based on bounding heuristic


Initial guess for SP: [0.0, 0.0, 0.0, 0.005202748160977544, 0.0, 0.0, 0.5, 0.8926021864782472, 0.0, 0.0, 0.0, 0.9213663990740353, 0.0, 0.5, 0.8195994399279009, 0.9714867416995843, 0.0, 0.0, 0.0, 0.645651821005503, 0.0, 0.0, 0.0, 0.5, 0.0, 0.0, 0.2092445228329767, 0.354348178994497, 0.0, 0.0, 0.0, 0.5, 0.2712218983479722, 0.27152502612842316, 0.40736407561308935, 0.9947972518390225, 0.0, 0.0, 0.0, 0.5, 0.0, 0.0, 0.0, 0.07863360092596469, 0.2171013177840215, 0.25785696936996916, 0.29525271362580685, 0.5, 0.0, 0.0, 0.0, 0.5, 0.0, 0.5, 0.9366716332652716, 0.9947836505864719, 0.0, 0.0, 0.0, 0.5, 0.0, 0.0, 0.10739781352175282, 0.5, 0.0, 0.0, 0.0, 0.5, 0.0, 0.0, 0.0, 0.4753357486345088, 0.01335136820111243, 0.0440207570946171, 0.164934700433632, 0.5, 0.335065299566368, 0.47393120224080065, 0.5, 0.5309775317582419]

disc_lower_bound: [0.0, 0.0, 0.0, 0.0, 0.0, 0.0, 0.0, 0.0, 0.0, 0.0, 0.0, 0.0, 0.0, 0.0, 0.0, 0.0, 0.0, 0.0, 0.0, 0.0, 0.0, 0.0, 0.0, 0.0, 0.0, 0.0, 0.0, 0.0, 0.0, 0.0, 0.0, 0.0, 0.0, 0.0, 0.0, 0.0, 0.0, 0.0, 0.0, 0.0, 0.0, 0.0, 0.0, 0.0, 0.0, 0.0, 0.0, 0.0, 0.0, 0.0, 0.0, 0.0, 0.0, 0.0, 0.0, 0.0, 0.0, 0.0, 0.0, 0.0, 0.0, 0.0, 0.0, 0.0, 0.0, 0.0, 0.0, 0.0, 0.0, 0.0, 0.0, 0.0, 0.0, 0.0, 0.0, 0.0, 0.0, 0.0, 0.0, 0.0]

disc_upper_bound: [0.0, 0.0, 0.0, 1.0, 0.0, 0.0, 1.0, 1.0, 0.0, 0.0, 0.0, 1.0, 0.0, 1.0, 1.0, 1.0, 0.0, 0.0, 0.0, 1.0, 0.0, 0.0, 0.0, 1.0, 0.0, 0.0, 1.0, 1.0, 0.0, 0.0, 0.0, 1.0, 1.0, 1.0, 1.0, 1.0, 0.0, 0.0, 0.0, 1.0, 0.0, 0.0, 0.0, 1.0, 1.0, 1.0, 1.0, 1.0, 0.0, 0.0, 0.0, 1.0, 0.0, 1.0, 1.0, 1.0, 0.0, 0.0, 0.0, 1.0, 0.0, 0.0, 1.0, 1.0, 0.0, 0.0, 0.0, 1.0, 0.0, 0.0, 0.0, 1.0, 1.0, 1.0, 1.0, 1.0, 1.0, 1.0, 1.0, 1.0]

fix_disc_point: [1, 1, 1, 0, 1, 1, 0, 0, 1, 1, 1, 0, 1, 0, 0, 0, 1, 1, 1, 0, 1, 1, 1, 0, 1, 1, 0, 0, 1, 1, 1, 0, 0, 0, 0, 0, 1, 1, 1, 0, 1, 1, 1, 0, 0, 0, 0, 0, 1, 1, 1, 0, 1, 0, 0, 0, 1, 1, 1, 0, 1, 1, 0, 0, 1, 1, 1, 0, 1, 1, 1, 0, 0, 0, 0, 0, 0, 0, 0, 0]


Running Proximal Bundle Method MPBNGC.
Ending SP solves because bound converged with best_obj: -3.858512901542126, bound: -3.8585161318244747
MPBNGC terminated with `Failure in function or subgradient calculations (assigned by the user).`
Completed 0 restarts.  stalling_restart = false.  num_func_eval = 4  best_disc_bound: -3.8585161318244747

Best found disc_points using mpbngc (without postprocessing): [-0.0, -0.0, 0.0, 0.0052027481609775, 0.0, 0.0, 0.5, 0.8926021864782472, 0.0, 0.0, 0.0, 0.9213663990740352, 0.0, 0.5, 0.8195994399279009, 0.9714867416995842, 0.0, 0.0, 0.0, 0.645651821005503, 0.0, -0.0, -0.0, 0.5, 0.0, 0.0, 0.2092445228329767, 0.354348178994497, 1.0e-16, 0.0, 0.0, 0.5, 0.2712218983479722, 0.2715250261284232, 0.4073640756130894, 0.9947972518390223, 0.0, 0.0, 0.0, 0.5, -0.0, -0.0, 0.0, 0.0786336009259647, 0.2176049153887955, 0.2576756365299264, 0.2952527136258068, 0.5, 0.0, 0.0, 0.0, 0.5, 0.0, 0.5, 0.9366716332652716, 0.9947836505864718, 0.0, 0.0, 0.0, 0.5, 0.0, 1.0e-16, 0.1073978135217528, 0.5, 0.0, 0.0, -0.0, 0.5, 0.0, -0.0, -0.0, 0.4753357486345088, 0.0133513682011124, 0.0534964222963536, 0.164934700433632, 0.5, 0.335065299566368, 0.4774679029258685, 0.4987265229748429, 0.5309775317582419]  with bound: -3.8585161318244743  in time: 27.38s

  Starting postprocessing to try and eliminate partitioning points that are not useful...
Time for postprocessing: 1178.5s


Best found disc_points using mpbngc (with postprocessing): [0.0, 0.0, 0.0, 0.0, 0.0, 0.0, 0.0, 0.0, 0.0, 0.0, 0.0, 0.0, 0.0, 0.0, 0.5, 0.9714867416995842, 0.0, 0.0, 0.0, 0.0, 0.0, 0.0, 0.0, 0.0, 0.0, 0.0, 0.0, 0.354348178994497, 0.0, 0.0, 0.0, 0.0, 0.0, 0.0, 0.0, 0.4073640756130894, 0.0, 0.0, 0.0, 0.5, 0.0, 0.0, 0.0, 0.0786336009259647, 0.0, 0.2176049153887955, 0.2952527136258068, 0.5, 0.0, 0.0, 0.0, 0.5, 0.0, 0.0, 0.5, 0.9366716332652716, 0.0, 0.0, 0.0, 0.5, 0.0, 0.0, 0.1073978135217528, 0.5, 0.0, 0.0, 0.0, 0.0, 0.0, 0.0, 0.0, 0.4753357486345088, 0.0, 0.0534964222963536, 0.164934700433632, 0.5, 0.0, 0.0, 0.335065299566368, 0.4987265229748429]  with bound: -3.8585161318244743  in time: 1205.89s. Excluded 59 discretization points
  Completed presolve in 12.11s
LOWER-BOUNDING ITERATIONS
====================================================================================================
| Iter   | Incumbent       | Best Incumbent      | Lower Bound        | Gap (%)         | Time      
| finish | -3.8585         | -3.8585             | -3.8585            | 0.0             | 13.66s           
Final UBD: -3.858512901542126
Final LBD: -3.8585181702425486
====================================================================================================

*** Alpine ended with status OPTIMAL ***

 Total time for local solves: 3.13s

 Total time for solving max-min problems: 1208.11s

 Total time excluding max-min time: 13.66s

 Iter:   0  Nfun:   1  f1(x) =  3.858706         Eps = 0.1036199E-03
 Iter:   1  Nfun:   2  f1(x) =  3.858527         Eps = 0.6297848E-04
 Iter:   2  Nfun:   3  f1(x) =  3.858527         Eps = 0.1561088E-04
