
PROBLEM STATISTICS
  Objective sense = Min
  # Variables = 120
  # Bin-Int Variables = 0
  # Constraints = 124
  # NL Constraints = 100
  # Linear Constraints = 24
  # Detected convex constraints = 0
  # Detected nonlinear terms = 100
  # Variables involved in nonlinear terms = 20
  # Potential variables for partitioning = 20
SUB-SOLVERS USED BY ALPINE
  NLP local solver = Ipopt
  MIP solver = Gurobi
ALPINE CONFIGURATION
  Maximum iterations (lower-bounding MIPs) =  1
  Relative global optimality gap = 0.01%
  Potential variables chosen for partitioning = All
  Discretization ratio = 10
  Bound-tightening presolve = false
PRESOLVE 
  Doing local search

Feasible solution found during presolve: [0.0, 1.0, 1.0, 1.0, 1.0, 0.0, 0.0, 0.0, 0.27949785346034756, 1.0, 0.0, 0.2251560948035035, 1.0, 1.0, 1.0, 0.0, 0.0, 0.0, 0.053100739025298334, 0.4949208006232555, 0.0, 0.0, 0.0, 0.0, 0.0, 0.0, 0.0, 0.0, 0.0, 0.0, 1.0, 1.0, 0.0, 0.22515609398361677, 1.0, 0.0, 0.0, 0.05310073883193653, 0.4949207988210436, 0.0, 0.0, 0.0, 0.0, 0.0, 0.4949208045381299, 1.0, 0.0, 0.0, 1.0, 0.0, 0.22515609253037297, 1.0, 0.0, 0.0, 0.0, 0.053100738489203984, 0.4949207956266349, 0.0, 0.0, 0.0, 1.0, 0.0, 0.05310073950197238, 0.49492080506605435, 0.0, 0.0, 0.0, 0.0, 0.0, 0.0, 0.0, 0.0, 0.0, 0.0, 0.0, 0.0, 0.0, 0.0, 0.0, 0.0, 0.0, 0.0, 0.0, 0.0, 0.0, 0.0, 0.0, 0.27949785408980743, 0.0, 0.0, 0.0, 0.0, 1.0, 1.0, 1.0, 0.0, 0.0, 0.053100738084584424, 0.0, 0.0, 0.0, 0.0, 0.2251560912614641, 0.0, 0.0, 0.01195595503011617, 1.0, 0.0, 0.0, 0.0, 0.0, 0.0, 0.053100738189944936, 0.0, 0.0, 0.0, 0.0, 0.0, 0.0, 0.026280660272087197]  :with objective: -5.331795667116404

  Local solver returns a feasible point with value -5.3318

  Fixed 45 discretization points based on bounding heuristic


Initial guess for SP: [0.0, 0.0, 0.0, 0.0, 0.0, 0.0, 0.5020229855736251, 0.9146384672245618, 0.0, 0.0, 0.0, 0.9180887771708272, 0.0, 0.0, 0.4979770144263749, 0.8394635810106593, 0.0, 0.0, 0.0, 0.6431894411925028, 0.0, 0.0, 0.0, 0.4979770144263748, 0.0, 0.0, 0.19263990951339205, 0.3568105588074973, 0.0, 0.0, 0.0, 0.5020229855736251, 0.0, 0.2740689948322481, 0.27949787421281747, 0.3908106008507813, 0.0, 0.0, 0.0, 0.4979770144263748, 0.0, 0.0, 0.0, 0.08191122282917289, 0.22515607155294065, 0.24660722520348236, 0.2688548436443588, 0.4979770144263748, 0.0, 0.0, 0.0, 0.5020229855736251, 0.0, 0.0, 0.4979770144263749, 0.9584578217740212, 0.0, 0.0, 0.0, 0.5020229855736251, 0.0, 0.0, 0.08536153277543823, 0.4979770144263748, 0.0, 0.0, 0.0, 0.4979770144263749, 0.0, 0.0, 0.0, 0.48419225160444396, 0.02702593371795346, 0.05310076721327945, 0.1592426022957254, 0.4979770144263748, 0.34148656658428445, 0.4949207880657807, 0.5020229855736251, 0.5185733114127824]

disc_lower_bound: [0.0, 0.0, 0.0, 0.0, 0.0, 0.0, 0.0, 0.0, 0.0, 0.0, 0.0, 0.0, 0.0, 0.0, 0.0, 0.0, 0.0, 0.0, 0.0, 0.0, 0.0, 0.0, 0.0, 0.0, 0.0, 0.0, 0.0, 0.0, 0.0, 0.0, 0.0, 0.0, 0.0, 0.0, 0.0, 0.0, 0.0, 0.0, 0.0, 0.0, 0.0, 0.0, 0.0, 0.0, 0.0, 0.0, 0.0, 0.0, 0.0, 0.0, 0.0, 0.0, 0.0, 0.0, 0.0, 0.0, 0.0, 0.0, 0.0, 0.0, 0.0, 0.0, 0.0, 0.0, 0.0, 0.0, 0.0, 0.0, 0.0, 0.0, 0.0, 0.0, 0.0, 0.0, 0.0, 0.0, 0.0, 0.0, 0.0, 0.0]

disc_upper_bound: [0.0, 0.0, 0.0, 0.0, 0.0, 0.0, 1.0, 1.0, 0.0, 0.0, 0.0, 1.0, 0.0, 0.0, 1.0, 1.0, 0.0, 0.0, 0.0, 1.0, 0.0, 0.0, 0.0, 1.0, 0.0, 0.0, 1.0, 1.0, 0.0, 0.0, 0.0, 1.0, 0.0, 1.0, 1.0, 1.0, 0.0, 0.0, 0.0, 1.0, 0.0, 0.0, 0.0, 1.0, 1.0, 1.0, 1.0, 1.0, 0.0, 0.0, 0.0, 1.0, 0.0, 0.0, 1.0, 1.0, 0.0, 0.0, 0.0, 1.0, 0.0, 0.0, 1.0, 1.0, 0.0, 0.0, 0.0, 1.0, 0.0, 0.0, 0.0, 1.0, 1.0, 1.0, 1.0, 1.0, 1.0, 1.0, 1.0, 1.0]

fix_disc_point: [1, 1, 1, 1, 1, 1, 0, 0, 1, 1, 1, 0, 1, 1, 0, 0, 1, 1, 1, 0, 1, 1, 1, 0, 1, 1, 0, 0, 1, 1, 1, 0, 1, 0, 0, 0, 1, 1, 1, 0, 1, 1, 1, 0, 0, 0, 0, 0, 1, 1, 1, 0, 1, 1, 0, 0, 1, 1, 1, 0, 1, 1, 0, 0, 1, 1, 1, 0, 1, 1, 1, 0, 0, 0, 0, 0, 0, 0, 0, 0]


Running Proximal Bundle Method MPBNGC.
Ending SP solves because bound converged with best_obj: -5.331795667116404, bound: -5.331795617404291
MPBNGC terminated with `Failure in function or subgradient calculations (assigned by the user).`
Completed 0 restarts.  stalling_restart = false.  num_func_eval = 1  best_disc_bound: -5.331795617404291

Best found disc_points using mpbngc (without postprocessing): [0.0, 0.0, 0.0, 0.0, 0.0, 0.0, 0.5020229855736251, 0.9146384672245618, 0.0, 0.0, 0.0, 0.9180887771708272, 0.0, 0.0, 0.4979770144263749, 0.8394635810106593, 0.0, 0.0, 0.0, 0.6431894411925028, 0.0, 0.0, 0.0, 0.4979770144263748, 0.0, 0.0, 0.192639909513392, 0.3568105588074973, 0.0, 0.0, 0.0, 0.5020229855736251, 0.0, 0.2740689948322481, 0.2794978742128174, 0.3908106008507813, 0.0, 0.0, 0.0, 0.4979770144263748, 0.0, 0.0, 0.0, 0.0819112228291729, 0.2251560715529406, 0.2466072252034824, 0.2688548436443588, 0.4979770144263748, 0.0, 0.0, 0.0, 0.5020229855736251, 0.0, 0.0, 0.4979770144263749, 0.9584578217740212, 0.0, 0.0, 0.0, 0.5020229855736251, 0.0, 0.0, 0.0853615327754382, 0.4979770144263748, 0.0, 0.0, 0.0, 0.4979770144263749, 0.0, 0.0, 0.0, 0.484192251604444, 0.0270259337179535, 0.0531007672132794, 0.1592426022957254, 0.4979770144263748, 0.3414865665842844, 0.4949207880657807, 0.5020229855736251, 0.5185733114127824]  with bound: -5.331795617404291  in time: 13.17s

  Starting postprocessing to try and eliminate partitioning points that are not useful...
Time for postprocessing: 899.01s


Best found disc_points using mpbngc (with postprocessing): [0.0, 0.0, 0.0, 0.0, 0.0, 0.0, 0.0, 0.0, 0.0, 0.0, 0.0, 0.9180887771708272, 0.0, 0.0, 0.0, 0.4979770144263749, 0.0, 0.0, 0.0, 0.0, 0.0, 0.0, 0.0, 0.0, 0.0, 0.0, 0.0, 0.3568105588074973, 0.0, 0.0, 0.0, 0.0, 0.0, 0.0, 0.0, 0.3908106008507813, 0.0, 0.0, 0.0, 0.4979770144263748, 0.0, 0.0, 0.0, 0.0819112228291729, 0.0, 0.0, 0.2251560715529406, 0.4979770144263748, 0.0, 0.0, 0.0, 0.5020229855736251, 0.0, 0.0, 0.0, 0.4979770144263749, 0.0, 0.0, 0.0, 0.5020229855736251, 0.0, 0.0, 0.0853615327754382, 0.4979770144263748, 0.0, 0.0, 0.0, 0.4979770144263749, 0.0, 0.0, 0.0, 0.484192251604444, 0.0, 0.0270259337179535, 0.1592426022957254, 0.4979770144263748, 0.0, 0.3414865665842844, 0.4949207880657807, 0.5185733114127824]  with bound: -5.331795617404291  in time: 912.19s. Excluded 59 discretization points
  Completed presolve in 12.26s
LOWER-BOUNDING ITERATIONS
====================================================================================================
| Iter   | Incumbent       | Best Incumbent      | Lower Bound        | Gap (%)         | Time      
| finish | -5.3318         | -5.3318             | -5.3318            | 0.0             | 13.97s           
Final UBD: -5.331795667116404
Final LBD: -5.331795617404309
====================================================================================================

*** Alpine ended with status OPTIMAL ***

 Total time for local solves: 3.13s

 Total time for solving max-min problems: 914.34s

 Total time excluding max-min time: 13.97s

