
PROBLEM STATISTICS
  Objective sense = Min
  # Variables = 120
  # Bin-Int Variables = 0
  # Constraints = 124
  # NL Constraints = 100
  # Linear Constraints = 24
  # Detected convex constraints = 0
  # Detected nonlinear terms = 100
  # Variables involved in nonlinear terms = 20
  # Potential variables for partitioning = 20
SUB-SOLVERS USED BY ALPINE
  NLP local solver = Ipopt
  MIP solver = Gurobi
ALPINE CONFIGURATION
  Maximum iterations (lower-bounding MIPs) =  1
  Relative global optimality gap = 0.01%
  Potential variables chosen for partitioning = All
  Discretization ratio = 10
  Bound-tightening presolve = false
PRESOLVE 
  Doing local search

Feasible solution found during presolve: [0.0, 1.0, 1.0, 0.45126239712728194, 1.0, 0.0, 0.07440911190938371, 0.0, 0.17893847843620456, 1.0, 0.0, 0.0026198080095819146, 1.0, 1.0, 1.0, 0.0, 0.0, 0.0, 0.0, 0.0, 0.0, 0.0, 0.0, 0.0, 0.0, 0.0, 0.0, 0.0, 0.0, 0.0, 1.0, 1.0, 0.0, 0.0026198080003751022, 1.0, 0.0, 0.0, 0.0, 0.0, 0.0, 0.0, 0.0, 0.0, 0.0, 0.0, 0.4512624013425221, 0.0, 0.0, 0.4512623963173555, 0.0, 0.0011822208424171882, 0.4512624009529057, 0.0, 0.0, 0.0, 0.0, 0.0, 0.0, 0.07440911260443892, 0.0, 1.0, 0.0, 0.0, 0.0, 0.0, 0.0, 0.0, 0.0, 0.0, 0.0, 0.0, 0.0, 0.0, 0.013314653266854388, 0.00019493758736608045, 0.07440911254019467, 0.0, 0.0, 0.0, 0.0, 0.0, 0.0, 0.0, 0.0, 0.0, 0.0, 0.0, 0.17893847995317402, 0.0, 0.0, 0.0, 0.0, 1.0, 1.0, 1.0, 0.0, 0.0, 0.0, 0.0, 0.0, 0.0, 0.0, 0.0026198080319687123, 0.0, 0.0, 0.0, 1.0, 0.0, 0.0, 0.0, 0.0, 0.0, 0.0, 0.0, 0.0, 0.0, 0.0, 0.0, 0.0, 0.0]  :with objective: -4.215792158273586

  Local solver returns a feasible point with value -4.2158

  Fixed 40 discretization points based on bounding heuristic


Initial guess for SP: [0.0, 0.0, 0.0, 0.0, 0.0, 0.0, 0.5, 0.8742621283617145, 0.0, 0.0, 0.0, 0.7717795348390151, 0.4512624031775145, 0.45126240317751454, 0.5, 0.6925443179690354, 0.0, 0.0, 0.0, 0.5, 0.0, 0.0, 0.0, 0.5, 0.07440911739482681, 0.07440911739482685, 0.14413585047503494, 0.47371940836390075, 0.0, 0.0, 0.0, 0.5, 0.0, 0.17893850255691723, 0.1789385025569173, 0.5933371683980075, 0.0, 0.0, 0.5, 0.9675523944028052, 0.0, 0.0, 0.0, 0.22822046516098493, 0.002619817970732663, 0.0026198179707327364, 0.19254431796903543, 0.5, 0.0, 0.0, 0.5, 0.9675523944028052, 0.0, 0.0, 0.5, 0.9675523944028052, 0.0, 0.0, 0.5, 0.8742621283617145, 0.0, 0.0, 0.12573787163828554, 0.5, 0.0, 0.0, 0.03244760559719484, 0.5, 0.0, 0.0, 0.02434799044257239, 0.3751893243653905, 0.0, 0.0, 0.3015861963750257, 0.4029077129646826, 0.0, 0.0, 0.12573787163828554, 0.5]

disc_lower_bound: [0.0, 0.0, 0.0, 0.0, 0.0, 0.0, 0.0, 0.0, 0.0, 0.0, 0.0, 0.0, 0.0, 0.0, 0.0, 0.0, 0.0, 0.0, 0.0, 0.0, 0.0, 0.0, 0.0, 0.0, 0.0, 0.0, 0.0, 0.0, 0.0, 0.0, 0.0, 0.0, 0.0, 0.0, 0.0, 0.0, 0.0, 0.0, 0.0, 0.0, 0.0, 0.0, 0.0, 0.0, 0.0, 0.0, 0.0, 0.0, 0.0, 0.0, 0.0, 0.0, 0.0, 0.0, 0.0, 0.0, 0.0, 0.0, 0.0, 0.0, 0.0, 0.0, 0.0, 0.0, 0.0, 0.0, 0.0, 0.0, 0.0, 0.0, 0.0, 0.0, 0.0, 0.0, 0.0, 0.0, 0.0, 0.0, 0.0, 0.0]

disc_upper_bound: [0.0, 0.0, 0.0, 0.0, 0.0, 0.0, 1.0, 1.0, 0.0, 0.0, 0.0, 1.0, 1.0, 1.0, 1.0, 1.0, 0.0, 0.0, 0.0, 1.0, 0.0, 0.0, 0.0, 1.0, 1.0, 1.0, 1.0, 1.0, 0.0, 0.0, 0.0, 1.0, 0.0, 1.0, 1.0, 1.0, 0.0, 0.0, 1.0, 1.0, 0.0, 0.0, 0.0, 1.0, 1.0, 1.0, 1.0, 1.0, 0.0, 0.0, 1.0, 1.0, 0.0, 0.0, 1.0, 1.0, 0.0, 0.0, 1.0, 1.0, 0.0, 0.0, 1.0, 1.0, 0.0, 0.0, 1.0, 1.0, 0.0, 0.0, 1.0, 1.0, 0.0, 0.0, 1.0, 1.0, 0.0, 0.0, 1.0, 1.0]

fix_disc_point: [1, 1, 1, 1, 1, 1, 0, 0, 1, 1, 1, 0, 0, 0, 0, 0, 1, 1, 1, 0, 1, 1, 1, 0, 0, 0, 0, 0, 1, 1, 1, 0, 1, 0, 0, 0, 1, 1, 0, 0, 1, 1, 1, 0, 0, 0, 0, 0, 1, 1, 0, 0, 1, 1, 0, 0, 1, 1, 0, 0, 1, 1, 0, 0, 1, 1, 0, 0, 1, 1, 0, 0, 1, 1, 0, 0, 1, 1, 0, 0]


Running Proximal Bundle Method MPBNGC.
Ending SP solves because bound converged with best_obj: -4.215792158273586, bound: -4.215792028430213
MPBNGC terminated with `Failure in function or subgradient calculations (assigned by the user).`
Completed 0 restarts.  stalling_restart = false.  num_func_eval = 1  best_disc_bound: -4.215792028430213

Best found disc_points using mpbngc (without postprocessing): [0.0, 0.0, 0.0, 0.0, 0.0, 0.0, 0.5, 0.8742621283617145, 0.0, 0.0, 0.0, 0.7717795348390151, 0.4512624031775145, 0.4512624031775145, 0.5, 0.6925443179690354, 0.0, 0.0, 0.0, 0.5, 0.0, 0.0, 0.0, 0.5, 0.0744091173948268, 0.0744091173948268, 0.144135850475035, 0.4737194083639008, 0.0, 0.0, 0.0, 0.5, 0.0, 0.1789385025569172, 0.1789385025569173, 0.5933371683980075, 0.0, 0.0, 0.5, 0.9675523944028052, 0.0, 0.0, 0.0, 0.228220465160985, 0.0026198179707327, 0.0026198179707327, 0.1925443179690354, 0.5, 0.0, 0.0, 0.5, 0.9675523944028052, 0.0, 0.0, 0.5, 0.9675523944028052, 0.0, 0.0, 0.5, 0.8742621283617145, 0.0, 0.0, 0.1257378716382855, 0.5, 0.0, 0.0, 0.0324476055971948, 0.5, 0.0, 0.0, 0.0243479904425724, 0.3751893243653905, 0.0, 0.0, 0.3015861963750257, 0.4029077129646826, 0.0, 0.0, 0.1257378716382855, 0.5]  with bound: -4.215792028430213  in time: 14.15s

  Starting postprocessing to try and eliminate partitioning points that are not useful...
Time for postprocessing: 627.02s


Best found disc_points using mpbngc (with postprocessing): [0.0, 0.0, 0.0, 0.0, 0.0, 0.0, 0.0, 0.0, 0.0, 0.0, 0.0, 0.0, 0.0, 0.0, 0.0, 0.0, 0.0, 0.0, 0.0, 0.0, 0.0, 0.0, 0.0, 0.0, 0.0, 0.0, 0.0, 0.144135850475035, 0.0, 0.0, 0.0, 0.5, 0.0, 0.0, 0.0, 0.1789385025569173, 0.0, 0.0, 0.0, 0.5, 0.0, 0.0, 0.0, 0.228220465160985, 0.0, 0.0026198179707327, 0.1925443179690354, 0.5, 0.0, 0.0, 0.0, 0.0, 0.0, 0.0, 0.0, 0.5, 0.0, 0.0, 0.0, 0.5, 0.0, 0.0, 0.1257378716382855, 0.5, 0.0, 0.0, 0.0, 0.5, 0.0, 0.0, 0.0, 0.3751893243653905, 0.0, 0.0, 0.0, 0.4029077129646826, 0.0, 0.0, 0.1257378716382855, 0.5]  with bound: -4.215792028430213  in time: 641.18s. Excluded 63 discretization points
  Completed presolve in 13.79s
LOWER-BOUNDING ITERATIONS
====================================================================================================
| Iter   | Incumbent       | Best Incumbent      | Lower Bound        | Gap (%)         | Time      
| finish | -4.2158         | -4.2158             | -4.2158            | 0.0             | 14.9s            
Final UBD: -4.215792158273586
Final LBD: -4.215792028430213
====================================================================================================

*** Alpine ended with status OPTIMAL ***

 Total time for local solves: 3.16s

 Total time for solving max-min problems: 643.72s

 Total time excluding max-min time: 14.9s

