
PROBLEM STATISTICS
  Objective sense = Min
  # Variables = 120
  # Bin-Int Variables = 0
  # Constraints = 124
  # NL Constraints = 100
  # Linear Constraints = 24
  # Detected convex constraints = 0
  # Detected nonlinear terms = 100
  # Variables involved in nonlinear terms = 20
  # Potential variables for partitioning = 20
SUB-SOLVERS USED BY ALPINE
  NLP local solver = Ipopt
  MIP solver = Gurobi
ALPINE CONFIGURATION
  Maximum iterations (lower-bounding MIPs) =  1
  Relative global optimality gap = 0.01%
  Potential variables chosen for partitioning = All
  Discretization ratio = 10
  Bound-tightening presolve = false
PRESOLVE 
  Doing local search

Feasible solution found during presolve: [0.0, 1.0, 1.0, 0.4512624406523146, 1.0, 0.0, 0.0744091617594537, 0.0, 0.1789385426669393, 1.0, 0.0, 0.0026198422051169202, 1.0, 1.0, 1.0, 0.0, 0.0, 0.0, 0.0, 0.0, 0.0, 0.0, 0.0, 0.0, 0.0, 0.0, 0.0, 0.0, 0.0, 0.0, 1.0, 1.0, 0.0, 0.0026198421435613684, 1.0, 0.0, 0.0, 0.0, 0.0, 0.0, 0.0, 0.0, 0.0, 0.0, 0.0, 0.4512624439282054, 0.0, 0.0, 0.45126243403979194, 0.0, 0.0011822363876050025, 0.4512624423070395, 0.0, 0.0, 0.0, 0.0, 0.0, 0.0, 0.07440916229961896, 0.0, 1.0, 0.0, 0.0, 0.0, 0.0, 0.0, 0.0, 0.0, 0.0, 0.0, 0.0, 0.0, 0.0, 0.013314666966305162, 0.00019494026242482447, 0.07440916203230312, 0.0, 0.0, 0.0, 0.0, 0.0, 0.0, 0.0, 0.0, 0.0, 0.0, 0.0, 0.17893854332308534, 0.0, 0.0, 0.0, 0.0, 1.0, 1.0, 1.0, 0.0, 0.0, 0.0, 0.0, 0.0, 0.0, 0.0, 0.0026198422029039097, 0.0, 0.0, 0.0, 1.0, 0.0, 0.0, 0.0, 0.0, 0.0, 0.0, 0.0, 0.0, 0.0, 0.0, 0.0, 0.0, 0.0]  :with objective: -2.4220278297217117

  Local solver returns a feasible point with value -2.422

  Fixed 47 discretization points based on bounding heuristic


Initial guess for SP: [0.0, 0.0, 0.0, 0.4473330116694716, 0.0, 0.0, 0.5526669883305284, 0.8103745804520768, 0.0, 0.0, 0.0, 0.5526669883305284, 0.3085241336943927, 0.45126240317751426, 0.4512624031775143, 0.5526669883305284, 0.0, 0.0, 0.0, 0.7433635136258236, 0.0, 0.0, 0.0, 0.4473330116694716, 0.07440911739482672, 0.07440911739482686, 0.14784773139633925, 0.2566364863741763, 0.0, 0.0, 0.0, 0.4473330116694716, 0.17893850255691698, 0.17893850255691698, 0.2914862275148508, 0.7433635136258236, 0.0, 0.0, 0.0, 0.4473330116694716, 0.0, 0.0, 0.0, 0.0, 0.0026198179707322597, 0.002619817970732482, 0.2550446525554802, 0.5526669883305284, 0.0, 0.0, 0.0, 0.5526669883305284, 0.0, 0.0, 0.0, 0.5526669883305284, 0.0, 0.0, 0.0, 0.5526669883305284, 0.0, 0.0, 0.18962541954792322, 0.4473330116694716, 0.0, 0.0, 0.0, 0.4473330116694716, 0.0, 0.0, 0.0, 0.43416395101362204, 0.0, 0.0, 0.0, 0.3870477723066256, 0.0, 0.0, 0.0, 0.4473330116694716]

disc_lower_bound: [0.0, 0.0, 0.0, 0.0, 0.0, 0.0, 0.0, 0.0, 0.0, 0.0, 0.0, 0.0, 0.0, 0.0, 0.0, 0.0, 0.0, 0.0, 0.0, 0.0, 0.0, 0.0, 0.0, 0.0, 0.0, 0.0, 0.0, 0.0, 0.0, 0.0, 0.0, 0.0, 0.0, 0.0, 0.0, 0.0, 0.0, 0.0, 0.0, 0.0, 0.0, 0.0, 0.0, 0.0, 0.0, 0.0, 0.0, 0.0, 0.0, 0.0, 0.0, 0.0, 0.0, 0.0, 0.0, 0.0, 0.0, 0.0, 0.0, 0.0, 0.0, 0.0, 0.0, 0.0, 0.0, 0.0, 0.0, 0.0, 0.0, 0.0, 0.0, 0.0, 0.0, 0.0, 0.0, 0.0, 0.0, 0.0, 0.0, 0.0]

disc_upper_bound: [0.0, 0.0, 0.0, 1.0, 0.0, 0.0, 1.0, 1.0, 0.0, 0.0, 0.0, 1.0, 1.0, 1.0, 1.0, 1.0, 0.0, 0.0, 0.0, 1.0, 0.0, 0.0, 0.0, 1.0, 1.0, 1.0, 1.0, 1.0, 0.0, 0.0, 0.0, 1.0, 1.0, 1.0, 1.0, 1.0, 0.0, 0.0, 0.0, 1.0, 0.0, 0.0, 0.0, 0.0, 1.0, 1.0, 1.0, 1.0, 0.0, 0.0, 0.0, 1.0, 0.0, 0.0, 0.0, 1.0, 0.0, 0.0, 0.0, 1.0, 0.0, 0.0, 1.0, 1.0, 0.0, 0.0, 0.0, 1.0, 0.0, 0.0, 0.0, 1.0, 0.0, 0.0, 0.0, 1.0, 0.0, 0.0, 0.0, 1.0]

fix_disc_point: [1, 1, 1, 0, 1, 1, 0, 0, 1, 1, 1, 0, 0, 0, 0, 0, 1, 1, 1, 0, 1, 1, 1, 0, 0, 0, 0, 0, 1, 1, 1, 0, 0, 0, 0, 0, 1, 1, 1, 0, 1, 1, 1, 1, 0, 0, 0, 0, 1, 1, 1, 0, 1, 1, 1, 0, 1, 1, 1, 0, 1, 1, 0, 0, 1, 1, 1, 0, 1, 1, 1, 0, 1, 1, 1, 0, 1, 1, 1, 0]


Running Proximal Bundle Method MPBNGC.
Ending SP solves because bound converged with best_obj: -2.4220278297217117, bound: -2.422027901724027
MPBNGC terminated with `Failure in function or subgradient calculations (assigned by the user).`
Completed 0 restarts.  stalling_restart = false.  num_func_eval = 1  best_disc_bound: -2.422027901724027

Best found disc_points using mpbngc (without postprocessing): [0.0, 0.0, 0.0, 0.4473330116694716, 0.0, 0.0, 0.5526669883305284, 0.8103745804520768, 0.0, 0.0, 0.0, 0.5526669883305284, 0.3085241336943927, 0.4512624031775143, 0.4512624031775143, 0.5526669883305284, 0.0, 0.0, 0.0, 0.7433635136258236, 0.0, 0.0, 0.0, 0.4473330116694716, 0.0744091173948267, 0.0744091173948269, 0.1478477313963392, 0.2566364863741763, 0.0, 0.0, 0.0, 0.4473330116694716, 0.178938502556917, 0.178938502556917, 0.2914862275148508, 0.7433635136258236, 0.0, 0.0, 0.0, 0.4473330116694716, 0.0, 0.0, 0.0, 0.0, 0.0026198179707323, 0.0026198179707325, 0.2550446525554802, 0.5526669883305284, 0.0, 0.0, 0.0, 0.5526669883305284, 0.0, 0.0, 0.0, 0.5526669883305284, 0.0, 0.0, 0.0, 0.5526669883305284, 0.0, 0.0, 0.1896254195479232, 0.4473330116694716, 0.0, 0.0, 0.0, 0.4473330116694716, 0.0, 0.0, 0.0, 0.434163951013622, 0.0, 0.0, 0.0, 0.3870477723066256, 0.0, 0.0, 0.0, 0.4473330116694716]  with bound: -2.422027901724027  in time: 11.89s

  Starting postprocessing to try and eliminate partitioning points that are not useful...
Time for postprocessing: 451.42s


Best found disc_points using mpbngc (with postprocessing): [0.0, 0.0, 0.0, 0.0, 0.0, 0.0, 0.0, 0.0, 0.0, 0.0, 0.0, 0.0, 0.0, 0.0, 0.0, 0.4512624031775143, 0.0, 0.0, 0.0, 0.0, 0.0, 0.0, 0.0, 0.0, 0.0, 0.0, 0.0, 0.1478477313963392, 0.0, 0.0, 0.0, 0.0, 0.0, 0.0, 0.178938502556917, 0.7433635136258236, 0.0, 0.0, 0.0, 0.4473330116694716, 0.0, 0.0, 0.0, 0.0, 0.0, 0.0026198179707325, 0.2550446525554802, 0.5526669883305284, 0.0, 0.0, 0.0, 0.5526669883305284, 0.0, 0.0, 0.0, 0.5526669883305284, 0.0, 0.0, 0.0, 0.5526669883305284, 0.0, 0.0, 0.0, 0.1896254195479232, 0.0, 0.0, 0.0, 0.4473330116694716, 0.0, 0.0, 0.0, 0.434163951013622, 0.0, 0.0, 0.0, 0.3870477723066256, 0.0, 0.0, 0.0, 0.4473330116694716]  with bound: -2.422027901724027  in time: 463.32s. Excluded 64 discretization points
  Completed presolve in 12.08s
LOWER-BOUNDING ITERATIONS
====================================================================================================
| Iter   | Incumbent       | Best Incumbent      | Lower Bound        | Gap (%)         | Time      
| finish | -2.422          | -2.422              | -2.422             | 0.0             | 13.54s           
Final UBD: -2.4220278297217117
Final LBD: -2.4220279017240465
====================================================================================================

*** Alpine ended with status OPTIMAL ***

 Total time for local solves: 3.08s

 Total time for solving max-min problems: 465.39s

 Total time excluding max-min time: 13.54s

