
PROBLEM STATISTICS
  Objective sense = Min
  # Variables = 120
  # Bin-Int Variables = 0
  # Constraints = 124
  # NL Constraints = 100
  # Linear Constraints = 24
  # Detected convex constraints = 0
  # Detected nonlinear terms = 100
  # Variables involved in nonlinear terms = 20
  # Potential variables for partitioning = 20
SUB-SOLVERS USED BY ALPINE
  NLP local solver = Ipopt
  MIP solver = Gurobi
ALPINE CONFIGURATION
  Maximum iterations (lower-bounding MIPs) =  1
  Relative global optimality gap = 0.01%
  Potential variables chosen for partitioning = All
  Discretization ratio = 10
  Bound-tightening presolve = false
PRESOLVE 
  Doing local search

Feasible solution found during presolve: [0.0, 1.0, 1.0, 1.0, 1.0, 0.0, 0.0, 0.0, 0.26844209497224375, 1.0, 0.0, 0.2688407824135854, 1.0, 0.915400511406962, 1.0, 0.0, 0.0, 0.0, 0.0, 0.5430885132019949, 0.0, 0.0, 0.0, 0.0, 0.0, 0.0, 0.0, 0.0, 0.0, 0.0, 1.0, 1.0, 0.0, 0.2688407815552681, 0.915400508484399, 0.0, 0.0, 0.0, 0.5430885114680978, 0.0, 0.0, 0.0, 0.0, 0.0, 0.5430885171449077, 1.0, 0.0, 0.0, 1.0, 0.0, 0.2688407805445885, 1.0, 0.0, 0.0, 0.0, 0.0, 0.5430885094264116, 0.0, 0.0, 0.0, 1.0, 0.0, 0.0, 0.5430885179633963, 0.0, 0.0, 0.0, 0.0, 0.0, 0.0, 0.0, 0.0, 0.0, 0.0, 0.0, 0.0, 0.0, 0.0, 0.0, 0.0, 0.0, 0.0, 0.0, 0.0, 0.0, 0.0, 0.0, 0.2684420962957362, 0.0, 0.0, 0.0, 0.0, 1.0, 0.9154004818799362, 1.0, 0.0, 0.0, 0.0, 0.0, 0.0, 0.0, 0.0, 0.24609698970844388, 0.0, 0.0, 0.0, 1.0, 0.0, 0.0, 0.0, 0.0, 0.0, 0.0, 0.0, 0.0, 0.0, 0.0, 0.0, 0.0, 0.0]  :with objective: -4.642220779203863

  Local solver returns a feasible point with value -4.6422

  Fixed 36 discretization points based on bounding heuristic


Initial guess for SP: [0.0, 0.0, 0.0, 0.09841177569922555, 0.0, 0.0, 0.5182869429374988, 0.8689679301525141, 0.0, 0.0, 0.0, 0.727987298815351, 0.0, 0.0, 0.5, 0.8639936494076754, 0.0, 0.0, 0.0, 0.7636265627235949, 0.0, 0.0, 0.0, 0.4817130570625012, 0.0, 0.0, 0.13764840129683378, 0.4570364040606397, 0.0, 0.0, 0.0, 0.4817130570625012, 0.26844209277251563, 0.27608709794069725, 0.6300514788677195, 0.9015882243007745, 0.0, 0.0, 0.4817130570625013, 0.9991464776475728, 0.0, 0.0, 0.0, 0.27201270118464915, 0.2688408266888797, 0.2746354481371199, 0.5, 0.6505880057626335, 0.0, 0.0, 0.5, 0.9991765928468218, 0.5, 0.8639936494076754, 0.9154003596645904, 0.93869797949651, 0.0, 0.0, 0.5182869429374988, 0.9992067080460708, 0.0, 0.01398920970981396, 0.131032069847486, 0.4817130570625013, 0.0, 0.0, 0.0008234071531781669, 0.5, 0.0, 0.0, 0.1360063505923246, 0.5, 0.0, 0.010423388628963241, 0.04266208173836976, 0.5, 0.5, 0.5388605896291744, 0.5430885792994596, 0.8639936494076754]

disc_lower_bound: [0.0, 0.0, 0.0, 0.0, 0.0, 0.0, 0.0, 0.0, 0.0, 0.0, 0.0, 0.0, 0.0, 0.0, 0.0, 0.0, 0.0, 0.0, 0.0, 0.0, 0.0, 0.0, 0.0, 0.0, 0.0, 0.0, 0.0, 0.0, 0.0, 0.0, 0.0, 0.0, 0.0, 0.0, 0.0, 0.0, 0.0, 0.0, 0.0, 0.0, 0.0, 0.0, 0.0, 0.0, 0.0, 0.0, 0.0, 0.0, 0.0, 0.0, 0.0, 0.0, 0.0, 0.0, 0.0, 0.0, 0.0, 0.0, 0.0, 0.0, 0.0, 0.0, 0.0, 0.0, 0.0, 0.0, 0.0, 0.0, 0.0, 0.0, 0.0, 0.0, 0.0, 0.0, 0.0, 0.0, 0.0, 0.0, 0.0, 0.0]

disc_upper_bound: [0.0, 0.0, 0.0, 1.0, 0.0, 0.0, 1.0, 1.0, 0.0, 0.0, 0.0, 1.0, 0.0, 0.0, 1.0, 1.0, 0.0, 0.0, 0.0, 1.0, 0.0, 0.0, 0.0, 1.0, 0.0, 0.0, 1.0, 1.0, 0.0, 0.0, 0.0, 1.0, 1.0, 1.0, 1.0, 1.0, 0.0, 0.0, 1.0, 1.0, 0.0, 0.0, 0.0, 1.0, 1.0, 1.0, 1.0, 1.0, 0.0, 0.0, 1.0, 1.0, 1.0, 1.0, 1.0, 1.0, 0.0, 0.0, 1.0, 1.0, 0.0, 1.0, 1.0, 1.0, 0.0, 0.0, 1.0, 1.0, 0.0, 0.0, 1.0, 1.0, 0.0, 1.0, 1.0, 1.0, 1.0, 1.0, 1.0, 1.0]

fix_disc_point: [1, 1, 1, 0, 1, 1, 0, 0, 1, 1, 1, 0, 1, 1, 0, 0, 1, 1, 1, 0, 1, 1, 1, 0, 1, 1, 0, 0, 1, 1, 1, 0, 0, 0, 0, 0, 1, 1, 0, 0, 1, 1, 1, 0, 0, 0, 0, 0, 1, 1, 0, 0, 0, 0, 0, 0, 1, 1, 0, 0, 1, 0, 0, 0, 1, 1, 0, 0, 1, 1, 0, 0, 1, 0, 0, 0, 0, 0, 0, 0]


Running Proximal Bundle Method MPBNGC.
Ending SP solves because bound converged with best_obj: -4.642220779203863, bound: -4.642220793546921
MPBNGC terminated with `Failure in function or subgradient calculations (assigned by the user).`
Completed 0 restarts.  stalling_restart = false.  num_func_eval = 1  best_disc_bound: -4.642220793546921

Best found disc_points using mpbngc (without postprocessing): [0.0, 0.0, 0.0, 0.0984117756992256, 0.0, 0.0, 0.5182869429374988, 0.8689679301525141, 0.0, 0.0, 0.0, 0.727987298815351, 0.0, 0.0, 0.5, 0.8639936494076754, 0.0, 0.0, 0.0, 0.7636265627235949, 0.0, 0.0, 0.0, 0.4817130570625012, 0.0, 0.0, 0.1376484012968338, 0.4570364040606397, 0.0, 0.0, 0.0, 0.4817130570625012, 0.2684420927725156, 0.2760870979406972, 0.6300514788677195, 0.9015882243007745, 0.0, 0.0, 0.4817130570625013, 0.9991464776475728, 0.0, 0.0, 0.0, 0.2720127011846492, 0.2688408266888797, 0.2746354481371199, 0.5, 0.6505880057626335, 0.0, 0.0, 0.5, 0.9991765928468218, 0.5, 0.8639936494076754, 0.9154003596645904, 0.93869797949651, 0.0, 0.0, 0.5182869429374988, 0.9992067080460708, 0.0, 0.013989209709814, 0.131032069847486, 0.4817130570625013, 0.0, 0.0, 0.0008234071531782, 0.5, 0.0, 0.0, 0.1360063505923246, 0.5, 0.0, 0.0104233886289632, 0.0426620817383698, 0.5, 0.5, 0.5388605896291744, 0.5430885792994596, 0.8639936494076754]  with bound: -4.642220793546921  in time: 15.41s

  Starting postprocessing to try and eliminate partitioning points that are not useful...
Time for postprocessing: 1146.67s


Best found disc_points using mpbngc (with postprocessing): [0.0, 0.0, 0.0, 0.0, 0.0, 0.0, 0.0, 0.0, 0.0, 0.0, 0.0, 0.0, 0.0, 0.0, 0.0, 0.0, 0.0, 0.0, 0.0, 0.0, 0.0, 0.0, 0.0, 0.0, 0.0, 0.0, 0.0, 0.4570364040606397, 0.0, 0.0, 0.0, 0.0, 0.0, 0.0, 0.0, 0.2760870979406972, 0.0, 0.0, 0.0, 0.4817130570625013, 0.0, 0.0, 0.0, 0.2720127011846492, 0.0, 0.0, 0.2746354481371199, 0.6505880057626335, 0.0, 0.0, 0.0, 0.5, 0.0, 0.0, 0.5, 0.9154003596645904, 0.0, 0.0, 0.0, 0.5182869429374988, 0.0, 0.0, 0.131032069847486, 0.4817130570625013, 0.0, 0.0, 0.0, 0.5, 0.0, 0.0, 0.1360063505923246, 0.5, 0.0, 0.0, 0.0426620817383698, 0.5, 0.0, 0.0, 0.0, 0.5430885792994596]  with bound: -4.642220793546921  in time: 1162.1s. Excluded 62 discretization points
  Completed presolve in 13.81s
LOWER-BOUNDING ITERATIONS
====================================================================================================
| Iter   | Incumbent       | Best Incumbent      | Lower Bound        | Gap (%)         | Time      
| finish | -4.6422         | -4.6422             | -4.6422            | 0.0             | 15.32s           
Final UBD: -4.642220779203863
Final LBD: -4.642220793546921
====================================================================================================

*** Alpine ended with status OPTIMAL ***

 Total time for local solves: 3.07s

 Total time for solving max-min problems: 1164.31s

 Total time excluding max-min time: 15.32s

