
PROBLEM STATISTICS
  Objective sense = Min
  # Variables = 120
  # Bin-Int Variables = 0
  # Constraints = 124
  # NL Constraints = 100
  # Linear Constraints = 24
  # Detected convex constraints = 0
  # Detected nonlinear terms = 100
  # Variables involved in nonlinear terms = 20
  # Potential variables for partitioning = 20
SUB-SOLVERS USED BY ALPINE
  NLP local solver = Ipopt
  MIP solver = Gurobi
ALPINE CONFIGURATION
  Maximum iterations (lower-bounding MIPs) =  1
  Relative global optimality gap = 0.01%
  Potential variables chosen for partitioning = All
  Discretization ratio = 10
  Bound-tightening presolve = false
PRESOLVE 
  Doing local search

Feasible solution found during presolve: [0.0, 1.0, 1.0, 1.0, 1.0, 0.0, 0.0, 0.0, 0.27949785424466533, 1.0, 0.0, 0.22515609446242324, 1.0, 1.0, 1.0, 0.0, 0.0, 0.0, 0.05310074065683581, 0.49492079933812316, 0.0, 0.0, 0.0, 0.0, 0.0, 0.0, 0.0, 0.0, 0.0, 0.0, 1.0, 1.0, 0.0, 0.22515609361781896, 1.0, 0.0, 0.0, 0.05310074045764461, 0.494920797481579, 0.0, 0.0, 0.0, 0.0, 0.0, 0.4949208032486906, 1.0, 0.0, 0.0, 1.0, 0.0, 0.2251560922022535, 1.0, 0.0, 0.0, 0.0, 0.05310074012379811, 0.494920794369992, 0.0, 0.0, 0.0, 1.0, 0.0, 0.05310074113304833, 0.4949208037766202, 0.0, 0.0, 0.0, 0.0, 0.0, 0.0, 0.0, 0.0, 0.0, 0.0, 0.0, 0.0, 0.0, 0.0, 0.0, 0.0, 0.0, 0.0, 0.0, 0.0, 0.0, 0.0, 0.0, 0.2794978548078896, 0.0, 0.0, 0.0, 0.0, 1.0, 1.0, 1.0, 0.0, 0.0, 0.053100739712832454, 0.0, 0.0, 0.0, 0.0, 0.22515609162089814, 0.0, 0.0, 0.011955955379355163, 1.0, 0.0, 0.0, 0.0, 0.0, 0.0, 0.053100739986691445, 0.0, 0.0, 0.0, 0.0, 0.0, 0.0, 0.026280661011327554]  :with objective: -5.263090739825979

  Local solver returns a feasible point with value -5.2631

  Fixed 44 discretization points based on bounding heuristic


Initial guess for SP: [0.0, 0.0, 0.0, 0.0, 0.0, 0.0, 0.5020229855736251, 0.8986072101263552, 0.0, 0.0, 0.0, 0.918088777170827, 0.0, 0.0, 0.4979770144263749, 0.8358710612366766, 0.0, 0.0, 0.0, 0.6431894411925025, 0.0, 0.0, 0.0, 0.4979770144263748, 0.0, 0.0, 0.20745493048754293, 0.3568105588074974, 0.0, 0.0, 0.0, 0.5020229855736251, 0.0, 0.27180162133079455, 0.2794978742128174, 0.41858522578232676, 0.0, 0.0, 0.0, 0.4979770144263748, 0.0, 0.0, 0.0, 0.081911222829173, 0.22515607155294085, 0.2555663075395039, 0.28953119340830175, 0.4979770144263748, 0.0, 0.0, 0.0, 0.5020229855736251, 0.0, 0.0, 0.4979770144263748, 0.9411077155183224, 0.0, 0.0, 0.5020229855736251, 0.9823232400979531, 0.0, 0.0, 0.10139278987364475, 0.4979770144263748, 0.0, 0.0, 0.0, 0.4979770144263748, 0.0, 0.0, 0.0, 0.48419225160444435, 0.016135769767411035, 0.05310076721327948, 0.16280616875129605, 0.4979770144263749, 0.3378940468103018, 0.4949207880657808, 0.5020229855736251, 0.5284517966249341]

disc_lower_bound: [0.0, 0.0, 0.0, 0.0, 0.0, 0.0, 0.0, 0.0, 0.0, 0.0, 0.0, 0.0, 0.0, 0.0, 0.0, 0.0, 0.0, 0.0, 0.0, 0.0, 0.0, 0.0, 0.0, 0.0, 0.0, 0.0, 0.0, 0.0, 0.0, 0.0, 0.0, 0.0, 0.0, 0.0, 0.0, 0.0, 0.0, 0.0, 0.0, 0.0, 0.0, 0.0, 0.0, 0.0, 0.0, 0.0, 0.0, 0.0, 0.0, 0.0, 0.0, 0.0, 0.0, 0.0, 0.0, 0.0, 0.0, 0.0, 0.0, 0.0, 0.0, 0.0, 0.0, 0.0, 0.0, 0.0, 0.0, 0.0, 0.0, 0.0, 0.0, 0.0, 0.0, 0.0, 0.0, 0.0, 0.0, 0.0, 0.0, 0.0]

disc_upper_bound: [0.0, 0.0, 0.0, 0.0, 0.0, 0.0, 1.0, 1.0, 0.0, 0.0, 0.0, 1.0, 0.0, 0.0, 1.0, 1.0, 0.0, 0.0, 0.0, 1.0, 0.0, 0.0, 0.0, 1.0, 0.0, 0.0, 1.0, 1.0, 0.0, 0.0, 0.0, 1.0, 0.0, 1.0, 1.0, 1.0, 0.0, 0.0, 0.0, 1.0, 0.0, 0.0, 0.0, 1.0, 1.0, 1.0, 1.0, 1.0, 0.0, 0.0, 0.0, 1.0, 0.0, 0.0, 1.0, 1.0, 0.0, 0.0, 1.0, 1.0, 0.0, 0.0, 1.0, 1.0, 0.0, 0.0, 0.0, 1.0, 0.0, 0.0, 0.0, 1.0, 1.0, 1.0, 1.0, 1.0, 1.0, 1.0, 1.0, 1.0]

fix_disc_point: [1, 1, 1, 1, 1, 1, 0, 0, 1, 1, 1, 0, 1, 1, 0, 0, 1, 1, 1, 0, 1, 1, 1, 0, 1, 1, 0, 0, 1, 1, 1, 0, 1, 0, 0, 0, 1, 1, 1, 0, 1, 1, 1, 0, 0, 0, 0, 0, 1, 1, 1, 0, 1, 1, 0, 0, 1, 1, 0, 0, 1, 1, 0, 0, 1, 1, 1, 0, 1, 1, 1, 0, 0, 0, 0, 0, 0, 0, 0, 0]


Running Proximal Bundle Method MPBNGC.
Ending SP solves because bound converged with best_obj: -5.263090739825979, bound: -5.263090690981521
MPBNGC terminated with `Failure in function or subgradient calculations (assigned by the user).`
Completed 0 restarts.  stalling_restart = false.  num_func_eval = 1  best_disc_bound: -5.263090690981521

Best found disc_points using mpbngc (without postprocessing): [0.0, 0.0, 0.0, 0.0, 0.0, 0.0, 0.5020229855736251, 0.8986072101263552, 0.0, 0.0, 0.0, 0.918088777170827, 0.0, 0.0, 0.4979770144263749, 0.8358710612366766, 0.0, 0.0, 0.0, 0.6431894411925025, 0.0, 0.0, 0.0, 0.4979770144263748, 0.0, 0.0, 0.2074549304875429, 0.3568105588074974, 0.0, 0.0, 0.0, 0.5020229855736251, 0.0, 0.2718016213307946, 0.2794978742128174, 0.4185852257823268, 0.0, 0.0, 0.0, 0.4979770144263748, 0.0, 0.0, 0.0, 0.081911222829173, 0.2251560715529408, 0.2555663075395039, 0.2895311934083018, 0.4979770144263748, 0.0, 0.0, 0.0, 0.5020229855736251, 0.0, 0.0, 0.4979770144263748, 0.9411077155183224, 0.0, 0.0, 0.5020229855736251, 0.9823232400979532, 0.0, 0.0, 0.1013927898736448, 0.4979770144263748, 0.0, 0.0, 0.0, 0.4979770144263748, 0.0, 0.0, 0.0, 0.4841922516044443, 0.016135769767411, 0.0531007672132795, 0.162806168751296, 0.4979770144263749, 0.3378940468103018, 0.4949207880657808, 0.5020229855736251, 0.5284517966249341]  with bound: -5.263090690981521  in time: 14.82s

  Starting postprocessing to try and eliminate partitioning points that are not useful...
Time for postprocessing: 1005.68s


Best found disc_points using mpbngc (with postprocessing): [0.0, 0.0, 0.0, 0.0, 0.0, 0.0, 0.0, 0.0, 0.0, 0.0, 0.0, 0.0, 0.0, 0.0, 0.4979770144263749, 0.8358710612366766, 0.0, 0.0, 0.0, 0.0, 0.0, 0.0, 0.0, 0.0, 0.0, 0.0, 0.0, 0.3568105588074974, 0.0, 0.0, 0.0, 0.0, 0.0, 0.0, 0.0, 0.4185852257823268, 0.0, 0.0, 0.0, 0.4979770144263748, 0.0, 0.0, 0.0, 0.081911222829173, 0.0, 0.0, 0.2251560715529408, 0.4979770144263748, 0.0, 0.0, 0.0, 0.5020229855736251, 0.0, 0.0, 0.4979770144263748, 0.9411077155183224, 0.0, 0.0, 0.0, 0.5020229855736251, 0.0, 0.0, 0.1013927898736448, 0.4979770144263748, 0.0, 0.0, 0.0, 0.4979770144263748, 0.0, 0.0, 0.0, 0.4841922516044443, 0.0, 0.0, 0.162806168751296, 0.4979770144263749, 0.0, 0.0, 0.3378940468103018, 0.4949207880657808]  with bound: -5.263090690981521  in time: 1020.52s. Excluded 60 discretization points
  Completed presolve in 13.66s
LOWER-BOUNDING ITERATIONS
====================================================================================================
| Iter   | Incumbent       | Best Incumbent      | Lower Bound        | Gap (%)         | Time      
| finish | -5.2631         | -5.2631             | -5.2631            | 0.0             | 14.96s           
Final UBD: -5.263090739825979
Final LBD: -5.2630906909815165
====================================================================================================

*** Alpine ended with status OPTIMAL ***

 Total time for local solves: 3.16s

 Total time for solving max-min problems: 1023.01s

 Total time excluding max-min time: 14.96s

