
PROBLEM STATISTICS
  Objective sense = Min
  # Variables = 120
  # Bin-Int Variables = 0
  # Constraints = 124
  # NL Constraints = 100
  # Linear Constraints = 24
  # Detected convex constraints = 0
  # Detected nonlinear terms = 100
  # Variables involved in nonlinear terms = 20
  # Potential variables for partitioning = 20
SUB-SOLVERS USED BY ALPINE
  NLP local solver = Ipopt
  MIP solver = Gurobi
ALPINE CONFIGURATION
  Maximum iterations (lower-bounding MIPs) =  1
  Relative global optimality gap = 0.01%
  Potential variables chosen for partitioning = All
  Discretization ratio = 10
  Bound-tightening presolve = false
PRESOLVE 
  Doing local search

Feasible solution found during presolve: [0.0, 1.0, 1.0, 0.4512624265234154, 1.0, 0.0, 0.07440913713764814, 0.0, 0.1789385139768415, 1.0, 0.0, 0.002619828502207724, 1.0, 1.0, 1.0, 0.0, 0.0, 0.0, 0.0, 0.0, 0.0, 0.0, 0.0, 0.0, 0.0, 0.0, 0.0, 0.0, 0.0, 0.0, 1.0, 1.0, 0.0, 0.002619828458597665, 1.0, 0.0, 0.0, 0.0, 0.0, 0.0, 0.0, 0.0, 0.0, 0.0, 0.0, 0.4512624300672445, 0.0, 0.0, 0.4512624220541118, 0.0, 0.0011822301669814628, 0.4512624290489572, 0.0, 0.0, 0.0, 0.0, 0.0, 0.0, 0.07440913772199385, 0.0, 1.0, 0.0, 0.0, 0.0, 0.0, 0.0, 0.0, 0.0, 0.0, 0.0, 0.0, 0.0, 0.0, 0.013314660425709744, 0.0001949391782978955, 0.07440913755408737, 0.0, 0.0, 0.0, 0.0, 0.0, 0.0, 0.0, 0.0, 0.0, 0.0, 0.0, 0.17893851497829133, 0.0, 0.0, 0.0, 0.0, 1.0, 1.0, 1.0, 0.0, 0.0, 0.0, 0.0, 0.0, 0.0, 0.0, 0.0026198285094686563, 0.0, 0.0, 0.0, 1.0, 0.0, 0.0, 0.0, 0.0, 0.0, 0.0, 0.0, 0.0, 0.0, 0.0, 0.0, 0.0, 0.0]  :with objective: -3.2001412656213226

  Local solver returns a feasible point with value -3.2001

  Fixed 45 discretization points based on bounding heuristic


Initial guess for SP: [0.0, 0.0, 0.0, 0.17050283162739766, 0.0, 0.0, 0.5214771951312647, 0.8921168083409603, 0.0, 0.0, 0.0, 0.5214771951312647, 0.45126240317751437, 0.4512624031775145, 0.5214771951312647, 0.6994240143594375, 0.0, 0.0, 0.0, 0.6432259472158757, 0.0, 0.0, 0.0, 0.4785228048687353, 0.0744091173948267, 0.0744091173948267, 0.17050283162739768, 0.4789654193428797, 0.0, 0.0, 0.0, 0.4785228048687353, 0.17893850255691715, 0.17893850255691732, 0.5210345806571202, 0.8294971683726023, 0.0, 0.0, 0.0, 0.47852280486873533, 0.0, 0.0, 0.0, 0.0, 0.0026198179707325785, 0.0026198179707326826, 0.19392013761829519, 0.5214771951312647, 0.0, 0.0, 0.0, 0.5214771951312647, 0.0, 0.0, 0.0, 0.5214771951312647, 0.0, 0.0, 0.0, 0.5214771951312647, 0.0, 0.0, 0.10788319165903973, 0.47852280486873533, 0.0, 0.0, 0.0, 0.47852280486873533, 0.0, 0.0, 0.0, 0.38944939803677975, 0.0, 0.0, 0.3529257465908582, 0.47852280486873533, 0.0, 0.0, 0.11188714994045679, 0.47852280486873533]

disc_lower_bound: [0.0, 0.0, 0.0, 0.0, 0.0, 0.0, 0.0, 0.0, 0.0, 0.0, 0.0, 0.0, 0.0, 0.0, 0.0, 0.0, 0.0, 0.0, 0.0, 0.0, 0.0, 0.0, 0.0, 0.0, 0.0, 0.0, 0.0, 0.0, 0.0, 0.0, 0.0, 0.0, 0.0, 0.0, 0.0, 0.0, 0.0, 0.0, 0.0, 0.0, 0.0, 0.0, 0.0, 0.0, 0.0, 0.0, 0.0, 0.0, 0.0, 0.0, 0.0, 0.0, 0.0, 0.0, 0.0, 0.0, 0.0, 0.0, 0.0, 0.0, 0.0, 0.0, 0.0, 0.0, 0.0, 0.0, 0.0, 0.0, 0.0, 0.0, 0.0, 0.0, 0.0, 0.0, 0.0, 0.0, 0.0, 0.0, 0.0, 0.0]

disc_upper_bound: [0.0, 0.0, 0.0, 1.0, 0.0, 0.0, 1.0, 1.0, 0.0, 0.0, 0.0, 1.0, 1.0, 1.0, 1.0, 1.0, 0.0, 0.0, 0.0, 1.0, 0.0, 0.0, 0.0, 1.0, 1.0, 1.0, 1.0, 1.0, 0.0, 0.0, 0.0, 1.0, 1.0, 1.0, 1.0, 1.0, 0.0, 0.0, 0.0, 1.0, 0.0, 0.0, 0.0, 0.0, 1.0, 1.0, 1.0, 1.0, 0.0, 0.0, 0.0, 1.0, 0.0, 0.0, 0.0, 1.0, 0.0, 0.0, 0.0, 1.0, 0.0, 0.0, 1.0, 1.0, 0.0, 0.0, 0.0, 1.0, 0.0, 0.0, 0.0, 1.0, 0.0, 0.0, 1.0, 1.0, 0.0, 0.0, 1.0, 1.0]

fix_disc_point: [1, 1, 1, 0, 1, 1, 0, 0, 1, 1, 1, 0, 0, 0, 0, 0, 1, 1, 1, 0, 1, 1, 1, 0, 0, 0, 0, 0, 1, 1, 1, 0, 0, 0, 0, 0, 1, 1, 1, 0, 1, 1, 1, 1, 0, 0, 0, 0, 1, 1, 1, 0, 1, 1, 1, 0, 1, 1, 1, 0, 1, 1, 0, 0, 1, 1, 1, 0, 1, 1, 1, 0, 1, 1, 0, 0, 1, 1, 0, 0]


Running Proximal Bundle Method MPBNGC.
Ending SP solves because bound converged with best_obj: -3.2001412656213226, bound: -3.200141300575905
MPBNGC terminated with `Failure in function or subgradient calculations (assigned by the user).`
Completed 0 restarts.  stalling_restart = false.  num_func_eval = 1  best_disc_bound: -3.200141300575905

Best found disc_points using mpbngc (without postprocessing): [0.0, 0.0, 0.0, 0.1705028316273976, 0.0, 0.0, 0.5214771951312647, 0.8921168083409603, 0.0, 0.0, 0.0, 0.5214771951312647, 0.4512624031775144, 0.4512624031775145, 0.5214771951312647, 0.6994240143594375, 0.0, 0.0, 0.0, 0.6432259472158757, 0.0, 0.0, 0.0, 0.4785228048687353, 0.0744091173948267, 0.0744091173948267, 0.1705028316273977, 0.4789654193428797, 0.0, 0.0, 0.0, 0.4785228048687353, 0.1789385025569172, 0.1789385025569173, 0.5210345806571202, 0.8294971683726023, 0.0, 0.0, 0.0, 0.4785228048687353, 0.0, 0.0, 0.0, 0.0, 0.0026198179707326, 0.0026198179707327, 0.1939201376182952, 0.5214771951312647, 0.0, 0.0, 0.0, 0.5214771951312647, 0.0, 0.0, 0.0, 0.5214771951312647, 0.0, 0.0, 0.0, 0.5214771951312647, 0.0, 0.0, 0.1078831916590397, 0.4785228048687353, 0.0, 0.0, 0.0, 0.4785228048687353, 0.0, 0.0, 0.0, 0.3894493980367798, 0.0, 0.0, 0.3529257465908582, 0.4785228048687353, 0.0, 0.0, 0.1118871499404568, 0.4785228048687353]  with bound: -3.200141300575905  in time: 11.4s

  Starting postprocessing to try and eliminate partitioning points that are not useful...
Time for postprocessing: 605.1s


Best found disc_points using mpbngc (with postprocessing): [0.0, 0.0, 0.0, 0.0, 0.0, 0.0, 0.0, 0.0, 0.0, 0.0, 0.0, 0.0, 0.0, 0.0, 0.0, 0.6994240143594375, 0.0, 0.0, 0.0, 0.0, 0.0, 0.0, 0.0, 0.0, 0.0, 0.0, 0.0, 0.1705028316273977, 0.0, 0.0, 0.0, 0.0, 0.0, 0.1789385025569173, 0.5210345806571202, 0.8294971683726023, 0.0, 0.0, 0.0, 0.4785228048687353, 0.0, 0.0, 0.0, 0.0, 0.0, 0.0026198179707327, 0.1939201376182952, 0.5214771951312647, 0.0, 0.0, 0.0, 0.5214771951312647, 0.0, 0.0, 0.0, 0.5214771951312647, 0.0, 0.0, 0.0, 0.5214771951312647, 0.0, 0.0, 0.1078831916590397, 0.4785228048687353, 0.0, 0.0, 0.0, 0.4785228048687353, 0.0, 0.0, 0.0, 0.3894493980367798, 0.0, 0.0, 0.0, 0.3529257465908582, 0.0, 0.0, 0.1118871499404568, 0.4785228048687353]  with bound: -3.200141300575905  in time: 616.52s. Excluded 61 discretization points
  Completed presolve in 12.35s
LOWER-BOUNDING ITERATIONS
====================================================================================================
| Iter   | Incumbent       | Best Incumbent      | Lower Bound        | Gap (%)         | Time      
| finish | -3.2001         | -3.2001             | -3.2001            | 0.0             | 13.92s           
Final UBD: -3.2001412656213226
Final LBD: -3.200141300575904
====================================================================================================

*** Alpine ended with status OPTIMAL ***

 Total time for local solves: 3.15s

 Total time for solving max-min problems: 618.75s

 Total time excluding max-min time: 13.92s

