
PROBLEM STATISTICS
  Objective sense = Min
  # Variables = 120
  # Bin-Int Variables = 0
  # Constraints = 124
  # NL Constraints = 100
  # Linear Constraints = 24
  # Detected convex constraints = 0
  # Detected nonlinear terms = 100
  # Variables involved in nonlinear terms = 20
  # Potential variables for partitioning = 20
SUB-SOLVERS USED BY ALPINE
  NLP local solver = Ipopt
  MIP solver = Gurobi
ALPINE CONFIGURATION
  Maximum iterations (lower-bounding MIPs) =  1
  Relative global optimality gap = 0.01%
  Potential variables chosen for partitioning = All
  Discretization ratio = 10
  Bound-tightening presolve = false
PRESOLVE 
  Doing local search

Feasible solution found during presolve: [0.0, 1.0, 1.0, 1.0, 1.0, 0.0, 0.17535455238902253, 0.0, 0.5827132372204684, 1.0, 0.0, 1.0, 1.0, 1.0, 1.0, 0.637119394240174, 0.0, 0.0, 0.0, 0.8267904279201264, 0.0, 0.0, 0.0, 0.0, 0.0, 0.0, 0.0, 0.0, 0.0, 0.0, 1.0, 1.0, 0.0, 1.0, 1.0, 0.6371193811071961, 0.0, 0.0, 0.8267904108774488, 0.0, 0.0, 0.637119397685402, 0.0, 0.0, 0.8267904323910019, 1.0, 0.0, 0.0, 1.0, 0.0, 1.0, 1.0, 0.637119393035014, 0.0, 0.0, 0.0, 0.8267904263561892, 0.0, 0.17535455378177034, 0.0, 1.0, 0.0, 0.0, 0.8267904344868823, 0.0, 0.0, 0.0, 0.0, 0.0, 0.0, 0.0, 0.0, 0.0, 0.10218141888395355, 0.17535454815024415, 0.17535455336113503, 0.1117217861953509, 0.0, 0.0, 0.0, 0.14498146540746218, 0.0, 0.0, 0.0, 0.0, 0.0, 0.0, 0.5827132404508539, 0.37125790471363573, 0.0, 0.0, 0.0, 1.0, 1.0, 1.0, 0.637119354466954, 0.0, 0.0, 0.0, 0.0, 0.0, 0.0, 1.0, 0.6371193788393311, 0.0, 0.0, 1.0, 0.6371192985401869, 0.0, 0.6371193985862058, 0.0, 0.0, 0.0, 0.6371193977721709, 0.0, 0.0, 0.5267642166000452, 0.0, 0.0, 0.0]  :with objective: -2.8422798425626103

  Local solver returns a feasible point with value -2.8423

  Fixed 46 discretization points based on bounding heuristic


Initial guess for SP: [0.0, 0.0, 0.0, 0.46489806341854334, 0.0, 0.0, 0.0, 0.6785952443990882, 0.0, 0.0, 0.0, 0.6785952443990882, 0.0, 0.0, 0.0, 0.5351019365814567, 0.0, 0.0, 0.0, 0.6903683189781311, 0.0, 0.0, 0.0, 0.46489806341854334, 0.11447394203126429, 0.17535463472289536, 0.17535463472289559, 0.46489806341854334, 0.0, 0.0, 0.0, 0.46489806341854334, 0.0, 0.49166488602384506, 0.5827133314901982, 0.5827133314901982, 0.0, 0.0, 0.46489806341854334, 0.8664090193913322, 0.0, 0.0, 0.0, 0.32140475560091175, 0.0, 0.0, 0.0, 0.5351019365814567, 0.0, 0.0, 0.46489806341854334, 0.8664090193913322, 0.0, 0.0, 0.0, 0.5351019365814567, 0.0, 0.0, 0.5351019365814567, 0.9936939255007704, 0.46489806341854334, 0.6371193914141962, 0.6371193914141963, 0.7369091673395394, 0.0, 0.0, 0.13359098060866784, 0.5351019365814567, 0.0, 0.0, 0.0, 0.44647885619105465, 0.0, 0.0, 0.0, 0.46489806341854334, 0.0, 0.5351019365814567, 0.8267902560744622, 0.8267902560744622]

disc_lower_bound: [0.0, 0.0, 0.0, 0.0, 0.0, 0.0, 0.0, 0.0, 0.0, 0.0, 0.0, 0.0, 0.0, 0.0, 0.0, 0.0, 0.0, 0.0, 0.0, 0.0, 0.0, 0.0, 0.0, 0.0, 0.0, 0.0, 0.0, 0.0, 0.0, 0.0, 0.0, 0.0, 0.0, 0.0, 0.0, 0.0, 0.0, 0.0, 0.0, 0.0, 0.0, 0.0, 0.0, 0.0, 0.0, 0.0, 0.0, 0.0, 0.0, 0.0, 0.0, 0.0, 0.0, 0.0, 0.0, 0.0, 0.0, 0.0, 0.0, 0.0, 0.0, 0.0, 0.0, 0.0, 0.0, 0.0, 0.0, 0.0, 0.0, 0.0, 0.0, 0.0, 0.0, 0.0, 0.0, 0.0, 0.0, 0.0, 0.0, 0.0]

disc_upper_bound: [0.0, 0.0, 0.0, 1.0, 0.0, 0.0, 0.0, 1.0, 0.0, 0.0, 0.0, 1.0, 0.0, 0.0, 0.0, 1.0, 0.0, 0.0, 0.0, 1.0, 0.0, 0.0, 0.0, 1.0, 1.0, 1.0, 1.0, 1.0, 0.0, 0.0, 0.0, 1.0, 0.0, 1.0, 1.0, 1.0, 0.0, 0.0, 1.0, 1.0, 0.0, 0.0, 0.0, 1.0, 0.0, 0.0, 0.0, 1.0, 0.0, 0.0, 1.0, 1.0, 0.0, 0.0, 0.0, 1.0, 0.0, 0.0, 1.0, 1.0, 1.0, 1.0, 1.0, 1.0, 0.0, 0.0, 1.0, 1.0, 0.0, 0.0, 0.0, 1.0, 0.0, 0.0, 0.0, 1.0, 0.0, 1.0, 1.0, 1.0]

fix_disc_point: [1, 1, 1, 0, 1, 1, 1, 0, 1, 1, 1, 0, 1, 1, 1, 0, 1, 1, 1, 0, 1, 1, 1, 0, 0, 0, 0, 0, 1, 1, 1, 0, 1, 0, 0, 0, 1, 1, 0, 0, 1, 1, 1, 0, 1, 1, 1, 0, 1, 1, 0, 0, 1, 1, 1, 0, 1, 1, 0, 0, 0, 0, 0, 0, 1, 1, 0, 0, 1, 1, 1, 0, 1, 1, 1, 0, 1, 0, 0, 0]


Running Proximal Bundle Method MPBNGC.
Ending SP solves because bound converged with best_obj: -2.8422798425626103, bound: -2.8422799248297936
MPBNGC terminated with `Failure in function or subgradient calculations (assigned by the user).`
Completed 0 restarts.  stalling_restart = false.  num_func_eval = 1  best_disc_bound: -2.8422799248297936

Best found disc_points using mpbngc (without postprocessing): [0.0, 0.0, 0.0, 0.4648980634185433, 0.0, 0.0, 0.0, 0.6785952443990882, 0.0, 0.0, 0.0, 0.6785952443990882, 0.0, 0.0, 0.0, 0.5351019365814567, 0.0, 0.0, 0.0, 0.6903683189781311, 0.0, 0.0, 0.0, 0.4648980634185433, 0.1144739420312643, 0.1753546347228954, 0.1753546347228956, 0.4648980634185433, 0.0, 0.0, 0.0, 0.4648980634185433, 0.0, 0.4916648860238451, 0.5827133314901982, 0.5827133314901982, 0.0, 0.0, 0.4648980634185433, 0.8664090193913322, 0.0, 0.0, 0.0, 0.3214047556009118, 0.0, 0.0, 0.0, 0.5351019365814567, 0.0, 0.0, 0.4648980634185433, 0.8664090193913322, 0.0, 0.0, 0.0, 0.5351019365814567, 0.0, 0.0, 0.5351019365814567, 0.9936939255007704, 0.4648980634185433, 0.6371193914141962, 0.6371193914141963, 0.7369091673395394, 0.0, 0.0, 0.1335909806086678, 0.5351019365814567, 0.0, 0.0, 0.0, 0.4464788561910546, 0.0, 0.0, 0.0, 0.4648980634185433, 0.0, 0.5351019365814567, 0.8267902560744622, 0.8267902560744622]  with bound: -2.8422799248297936  in time: 11.56s

  Starting postprocessing to try and eliminate partitioning points that are not useful...
Time for postprocessing: 523.34s


Best found disc_points using mpbngc (with postprocessing): [0.0, 0.0, 0.0, 0.0, 0.0, 0.0, 0.0, 0.0, 0.0, 0.0, 0.0, 0.0, 0.0, 0.0, 0.0, 0.5351019365814567, 0.0, 0.0, 0.0, 0.0, 0.0, 0.0, 0.0, 0.4648980634185433, 0.0, 0.0, 0.0, 0.1753546347228956, 0.0, 0.0, 0.0, 0.0, 0.0, 0.0, 0.0, 0.5827133314901982, 0.0, 0.0, 0.4648980634185433, 0.8664090193913322, 0.0, 0.0, 0.0, 0.0, 0.0, 0.0, 0.0, 0.0, 0.0, 0.0, 0.4648980634185433, 0.8664090193913322, 0.0, 0.0, 0.0, 0.5351019365814567, 0.0, 0.0, 0.0, 0.5351019365814567, 0.0, 0.4648980634185433, 0.6371193914141963, 0.7369091673395394, 0.0, 0.0, 0.0, 0.1335909806086678, 0.0, 0.0, 0.0, 0.4464788561910546, 0.0, 0.0, 0.0, 0.4648980634185433, 0.0, 0.0, 0.0, 0.5351019365814567]  with bound: -2.8422799248297936  in time: 534.92s. Excluded 63 discretization points
  Completed presolve in 12.35s
LOWER-BOUNDING ITERATIONS
====================================================================================================
| Iter   | Incumbent       | Best Incumbent      | Lower Bound        | Gap (%)         | Time      
| finish | -2.8423         | -2.8423             | -2.8423            | 0.0             | 13.87s           
Final UBD: -2.8422798425626103
Final LBD: -2.842279924829808
====================================================================================================

*** Alpine ended with status OPTIMAL ***

 Total time for local solves: 3.23s

 Total time for solving max-min problems: 537.09s

 Total time excluding max-min time: 13.87s

