
PROBLEM STATISTICS
  Objective sense = Min
  # Variables = 120
  # Bin-Int Variables = 0
  # Constraints = 124
  # NL Constraints = 100
  # Linear Constraints = 24
  # Detected convex constraints = 0
  # Detected nonlinear terms = 100
  # Variables involved in nonlinear terms = 20
  # Potential variables for partitioning = 20
SUB-SOLVERS USED BY ALPINE
  NLP local solver = Ipopt
  MIP solver = Gurobi
ALPINE CONFIGURATION
  Maximum iterations (lower-bounding MIPs) =  1
  Relative global optimality gap = 0.01%
  Potential variables chosen for partitioning = All
  Discretization ratio = 10
  Bound-tightening presolve = false
PRESOLVE 
  Doing local search

Feasible solution found during presolve: [0.0, 1.0, 1.0, 0.45126242045530934, 1.0, 0.0, 0.0744091288712627, 0.0, 0.17893850492742872, 1.0, 0.0, 0.0026198254714891226, 1.0, 1.0, 1.0, 0.0, 0.0, 0.0, 0.0, 0.0, 0.0, 0.0, 0.0, 0.0, 0.0, 0.0, 0.0, 0.0, 0.0, 0.0, 1.0, 1.0, 0.0, 0.0026198254341508625, 1.0, 0.0, 0.0, 0.0, 0.0, 0.0, 0.0, 0.0, 0.0, 0.0, 0.0, 0.4512624240731903, 0.0, 0.0, 0.4512624165932739, 0.0, 0.0011822287834346485, 0.4512624231575367, 0.0, 0.0, 0.0, 0.0, 0.0, 0.0, 0.07440912946781884, 0.0, 1.0, 0.0, 0.0, 0.0, 0.0, 0.0, 0.0, 0.0, 0.0, 0.0, 0.0, 0.0, 0.0, 0.013314658273176105, 0.00019493893112826135, 0.07440912931683578, 0.0, 0.0, 0.0, 0.0, 0.0, 0.0, 0.0, 0.0, 0.0, 0.0, 0.0, 0.17893850599893946, 0.0, 0.0, 0.0, 0.0, 1.0, 1.0, 1.0, 0.0, 0.0, 0.0, 0.0, 0.0, 0.0, 0.0, 0.002619825483775221, 0.0, 0.0, 0.0, 1.0, 0.0, 0.0, 0.0, 0.0, 0.0, 0.0, 0.0, 0.0, 0.0, 0.0, 0.0, 0.0, 0.0]  :with objective: -3.524046222801206

  Local solver returns a feasible point with value -3.524

  Fixed 39 discretization points based on bounding heuristic


Initial guess for SP: [0.0, 0.0, 0.0, 0.08457357905588692, 0.0, 0.0, 0.5, 0.8835065468828788, 0.0, 0.0, 0.0, 0.5, 0.4512624031775145, 0.4512624031775145, 0.5, 0.6905695963725629, 0.0, 0.0, 0.0, 0.5608692243468809, 0.0, 0.0, 0.0, 0.5, 0.07440911739482663, 0.0744091173948268, 0.08457357905588692, 0.4334784661520859, 0.0, 0.0, 0.0, 0.5, 0.1789385025569172, 0.17893850255691734, 0.5665215338479141, 0.9154264209441131, 0.0, 0.0, 0.5, 0.9837217259217765, 0.0, 0.0, 0.0, 0.0, 0.002619817970732601, 0.0026198179707326652, 0.19056959637256288, 0.5, 0.0, 0.0, 0.5, 0.9837217259217765, 0.0, 0.0, 0.5, 0.9837217259217765, 0.0, 0.0, 0.5, 0.8861597638322567, 0.0, 0.0, 0.1138402361677433, 0.5, 0.0, 0.0, 0.016278274078223465, 0.5, 0.0, 0.0, 0.015336251389143258, 0.47106503169336567, 0.0, 0.0, 0.27806667065155755, 0.44932021448409065, 0.0, 0.0, 0.1138402361677433, 0.5]

disc_lower_bound: [0.0, 0.0, 0.0, 0.0, 0.0, 0.0, 0.0, 0.0, 0.0, 0.0, 0.0, 0.0, 0.0, 0.0, 0.0, 0.0, 0.0, 0.0, 0.0, 0.0, 0.0, 0.0, 0.0, 0.0, 0.0, 0.0, 0.0, 0.0, 0.0, 0.0, 0.0, 0.0, 0.0, 0.0, 0.0, 0.0, 0.0, 0.0, 0.0, 0.0, 0.0, 0.0, 0.0, 0.0, 0.0, 0.0, 0.0, 0.0, 0.0, 0.0, 0.0, 0.0, 0.0, 0.0, 0.0, 0.0, 0.0, 0.0, 0.0, 0.0, 0.0, 0.0, 0.0, 0.0, 0.0, 0.0, 0.0, 0.0, 0.0, 0.0, 0.0, 0.0, 0.0, 0.0, 0.0, 0.0, 0.0, 0.0, 0.0, 0.0]

disc_upper_bound: [0.0, 0.0, 0.0, 1.0, 0.0, 0.0, 1.0, 1.0, 0.0, 0.0, 0.0, 1.0, 1.0, 1.0, 1.0, 1.0, 0.0, 0.0, 0.0, 1.0, 0.0, 0.0, 0.0, 1.0, 1.0, 1.0, 1.0, 1.0, 0.0, 0.0, 0.0, 1.0, 1.0, 1.0, 1.0, 1.0, 0.0, 0.0, 1.0, 1.0, 0.0, 0.0, 0.0, 0.0, 1.0, 1.0, 1.0, 1.0, 0.0, 0.0, 1.0, 1.0, 0.0, 0.0, 1.0, 1.0, 0.0, 0.0, 1.0, 1.0, 0.0, 0.0, 1.0, 1.0, 0.0, 0.0, 1.0, 1.0, 0.0, 0.0, 1.0, 1.0, 0.0, 0.0, 1.0, 1.0, 0.0, 0.0, 1.0, 1.0]

fix_disc_point: [1, 1, 1, 0, 1, 1, 0, 0, 1, 1, 1, 0, 0, 0, 0, 0, 1, 1, 1, 0, 1, 1, 1, 0, 0, 0, 0, 0, 1, 1, 1, 0, 0, 0, 0, 0, 1, 1, 0, 0, 1, 1, 1, 1, 0, 0, 0, 0, 1, 1, 0, 0, 1, 1, 0, 0, 1, 1, 0, 0, 1, 1, 0, 0, 1, 1, 0, 0, 1, 1, 0, 0, 1, 1, 0, 0, 1, 1, 0, 0]


Running Proximal Bundle Method MPBNGC.
Ending SP solves because bound converged with best_obj: -3.524046222801206, bound: -3.5240462384994844
MPBNGC terminated with `Failure in function or subgradient calculations (assigned by the user).`
Completed 0 restarts.  stalling_restart = false.  num_func_eval = 1  best_disc_bound: -3.5240462384994844

Best found disc_points using mpbngc (without postprocessing): [0.0, 0.0, 0.0, 0.0845735790558869, 0.0, 0.0, 0.5, 0.8835065468828788, 0.0, 0.0, 0.0, 0.5, 0.4512624031775145, 0.4512624031775145, 0.5, 0.6905695963725629, 0.0, 0.0, 0.0, 0.5608692243468809, 0.0, 0.0, 0.0, 0.5, 0.0744091173948266, 0.0744091173948268, 0.0845735790558869, 0.4334784661520859, 0.0, 0.0, 0.0, 0.5, 0.1789385025569172, 0.1789385025569174, 0.5665215338479141, 0.915426420944113, 0.0, 0.0, 0.5, 0.9837217259217766, 0.0, 0.0, 0.0, 0.0, 0.0026198179707326, 0.0026198179707327, 0.1905695963725629, 0.5, 0.0, 0.0, 0.5, 0.9837217259217766, 0.0, 0.0, 0.5, 0.9837217259217766, 0.0, 0.0, 0.5, 0.8861597638322567, 0.0, 0.0, 0.1138402361677433, 0.5, 0.0, 0.0, 0.0162782740782235, 0.5, 0.0, 0.0, 0.0153362513891433, 0.4710650316933657, 0.0, 0.0, 0.2780666706515576, 0.4493202144840906, 0.0, 0.0, 0.1138402361677433, 0.5]  with bound: -3.5240462384994844  in time: 14.29s

  Starting postprocessing to try and eliminate partitioning points that are not useful...
Time for postprocessing: 845.92s


Best found disc_points using mpbngc (with postprocessing): [0.0, 0.0, 0.0, 0.0, 0.0, 0.0, 0.0, 0.0, 0.0, 0.0, 0.0, 0.0, 0.0, 0.0, 0.0, 0.6905695963725629, 0.0, 0.0, 0.0, 0.0, 0.0, 0.0, 0.0, 0.0, 0.0, 0.0, 0.0, 0.4334784661520859, 0.0, 0.0, 0.0, 0.0, 0.0, 0.1789385025569174, 0.5665215338479141, 0.915426420944113, 0.0, 0.0, 0.5, 0.9837217259217766, 0.0, 0.0, 0.0, 0.0, 0.0, 0.0026198179707327, 0.1905695963725629, 0.5, 0.0, 0.0, 0.5, 0.9837217259217766, 0.0, 0.0, 0.5, 0.9837217259217766, 0.0, 0.0, 0.5, 0.8861597638322567, 0.0, 0.0, 0.1138402361677433, 0.5, 0.0, 0.0, 0.0, 0.5, 0.0, 0.0, 0.0153362513891433, 0.4710650316933657, 0.0, 0.0, 0.0, 0.2780666706515576, 0.0, 0.0, 0.1138402361677433, 0.5]  with bound: -3.5240462384994844  in time: 860.23s. Excluded 56 discretization points
  Completed presolve in 12.61s
LOWER-BOUNDING ITERATIONS
====================================================================================================
| Iter   | Incumbent       | Best Incumbent      | Lower Bound        | Gap (%)         | Time      
| finish | -3.524          | -3.524              | -3.524             | 0.0             | 14.22s           
Final UBD: -3.524046222801206
Final LBD: -3.5240462384994915
====================================================================================================

*** Alpine ended with status OPTIMAL ***

 Total time for local solves: 3.21s

 Total time for solving max-min problems: 862.45s

 Total time excluding max-min time: 14.22s

