
PROBLEM STATISTICS
  Objective sense = Min
  # Variables = 120
  # Bin-Int Variables = 0
  # Constraints = 124
  # NL Constraints = 100
  # Linear Constraints = 24
  # Detected convex constraints = 0
  # Detected nonlinear terms = 100
  # Variables involved in nonlinear terms = 20
  # Potential variables for partitioning = 20
SUB-SOLVERS USED BY ALPINE
  NLP local solver = Ipopt
  MIP solver = Gurobi
ALPINE CONFIGURATION
  Maximum iterations (lower-bounding MIPs) =  1
  Relative global optimality gap = 0.01%
  Potential variables chosen for partitioning = All
  Discretization ratio = 10
  Bound-tightening presolve = false
PRESOLVE 
  Doing local search

Feasible solution found during presolve: [0.0, 1.0, 1.0, 0.4512624213350712, 1.0, 0.0, 0.0744091303441246, 0.0, 0.17893850711691825, 1.0, 0.0, 0.002619826488045295, 1.0, 1.0, 1.0, 0.0, 0.0, 0.0, 0.0, 0.0, 0.0, 0.0, 0.0, 0.0, 0.0, 0.0, 0.0, 0.0, 0.0, 0.0, 1.0, 1.0, 0.0, 0.002619826447890004, 1.0, 0.0, 0.0, 0.0, 0.0, 0.0, 0.0, 0.0, 0.0, 0.0, 0.0, 0.4512624249075816, 0.0, 0.0, 0.4512624172175688, 0.0, 0.001182229244473072, 0.4512624238594199, 0.0, 0.0, 0.0, 0.0, 0.0, 0.0, 0.07440913093319956, 0.0, 1.0, 0.0, 0.0, 0.0, 0.0, 0.0, 0.0, 0.0, 0.0, 0.0, 0.0, 0.0, 0.0, 0.013314658699645822, 0.00019493901062796263, 0.07440913076036708, 0.0, 0.0, 0.0, 0.0, 0.0, 0.0, 0.0, 0.0, 0.0, 0.0, 0.0, 0.178938508117895, 0.0, 0.0, 0.0, 0.0, 1.0, 1.0, 1.0, 0.0, 0.0, 0.0, 0.0, 0.0, 0.0, 0.0, 0.002619826500383536, 0.0, 0.0, 0.0, 1.0, 0.0, 0.0, 0.0, 0.0, 0.0, 0.0, 0.0, 0.0, 0.0, 0.0, 0.0, 0.0, 0.0]  :with objective: -3.3269733479346493

  Local solver returns a feasible point with value -3.327

  Fixed 38 discretization points based on bounding heuristic


Initial guess for SP: [0.0, 0.0, 0.0, 0.049982188604118516, 0.0, 0.0, 0.5, 0.8834323807145641, 0.0, 0.0, 0.0, 0.5, 0.45126240317751454, 0.45126240317751454, 0.5, 0.6998512792647099, 0.0, 0.0, 0.0, 0.5, 0.0, 0.0, 0.0, 0.5, 0.049982188604118516, 0.07440911739482746, 0.07440911739482746, 0.42970673846757207, 0.0, 0.0, 0.0, 0.5, 0.17893850255691707, 0.17893850255691793, 0.5702932615324279, 0.9500178113958815, 0.0, 0.0, 0.5, 0.9877325764842586, 0.0, 0.0, 0.0, 0.10447973403591454, 0.0026198179707325356, 0.002619817970732537, 0.1998512792647099, 0.5, 0.0, 0.0, 0.5, 0.9877325764842586, 0.0, 0.0, 0.5, 0.9877325764842586, 0.0, 0.0, 0.5, 0.8834323807145641, 0.0, 0.0, 0.11656761928543591, 0.5, 0.0, 0.0, 0.012267423515741394, 0.5, 0.0, 0.0, 0.010013000108773696, 0.40811341093446185, 0.0, 0.0, 0.27705116738566726, 0.4352477723626736, 0.0, 0.0, 0.11656761928543591, 0.5]

disc_lower_bound: [0.0, 0.0, 0.0, 0.0, 0.0, 0.0, 0.0, 0.0, 0.0, 0.0, 0.0, 0.0, 0.0, 0.0, 0.0, 0.0, 0.0, 0.0, 0.0, 0.0, 0.0, 0.0, 0.0, 0.0, 0.0, 0.0, 0.0, 0.0, 0.0, 0.0, 0.0, 0.0, 0.0, 0.0, 0.0, 0.0, 0.0, 0.0, 0.0, 0.0, 0.0, 0.0, 0.0, 0.0, 0.0, 0.0, 0.0, 0.0, 0.0, 0.0, 0.0, 0.0, 0.0, 0.0, 0.0, 0.0, 0.0, 0.0, 0.0, 0.0, 0.0, 0.0, 0.0, 0.0, 0.0, 0.0, 0.0, 0.0, 0.0, 0.0, 0.0, 0.0, 0.0, 0.0, 0.0, 0.0, 0.0, 0.0, 0.0, 0.0]

disc_upper_bound: [0.0, 0.0, 0.0, 1.0, 0.0, 0.0, 1.0, 1.0, 0.0, 0.0, 0.0, 1.0, 1.0, 1.0, 1.0, 1.0, 0.0, 0.0, 0.0, 1.0, 0.0, 0.0, 0.0, 1.0, 1.0, 1.0, 1.0, 1.0, 0.0, 0.0, 0.0, 1.0, 1.0, 1.0, 1.0, 1.0, 0.0, 0.0, 1.0, 1.0, 0.0, 0.0, 0.0, 1.0, 1.0, 1.0, 1.0, 1.0, 0.0, 0.0, 1.0, 1.0, 0.0, 0.0, 1.0, 1.0, 0.0, 0.0, 1.0, 1.0, 0.0, 0.0, 1.0, 1.0, 0.0, 0.0, 1.0, 1.0, 0.0, 0.0, 1.0, 1.0, 0.0, 0.0, 1.0, 1.0, 0.0, 0.0, 1.0, 1.0]

fix_disc_point: [1, 1, 1, 0, 1, 1, 0, 0, 1, 1, 1, 0, 0, 0, 0, 0, 1, 1, 1, 0, 1, 1, 1, 0, 0, 0, 0, 0, 1, 1, 1, 0, 0, 0, 0, 0, 1, 1, 0, 0, 1, 1, 1, 0, 0, 0, 0, 0, 1, 1, 0, 0, 1, 1, 0, 0, 1, 1, 0, 0, 1, 1, 0, 0, 1, 1, 0, 0, 1, 1, 0, 0, 1, 1, 0, 0, 1, 1, 0, 0]


Running Proximal Bundle Method MPBNGC.
Ending SP solves because bound converged with best_obj: -3.3269733479346493, bound: -3.326973370231975
MPBNGC terminated with `Failure in function or subgradient calculations (assigned by the user).`
Completed 0 restarts.  stalling_restart = false.  num_func_eval = 1  best_disc_bound: -3.326973370231975

Best found disc_points using mpbngc (without postprocessing): [0.0, 0.0, 0.0, 0.0499821886041185, 0.0, 0.0, 0.5, 0.8834323807145641, 0.0, 0.0, 0.0, 0.5, 0.4512624031775145, 0.4512624031775145, 0.5, 0.6998512792647099, 0.0, 0.0, 0.0, 0.5, 0.0, 0.0, 0.0, 0.5, 0.0499821886041185, 0.0744091173948275, 0.0744091173948275, 0.429706738467572, 0.0, 0.0, 0.0, 0.5, 0.1789385025569171, 0.1789385025569179, 0.5702932615324279, 0.9500178113958814, 0.0, 0.0, 0.5, 0.9877325764842586, 0.0, 0.0, 0.0, 0.1044797340359145, 0.0026198179707325, 0.0026198179707325, 0.1998512792647099, 0.5, 0.0, 0.0, 0.5, 0.9877325764842586, 0.0, 0.0, 0.5, 0.9877325764842586, 0.0, 0.0, 0.5, 0.8834323807145641, 0.0, 0.0, 0.1165676192854359, 0.5, 0.0, 0.0, 0.0122674235157414, 0.5, 0.0, 0.0, 0.0100130001087737, 0.4081134109344618, 0.0, 0.0, 0.2770511673856672, 0.4352477723626736, 0.0, 0.0, 0.1165676192854359, 0.5]  with bound: -3.326973370231975  in time: 15.55s

  Starting postprocessing to try and eliminate partitioning points that are not useful...
Time for postprocessing: 747.99s


Best found disc_points using mpbngc (with postprocessing): [0.0, 0.0, 0.0, 0.0, 0.0, 0.0, 0.0, 0.0, 0.0, 0.0, 0.0, 0.0, 0.0, 0.0, 0.0, 0.0, 0.0, 0.0, 0.0, 0.0, 0.0, 0.0, 0.0, 0.0, 0.0, 0.0, 0.0, 0.0744091173948275, 0.0, 0.0, 0.0, 0.5, 0.0, 0.0, 0.1789385025569179, 0.9500178113958814, 0.0, 0.0, 0.0, 0.5, 0.0, 0.0, 0.0, 0.1044797340359145, 0.0, 0.0026198179707325, 0.1998512792647099, 0.5, 0.0, 0.0, 0.0, 0.0, 0.0, 0.0, 0.5, 0.9877325764842586, 0.0, 0.0, 0.0, 0.5, 0.0, 0.0, 0.1165676192854359, 0.5, 0.0, 0.0, 0.0, 0.5, 0.0, 0.0, 0.0100130001087737, 0.4081134109344618, 0.0, 0.0, 0.0, 0.2770511673856672, 0.0, 0.0, 0.1165676192854359, 0.5]  with bound: -3.326973370231975  in time: 763.56s. Excluded 60 discretization points
  Completed presolve in 12.34s
LOWER-BOUNDING ITERATIONS
====================================================================================================
| Iter   | Incumbent       | Best Incumbent      | Lower Bound        | Gap (%)         | Time      
| finish | -3.327          | -3.327              | -3.327             | 0.0             | 14.12s           
Final UBD: -3.3269733479346493
Final LBD: -3.326973370231975
====================================================================================================

*** Alpine ended with status OPTIMAL ***

 Total time for local solves: 3.16s

 Total time for solving max-min problems: 765.7s

 Total time excluding max-min time: 14.12s

