
PROBLEM STATISTICS
  Objective sense = Min
  # Variables = 120
  # Bin-Int Variables = 0
  # Constraints = 124
  # NL Constraints = 100
  # Linear Constraints = 24
  # Detected convex constraints = 0
  # Detected nonlinear terms = 100
  # Variables involved in nonlinear terms = 20
  # Potential variables for partitioning = 20
SUB-SOLVERS USED BY ALPINE
  NLP local solver = Ipopt
  MIP solver = Gurobi
ALPINE CONFIGURATION
  Maximum iterations (lower-bounding MIPs) =  1
  Relative global optimality gap = 0.01%
  Potential variables chosen for partitioning = All
  Discretization ratio = 10
  Bound-tightening presolve = false
PRESOLVE 
  Doing local search

Feasible solution found during presolve: [0.0, 1.0, 1.0, 1.0, 1.0, 0.0, 0.0, 0.0, 0.26844213270688955, 1.0, 0.0, 0.26884059640176067, 1.0, 0.9154008401652814, 1.0, 0.0, 0.0, 0.0, 0.0, 0.5430883220404747, 0.0, 0.0, 0.0, 0.0, 0.0, 0.0, 0.0, 0.0, 0.0, 0.0, 1.0, 1.0, 0.0, 0.26884059579729086, 0.915400838107065, 0.0, 0.0, 0.0, 0.5430883208193776, 0.0, 0.0, 0.0, 0.0, 0.0, 0.5430883264913202, 1.0, 0.0, 0.0, 1.0, 0.0, 0.26884059521569137, 1.0, 0.0, 0.0, 0.0, 0.0, 0.5430883196444811, 0.0, 0.0, 0.0, 1.0, 0.0, 0.0, 0.5430883269723139, 0.0, 0.0, 0.0, 0.0, 0.0, 0.0, 0.0, 0.0, 0.0, 0.0, 0.0, 0.0, 0.0, 0.0, 0.0, 0.0, 0.0, 0.0, 0.0, 0.0, 0.0, 0.0, 0.0, 0.2684421343209472, 0.0, 0.0, 0.0, 0.0, 1.0, 0.9154008198252375, 1.0, 0.0, 0.0, 0.0, 0.0, 0.0, 0.0, 0.0, 0.24609690781670704, 0.0, 0.0, 0.0, 1.0, 0.0, 0.0, 0.0, 0.0, 0.0, 0.0, 0.0, 0.0, 0.0, 0.0, 0.0, 0.0, 0.0]  :with objective: -6.286180448218032

  Local solver returns a feasible point with value -6.2862

  Fixed 34 discretization points based on bounding heuristic


Initial guess for SP: [0.0, 0.0, 0.0, 0.015917592289491633, 0.0, 0.0, 0.5, 0.8632641984021221, 0.0, 0.0, 0.6927519318219602, 0.9535097800294452, 0.0, 0.0, 0.5, 0.8632641984021221, 0.0, 0.0, 0.0, 0.6723598615610024, 0.0, 0.0, 0.0, 0.5, 0.0, 0.0, 0.13175233742146664, 0.3784738938682588, 0.0, 0.0, 0.1367358015978779, 0.5, 0.26844209277251563, 0.27089085579704525, 0.6415088259343892, 0.9840824077105084, 0.0, 0.0, 0.5, 0.9504368057935948, 0.0, 0.0, 0.046490219970554844, 0.30724806817803985, 0.25916501917675155, 0.26884082668887993, 0.5, 0.674057365060069, 0.0, 0.0, 0.5, 0.9504368057935948, 0.5, 0.8632641984021221, 0.9154003596645907, 0.9341384716886472, 0.0, 0.0, 0.5, 0.9504368057935948, 0.0, 0.0, 0.1367358015978779, 0.5, 0.0, 0.0, 0.0495631942064052, 0.5, 0.0, 0.0, 0.1367358015978779, 0.5, 0.0, 0.01176137535172623, 0.07667792593220801, 0.5, 0.5, 0.5324198168258883, 0.5430885792994598, 0.8632641984021221]

disc_lower_bound: [0.0, 0.0, 0.0, 0.0, 0.0, 0.0, 0.0, 0.0, 0.0, 0.0, 0.0, 0.0, 0.0, 0.0, 0.0, 0.0, 0.0, 0.0, 0.0, 0.0, 0.0, 0.0, 0.0, 0.0, 0.0, 0.0, 0.0, 0.0, 0.0, 0.0, 0.0, 0.0, 0.0, 0.0, 0.0, 0.0, 0.0, 0.0, 0.0, 0.0, 0.0, 0.0, 0.0, 0.0, 0.0, 0.0, 0.0, 0.0, 0.0, 0.0, 0.0, 0.0, 0.0, 0.0, 0.0, 0.0, 0.0, 0.0, 0.0, 0.0, 0.0, 0.0, 0.0, 0.0, 0.0, 0.0, 0.0, 0.0, 0.0, 0.0, 0.0, 0.0, 0.0, 0.0, 0.0, 0.0, 0.0, 0.0, 0.0, 0.0]

disc_upper_bound: [0.0, 0.0, 0.0, 1.0, 0.0, 0.0, 1.0, 1.0, 0.0, 0.0, 1.0, 1.0, 0.0, 0.0, 1.0, 1.0, 0.0, 0.0, 0.0, 1.0, 0.0, 0.0, 0.0, 1.0, 0.0, 0.0, 1.0, 1.0, 0.0, 0.0, 1.0, 1.0, 1.0, 1.0, 1.0, 1.0, 0.0, 0.0, 1.0, 1.0, 0.0, 0.0, 1.0, 1.0, 1.0, 1.0, 1.0, 1.0, 0.0, 0.0, 1.0, 1.0, 1.0, 1.0, 1.0, 1.0, 0.0, 0.0, 1.0, 1.0, 0.0, 0.0, 1.0, 1.0, 0.0, 0.0, 1.0, 1.0, 0.0, 0.0, 1.0, 1.0, 0.0, 1.0, 1.0, 1.0, 1.0, 1.0, 1.0, 1.0]

fix_disc_point: [1, 1, 1, 0, 1, 1, 0, 0, 1, 1, 0, 0, 1, 1, 0, 0, 1, 1, 1, 0, 1, 1, 1, 0, 1, 1, 0, 0, 1, 1, 0, 0, 0, 0, 0, 0, 1, 1, 0, 0, 1, 1, 0, 0, 0, 0, 0, 0, 1, 1, 0, 0, 0, 0, 0, 0, 1, 1, 0, 0, 1, 1, 0, 0, 1, 1, 0, 0, 1, 1, 0, 0, 1, 0, 0, 0, 0, 0, 0, 0]


Running Proximal Bundle Method MPBNGC.
Ending SP solves because bound converged with best_obj: -6.286180448218032, bound: -6.286180394879034
MPBNGC terminated with `Failure in function or subgradient calculations (assigned by the user).`
Completed 0 restarts.  stalling_restart = false.  num_func_eval = 1  best_disc_bound: -6.286180394879034

Best found disc_points using mpbngc (without postprocessing): [0.0, 0.0, 0.0, 0.0159175922894916, 0.0, 0.0, 0.5, 0.8632641984021221, 0.0, 0.0, 0.6927519318219602, 0.9535097800294452, 0.0, 0.0, 0.5, 0.8632641984021221, 0.0, 0.0, 0.0, 0.6723598615610024, 0.0, 0.0, 0.0, 0.5, 0.0, 0.0, 0.1317523374214666, 0.3784738938682588, 0.0, 0.0, 0.1367358015978779, 0.5, 0.2684420927725156, 0.2708908557970452, 0.6415088259343892, 0.9840824077105084, 0.0, 0.0, 0.5, 0.9504368057935948, 0.0, 0.0, 0.0464902199705548, 0.3072480681780398, 0.2591650191767516, 0.26884082668888, 0.5, 0.674057365060069, 0.0, 0.0, 0.5, 0.9504368057935948, 0.5, 0.8632641984021221, 0.9154003596645905, 0.9341384716886472, 0.0, 0.0, 0.5, 0.9504368057935948, 0.0, 0.0, 0.1367358015978779, 0.5, 0.0, 0.0, 0.0495631942064052, 0.5, 0.0, 0.0, 0.1367358015978779, 0.5, 0.0, 0.0117613753517262, 0.076677925932208, 0.5, 0.5, 0.5324198168258883, 0.5430885792994598, 0.8632641984021221]  with bound: -6.286180394879034  in time: 17.82s

  Starting postprocessing to try and eliminate partitioning points that are not useful...
Time for postprocessing: 1142.71s


Best found disc_points using mpbngc (with postprocessing): [0.0, 0.0, 0.0, 0.0, 0.0, 0.0, 0.0, 0.0, 0.0, 0.0, 0.0, 0.0, 0.0, 0.0, 0.0, 0.0, 0.0, 0.0, 0.0, 0.0, 0.0, 0.0, 0.0, 0.0, 0.0, 0.0, 0.0, 0.3784738938682588, 0.0, 0.0, 0.0, 0.0, 0.0, 0.0, 0.0, 0.2708908557970452, 0.0, 0.0, 0.0, 0.9504368057935948, 0.0, 0.0, 0.0, 0.3072480681780398, 0.2591650191767516, 0.26884082668888, 0.5, 0.674057365060069, 0.0, 0.0, 0.5, 0.9504368057935948, 0.0, 0.5, 0.9154003596645905, 0.9341384716886472, 0.0, 0.0, 0.5, 0.9504368057935948, 0.0, 0.0, 0.1367358015978779, 0.5, 0.0, 0.0, 0.0495631942064052, 0.5, 0.0, 0.0, 0.1367358015978779, 0.5, 0.0, 0.0, 0.076677925932208, 0.5, 0.0, 0.0, 0.5, 0.8632641984021221]  with bound: -6.286180394879034  in time: 1160.55s. Excluded 55 discretization points
  Completed presolve in 12.33s
LOWER-BOUNDING ITERATIONS
====================================================================================================
| Iter   | Incumbent       | Best Incumbent      | Lower Bound        | Gap (%)         | Time      
| finish | -6.2862         | -6.2862             | -6.2862            | 0.0             | 14.71s           
Final UBD: -6.286180448218032
Final LBD: -6.286180394879044
====================================================================================================

*** Alpine ended with status OPTIMAL ***

 Total time for local solves: 3.16s

 Total time for solving max-min problems: 1162.71s

 Total time excluding max-min time: 14.71s

