
PROBLEM STATISTICS
  Objective sense = Min
  # Variables = 120
  # Bin-Int Variables = 0
  # Constraints = 124
  # NL Constraints = 100
  # Linear Constraints = 24
  # Detected convex constraints = 0
  # Detected nonlinear terms = 100
  # Variables involved in nonlinear terms = 20
  # Potential variables for partitioning = 20
SUB-SOLVERS USED BY ALPINE
  NLP local solver = Ipopt
  MIP solver = Gurobi
ALPINE CONFIGURATION
  Maximum iterations (lower-bounding MIPs) =  1
  Relative global optimality gap = 0.01%
  Potential variables chosen for partitioning = All
  Discretization ratio = 10
  Bound-tightening presolve = false
PRESOLVE 
  Doing local search

Feasible solution found during presolve: [0.0, 1.0, 1.0, 0.45126242026222213, 1.0, 0.0, 0.07440912663944192, 0.0, 0.1789385029318185, 1.0, 0.0, 0.002619826017924812, 1.0, 1.0, 1.0, 0.0, 0.0, 0.0, 0.0, 0.0, 0.0, 0.0, 0.0, 0.0, 0.0, 0.0, 0.0, 0.0, 0.0, 0.0, 1.0, 1.0, 0.0, 0.002619825982669625, 1.0, 0.0, 0.0, 0.0, 0.0, 0.0, 0.0, 0.0, 0.0, 0.0, 0.0, 0.451262423867817, 0.0, 0.0, 0.4512624163669914, 0.0, 0.0011822290295146836, 0.451262422924316, 0.0, 0.0, 0.0, 0.0, 0.0, 0.0, 0.07440912723397217, 0.0, 1.0, 0.0, 0.0, 0.0, 0.0, 0.0, 0.0, 0.0, 0.0, 0.0, 0.0, 0.0, 0.0, 0.01331465772532582, 0.00019493896594108338, 0.07440912707839732, 0.0, 0.0, 0.0, 0.0, 0.0, 0.0, 0.0, 0.0, 0.0, 0.0, 0.0, 0.17893850398741512, 0.0, 0.0, 0.0, 0.0, 1.0, 1.0, 1.0, 0.0, 0.0, 0.0, 0.0, 0.0, 0.0, 0.0, 0.00261982603218314, 0.0, 0.0, 0.0, 1.0, 0.0, 0.0, 0.0, 0.0, 0.0, 0.0, 0.0, 0.0, 0.0, 0.0, 0.0, 0.0, 0.0]  :with objective: -3.5087646667903054

  Local solver returns a feasible point with value -3.5088

  Fixed 38 discretization points based on bounding heuristic


Initial guess for SP: [0.0, 0.0, 0.0, 0.04998218860411918, 0.0, 0.0, 0.5, 0.8834323807145643, 0.0, 0.0, 0.0, 0.5, 0.4512624031775144, 0.4512624031775146, 0.5, 0.6998512792647097, 0.0, 0.0, 0.0, 0.5, 0.0, 0.0, 0.0, 0.5, 0.04998218860411918, 0.0744091173948267, 0.07440911739482682, 0.4297067384675722, 0.0, 0.0, 0.0, 0.5, 0.17893850255691726, 0.17893850255691726, 0.5702932615324278, 0.9500178113958808, 0.0, 0.0, 0.5, 0.9877325764842586, 0.0, 0.0, 0.0, 0.10447973403591548, 0.002619817970732517, 0.002619817970732517, 0.1998512792647097, 0.5, 0.0, 0.0, 0.5, 0.9877325764842586, 0.0, 0.0, 0.5, 0.9877325764842586, 0.0, 0.0, 0.5, 0.8834323807145643, 0.0, 0.0, 0.11656761928543574, 0.5, 0.0, 0.0, 0.012267423515741371, 0.5, 0.0, 0.0, 0.010013000108773689, 0.40811341093446024, 0.0, 0.0, 0.2770511673856676, 0.43524777236267453, 0.0, 0.0, 0.11656761928543574, 0.5]

disc_lower_bound: [0.0, 0.0, 0.0, 0.0, 0.0, 0.0, 0.0, 0.0, 0.0, 0.0, 0.0, 0.0, 0.0, 0.0, 0.0, 0.0, 0.0, 0.0, 0.0, 0.0, 0.0, 0.0, 0.0, 0.0, 0.0, 0.0, 0.0, 0.0, 0.0, 0.0, 0.0, 0.0, 0.0, 0.0, 0.0, 0.0, 0.0, 0.0, 0.0, 0.0, 0.0, 0.0, 0.0, 0.0, 0.0, 0.0, 0.0, 0.0, 0.0, 0.0, 0.0, 0.0, 0.0, 0.0, 0.0, 0.0, 0.0, 0.0, 0.0, 0.0, 0.0, 0.0, 0.0, 0.0, 0.0, 0.0, 0.0, 0.0, 0.0, 0.0, 0.0, 0.0, 0.0, 0.0, 0.0, 0.0, 0.0, 0.0, 0.0, 0.0]

disc_upper_bound: [0.0, 0.0, 0.0, 1.0, 0.0, 0.0, 1.0, 1.0, 0.0, 0.0, 0.0, 1.0, 1.0, 1.0, 1.0, 1.0, 0.0, 0.0, 0.0, 1.0, 0.0, 0.0, 0.0, 1.0, 1.0, 1.0, 1.0, 1.0, 0.0, 0.0, 0.0, 1.0, 1.0, 1.0, 1.0, 1.0, 0.0, 0.0, 1.0, 1.0, 0.0, 0.0, 0.0, 1.0, 1.0, 1.0, 1.0, 1.0, 0.0, 0.0, 1.0, 1.0, 0.0, 0.0, 1.0, 1.0, 0.0, 0.0, 1.0, 1.0, 0.0, 0.0, 1.0, 1.0, 0.0, 0.0, 1.0, 1.0, 0.0, 0.0, 1.0, 1.0, 0.0, 0.0, 1.0, 1.0, 0.0, 0.0, 1.0, 1.0]

fix_disc_point: [1, 1, 1, 0, 1, 1, 0, 0, 1, 1, 1, 0, 0, 0, 0, 0, 1, 1, 1, 0, 1, 1, 1, 0, 0, 0, 0, 0, 1, 1, 1, 0, 0, 0, 0, 0, 1, 1, 0, 0, 1, 1, 1, 0, 0, 0, 0, 0, 1, 1, 0, 0, 1, 1, 0, 0, 1, 1, 0, 0, 1, 1, 0, 0, 1, 1, 0, 0, 1, 1, 0, 0, 1, 1, 0, 0, 1, 1, 0, 0]


Running Proximal Bundle Method MPBNGC.
Ending SP solves because bound converged with best_obj: -3.5087646667903054, bound: -3.508764679311435
MPBNGC terminated with `Failure in function or subgradient calculations (assigned by the user).`
Completed 0 restarts.  stalling_restart = false.  num_func_eval = 1  best_disc_bound: -3.508764679311435

Best found disc_points using mpbngc (without postprocessing): [0.0, 0.0, 0.0, 0.0499821886041192, 0.0, 0.0, 0.5, 0.8834323807145643, 0.0, 0.0, 0.0, 0.5, 0.4512624031775144, 0.4512624031775146, 0.5, 0.6998512792647097, 0.0, 0.0, 0.0, 0.5, 0.0, 0.0, 0.0, 0.5, 0.0499821886041192, 0.0744091173948267, 0.0744091173948268, 0.4297067384675722, 0.0, 0.0, 0.0, 0.5, 0.1789385025569172, 0.1789385025569172, 0.5702932615324278, 0.9500178113958808, 0.0, 0.0, 0.5, 0.9877325764842586, 0.0, 0.0, 0.0, 0.1044797340359155, 0.0026198179707325, 0.0026198179707325, 0.1998512792647097, 0.5, 0.0, 0.0, 0.5, 0.9877325764842586, 0.0, 0.0, 0.5, 0.9877325764842586, 0.0, 0.0, 0.5, 0.8834323807145643, 0.0, 0.0, 0.1165676192854358, 0.5, 0.0, 0.0, 0.0122674235157414, 0.5, 0.0, 0.0, 0.0100130001087737, 0.4081134109344602, 0.0, 0.0, 0.2770511673856676, 0.4352477723626746, 0.0, 0.0, 0.1165676192854358, 0.5]  with bound: -3.508764679311435  in time: 13.64s

  Starting postprocessing to try and eliminate partitioning points that are not useful...
Time for postprocessing: 803.08s


Best found disc_points using mpbngc (with postprocessing): [0.0, 0.0, 0.0, 0.0, 0.0, 0.0, 0.0, 0.0, 0.0, 0.0, 0.0, 0.0, 0.0, 0.0, 0.0, 0.0, 0.0, 0.0, 0.0, 0.0, 0.0, 0.0, 0.0, 0.0, 0.0, 0.0, 0.0, 0.0744091173948268, 0.0, 0.0, 0.0, 0.5, 0.0, 0.0, 0.1789385025569172, 0.5702932615324278, 0.0, 0.0, 0.0, 0.5, 0.0, 0.0, 0.0, 0.1044797340359155, 0.0, 0.0026198179707325, 0.1998512792647097, 0.5, 0.0, 0.0, 0.0, 0.0, 0.0, 0.0, 0.5, 0.9877325764842586, 0.0, 0.0, 0.5, 0.8834323807145643, 0.0, 0.0, 0.1165676192854358, 0.5, 0.0, 0.0, 0.0122674235157414, 0.5, 0.0, 0.0, 0.0100130001087737, 0.4081134109344602, 0.0, 0.0, 0.0, 0.4352477723626746, 0.0, 0.0, 0.1165676192854358, 0.5]  with bound: -3.508764679311435  in time: 816.74s. Excluded 58 discretization points
  Completed presolve in 12.19s
LOWER-BOUNDING ITERATIONS
====================================================================================================
| Iter   | Incumbent       | Best Incumbent      | Lower Bound        | Gap (%)         | Time      
| finish | -3.5088         | -3.5088             | -3.5088            | 0.0             | 13.45s           
Final UBD: -3.5087646667903054
Final LBD: -3.5087646793114353
====================================================================================================

*** Alpine ended with status OPTIMAL ***

 Total time for local solves: 3.13s

 Total time for solving max-min problems: 818.85s

 Total time excluding max-min time: 13.45s

