
PROBLEM STATISTICS
  Objective sense = Min
  # Variables = 120
  # Bin-Int Variables = 0
  # Constraints = 124
  # NL Constraints = 100
  # Linear Constraints = 24
  # Detected convex constraints = 0
  # Detected nonlinear terms = 100
  # Variables involved in nonlinear terms = 20
  # Potential variables for partitioning = 20
SUB-SOLVERS USED BY ALPINE
  NLP local solver = Ipopt
  MIP solver = Gurobi
ALPINE CONFIGURATION
  Maximum iterations (lower-bounding MIPs) =  1
  Relative global optimality gap = 0.01%
  Potential variables chosen for partitioning = All
  Discretization ratio = 10
  Bound-tightening presolve = false
PRESOLVE 
  Doing local search

Feasible solution found during presolve: [0.0, 1.0, 1.0, 1.0, 1.0, 0.0, 0.0, 0.0, 0.27949785508326386, 1.0, 0.0, 0.22515610028226893, 1.0, 1.0, 1.0, 0.0, 0.0, 0.0, 0.053100736430479994, 0.4949208010999161, 0.0, 0.0, 0.0, 0.0, 0.0, 0.0, 0.0, 0.0, 0.0, 0.0, 1.0, 1.0, 0.0, 0.22515609933603042, 1.0, 0.0, 0.0, 0.053100736207319435, 0.4949207990199675, 0.0, 0.0, 0.0, 0.0, 0.0, 0.49492080487780116, 1.0, 0.0, 0.0, 1.0, 0.0, 0.22515609746532872, 1.0, 0.0, 0.0, 0.0, 0.053100735766133805, 0.4949207949079351, 0.0, 0.0, 0.0, 1.0, 0.0, 0.053100736901053366, 0.4949208054858543, 0.0, 0.0, 0.0, 0.0, 0.0, 0.0, 0.0, 0.0, 0.0, 0.0, 0.0, 0.0, 0.0, 0.0, 0.0, 0.0, 0.0, 0.0, 0.0, 0.0, 0.0, 0.0, 0.0, 0.2794978554392024, 0.0, 0.0, 0.0, 0.0, 1.0, 1.0, 1.0, 0.0, 0.0, 0.05310073538279399, 0.0, 0.0, 0.0, 0.0, 0.2251560964514993, 0.0, 0.0, 0.011955954736803484, 1.0, 0.0, 0.0, 0.0, 0.0, 0.0, 0.05310073552703262, 0.0, 0.0, 0.0, 0.0, 0.0, 0.0, 0.02628065901316866]  :with objective: -4.769145092580553

  Local solver returns a feasible point with value -4.7691

  Fixed 42 discretization points based on bounding heuristic


Initial guess for SP: [0.0, 0.0, 0.0, 0.005202748160977988, 0.0, 0.0, 0.5, 0.8998874083535928, 0.0, 0.0, 0.0, 0.9213663990740352, 0.0, 0.0, 0.5, 0.83959859528457, 0.0, 0.0, 0.0, 0.6456518210055031, 0.0, 0.0, 0.0, 0.5, 0.0, 0.0, 0.20470709922577518, 0.35434817899449694, 0.0, 0.0, 0.0, 0.5, 0.27188979545530356, 0.2794978742128174, 0.4201024408776774, 0.994797251839022, 0.0, 0.0, 0.0, 0.5, 0.0, 0.0, 0.0, 0.07863360092596486, 0.2251560715529404, 0.2552179047550135, 0.28885022043383257, 0.5, 0.0, 0.0, 0.0, 0.5, 0.0, 0.0, 0.5, 0.941782430305392, 0.0, 0.0, 0.5, 0.9780576225858865, 0.0, 0.0, 0.10011259164640715, 0.5, 0.0, 0.0, 0.0, 0.5, 0.0, 0.0, 0.0, 0.4753357486345088, 0.01655926888279124, 0.05310076721327961, 0.16040140471543, 0.5, 0.33959859528457, 0.49492078806578055, 0.5, 0.5280676398971159]

disc_lower_bound: [0.0, 0.0, 0.0, 0.0, 0.0, 0.0, 0.0, 0.0, 0.0, 0.0, 0.0, 0.0, 0.0, 0.0, 0.0, 0.0, 0.0, 0.0, 0.0, 0.0, 0.0, 0.0, 0.0, 0.0, 0.0, 0.0, 0.0, 0.0, 0.0, 0.0, 0.0, 0.0, 0.0, 0.0, 0.0, 0.0, 0.0, 0.0, 0.0, 0.0, 0.0, 0.0, 0.0, 0.0, 0.0, 0.0, 0.0, 0.0, 0.0, 0.0, 0.0, 0.0, 0.0, 0.0, 0.0, 0.0, 0.0, 0.0, 0.0, 0.0, 0.0, 0.0, 0.0, 0.0, 0.0, 0.0, 0.0, 0.0, 0.0, 0.0, 0.0, 0.0, 0.0, 0.0, 0.0, 0.0, 0.0, 0.0, 0.0, 0.0]

disc_upper_bound: [0.0, 0.0, 0.0, 1.0, 0.0, 0.0, 1.0, 1.0, 0.0, 0.0, 0.0, 1.0, 0.0, 0.0, 1.0, 1.0, 0.0, 0.0, 0.0, 1.0, 0.0, 0.0, 0.0, 1.0, 0.0, 0.0, 1.0, 1.0, 0.0, 0.0, 0.0, 1.0, 1.0, 1.0, 1.0, 1.0, 0.0, 0.0, 0.0, 1.0, 0.0, 0.0, 0.0, 1.0, 1.0, 1.0, 1.0, 1.0, 0.0, 0.0, 0.0, 1.0, 0.0, 0.0, 1.0, 1.0, 0.0, 0.0, 1.0, 1.0, 0.0, 0.0, 1.0, 1.0, 0.0, 0.0, 0.0, 1.0, 0.0, 0.0, 0.0, 1.0, 1.0, 1.0, 1.0, 1.0, 1.0, 1.0, 1.0, 1.0]

fix_disc_point: [1, 1, 1, 0, 1, 1, 0, 0, 1, 1, 1, 0, 1, 1, 0, 0, 1, 1, 1, 0, 1, 1, 1, 0, 1, 1, 0, 0, 1, 1, 1, 0, 0, 0, 0, 0, 1, 1, 1, 0, 1, 1, 1, 0, 0, 0, 0, 0, 1, 1, 1, 0, 1, 1, 0, 0, 1, 1, 0, 0, 1, 1, 0, 0, 1, 1, 1, 0, 1, 1, 1, 0, 0, 0, 0, 0, 0, 0, 0, 0]


Running Proximal Bundle Method MPBNGC.
Ending SP solves because bound converged with best_obj: -4.769145092580553, bound: -4.769145065328368
MPBNGC terminated with `Failure in function or subgradient calculations (assigned by the user).`
Completed 0 restarts.  stalling_restart = false.  num_func_eval = 1  best_disc_bound: -4.769145065328368

Best found disc_points using mpbngc (without postprocessing): [0.0, 0.0, 0.0, 0.005202748160978, 0.0, 0.0, 0.5, 0.8998874083535928, 0.0, 0.0, 0.0, 0.9213663990740352, 0.0, 0.0, 0.5, 0.83959859528457, 0.0, 0.0, 0.0, 0.6456518210055031, 0.0, 0.0, 0.0, 0.5, 0.0, 0.0, 0.2047070992257752, 0.354348178994497, 0.0, 0.0, 0.0, 0.5, 0.2718897954553036, 0.2794978742128174, 0.4201024408776774, 0.994797251839022, 0.0, 0.0, 0.0, 0.5, 0.0, 0.0, 0.0, 0.0786336009259649, 0.2251560715529404, 0.2552179047550135, 0.2888502204338326, 0.5, 0.0, 0.0, 0.0, 0.5, 0.0, 0.0, 0.5, 0.941782430305392, 0.0, 0.0, 0.5, 0.9780576225858864, 0.0, 0.0, 0.1001125916464072, 0.5, 0.0, 0.0, 0.0, 0.5, 0.0, 0.0, 0.0, 0.4753357486345088, 0.0165592688827912, 0.0531007672132796, 0.16040140471543, 0.5, 0.33959859528457, 0.4949207880657805, 0.5, 0.5280676398971159]  with bound: -4.769145065328368  in time: 14.07s

  Starting postprocessing to try and eliminate partitioning points that are not useful...
Time for postprocessing: 1035.1s


Best found disc_points using mpbngc (with postprocessing): [0.0, 0.0, 0.0, 0.0, 0.0, 0.0, 0.0, 0.0, 0.0, 0.0, 0.0, 0.0, 0.0, 0.0, 0.5, 0.83959859528457, 0.0, 0.0, 0.0, 0.0, 0.0, 0.0, 0.0, 0.0, 0.0, 0.0, 0.0, 0.0, 0.0, 0.0, 0.0, 0.5, 0.0, 0.0, 0.0, 0.4201024408776774, 0.0, 0.0, 0.0, 0.0, 0.0, 0.0, 0.0, 0.0786336009259649, 0.0, 0.0, 0.2251560715529404, 0.5, 0.0, 0.0, 0.0, 0.5, 0.0, 0.0, 0.5, 0.941782430305392, 0.0, 0.0, 0.5, 0.9780576225858864, 0.0, 0.0, 0.1001125916464072, 0.5, 0.0, 0.0, 0.0, 0.5, 0.0, 0.0, 0.0, 0.4753357486345088, 0.0, 0.0, 0.16040140471543, 0.5, 0.0, 0.33959859528457, 0.4949207880657805, 0.5280676398971159]  with bound: -4.769145065328368  in time: 1049.19s. Excluded 59 discretization points
  Completed presolve in 12.54s
LOWER-BOUNDING ITERATIONS
====================================================================================================
| Iter   | Incumbent       | Best Incumbent      | Lower Bound        | Gap (%)         | Time      
| finish | -4.7691         | -4.7691             | -4.7691            | 0.0             | 14.43s           
Final UBD: -4.769145092580553
Final LBD: -4.769145065328363
====================================================================================================

*** Alpine ended with status OPTIMAL ***

 Total time for local solves: 3.2s

 Total time for solving max-min problems: 1051.39s

 Total time excluding max-min time: 14.43s

