
PROBLEM STATISTICS
  Objective sense = Min
  # Variables = 120
  # Bin-Int Variables = 0
  # Constraints = 124
  # NL Constraints = 100
  # Linear Constraints = 24
  # Detected convex constraints = 0
  # Detected nonlinear terms = 100
  # Variables involved in nonlinear terms = 20
  # Potential variables for partitioning = 20
SUB-SOLVERS USED BY ALPINE
  NLP local solver = Ipopt
  MIP solver = Gurobi
ALPINE CONFIGURATION
  Maximum iterations (lower-bounding MIPs) =  1
  Relative global optimality gap = 0.01%
  Potential variables chosen for partitioning = All
  Discretization ratio = 10
  Bound-tightening presolve = false
PRESOLVE 
  Doing local search

Feasible solution found during presolve: [0.0, 1.0, 1.0, 1.0, 1.0, 0.0, 0.0, 0.0, 0.2794978521543129, 1.0, 0.0, 0.22515609722678462, 1.0, 1.0, 1.0, 0.0, 0.0, 0.0, 0.0531007324511578, 0.49492080127560484, 0.0, 0.0, 0.0, 0.0, 0.0, 0.0, 0.0, 0.0, 0.0, 0.0, 1.0, 1.0, 0.0, 0.22515609634007716, 1.0, 0.0, 0.0, 0.05310073224203704, 0.49492079932651273, 0.0, 0.0, 0.0, 0.0, 0.0, 0.4949208050552422, 1.0, 0.0, 0.0, 1.0, 0.0, 0.22515609402781145, 1.0, 0.0, 0.0, 0.0, 0.05310073169671312, 0.4949207942438682, 0.0, 0.0, 0.0, 1.0, 0.0, 0.053100732922885925, 0.4949208056723061, 0.0, 0.0, 0.0, 0.0, 0.0, 0.0, 0.0, 0.0, 0.0, 0.0, 0.0, 0.0, 0.0, 0.0, 0.0, 0.0, 0.0, 0.0, 0.0, 0.0, 0.0, 0.0, 0.0, 0.279497852649714, 0.0, 0.0, 0.0, 0.0, 1.0, 1.0, 1.0, 0.0, 0.0, 0.05310073143180876, 0.0, 0.0, 0.0, 0.0, 0.22515609150455246, 0.0, 0.0, 0.011955953678586366, 1.0, 0.0, 0.0, 0.0, 0.0, 0.0, 0.05310073110162865, 0.0, 0.0, 0.0, 0.0, 0.0, 0.0, 0.026280657053048533]  :with objective: -4.940191512965726

  Local solver returns a feasible point with value -4.9402

  Fixed 43 discretization points based on bounding heuristic


Initial guess for SP: [0.0, 0.0, 0.0, 0.0, 0.0, 0.0, 0.5020229855736251, 0.9146384672245617, 0.0, 0.0, 0.0, 0.9180887771708272, 0.0, 0.4979770144263749, 0.8394635810106592, 0.9834073169511501, 0.0, 0.0, 0.0, 0.6431894411925027, 0.0, 0.0, 0.0, 0.4979770144263749, 0.0, 0.0, 0.19263990951339205, 0.35681055880749735, 0.0, 0.0, 0.0, 0.5020229855736251, 0.0, 0.274068994832248, 0.27469382400368425, 0.3908106008507813, 0.0, 0.0, 0.0, 0.4979770144263748, 0.0, 0.0, 0.0, 0.08191122282917283, 0.22111845728952126, 0.24660722520348227, 0.2688548436443588, 0.4979770144263749, 0.0, 0.0, 0.0, 0.5020229855736251, 0.0, 0.4979770144263748, 0.9584578217740211, 0.9957062939312963, 0.0, 0.0, 0.0, 0.5020229855736251, 0.0, 0.0, 0.08536153277543834, 0.4979770144263748, 0.0, 0.0, 0.0, 0.4979770144263748, 0.0, 0.0, 0.0, 0.48419225160444435, 0.027025933717953345, 0.04702713619548311, 0.1592426022957255, 0.4979770144263748, 0.34148656658428433, 0.4834226954745486, 0.5020229855736251, 0.5185733114127828]

disc_lower_bound: [0.0, 0.0, 0.0, 0.0, 0.0, 0.0, 0.0, 0.0, 0.0, 0.0, 0.0, 0.0, 0.0, 0.0, 0.0, 0.0, 0.0, 0.0, 0.0, 0.0, 0.0, 0.0, 0.0, 0.0, 0.0, 0.0, 0.0, 0.0, 0.0, 0.0, 0.0, 0.0, 0.0, 0.0, 0.0, 0.0, 0.0, 0.0, 0.0, 0.0, 0.0, 0.0, 0.0, 0.0, 0.0, 0.0, 0.0, 0.0, 0.0, 0.0, 0.0, 0.0, 0.0, 0.0, 0.0, 0.0, 0.0, 0.0, 0.0, 0.0, 0.0, 0.0, 0.0, 0.0, 0.0, 0.0, 0.0, 0.0, 0.0, 0.0, 0.0, 0.0, 0.0, 0.0, 0.0, 0.0, 0.0, 0.0, 0.0, 0.0]

disc_upper_bound: [0.0, 0.0, 0.0, 0.0, 0.0, 0.0, 1.0, 1.0, 0.0, 0.0, 0.0, 1.0, 0.0, 1.0, 1.0, 1.0, 0.0, 0.0, 0.0, 1.0, 0.0, 0.0, 0.0, 1.0, 0.0, 0.0, 1.0, 1.0, 0.0, 0.0, 0.0, 1.0, 0.0, 1.0, 1.0, 1.0, 0.0, 0.0, 0.0, 1.0, 0.0, 0.0, 0.0, 1.0, 1.0, 1.0, 1.0, 1.0, 0.0, 0.0, 0.0, 1.0, 0.0, 1.0, 1.0, 1.0, 0.0, 0.0, 0.0, 1.0, 0.0, 0.0, 1.0, 1.0, 0.0, 0.0, 0.0, 1.0, 0.0, 0.0, 0.0, 1.0, 1.0, 1.0, 1.0, 1.0, 1.0, 1.0, 1.0, 1.0]

fix_disc_point: [1, 1, 1, 1, 1, 1, 0, 0, 1, 1, 1, 0, 1, 0, 0, 0, 1, 1, 1, 0, 1, 1, 1, 0, 1, 1, 0, 0, 1, 1, 1, 0, 1, 0, 0, 0, 1, 1, 1, 0, 1, 1, 1, 0, 0, 0, 0, 0, 1, 1, 1, 0, 1, 0, 0, 0, 1, 1, 1, 0, 1, 1, 0, 0, 1, 1, 1, 0, 1, 1, 1, 0, 0, 0, 0, 0, 0, 0, 0, 0]


Running Proximal Bundle Method MPBNGC.
Ending SP solves because bound converged with best_obj: -4.940191512965726, bound: -4.940192123992246
MPBNGC terminated with `Failure in function or subgradient calculations (assigned by the user).`
Completed 0 restarts.  stalling_restart = false.  num_func_eval = 4  best_disc_bound: -4.940192123992246

Best found disc_points using mpbngc (without postprocessing): [-1.0e-16, -0.0, -0.0, -1.0e-16, 0.0, 0.0, 0.5020229855736251, 0.9146384672245615, 0.0, 0.0, 0.0, 0.9180887771708272, 0.0, 0.4979770144263749, 0.8394635810106592, 0.9834073169511502, 0.0, 0.0, 0.0, 0.6431894411925027, -0.0, -0.0, -0.0, 0.4979770144263749, 0.0, 0.0, 0.192639909513392, 0.3568105588074974, 0.0, 0.0, -1.0e-16, 0.5020229855736251, 0.0, 0.274068994832248, 0.2746938240036842, 0.3908106008507813, 0.0, 0.0, 0.0, 0.4979770144263748, 0.0, -0.0, -0.0, 0.0819112228291728, 0.2217301918183979, 0.246580448921854, 0.2688548436443588, 0.4979770144263749, 0.0, 0.0, 0.0, 0.5020229855736251, 0.0, 0.4979770144263748, 0.958457821774021, 0.9957062939312962, 0.0, 0.0, 0.0, 0.5020229855736251, 1.0e-16, -1.0e-16, 0.0853615327754383, 0.4979770144263748, 0.0, -1.0e-16, -1.0e-16, 0.4979770144263748, 0.0, 1.0e-16, 0.0, 0.4841922516044443, 0.0270259337179533, 0.0531554978217515, 0.1592426022957255, 0.4979770144263748, 0.3414865665842844, 0.4871119597092572, 0.5018615024898916, 0.5185733114127828]  with bound: -4.940192123992246  in time: 25.24s

  Starting postprocessing to try and eliminate partitioning points that are not useful...
Time for postprocessing: 919.45s


Best found disc_points using mpbngc (with postprocessing): [0.0, 0.0, 0.0, 0.0, 0.0, 0.0, 0.0, 0.0, 0.0, 0.0, 0.0, 0.0, 0.0, 0.0, 0.4979770144263749, 0.8394635810106592, 0.0, 0.0, 0.0, 0.0, 0.0, 0.0, 0.0, 0.0, 0.0, 0.0, 0.0, 0.3568105588074974, 0.0, 0.0, 0.0, 0.0, 0.0, 0.0, 0.0, 0.3908106008507813, 0.0, 0.0, 0.0, 0.4979770144263748, 0.0, 0.0, 0.0, 0.0819112228291728, 0.0, 0.0, 0.2217301918183979, 0.4979770144263749, 0.0, 0.0, 0.0, 0.5020229855736251, 0.0, 0.0, 0.4979770144263748, 0.958457821774021, 0.0, 0.0, 0.0, 0.5020229855736251, 0.0, 0.0, 0.0853615327754383, 0.4979770144263748, 0.0, 0.0, 0.0, 0.4979770144263748, 0.0, 0.0, 0.0, 0.4841922516044443, 0.0, 0.0531554978217515, 0.1592426022957255, 0.4979770144263748, 0.0, 0.0, 0.3414865665842844, 0.5185733114127828]  with bound: -4.940192123992246  in time: 944.7s. Excluded 59 discretization points
  Completed presolve in 12.22s
LOWER-BOUNDING ITERATIONS
====================================================================================================
| Iter   | Incumbent       | Best Incumbent      | Lower Bound        | Gap (%)         | Time      
| finish | -4.9402         | -4.9402             | -4.9402            | 0.0             | 13.65s           
Final UBD: -4.940191512965726
Final LBD: -4.9401956988301
====================================================================================================

*** Alpine ended with status OPTIMAL ***

 Total time for local solves: 3.14s

 Total time for solving max-min problems: 946.83s

 Total time excluding max-min time: 13.65s

 Iter:   0  Nfun:   1  f1(x) =  4.940274         Eps = 0.5721026E-04
 Iter:   1  Nfun:   2  f1(x) =  4.940199         Eps = 0.1724144E-04
 Iter:   2  Nfun:   3  f1(x) =  4.940199         Eps = 0.6377022E-05
