
PROBLEM STATISTICS
  Objective sense = Min
  # Variables = 120
  # Bin-Int Variables = 0
  # Constraints = 124
  # NL Constraints = 100
  # Linear Constraints = 24
  # Detected convex constraints = 0
  # Detected nonlinear terms = 100
  # Variables involved in nonlinear terms = 20
  # Potential variables for partitioning = 20
SUB-SOLVERS USED BY ALPINE
  NLP local solver = Ipopt
  MIP solver = Gurobi
ALPINE CONFIGURATION
  Maximum iterations (lower-bounding MIPs) =  1
  Relative global optimality gap = 0.01%
  Potential variables chosen for partitioning = All
  Discretization ratio = 10
  Bound-tightening presolve = false
PRESOLVE 
  Doing local search

Feasible solution found during presolve: [0.0, 1.0, 1.0, 1.0, 1.0, 0.0, 0.0, 0.0, 0.26844208805168873, 1.0, 0.0, 0.268840813632792, 1.0, 0.9154004612021857, 1.0, 0.0, 0.0, 0.0, 0.0, 0.543088549278048, 0.0, 0.0, 0.0, 0.0, 0.0, 0.0, 0.0, 0.0, 0.0, 0.0, 1.0, 1.0, 0.0, 0.2688408129374402, 0.9154004588345194, 0.0, 0.0, 0.0, 0.5430885478733595, 0.0, 0.0, 0.0, 0.0, 0.0, 0.5430885535471278, 1.0, 0.0, 0.0, 1.0, 0.0, 0.2688408125439815, 1.0, 0.0, 0.0, 0.0, 0.0, 0.5430885470785287, 0.0, 0.0, 0.0, 1.0, 0.0, 0.0, 0.5430885541568227, 0.0, 0.0, 0.0, 0.0, 0.0, 0.0, 0.0, 0.0, 0.0, 0.0, 0.0, 0.0, 0.0, 0.0, 0.0, 0.0, 0.0, 0.0, 0.0, 0.0, 0.0, 0.0, 0.0, 0.2684420898346634, 0.0, 0.0, 0.0, 0.0, 1.0, 0.9154004354859866, 1.0, 0.0, 0.0, 0.0, 0.0, 0.0, 0.0, 0.0, 0.24609700478942864, 0.0, 0.0, 0.0, 1.0, 0.0, 0.0, 0.0, 0.0, 0.0, 0.0, 0.0, 0.0, 0.0, 0.0, 0.0, 0.0, 0.0]  :with objective: -5.597572913890464

  Local solver returns a feasible point with value -5.5976

  Fixed 33 discretization points based on bounding heuristic


Initial guess for SP: [0.0, 0.0, 0.0, 0.1151895305735745, 0.0, 0.0, 0.5297399724241587, 0.8644956976997147, 0.0, 0.0, 0.7026519241244131, 0.9870753157185577, 0.0, 0.0, 0.5, 0.8559261957700288, 0.0, 0.0, 0.0, 0.7746697787564022, 0.0, 0.0, 0.0, 0.47026002757584123, 0.0, 0.0, 0.135504302300285, 0.4702600275758413, 0.0, 0.0, 0.14190217609165834, 0.5, 0.2684738665483362, 0.27634481807164735, 0.6298544487208825, 0.8848104694264255, 0.0, 0.0, 0.47026002757584123, 0.9273664535205467, 0.0, 0.0, 0.012924684281442373, 0.29734807587558687, 0.2689242230220773, 0.2782791082309844, 0.5, 0.644073804229971, 0.0, 0.0, 0.5, 0.9314441516022733, 0.5, 0.8559261957700292, 0.9154391927342826, 0.9361116552911526, 0.0, 0.0, 0.5297399724241587, 0.9355218496839997, 0.0, 0.015800689900562284, 0.135504302300285, 0.47026002757584123, 0.0, 0.0, 0.06855584839772676, 0.5, 0.0, 0.0, 0.1440738042299712, 0.5, 0.0, 0.00825618215329872, 0.077246839556766, 0.5, 0.5, 0.5415033275798595, 0.5431189153250577, 0.8559261957700289]

disc_lower_bound: [0.0, 0.0, 0.0, 0.0, 0.0, 0.0, 0.0, 0.0, 0.0, 0.0, 0.0, 0.0, 0.0, 0.0, 0.0, 0.0, 0.0, 0.0, 0.0, 0.0, 0.0, 0.0, 0.0, 0.0, 0.0, 0.0, 0.0, 0.0, 0.0, 0.0, 0.0, 0.0, 0.0, 0.0, 0.0, 0.0, 0.0, 0.0, 0.0, 0.0, 0.0, 0.0, 0.0, 0.0, 0.0, 0.0, 0.0, 0.0, 0.0, 0.0, 0.0, 0.0, 0.0, 0.0, 0.0, 0.0, 0.0, 0.0, 0.0, 0.0, 0.0, 0.0, 0.0, 0.0, 0.0, 0.0, 0.0, 0.0, 0.0, 0.0, 0.0, 0.0, 0.0, 0.0, 0.0, 0.0, 0.0, 0.0, 0.0, 0.0]

disc_upper_bound: [0.0, 0.0, 0.0, 1.0, 0.0, 0.0, 1.0, 1.0, 0.0, 0.0, 1.0, 1.0, 0.0, 0.0, 1.0, 1.0, 0.0, 0.0, 0.0, 1.0, 0.0, 0.0, 0.0, 1.0, 0.0, 0.0, 1.0, 1.0, 0.0, 0.0, 1.0, 1.0, 1.0, 1.0, 1.0, 1.0, 0.0, 0.0, 1.0, 1.0, 0.0, 0.0, 1.0, 1.0, 1.0, 1.0, 1.0, 1.0, 0.0, 0.0, 1.0, 1.0, 1.0, 1.0, 1.0, 1.0, 0.0, 0.0, 1.0, 1.0, 0.0, 1.0, 1.0, 1.0, 0.0, 0.0, 1.0, 1.0, 0.0, 0.0, 1.0, 1.0, 0.0, 1.0, 1.0, 1.0, 1.0, 1.0, 1.0, 1.0]

fix_disc_point: [1, 1, 1, 0, 1, 1, 0, 0, 1, 1, 0, 0, 1, 1, 0, 0, 1, 1, 1, 0, 1, 1, 1, 0, 1, 1, 0, 0, 1, 1, 0, 0, 0, 0, 0, 0, 1, 1, 0, 0, 1, 1, 0, 0, 0, 0, 0, 0, 1, 1, 0, 0, 0, 0, 0, 0, 1, 1, 0, 0, 1, 0, 0, 0, 1, 1, 0, 0, 1, 1, 0, 0, 1, 0, 0, 0, 0, 0, 0, 0]


Running Proximal Bundle Method MPBNGC.
Ending SP solves because bound converged with best_obj: -5.597572913890464, bound: -5.597575030887819
MPBNGC terminated with `Failure in function or subgradient calculations (assigned by the user).`
Completed 0 restarts.  stalling_restart = false.  num_func_eval = 2  best_disc_bound: -5.597575030887819

Best found disc_points using mpbngc (without postprocessing): [0.0, 0.0, 0.0, 0.1151895305735745, 0.0, 0.0, 0.5297399724241587, 0.8644956976997147, 0.0, 0.0, 0.7026519241244131, 0.9870753157185576, 0.0, 0.0, 0.5, 0.8559261957700288, 0.0, 0.0, 0.0, 0.7746697787564022, 0.0, 0.0, 0.0, 0.4702600275758412, 0.0, 0.0, 0.135504302300285, 0.4702600275758413, 0.0, 0.0, 0.1419021760916584, 0.5, 0.2684738665483362, 0.2763448180716474, 0.6298544487208825, 0.8848104694264255, 0.0, 0.0, 0.4702600275758412, 0.9273664535205466, 0.0, 0.0, 0.0129246842814424, 0.2973480758755868, 0.2263780525030895, 0.2782791082309844, 0.5, 0.644073804229971, 0.0, 0.0, 0.5, 0.9314441516022735, 0.5, 0.8559858551982669, 0.9154391927342828, 0.9361116552911526, 0.0, 0.0, 0.5297399724241587, 0.9355218496839997, 0.0, 0.0158006899005623, 0.135504302300285, 0.4702600275758412, 0.0, 0.0, 0.0685558483977268, 0.5, 0.0, 0.0, 0.1440738042299712, 0.5, 0.0, 0.0082561821532987, 0.077246839556766, 0.5, 0.5, 0.541503327579859, 0.5431189153250293, 0.8559261957700289]  with bound: -5.597575030887819  in time: 25.86s

  Starting postprocessing to try and eliminate partitioning points that are not useful...
Time for postprocessing: 931.19s


Best found disc_points using mpbngc (with postprocessing): [0.0, 0.0, 0.0, 0.0, 0.0, 0.0, 0.0, 0.0, 0.0, 0.0, 0.0, 0.0, 0.0, 0.0, 0.0, 0.0, 0.0, 0.0, 0.0, 0.0, 0.0, 0.0, 0.0, 0.0, 0.0, 0.0, 0.0, 0.0, 0.0, 0.0, 0.0, 0.0, 0.0, 0.0, 0.2763448180716474, 0.8848104694264255, 0.0, 0.0, 0.0, 0.4702600275758412, 0.0, 0.0, 0.0129246842814424, 0.2973480758755868, 0.2263780525030895, 0.2782791082309844, 0.5, 0.644073804229971, 0.0, 0.0, 0.0, 0.0, 0.5, 0.8559858551982669, 0.9154391927342828, 0.9361116552911526, 0.0, 0.0, 0.5297399724241587, 0.9355218496839997, 0.0, 0.0, 0.135504302300285, 0.4702600275758412, 0.0, 0.0, 0.0685558483977268, 0.5, 0.0, 0.0, 0.1440738042299712, 0.5, 0.0, 0.0, 0.077246839556766, 0.5, 0.0, 0.5, 0.5431189153250293, 0.8559261957700289]  with bound: -5.597575030887819  in time: 957.09s. Excluded 54 discretization points
  Completed presolve in 12.48s
LOWER-BOUNDING ITERATIONS
====================================================================================================
| Iter   | Incumbent       | Best Incumbent      | Lower Bound        | Gap (%)         | Time      
| finish | -5.5976         | -5.5976             | -5.5976            | 0.0             | 14.75s           
Final UBD: -5.597572913890464
Final LBD: -5.597575030887821
====================================================================================================

*** Alpine ended with status OPTIMAL ***

 Total time for local solves: 3.2s

 Total time for solving max-min problems: 959.28s

 Total time excluding max-min time: 14.75s

 Iter:   0  Nfun:   1  f1(x) =  5.597579         Eps = 0.1637554E-02
