
PROBLEM STATISTICS
  Objective sense = Min
  # Variables = 120
  # Bin-Int Variables = 0
  # Constraints = 124
  # NL Constraints = 100
  # Linear Constraints = 24
  # Detected convex constraints = 0
  # Detected nonlinear terms = 100
  # Variables involved in nonlinear terms = 20
  # Potential variables for partitioning = 20
SUB-SOLVERS USED BY ALPINE
  NLP local solver = Ipopt
  MIP solver = Gurobi
ALPINE CONFIGURATION
  Maximum iterations (lower-bounding MIPs) =  1
  Relative global optimality gap = 0.01%
  Potential variables chosen for partitioning = All
  Discretization ratio = 10
  Bound-tightening presolve = false
PRESOLVE 
  Doing local search

Feasible solution found during presolve: [0.0, 1.0, 1.0, 1.0, 1.0, 0.0, 0.0, 0.0, 0.27949785293591456, 1.0, 0.0, 0.2251560784281487, 1.0, 1.0, 1.0, 0.0, 0.0, 0.0, 0.053100747116317036, 0.49492078367793324, 0.0, 0.0, 0.0, 0.0, 0.0, 0.0, 0.0, 0.0, 0.0, 0.0, 1.0, 1.0, 0.0, 0.22515607752395095, 1.0, 0.0, 0.0, 0.05310074690307129, 0.4949207816903952, 0.0, 0.0, 0.0, 0.0, 0.0, 0.4949207875663874, 1.0, 0.0, 0.0, 1.0, 0.0, 0.22515607483052708, 1.0, 0.0, 0.0, 0.0, 0.05310074626785496, 0.49492077576991794, 0.0, 0.0, 0.0, 1.0, 0.0, 0.05310074759265135, 0.49492078811756474, 0.0, 0.0, 0.0, 0.0, 0.0, 0.0, 0.0, 0.0, 0.0, 0.0, 0.0, 0.0, 0.0, 0.0, 0.0, 0.0, 0.0, 0.0, 0.0, 0.0, 0.0, 0.0, 0.0, 0.2794978533519987, 0.0, 0.0, 0.0, 0.0, 1.0, 1.0, 1.0, 0.0, 0.0, 0.05310074626283643, 0.0, 0.0, 0.0, 0.0, 0.22515607747737804, 0.0, 0.0, 0.01195595598231477, 1.0, 0.0, 0.0, 0.0, 0.0, 0.0, 0.05310074689208755, 0.0, 0.0, 0.0, 0.0, 0.0, 0.0, 0.026280663376691382]  :with objective: -5.367161960479674

  Local solver returns a feasible point with value -5.3672

  Fixed 46 discretization points based on bounding heuristic


Initial guess for SP: [0.0, 0.0, 0.0, 0.00520274816097821, 0.0, 0.0, 0.0, 0.5, 0.0, 0.0, 0.0, 0.9213663990740353, 0.0, 0.0, 0.5, 0.9158943218373787, 0.0, 0.0, 0.0, 0.6456518210055031, 0.0, 0.0, 0.0, 0.5, 0.0, 0.0, 0.11927966390114128, 0.3543481789944969, 0.0, 0.0, 0.0, 0.5, 0.2794978742128173, 0.2794978742128175, 0.3217256702870187, 0.9947972518390218, 0.0, 0.0, 0.0, 0.5, 0.0, 0.0, 0.0, 0.0786336009259647, 0.1683085605796125, 0.22515607155294062, 0.22515607155294085, 0.5, 0.0, 0.0, 0.0, 0.5, 0.0, 0.0, 0.0, 0.5, 0.0, 0.0, 0.0, 0.5, 0.0, 0.0, 0.0, 0.5, 0.0, 0.0, 0.0, 0.5, 0.0, 0.0, 0.0, 0.4753357486345087, 0.05310076721327931, 0.05310076721327945, 0.1299652705551304, 0.5, 0.3700347294448696, 0.4949207880657809, 0.4949207880657809, 0.5]

disc_lower_bound: [0.0, 0.0, 0.0, 0.0, 0.0, 0.0, 0.0, 0.0, 0.0, 0.0, 0.0, 0.0, 0.0, 0.0, 0.0, 0.0, 0.0, 0.0, 0.0, 0.0, 0.0, 0.0, 0.0, 0.0, 0.0, 0.0, 0.0, 0.0, 0.0, 0.0, 0.0, 0.0, 0.0, 0.0, 0.0, 0.0, 0.0, 0.0, 0.0, 0.0, 0.0, 0.0, 0.0, 0.0, 0.0, 0.0, 0.0, 0.0, 0.0, 0.0, 0.0, 0.0, 0.0, 0.0, 0.0, 0.0, 0.0, 0.0, 0.0, 0.0, 0.0, 0.0, 0.0, 0.0, 0.0, 0.0, 0.0, 0.0, 0.0, 0.0, 0.0, 0.0, 0.0, 0.0, 0.0, 0.0, 0.0, 0.0, 0.0, 0.0]

disc_upper_bound: [0.0, 0.0, 0.0, 1.0, 0.0, 0.0, 0.0, 1.0, 0.0, 0.0, 0.0, 1.0, 0.0, 0.0, 1.0, 1.0, 0.0, 0.0, 0.0, 1.0, 0.0, 0.0, 0.0, 1.0, 0.0, 0.0, 1.0, 1.0, 0.0, 0.0, 0.0, 1.0, 1.0, 1.0, 1.0, 1.0, 0.0, 0.0, 0.0, 1.0, 0.0, 0.0, 0.0, 1.0, 1.0, 1.0, 1.0, 1.0, 0.0, 0.0, 0.0, 1.0, 0.0, 0.0, 0.0, 1.0, 0.0, 0.0, 0.0, 1.0, 0.0, 0.0, 0.0, 1.0, 0.0, 0.0, 0.0, 1.0, 0.0, 0.0, 0.0, 1.0, 1.0, 1.0, 1.0, 1.0, 1.0, 1.0, 1.0, 1.0]

fix_disc_point: [1, 1, 1, 0, 1, 1, 1, 0, 1, 1, 1, 0, 1, 1, 0, 0, 1, 1, 1, 0, 1, 1, 1, 0, 1, 1, 0, 0, 1, 1, 1, 0, 0, 0, 0, 0, 1, 1, 1, 0, 1, 1, 1, 0, 0, 0, 0, 0, 1, 1, 1, 0, 1, 1, 1, 0, 1, 1, 1, 0, 1, 1, 1, 0, 1, 1, 1, 0, 1, 1, 1, 0, 0, 0, 0, 0, 0, 0, 0, 0]


Running Proximal Bundle Method MPBNGC.
Ending SP solves because bound converged with best_obj: -5.367161960479674, bound: -5.367161898299848
MPBNGC terminated with `Failure in function or subgradient calculations (assigned by the user).`
Completed 0 restarts.  stalling_restart = false.  num_func_eval = 1  best_disc_bound: -5.367161898299848

Best found disc_points using mpbngc (without postprocessing): [0.0, 0.0, 0.0, 0.0052027481609782, 0.0, 0.0, 0.0, 0.5, 0.0, 0.0, 0.0, 0.9213663990740352, 0.0, 0.0, 0.5, 0.9158943218373788, 0.0, 0.0, 0.0, 0.6456518210055031, 0.0, 0.0, 0.0, 0.5, 0.0, 0.0, 0.1192796639011413, 0.3543481789944969, 0.0, 0.0, 0.0, 0.5, 0.2794978742128173, 0.2794978742128175, 0.3217256702870187, 0.9947972518390218, 0.0, 0.0, 0.0, 0.5, 0.0, 0.0, 0.0, 0.0786336009259647, 0.1683085605796125, 0.2251560715529406, 0.2251560715529408, 0.5, 0.0, 0.0, 0.0, 0.5, 0.0, 0.0, 0.0, 0.5, 0.0, 0.0, 0.0, 0.5, 0.0, 0.0, 0.0, 0.5, 0.0, 0.0, 0.0, 0.5, 0.0, 0.0, 0.0, 0.4753357486345087, 0.0531007672132793, 0.0531007672132794, 0.1299652705551304, 0.5, 0.3700347294448696, 0.4949207880657809, 0.4949207880657809, 0.5]  with bound: -5.367161898299848  in time: 13.39s

  Starting postprocessing to try and eliminate partitioning points that are not useful...
Time for postprocessing: 1089.56s


Best found disc_points using mpbngc (with postprocessing): [0.0, 0.0, 0.0, 0.0, 0.0, 0.0, 0.0, 0.5, 0.0, 0.0, 0.0, 0.0, 0.0, 0.0, 0.0, 0.5, 0.0, 0.0, 0.0, 0.0, 0.0, 0.0, 0.0, 0.0, 0.0, 0.0, 0.0, 0.1192796639011413, 0.0, 0.0, 0.0, 0.5, 0.0, 0.0, 0.0, 0.3217256702870187, 0.0, 0.0, 0.0, 0.5, 0.0, 0.0, 0.0, 0.0, 0.0, 0.0, 0.2251560715529408, 0.5, 0.0, 0.0, 0.0, 0.5, 0.0, 0.0, 0.0, 0.5, 0.0, 0.0, 0.0, 0.5, 0.0, 0.0, 0.0, 0.5, 0.0, 0.0, 0.0, 0.0, 0.0, 0.0, 0.0, 0.4753357486345087, 0.0, 0.0, 0.1299652705551304, 0.5, 0.0, 0.0, 0.3700347294448696, 0.4949207880657809]  with bound: -5.367161898299848  in time: 1102.97s. Excluded 63 discretization points
  Completed presolve in 12.34s
LOWER-BOUNDING ITERATIONS
====================================================================================================
| Iter   | Incumbent       | Best Incumbent      | Lower Bound        | Gap (%)         | Time      
| finish | -5.3672         | -5.3672             | -5.3672            | 0.0             | 13.9s            
Final UBD: -5.367161960479674
Final LBD: -5.367161898299847
====================================================================================================

*** Alpine ended with status OPTIMAL ***

 Total time for local solves: 3.21s

 Total time for solving max-min problems: 1105.06s

 Total time excluding max-min time: 13.9s

