
PROBLEM STATISTICS
  Objective sense = Min
  # Variables = 120
  # Bin-Int Variables = 0
  # Constraints = 124
  # NL Constraints = 100
  # Linear Constraints = 24
  # Detected convex constraints = 0
  # Detected nonlinear terms = 100
  # Variables involved in nonlinear terms = 20
  # Potential variables for partitioning = 20
SUB-SOLVERS USED BY ALPINE
  NLP local solver = Ipopt
  MIP solver = Gurobi
ALPINE CONFIGURATION
  Maximum iterations (lower-bounding MIPs) =  1
  Relative global optimality gap = 0.01%
  Potential variables chosen for partitioning = All
  Discretization ratio = 10
  Bound-tightening presolve = false
PRESOLVE 
  Doing local search

Feasible solution found during presolve: [0.0, 1.0, 1.0, 0.4512624224993382, 1.0, 0.0, 0.07440912856885397, 0.0, 0.1789385044811742, 1.0, 0.0, 0.002619826448140773, 1.0, 1.0, 1.0, 0.0, 0.0, 0.0, 0.0, 0.0, 0.0, 0.0, 0.0, 0.0, 0.0, 0.0, 0.0, 0.0, 0.0, 0.0, 1.0, 1.0, 0.0, 0.002619826413563079, 1.0, 0.0, 0.0, 0.0, 0.0, 0.0, 0.0, 0.0, 0.0, 0.0, 0.0, 0.45126242613152223, 0.0, 0.0, 0.45126241863388217, 0.0, 0.0011822292295158388, 0.45126242532172817, 0.0, 0.0, 0.0, 0.0, 0.0, 0.0, 0.07440912916776857, 0.0, 1.0, 0.0, 0.0, 0.0, 0.0, 0.0, 0.0, 0.0, 0.0, 0.0, 0.0, 0.0, 0.0, 0.013314658185858128, 0.00019493900300780027, 0.07440912903424078, 0.0, 0.0, 0.0, 0.0, 0.0, 0.0, 0.0, 0.0, 0.0, 0.0, 0.0, 0.17893850560033286, 0.0, 0.0, 0.0, 0.0, 1.0, 1.0, 1.0, 0.0, 0.0, 0.0, 0.0, 0.0, 0.0, 0.0, 0.002619826460005696, 0.0, 0.0, 0.0, 1.0, 0.0, 0.0, 0.0, 0.0, 0.0, 0.0, 0.0, 0.0, 0.0, 0.0, 0.0, 0.0, 0.0]  :with objective: -3.6210564493730244

  Local solver returns a feasible point with value -3.6211

  Fixed 45 discretization points based on bounding heuristic


Initial guess for SP: [0.0, 0.0, 0.0, 0.061261465445963226, 0.0, 0.0, 0.5, 0.8817415616413847, 0.0, 0.0, 0.0, 0.5, 0.45126240317751437, 0.45126240317751465, 0.5, 0.7113658103110905, 0.0, 0.0, 0.0, 0.5720184129441269, 0.0, 0.0, 0.0, 0.5, 0.07440911739482634, 0.07440911739482672, 0.13569458634825482, 0.5010638145737816, 0.0, 0.0, 0.0, 0.5, 0.17893850255691665, 0.17893850255691712, 0.5419040725015175, 0.9387385345540368, 0.0, 0.0, 0.0, 0.5, 0.0, 0.0, 0.0, 0.0, 0.0026198179707325586, 0.0026198179707325967, 0.21136581031109047, 0.5, 0.0, 0.0, 0.0, 0.5, 0.0, 0.0, 0.0, 0.5, 0.0, 0.0, 0.0, 0.5, 0.0, 0.0, 0.11825843835861527, 0.5, 0.0, 0.0, 0.0, 0.5, 0.0, 0.0, 0.0, 0.4634261657047564, 0.0, 0.0, 0.37119444828907655, 0.5, 0.0, 0.0, 0.12026693295426805, 0.5]

disc_lower_bound: [0.0, 0.0, 0.0, 0.0, 0.0, 0.0, 0.0, 0.0, 0.0, 0.0, 0.0, 0.0, 0.0, 0.0, 0.0, 0.0, 0.0, 0.0, 0.0, 0.0, 0.0, 0.0, 0.0, 0.0, 0.0, 0.0, 0.0, 0.0, 0.0, 0.0, 0.0, 0.0, 0.0, 0.0, 0.0, 0.0, 0.0, 0.0, 0.0, 0.0, 0.0, 0.0, 0.0, 0.0, 0.0, 0.0, 0.0, 0.0, 0.0, 0.0, 0.0, 0.0, 0.0, 0.0, 0.0, 0.0, 0.0, 0.0, 0.0, 0.0, 0.0, 0.0, 0.0, 0.0, 0.0, 0.0, 0.0, 0.0, 0.0, 0.0, 0.0, 0.0, 0.0, 0.0, 0.0, 0.0, 0.0, 0.0, 0.0, 0.0]

disc_upper_bound: [0.0, 0.0, 0.0, 1.0, 0.0, 0.0, 1.0, 1.0, 0.0, 0.0, 0.0, 1.0, 1.0, 1.0, 1.0, 1.0, 0.0, 0.0, 0.0, 1.0, 0.0, 0.0, 0.0, 1.0, 1.0, 1.0, 1.0, 1.0, 0.0, 0.0, 0.0, 1.0, 1.0, 1.0, 1.0, 1.0, 0.0, 0.0, 0.0, 1.0, 0.0, 0.0, 0.0, 0.0, 1.0, 1.0, 1.0, 1.0, 0.0, 0.0, 0.0, 1.0, 0.0, 0.0, 0.0, 1.0, 0.0, 0.0, 0.0, 1.0, 0.0, 0.0, 1.0, 1.0, 0.0, 0.0, 0.0, 1.0, 0.0, 0.0, 0.0, 1.0, 0.0, 0.0, 1.0, 1.0, 0.0, 0.0, 1.0, 1.0]

fix_disc_point: [1, 1, 1, 0, 1, 1, 0, 0, 1, 1, 1, 0, 0, 0, 0, 0, 1, 1, 1, 0, 1, 1, 1, 0, 0, 0, 0, 0, 1, 1, 1, 0, 0, 0, 0, 0, 1, 1, 1, 0, 1, 1, 1, 1, 0, 0, 0, 0, 1, 1, 1, 0, 1, 1, 1, 0, 1, 1, 1, 0, 1, 1, 0, 0, 1, 1, 1, 0, 1, 1, 1, 0, 1, 1, 0, 0, 1, 1, 0, 0]


Running Proximal Bundle Method MPBNGC.
Ending SP solves because bound converged with best_obj: -3.6210564493730244, bound: -3.621056463913306
MPBNGC terminated with `Failure in function or subgradient calculations (assigned by the user).`
Completed 0 restarts.  stalling_restart = false.  num_func_eval = 1  best_disc_bound: -3.621056463913306

Best found disc_points using mpbngc (without postprocessing): [0.0, 0.0, 0.0, 0.0612614654459632, 0.0, 0.0, 0.5, 0.8817415616413847, 0.0, 0.0, 0.0, 0.5, 0.4512624031775144, 0.4512624031775146, 0.5, 0.7113658103110905, 0.0, 0.0, 0.0, 0.5720184129441269, 0.0, 0.0, 0.0, 0.5, 0.0744091173948263, 0.0744091173948267, 0.1356945863482548, 0.5010638145737816, 0.0, 0.0, 0.0, 0.5, 0.1789385025569166, 0.1789385025569171, 0.5419040725015175, 0.9387385345540368, 0.0, 0.0, 0.0, 0.5, 0.0, 0.0, 0.0, 0.0, 0.0026198179707326, 0.0026198179707326, 0.2113658103110905, 0.5, 0.0, 0.0, 0.0, 0.5, 0.0, 0.0, 0.0, 0.5, 0.0, 0.0, 0.0, 0.5, 0.0, 0.0, 0.1182584383586153, 0.5, 0.0, 0.0, 0.0, 0.5, 0.0, 0.0, 0.0, 0.4634261657047564, 0.0, 0.0, 0.3711944482890766, 0.5, 0.0, 0.0, 0.120266932954268, 0.5]  with bound: -3.6210564639133054  in time: 12.8s

  Starting postprocessing to try and eliminate partitioning points that are not useful...
Time for postprocessing: 560.43s


Best found disc_points using mpbngc (with postprocessing): [0.0, 0.0, 0.0, 0.0, 0.0, 0.0, 0.0, 0.0, 0.0, 0.0, 0.0, 0.0, 0.0, 0.0, 0.0, 0.5, 0.0, 0.0, 0.0, 0.0, 0.0, 0.0, 0.0, 0.0, 0.0, 0.0, 0.0, 0.5010638145737816, 0.0, 0.0, 0.0, 0.5, 0.0, 0.0, 0.1789385025569171, 0.5419040725015175, 0.0, 0.0, 0.0, 0.0, 0.0, 0.0, 0.0, 0.0, 0.0, 0.0026198179707326, 0.2113658103110905, 0.5, 0.0, 0.0, 0.0, 0.5, 0.0, 0.0, 0.0, 0.5, 0.0, 0.0, 0.0, 0.5, 0.0, 0.0, 0.1182584383586153, 0.5, 0.0, 0.0, 0.0, 0.5, 0.0, 0.0, 0.0, 0.4634261657047564, 0.0, 0.0, 0.0, 0.5, 0.0, 0.0, 0.120266932954268, 0.5]  with bound: -3.6210564639133054  in time: 573.25s. Excluded 62 discretization points
  Completed presolve in 12.23s
LOWER-BOUNDING ITERATIONS
====================================================================================================
| Iter   | Incumbent       | Best Incumbent      | Lower Bound        | Gap (%)         | Time      
| finish | -3.6211         | -3.6211             | -3.6211            | 0.0             | 13.25s           
Final UBD: -3.6210564493730244
Final LBD: -3.6210564639133067
====================================================================================================

*** Alpine ended with status OPTIMAL ***

 Total time for local solves: 3.14s

 Total time for solving max-min problems: 575.33s

 Total time excluding max-min time: 13.25s

