
PROBLEM STATISTICS
  Objective sense = Min
  # Variables = 120
  # Bin-Int Variables = 0
  # Constraints = 124
  # NL Constraints = 100
  # Linear Constraints = 24
  # Detected convex constraints = 0
  # Detected nonlinear terms = 100
  # Variables involved in nonlinear terms = 20
  # Potential variables for partitioning = 20
SUB-SOLVERS USED BY ALPINE
  NLP local solver = Ipopt
  MIP solver = Gurobi
ALPINE CONFIGURATION
  Maximum iterations (lower-bounding MIPs) =  1
  Relative global optimality gap = 0.01%
  Potential variables chosen for partitioning = All
  Discretization ratio = 10
  Bound-tightening presolve = false
PRESOLVE 
  Doing local search

Feasible solution found during presolve: [0.0, 1.0, 1.0, 1.0, 1.0, 0.0, 0.0, 0.0, 0.2794978542388596, 1.0, 0.0, 0.22515614872620077, 1.0, 1.0, 1.0, 0.0, 0.0, 0.0, 0.05310069525027705, 0.4949208307850566, 0.0, 0.0, 0.0, 0.0, 0.0, 0.0, 0.0, 0.0, 0.0, 0.0, 1.0, 1.0, 0.0, 0.22515614753569801, 1.0, 0.0, 0.0, 0.053100694969509574, 0.4949208281681856, 0.0, 0.0, 0.0, 0.0, 0.0, 0.49492083410230214, 1.0, 0.0, 0.0, 1.0, 0.0, 0.2251561436629588, 1.0, 0.0, 0.0, 0.0, 0.053100694056165014, 0.4949208196554298, 0.0, 0.0, 0.0, 1.0, 0.0, 0.05310069570285193, 0.494920835003245, 0.0, 0.0, 0.0, 0.0, 0.0, 0.0, 0.0, 0.0, 0.0, 0.0, 0.0, 0.0, 0.0, 0.0, 0.0, 0.0, 0.0, 0.0, 0.0, 0.0, 0.0, 0.0, 0.0, 0.27949785425633045, 0.0, 0.0, 0.0, 0.0, 1.0, 1.0, 1.0, 0.0, 0.0, 0.05310069386368702, 0.0, 0.0, 0.0, 0.0, 0.2251561333797325, 0.0, 0.0, 0.011955948037236043, 1.0, 0.0, 0.0, 0.0, 0.0, 0.0, 0.053100691630974896, 0.0, 0.0, 0.0, 0.0, 0.0, 0.0, 0.026280640208531228]  :with objective: -3.6871184872631817

  Local solver returns a feasible point with value -3.6871

  Fixed 40 discretization points based on bounding heuristic


Initial guess for SP: [0.0, 0.0, 0.0, 0.005202748160978321, 0.0, 0.0, 0.5, 0.892602186478246, 0.0, 0.0, 0.0, 0.9213663990740354, 0.0, 0.5, 0.8195994399278992, 0.9677251726100595, 0.0, 0.0, 0.0, 0.6456518210055033, 0.0, 0.0, 0.0, 0.5, 0.0, 0.0, 0.20924452283297656, 0.3543481789944967, 0.0, 0.0, 0.0, 0.5, 0.27062701822816043, 0.27440455967064054, 0.407364075613089, 0.9947972518390217, 0.0, 0.0, 0.0, 0.5, 0.0, 0.0, 0.0, 0.0786336009259646, 0.21543100295076592, 0.2623708445892006, 0.2952527136258068, 0.5, 0.0, 0.0, 0.0, 0.5, 0.0, 0.5, 0.9443157208738148, 0.995272366403917, 0.0, 0.0, 0.0, 0.5, 0.0, 0.006640373534948993, 0.10739781352175394, 0.5, 0.0, 0.0, 0.0, 0.5, 0.0, 0.0, 0.0, 0.47533574863450867, 0.0161557610057136, 0.043561580932566346, 0.16493470043363254, 0.5, 0.33506529956636744, 0.47049211496361487, 0.5, 0.5309148450848301]

disc_lower_bound: [0.0, 0.0, 0.0, 0.0, 0.0, 0.0, 0.0, 0.0, 0.0, 0.0, 0.0, 0.0, 0.0, 0.0, 0.0, 0.0, 0.0, 0.0, 0.0, 0.0, 0.0, 0.0, 0.0, 0.0, 0.0, 0.0, 0.0, 0.0, 0.0, 0.0, 0.0, 0.0, 0.0, 0.0, 0.0, 0.0, 0.0, 0.0, 0.0, 0.0, 0.0, 0.0, 0.0, 0.0, 0.0, 0.0, 0.0, 0.0, 0.0, 0.0, 0.0, 0.0, 0.0, 0.0, 0.0, 0.0, 0.0, 0.0, 0.0, 0.0, 0.0, 0.0, 0.0, 0.0, 0.0, 0.0, 0.0, 0.0, 0.0, 0.0, 0.0, 0.0, 0.0, 0.0, 0.0, 0.0, 0.0, 0.0, 0.0, 0.0]

disc_upper_bound: [0.0, 0.0, 0.0, 1.0, 0.0, 0.0, 1.0, 1.0, 0.0, 0.0, 0.0, 1.0, 0.0, 1.0, 1.0, 1.0, 0.0, 0.0, 0.0, 1.0, 0.0, 0.0, 0.0, 1.0, 0.0, 0.0, 1.0, 1.0, 0.0, 0.0, 0.0, 1.0, 1.0, 1.0, 1.0, 1.0, 0.0, 0.0, 0.0, 1.0, 0.0, 0.0, 0.0, 1.0, 1.0, 1.0, 1.0, 1.0, 0.0, 0.0, 0.0, 1.0, 0.0, 1.0, 1.0, 1.0, 0.0, 0.0, 0.0, 1.0, 0.0, 1.0, 1.0, 1.0, 0.0, 0.0, 0.0, 1.0, 0.0, 0.0, 0.0, 1.0, 1.0, 1.0, 1.0, 1.0, 1.0, 1.0, 1.0, 1.0]

fix_disc_point: [1, 1, 1, 0, 1, 1, 0, 0, 1, 1, 1, 0, 1, 0, 0, 0, 1, 1, 1, 0, 1, 1, 1, 0, 1, 1, 0, 0, 1, 1, 1, 0, 0, 0, 0, 0, 1, 1, 1, 0, 1, 1, 1, 0, 0, 0, 0, 0, 1, 1, 1, 0, 1, 0, 0, 0, 1, 1, 1, 0, 1, 0, 0, 0, 1, 1, 1, 0, 1, 1, 1, 0, 0, 0, 0, 0, 0, 0, 0, 0]


Running Proximal Bundle Method MPBNGC.
Ending SP solves because bound converged with best_obj: -3.6871184872631817, bound: -3.687120493264899
MPBNGC terminated with `Failure in function or subgradient calculations (assigned by the user).`
Completed 0 restarts.  stalling_restart = false.  num_func_eval = 4  best_disc_bound: -3.687120493264899

Best found disc_points using mpbngc (without postprocessing): [-1.0e-16, -2.0e-16, 0.0, 0.0052027481609783, 0.0, 0.0, 0.5, 0.892602186478246, 0.0, 0.0, 0.0, 0.9213663990740354, 0.0, 0.5, 0.8195994399278992, 0.9677251726100596, 0.0, 0.0, 0.0, 0.6456518210055033, 0.0, 0.0, 0.0, 0.5, 0.0, -0.0, 0.2092445228329766, 0.3543481789944967, 0.0, 1.0e-16, 0.0, 0.5, 0.2706270182281604, 0.2744045596706406, 0.407364075613089, 0.9947972518390216, 0.0, 0.0, 0.0, 0.5, 0.0, 0.0, -0.0, 0.0786336009259646, 0.216151695776295, 0.2620090737770618, 0.2952527136258068, 0.5, 0.0, 0.0, 0.0, 0.5, 0.0, 0.5, 0.9443157208738148, 0.995272366403917, 0.0, 0.0, 0.0, 0.5, 0.0, 0.006640373534949, 0.1073978135217539, 0.5, 0.0, 0.0, -2.0e-16, 0.5, 0.0, -0.0, 0.0, 0.4753357486345087, 0.0161557610057136, 0.0533790572730534, 0.1649347004336325, 0.5, 0.3350652995663674, 0.4756738244111183, 0.4973989039869864, 0.5309148450848301]  with bound: -3.6871204932648993  in time: 28.22s

  Starting postprocessing to try and eliminate partitioning points that are not useful...
Time for postprocessing: 913.15s


Best found disc_points using mpbngc (with postprocessing): [0.0, 0.0, 0.0, 0.0, 0.0, 0.0, 0.0, 0.0, 0.0, 0.0, 0.0, 0.0, 0.0, 0.0, 0.0, 0.5, 0.0, 0.0, 0.0, 0.0, 0.0, 0.0, 0.0, 0.0, 0.0, 0.0, 0.0, 0.3543481789944967, 0.0, 0.0, 0.0, 0.0, 0.0, 0.0, 0.0, 0.407364075613089, 0.0, 0.0, 0.0, 0.5, 0.0, 0.0, 0.0, 0.0786336009259646, 0.0, 0.216151695776295, 0.2952527136258068, 0.5, 0.0, 0.0, 0.0, 0.0, 0.0, 0.0, 0.5, 0.9443157208738148, 0.0, 0.0, 0.0, 0.5, 0.0, 0.006640373534949, 0.1073978135217539, 0.5, 0.0, 0.0, 0.0, 0.5, 0.0, 0.0, 0.0, 0.4753357486345087, 0.0, 0.0161557610057136, 0.0533790572730534, 0.1649347004336325, 0.0, 0.3350652995663674, 0.4973989039869864, 0.5309148450848301]  with bound: -3.6871204932648993  in time: 941.38s. Excluded 58 discretization points
  Completed presolve in 12.56s
LOWER-BOUNDING ITERATIONS
====================================================================================================
| Iter   | Incumbent       | Best Incumbent      | Lower Bound        | Gap (%)         | Time      
| finish | -3.6871         | -3.6871             | -3.6871            | 0.0             | 14.64s           
Final UBD: -3.6871184872631817
Final LBD: -3.68712169890063
====================================================================================================

*** Alpine ended with status OPTIMAL ***

 Total time for local solves: 3.21s

 Total time for solving max-min problems: 943.56s

 Total time excluding max-min time: 14.64s

 Iter:   0  Nfun:   1  f1(x) =  3.687349         Eps = 0.1776467E-03
 Iter:   1  Nfun:   2  f1(x) =  3.687151         Eps = 0.2702427E-04
 Iter:   2  Nfun:   3  f1(x) =  3.687141         Eps = 0.2561464E-04
