
PROBLEM STATISTICS
  Objective sense = Min
  # Variables = 120
  # Bin-Int Variables = 0
  # Constraints = 124
  # NL Constraints = 100
  # Linear Constraints = 24
  # Detected convex constraints = 0
  # Detected nonlinear terms = 100
  # Variables involved in nonlinear terms = 20
  # Potential variables for partitioning = 20
SUB-SOLVERS USED BY ALPINE
  NLP local solver = Ipopt
  MIP solver = Gurobi
ALPINE CONFIGURATION
  Maximum iterations (lower-bounding MIPs) =  1
  Relative global optimality gap = 0.01%
  Potential variables chosen for partitioning = All
  Discretization ratio = 10
  Bound-tightening presolve = false
PRESOLVE 
  Doing local search

Feasible solution found during presolve: [0.0, 1.0, 1.0, 0.45126242298356206, 1.0, 0.0, 0.07440912794837257, 0.0, 0.1789385028453169, 1.0, 0.0, 0.002619825838693987, 1.0, 1.0, 1.0, 0.0, 0.0, 0.0, 0.0, 0.0, 0.0, 0.0, 0.0, 0.0, 0.0, 0.0, 0.0, 0.0, 0.0, 0.0, 1.0, 1.0, 0.0, 0.002619825808273351, 1.0, 0.0, 0.0, 0.0, 0.0, 0.0, 0.0, 0.0, 0.0, 0.0, 0.0, 0.4512624266899928, 0.0, 0.0, 0.4512624194969409, 0.0, 0.0011822289557639888, 0.45126242608749456, 0.0, 0.0, 0.0, 0.0, 0.0, 0.0, 0.07440912855952976, 0.0, 1.0, 0.0, 0.0, 0.0, 0.0, 0.0, 0.0, 0.0, 0.0, 0.0, 0.0, 0.0, 0.0, 0.013314657953107394, 0.00019493895603384193, 0.07440912846018322, 0.0, 0.0, 0.0, 0.0, 0.0, 0.0, 0.0, 0.0, 0.0, 0.0, 0.0, 0.17893850407611522, 0.0, 0.0, 0.0, 0.0, 1.0, 1.0, 1.0, 0.0, 0.0, 0.0, 0.0, 0.0, 0.0, 0.0, 0.002619825848294331, 0.0, 0.0, 0.0, 1.0, 0.0, 0.0, 0.0, 0.0, 0.0, 0.0, 0.0, 0.0, 0.0, 0.0, 0.0, 0.0, 0.0]  :with objective: -4.013748499733441

  Local solver returns a feasible point with value -4.0137

  Fixed 44 discretization points based on bounding heuristic


Initial guess for SP: [0.0, 0.0, 0.0, 0.005202748160978099, 0.0, 0.0, 0.5, 0.8270809416260955, 0.0, 0.0, 0.0, 0.9213663990740354, 0.4512624031775144, 0.4512624031775145, 0.5, 0.8270809416260958, 0.0, 0.0, 0.0, 0.6456518210055031, 0.0, 0.0, 0.0, 0.5, 0.07440911739482665, 0.07440911739482671, 0.18351439829702582, 0.3543481789944969, 0.0, 0.0, 0.0, 0.5, 0.17893850255691718, 0.1789385025569172, 0.3932831612230872, 0.9947972518390219, 0.0, 0.0, 0.0, 0.5, 0.0, 0.0, 0.0, 0.07863360092596465, 0.0026198179707326006, 0.002619817970732703, 0.25894643908961046, 0.5, 0.0, 0.0, 0.0, 0.5, 0.0, 0.0, 0.0, 0.5, 0.0, 0.0, 0.0, 0.5, 0.0, 0.0, 0.05071445982278294, 0.5, 0.0, 0.0, 0.0, 0.5, 0.0, 0.0, 0.0, 0.4753357486345085, 0.0, 0.0, 0.17291905837390456, 0.5, 0.0, 0.0, 0.3270809416260956, 0.5]

disc_lower_bound: [0.0, 0.0, 0.0, 0.0, 0.0, 0.0, 0.0, 0.0, 0.0, 0.0, 0.0, 0.0, 0.0, 0.0, 0.0, 0.0, 0.0, 0.0, 0.0, 0.0, 0.0, 0.0, 0.0, 0.0, 0.0, 0.0, 0.0, 0.0, 0.0, 0.0, 0.0, 0.0, 0.0, 0.0, 0.0, 0.0, 0.0, 0.0, 0.0, 0.0, 0.0, 0.0, 0.0, 0.0, 0.0, 0.0, 0.0, 0.0, 0.0, 0.0, 0.0, 0.0, 0.0, 0.0, 0.0, 0.0, 0.0, 0.0, 0.0, 0.0, 0.0, 0.0, 0.0, 0.0, 0.0, 0.0, 0.0, 0.0, 0.0, 0.0, 0.0, 0.0, 0.0, 0.0, 0.0, 0.0, 0.0, 0.0, 0.0, 0.0]

disc_upper_bound: [0.0, 0.0, 0.0, 1.0, 0.0, 0.0, 1.0, 1.0, 0.0, 0.0, 0.0, 1.0, 1.0, 1.0, 1.0, 1.0, 0.0, 0.0, 0.0, 1.0, 0.0, 0.0, 0.0, 1.0, 1.0, 1.0, 1.0, 1.0, 0.0, 0.0, 0.0, 1.0, 1.0, 1.0, 1.0, 1.0, 0.0, 0.0, 0.0, 1.0, 0.0, 0.0, 0.0, 1.0, 1.0, 1.0, 1.0, 1.0, 0.0, 0.0, 0.0, 1.0, 0.0, 0.0, 0.0, 1.0, 0.0, 0.0, 0.0, 1.0, 0.0, 0.0, 1.0, 1.0, 0.0, 0.0, 0.0, 1.0, 0.0, 0.0, 0.0, 1.0, 0.0, 0.0, 1.0, 1.0, 0.0, 0.0, 1.0, 1.0]

fix_disc_point: [1, 1, 1, 0, 1, 1, 0, 0, 1, 1, 1, 0, 0, 0, 0, 0, 1, 1, 1, 0, 1, 1, 1, 0, 0, 0, 0, 0, 1, 1, 1, 0, 0, 0, 0, 0, 1, 1, 1, 0, 1, 1, 1, 0, 0, 0, 0, 0, 1, 1, 1, 0, 1, 1, 1, 0, 1, 1, 1, 0, 1, 1, 0, 0, 1, 1, 1, 0, 1, 1, 1, 0, 1, 1, 0, 0, 1, 1, 0, 0]


Running Proximal Bundle Method MPBNGC.
Ending SP solves because bound converged with best_obj: -4.013748499733441, bound: -4.013748505419496
MPBNGC terminated with `Failure in function or subgradient calculations (assigned by the user).`
Completed 0 restarts.  stalling_restart = false.  num_func_eval = 1  best_disc_bound: -4.013748505419496

Best found disc_points using mpbngc (without postprocessing): [0.0, 0.0, 0.0, 0.0052027481609781, 0.0, 0.0, 0.5, 0.8270809416260955, 0.0, 0.0, 0.0, 0.9213663990740354, 0.4512624031775144, 0.4512624031775145, 0.5, 0.8270809416260958, 0.0, 0.0, 0.0, 0.6456518210055031, 0.0, 0.0, 0.0, 0.5, 0.0744091173948266, 0.0744091173948267, 0.1835143982970258, 0.3543481789944969, 0.0, 0.0, 0.0, 0.5, 0.1789385025569172, 0.1789385025569172, 0.3932831612230872, 0.994797251839022, 0.0, 0.0, 0.0, 0.5, 0.0, 0.0, 0.0, 0.0786336009259646, 0.0026198179707326, 0.0026198179707327, 0.2589464390896104, 0.5, 0.0, 0.0, 0.0, 0.5, 0.0, 0.0, 0.0, 0.5, 0.0, 0.0, 0.0, 0.5, 0.0, 0.0, 0.0507144598227829, 0.5, 0.0, 0.0, 0.0, 0.5, 0.0, 0.0, 0.0, 0.4753357486345085, 0.0, 0.0, 0.1729190583739046, 0.5, 0.0, 0.0, 0.3270809416260956, 0.5]  with bound: -4.013748505419496  in time: 12.65s

  Starting postprocessing to try and eliminate partitioning points that are not useful...
Time for postprocessing: 662.42s


Best found disc_points using mpbngc (with postprocessing): [0.0, 0.0, 0.0, 0.0, 0.0, 0.0, 0.0, 0.0, 0.0, 0.0, 0.0, 0.0, 0.0, 0.0, 0.0, 0.5, 0.0, 0.0, 0.0, 0.0, 0.0, 0.0, 0.0, 0.0, 0.0, 0.0, 0.0, 0.3543481789944969, 0.0, 0.0, 0.0, 0.5, 0.0, 0.0, 0.0, 0.1789385025569172, 0.0, 0.0, 0.0, 0.5, 0.0, 0.0, 0.0, 0.0786336009259646, 0.0, 0.0026198179707327, 0.2589464390896104, 0.5, 0.0, 0.0, 0.0, 0.5, 0.0, 0.0, 0.0, 0.5, 0.0, 0.0, 0.0, 0.5, 0.0, 0.0, 0.0507144598227829, 0.5, 0.0, 0.0, 0.0, 0.5, 0.0, 0.0, 0.0, 0.4753357486345085, 0.0, 0.0, 0.0, 0.5, 0.0, 0.0, 0.3270809416260956, 0.5]  with bound: -4.013748505419496  in time: 675.09s. Excluded 61 discretization points
  Completed presolve in 12.23s
LOWER-BOUNDING ITERATIONS
====================================================================================================
| Iter   | Incumbent       | Best Incumbent      | Lower Bound        | Gap (%)         | Time      
| finish | -4.0137         | -4.0137             | -4.0137            | 0.0             | 13.4s            
Final UBD: -4.013748499733441
Final LBD: -4.013748505419497
====================================================================================================

*** Alpine ended with status OPTIMAL ***

 Total time for local solves: 3.19s

 Total time for solving max-min problems: 677.21s

 Total time excluding max-min time: 13.4s

