
PROBLEM STATISTICS
  Objective sense = Min
  # Variables = 120
  # Bin-Int Variables = 0
  # Constraints = 124
  # NL Constraints = 100
  # Linear Constraints = 24
  # Detected convex constraints = 0
  # Detected nonlinear terms = 100
  # Variables involved in nonlinear terms = 20
  # Potential variables for partitioning = 20
SUB-SOLVERS USED BY ALPINE
  NLP local solver = Ipopt
  MIP solver = Gurobi
ALPINE CONFIGURATION
  Maximum iterations (lower-bounding MIPs) =  1
  Relative global optimality gap = 0.01%
  Potential variables chosen for partitioning = All
  Discretization ratio = 10
  Bound-tightening presolve = false
PRESOLVE 
  Doing local search

Feasible solution found during presolve: [0.0, 1.0, 1.0, 1.0, 1.0, 0.0, 0.0, 0.0, 0.3376628225281478, 1.0, 0.0, 0.4505237871631512, 1.0, 1.0, 1.0, 0.17687224775387028, 0.0, 0.0, 0.0, 0.6091770705983192, 0.0, 0.0, 0.0, 0.0, 0.0, 0.0, 0.0, 0.0, 0.0, 0.0, 1.0, 1.0, 0.0, 0.4505237782493434, 1.0, 0.17687224425437645, 0.0, 0.0, 0.6091770585454876, 0.0, 0.0, 0.17687224802409152, 0.0, 0.0, 0.6091770715290055, 1.0, 0.0, 0.0, 1.0, 0.0, 0.45052378161779844, 1.0, 0.17687224557680653, 0.0, 0.0, 0.0, 0.6091770631001541, 0.0, 0.0, 0.0, 1.0, 0.0, 0.0, 0.6091770753315024, 0.0, 0.0, 0.0, 0.0, 0.0, 0.0, 0.0, 0.0, 0.0, 0.0, 0.0, 0.0, 0.0, 0.0, 0.0, 0.0, 0.0, 0.0, 0.0, 0.0, 0.0, 0.0, 0.0, 0.3376628222266317, 0.05972318240346963, 0.0, 0.0, 0.0, 1.0, 1.0, 1.0, 0.17687224085470177, 0.0, 0.0, 0.0, 0.0, 0.0, 0.0, 0.4505237890559103, 0.0796851549021327, 0.0, 0.0, 1.0, 0.17687224835287133, 0.0, 0.17687224849695327, 0.0, 0.0, 0.0, 0.17687224759593217, 0.0, 0.0, 0.1077465177568428, 0.0, 0.0, 0.0]  :with objective: -2.2034568889281556

  Local solver returns a feasible point with value -2.2035

  Fixed 42 discretization points based on bounding heuristic


Initial guess for SP: [0.0, 0.0, 0.0, 0.4630824899725352, 0.0, 0.0, 0.5369175100274648, 0.9752616323153555, 0.0, 0.0, 0.5369175100274648, 0.9752616323153555, 0.0, 0.0, 0.1330424628095089, 0.5369175100274648, 0.0, 0.0, 0.0, 0.709336424428386, 0.0, 0.0, 0.06940827581340353, 0.4630824899725352, 0.0, 0.0, 0.008920317525749826, 0.2906635755716141, 0.0, 0.0, 0.0, 0.4630824899725352, 0.0, 0.33766273455616125, 0.37613502436826773, 0.8009396429307083, 0.0, 0.0, 0.46308248997253515, 0.8669575371904911, 0.0, 0.0, 0.0, 0.0, 0.1330424628095089, 0.4505235998958647, 0.5369175100274648, 0.5511292764761718, 0.0, 0.0, 0.0, 0.4630824899725352, 0.0, 0.0, 0.0, 0.5369175100274648, 0.0, 0.0, 0.08104278843643338, 0.5369175100274648, 0.1768720744654425, 0.24561099235382317, 0.46308248997253515, 0.8669575371904911, 0.0, 0.0, 0.0, 0.4630824899725352, 0.0, 0.0, 0.34833556181451275, 0.46308248997253515, 0.0, 0.0, 0.0, 0.4489658630284133, 0.46308248997253515, 0.60917701565369, 0.6596565281551227, 0.7330398444905134]

disc_lower_bound: [0.0, 0.0, 0.0, 0.0, 0.0, 0.0, 0.0, 0.0, 0.0, 0.0, 0.0, 0.0, 0.0, 0.0, 0.0, 0.0, 0.0, 0.0, 0.0, 0.0, 0.0, 0.0, 0.0, 0.0, 0.0, 0.0, 0.0, 0.0, 0.0, 0.0, 0.0, 0.0, 0.0, 0.0, 0.0, 0.0, 0.0, 0.0, 0.0, 0.0, 0.0, 0.0, 0.0, 0.0, 0.0, 0.0, 0.0, 0.0, 0.0, 0.0, 0.0, 0.0, 0.0, 0.0, 0.0, 0.0, 0.0, 0.0, 0.0, 0.0, 0.0, 0.0, 0.0, 0.0, 0.0, 0.0, 0.0, 0.0, 0.0, 0.0, 0.0, 0.0, 0.0, 0.0, 0.0, 0.0, 0.0, 0.0, 0.0, 0.0]

disc_upper_bound: [0.0, 0.0, 0.0, 1.0, 0.0, 0.0, 1.0, 1.0, 0.0, 0.0, 1.0, 1.0, 0.0, 0.0, 1.0, 1.0, 0.0, 0.0, 0.0, 1.0, 0.0, 0.0, 1.0, 1.0, 0.0, 0.0, 1.0, 1.0, 0.0, 0.0, 0.0, 1.0, 0.0, 1.0, 1.0, 1.0, 0.0, 0.0, 1.0, 1.0, 0.0, 0.0, 0.0, 0.0, 1.0, 1.0, 1.0, 1.0, 0.0, 0.0, 0.0, 1.0, 0.0, 0.0, 0.0, 1.0, 0.0, 0.0, 1.0, 1.0, 1.0, 1.0, 1.0, 1.0, 0.0, 0.0, 0.0, 1.0, 0.0, 0.0, 1.0, 1.0, 0.0, 0.0, 0.0, 1.0, 1.0, 1.0, 1.0, 1.0]

fix_disc_point: [1, 1, 1, 0, 1, 1, 0, 0, 1, 1, 0, 0, 1, 1, 0, 0, 1, 1, 1, 0, 1, 1, 0, 0, 1, 1, 0, 0, 1, 1, 1, 0, 1, 0, 0, 0, 1, 1, 0, 0, 1, 1, 1, 1, 0, 0, 0, 0, 1, 1, 1, 0, 1, 1, 1, 0, 1, 1, 0, 0, 0, 0, 0, 0, 1, 1, 1, 0, 1, 1, 0, 0, 1, 1, 1, 0, 0, 0, 0, 0]


Running Proximal Bundle Method MPBNGC.
Ending SP solves because bound converged with best_obj: -2.2034568889281556, bound: -2.2034569671109816
MPBNGC terminated with `Failure in function or subgradient calculations (assigned by the user).`
Completed 0 restarts.  stalling_restart = false.  num_func_eval = 1  best_disc_bound: -2.2034569671109816

Best found disc_points using mpbngc (without postprocessing): [0.0, 0.0, 0.0, 0.4630824899725352, 0.0, 0.0, 0.5369175100274648, 0.9752616323153555, 0.0, 0.0, 0.5369175100274648, 0.9752616323153555, 0.0, 0.0, 0.1330424628095089, 0.5369175100274648, 0.0, 0.0, 0.0, 0.709336424428386, 0.0, 0.0, 0.0694082758134035, 0.4630824899725352, 0.0, 0.0, 0.0089203175257498, 0.2906635755716141, 0.0, 0.0, 0.0, 0.4630824899725352, 0.0, 0.3376627345561612, 0.3761350243682678, 0.8009396429307083, 0.0, 0.0, 0.4630824899725351, 0.8669575371904911, 0.0, 0.0, 0.0, 0.0, 0.1330424628095089, 0.4505235998958647, 0.5369175100274648, 0.5511292764761718, 0.0, 0.0, 0.0, 0.4630824899725352, 0.0, 0.0, 0.0, 0.5369175100274648, 0.0, 0.0, 0.0810427884364334, 0.5369175100274648, 0.1768720744654425, 0.2456109923538232, 0.4630824899725351, 0.8669575371904911, 0.0, 0.0, 0.0, 0.4630824899725352, 0.0, 0.0, 0.3483355618145128, 0.4630824899725351, 0.0, 0.0, 0.0, 0.4489658630284133, 0.4630824899725351, 0.60917701565369, 0.6596565281551227, 0.7330398444905134]  with bound: -2.2034569671109816  in time: 14.44s

  Starting postprocessing to try and eliminate partitioning points that are not useful...
Time for postprocessing: 693.92s


Best found disc_points using mpbngc (with postprocessing): [0.0, 0.0, 0.0, 0.0, 0.0, 0.0, 0.0, 0.0, 0.0, 0.0, 0.0, 0.9752616323153555, 0.0, 0.0, 0.0, 0.5369175100274648, 0.0, 0.0, 0.0, 0.0, 0.0, 0.0, 0.0, 0.4630824899725352, 0.0, 0.0, 0.0, 0.2906635755716141, 0.0, 0.0, 0.0, 0.0, 0.0, 0.0, 0.3376627345561612, 0.3761350243682678, 0.0, 0.0, 0.0, 0.4630824899725351, 0.0, 0.0, 0.0, 0.0, 0.0, 0.1330424628095089, 0.4505235998958647, 0.5511292764761718, 0.0, 0.0, 0.0, 0.0, 0.0, 0.0, 0.0, 0.5369175100274648, 0.0, 0.0, 0.0, 0.5369175100274648, 0.1768720744654425, 0.2456109923538232, 0.4630824899725351, 0.8669575371904911, 0.0, 0.0, 0.0, 0.4630824899725352, 0.0, 0.0, 0.0, 0.3483355618145128, 0.0, 0.0, 0.0, 0.0, 0.0, 0.0, 0.4630824899725351, 0.6596565281551227]  with bound: -2.2034569671109816  in time: 708.37s. Excluded 60 discretization points
  Completed presolve in 14.05s
LOWER-BOUNDING ITERATIONS
====================================================================================================
| Iter   | Incumbent       | Best Incumbent      | Lower Bound        | Gap (%)         | Time      
| finish | -2.2035         | -2.2035             | -2.2035            | 0.0             | 15.73s           
Final UBD: -2.2034568889281556
Final LBD: -2.2034569671109825
====================================================================================================

*** Alpine ended with status OPTIMAL ***

 Total time for local solves: 3.19s

 Total time for solving max-min problems: 710.84s

 Total time excluding max-min time: 15.73s

