
PROBLEM STATISTICS
  Objective sense = Min
  # Variables = 120
  # Bin-Int Variables = 0
  # Constraints = 124
  # NL Constraints = 100
  # Linear Constraints = 24
  # Detected convex constraints = 0
  # Detected nonlinear terms = 100
  # Variables involved in nonlinear terms = 20
  # Potential variables for partitioning = 20
SUB-SOLVERS USED BY ALPINE
  NLP local solver = Ipopt
  MIP solver = Gurobi
ALPINE CONFIGURATION
  Maximum iterations (lower-bounding MIPs) =  1
  Relative global optimality gap = 0.01%
  Potential variables chosen for partitioning = All
  Discretization ratio = 10
  Bound-tightening presolve = false
PRESOLVE 
  Doing local search

Feasible solution found during presolve: [0.0, 1.0, 1.0, 1.0, 1.0, 0.0, 0.0, 0.0, 0.2684421136592538, 1.0, 0.0, 0.2688409004752669, 1.0, 0.9154004749721857, 1.0, 0.0, 0.0, 0.0, 0.0, 0.5430885886896889, 0.0, 0.0, 0.0, 0.0, 0.0, 0.0, 0.0, 0.0, 0.0, 0.0, 1.0, 1.0, 0.0, 0.2688408996761054, 0.9154004722510494, 0.0, 0.0, 0.0, 0.5430885870752937, 0.0, 0.0, 0.0, 0.0, 0.0, 0.5430885927944012, 1.0, 0.0, 0.0, 1.0, 0.0, 0.26884089940524836, 1.0, 0.0, 0.0, 0.0, 0.0, 0.5430885865281323, 0.0, 0.0, 0.0, 1.0, 0.0, 0.0, 0.543088593509288, 0.0, 0.0, 0.0, 0.0, 0.0, 0.0, 0.0, 0.0, 0.0, 0.0, 0.0, 0.0, 0.0, 0.0, 0.0, 0.0, 0.0, 0.0, 0.0, 0.0, 0.0, 0.0, 0.0, 0.26844211542224156, 0.0, 0.0, 0.0, 0.0, 1.0, 0.9154004444550496, 1.0, 0.0, 0.0, 0.0, 0.0, 0.0, 0.0, 0.0, 0.2460970879870094, 0.0, 0.0, 0.0, 1.0, 0.0, 0.0, 0.0, 0.0, 0.0, 0.0, 0.0, 0.0, 0.0, 0.0, 0.0, 0.0, 0.0]  :with objective: -4.97400366481476

  Local solver returns a feasible point with value -4.974

  Fixed 35 discretization points based on bounding heuristic


Initial guess for SP: [0.0, 0.0, 0.0, 0.12227337713031872, 0.0, 0.0, 0.5270674015524511, 0.883665857007958, 0.0, 0.0, 0.0, 0.7540153853341446, 0.0, 0.0, 0.5, 0.9830666925754789, 0.0, 0.0, 0.0, 0.7812684707947182, 0.0, 0.0, 0.0, 0.47293259844754887, 0.0, 0.0, 0.15279671953714596, 0.47293259844754887, 0.0, 0.0, 0.0, 0.49411512676988406, 0.27006277383252664, 0.2918859737770236, 0.5941476328293511, 0.8777266228696813, 0.0, 0.0, 0.47293259844754887, 0.9821500113121377, 0.0, 0.0, 0.0, 0.24598461466585544, 0.27309461315892136, 0.3187525216227981, 0.5, 0.6615417503876, 0.0, 0.0, 0.49411512676988406, 0.9828673918403591, 0.5, 0.8770076926670723, 0.9173811132554613, 0.955415908872226, 0.0, 0.0, 0.5270674015524511, 0.9839833738388202, 0.004141152317352903, 0.05538804024083249, 0.15279671953714596, 0.47293259844754887, 0.0, 0.0, 0.016933307424521114, 0.5, 0.0, 0.0, 0.016933307424521114, 0.5, 0.0, 0.008487941845816735, 0.11247534608218421, 0.5, 0.5, 0.5446359252113893, 0.5560849530151207, 0.8770076926670723]

disc_lower_bound: [0.0, 0.0, 0.0, 0.0, 0.0, 0.0, 0.0, 0.0, 0.0, 0.0, 0.0, 0.0, 0.0, 0.0, 0.0, 0.0, 0.0, 0.0, 0.0, 0.0, 0.0, 0.0, 0.0, 0.0, 0.0, 0.0, 0.0, 0.0, 0.0, 0.0, 0.0, 0.0, 0.0, 0.0, 0.0, 0.0, 0.0, 0.0, 0.0, 0.0, 0.0, 0.0, 0.0, 0.0, 0.0, 0.0, 0.0, 0.0, 0.0, 0.0, 0.0, 0.0, 0.0, 0.0, 0.0, 0.0, 0.0, 0.0, 0.0, 0.0, 0.0, 0.0, 0.0, 0.0, 0.0, 0.0, 0.0, 0.0, 0.0, 0.0, 0.0, 0.0, 0.0, 0.0, 0.0, 0.0, 0.0, 0.0, 0.0, 0.0]

disc_upper_bound: [0.0, 0.0, 0.0, 1.0, 0.0, 0.0, 1.0, 1.0, 0.0, 0.0, 0.0, 1.0, 0.0, 0.0, 1.0, 1.0, 0.0, 0.0, 0.0, 1.0, 0.0, 0.0, 0.0, 1.0, 0.0, 0.0, 1.0, 1.0, 0.0, 0.0, 0.0, 1.0, 1.0, 1.0, 1.0, 1.0, 0.0, 0.0, 1.0, 1.0, 0.0, 0.0, 0.0, 1.0, 1.0, 1.0, 1.0, 1.0, 0.0, 0.0, 1.0, 1.0, 1.0, 1.0, 1.0, 1.0, 0.0, 0.0, 1.0, 1.0, 1.0, 1.0, 1.0, 1.0, 0.0, 0.0, 1.0, 1.0, 0.0, 0.0, 1.0, 1.0, 0.0, 1.0, 1.0, 1.0, 1.0, 1.0, 1.0, 1.0]

fix_disc_point: [1, 1, 1, 0, 1, 1, 0, 0, 1, 1, 1, 0, 1, 1, 0, 0, 1, 1, 1, 0, 1, 1, 1, 0, 1, 1, 0, 0, 1, 1, 1, 0, 0, 0, 0, 0, 1, 1, 0, 0, 1, 1, 1, 0, 0, 0, 0, 0, 1, 1, 0, 0, 0, 0, 0, 0, 1, 1, 0, 0, 0, 0, 0, 0, 1, 1, 0, 0, 1, 1, 0, 0, 1, 0, 0, 0, 0, 0, 0, 0]


Running Proximal Bundle Method MPBNGC.
Ending SP solves because bound converged with best_obj: -4.97400366481476, bound: -4.9740058591404095
MPBNGC terminated with `Failure in function or subgradient calculations (assigned by the user).`
Completed 0 restarts.  stalling_restart = false.  num_func_eval = 4  best_disc_bound: -4.9740058591404095

Best found disc_points using mpbngc (without postprocessing): [0.0, 0.0, 0.0, 0.1222733771303187, 0.0, 0.0, 0.5270674015524511, 0.883665857007958, 0.0, 0.0, 0.0, 0.7540153853341446, 0.0, 0.0, 0.5, 0.9830666925754789, 0.0, 0.0, 0.0, 0.7812684707947182, -0.0, -0.0, -0.0, 0.4729325984475489, -0.0, -0.0, 0.152796719537146, 0.4729325984475489, -0.0, 0.0, -0.0, 0.4941151267698841, 0.2683391781605886, 0.2918859737770236, 0.5941476328293511, 0.8777266228696813, 0.0, 0.0, 0.4729325984475489, 0.9821500113121377, -0.0, 0.0, 0.0, 0.2459846146658554, 0.25352135098125, 0.318091193889525, 0.5, 0.6615417503876, 0.0, 0.0, 0.4941151267698841, 0.982867391840359, 0.5, 0.8792565664803732, 0.9153604010681364, 0.955415908872226, 0.0, 0.0, 0.5270674015524511, 0.9839833738388202, 0.0035520949855863, 0.0553880402408325, 0.152796719537146, 0.4729325984475489, 1.0e-16, -2.0e-16, 0.0169333074245211, 0.5, -0.0, 0.0, 0.0169333074245211, 0.5, -1.0e-16, 0.0084879418458167, 0.1124753460821842, 0.5, 0.5, 0.5446283132676448, 0.5560849530151207, 0.8770076926670723]  with bound: -4.9740058591404095  in time: 35.9s

  Starting postprocessing to try and eliminate partitioning points that are not useful...
Time for postprocessing: 980.36s


Best found disc_points using mpbngc (with postprocessing): [0.0, 0.0, 0.0, 0.0, 0.0, 0.0, 0.0, 0.0, 0.0, 0.0, 0.0, 0.0, 0.0, 0.0, 0.0, 0.0, 0.0, 0.0, 0.0, 0.0, 0.0, 0.0, 0.0, 0.0, 0.0, 0.0, 0.0, 0.0, 0.0, 0.0, 0.0, 0.0, 0.0, 0.0, 0.2683391781605886, 0.8777266228696813, 0.0, 0.0, 0.0, 0.4729325984475489, 0.0, 0.0, 0.0, 0.2459846146658554, 0.25352135098125, 0.318091193889525, 0.5, 0.6615417503876, 0.0, 0.0, 0.0, 0.4941151267698841, 0.0, 0.0, 0.5, 0.9153604010681364, 0.0, 0.0, 0.0, 0.5270674015524511, 0.0, 0.0553880402408325, 0.152796719537146, 0.4729325984475489, 0.0, 0.0, 0.0, 0.5, 0.0, 0.0, 0.0, 0.5, 0.0, 0.0, 0.1124753460821842, 0.5, 0.0, 0.5, 0.5560849530151207, 0.8770076926670723]  with bound: -4.9740058591404095  in time: 1016.28s. Excluded 58 discretization points
  Completed presolve in 14.12s
LOWER-BOUNDING ITERATIONS
====================================================================================================
| Iter   | Incumbent       | Best Incumbent      | Lower Bound        | Gap (%)         | Time      
| finish | -4.974          | -4.974              | -4.974             | 0.0             | 16.29s           
Final UBD: -4.97400366481476
Final LBD: -4.9740058591404095
====================================================================================================

*** Alpine ended with status OPTIMAL ***

 Total time for local solves: 3.2s

 Total time for solving max-min problems: 1018.66s

 Total time excluding max-min time: 16.29s

 Iter:   0  Nfun:   1  f1(x) =  4.974190         Eps = 0.4431061E-03
 Iter:   1  Nfun:   2  f1(x) =  4.974039         Eps = 0.7843623E-04
 Iter:   2  Nfun:   3  f1(x) =  4.974039         Eps = 0.3262100E-04
