
PROBLEM STATISTICS
  Objective sense = Min
  # Variables = 120
  # Bin-Int Variables = 0
  # Constraints = 124
  # NL Constraints = 100
  # Linear Constraints = 24
  # Detected convex constraints = 0
  # Detected nonlinear terms = 100
  # Variables involved in nonlinear terms = 20
  # Potential variables for partitioning = 20
SUB-SOLVERS USED BY ALPINE
  NLP local solver = Ipopt
  MIP solver = Gurobi
ALPINE CONFIGURATION
  Maximum iterations (lower-bounding MIPs) =  1
  Relative global optimality gap = 0.01%
  Potential variables chosen for partitioning = All
  Discretization ratio = 10
  Bound-tightening presolve = false
PRESOLVE 
  Doing local search

Feasible solution found during presolve: [0.0, 1.0, 1.0, 1.0, 1.0, 0.0, 0.0, 0.0, 0.2794978560712635, 1.0, 0.0, 0.22515609492800784, 1.0, 1.0, 1.0, 0.0, 0.0, 0.0, 0.05310074196175319, 0.49492079553046836, 0.0, 0.0, 0.0, 0.0, 0.0, 0.0, 0.0, 0.0, 0.0, 0.0, 1.0, 1.0, 0.0, 0.22515609394637634, 1.0, 0.0, 0.0, 0.053100741730245524, 0.4949207933727215, 0.0, 0.0, 0.0, 0.0, 0.0, 0.49492079933817973, 1.0, 0.0, 0.0, 1.0, 0.0, 0.22515609213047855, 1.0, 0.0, 0.0, 0.0, 0.05310074130198477, 0.4949207893811548, 0.0, 0.0, 0.0, 1.0, 0.0, 0.05310074243316471, 0.49492079992421795, 0.0, 0.0, 0.0, 0.0, 0.0, 0.0, 0.0, 0.0, 0.0, 0.0, 0.0, 0.0, 0.0, 0.0, 0.0, 0.0, 0.0, 0.0, 0.0, 0.0, 0.0, 0.0, 0.0, 0.279497856324762, 0.0, 0.0, 0.0, 0.0, 1.0, 1.0, 1.0, 0.0, 0.0, 0.053100740958949406, 0.0, 0.0, 0.0, 0.0, 0.22515609304014272, 0.0, 0.0, 0.011955955697888153, 1.0, 0.0, 0.0, 0.0, 0.0, 0.0, 0.053100741516519674, 0.0, 0.0, 0.0, 0.0, 0.0, 0.0, 0.02628066145496901]  :with objective: -4.8000461036891044

  Local solver returns a feasible point with value -4.8

  Fixed 43 discretization points based on bounding heuristic


Initial guess for SP: [0.0, 0.0, 0.0, 0.005202748160977544, 0.0, 0.0, 0.5, 0.8998874083535935, 0.0, 0.0, 0.0, 0.9213663990740353, 0.0, 0.0, 0.5, 0.8395985952845704, 0.0, 0.0, 0.0, 0.6456518210055031, 0.0, 0.0, 0.0, 0.5, 0.0, 0.0, 0.20470709922577499, 0.35434817899449694, 0.0, 0.0, 0.0, 0.5, 0.2794978742128171, 0.27949787421281713, 0.42010244087767823, 0.9947972518390225, 0.0, 0.0, 0.0, 0.5, 0.0, 0.0, 0.0, 0.07863360092596475, 0.22515607155294062, 0.22515607155294082, 0.2888502204338322, 0.5, 0.0, 0.0, 0.0, 0.5, 0.0, 0.0, 0.0, 0.5, 0.0, 0.0, 0.5, 0.9780576225858849, 0.0, 0.0, 0.10011259164640642, 0.5, 0.0, 0.0, 0.0, 0.5, 0.0, 0.0, 0.0, 0.47533574863450884, 0.05310076721327923, 0.05310076721327923, 0.1604014047154295, 0.5, 0.3395985952845705, 0.49492078806578094, 0.49492078806578094, 0.5]

disc_lower_bound: [0.0, 0.0, 0.0, 0.0, 0.0, 0.0, 0.0, 0.0, 0.0, 0.0, 0.0, 0.0, 0.0, 0.0, 0.0, 0.0, 0.0, 0.0, 0.0, 0.0, 0.0, 0.0, 0.0, 0.0, 0.0, 0.0, 0.0, 0.0, 0.0, 0.0, 0.0, 0.0, 0.0, 0.0, 0.0, 0.0, 0.0, 0.0, 0.0, 0.0, 0.0, 0.0, 0.0, 0.0, 0.0, 0.0, 0.0, 0.0, 0.0, 0.0, 0.0, 0.0, 0.0, 0.0, 0.0, 0.0, 0.0, 0.0, 0.0, 0.0, 0.0, 0.0, 0.0, 0.0, 0.0, 0.0, 0.0, 0.0, 0.0, 0.0, 0.0, 0.0, 0.0, 0.0, 0.0, 0.0, 0.0, 0.0, 0.0, 0.0]

disc_upper_bound: [0.0, 0.0, 0.0, 1.0, 0.0, 0.0, 1.0, 1.0, 0.0, 0.0, 0.0, 1.0, 0.0, 0.0, 1.0, 1.0, 0.0, 0.0, 0.0, 1.0, 0.0, 0.0, 0.0, 1.0, 0.0, 0.0, 1.0, 1.0, 0.0, 0.0, 0.0, 1.0, 1.0, 1.0, 1.0, 1.0, 0.0, 0.0, 0.0, 1.0, 0.0, 0.0, 0.0, 1.0, 1.0, 1.0, 1.0, 1.0, 0.0, 0.0, 0.0, 1.0, 0.0, 0.0, 0.0, 1.0, 0.0, 0.0, 1.0, 1.0, 0.0, 0.0, 1.0, 1.0, 0.0, 0.0, 0.0, 1.0, 0.0, 0.0, 0.0, 1.0, 1.0, 1.0, 1.0, 1.0, 1.0, 1.0, 1.0, 1.0]

fix_disc_point: [1, 1, 1, 0, 1, 1, 0, 0, 1, 1, 1, 0, 1, 1, 0, 0, 1, 1, 1, 0, 1, 1, 1, 0, 1, 1, 0, 0, 1, 1, 1, 0, 0, 0, 0, 0, 1, 1, 1, 0, 1, 1, 1, 0, 0, 0, 0, 0, 1, 1, 1, 0, 1, 1, 1, 0, 1, 1, 0, 0, 1, 1, 0, 0, 1, 1, 1, 0, 1, 1, 1, 0, 0, 0, 0, 0, 0, 0, 0, 0]


Running Proximal Bundle Method MPBNGC.
Ending SP solves because bound converged with best_obj: -4.8000461036891044, bound: -4.800046069142235
MPBNGC terminated with `Failure in function or subgradient calculations (assigned by the user).`
Completed 0 restarts.  stalling_restart = false.  num_func_eval = 1  best_disc_bound: -4.800046069142235

Best found disc_points using mpbngc (without postprocessing): [0.0, 0.0, 0.0, 0.0052027481609775, 0.0, 0.0, 0.5, 0.8998874083535935, 0.0, 0.0, 0.0, 0.9213663990740352, 0.0, 0.0, 0.5, 0.8395985952845704, 0.0, 0.0, 0.0, 0.6456518210055031, 0.0, 0.0, 0.0, 0.5, 0.0, 0.0, 0.204707099225775, 0.354348178994497, 0.0, 0.0, 0.0, 0.5, 0.2794978742128171, 0.2794978742128172, 0.4201024408776782, 0.9947972518390223, 0.0, 0.0, 0.0, 0.5, 0.0, 0.0, 0.0, 0.0786336009259648, 0.2251560715529406, 0.2251560715529408, 0.2888502204338322, 0.5, 0.0, 0.0, 0.0, 0.5, 0.0, 0.0, 0.0, 0.5, 0.0, 0.0, 0.5, 0.978057622585885, 0.0, 0.0, 0.1001125916464064, 0.5, 0.0, 0.0, 0.0, 0.5, 0.0, 0.0, 0.0, 0.4753357486345088, 0.0531007672132792, 0.0531007672132792, 0.1604014047154295, 0.5, 0.3395985952845705, 0.4949207880657809, 0.4949207880657809, 0.5]  with bound: -4.800046069142235  in time: 13.49s

  Starting postprocessing to try and eliminate partitioning points that are not useful...
Time for postprocessing: 902.26s


Best found disc_points using mpbngc (with postprocessing): [0.0, 0.0, 0.0, 0.0, 0.0, 0.0, 0.0, 0.0, 0.0, 0.0, 0.0, 0.9213663990740352, 0.0, 0.0, 0.0, 0.5, 0.0, 0.0, 0.0, 0.0, 0.0, 0.0, 0.0, 0.0, 0.0, 0.0, 0.0, 0.354348178994497, 0.0, 0.0, 0.0, 0.5, 0.0, 0.0, 0.0, 0.4201024408776782, 0.0, 0.0, 0.0, 0.5, 0.0, 0.0, 0.0, 0.0786336009259648, 0.0, 0.0, 0.2251560715529408, 0.5, 0.0, 0.0, 0.0, 0.0, 0.0, 0.0, 0.0, 0.5, 0.0, 0.0, 0.0, 0.5, 0.0, 0.0, 0.1001125916464064, 0.5, 0.0, 0.0, 0.0, 0.5, 0.0, 0.0, 0.0, 0.4753357486345088, 0.0, 0.0, 0.0, 0.1604014047154295, 0.0, 0.0, 0.3395985952845705, 0.4949207880657809]  with bound: -4.800046069142235  in time: 915.76s. Excluded 62 discretization points
  Completed presolve in 12.25s
LOWER-BOUNDING ITERATIONS
====================================================================================================
| Iter   | Incumbent       | Best Incumbent      | Lower Bound        | Gap (%)         | Time      
| finish | -4.8            | -4.8                | -4.8               | 0.0             | 13.43s           
Final UBD: -4.8000461036891044
Final LBD: -4.80004606914227
====================================================================================================

*** Alpine ended with status OPTIMAL ***

 Total time for local solves: 3.2s

 Total time for solving max-min problems: 917.87s

 Total time excluding max-min time: 13.43s

