
PROBLEM STATISTICS
  Objective sense = Min
  # Variables = 120
  # Bin-Int Variables = 0
  # Constraints = 124
  # NL Constraints = 100
  # Linear Constraints = 24
  # Detected convex constraints = 0
  # Detected nonlinear terms = 100
  # Variables involved in nonlinear terms = 20
  # Potential variables for partitioning = 20
SUB-SOLVERS USED BY ALPINE
  NLP local solver = Ipopt
  MIP solver = Gurobi
ALPINE CONFIGURATION
  Maximum iterations (lower-bounding MIPs) =  1
  Relative global optimality gap = 0.01%
  Potential variables chosen for partitioning = All
  Discretization ratio = 10
  Bound-tightening presolve = false
PRESOLVE 
  Doing local search

Feasible solution found during presolve: [0.0, 1.0, 1.0, 0.4512624172893123, 1.0, 0.0, 0.07440912789788774, 0.0, 0.1789385033246532, 1.0, 0.0, 0.0026198232997419074, 1.0, 1.0, 1.0, 0.0, 0.0, 0.0, 0.0, 0.0, 0.0, 0.0, 0.0, 0.0, 0.0, 0.0, 0.0, 0.0, 0.0, 0.0, 1.0, 1.0, 0.0, 0.0026198232620883613, 1.0, 0.0, 0.0, 0.0, 0.0, 0.0, 0.0, 0.0, 0.0, 0.0, 0.0, 0.4512624209493796, 0.0, 0.0, 0.4512624137518442, 0.0, 0.0011822277951123894, 0.451262420070037, 0.0, 0.0, 0.0, 0.0, 0.0, 0.0, 0.07440912850140002, 0.0, 1.0, 0.0, 0.0, 0.0, 0.0, 0.0, 0.0, 0.0, 0.0, 0.0, 0.0, 0.0, 0.0, 0.013314657979740711, 0.00019493876698037344, 0.0744091283564043, 0.0, 0.0, 0.0, 0.0, 0.0, 0.0, 0.0, 0.0, 0.0, 0.0, 0.0, 0.17893850442729034, 0.0, 0.0, 0.0, 0.0, 1.0, 1.0, 1.0, 0.0, 0.0, 0.0, 0.0, 0.0, 0.0, 0.0, 0.002619823311896509, 0.0, 0.0, 0.0, 1.0, 0.0, 0.0, 0.0, 0.0, 0.0, 0.0, 0.0, 0.0, 0.0, 0.0, 0.0, 0.0, 0.0]  :with objective: -3.684025620831457

  Local solver returns a feasible point with value -3.684

  Fixed 35 discretization points based on bounding heuristic


Initial guess for SP: [0.0, 0.0, 0.0, 0.08457357905588703, 0.0, 0.0, 0.5, 0.8245953990566174, 0.0, 0.0, 0.5, 0.8832413989760887, 0.17540460094338273, 0.4512624031775146, 0.4512624031775148, 0.5, 0.0, 0.0, 0.0, 0.5608692243468812, 0.0, 0.0, 0.03622780557612571, 0.5, 0.07440911739482665, 0.07440911739482693, 0.08457357905588704, 0.4057135911733495, 0.0, 0.0, 0.03622780557612571, 0.5, 0.17893850255691746, 0.17893850255691746, 0.5942864088266505, 0.915426420944113, 0.0, 0.0, 0.5, 0.9261546378175036, 0.0, 0.0, 0.0, 0.23351720204782264, 0.002619817970732199, 0.0026198179707326427, 0.17540460094338273, 0.5, 0.0, 0.0, 0.5, 0.8832413989760887, 0.0, 0.0, 0.5, 0.8832413989760887, 0.0, 0.0, 0.5, 0.8832413989760887, 0.0, 0.0, 0.11675860102391133, 0.5, 0.0, 0.0, 0.11675860102391133, 0.5, 0.0, 0.0, 0.16525394780511354, 0.47106503169336583, 0.0, 0.0, 0.15762566583475401, 0.4493202144840904, 0.0, 0.0, 0.11675860102391133, 0.5]

disc_lower_bound: [0.0, 0.0, 0.0, 0.0, 0.0, 0.0, 0.0, 0.0, 0.0, 0.0, 0.0, 0.0, 0.0, 0.0, 0.0, 0.0, 0.0, 0.0, 0.0, 0.0, 0.0, 0.0, 0.0, 0.0, 0.0, 0.0, 0.0, 0.0, 0.0, 0.0, 0.0, 0.0, 0.0, 0.0, 0.0, 0.0, 0.0, 0.0, 0.0, 0.0, 0.0, 0.0, 0.0, 0.0, 0.0, 0.0, 0.0, 0.0, 0.0, 0.0, 0.0, 0.0, 0.0, 0.0, 0.0, 0.0, 0.0, 0.0, 0.0, 0.0, 0.0, 0.0, 0.0, 0.0, 0.0, 0.0, 0.0, 0.0, 0.0, 0.0, 0.0, 0.0, 0.0, 0.0, 0.0, 0.0, 0.0, 0.0, 0.0, 0.0]

disc_upper_bound: [0.0, 0.0, 0.0, 1.0, 0.0, 0.0, 1.0, 1.0, 0.0, 0.0, 1.0, 1.0, 1.0, 1.0, 1.0, 1.0, 0.0, 0.0, 0.0, 1.0, 0.0, 0.0, 1.0, 1.0, 1.0, 1.0, 1.0, 1.0, 0.0, 0.0, 1.0, 1.0, 1.0, 1.0, 1.0, 1.0, 0.0, 0.0, 1.0, 1.0, 0.0, 0.0, 0.0, 1.0, 1.0, 1.0, 1.0, 1.0, 0.0, 0.0, 1.0, 1.0, 0.0, 0.0, 1.0, 1.0, 0.0, 0.0, 1.0, 1.0, 0.0, 0.0, 1.0, 1.0, 0.0, 0.0, 1.0, 1.0, 0.0, 0.0, 1.0, 1.0, 0.0, 0.0, 1.0, 1.0, 0.0, 0.0, 1.0, 1.0]

fix_disc_point: [1, 1, 1, 0, 1, 1, 0, 0, 1, 1, 0, 0, 0, 0, 0, 0, 1, 1, 1, 0, 1, 1, 0, 0, 0, 0, 0, 0, 1, 1, 0, 0, 0, 0, 0, 0, 1, 1, 0, 0, 1, 1, 1, 0, 0, 0, 0, 0, 1, 1, 0, 0, 1, 1, 0, 0, 1, 1, 0, 0, 1, 1, 0, 0, 1, 1, 0, 0, 1, 1, 0, 0, 1, 1, 0, 0, 1, 1, 0, 0]


Running Proximal Bundle Method MPBNGC.
Ending SP solves because bound converged with best_obj: -3.684025620831457, bound: -3.684025629678052
MPBNGC terminated with `Failure in function or subgradient calculations (assigned by the user).`
Completed 0 restarts.  stalling_restart = false.  num_func_eval = 1  best_disc_bound: -3.684025629678052

Best found disc_points using mpbngc (without postprocessing): [0.0, 0.0, 0.0, 0.084573579055887, 0.0, 0.0, 0.5, 0.8245953990566174, 0.0, 0.0, 0.5, 0.8832413989760887, 0.1754046009433827, 0.4512624031775146, 0.4512624031775148, 0.5, 0.0, 0.0, 0.0, 0.5608692243468812, 0.0, 0.0, 0.0362278055761257, 0.5, 0.0744091173948266, 0.0744091173948269, 0.084573579055887, 0.4057135911733495, 0.0, 0.0, 0.0362278055761257, 0.5, 0.1789385025569174, 0.1789385025569174, 0.5942864088266505, 0.915426420944113, 0.0, 0.0, 0.5, 0.9261546378175036, 0.0, 0.0, 0.0, 0.2335172020478226, 0.0026198179707322, 0.0026198179707326, 0.1754046009433827, 0.5, 0.0, 0.0, 0.5, 0.8832413989760887, 0.0, 0.0, 0.5, 0.8832413989760887, 0.0, 0.0, 0.5, 0.8832413989760887, 0.0, 0.0, 0.1167586010239113, 0.5, 0.0, 0.0, 0.1167586010239113, 0.5, 0.0, 0.0, 0.1652539478051136, 0.4710650316933658, 0.0, 0.0, 0.157625665834754, 0.4493202144840904, 0.0, 0.0, 0.1167586010239113, 0.5]  with bound: -3.684025629678052  in time: 14.72s

  Starting postprocessing to try and eliminate partitioning points that are not useful...
Time for postprocessing: 719.31s


Best found disc_points using mpbngc (with postprocessing): [0.0, 0.0, 0.0, 0.0, 0.0, 0.0, 0.0, 0.0, 0.0, 0.0, 0.0, 0.0, 0.0, 0.0, 0.0, 0.0, 0.0, 0.0, 0.0, 0.0, 0.0, 0.0, 0.0, 0.0, 0.0, 0.0, 0.0, 0.084573579055887, 0.0, 0.0, 0.0, 0.0, 0.0, 0.0, 0.0, 0.1789385025569174, 0.0, 0.0, 0.5, 0.9261546378175036, 0.0, 0.0, 0.0, 0.2335172020478226, 0.0, 0.0026198179707326, 0.1754046009433827, 0.5, 0.0, 0.0, 0.0, 0.0, 0.0, 0.0, 0.0, 0.5, 0.0, 0.0, 0.0, 0.5, 0.0, 0.0, 0.1167586010239113, 0.5, 0.0, 0.0, 0.1167586010239113, 0.5, 0.0, 0.0, 0.1652539478051136, 0.4710650316933658, 0.0, 0.0, 0.157625665834754, 0.4493202144840904, 0.0, 0.0, 0.1167586010239113, 0.5]  with bound: -3.684025629678052  in time: 734.05s. Excluded 60 discretization points
  Completed presolve in 12.17s
LOWER-BOUNDING ITERATIONS
====================================================================================================
| Iter   | Incumbent       | Best Incumbent      | Lower Bound        | Gap (%)         | Time      
| finish | -3.684          | -3.684              | -3.684             | 0.0             | 14.45s           
Final UBD: -3.684025620831457
Final LBD: -3.684025629678052
====================================================================================================

*** Alpine ended with status OPTIMAL ***

 Total time for local solves: 3.15s

 Total time for solving max-min problems: 736.17s

 Total time excluding max-min time: 14.45s

