
PROBLEM STATISTICS
  Objective sense = Min
  # Variables = 120
  # Bin-Int Variables = 0
  # Constraints = 124
  # NL Constraints = 100
  # Linear Constraints = 24
  # Detected convex constraints = 0
  # Detected nonlinear terms = 100
  # Variables involved in nonlinear terms = 20
  # Potential variables for partitioning = 20
SUB-SOLVERS USED BY ALPINE
  NLP local solver = Ipopt
  MIP solver = Gurobi
ALPINE CONFIGURATION
  Maximum iterations (lower-bounding MIPs) =  1
  Relative global optimality gap = 0.01%
  Potential variables chosen for partitioning = All
  Discretization ratio = 10
  Bound-tightening presolve = false
PRESOLVE 
  Doing local search

Feasible solution found during presolve: [0.0, 1.0, 1.0, 0.45126241794296323, 1.0, 0.0, 0.07440912783232459, 0.0, 0.1789385041413096, 1.0, 0.0, 0.002619824450838551, 1.0, 1.0, 1.0, 0.0, 0.0, 0.0, 0.0, 0.0, 0.0, 0.0, 0.0, 0.0, 0.0, 0.0, 0.0, 0.0, 0.0, 0.0, 1.0, 1.0, 0.0, 0.0026198244115608242, 1.0, 0.0, 0.0, 0.0, 0.0, 0.0, 0.0, 0.0, 0.0, 0.0, 0.0, 0.45126242155139784, 0.0, 0.0, 0.4512624141440176, 0.0, 0.001182228316271493, 0.45126242052156074, 0.0, 0.0, 0.0, 0.0, 0.0, 0.0, 0.07440912842732311, 0.0, 1.0, 0.0, 0.0, 0.0, 0.0, 0.0, 0.0, 0.0, 0.0, 0.0, 0.0, 0.0, 0.0, 0.013314658028775636, 0.00019493885246070733, 0.0744091282575122, 0.0, 0.0, 0.0, 0.0, 0.0, 0.0, 0.0, 0.0, 0.0, 0.0, 0.0, 0.17893850516379753, 0.0, 0.0, 0.0, 0.0, 1.0, 1.0, 1.0, 0.0, 0.0, 0.0, 0.0, 0.0, 0.0, 0.0, 0.002619824464356737, 0.0, 0.0, 0.0, 1.0, 0.0, 0.0, 0.0, 0.0, 0.0, 0.0, 0.0, 0.0, 0.0, 0.0, 0.0, 0.0, 0.0]  :with objective: -3.46094598561694

  Local solver returns a feasible point with value -3.4609

  Fixed 38 discretization points based on bounding heuristic


Initial guess for SP: [0.0, 0.0, 0.0, 0.04998218860411874, 0.0, 0.0, 0.5, 0.8834323807145641, 0.0, 0.0, 0.0, 0.5, 0.4512624031775149, 0.4512624031775149, 0.5, 0.6998512792647098, 0.0, 0.0, 0.0, 0.5, 0.0, 0.0, 0.0, 0.5, 0.04998218860411874, 0.0744091173948264, 0.07440911739482663, 0.429706738467572, 0.0, 0.0, 0.0, 0.5, 0.17893850255691707, 0.17893850255691746, 0.570293261532428, 0.9500178113958813, 0.0, 0.0, 0.5, 0.9877325764842585, 0.0, 0.0, 0.0, 0.10447973403591461, 0.0026198179707323595, 0.0026198179707323647, 0.1998512792647098, 0.5, 0.0, 0.0, 0.5, 0.9877325764842585, 0.0, 0.0, 0.5, 0.9877325764842585, 0.0, 0.0, 0.5, 0.8834323807145641, 0.0, 0.0, 0.11656761928543591, 0.5, 0.0, 0.0, 0.012267423515741505, 0.5, 0.0, 0.0, 0.010013000108773776, 0.40811341093446135, 0.0, 0.0, 0.27705116738566715, 0.4352477723626739, 0.0, 0.0, 0.11656761928543591, 0.5]

disc_lower_bound: [0.0, 0.0, 0.0, 0.0, 0.0, 0.0, 0.0, 0.0, 0.0, 0.0, 0.0, 0.0, 0.0, 0.0, 0.0, 0.0, 0.0, 0.0, 0.0, 0.0, 0.0, 0.0, 0.0, 0.0, 0.0, 0.0, 0.0, 0.0, 0.0, 0.0, 0.0, 0.0, 0.0, 0.0, 0.0, 0.0, 0.0, 0.0, 0.0, 0.0, 0.0, 0.0, 0.0, 0.0, 0.0, 0.0, 0.0, 0.0, 0.0, 0.0, 0.0, 0.0, 0.0, 0.0, 0.0, 0.0, 0.0, 0.0, 0.0, 0.0, 0.0, 0.0, 0.0, 0.0, 0.0, 0.0, 0.0, 0.0, 0.0, 0.0, 0.0, 0.0, 0.0, 0.0, 0.0, 0.0, 0.0, 0.0, 0.0, 0.0]

disc_upper_bound: [0.0, 0.0, 0.0, 1.0, 0.0, 0.0, 1.0, 1.0, 0.0, 0.0, 0.0, 1.0, 1.0, 1.0, 1.0, 1.0, 0.0, 0.0, 0.0, 1.0, 0.0, 0.0, 0.0, 1.0, 1.0, 1.0, 1.0, 1.0, 0.0, 0.0, 0.0, 1.0, 1.0, 1.0, 1.0, 1.0, 0.0, 0.0, 1.0, 1.0, 0.0, 0.0, 0.0, 1.0, 1.0, 1.0, 1.0, 1.0, 0.0, 0.0, 1.0, 1.0, 0.0, 0.0, 1.0, 1.0, 0.0, 0.0, 1.0, 1.0, 0.0, 0.0, 1.0, 1.0, 0.0, 0.0, 1.0, 1.0, 0.0, 0.0, 1.0, 1.0, 0.0, 0.0, 1.0, 1.0, 0.0, 0.0, 1.0, 1.0]

fix_disc_point: [1, 1, 1, 0, 1, 1, 0, 0, 1, 1, 1, 0, 0, 0, 0, 0, 1, 1, 1, 0, 1, 1, 1, 0, 0, 0, 0, 0, 1, 1, 1, 0, 0, 0, 0, 0, 1, 1, 0, 0, 1, 1, 1, 0, 0, 0, 0, 0, 1, 1, 0, 0, 1, 1, 0, 0, 1, 1, 0, 0, 1, 1, 0, 0, 1, 1, 0, 0, 1, 1, 0, 0, 1, 1, 0, 0, 1, 1, 0, 0]


Running Proximal Bundle Method MPBNGC.
Ending SP solves because bound converged with best_obj: -3.46094598561694, bound: -3.460945999521602
MPBNGC terminated with `Failure in function or subgradient calculations (assigned by the user).`
Completed 0 restarts.  stalling_restart = false.  num_func_eval = 1  best_disc_bound: -3.460945999521602

Best found disc_points using mpbngc (without postprocessing): [0.0, 0.0, 0.0, 0.0499821886041187, 0.0, 0.0, 0.5, 0.8834323807145641, 0.0, 0.0, 0.0, 0.5, 0.4512624031775149, 0.4512624031775149, 0.5, 0.6998512792647098, 0.0, 0.0, 0.0, 0.5, 0.0, 0.0, 0.0, 0.5, 0.0499821886041187, 0.0744091173948264, 0.0744091173948266, 0.429706738467572, 0.0, 0.0, 0.0, 0.5, 0.1789385025569171, 0.1789385025569174, 0.570293261532428, 0.9500178113958812, 0.0, 0.0, 0.5, 0.9877325764842584, 0.0, 0.0, 0.0, 0.1044797340359146, 0.0026198179707324, 0.0026198179707324, 0.1998512792647098, 0.5, 0.0, 0.0, 0.5, 0.9877325764842584, 0.0, 0.0, 0.5, 0.9877325764842584, 0.0, 0.0, 0.5, 0.8834323807145641, 0.0, 0.0, 0.1165676192854359, 0.5, 0.0, 0.0, 0.0122674235157415, 0.5, 0.0, 0.0, 0.0100130001087738, 0.4081134109344614, 0.0, 0.0, 0.2770511673856672, 0.4352477723626739, 0.0, 0.0, 0.1165676192854359, 0.5]  with bound: -3.460945999521602  in time: 14.93s

  Starting postprocessing to try and eliminate partitioning points that are not useful...
Time for postprocessing: 770.01s


Best found disc_points using mpbngc (with postprocessing): [0.0, 0.0, 0.0, 0.0, 0.0, 0.0, 0.0, 0.0, 0.0, 0.0, 0.0, 0.0, 0.0, 0.0, 0.0, 0.0, 0.0, 0.0, 0.0, 0.0, 0.0, 0.0, 0.0, 0.0, 0.0, 0.0, 0.0, 0.0744091173948266, 0.0, 0.0, 0.0, 0.5, 0.0, 0.0, 0.1789385025569174, 0.9500178113958812, 0.0, 0.0, 0.0, 0.5, 0.0, 0.0, 0.0, 0.1044797340359146, 0.0, 0.0026198179707324, 0.1998512792647098, 0.5, 0.0, 0.0, 0.0, 0.0, 0.0, 0.0, 0.5, 0.9877325764842584, 0.0, 0.0, 0.0, 0.5, 0.0, 0.0, 0.1165676192854359, 0.5, 0.0, 0.0, 0.0, 0.5, 0.0, 0.0, 0.0100130001087738, 0.4081134109344614, 0.0, 0.0, 0.0, 0.4352477723626739, 0.0, 0.0, 0.1165676192854359, 0.5]  with bound: -3.460945999521602  in time: 784.95s. Excluded 60 discretization points
  Completed presolve in 13.49s
LOWER-BOUNDING ITERATIONS
====================================================================================================
| Iter   | Incumbent       | Best Incumbent      | Lower Bound        | Gap (%)         | Time      
| finish | -3.4609         | -3.4609             | -3.4609            | 0.0             | 15.35s           
Final UBD: -3.46094598561694
Final LBD: -3.460945999521602
====================================================================================================

*** Alpine ended with status OPTIMAL ***

 Total time for local solves: 3.15s

 Total time for solving max-min problems: 787.08s

 Total time excluding max-min time: 15.35s

