
PROBLEM STATISTICS
  Objective sense = Min
  # Variables = 120
  # Bin-Int Variables = 0
  # Constraints = 124
  # NL Constraints = 100
  # Linear Constraints = 24
  # Detected convex constraints = 0
  # Detected nonlinear terms = 100
  # Variables involved in nonlinear terms = 20
  # Potential variables for partitioning = 20
SUB-SOLVERS USED BY ALPINE
  NLP local solver = Ipopt
  MIP solver = Gurobi
ALPINE CONFIGURATION
  Maximum iterations (lower-bounding MIPs) =  1
  Relative global optimality gap = 0.01%
  Potential variables chosen for partitioning = All
  Discretization ratio = 10
  Bound-tightening presolve = false
PRESOLVE 
  Doing local search

Feasible solution found during presolve: [0.0, 1.0, 1.0, 1.0, 1.0, 0.0, 0.08861255065564991, 0.0, 0.5037283010015604, 1.0, 0.0, 1.0, 0.8336095119818341, 1.0, 1.0, 0.634255203575611, 0.0, 0.0, 0.0, 1.0, 0.0, 0.0, 0.0, 0.0, 0.0, 0.0, 0.0, 0.0, 0.0, 0.0, 1.0, 1.0, 0.0, 1.0, 1.0, 0.634255194693285, 0.0, 0.0, 1.0, 0.0, 0.0, 0.6342552077937025, 0.0, 0.0, 1.0, 1.0, 0.0, 0.0, 1.0, 0.0, 1.0, 1.0, 0.634255202934548, 0.0, 0.0, 0.0, 1.0, 0.0, 0.08861255136499935, 0.0, 1.0, 0.0, 0.0, 1.0, 0.0, 0.0, 0.0, 0.0, 0.0, 0.0, 0.0, 0.0, 0.0, 0.04463664958918523, 0.08861254891200929, 0.08861255116207534, 0.05620297135545338, 0.0, 0.0, 0.0, 0.08861254076743208, 0.0, 0.0, 0.0, 0.0, 0.0, 0.0, 0.5037283038803942, 0.31949229609854135, 0.0, 0.0, 0.0, 0.8336094290025796, 1.0, 1.0, 0.6342551404405061, 0.0, 0.0, 0.0, 0.0, 0.0, 0.0, 1.0, 0.6342551910952894, 0.0, 0.0, 0.8336095167459567, 0.528721170724604, 0.0, 0.6342552081528695, 0.0, 0.0, 0.0, 0.6342552072004133, 0.0, 0.0, 0.6342551327994788, 0.0, 0.0, 0.0]  :with objective: -3.4935235597317034

  Local solver returns a feasible point with value -3.4935

  Fixed 42 discretization points based on bounding heuristic


Initial guess for SP: [0.0, 0.0, 0.0, 0.45211812247997984, 0.0, 0.0, 0.0, 0.6471980858798537, 0.0, 0.0, 0.0, 0.6658907487851777, 0.0, 0.0, 0.0, 0.5478818775200202, 0.0, 0.0, 0.0, 0.651443261104636, 0.0, 0.0, 0.0, 0.45211812247997984, 0.08990766900628096, 0.1190510120827799, 0.16475019609396857, 0.45211812247997984, 0.0, 0.0, 0.0, 0.45211812247997984, 0.0, 0.49222125139017253, 0.5038111387760698, 0.5730572176751215, 0.0, 0.45211812247997984, 0.8557326309708801, 0.998376596819786, 0.0, 0.0, 0.0, 0.3341092512148223, 0.0, 0.0, 0.5478818775200202, 0.9945025279536273, 0.45211812247997984, 0.8354840865225485, 0.8557326309708801, 0.9796583442397767, 0.0, 0.0, 0.0, 0.5478818775200202, 0.0, 0.0, 0.5478818775200202, 0.975344669107296, 0.45211812247997984, 0.6346914046414527, 0.6367692355901309, 0.7303208966330985, 0.0, 0.0, 0.1190510120827799, 0.45211812247997984, 0.0, 0.0, 0.0, 0.45211812247997984, 0.0, 0.0, 0.0, 0.45211812247997984, 0.0, 0.5478818775200202, 0.8479655658561094, 0.9982891960562377]

disc_lower_bound: [0.0, 0.0, 0.0, 0.0, 0.0, 0.0, 0.0, 0.0, 0.0, 0.0, 0.0, 0.0, 0.0, 0.0, 0.0, 0.0, 0.0, 0.0, 0.0, 0.0, 0.0, 0.0, 0.0, 0.0, 0.0, 0.0, 0.0, 0.0, 0.0, 0.0, 0.0, 0.0, 0.0, 0.0, 0.0, 0.0, 0.0, 0.0, 0.0, 0.0, 0.0, 0.0, 0.0, 0.0, 0.0, 0.0, 0.0, 0.0, 0.0, 0.0, 0.0, 0.0, 0.0, 0.0, 0.0, 0.0, 0.0, 0.0, 0.0, 0.0, 0.0, 0.0, 0.0, 0.0, 0.0, 0.0, 0.0, 0.0, 0.0, 0.0, 0.0, 0.0, 0.0, 0.0, 0.0, 0.0, 0.0, 0.0, 0.0, 0.0]

disc_upper_bound: [0.0, 0.0, 0.0, 1.0, 0.0, 0.0, 0.0, 1.0, 0.0, 0.0, 0.0, 1.0, 0.0, 0.0, 0.0, 1.0, 0.0, 0.0, 0.0, 1.0, 0.0, 0.0, 0.0, 1.0, 1.0, 1.0, 1.0, 1.0, 0.0, 0.0, 0.0, 1.0, 0.0, 1.0, 1.0, 1.0, 0.0, 1.0, 1.0, 1.0, 0.0, 0.0, 0.0, 1.0, 0.0, 0.0, 1.0, 1.0, 1.0, 1.0, 1.0, 1.0, 0.0, 0.0, 0.0, 1.0, 0.0, 0.0, 1.0, 1.0, 1.0, 1.0, 1.0, 1.0, 0.0, 0.0, 1.0, 1.0, 0.0, 0.0, 0.0, 1.0, 0.0, 0.0, 0.0, 1.0, 0.0, 1.0, 1.0, 1.0]

fix_disc_point: [1, 1, 1, 0, 1, 1, 1, 0, 1, 1, 1, 0, 1, 1, 1, 0, 1, 1, 1, 0, 1, 1, 1, 0, 0, 0, 0, 0, 1, 1, 1, 0, 1, 0, 0, 0, 1, 0, 0, 0, 1, 1, 1, 0, 1, 1, 0, 0, 0, 0, 0, 0, 1, 1, 1, 0, 1, 1, 0, 0, 0, 0, 0, 0, 1, 1, 0, 0, 1, 1, 1, 0, 1, 1, 1, 0, 1, 0, 0, 0]


Running Proximal Bundle Method MPBNGC.
Ending SP solves because bound converged with best_obj: -3.4935235597317034, bound: -3.4935245178869936
MPBNGC terminated with `Failure in function or subgradient calculations (assigned by the user).`
Completed 0 restarts.  stalling_restart = false.  num_func_eval = 1  best_disc_bound: -3.4935245178869936

Best found disc_points using mpbngc (without postprocessing): [0.0, 0.0, 0.0, 0.4521181224799798, 0.0, 0.0, 0.0, 0.6471980858798537, 0.0, 0.0, 0.0, 0.6658907487851777, 0.0, 0.0, 0.0, 0.5478818775200202, 0.0, 0.0, 0.0, 0.651443261104636, 0.0, 0.0, 0.0, 0.4521181224799798, 0.089907669006281, 0.1190510120827799, 0.1647501960939686, 0.4521181224799798, 0.0, 0.0, 0.0, 0.4521181224799798, 0.0, 0.4922212513901725, 0.5038111387760698, 0.5730572176751215, 0.0, 0.4521181224799798, 0.8557326309708801, 0.998376596819786, 0.0, 0.0, 0.0, 0.3341092512148223, 0.0, 0.0, 0.5478818775200202, 0.9945025279536271, 0.4521181224799798, 0.8354840865225485, 0.8557326309708801, 0.9796583442397768, 0.0, 0.0, 0.0, 0.5478818775200202, 0.0, 0.0, 0.5478818775200202, 0.975344669107296, 0.4521181224799798, 0.6346914046414527, 0.6367692355901309, 0.7303208966330985, 0.0, 0.0, 0.1190510120827799, 0.4521181224799798, 0.0, 0.0, 0.0, 0.4521181224799798, 0.0, 0.0, 0.0, 0.4521181224799798, 0.0, 0.5478818775200202, 0.8479655658561094, 0.9982891960562376]  with bound: -3.4935245178869936  in time: 13.1s

  Starting postprocessing to try and eliminate partitioning points that are not useful...
Time for postprocessing: 540.43s


Best found disc_points using mpbngc (with postprocessing): [0.0, 0.0, 0.0, 0.0, 0.0, 0.0, 0.0, 0.0, 0.0, 0.0, 0.0, 0.0, 0.0, 0.0, 0.0, 0.5478818775200202, 0.0, 0.0, 0.0, 0.0, 0.0, 0.0, 0.0, 0.4521181224799798, 0.0, 0.0, 0.089907669006281, 0.1647501960939686, 0.0, 0.0, 0.0, 0.0, 0.0, 0.0, 0.0, 0.5038111387760698, 0.0, 0.0, 0.4521181224799798, 0.998376596819786, 0.0, 0.0, 0.0, 0.0, 0.0, 0.0, 0.0, 0.5478818775200202, 0.0, 0.0, 0.4521181224799798, 0.8354840865225485, 0.0, 0.0, 0.0, 0.0, 0.0, 0.0, 0.0, 0.0, 0.0, 0.4521181224799798, 0.6346914046414527, 0.7303208966330985, 0.0, 0.0, 0.0, 0.1190510120827799, 0.0, 0.0, 0.0, 0.4521181224799798, 0.0, 0.0, 0.0, 0.4521181224799798, 0.0, 0.5478818775200202, 0.8479655658561094, 0.9982891960562376]  with bound: -3.4935245178869936  in time: 553.55s. Excluded 61 discretization points
  Completed presolve in 12.62s
LOWER-BOUNDING ITERATIONS
====================================================================================================
| Iter   | Incumbent       | Best Incumbent      | Lower Bound        | Gap (%)         | Time      
| finish | -3.4935         | -3.4935             | -3.4935            | 0.0             | 13.93s           
Final UBD: -3.4935235597317034
Final LBD: -3.493524517886999
====================================================================================================

*** Alpine ended with status OPTIMAL ***

 Total time for local solves: 3.2s

 Total time for solving max-min problems: 555.78s

 Total time excluding max-min time: 13.93s

