
PROBLEM STATISTICS
  Objective sense = Min
  # Variables = 120
  # Bin-Int Variables = 0
  # Constraints = 124
  # NL Constraints = 100
  # Linear Constraints = 24
  # Detected convex constraints = 0
  # Detected nonlinear terms = 100
  # Variables involved in nonlinear terms = 20
  # Potential variables for partitioning = 20
SUB-SOLVERS USED BY ALPINE
  NLP local solver = Ipopt
  MIP solver = Gurobi
ALPINE CONFIGURATION
  Maximum iterations (lower-bounding MIPs) =  1
  Relative global optimality gap = 0.01%
  Potential variables chosen for partitioning = All
  Discretization ratio = 10
  Bound-tightening presolve = false
PRESOLVE 
  Doing local search

Feasible solution found during presolve: [0.0, 1.0, 1.0, 0.4512624326119484, 1.0, 0.0, 0.07440915178037501, 0.0, 0.17893853064885334, 1.0, 0.0, 0.0026198318175862712, 1.0, 1.0, 1.0, 0.0, 0.0, 0.0, 0.0, 0.0, 0.0, 0.0, 0.0, 0.0, 0.0, 0.0, 0.0, 0.0, 0.0, 0.0, 1.0, 1.0, 0.0, 0.002619831757649104, 1.0, 0.0, 0.0, 0.0, 0.0, 0.0, 0.0, 0.0, 0.0, 0.0, 0.0, 0.4512624360155425, 0.0, 0.0, 0.45126242716811654, 0.0, 0.0011822316790381653, 0.45126243461549587, 0.0, 0.0, 0.0, 0.0, 0.0, 0.0, 0.07440915234159733, 0.0, 1.0, 0.0, 0.0, 0.0, 0.0, 0.0, 0.0, 0.0, 0.0, 0.0, 0.0, 0.0, 0.0, 0.013314664286407785, 0.0001949394633538404, 0.07440915211074212, 0.0, 0.0, 0.0, 0.0, 0.0, 0.0, 0.0, 0.0, 0.0, 0.0, 0.0, 0.1789385314433175, 0.0, 0.0, 0.0, 0.0, 1.0, 1.0, 1.0, 0.0, 0.0, 0.0, 0.0, 0.0, 0.0, 0.0, 0.0026198318168117363, 0.0, 0.0, 0.0, 1.0, 0.0, 0.0, 0.0, 0.0, 0.0, 0.0, 0.0, 0.0, 0.0, 0.0, 0.0, 0.0, 0.0]  :with objective: -2.696914850451415

  Local solver returns a feasible point with value -2.6969

  Fixed 48 discretization points based on bounding heuristic


Initial guess for SP: [0.0, 0.0, 0.0, 0.3532038511160025, 0.0, 0.0, 0.0, 0.548824864379294, 0.0, 0.0, 0.0, 0.548824864379294, 0.45069744940275513, 0.4512624031775145, 0.45126240317751454, 0.548824864379294, 0.0, 0.0, 0.0, 0.7387123495953274, 0.0, 0.0, 0.0, 0.451175135620706, 0.07440911739482675, 0.07440911739482675, 0.07511722971621446, 0.26128765040467256, 0.0, 0.0, 0.0, 0.451175135620706, 0.17893850255691723, 0.17893850255691723, 0.17995279227577693, 0.7387123495953274, 0.0, 0.0, 0.0, 0.451175135620706, 0.0, 0.0, 0.0, 0.0, 0.0023492639928170134, 0.002619817970732404, 0.002619817970732404, 0.548824864379294, 0.0, 0.0, 0.0, 0.548824864379294, 0.0, 0.0, 0.0, 0.548824864379294, 0.0, 0.0, 0.0, 0.548824864379294, 0.0, 0.0, 0.0, 0.451175135620706, 0.0, 0.0, 0.0, 0.451175135620706, 0.0, 0.0, 0.0015590007252378746, 0.3642069874701155, 0.0, 0.0, 0.0, 0.451175135620706, 0.0, 0.0, 0.0, 0.451175135620706]

disc_lower_bound: [0.0, 0.0, 0.0, 0.0, 0.0, 0.0, 0.0, 0.0, 0.0, 0.0, 0.0, 0.0, 0.0, 0.0, 0.0, 0.0, 0.0, 0.0, 0.0, 0.0, 0.0, 0.0, 0.0, 0.0, 0.0, 0.0, 0.0, 0.0, 0.0, 0.0, 0.0, 0.0, 0.0, 0.0, 0.0, 0.0, 0.0, 0.0, 0.0, 0.0, 0.0, 0.0, 0.0, 0.0, 0.0, 0.0, 0.0, 0.0, 0.0, 0.0, 0.0, 0.0, 0.0, 0.0, 0.0, 0.0, 0.0, 0.0, 0.0, 0.0, 0.0, 0.0, 0.0, 0.0, 0.0, 0.0, 0.0, 0.0, 0.0, 0.0, 0.0, 0.0, 0.0, 0.0, 0.0, 0.0, 0.0, 0.0, 0.0, 0.0]

disc_upper_bound: [0.0, 0.0, 0.0, 1.0, 0.0, 0.0, 0.0, 1.0, 0.0, 0.0, 0.0, 1.0, 1.0, 1.0, 1.0, 1.0, 0.0, 0.0, 0.0, 1.0, 0.0, 0.0, 0.0, 1.0, 1.0, 1.0, 1.0, 1.0, 0.0, 0.0, 0.0, 1.0, 1.0, 1.0, 1.0, 1.0, 0.0, 0.0, 0.0, 1.0, 0.0, 0.0, 0.0, 0.0, 1.0, 1.0, 1.0, 1.0, 0.0, 0.0, 0.0, 1.0, 0.0, 0.0, 0.0, 1.0, 0.0, 0.0, 0.0, 1.0, 0.0, 0.0, 0.0, 1.0, 0.0, 0.0, 0.0, 1.0, 0.0, 0.0, 1.0, 1.0, 0.0, 0.0, 0.0, 1.0, 0.0, 0.0, 0.0, 1.0]

fix_disc_point: [1, 1, 1, 0, 1, 1, 1, 0, 1, 1, 1, 0, 0, 0, 0, 0, 1, 1, 1, 0, 1, 1, 1, 0, 0, 0, 0, 0, 1, 1, 1, 0, 0, 0, 0, 0, 1, 1, 1, 0, 1, 1, 1, 1, 0, 0, 0, 0, 1, 1, 1, 0, 1, 1, 1, 0, 1, 1, 1, 0, 1, 1, 1, 0, 1, 1, 1, 0, 1, 1, 0, 0, 1, 1, 1, 0, 1, 1, 1, 0]


Running Proximal Bundle Method MPBNGC.
Ending SP solves because bound converged with best_obj: -2.696914850451415, bound: -2.6969152425368543
MPBNGC terminated with `Failure in function or subgradient calculations (assigned by the user).`
Completed 0 restarts.  stalling_restart = false.  num_func_eval = 1  best_disc_bound: -2.6969152425368543

Best found disc_points using mpbngc (without postprocessing): [0.0, 0.0, 0.0, 0.3532038511160025, 0.0, 0.0, 0.0, 0.548824864379294, 0.0, 0.0, 0.0, 0.548824864379294, 0.4506974494027551, 0.4512624031775145, 0.4512624031775145, 0.548824864379294, 0.0, 0.0, 0.0, 0.7387123495953274, 0.0, 0.0, 0.0, 0.451175135620706, 0.0744091173948268, 0.0744091173948268, 0.0751172297162145, 0.2612876504046726, 0.0, 0.0, 0.0, 0.451175135620706, 0.1789385025569172, 0.1789385025569172, 0.1799527922757769, 0.7387123495953274, 0.0, 0.0, 0.0, 0.451175135620706, 0.0, 0.0, 0.0, 0.0, 0.002349263992817, 0.0026198179707324, 0.0026198179707324, 0.548824864379294, 0.0, 0.0, 0.0, 0.548824864379294, 0.0, 0.0, 0.0, 0.548824864379294, 0.0, 0.0, 0.0, 0.548824864379294, 0.0, 0.0, 0.0, 0.451175135620706, 0.0, 0.0, 0.0, 0.451175135620706, 0.0, 0.0, 0.0015590007252379, 0.3642069874701155, 0.0, 0.0, 0.0, 0.451175135620706, 0.0, 0.0, 0.0, 0.451175135620706]  with bound: -2.6969152425368543  in time: 11.79s

  Starting postprocessing to try and eliminate partitioning points that are not useful...
Time for postprocessing: 571.35s


Best found disc_points using mpbngc (with postprocessing): [0.0, 0.0, 0.0, 0.0, 0.0, 0.0, 0.0, 0.0, 0.0, 0.0, 0.0, 0.548824864379294, 0.0, 0.0, 0.0, 0.548824864379294, 0.0, 0.0, 0.0, 0.0, 0.0, 0.0, 0.0, 0.0, 0.0, 0.0, 0.0751172297162145, 0.2612876504046726, 0.0, 0.0, 0.0, 0.451175135620706, 0.0, 0.0, 0.1789385025569172, 0.7387123495953274, 0.0, 0.0, 0.0, 0.451175135620706, 0.0, 0.0, 0.0, 0.0, 0.0, 0.0, 0.0026198179707324, 0.548824864379294, 0.0, 0.0, 0.0, 0.0, 0.0, 0.0, 0.0, 0.548824864379294, 0.0, 0.0, 0.0, 0.548824864379294, 0.0, 0.0, 0.0, 0.451175135620706, 0.0, 0.0, 0.0, 0.451175135620706, 0.0, 0.0, 0.0, 0.3642069874701155, 0.0, 0.0, 0.0, 0.451175135620706, 0.0, 0.0, 0.0, 0.451175135620706]  with bound: -2.6969152425368543  in time: 583.15s. Excluded 63 discretization points
  Completed presolve in 12.44s
LOWER-BOUNDING ITERATIONS
====================================================================================================
| Iter   | Incumbent       | Best Incumbent      | Lower Bound        | Gap (%)         | Time      
| finish | -2.6969         | -2.6969             | -2.6969            | 0.0             | 13.47s           
Final UBD: -2.696914850451415
Final LBD: -2.696914909089192
====================================================================================================

*** Alpine ended with status OPTIMAL ***

 Total time for local solves: 3.16s

 Total time for solving max-min problems: 585.34s

 Total time excluding max-min time: 13.47s

