
PROBLEM STATISTICS
  Objective sense = Min
  # Variables = 120
  # Bin-Int Variables = 0
  # Constraints = 124
  # NL Constraints = 100
  # Linear Constraints = 24
  # Detected convex constraints = 0
  # Detected nonlinear terms = 100
  # Variables involved in nonlinear terms = 20
  # Potential variables for partitioning = 20
SUB-SOLVERS USED BY ALPINE
  NLP local solver = Ipopt
  MIP solver = Gurobi
ALPINE CONFIGURATION
  Maximum iterations (lower-bounding MIPs) =  1
  Relative global optimality gap = 0.01%
  Potential variables chosen for partitioning = All
  Discretization ratio = 10
  Bound-tightening presolve = false
PRESOLVE 
  Doing local search

Feasible solution found during presolve: [0.0, 1.0, 1.0, 1.0, 1.0, 0.0, 0.17535454851183666, 0.0, 0.582713223210766, 1.0, 0.0, 1.0, 1.0, 1.0, 1.0, 0.6371193654342083, 0.0, 0.0, 0.0, 0.8267904348159804, 0.0, 0.0, 0.0, 0.0, 0.0, 0.0, 0.0, 0.0, 0.0, 0.0, 1.0, 1.0, 0.0, 1.0, 1.0, 0.6371193513414445, 0.0, 0.0, 0.8267904165277866, 0.0, 0.0, 0.6371193695362246, 0.0, 0.0, 0.8267904401391709, 1.0, 0.0, 0.0, 1.0, 0.0, 1.0, 1.0, 0.6371193644848455, 0.0, 0.0, 0.0, 0.8267904335839913, 0.0, 0.175354549969463, 0.0, 1.0, 0.0, 0.0, 0.8267904416886365, 0.0, 0.0, 0.0, 0.0, 0.0, 0.0, 0.0, 0.0, 0.0, 0.10218141416800097, 0.17535454222184463, 0.1753545496232055, 0.11172177867386347, 0.0, 0.0, 0.0, 0.14498146341106136, 0.0, 0.0, 0.0, 0.0, 0.0, 0.0, 0.5827132269039084, 0.37125787900216545, 0.0, 0.0, 0.0, 1.0, 1.0, 1.0, 0.6371193236038234, 0.0, 0.0, 0.0, 0.0, 0.0, 0.0, 1.0, 0.6371193425806481, 0.0, 0.0, 1.0, 0.6371192652640335, 0.0, 0.6371193698189943, 0.0, 0.0, 0.0, 0.6371193694721681, 0.0, 0.0, 0.5267641971770306, 0.0, 0.0, 0.0]  :with objective: -3.2581640161082763

  Local solver returns a feasible point with value -3.2582

  Fixed 46 discretization points based on bounding heuristic


Initial guess for SP: [0.0, 0.0, 0.0, 0.45211812247997984, 0.0, 0.0, 0.0, 0.6471980858798528, 0.0, 0.0, 0.0, 0.6658907487851775, 0.0, 0.0, 0.0, 0.5478818775200202, 0.0, 0.0, 0.0, 0.6514432611046356, 0.0, 0.0, 0.0, 0.45211812247997984, 0.11968573053115796, 0.1753546347228957, 0.17535463472289572, 0.45211812247997984, 0.0, 0.0, 0.0, 0.45211812247997984, 0.0, 0.4911720073816305, 0.5827133314901983, 0.5827133314901985, 0.0, 0.0, 0.45211812247997984, 0.8601066912101412, 0.0, 0.0, 0.0, 0.33410925121482243, 0.0, 0.0, 0.0, 0.5478818775200202, 0.0, 0.0, 0.45211812247997984, 0.8601066912101412, 0.0, 0.0, 0.0, 0.5478818775200202, 0.0, 0.0, 0.5478818775200202, 0.98276403440357, 0.45211812247997984, 0.6371193914141963, 0.6371193914141964, 0.730895758410475, 0.0, 0.0, 0.11544148969459556, 0.45211812247997984, 0.0, 0.0, 0.0, 0.45211812247997984, 0.0, 0.0, 0.0, 0.45211812247997984, 0.0, 0.5478818775200202, 0.8267902560744621, 0.8267902560744621]

disc_lower_bound: [0.0, 0.0, 0.0, 0.0, 0.0, 0.0, 0.0, 0.0, 0.0, 0.0, 0.0, 0.0, 0.0, 0.0, 0.0, 0.0, 0.0, 0.0, 0.0, 0.0, 0.0, 0.0, 0.0, 0.0, 0.0, 0.0, 0.0, 0.0, 0.0, 0.0, 0.0, 0.0, 0.0, 0.0, 0.0, 0.0, 0.0, 0.0, 0.0, 0.0, 0.0, 0.0, 0.0, 0.0, 0.0, 0.0, 0.0, 0.0, 0.0, 0.0, 0.0, 0.0, 0.0, 0.0, 0.0, 0.0, 0.0, 0.0, 0.0, 0.0, 0.0, 0.0, 0.0, 0.0, 0.0, 0.0, 0.0, 0.0, 0.0, 0.0, 0.0, 0.0, 0.0, 0.0, 0.0, 0.0, 0.0, 0.0, 0.0, 0.0]

disc_upper_bound: [0.0, 0.0, 0.0, 1.0, 0.0, 0.0, 0.0, 1.0, 0.0, 0.0, 0.0, 1.0, 0.0, 0.0, 0.0, 1.0, 0.0, 0.0, 0.0, 1.0, 0.0, 0.0, 0.0, 1.0, 1.0, 1.0, 1.0, 1.0, 0.0, 0.0, 0.0, 1.0, 0.0, 1.0, 1.0, 1.0, 0.0, 0.0, 1.0, 1.0, 0.0, 0.0, 0.0, 1.0, 0.0, 0.0, 0.0, 1.0, 0.0, 0.0, 1.0, 1.0, 0.0, 0.0, 0.0, 1.0, 0.0, 0.0, 1.0, 1.0, 1.0, 1.0, 1.0, 1.0, 0.0, 0.0, 1.0, 1.0, 0.0, 0.0, 0.0, 1.0, 0.0, 0.0, 0.0, 1.0, 0.0, 1.0, 1.0, 1.0]

fix_disc_point: [1, 1, 1, 0, 1, 1, 1, 0, 1, 1, 1, 0, 1, 1, 1, 0, 1, 1, 1, 0, 1, 1, 1, 0, 0, 0, 0, 0, 1, 1, 1, 0, 1, 0, 0, 0, 1, 1, 0, 0, 1, 1, 1, 0, 1, 1, 1, 0, 1, 1, 0, 0, 1, 1, 1, 0, 1, 1, 0, 0, 0, 0, 0, 0, 1, 1, 0, 0, 1, 1, 1, 0, 1, 1, 1, 0, 1, 0, 0, 0]


Running Proximal Bundle Method MPBNGC.
Ending SP solves because bound converged with best_obj: -3.2581640161082763, bound: -3.258164088978091
MPBNGC terminated with `Failure in function or subgradient calculations (assigned by the user).`
Completed 0 restarts.  stalling_restart = false.  num_func_eval = 1  best_disc_bound: -3.258164088978091

Best found disc_points using mpbngc (without postprocessing): [0.0, 0.0, 0.0, 0.4521181224799798, 0.0, 0.0, 0.0, 0.6471980858798528, 0.0, 0.0, 0.0, 0.6658907487851775, 0.0, 0.0, 0.0, 0.5478818775200202, 0.0, 0.0, 0.0, 0.6514432611046356, 0.0, 0.0, 0.0, 0.4521181224799798, 0.119685730531158, 0.1753546347228957, 0.1753546347228957, 0.4521181224799798, 0.0, 0.0, 0.0, 0.4521181224799798, 0.0, 0.4911720073816305, 0.5827133314901983, 0.5827133314901985, 0.0, 0.0, 0.4521181224799798, 0.8601066912101412, 0.0, 0.0, 0.0, 0.3341092512148224, 0.0, 0.0, 0.0, 0.5478818775200202, 0.0, 0.0, 0.4521181224799798, 0.8601066912101412, 0.0, 0.0, 0.0, 0.5478818775200202, 0.0, 0.0, 0.5478818775200202, 0.98276403440357, 0.4521181224799798, 0.6371193914141963, 0.6371193914141964, 0.730895758410475, 0.0, 0.0, 0.1154414896945956, 0.4521181224799798, 0.0, 0.0, 0.0, 0.4521181224799798, 0.0, 0.0, 0.0, 0.4521181224799798, 0.0, 0.5478818775200202, 0.8267902560744621, 0.8267902560744621]  with bound: -3.258164088978091  in time: 11.19s

  Starting postprocessing to try and eliminate partitioning points that are not useful...
Time for postprocessing: 477.38s


Best found disc_points using mpbngc (with postprocessing): [0.0, 0.0, 0.0, 0.0, 0.0, 0.0, 0.0, 0.0, 0.0, 0.0, 0.0, 0.0, 0.0, 0.0, 0.0, 0.5478818775200202, 0.0, 0.0, 0.0, 0.0, 0.0, 0.0, 0.0, 0.0, 0.0, 0.0, 0.0, 0.1753546347228957, 0.0, 0.0, 0.0, 0.0, 0.0, 0.0, 0.0, 0.5827133314901985, 0.0, 0.0, 0.0, 0.8601066912101412, 0.0, 0.0, 0.0, 0.0, 0.0, 0.0, 0.0, 0.5478818775200202, 0.0, 0.0, 0.4521181224799798, 0.8601066912101412, 0.0, 0.0, 0.0, 0.5478818775200202, 0.0, 0.0, 0.0, 0.5478818775200202, 0.0, 0.4521181224799798, 0.6371193914141964, 0.730895758410475, 0.0, 0.0, 0.0, 0.4521181224799798, 0.0, 0.0, 0.0, 0.4521181224799798, 0.0, 0.0, 0.0, 0.4521181224799798, 0.0, 0.0, 0.5478818775200202, 0.8267902560744621]  with bound: -3.258164088978091  in time: 488.58s. Excluded 63 discretization points
  Completed presolve in 13.68s
LOWER-BOUNDING ITERATIONS
====================================================================================================
| Iter   | Incumbent       | Best Incumbent      | Lower Bound        | Gap (%)         | Time      
| finish | -3.2582         | -3.2582             | -3.2582            | 0.0             | 14.68s           
Final UBD: -3.2581640161082763
Final LBD: -3.258164088978093
====================================================================================================

*** Alpine ended with status OPTIMAL ***

 Total time for local solves: 3.1s

 Total time for solving max-min problems: 490.93s

 Total time excluding max-min time: 14.68s

