
PROBLEM STATISTICS
  Objective sense = Min
  # Variables = 120
  # Bin-Int Variables = 0
  # Constraints = 124
  # NL Constraints = 100
  # Linear Constraints = 24
  # Detected convex constraints = 0
  # Detected nonlinear terms = 100
  # Variables involved in nonlinear terms = 20
  # Potential variables for partitioning = 20
SUB-SOLVERS USED BY ALPINE
  NLP local solver = Ipopt
  MIP solver = Gurobi
ALPINE CONFIGURATION
  Maximum iterations (lower-bounding MIPs) =  1
  Relative global optimality gap = 0.01%
  Potential variables chosen for partitioning = All
  Discretization ratio = 10
  Bound-tightening presolve = false
PRESOLVE 
  Doing local search

Feasible solution found during presolve: [0.0, 1.0, 1.0, 1.0, 1.0, 0.0, 0.0, 0.0, 0.27949785358055573, 1.0, 0.0, 0.22515608903353923, 1.0, 1.0, 1.0, 0.0, 0.0, 0.0, 0.053100743883232895, 0.49492079592817273, 0.0, 0.0, 0.0, 0.0, 0.0, 0.0, 0.0, 0.0, 0.0, 0.0, 1.0, 1.0, 0.0, 0.22515608822754857, 1.0, 0.0, 0.0, 0.053100743693148295, 0.494920794156506, 0.0, 0.0, 0.0, 0.0, 0.0, 0.49492079989518106, 1.0, 0.0, 0.0, 1.0, 0.0, 0.225156086849428, 1.0, 0.0, 0.0, 0.0, 0.053100743368132766, 0.4949207911272275, 0.0, 0.0, 0.0, 1.0, 0.0, 0.05310074436207676, 0.4949208003911948, 0.0, 0.0, 0.0, 0.0, 0.0, 0.0, 0.0, 0.0, 0.0, 0.0, 0.0, 0.0, 0.0, 0.0, 0.0, 0.0, 0.0, 0.0, 0.0, 0.0, 0.0, 0.0, 0.0, 0.27949785426497814, 0.0, 0.0, 0.0, 0.0, 1.0, 1.0, 1.0, 0.0, 0.0, 0.05310074300076058, 0.0, 0.0, 0.0, 0.0, 0.22515608698871256, 0.0, 0.0, 0.011955955817520349, 1.0, 0.0, 0.0, 0.0, 0.0, 0.0, 0.053100743400981594, 0.0, 0.0, 0.0, 0.0, 0.0, 0.0, 0.026280662427067676]  :with objective: -5.548742237415993

  Local solver returns a feasible point with value -5.5487

  Fixed 45 discretization points based on bounding heuristic


Initial guess for SP: [0.0, 0.0, 0.0, 0.0, 0.0, 0.0, 0.502022985573625, 0.914638467224562, 0.0, 0.0, 0.0, 0.9180887771708272, 0.0, 0.0, 0.497977014426375, 0.8394635810106595, 0.0, 0.0, 0.0, 0.6431894411925024, 0.0, 0.0, 0.0, 0.497977014426375, 0.0, 0.0, 0.19263990951339202, 0.35681055880749757, 0.0, 0.0, 0.0, 0.502022985573625, 0.0, 0.274068994832248, 0.27949787421281724, 0.3908106008507813, 0.0, 0.0, 0.0, 0.497977014426375, 0.0, 0.0, 0.0, 0.08191122282917288, 0.22515607155294046, 0.24660722520348224, 0.26885484364435863, 0.497977014426375, 0.0, 0.0, 0.0, 0.502022985573625, 0.0, 0.0, 0.497977014426375, 0.9584578217740213, 0.0, 0.0, 0.0, 0.502022985573625, 0.0, 0.0, 0.08536153277543805, 0.497977014426375, 0.0, 0.0, 0.0, 0.497977014426375, 0.0, 0.0, 0.0, 0.4841922516044441, 0.027025933717953476, 0.0531007672132794, 0.15924260229572523, 0.497977014426375, 0.34148656658428456, 0.49492078806578027, 0.502022985573625, 0.5185733114127826]

disc_lower_bound: [0.0, 0.0, 0.0, 0.0, 0.0, 0.0, 0.0, 0.0, 0.0, 0.0, 0.0, 0.0, 0.0, 0.0, 0.0, 0.0, 0.0, 0.0, 0.0, 0.0, 0.0, 0.0, 0.0, 0.0, 0.0, 0.0, 0.0, 0.0, 0.0, 0.0, 0.0, 0.0, 0.0, 0.0, 0.0, 0.0, 0.0, 0.0, 0.0, 0.0, 0.0, 0.0, 0.0, 0.0, 0.0, 0.0, 0.0, 0.0, 0.0, 0.0, 0.0, 0.0, 0.0, 0.0, 0.0, 0.0, 0.0, 0.0, 0.0, 0.0, 0.0, 0.0, 0.0, 0.0, 0.0, 0.0, 0.0, 0.0, 0.0, 0.0, 0.0, 0.0, 0.0, 0.0, 0.0, 0.0, 0.0, 0.0, 0.0, 0.0]

disc_upper_bound: [0.0, 0.0, 0.0, 0.0, 0.0, 0.0, 1.0, 1.0, 0.0, 0.0, 0.0, 1.0, 0.0, 0.0, 1.0, 1.0, 0.0, 0.0, 0.0, 1.0, 0.0, 0.0, 0.0, 1.0, 0.0, 0.0, 1.0, 1.0, 0.0, 0.0, 0.0, 1.0, 0.0, 1.0, 1.0, 1.0, 0.0, 0.0, 0.0, 1.0, 0.0, 0.0, 0.0, 1.0, 1.0, 1.0, 1.0, 1.0, 0.0, 0.0, 0.0, 1.0, 0.0, 0.0, 1.0, 1.0, 0.0, 0.0, 0.0, 1.0, 0.0, 0.0, 1.0, 1.0, 0.0, 0.0, 0.0, 1.0, 0.0, 0.0, 0.0, 1.0, 1.0, 1.0, 1.0, 1.0, 1.0, 1.0, 1.0, 1.0]

fix_disc_point: [1, 1, 1, 1, 1, 1, 0, 0, 1, 1, 1, 0, 1, 1, 0, 0, 1, 1, 1, 0, 1, 1, 1, 0, 1, 1, 0, 0, 1, 1, 1, 0, 1, 0, 0, 0, 1, 1, 1, 0, 1, 1, 1, 0, 0, 0, 0, 0, 1, 1, 1, 0, 1, 1, 0, 0, 1, 1, 1, 0, 1, 1, 0, 0, 1, 1, 1, 0, 1, 1, 1, 0, 0, 0, 0, 0, 0, 0, 0, 0]


Running Proximal Bundle Method MPBNGC.
Ending SP solves because bound converged with best_obj: -5.548742237415993, bound: -5.548742174425307
MPBNGC terminated with `Failure in function or subgradient calculations (assigned by the user).`
Completed 0 restarts.  stalling_restart = false.  num_func_eval = 1  best_disc_bound: -5.548742174425307

Best found disc_points using mpbngc (without postprocessing): [0.0, 0.0, 0.0, 0.0, 0.0, 0.0, 0.502022985573625, 0.914638467224562, 0.0, 0.0, 0.0, 0.9180887771708272, 0.0, 0.0, 0.497977014426375, 0.8394635810106595, 0.0, 0.0, 0.0, 0.6431894411925024, 0.0, 0.0, 0.0, 0.497977014426375, 0.0, 0.0, 0.192639909513392, 0.3568105588074976, 0.0, 0.0, 0.0, 0.502022985573625, 0.0, 0.274068994832248, 0.2794978742128172, 0.3908106008507813, 0.0, 0.0, 0.0, 0.497977014426375, 0.0, 0.0, 0.0, 0.0819112228291729, 0.2251560715529404, 0.2466072252034822, 0.2688548436443586, 0.497977014426375, 0.0, 0.0, 0.0, 0.502022985573625, 0.0, 0.0, 0.497977014426375, 0.9584578217740212, 0.0, 0.0, 0.0, 0.502022985573625, 0.0, 0.0, 0.085361532775438, 0.497977014426375, 0.0, 0.0, 0.0, 0.497977014426375, 0.0, 0.0, 0.0, 0.4841922516044441, 0.0270259337179535, 0.0531007672132794, 0.1592426022957252, 0.497977014426375, 0.3414865665842846, 0.4949207880657803, 0.502022985573625, 0.5185733114127826]  with bound: -5.548742174425307  in time: 12.36s

  Starting postprocessing to try and eliminate partitioning points that are not useful...
Time for postprocessing: 1032.79s


Best found disc_points using mpbngc (with postprocessing): [0.0, 0.0, 0.0, 0.0, 0.0, 0.0, 0.0, 0.0, 0.0, 0.0, 0.0, 0.9180887771708272, 0.0, 0.0, 0.0, 0.497977014426375, 0.0, 0.0, 0.0, 0.0, 0.0, 0.0, 0.0, 0.0, 0.0, 0.0, 0.0, 0.3568105588074976, 0.0, 0.0, 0.0, 0.0, 0.0, 0.0, 0.0, 0.3908106008507813, 0.0, 0.0, 0.0, 0.497977014426375, 0.0, 0.0, 0.0, 0.0819112228291729, 0.0, 0.0, 0.2251560715529404, 0.497977014426375, 0.0, 0.0, 0.0, 0.502022985573625, 0.0, 0.0, 0.0, 0.497977014426375, 0.0, 0.0, 0.0, 0.502022985573625, 0.0, 0.0, 0.085361532775438, 0.497977014426375, 0.0, 0.0, 0.0, 0.497977014426375, 0.0, 0.0, 0.0, 0.4841922516044441, 0.0, 0.0, 0.1592426022957252, 0.497977014426375, 0.0, 0.3414865665842846, 0.4949207880657803, 0.5185733114127826]  with bound: -5.548742174425307  in time: 1045.17s. Excluded 60 discretization points
  Completed presolve in 13.86s
LOWER-BOUNDING ITERATIONS
====================================================================================================
| Iter   | Incumbent       | Best Incumbent      | Lower Bound        | Gap (%)         | Time      
| finish | -5.5487         | -5.5487             | -5.5487            | 0.0             | 15.85s           
Final UBD: -5.548742237415993
Final LBD: -5.548742175649979
====================================================================================================

*** Alpine ended with status OPTIMAL ***

 Total time for local solves: 3.44s

 Total time for solving max-min problems: 1047.7s

 Total time excluding max-min time: 15.85s

