
PROBLEM STATISTICS
  Objective sense = Min
  # Variables = 120
  # Bin-Int Variables = 0
  # Constraints = 124
  # NL Constraints = 100
  # Linear Constraints = 24
  # Detected convex constraints = 0
  # Detected nonlinear terms = 100
  # Variables involved in nonlinear terms = 20
  # Potential variables for partitioning = 20
SUB-SOLVERS USED BY ALPINE
  NLP local solver = Ipopt
  MIP solver = Gurobi
ALPINE CONFIGURATION
  Maximum iterations (lower-bounding MIPs) =  1
  Relative global optimality gap = 0.01%
  Potential variables chosen for partitioning = All
  Discretization ratio = 10
  Bound-tightening presolve = false
PRESOLVE 
  Doing local search

Feasible solution found during presolve: [0.0, 1.0, 1.0, 0.45126242419176227, 1.0, 0.0, 0.0744091280467737, 0.0, 0.1789385045236014, 1.0, 0.0, 0.002619828016923193, 1.0, 1.0, 1.0, 0.0, 0.0, 0.0, 0.0, 0.0, 0.0, 0.0, 0.0, 0.0, 0.0, 0.0, 0.0, 0.0, 0.0, 0.0, 1.0, 1.0, 0.0, 0.002619827983074287, 1.0, 0.0, 0.0, 0.0, 0.0, 0.0, 0.0, 0.0, 0.0, 0.0, 0.0, 0.4512624277964188, 0.0, 0.0, 0.45126242013554546, 0.0, 0.0011822299418822548, 0.45126242695557117, 0.0, 0.0, 0.0, 0.0, 0.0, 0.0, 0.07440912864114925, 0.0, 1.0, 0.0, 0.0, 0.0, 0.0, 0.0, 0.0, 0.0, 0.0, 0.0, 0.0, 0.0, 0.0, 0.013314658095594838, 0.00019493911837177157, 0.07440912850250102, 0.0, 0.0, 0.0, 0.0, 0.0, 0.0, 0.0, 0.0, 0.0, 0.0, 0.0, 0.17893850561953098, 0.0, 0.0, 0.0, 0.0, 1.0, 1.0, 1.0, 0.0, 0.0, 0.0, 0.0, 0.0, 0.0, 0.0, 0.002619828029792825, 0.0, 0.0, 0.0, 1.0, 0.0, 0.0, 0.0, 0.0, 0.0, 0.0, 0.0, 0.0, 0.0, 0.0, 0.0, 0.0, 0.0]  :with objective: -3.530548844106238

  Local solver returns a feasible point with value -3.5305

  Fixed 40 discretization points based on bounding heuristic


Initial guess for SP: [0.0, 0.0, 0.0, 0.0, 0.0, 0.0, 0.5, 0.87175781321599, 0.0, 0.0, 0.0, 0.539151626081504, 0.4512624031775144, 0.45126240317751476, 0.5, 0.6996727940110572, 0.0, 0.0, 0.0, 0.5, 0.0, 0.0, 0.0, 0.5, 0.07440911739482667, 0.07440911739482671, 0.12817003889728806, 0.476331487369148, 0.0, 0.0, 0.0, 0.5, 0.0, 0.17893850255691715, 0.17893850255691715, 0.6006544119778853, 0.0, 0.0, 0.5, 0.9696918912366552, 0.0, 0.0, 0.0, 0.1499201523894935, 0.0026198179707325794, 0.0026198179707325915, 0.1996727940110574, 0.5, 0.0, 0.0, 0.5, 0.9696918912366552, 0.0, 0.0, 0.5, 0.9696918912366552, 0.0, 0.0, 0.5, 0.8717578132159902, 0.0, 0.0, 0.12824218678400987, 0.5, 0.0, 0.0, 0.030308108763344787, 0.5, 0.0, 0.0, 0.02277406416660008, 0.3757090939660264, 0.0, 0.0, 0.3045289038038818, 0.5, 0.0, 0.0, 0.12824218678400987, 0.5]

disc_lower_bound: [0.0, 0.0, 0.0, 0.0, 0.0, 0.0, 0.0, 0.0, 0.0, 0.0, 0.0, 0.0, 0.0, 0.0, 0.0, 0.0, 0.0, 0.0, 0.0, 0.0, 0.0, 0.0, 0.0, 0.0, 0.0, 0.0, 0.0, 0.0, 0.0, 0.0, 0.0, 0.0, 0.0, 0.0, 0.0, 0.0, 0.0, 0.0, 0.0, 0.0, 0.0, 0.0, 0.0, 0.0, 0.0, 0.0, 0.0, 0.0, 0.0, 0.0, 0.0, 0.0, 0.0, 0.0, 0.0, 0.0, 0.0, 0.0, 0.0, 0.0, 0.0, 0.0, 0.0, 0.0, 0.0, 0.0, 0.0, 0.0, 0.0, 0.0, 0.0, 0.0, 0.0, 0.0, 0.0, 0.0, 0.0, 0.0, 0.0, 0.0]

disc_upper_bound: [0.0, 0.0, 0.0, 0.0, 0.0, 0.0, 1.0, 1.0, 0.0, 0.0, 0.0, 1.0, 1.0, 1.0, 1.0, 1.0, 0.0, 0.0, 0.0, 1.0, 0.0, 0.0, 0.0, 1.0, 1.0, 1.0, 1.0, 1.0, 0.0, 0.0, 0.0, 1.0, 0.0, 1.0, 1.0, 1.0, 0.0, 0.0, 1.0, 1.0, 0.0, 0.0, 0.0, 1.0, 1.0, 1.0, 1.0, 1.0, 0.0, 0.0, 1.0, 1.0, 0.0, 0.0, 1.0, 1.0, 0.0, 0.0, 1.0, 1.0, 0.0, 0.0, 1.0, 1.0, 0.0, 0.0, 1.0, 1.0, 0.0, 0.0, 1.0, 1.0, 0.0, 0.0, 1.0, 1.0, 0.0, 0.0, 1.0, 1.0]

fix_disc_point: [1, 1, 1, 1, 1, 1, 0, 0, 1, 1, 1, 0, 0, 0, 0, 0, 1, 1, 1, 0, 1, 1, 1, 0, 0, 0, 0, 0, 1, 1, 1, 0, 1, 0, 0, 0, 1, 1, 0, 0, 1, 1, 1, 0, 0, 0, 0, 0, 1, 1, 0, 0, 1, 1, 0, 0, 1, 1, 0, 0, 1, 1, 0, 0, 1, 1, 0, 0, 1, 1, 0, 0, 1, 1, 0, 0, 1, 1, 0, 0]


Running Proximal Bundle Method MPBNGC.
Ending SP solves because bound converged with best_obj: -3.530548844106238, bound: -3.530548860806389
MPBNGC terminated with `Failure in function or subgradient calculations (assigned by the user).`
Completed 0 restarts.  stalling_restart = false.  num_func_eval = 1  best_disc_bound: -3.530548860806389

Best found disc_points using mpbngc (without postprocessing): [0.0, 0.0, 0.0, 0.0, 0.0, 0.0, 0.5, 0.87175781321599, 0.0, 0.0, 0.0, 0.539151626081504, 0.4512624031775144, 0.4512624031775148, 0.5, 0.6996727940110572, 0.0, 0.0, 0.0, 0.5, 0.0, 0.0, 0.0, 0.5, 0.0744091173948267, 0.0744091173948267, 0.1281700388972881, 0.476331487369148, 0.0, 0.0, 0.0, 0.5, 0.0, 0.1789385025569172, 0.1789385025569172, 0.6006544119778853, 0.0, 0.0, 0.5, 0.9696918912366552, 0.0, 0.0, 0.0, 0.1499201523894935, 0.0026198179707326, 0.0026198179707326, 0.1996727940110574, 0.5, 0.0, 0.0, 0.5, 0.9696918912366552, 0.0, 0.0, 0.5, 0.9696918912366552, 0.0, 0.0, 0.5, 0.8717578132159902, 0.0, 0.0, 0.1282421867840099, 0.5, 0.0, 0.0, 0.0303081087633448, 0.5, 0.0, 0.0, 0.0227740641666001, 0.3757090939660264, 0.0, 0.0, 0.3045289038038818, 0.5, 0.0, 0.0, 0.1282421867840099, 0.5]  with bound: -3.530548860806389  in time: 16.74s

  Starting postprocessing to try and eliminate partitioning points that are not useful...
Time for postprocessing: 566.8s


Best found disc_points using mpbngc (with postprocessing): [0.0, 0.0, 0.0, 0.0, 0.0, 0.0, 0.0, 0.0, 0.0, 0.0, 0.0, 0.0, 0.0, 0.0, 0.0, 0.0, 0.0, 0.0, 0.0, 0.0, 0.0, 0.0, 0.0, 0.0, 0.0, 0.0, 0.0, 0.0744091173948267, 0.0, 0.0, 0.0, 0.5, 0.0, 0.0, 0.1789385025569172, 0.6006544119778853, 0.0, 0.0, 0.0, 0.5, 0.0, 0.0, 0.0, 0.1499201523894935, 0.0, 0.0026198179707326, 0.1996727940110574, 0.5, 0.0, 0.0, 0.0, 0.0, 0.0, 0.0, 0.0, 0.0, 0.0, 0.0, 0.0, 0.5, 0.0, 0.0, 0.1282421867840099, 0.5, 0.0, 0.0, 0.0303081087633448, 0.5, 0.0, 0.0, 0.0227740641666001, 0.3757090939660264, 0.0, 0.0, 0.0, 0.3045289038038818, 0.0, 0.0, 0.1282421867840099, 0.5]  with bound: -3.530548860806389  in time: 583.55s. Excluded 61 discretization points
  Completed presolve in 14.25s
LOWER-BOUNDING ITERATIONS
====================================================================================================
| Iter   | Incumbent       | Best Incumbent      | Lower Bound        | Gap (%)         | Time      
| finish | -3.5305         | -3.5305             | -3.5305            | 0.0             | 15.48s           
Final UBD: -3.530548844106238
Final LBD: -3.5305488608063884
====================================================================================================

*** Alpine ended with status OPTIMAL ***

 Total time for local solves: 3.27s

 Total time for solving max-min problems: 585.8s

 Total time excluding max-min time: 15.48s

