
PROBLEM STATISTICS
  Objective sense = Min
  # Variables = 120
  # Bin-Int Variables = 0
  # Constraints = 124
  # NL Constraints = 100
  # Linear Constraints = 24
  # Detected convex constraints = 0
  # Detected nonlinear terms = 100
  # Variables involved in nonlinear terms = 20
  # Potential variables for partitioning = 20
SUB-SOLVERS USED BY ALPINE
  NLP local solver = Ipopt
  MIP solver = Gurobi
ALPINE CONFIGURATION
  Maximum iterations (lower-bounding MIPs) =  1
  Relative global optimality gap = 0.01%
  Potential variables chosen for partitioning = All
  Discretization ratio = 10
  Bound-tightening presolve = false
PRESOLVE 
  Doing local search

Feasible solution found during presolve: [0.0, 1.0, 1.0, 0.4512624364061977, 1.0, 0.0, 0.07440917313861488, 0.0, 0.17893855791471824, 1.0, 0.0, 0.0026198707221960476, 1.0, 1.0, 1.0, 0.0, 0.0, 0.0, 0.0, 0.0, 0.0, 0.0, 0.0, 0.0, 0.0, 0.0, 0.0, 0.0, 0.0, 0.0, 1.0, 1.0, 0.0, 0.002619870656321593, 1.0, 0.0, 0.0, 0.0, 0.0, 0.0, 0.0, 0.0, 0.0, 0.0, 0.0, 0.4512624394680912, 0.0, 0.0, 0.45126242821297036, 0.0, 0.0011822492451674348, 0.4512624371697081, 0.0, 0.0, 0.0, 0.0, 0.0, 0.0, 0.07440917364349398, 0.0, 1.0, 0.0, 0.0, 0.0, 0.0, 0.0, 0.0, 0.0, 0.0, 0.0, 0.0, 0.0, 0.0, 0.01331467013705032, 0.00019494241416868763, 0.07440917326451098, 0.0, 0.0, 0.0, 0.0, 0.0, 0.0, 0.0, 0.0, 0.0, 0.0, 0.0, 0.1789385582174721, 0.0, 0.0, 0.0, 0.0, 1.0, 1.0, 1.0, 0.0, 0.0, 0.0, 0.0, 0.0, 0.0, 0.0, 0.0026198707273353966, 0.0, 0.0, 0.0, 1.0, 0.0, 0.0, 0.0, 0.0, 0.0, 0.0, 0.0, 0.0, 0.0, 0.0, 0.0, 0.0, 0.0]  :with objective: -2.057237276268359

  Local solver returns a feasible point with value -2.0572

  Fixed 47 discretization points based on bounding heuristic


Initial guess for SP: [0.0, 0.0, 0.0, 0.46488435415688534, 0.0, 0.0, 0.5351156458431147, 0.8260609278760424, 0.0, 0.0, 0.0, 0.5351156458431147, 0.32033184434387124, 0.4512624031775142, 0.4512624031775142, 0.5351156458431147, 0.0, 0.0, 0.0, 0.6899364908563621, 0.0, 0.0, 0.0, 0.46488435415688534, 0.07440911739482672, 0.07440911739482722, 0.141772682933382, 0.22254501939004515, 0.0, 0.0, 0.0, 0.46488435415688534, 0.17893850255691718, 0.1789385025569177, 0.2821759635234723, 0.7774549806099549, 0.0, 0.0, 0.0, 0.46488435415688534, 0.0, 0.0, 0.0, 0.0, 0.0026198179707325932, 0.0026198179707326557, 0.23416336109585772, 0.5351156458431147, 0.0, 0.0, 0.0, 0.46488435415688534, 0.0, 0.0, 0.0, 0.5351156458431147, 0.0, 0.0, 0.0, 0.5351156458431147, 0.0, 0.0, 0.17393907212395765, 0.46488435415688534, 0.0, 0.0, 0.0, 0.46488435415688534, 0.0, 0.0, 0.0, 0.46488435415688534, 0.0, 0.0, 0.0, 0.3958326143454418, 0.0, 0.0, 0.0, 0.46488435415688534]

disc_lower_bound: [0.0, 0.0, 0.0, 0.0, 0.0, 0.0, 0.0, 0.0, 0.0, 0.0, 0.0, 0.0, 0.0, 0.0, 0.0, 0.0, 0.0, 0.0, 0.0, 0.0, 0.0, 0.0, 0.0, 0.0, 0.0, 0.0, 0.0, 0.0, 0.0, 0.0, 0.0, 0.0, 0.0, 0.0, 0.0, 0.0, 0.0, 0.0, 0.0, 0.0, 0.0, 0.0, 0.0, 0.0, 0.0, 0.0, 0.0, 0.0, 0.0, 0.0, 0.0, 0.0, 0.0, 0.0, 0.0, 0.0, 0.0, 0.0, 0.0, 0.0, 0.0, 0.0, 0.0, 0.0, 0.0, 0.0, 0.0, 0.0, 0.0, 0.0, 0.0, 0.0, 0.0, 0.0, 0.0, 0.0, 0.0, 0.0, 0.0, 0.0]

disc_upper_bound: [0.0, 0.0, 0.0, 1.0, 0.0, 0.0, 1.0, 1.0, 0.0, 0.0, 0.0, 1.0, 1.0, 1.0, 1.0, 1.0, 0.0, 0.0, 0.0, 1.0, 0.0, 0.0, 0.0, 1.0, 1.0, 1.0, 1.0, 1.0, 0.0, 0.0, 0.0, 1.0, 1.0, 1.0, 1.0, 1.0, 0.0, 0.0, 0.0, 1.0, 0.0, 0.0, 0.0, 0.0, 1.0, 1.0, 1.0, 1.0, 0.0, 0.0, 0.0, 1.0, 0.0, 0.0, 0.0, 1.0, 0.0, 0.0, 0.0, 1.0, 0.0, 0.0, 1.0, 1.0, 0.0, 0.0, 0.0, 1.0, 0.0, 0.0, 0.0, 1.0, 0.0, 0.0, 0.0, 1.0, 0.0, 0.0, 0.0, 1.0]

fix_disc_point: [1, 1, 1, 0, 1, 1, 0, 0, 1, 1, 1, 0, 0, 0, 0, 0, 1, 1, 1, 0, 1, 1, 1, 0, 0, 0, 0, 0, 1, 1, 1, 0, 0, 0, 0, 0, 1, 1, 1, 0, 1, 1, 1, 1, 0, 0, 0, 0, 1, 1, 1, 0, 1, 1, 1, 0, 1, 1, 1, 0, 1, 1, 0, 0, 1, 1, 1, 0, 1, 1, 1, 0, 1, 1, 1, 0, 1, 1, 1, 0]


Running Proximal Bundle Method MPBNGC.
Ending SP solves because bound converged with best_obj: -2.057237276268359, bound: -2.057237358154343
MPBNGC terminated with `Failure in function or subgradient calculations (assigned by the user).`
Completed 0 restarts.  stalling_restart = false.  num_func_eval = 1  best_disc_bound: -2.057237358154343

Best found disc_points using mpbngc (without postprocessing): [0.0, 0.0, 0.0, 0.4648843541568853, 0.0, 0.0, 0.5351156458431147, 0.8260609278760424, 0.0, 0.0, 0.0, 0.5351156458431147, 0.3203318443438712, 0.4512624031775142, 0.4512624031775142, 0.5351156458431147, 0.0, 0.0, 0.0, 0.6899364908563621, 0.0, 0.0, 0.0, 0.4648843541568853, 0.0744091173948267, 0.0744091173948272, 0.141772682933382, 0.2225450193900452, 0.0, 0.0, 0.0, 0.4648843541568853, 0.1789385025569172, 0.1789385025569177, 0.2821759635234723, 0.7774549806099549, 0.0, 0.0, 0.0, 0.4648843541568853, 0.0, 0.0, 0.0, 0.0, 0.0026198179707326, 0.0026198179707327, 0.2341633610958577, 0.5351156458431147, 0.0, 0.0, 0.0, 0.4648843541568853, 0.0, 0.0, 0.0, 0.5351156458431147, 0.0, 0.0, 0.0, 0.5351156458431147, 0.0, 0.0, 0.1739390721239576, 0.4648843541568853, 0.0, 0.0, 0.0, 0.4648843541568853, 0.0, 0.0, 0.0, 0.4648843541568853, 0.0, 0.0, 0.0, 0.3958326143454418, 0.0, 0.0, 0.0, 0.4648843541568853]  with bound: -2.057237358154343  in time: 10.59s

  Starting postprocessing to try and eliminate partitioning points that are not useful...
Time for postprocessing: 434.47s


Best found disc_points using mpbngc (with postprocessing): [0.0, 0.0, 0.0, 0.0, 0.0, 0.0, 0.0, 0.0, 0.0, 0.0, 0.0, 0.0, 0.0, 0.0, 0.0, 0.5351156458431147, 0.0, 0.0, 0.0, 0.0, 0.0, 0.0, 0.0, 0.0, 0.0, 0.0, 0.0, 0.141772682933382, 0.0, 0.0, 0.0, 0.0, 0.0, 0.0, 0.1789385025569177, 0.7774549806099549, 0.0, 0.0, 0.0, 0.4648843541568853, 0.0, 0.0, 0.0, 0.0, 0.0, 0.0026198179707327, 0.2341633610958577, 0.5351156458431147, 0.0, 0.0, 0.0, 0.4648843541568853, 0.0, 0.0, 0.0, 0.5351156458431147, 0.0, 0.0, 0.0, 0.5351156458431147, 0.0, 0.0, 0.1739390721239576, 0.4648843541568853, 0.0, 0.0, 0.0, 0.4648843541568853, 0.0, 0.0, 0.0, 0.4648843541568853, 0.0, 0.0, 0.0, 0.3958326143454418, 0.0, 0.0, 0.0, 0.4648843541568853]  with bound: -2.057237358154343  in time: 445.07s. Excluded 63 discretization points
  Completed presolve in 12.42s
LOWER-BOUNDING ITERATIONS
====================================================================================================
| Iter   | Incumbent       | Best Incumbent      | Lower Bound        | Gap (%)         | Time      
| finish | -2.0572         | -2.0572             | -2.0572            | 0.0             | 14.13s           
Final UBD: -2.057237276268359
Final LBD: -2.057237358154343
====================================================================================================

*** Alpine ended with status OPTIMAL ***

 Total time for local solves: 3.25s

 Total time for solving max-min problems: 447.23s

 Total time excluding max-min time: 14.13s

