
PROBLEM STATISTICS
  Objective sense = Min
  # Variables = 120
  # Bin-Int Variables = 0
  # Constraints = 124
  # NL Constraints = 100
  # Linear Constraints = 24
  # Detected convex constraints = 0
  # Detected nonlinear terms = 100
  # Variables involved in nonlinear terms = 20
  # Potential variables for partitioning = 20
SUB-SOLVERS USED BY ALPINE
  NLP local solver = Ipopt
  MIP solver = Gurobi
ALPINE CONFIGURATION
  Maximum iterations (lower-bounding MIPs) =  1
  Relative global optimality gap = 0.01%
  Potential variables chosen for partitioning = All
  Discretization ratio = 10
  Bound-tightening presolve = false
PRESOLVE 
  Doing local search

Feasible solution found during presolve: [0.0, 1.0, 1.0, 0.45126242940580163, 1.0, 0.0, 0.07440914160781388, 0.0, 0.17893851785498496, 1.0, 0.0, 0.002619829142589326, 1.0, 1.0, 1.0, 0.0, 0.0, 0.0, 0.0, 0.0, 0.0, 0.0, 0.0, 0.0, 0.0, 0.0, 0.0, 0.0, 0.0, 0.0, 1.0, 1.0, 0.0, 0.002619829098045018, 1.0, 0.0, 0.0, 0.0, 0.0, 0.0, 0.0, 0.0, 0.0, 0.0, 0.0, 0.45126243295055607, 0.0, 0.0, 0.4512624248770626, 0.0, 0.0011822304635129772, 0.45126243198954535, 0.0, 0.0, 0.0, 0.0, 0.0, 0.0, 0.0744091421923122, 0.0, 1.0, 0.0, 0.0, 0.0, 0.0, 0.0, 0.0, 0.0, 0.0, 0.0, 0.0, 0.0, 0.0, 0.01331466151416389, 0.00019493923765920586, 0.07440914203385013, 0.0, 0.0, 0.0, 0.0, 0.0, 0.0, 0.0, 0.0, 0.0, 0.0, 0.0, 0.17893851887951356, 0.0, 0.0, 0.0, 0.0, 1.0, 1.0, 1.0, 0.0, 0.0, 0.0, 0.0, 0.0, 0.0, 0.0, 0.002619829144891044, 0.0, 0.0, 0.0, 1.0, 0.0, 0.0, 0.0, 0.0, 0.0, 0.0, 0.0, 0.0, 0.0, 0.0, 0.0, 0.0, 0.0]  :with objective: -3.1987411918163327

  Local solver returns a feasible point with value -3.1987

  Fixed 44 discretization points based on bounding heuristic


Initial guess for SP: [0.0, 0.0, 0.0, 0.26102909817444125, 0.0, 0.0, 0.5574034962741187, 0.9021581826022006, 0.0, 0.0, 0.0, 0.5574034962741187, 0.4512624031775144, 0.45126240317751454, 0.5574034962741187, 0.7002332220263197, 0.0, 0.0, 0.0, 0.7573594007723619, 0.0, 0.0, 0.0, 0.44259650372588133, 0.07440911739482647, 0.07440911739482658, 0.24264059922763812, 0.48704703849577136, 0.0, 0.0, 0.0, 0.44259650372588133, 0.17893850255691712, 0.17893850255691712, 0.5129529615042286, 0.7573594007723619, 0.0, 0.0, 0.0, 0.44259650372588133, 0.0, 0.0, 0.0, 0.0, 0.0026198179707325646, 0.0026198179707325646, 0.17987893676507338, 0.5574034962741187, 0.0, 0.0, 0.0, 0.5574034962741187, 0.0, 0.0, 0.5574034962741187, 0.9699722985678634, 0.0, 0.0, 0.0, 0.5574034962741187, 0.0, 0.0, 0.08912070968767315, 0.44259650372588133, 0.0, 0.0, 0.0, 0.44259650372588133, 0.0, 0.0, 0.0, 0.4298108604203176, 0.0, 0.0, 0.3447546863280819, 0.44259650372588133, 0.0, 0.0, 0.1122381102248975, 0.5574034962741187]

disc_lower_bound: [0.0, 0.0, 0.0, 0.0, 0.0, 0.0, 0.0, 0.0, 0.0, 0.0, 0.0, 0.0, 0.0, 0.0, 0.0, 0.0, 0.0, 0.0, 0.0, 0.0, 0.0, 0.0, 0.0, 0.0, 0.0, 0.0, 0.0, 0.0, 0.0, 0.0, 0.0, 0.0, 0.0, 0.0, 0.0, 0.0, 0.0, 0.0, 0.0, 0.0, 0.0, 0.0, 0.0, 0.0, 0.0, 0.0, 0.0, 0.0, 0.0, 0.0, 0.0, 0.0, 0.0, 0.0, 0.0, 0.0, 0.0, 0.0, 0.0, 0.0, 0.0, 0.0, 0.0, 0.0, 0.0, 0.0, 0.0, 0.0, 0.0, 0.0, 0.0, 0.0, 0.0, 0.0, 0.0, 0.0, 0.0, 0.0, 0.0, 0.0]

disc_upper_bound: [0.0, 0.0, 0.0, 1.0, 0.0, 0.0, 1.0, 1.0, 0.0, 0.0, 0.0, 1.0, 1.0, 1.0, 1.0, 1.0, 0.0, 0.0, 0.0, 1.0, 0.0, 0.0, 0.0, 1.0, 1.0, 1.0, 1.0, 1.0, 0.0, 0.0, 0.0, 1.0, 1.0, 1.0, 1.0, 1.0, 0.0, 0.0, 0.0, 1.0, 0.0, 0.0, 0.0, 0.0, 1.0, 1.0, 1.0, 1.0, 0.0, 0.0, 0.0, 1.0, 0.0, 0.0, 1.0, 1.0, 0.0, 0.0, 0.0, 1.0, 0.0, 0.0, 1.0, 1.0, 0.0, 0.0, 0.0, 1.0, 0.0, 0.0, 0.0, 1.0, 0.0, 0.0, 1.0, 1.0, 0.0, 0.0, 1.0, 1.0]

fix_disc_point: [1, 1, 1, 0, 1, 1, 0, 0, 1, 1, 1, 0, 0, 0, 0, 0, 1, 1, 1, 0, 1, 1, 1, 0, 0, 0, 0, 0, 1, 1, 1, 0, 0, 0, 0, 0, 1, 1, 1, 0, 1, 1, 1, 1, 0, 0, 0, 0, 1, 1, 1, 0, 1, 1, 0, 0, 1, 1, 1, 0, 1, 1, 0, 0, 1, 1, 1, 0, 1, 1, 1, 0, 1, 1, 0, 0, 1, 1, 0, 0]


Running Proximal Bundle Method MPBNGC.
Ending SP solves because bound converged with best_obj: -3.1987411918163327, bound: -3.198741231559274
MPBNGC terminated with `Failure in function or subgradient calculations (assigned by the user).`
Completed 0 restarts.  stalling_restart = false.  num_func_eval = 1  best_disc_bound: -3.198741231559274

Best found disc_points using mpbngc (without postprocessing): [0.0, 0.0, 0.0, 0.2610290981744412, 0.0, 0.0, 0.5574034962741187, 0.9021581826022006, 0.0, 0.0, 0.0, 0.5574034962741187, 0.4512624031775144, 0.4512624031775145, 0.5574034962741187, 0.7002332220263197, 0.0, 0.0, 0.0, 0.7573594007723619, 0.0, 0.0, 0.0, 0.4425965037258814, 0.0744091173948265, 0.0744091173948266, 0.2426405992276381, 0.4870470384957714, 0.0, 0.0, 0.0, 0.4425965037258814, 0.1789385025569171, 0.1789385025569171, 0.5129529615042286, 0.7573594007723619, 0.0, 0.0, 0.0, 0.4425965037258814, 0.0, 0.0, 0.0, 0.0, 0.0026198179707326, 0.0026198179707326, 0.1798789367650734, 0.5574034962741187, 0.0, 0.0, 0.0, 0.5574034962741187, 0.0, 0.0, 0.5574034962741187, 0.9699722985678634, 0.0, 0.0, 0.0, 0.5574034962741187, 0.0, 0.0, 0.0891207096876732, 0.4425965037258814, 0.0, 0.0, 0.0, 0.4425965037258814, 0.0, 0.0, 0.0, 0.4298108604203176, 0.0, 0.0, 0.344754686328082, 0.4425965037258814, 0.0, 0.0, 0.1122381102248975, 0.5574034962741187]  with bound: -3.198741231559274  in time: 11.26s

  Starting postprocessing to try and eliminate partitioning points that are not useful...
Time for postprocessing: 565.86s


Best found disc_points using mpbngc (with postprocessing): [0.0, 0.0, 0.0, 0.0, 0.0, 0.0, 0.0, 0.0, 0.0, 0.0, 0.0, 0.0, 0.0, 0.0, 0.0, 0.7002332220263197, 0.0, 0.0, 0.0, 0.0, 0.0, 0.0, 0.0, 0.0, 0.0, 0.0, 0.0, 0.2426405992276381, 0.0, 0.0, 0.0, 0.0, 0.0, 0.0, 0.1789385025569171, 0.5129529615042286, 0.0, 0.0, 0.0, 0.4425965037258814, 0.0, 0.0, 0.0, 0.0, 0.0, 0.0026198179707326, 0.1798789367650734, 0.5574034962741187, 0.0, 0.0, 0.0, 0.5574034962741187, 0.0, 0.0, 0.5574034962741187, 0.9699722985678634, 0.0, 0.0, 0.0, 0.5574034962741187, 0.0, 0.0, 0.0891207096876732, 0.4425965037258814, 0.0, 0.0, 0.0, 0.4425965037258814, 0.0, 0.0, 0.0, 0.4298108604203176, 0.0, 0.0, 0.0, 0.344754686328082, 0.0, 0.0, 0.1122381102248975, 0.5574034962741187]  with bound: -3.198741231559274  in time: 577.13s. Excluded 61 discretization points
  Completed presolve in 13.98s
LOWER-BOUNDING ITERATIONS
====================================================================================================
| Iter   | Incumbent       | Best Incumbent      | Lower Bound        | Gap (%)         | Time      
| finish | -3.1987         | -3.1987             | -3.1987            | 0.0             | 15.45s           
Final UBD: -3.1987411918163327
Final LBD: -3.198741231559274
====================================================================================================

*** Alpine ended with status OPTIMAL ***

 Total time for local solves: 3.25s

 Total time for solving max-min problems: 579.34s

 Total time excluding max-min time: 15.45s

