
PROBLEM STATISTICS
  Objective sense = Min
  # Variables = 125
  # Bin-Int Variables = 0
  # Constraints = 129
  # NL Constraints = 105
  # Linear Constraints = 24
  # Detected convex constraints = 0
  # Detected nonlinear terms = 105
  # Variables involved in nonlinear terms = 20
  # Potential variables for partitioning = 20
SUB-SOLVERS USED BY ALPINE
  NLP local solver = Ipopt
  MIP solver = Gurobi
ALPINE CONFIGURATION
  Maximum iterations (lower-bounding MIPs) =  1
  Relative global optimality gap = 0.01%
  Potential variables chosen for partitioning = All
  Discretization ratio = 10
  Bound-tightening presolve = false
PRESOLVE 
  Doing local search

Feasible solution found during presolve: [0.0, 0.0, 1.0, 0.0, 1.0, 0.5661921503977617, 1.0, 1.0, 1.0, 0.0, 0.0, 0.2749684894458061, 0.07472427938696413, 0.0, 0.0, 0.4830659859785348, 0.0, 0.0, 0.04202915370460925, 0.0, 0.0, 0.0, 0.0, 0.0, 0.0, 0.0, 0.0, 0.0, 0.0, 0.0, 0.0, 0.0, 0.0, 0.0, 0.0, 0.0, 0.0, 0.0, 0.0, 1.0, 1.0, 0.0, 0.2749684904298623, 0.4830659877073295, 0.0, 0.0, 0.04202915385502303, 0.0, 0.0, 0.0, 0.0, 0.0, 0.0, 0.0, 0.0, 0.0, 0.0, 0.0, 1.0, 0.0, 0.0747242795637566, 0.0, 0.0, 0.0, 0.04202915380404732, 0.566192120040404, 0.5661921536526046, 0.15568500033094596, 0.042308300433029036, 0.0, 0.0, 0.27350816938520156, 0.0, 0.0, 0.023796576915411025, 0.0, 0.2749684747029016, 0.07472427538049445, 0.0, 0.042029151451144504, 0.0, 1.0, 0.0, 0.0, 0.0, 0.04202915374928543, 0.0, 0.0, 0.27496849102650484, 0.07472427981652817, 0.0, 0.0, 0.0, 0.0, 0.0, 0.0, 0.0, 0.0, 0.0, 0.0, 0.0, 0.0, 0.020546822227959397, 0.0, 0.0, 0.0, 0.036096757698599394, 0.0, 0.0, 0.0, 0.0, 0.0, 0.0, 0.0, 0.0, 0.0, 0.0, 0.0, 0.0, 0.0, 1.0, 1.0, 1.0, 0.0, 0.0]  :with objective: -2.192039696312909

  Local solver returns a feasible point with value -2.192

  Fixed 42 discretization points based on bounding heuristic


Initial guess for SP: [0.0, 0.0, 0.2680825542242452, 0.8648933821125324, 0.0, 0.0, 0.0, 0.10484222730665937, 0.0, 0.0, 0.0, 0.8951577726933406, 0.0, 0.0, 0.10484222730665932, 0.5076823120177464, 0.0, 0.0, 0.4023380714178245, 0.8940422404548307, 0.0, 0.00017342921908101343, 0.019559028977521292, 0.10595775954516928, 0.0, 0.0, 0.570583034120317, 0.8940422404548307, 0.0, 0.0, 0.0, 0.8940422404548307, 0.0, 0.0, 0.4023380714178245, 0.8940422404548307, 0.0, 0.0, 0.0, 0.0, 0.0, 0.0, 0.0, 0.10595775954516928, 0.40253898886899175, 0.5416642162419161, 0.5417674258715284, 0.7319174457757548, 0.0, 0.0, 0.10595775954516928, 0.3509511672256791, 0.019559028977521292, 0.10595775954516928, 0.3162902491994447, 0.3164395611550206, 0.0, 0.0, 0.0, 0.10484222730665932, 0.18497948315510276, 0.2862776319960288, 0.28629148256187925, 0.33633937227349003, 0.0, 0.0, 0.10484222730665932, 0.5076823120177464, 0.0, 0.0, 0.0, 0.0, 0.0, 0.10484222730665932, 0.11277955965843027, 0.11284303220758678, 0.0, 0.0, 0.0, 0.10484222730665932]

disc_lower_bound: [0.0, 0.0, 0.0, 0.0, 0.0, 0.0, 0.0, 0.0, 0.0, 0.0, 0.0, 0.0, 0.0, 0.0, 0.0, 0.0, 0.0, 0.0, 0.0, 0.0, 0.0, 0.0, 0.0, 0.0, 0.0, 0.0, 0.0, 0.0, 0.0, 0.0, 0.0, 0.0, 0.0, 0.0, 0.0, 0.0, 0.0, 0.0, 0.0, 0.0, 0.0, 0.0, 0.0, 0.0, 0.0, 0.0, 0.0, 0.0, 0.0, 0.0, 0.0, 0.0, 0.0, 0.0, 0.0, 0.0, 0.0, 0.0, 0.0, 0.0, 0.0, 0.0, 0.0, 0.0, 0.0, 0.0, 0.0, 0.0, 0.0, 0.0, 0.0, 0.0, 0.0, 0.0, 0.0, 0.0, 0.0, 0.0, 0.0, 0.0]

disc_upper_bound: [0.0, 0.0, 1.0, 1.0, 0.0, 0.0, 0.0, 1.0, 0.0, 0.0, 0.0, 1.0, 0.0, 0.0, 1.0, 1.0, 0.0, 0.0, 1.0, 1.0, 0.0, 1.0, 1.0, 1.0, 0.0, 0.0, 1.0, 1.0, 0.0, 0.0, 0.0, 1.0, 0.0, 0.0, 1.0, 1.0, 0.0, 0.0, 0.0, 0.0, 0.0, 0.0, 0.0, 1.0, 1.0, 1.0, 1.0, 1.0, 0.0, 0.0, 1.0, 1.0, 1.0, 1.0, 1.0, 1.0, 0.0, 0.0, 0.0, 1.0, 1.0, 1.0, 1.0, 1.0, 0.0, 0.0, 1.0, 1.0, 0.0, 0.0, 0.0, 0.0, 0.0, 1.0, 1.0, 1.0, 0.0, 0.0, 0.0, 1.0]

fix_disc_point: [1, 1, 0, 0, 1, 1, 1, 0, 1, 1, 1, 0, 1, 1, 0, 0, 1, 1, 0, 0, 1, 0, 0, 0, 1, 1, 0, 0, 1, 1, 1, 0, 1, 1, 0, 0, 1, 1, 1, 1, 1, 1, 1, 0, 0, 0, 0, 0, 1, 1, 0, 0, 0, 0, 0, 0, 1, 1, 1, 0, 0, 0, 0, 0, 1, 1, 0, 0, 1, 1, 1, 1, 1, 0, 0, 0, 1, 1, 1, 0]


Running Proximal Bundle Method MPBNGC.
MPBNGC terminated with `Everything is OK.`
Completed 0 restarts.  stalling_restart = false.  num_func_eval = 8  best_disc_bound: -2.28270166367009

Best found disc_points using mpbngc (without postprocessing): [0.0, 0.0, 0.2680825542242452, 0.8648933821125324, 0.0, 0.0, 0.0, 0.1048422273066594, 0.0, 0.0, 0.0, 0.8951577726933406, 0.0, -0.0, 0.1048422273066593, 0.5076823120177464, 0.0, 0.0, 0.4023380714178245, 0.8940422407375685, -0.0, 0.000173429219081, 0.0195590289775213, 0.1059577595451693, -0.0, 0.0, 0.570583034120317, 0.8940422404548307, 0.0, 0.0, 0.0, 0.8940422404548307, 0.0, 0.0, 0.4023380714178245, 0.8940422407563036, -0.0, 0.0, 0.0, -0.0, 0.0, -0.0, -0.0, 0.1059577595451693, 0.4025389888689918, 0.5416642162419146, 0.5437953116444286, 0.7319174459222669, -1.0e-16, 0.0, 0.1059577595451693, 0.3509511672256791, 0.0195590289775213, 0.1059577595451693, 0.3162902491994446, 0.3410084542193866, 0.0, 0.0, 0.0, 0.1048422273066593, 0.1849794831551028, 0.2862776319960288, 0.2862914825618998, 0.33633937227349, 0.0, 0.0, 0.1048422273066593, 0.5076823120177464, 0.0, -0.0, 0.0, -0.0, 0.0, 0.1048422273066593, 0.1127795596584302, 0.1157206043604382, 0.0, 0.0, 0.0, 0.1048422273066593]  with bound: -2.28270166367009  in time: 61.36s

  Starting postprocessing to try and eliminate partitioning points that are not useful...
Time for postprocessing: 483.47s


Best found disc_points using mpbngc (with postprocessing): [0.0, 0.0, 0.0, 0.0, 0.0, 0.0, 0.0, 0.0, 0.0, 0.0, 0.0, 0.0, 0.0, 0.0, 0.0, 0.0, 0.0, 0.0, 0.0, 0.0, 0.0, 0.0, 0.0, 0.0, 0.0, 0.0, 0.0, 0.0, 0.0, 0.0, 0.0, 0.8940422404548307, 0.0, 0.0, 0.4023380714178245, 0.8940422407563036, 0.0, 0.0, 0.0, 0.0, 0.0, 0.0, 0.0, 0.0, 0.0, 0.4025389888689918, 0.5437953116444286, 0.7319174459222669, 0.0, 0.0, 0.1059577595451693, 0.3509511672256791, 0.0, 0.0195590289775213, 0.1059577595451693, 0.3410084542193866, 0.0, 0.0, 0.0, 0.1048422273066593, 0.0, 0.0, 0.2862914825618998, 0.33633937227349, 0.0, 0.0, 0.1048422273066593, 0.5076823120177464, 0.0, 0.0, 0.0, 0.0, 0.0, 0.0, 0.0, 0.1157206043604382, 0.0, 0.0, 0.0, 0.0]  with bound: -2.28270166367009  in time: 544.85s. Excluded 63 discretization points
  Completed presolve in 13.89s
LOWER-BOUNDING ITERATIONS
====================================================================================================
| Iter   | Incumbent       | Best Incumbent      | Lower Bound        | Gap (%)         | Time      
| finish | -2.192          | -2.192              | -2.2827            | 4.136           | 14.58s           
Final UBD: -2.192039696312909
Final LBD: -2.28270166367009
====================================================================================================

*** Alpine ended with status OTHER_LIMIT ***

 Total time for local solves: 3.2s

 Total time for solving max-min problems: 546.99s

 Total time excluding max-min time: 14.58s

 Iter:   0  Nfun:   1  f1(x) =  2.282702         Eps = 0.4392625E-01
 Iter:   1  Nfun:   2  f1(x) =  2.282702         Eps = 0.2076151E-01
 Iter:   2  Nfun:   3  f1(x) =  2.282702         Eps = 0.6815039E-02
 Iter:   3  Nfun:   4  f1(x) =  2.282702         Eps = 0.3063956E-03
 Iter:   4  Nfun:   5  f1(x) =  2.282702         Eps = 0.4826180E-06
 Iter:   5  Nfun:   6  f1(x) =  2.282702         Eps = 0.5265667E-06
 Iter:   6  Nfun:   8  f1(x) =  2.282702         Eps = 0.1741389E-25
