
PROBLEM STATISTICS
  Objective sense = Min
  # Variables = 125
  # Bin-Int Variables = 0
  # Constraints = 129
  # NL Constraints = 105
  # Linear Constraints = 24
  # Detected convex constraints = 0
  # Detected nonlinear terms = 105
  # Variables involved in nonlinear terms = 20
  # Potential variables for partitioning = 20
SUB-SOLVERS USED BY ALPINE
  NLP local solver = Ipopt
  MIP solver = Gurobi
ALPINE CONFIGURATION
  Maximum iterations (lower-bounding MIPs) =  1
  Relative global optimality gap = 0.01%
  Potential variables chosen for partitioning = All
  Discretization ratio = 10
  Bound-tightening presolve = false
PRESOLVE 
  Doing local search

Feasible solution found during presolve: [0.0, 0.0, 1.0, 0.0, 1.0, 0.6273305350636851, 1.0, 1.0, 1.0, 0.0, 0.0, 0.2302024193393904, 0.03136428191276993, 0.0, 0.0, 0.48944207823031216, 0.0, 0.0, 0.020842528765445005, 0.0, 0.0, 0.0, 0.0, 0.0, 0.0, 0.0, 0.0, 0.0, 0.0, 0.0, 0.0, 0.0, 0.0, 0.0, 0.0, 0.0, 0.0, 0.0, 0.0, 1.0, 1.0, 0.0, 0.23020242008303207, 0.4894420798113968, 0.0, 0.0, 0.02084252883277433, 0.0, 0.0, 0.0, 0.0, 0.0, 0.0, 0.0, 0.0, 0.0, 0.0, 0.0, 1.0, 0.0, 0.03136428200918234, 0.0, 0.0, 0.0, 0.02084252882951402, 0.6273305050998791, 0.6273305383969648, 0.1444130068971354, 0.019675771754226946, 0.0, 0.0, 0.30704196081890367, 0.0, 0.0, 0.013075154722507124, 0.0, 0.23020240834400563, 0.03136428041468685, 0.0, 0.020842527769922785, 0.0, 1.0, 0.0, 0.0, 0.0, 0.02084252881657267, 0.0, 0.0, 0.23020242056255588, 0.031364282079422004, 0.0, 0.0, 0.0, 0.0, 0.0, 0.0, 0.0, 0.0, 0.0, 0.0, 0.0, 0.0, 0.007220133577161746, 0.0, 0.0, 0.0, 0.015350999321587552, 0.0, 0.0, 0.0, 0.0, 0.0, 0.0, 0.0, 0.0, 0.0, 0.0, 0.0, 0.0, 0.0, 1.0, 1.0, 1.0, 0.0, 0.0]  :with objective: -2.6031527261842236

  Local solver returns a feasible point with value -2.6032

  Fixed 35 discretization points based on bounding heuristic


Initial guess for SP: [0.0, 0.015296241871133829, 0.2692777506706825, 0.8681217503529401, 0.0, 0.0, 0.0, 0.10321942810345686, 0.0, 0.0, 0.0, 0.8967805718965431, 0.0, 0.0, 0.10802188107314514, 0.5540109405365725, 0.0, 0.0, 0.44598905946342743, 0.8919781189268549, 0.001905685367343729, 0.02120295250547538, 0.10802188107314514, 0.3897292359208223, 0.03861935128037254, 0.4296849233466951, 0.6399123236599825, 0.8919781189268549, 0.0, 0.0, 0.0, 0.8919781189268549, 0.0, 0.0, 0.44598905946342743, 0.8919781189268549, 0.0, 0.0, 0.0, 0.02631578947368421, 0.0, 0.0, 0.0, 0.10802188107314514, 0.35200452458244647, 0.5242260573397735, 0.5427855844332315, 0.7307222493293175, 0.0, 0.03411581263831595, 0.10802188107314514, 0.28310279526980736, 0.019495419241147338, 0.048578603361481856, 0.10802188107314514, 0.32490813726029827, 0.0, 0.0, 0.0, 0.10321942810345686, 0.1773078842937165, 0.2962343330981069, 0.34413989252288074, 0.354615768587433, 0.0, 0.0, 0.10802188107314514, 0.5540109405365725, 0.0, 0.0, 0.0, 0.0, 0.010032426062967583, 0.039463040215918614, 0.10321942810345686, 0.11749319449893522, 0.0, 0.0, 0.0, 0.10321942810345686]

disc_lower_bound: [0.0, 0.0, 0.0, 0.0, 0.0, 0.0, 0.0, 0.0, 0.0, 0.0, 0.0, 0.0, 0.0, 0.0, 0.0, 0.0, 0.0, 0.0, 0.0, 0.0, 0.0, 0.0, 0.0, 0.0, 0.0, 0.0, 0.0, 0.0, 0.0, 0.0, 0.0, 0.0, 0.0, 0.0, 0.0, 0.0, 0.0, 0.0, 0.0, 0.0, 0.0, 0.0, 0.0, 0.0, 0.0, 0.0, 0.0, 0.0, 0.0, 0.0, 0.0, 0.0, 0.0, 0.0, 0.0, 0.0, 0.0, 0.0, 0.0, 0.0, 0.0, 0.0, 0.0, 0.0, 0.0, 0.0, 0.0, 0.0, 0.0, 0.0, 0.0, 0.0, 0.0, 0.0, 0.0, 0.0, 0.0, 0.0, 0.0, 0.0]

disc_upper_bound: [0.0, 1.0, 1.0, 1.0, 0.0, 0.0, 0.0, 1.0, 0.0, 0.0, 0.0, 1.0, 0.0, 0.0, 1.0, 1.0, 0.0, 0.0, 1.0, 1.0, 1.0, 1.0, 1.0, 1.0, 1.0, 1.0, 1.0, 1.0, 0.0, 0.0, 0.0, 1.0, 0.0, 0.0, 1.0, 1.0, 0.0, 0.0, 0.0, 1.0, 0.0, 0.0, 0.0, 1.0, 1.0, 1.0, 1.0, 1.0, 0.0, 1.0, 1.0, 1.0, 1.0, 1.0, 1.0, 1.0, 0.0, 0.0, 0.0, 1.0, 1.0, 1.0, 1.0, 1.0, 0.0, 0.0, 1.0, 1.0, 0.0, 0.0, 0.0, 0.0, 1.0, 1.0, 1.0, 1.0, 0.0, 0.0, 0.0, 1.0]

fix_disc_point: [1, 0, 0, 0, 1, 1, 1, 0, 1, 1, 1, 0, 1, 1, 0, 0, 1, 1, 0, 0, 0, 0, 0, 0, 0, 0, 0, 0, 1, 1, 1, 0, 1, 1, 0, 0, 1, 1, 1, 0, 1, 1, 1, 0, 0, 0, 0, 0, 1, 0, 0, 0, 0, 0, 0, 0, 1, 1, 1, 0, 0, 0, 0, 0, 1, 1, 0, 0, 1, 1, 1, 1, 0, 0, 0, 0, 1, 1, 1, 0]


Running Proximal Bundle Method MPBNGC.
MPBNGC terminated with `Everything is OK.`
Completed 0 restarts.  stalling_restart = false.  num_func_eval = 1  best_disc_bound: -2.6766816688032655

Best found disc_points using mpbngc (without postprocessing): [0.0, 0.0152962418711338, 0.2692777506706825, 0.8681217503529401, 0.0, 0.0, 0.0, 0.1032194281034568, 0.0, 0.0, 0.0, 0.8967805718965431, 0.0, 0.0, 0.1080218810731451, 0.5540109405365725, 0.0, 0.0, 0.4459890594634274, 0.8919781189268549, 0.0019056853673437, 0.0212029525054754, 0.1080218810731451, 0.3897292359208223, 0.0386193512803725, 0.4296849233466951, 0.6399123236599825, 0.8919781189268549, 0.0, 0.0, 0.0, 0.8919781189268549, 0.0, 0.0, 0.4459890594634274, 0.8919781189268549, 0.0, 0.0, 0.0, 0.0263157894736842, 0.0, 0.0, 0.0, 0.1080218810731451, 0.3520045245824464, 0.5242260573397735, 0.5427855844332315, 0.7307222493293175, 0.0, 0.034115812638316, 0.1080218810731451, 0.2831027952698074, 0.0194954192411473, 0.0485786033614819, 0.1080218810731451, 0.3249081372602982, 0.0, 0.0, 0.0, 0.1032194281034568, 0.1773078842937165, 0.2962343330981068, 0.3441398925228808, 0.354615768587433, 0.0, 0.0, 0.1080218810731451, 0.5540109405365725, 0.0, 0.0, 0.0, 0.0, 0.0100324260629676, 0.0394630402159186, 0.1032194281034568, 0.1174931944989352, 0.0, 0.0, 0.0, 0.1032194281034568]  with bound: -2.6766816688032655  in time: 13.38s

  Starting postprocessing to try and eliminate partitioning points that are not useful...
Time for postprocessing: 671.42s


Best found disc_points using mpbngc (with postprocessing): [0.0, 0.0, 0.0, 0.0, 0.0, 0.0, 0.0, 0.0, 0.0, 0.0, 0.0, 0.0, 0.0, 0.0, 0.0, 0.0, 0.0, 0.0, 0.0, 0.8919781189268549, 0.0, 0.0, 0.0, 0.0, 0.0, 0.0, 0.0, 0.0, 0.0, 0.0, 0.0, 0.8919781189268549, 0.0, 0.0, 0.0, 0.8919781189268549, 0.0, 0.0, 0.0, 0.0, 0.0, 0.0, 0.0, 0.1080218810731451, 0.0, 0.3520045245824464, 0.5427855844332315, 0.7307222493293175, 0.0, 0.0, 0.034115812638316, 0.2831027952698074, 0.0, 0.0485786033614819, 0.1080218810731451, 0.3249081372602982, 0.0, 0.0, 0.0, 0.0, 0.0, 0.0, 0.3441398925228808, 0.354615768587433, 0.0, 0.0, 0.1080218810731451, 0.5540109405365725, 0.0, 0.0, 0.0, 0.0, 0.0100324260629676, 0.0394630402159186, 0.1032194281034568, 0.1174931944989352, 0.0, 0.0, 0.0, 0.0]  with bound: -2.6766816688032655  in time: 684.81s. Excluded 60 discretization points
  Completed presolve in 15.41s
LOWER-BOUNDING ITERATIONS
====================================================================================================
| Iter   | Incumbent       | Best Incumbent      | Lower Bound        | Gap (%)         | Time      
| finish | -2.6032         | -2.6032             | -2.6767            | 2.825           | 16.89s           
Final UBD: -2.6031527261842236
Final LBD: -2.6766816688032655
====================================================================================================

*** Alpine ended with status OTHER_LIMIT ***

 Total time for local solves: 3.09s

 Total time for solving max-min problems: 686.95s

 Total time excluding max-min time: 16.89s

 Iter:   0  Nfun:   1  f1(x) =  2.676682         Eps = 0.1380155E-30
