
PROBLEM STATISTICS
  Objective sense = Min
  # Variables = 572
  # Bin-Int Variables = 0
  # Constraints = 621
  # NL Constraints = 261
  # Linear Constraints = 360
  # Detected convex constraints = 0
  # Detected nonlinear terms = 261
  # Variables involved in nonlinear terms = 124
  # Potential variables for partitioning = 124
SUB-SOLVERS USED BY ALPINE
  NLP local solver = Knitro
  MIP solver = Gurobi
ALPINE CONFIGURATION
  Maximum iterations (lower-bounding MIPs) =  1
  Relative global optimality gap = 0.01%
  Potential variables chosen for partitioning = All
  Discretization ratio = 10
  Bound-tightening presolve = false
PRESOLVE 
  Doing local search

Feasible solution found during presolve: [1.2153603321950042, 0.0, 0.0, 0.6894840000592838, 0.0, 0.0, 0.0, 0.0, 0.0, 0.0, 0.0, 0.0, 0.0, 0.0, 0.0, 0.0, 1.9707146538654539, 0.0, 1.0292853461345461, 0.0, 0.0, 0.0, 0.0, 0.0, 0.0, 0.0, 0.0, 0.0, 0.9375966726977903, 3.959021363549021, 0.0, 0.0, 0.0, 0.0, 0.0, 0.0, 0.0, 0.0, 0.0, 0.0, 0.0, 0.0, 0.0, 0.0, 0.0, 0.0, 0.0, 0.0, 0.0, 1.051710230139042, 1.1986542057059133, 0.029285346134546256, 0.0, 0.0, 0.0, 0.0, 0.0, 0.0, 0.0, 2.0, 1.0, 0.0, 0.0, 0.0, 0.0, 0.0, 0.0, 0.0, 0.0, 0.0, 0.0, 0.5997679080523783, 1.799303724157135, 0.0, 0.0, 0.0, 0.0, 0.75, 2.25, 0.0, 0.0, 0.0, 0.0, 0.0, 0.0, 0.0, 0.0, 0.0, 0.0, 0.0, 0.0, 0.0, 0.6502320919476218, 1.9506962758428652, 0.0, 0.0, 0.0, 0.0, 0.0, 0.0, 0.0, 1.8923951791450595, 0.9386014030777138, 0.16900341777722663, 0.0, 0.0, 0.0, 0.0, 0.0, 0.0, 0.0, 0.0, 0.0, 0.0, 0.0, 0.0, 0.0, 0.0, 3.7088035645718356, 3.228793108125955, 0.0, 0.0, 0.0, 0.5679553645454554, 0.49444796275675384, 0.0, 0.0, 0.0, 0.0, 0.0, 0.0, 0.0, 0.0, 0.0, 0.0, 0.0, 0.0, 0.0, 0.0, 0.0, 0.0, 0.0, 0.0, 0.0, 0.0, 0.0, 0.0, 0.0, 0.0, 0.0, 0.0, 0.0, 0.0, 0.0, 0.0, 0.0, 0.0, 0.0, 0.0, 0.0, 0.0, 0.0, 0.0, 0.0, 0.0, 0.0, 0.0, 0.0, 0.0, 0.0, 0.0, 0.0, 0.0, 1.468734404105533, 0.0, 0.0, 0.0, 0.7279863017130886, 0.803279294181378, 0.0, 0.0, 0.0, 0.0, 0.0, 0.0, 0.0, 0.0, 0.0, 0.0, 0.0, 0.0, 0.0, 0.0, 0.0, 1.2720136982869115, 1.0, 0.7279863017130886, 0.0, 0.0, 0.0, 0.0, 0.0, 0.0, 0.0, 0.0, 0.0, 1.363234962555737, 0.7156673852410904, 0.0680998079264438, 0.541609369698551, 0.2843326147589097, 0.027055859819268387, 0.0, 0.0, 0.0, 0.0, 0.0, 0.0, 0.0, 0.0, 0.0, 0.0, 0.0, 0.0, 0.0, 0.15530473810294446, 0.5281903661524481, 0.0, 0.0, 0.0, 0.0, 0.0, 0.0, 0.06081313345225956, 0.2068250564495667, 0.0, 0.0, 0.0, 0.0, 0.0, 0.0, 0.0, 0.0, 0.0, 0.0, 0.0, 0.0, 0.0, 0.0, 0.46653937582715044, 0.0, 0.0, 0.23326968791357522, 0.0, 0.0, 0.0, 0.0, 1.5334606241728497, 0.0, 0.0, 0.7667303120864248, 0.0, 0.0, 0.0, 2.147002155723271, 4.896618036246811, 0.6834951042553925, 0.0, 0.0, 2.3990716322095134, 0.8529978442767291, 0.0, 3.0, 0.0, 0.0, 0.0, 0.0, 0.0, 0.0, 6.937596672697791, 0.0, 0.0, 0.26763818990182625, 3.0, 0.0, 3.0, 0.0, 1.0624033273022093, 0.0, 3.0, 0.0, 1.2153603321950042, 0.0, 0.0, 0.0, 0.0, 0.0, 0.0, 0.0, 0.6894840000592838, 0.6998090637407257, 0.0, 0.0, 3.0, 0.0, 0.0, 0.0, 0.0, 3.0, 0.0, 0.0, 0.0, 0.0, 0.0, 0.0, 2.2796497819795016, 0.0, 0.0, 0.0, 0.0, 0.0, 0.0, 0.0, 0.0, 0.0, 0.0, 0.0, 0.0, 2.600928367790487, 0.0, 0.0, 2.3001909362592743, 2.0, 0.0, 0.0, 1.0, 0.21611787155520404, 0.7350154226020148, 0.0, 0.0, 1.9048443322542878, 1.0, 0.09515566774571217, 1.2720136982869115, 1.0, 0.727986301713089, 1.468734404105533, 0.0, 0.0, 0.0, 0.7279863017130886, 0.803279294181378, 0.0, 0.0, 0.0, 0.0, 0.0, 0.0, 4.276758929117291, 3.723241070882709, 0.0, 0.0, 1.8923951791450597, 0.9386014030777138, 0.16900341777722663, 2.0, 6.0, 0.0, 2.0, 1.0, 0.0, 0.0, 1.051710230139042, 1.1986542057059133, 0.029285346134546256, 0.9375966726977903, 3.959021363549021, 0.0, 1.9707146538654539, 0.0, 1.0292853461345461, 0.0, 1.9048443322542878, 0.0, 0.0, 0.0, 0.5312655958944671, 0.0, 0.0, 0.0, 0.0, 1.7838821284447959, 0.0, 0.0, 2.2720136982869112, 0.0, 0.0, 0.0, 0.0, 0.0, 0.0, 0.0, 0.0, 0.29760142387248395, 0.0, 0.0, 0.0, 0.0, 0.0, 0.09515566774571224, 0.0, 0.0, 2.0, 0.0, 3.0, 0.0, 0.0, 0.0, 0.0, 0.0, 0.0, 0.0, 0.0, 0.0, 0.0, 0.0, 0.0, 0.0, 1.0624033273022093, 0.0, 0.0, 0.0, 0.0, 0.0, 0.0, 0.0, 0.0, 0.0, 0.0, 0.0, 0.0, 0.0, 1.7232410708827097, 0.06139859692228627, 2.0, 0.0, 0.0, 0.0, 0.0, 6.0, 0.0, 0.0, 0.0, 0.0, 0.702398576127516, 0.0, 0.0, 0.0, 0.0, 0.0, 0.0, 0.2649845773979853, 0.948289769860958, 0.0, 0.0, 0.0, 0.0, 0.0, 0.0, 0.0, 0.0, 0.0, 0.0, 0.0, 1.2376993422696017, 0.0, 0.0, 1.0781047234113779, 0.0, 0.0, 0.0, 0.0, 0.0, 0.0, 0.0, 0.0, 0.0, 0.0, 0.0, 0.0, 0.10760482085494026, 0.0, 0.0, 0.0, 0.0, 0.0, 0.0, 0.0, 4.801711236088227, 0.0, 0.0, 0.0, 0.0, 0.0, 0.7156673852410904, 1.0, 0.7186112697916064, 0.0, 0.0, 0.29988395402618917, 0.2843326147589097, 0.0, 1.0, 0.0, 0.0, 0.0, 0.0, 0.0, 0.0, 0.8671995840872239, 0.0, 0.0, 0.28138873020839356, 1.0, 1.0, 0.375, 0.0, 0.13280041591277617, 0.0, 1.0, 1.0, 0.6380365637315287, 0.0, 0.0, 0.0, 0.0, 0.0, 0.0, 0.0, 0.36196343626847133, 0.23326968791357522, 0.0, 0.0, 1.0, 0.0, 0.0, 0.0, 0.0, 1.0, 0.0, 0.0, 0.0, 0.0, 0.0, 0.0, 1.0, 0.0, 0.0, 0.0, 0.0, 0.0, 0.0, 0.0, 0.0, 0.0, 0.0, 0.0, 0.0, 0.3251160459738109, 0.0, 0.0, 0.7667303120864248]  :with objective: -594.124425881124

  Local solver returns a feasible point with value -594.1244
disc:  333  :[0.0, 1.8, 2.0]
disc:  334  :[0.0, 0.6, 6.0]
disc:  335  :[0.0, 0.1, 1.0]
disc:  336  :[0.0, 0.9, 1.0]
disc:  337  :[0.0, 0.016117871555204027, 0.4161178715552041, 2.0]
disc:  338  :[0.0, 0.6350154226020148, 0.8350154226020148, 1.0]
disc:  339  :[0.0, 0.2, 2.0]
disc:  340  :[0.0, 0.2, 2.0]
disc:  341  :[0.0, 1.7048443322542879, 2.0]
disc:  342  :[0.0, 0.9, 1.0]
disc:  343  :[0.0, 0.29515566774571217, 2.0]
disc:  344  :[0.0, 1.0720136982869115, 1.4720136982869114, 2.0]
disc:  345  :[0.0, 0.9, 1.0]
disc:  346  :[0.0, 0.427986301713089, 1.027986301713089, 3.0]
disc:  347  :[0.0, 1.268734404105533, 1.668734404105533, 2.0]
disc:  348  :[0.0, 0.6, 6.0]
disc:  349  :[0.0, 0.2, 2.0]
disc:  350  :[0.0, 0.1, 1.0]
disc:  351  :[0.0, 0.5279863017130886, 0.9279863017130887, 2.0]
disc:  352  :[0.0, 0.20327929418137802, 1.4032792941813779, 6.0]
disc:  353  :[0.0, 0.1, 1.0]
disc:  354  :[0.0, 0.2, 2.0]
disc:  355  :[0.0, 0.1, 1.0]
disc:  356  :[0.0, 0.2, 2.0]
disc:  357  :[0.0, 0.1, 1.0]
disc:  358  :[0.0, 0.2, 2.0]
disc:  359  :[0.0, 3.6767589291172906, 4.87675892911729, 6.0]
disc:  360  :[0.0, 3.1232410708827087, 4.323241070882709, 6.0]
disc:  361  :[0.0, 0.2, 2.0]
disc:  362  :[0.0, 0.1, 1.0]
disc:  363  :[0.0, 1.6923951791450598, 2.0]
disc:  364  :[0.0, 0.8386014030777138, 1.0]
disc:  365  :[0.0, 0.46900341777722665, 3.0]
disc:  366  :[0.0, 1.8, 2.0]
disc:  367  :[0.0, 5.4, 6.0]
disc:  368  :[0.0, 0.2, 2.0]
disc:  369  :[0.0, 1.8, 2.0]
disc:  370  :[0.0, 0.9, 1.0]
disc:  371  :[0.0, 0.2, 2.0]
disc:  372  :[0.0, 0.2, 2.0]
disc:  373  :[0.0, 0.851710230139042, 1.251710230139042, 2.0]
disc:  374  :[0.0, 0.5986542057059133, 1.7986542057059132, 6.0]
disc:  375  :[0.0, 0.22928534613454626, 2.0]
disc:  376  :[0.0, 0.7375966726977903, 1.1375966726977904, 2.0]
disc:  377  :[0.0, 3.359021363549021, 4.559021363549021, 6.0]
disc:  378  :[0.0, 0.6, 6.0]
disc:  379  :[0.0, 1.770714653865454, 2.0]
disc:  380  :[0.0, 0.1, 1.0]
disc:  381  :[0.0, 0.7292853461345461, 1.3292853461345462, 3.0]
disc:  382  :[0.0, 0.3, 3.0]
disc:  383  :[0.0, 1.7048443322542879, 2.0]
disc:  384  :[0.0, 0.6, 6.0]
disc:  385  :[0.0, 0.2, 2.0]
disc:  502  :[0.0, 0.1, 1.0]
disc:  503  :[0.0, 0.1, 1.0]
disc:  504  :[0.0, 0.1, 1.0]
disc:  505  :[0.0, 0.6156673852410904, 0.8156673852410904, 1.0]
disc:  506  :[0.0, 0.9, 1.0]
disc:  507  :[0.0, 0.6186112697916064, 0.8186112697916064, 1.0]
disc:  508  :[0.0, 0.1, 1.0]
disc:  509  :[0.0, 0.1, 1.0]
disc:  510  :[0.0, 0.19988395402618916, 0.39988395402618915, 1.0]
disc:  511  :[0.0, 0.1843326147589097, 0.3843326147589097, 1.0]
disc:  512  :[0.0, 0.1, 1.0]
disc:  513  :[0.0, 0.9, 1.0]
disc:  514  :[0.0, 0.1, 1.0]
disc:  515  :[0.0, 0.1, 1.0]
disc:  516  :[0.0, 0.1, 1.0]
disc:  517  :[0.0, 0.1, 1.0]
disc:  518  :[0.0, 0.1, 1.0]
disc:  519  :[0.0, 0.1, 1.0]
disc:  520  :[0.0, 0.7671995840872239, 0.9671995840872238, 1.0]
disc:  521  :[0.0, 0.1, 1.0]
disc:  522  :[0.0, 0.1, 1.0]
disc:  523  :[0.0, 0.18138873020839355, 0.3813887302083936, 1.0]
disc:  524  :[0.0, 0.9, 1.0]
disc:  525  :[0.0, 0.9, 1.0]
disc:  526  :[0.0, 0.275, 0.475, 1.0]
disc:  527  :[0.0, 0.1, 1.0]
disc:  528  :[0.0, 0.03280041591277616, 0.23280041591277617, 1.0]
disc:  529  :[0.0, 0.1, 1.0]
disc:  530  :[0.0, 0.9, 1.0]
disc:  531  :[0.0, 0.9, 1.0]
disc:  532  :[0.0, 0.5380365637315287, 0.7380365637315287, 1.0]
disc:  533  :[0.0, 0.1, 1.0]
disc:  534  :[0.0, 0.1, 1.0]
disc:  535  :[0.0, 0.1, 1.0]
disc:  536  :[0.0, 0.1, 1.0]
disc:  537  :[0.0, 0.1, 1.0]
disc:  538  :[0.0, 0.1, 1.0]
disc:  539  :[0.0, 0.1, 1.0]
disc:  540  :[0.0, 0.2619634362684713, 0.46196343626847136, 1.0]
disc:  541  :[0.0, 0.1332696879135752, 0.33326968791357525, 1.0]
disc:  542  :[0.0, 0.1, 1.0]
disc:  543  :[0.0, 0.1, 1.0]
disc:  544  :[0.0, 0.9, 1.0]
disc:  545  :[0.0, 0.1, 1.0]
disc:  546  :[0.0, 0.1, 1.0]
disc:  547  :[0.0, 0.1, 1.0]
disc:  548  :[0.0, 0.1, 1.0]
disc:  549  :[0.0, 0.9, 1.0]
disc:  550  :[0.0, 0.1, 1.0]
disc:  551  :[0.0, 0.1, 1.0]
disc:  552  :[0.0, 0.1, 1.0]
disc:  553  :[0.0, 0.1, 1.0]
disc:  554  :[0.0, 0.1, 1.0]
disc:  555  :[0.0, 0.1, 1.0]
disc:  556  :[0.0, 0.9, 1.0]
disc:  557  :[0.0, 0.1, 1.0]
disc:  558  :[0.0, 0.1, 1.0]
disc:  559  :[0.0, 0.1, 1.0]
disc:  560  :[0.0, 0.1, 1.0]
disc:  561  :[0.0, 0.1, 1.0]
disc:  562  :[0.0, 0.1, 1.0]
disc:  563  :[0.0, 0.1, 1.0]
disc:  564  :[0.0, 0.1, 1.0]
disc:  565  :[0.0, 0.1, 1.0]
disc:  566  :[0.0, 0.1, 1.0]
disc:  567  :[0.0, 0.1, 1.0]
disc:  568  :[0.0, 0.1, 1.0]
disc:  569  :[0.0, 0.22511604597381088, 0.4251160459738109, 1.0]
disc:  570  :[0.0, 0.1, 1.0]
disc:  571  :[0.0, 0.1, 1.0]
disc:  572  :[0.0, 0.6667303120864249, 0.8667303120864248, 1.0]
  Completed presolve in 8.03s
LOWER-BOUNDING ITERATIONS
====================================================================================================
| Iter   | Incumbent       | Best Incumbent      | Lower Bound        | Gap (%)         | Time      
| finish | -594.1244       | -594.1244           | -632.1002          | 6.392           | 23.7s            
Final UBD: -594.124425881124
Final LBD: -632.1002207286389
====================================================================================================

*** Alpine ended with status OTHER_LIMIT ***

 Total time for local solves: 5.78s

 Total time for solving max-min problems: 0.0s

 Total time excluding max-min time: 23.7s

presolve objective value: -594.124425881124
w_opt: 1-dimensional DenseAxisArray{Float64,1,...} with index sets:
    Dimension 1, [(25, 1, 2), (25, 1, 1), (25, 1, 14), (20, 1, 2), (20, 1, 1), (20, 1, 14), (1, 1, 2), (1, 1, 1), (1, 1, 14), (2, 1, 2)  …  (20, 15, 23), (20, 15, 3), (8, 15, 30), (8, 15, 29), (8, 15, 23), (8, 15, 3), (2, 15, 30), (2, 15, 29), (2, 15, 23), (2, 15, 3)]
And data, a 261-element Vector{Float64}:
 1.2153603321950042
 0.0
 0.0
 0.6894840000592838
 0.0
 0.0
 0.0
 0.0
 0.0
 0.0
 0.0
 0.0
 0.0
 0.0
 0.0
 0.0
 1.9707146538654539
 0.0
 1.0292853461345461
 0.0
 0.0
 0.0
 0.0
 0.0
 0.0
 0.0
 0.0
 0.0
 0.9375966726977903
 3.959021363549021
 0.0
 0.0
 0.0
 0.0
 0.0
 0.0
 0.0
 0.0
 0.0
 0.0
 0.0
 0.0
 0.0
 0.0
 0.0
 0.0
 0.0
 0.0
 0.0
 1.051710230139042
 1.1986542057059133
 0.029285346134546256
 0.0
 0.0
 0.0
 0.0
 0.0
 0.0
 0.0
 2.0
 1.0
 0.0
 0.0
 0.0
 0.0
 0.0
 0.0
 0.0
 0.0
 0.0
 0.0
 0.5997679080523783
 1.799303724157135
 0.0
 0.0
 0.0
 0.0
 0.75
 2.25
 0.0
 0.0
 0.0
 0.0
 0.0
 0.0
 0.0
 0.0
 0.0
 0.0
 0.0
 0.0
 0.0
 0.6502320919476218
 1.9506962758428652
 0.0
 0.0
 0.0
 0.0
 0.0
 0.0
 0.0
 1.8923951791450595
 0.9386014030777138
 0.16900341777722663
 0.0
 0.0
 0.0
 0.0
 0.0
 0.0
 0.0
 0.0
 0.0
 0.0
 0.0
 0.0
 0.0
 0.0
 3.7088035645718356
 3.228793108125955
 0.0
 0.0
 0.0
 0.5679553645454554
 0.49444796275675384
 0.0
 0.0
 0.0
 0.0
 0.0
 0.0
 0.0
 0.0
 0.0
 0.0
 0.0
 0.0
 0.0
 0.0
 0.0
 0.0
 0.0
 0.0
 0.0
 0.0
 0.0
 0.0
 0.0
 0.0
 0.0
 0.0
 0.0
 0.0
 0.0
 0.0
 0.0
 0.0
 0.0
 0.0
 0.0
 0.0
 0.0
 0.0
 0.0
 0.0
 0.0
 0.0
 0.0
 0.0
 0.0
 0.0
 0.0
 0.0
 1.468734404105533
 0.0
 0.0
 0.0
 0.7279863017130886
 0.803279294181378
 0.0
 0.0
 0.0
 0.0
 0.0
 0.0
 0.0
 0.0
 0.0
 0.0
 0.0
 0.0
 0.0
 0.0
 0.0
 1.2720136982869115
 1.0
 0.7279863017130886
 0.0
 0.0
 0.0
 0.0
 0.0
 0.0
 0.0
 0.0
 0.0
 1.363234962555737
 0.7156673852410904
 0.0680998079264438
 0.541609369698551
 0.2843326147589097
 0.027055859819268387
 0.0
 0.0
 0.0
 0.0
 0.0
 0.0
 0.0
 0.0
 0.0
 0.0
 0.0
 0.0
 0.0
 0.15530473810294446
 0.5281903661524481
 0.0
 0.0
 0.0
 0.0
 0.0
 0.0
 0.06081313345225956
 0.2068250564495667
 0.0
 0.0
 0.0
 0.0
 0.0
 0.0
 0.0
 0.0
 0.0
 0.0
 0.0
 0.0
 0.0
 0.0
 0.46653937582715044
 0.0
 0.0
 0.23326968791357522
 0.0
 0.0
 0.0
 0.0
 1.5334606241728497
 0.0
 0.0
 0.7667303120864248
x_ij_opt: 1-dimensional DenseAxisArray{Float64,1,...} with index sets:
    Dimension 1, [(43, 30), (43, 22), (43, 6), (44, 22), (45, 30), (45, 29), (45, 28), (45, 24), (45, 23), (40, 29)  …  (5, 7), (5, 14), (6, 4), (6, 3), (1, 14), (1, 10), (1, 23), (1, 1), (3, 2), (3, 1)]
And data, a 116-element Vector{Float64}:
 0.0
 0.5312655958944671
 0.0
 0.0
 0.0
 0.0
 1.7838821284447959
 0.0
 0.0
 2.2720136982869112
 0.0
 0.0
 0.0
 0.0
 0.0
 0.0
 0.0
 0.0
 0.29760142387248395
 0.0
 0.0
 0.0
 0.0
 0.0
 0.09515566774571224
 0.0
 0.0
 2.0
 0.0
 3.0
 0.0
 0.0
 0.0
 0.0
 0.0
 0.0
 0.0
 0.0
 0.0
 0.0
 0.0
 0.0
 0.0
 1.0624033273022093
 0.0
 0.0
 0.0
 0.0
 0.0
 0.0
 0.0
 0.0
 0.0
 0.0
 0.0
 0.0
 0.0
 1.7232410708827097
 0.06139859692228627
 2.0
 0.0
 0.0
 0.0
 0.0
 6.0
 0.0
 0.0
 0.0
 0.0
 0.702398576127516
 0.0
 0.0
 0.0
 0.0
 0.0
 0.0
 0.2649845773979853
 0.948289769860958
 0.0
 0.0
 0.0
 0.0
 0.0
 0.0
 0.0
 0.0
 0.0
 0.0
 0.0
 1.2376993422696017
 0.0
 0.0
 1.0781047234113779
 0.0
 0.0
 0.0
 0.0
 0.0
 0.0
 0.0
 0.0
 0.0
 0.0
 0.0
 0.0
 0.10760482085494026
 0.0
 0.0
 0.0
 0.0
 0.0
 0.0
 0.0
 4.801711236088227
 0.0
 0.0
x_il_opt: 1-dimensional DenseAxisArray{Float64,1,...} with index sets:
    Dimension 1, [(43, 15), (43, 14), (44, 15), (44, 13), (44, 3), (40, 14), (40, 2), (41, 14), (42, 6), (37, 13)  …  (4, 13), (5, 2), (5, 7), (5, 9), (6, 11), (1, 1), (1, 6), (1, 3), (2, 1), (2, 15)]
And data, a 71-element Vector{Float64}:
 0.0
 0.0
 0.0
 2.147002155723271
 4.896618036246811
 0.6834951042553925
 0.0
 0.0
 2.3990716322095134
 0.8529978442767291
 0.0
 3.0
 0.0
 0.0
 0.0
 0.0
 0.0
 0.0
 6.937596672697791
 0.0
 0.0
 0.26763818990182625
 3.0
 0.0
 3.0
 0.0
 1.0624033273022093
 0.0
 3.0
 0.0
 1.2153603321950042
 0.0
 0.0
 0.0
 0.0
 0.0
 0.0
 0.0
 0.6894840000592838
 0.6998090637407257
 0.0
 0.0
 3.0
 0.0
 0.0
 0.0
 0.0
 3.0
 0.0
 0.0
 0.0
 0.0
 0.0
 0.0
 2.2796497819795016
 0.0
 0.0
 0.0
 0.0
 0.0
 0.0
 0.0
 0.0
 0.0
 0.0
 0.0
 0.0
 2.600928367790487
 0.0
 0.0
 2.3001909362592743
x_lj_opt: 1-dimensional DenseAxisArray{Float64,1,...} with index sets:
    Dimension 1, [(15, 30), (15, 29), (15, 23), (15, 3), (14, 28), (14, 27), (14, 10), (14, 24), (13, 26), (13, 25)  …  (3, 6), (3, 5), (3, 29), (2, 4), (2, 3), (2, 1), (2, 5), (1, 2), (1, 1), (1, 14)]
And data, a 53-element Vector{Float64}:
 2.0
 0.0
 0.0
 1.0
 0.21611787155520404
 0.7350154226020148
 0.0
 0.0
 1.9048443322542878
 1.0
 0.09515566774571217
 1.2720136982869115
 1.0
 0.727986301713089
 1.468734404105533
 0.0
 0.0
 0.0
 0.7279863017130886
 0.803279294181378
 0.0
 0.0
 0.0
 0.0
 0.0
 0.0
 4.276758929117291
 3.723241070882709
 0.0
 0.0
 1.8923951791450597
 0.9386014030777138
 0.16900341777722663
 2.0
 6.0
 0.0
 2.0
 1.0
 0.0
 0.0
 1.051710230139042
 1.1986542057059133
 0.029285346134546256
 0.9375966726977903
 3.959021363549021
 0.0
 1.9707146538654539
 0.0
 1.0292853461345461
 0.0
 1.9048443322542878
 0.0
 0.0
q_opt: 1-dimensional DenseAxisArray{Float64,1,...} with index sets:
    Dimension 1, [(43, 15), (43, 14), (44, 15), (44, 13), (44, 3), (40, 14), (40, 2), (41, 14), (42, 6), (37, 13)  …  (4, 13), (5, 2), (5, 7), (5, 9), (6, 11), (1, 1), (1, 6), (1, 3), (2, 1), (2, 15)]
And data, a 71-element Vector{Float64}:
 0.0
 0.0
 0.0
 0.7156673852410904
 1.0
 0.7186112697916064
 0.0
 0.0
 0.29988395402618917
 0.2843326147589097
 0.0
 1.0
 0.0
 0.0
 0.0
 0.0
 0.0
 0.0
 0.8671995840872239
 0.0
 0.0
 0.28138873020839356
 1.0
 1.0
 0.375
 0.0
 0.13280041591277617
 0.0
 1.0
 1.0
 0.6380365637315287
 0.0
 0.0
 0.0
 0.0
 0.0
 0.0
 0.0
 0.36196343626847133
 0.23326968791357522
 0.0
 0.0
 1.0
 0.0
 0.0
 0.0
 0.0
 1.0
 0.0
 0.0
 0.0
 0.0
 0.0
 0.0
 1.0
 0.0
 0.0
 0.0
 0.0
 0.0
 0.0
 0.0
 0.0
 0.0
 0.0
 0.0
 0.0
 0.3251160459738109
 0.0
 0.0
 0.7667303120864248
