
PROBLEM STATISTICS
  Objective sense = Min
  # Variables = 572
  # Bin-Int Variables = 0
  # Constraints = 621
  # NL Constraints = 261
  # Linear Constraints = 360
  # Detected convex constraints = 0
  # Detected nonlinear terms = 261
  # Variables involved in nonlinear terms = 124
  # Potential variables for partitioning = 124
SUB-SOLVERS USED BY ALPINE
  NLP local solver = Knitro
  MIP solver = Gurobi
ALPINE CONFIGURATION
  Maximum iterations (lower-bounding MIPs) =  1
  Relative global optimality gap = 0.01%
  Potential variables chosen for partitioning = All
  Discretization ratio = 10
  Bound-tightening presolve = false
PRESOLVE 
  Doing local search

Feasible solution found during presolve: [0.12215318803002978, 0.8327331730512423, 0.0, 0.22762810848837062, 1.551768562086342, 0.0, 0.0, 0.0, 0.0, 0.0, 0.0, 0.0, 0.0, 0.0, 0.0, 0.0, 2.0, 0.0, 0.24229594477158087, 0.7577040552284193, 0.0, 0.0, 0.0, 0.0, 0.0, 0.0, 0.0, 0.0, 0.0, 3.0718738119936595, 1.615955863188828, 0.0, 0.0, 0.0, 0.0, 0.4401059468437666, 0.23151725256523858, 0.0, 0.0, 0.0, 0.0, 1.7303161859341545, 0.9102309394743532, 0.0, 0.0, 0.0, 0.0, 0.0, 0.0, 1.080252292200181, 0.7200778108586788, 0.0, 0.0, 0.0, 0.0, 0.0, 0.0, 0.0, 0.0, 1.9239295567693806, 1.0, 0.0, 0.0, 0.0, 0.0, 0.0, 0.0, 0.0, 0.0, 0.0, 0.0, 0.7499999999999994, 2.2500000000000004, 0.0, 0.13389616362745346, 0.4016884908823604, 0.0, 0.4809705010331749, 1.442911503099525, 0.0, 0.0, 0.0, 0.0, 0.0, 0.0, 0.0, 0.0, 0.0, 0.0, 0.0, 0.0, 0.0, 0.6351333353393719, 1.9054000060181155, 0.0, 0.0, 0.0, 0.0, 0.0, 0.0, 0.0, 1.5215649445111739, 0.9241522686319967, 0.5542827868568294, 0.0, 0.0, 0.0, 0.0, 0.0, 0.0, 0.0, 0.0, 0.0, 0.0, 0.0, 0.0, 0.0, 0.0, 2.1207980022817527, 2.879201997718247, 0.0, 0.0, 0.0, 1.2724788013690518, 1.7275211986309482, 0.0, 0.0, 0.0, 0.0, 0.0, 0.0, 0.0, 0.0, 0.0, 0.0, 0.0, 0.0, 0.0, 0.0, 0.0, 0.0, 0.0, 0.0, 0.0, 0.0, 0.0, 0.0, 0.02629276390719551, 0.0, 0.0, 0.0, 0.1168442974504827, 0.0, 0.7174119972448672, 0.3587059986224336, 0.0, 0.0, 1.2825880027551328, 0.6412940013775665, 0.0, 0.0, 0.0, 0.0, 0.0, 0.0, 0.0, 0.0, 0.0, 0.0, 0.0, 0.0, 0.0, 0.0, 1.6257475512117063, 0.0, 0.0, 0.0, 0.7778805992813939, 0.0, 0.0, 0.0, 0.0, 0.0, 0.0, 0.0, 0.0, 0.0, 0.0, 0.0, 0.0, 0.0, 0.0, 0.0, 0.0, 1.2221194007186063, 1.0, 0.7778805992813941, 0.0, 0.0, 0.0, 0.0, 0.0, 0.0, 0.0, 0.0, 0.0, 1.5235538278841585, 0.4508406713794001, 0.31093624256267915, 0.47644617211584167, 0.14098701875939454, 0.09723606729852628, 0.0, 0.0, 0.0, 0.0, 0.0, 0.0, 0.0, 0.0, 0.0, 0.0, 0.0, 0.0, 0.0, 0.5663692056325275, 0.9109016834127117, 0.0, 0.0, 0.0, 0.0, 0.0, 0.0, 0.0, 0.0, 0.0, 0.0, 0.0, 0.0, 0.0, 0.0, 0.0, 0.0, 0.0, 0.0, 0.0906025058186971, 0.0, 0.0, 0.04530125290934855, 0.5710078675004325, 0.0, 0.0, 0.28550393375021627, 0.0, 0.0, 0.0, 0.0, 1.3383896266808704, 0.0, 0.0, 0.6691948133404352, 0.0, 0.0, 0.13590375872804566, 2.285330741826238, 4.6878296751824875, 1.477270889045239, 0.0, 0.0, 3.0, 0.7146692581737625, 0.0, 3.0, 0.0, 0.0, 0.5355846545098139, 0.0, 0.0, 0.0, 5.0, 0.0, 0.0, 0.0, 3.0, 1.0761179958673006, 1.9238820041326996, 0.0, 3.0, 0.0, 2.4036281504931, 0.02629276390719551, 0.9548863610812721, 0.0, 0.0, 0.0, 0.0, 0.0, 0.0, 0.0, 1.7793966705747126, 0.8565118012506487, 0.0, 0.0, 2.923929556769379, 0.0, 0.0, 1.9238820041326994, 0.0, 3.0, 0.0, 0.0, 0.0, 0.0, 0.0, 0.0, 1.8003301030588599, 0.0, 0.0, 0.6716231994090053, 0.0, 0.0, 0.0, 0.0, 0.0, 0.0, 0.1168442974504827, 0.0, 0.0, 2.540533341357487, 2.640547125408508, 0.0, 2.0075844400213056, 2.0, 0.0, 0.0, 1.0, 0.5663692056325275, 0.9109016834127117, 0.0, 0.0, 2.0, 0.5918276901387947, 0.40817230986120545, 1.2221194007186063, 1.0, 0.7778805992813941, 1.6257475512117063, 0.0, 0.0, 0.0, 0.7778805992813939, 0.0, 0.0, 2.0, 1.0, 0.14313706135767823, 0.0, 0.0, 3.3932768036508043, 4.606723196349195, 0.0, 0.0, 1.5215649445111739, 0.9241522686319967, 0.5542827868568294, 2.0, 6.0, 0.0, 1.9239295567693842, 1.0, 0.0, 0.0, 1.080252292200181, 0.7200778108586788, 0.0, 0.0, 5.2422959447715805, 2.75770405522842, 2.0, 0.0, 0.24229594477158087, 0.7577040552284193, 0.3497812965184004, 2.3845017351375843, 0.0, 0.0, 0.3742524487882938, 1.6206914658712666, 0.0, 0.0, 0.0, 1.4336307943674724, 0.0, 0.0, 0.0, 0.0, 0.0, 0.0, 0.0, 0.0, 0.0, 0.0, 0.0, 0.6359084718253613, 0.0, 0.0, 0.0, 0.0, 0.0, 0.0, 0.08007891940406738, 0.0, 2.0, 0.0, 2.464415345490186, 0.0, 0.0, 0.0, 0.0, 0.0, 0.0, 0.0, 0.0, 0.0, 0.0, 0.0, 0.0, 1.2420463936203945, 0.3793085341287343, 0.0, 0.0, 0.0, 0.0, 0.0, 0.0, 0.0, 0.0, 0.0, 0.0, 0.0, 0.5963718495068998, 0.0, 1.942973143643529, 0.07584773136800328, 1.8568629386423219, 0.0, 0.0, 0.0, 0.0, 6.0, 0.0, 0.6637500527056668, 0.0, 0.0, 0.3640915281746388, 0.0, 0.0, 0.0, 0.0, 0.0, 0.0, 0.08909831658728826, 0.9197477077998191, 0.0, 0.0, 0.0, 0.0, 0.0, 0.0, 0.0, 0.0, 0.0, 0.07607044323061597, 0.0, 0.0, 0.0, 0.0, 0.0, 0.0, 0.0, 0.0, 0.0, 0.3280933904571379, 0.0, 0.0, 0.0, 0.0, 0.0, 0.0, 0.0, 0.4784350554888263, 0.0, 0.0, 0.0, 0.0, 0.0, 0.0, 0.0, 2.8189195332340056, 0.0, 0.0, 0.0, 0.0, 0.04530125290934855, 0.7617769139420792, 0.5859787093978108, 1.0, 0.0, 0.0, 0.375, 0.23822308605792084, 0.0, 1.0, 0.0, 0.0, 0.06694808181372673, 0.0, 0.0, 0.0, 0.625, 0.0, 0.0, 0.0, 1.0, 0.3587059986224336, 0.24048525051658745, 0.0, 0.375, 0.0, 1.0, 0.18368942495867013, 0.3492273294660346, 0.0, 0.0, 0.0, 0.0, 0.0, 0.0, 0.0, 0.6507726705339654, 0.28550393375021627, 0.0, 0.0, 1.0, 0.0, 0.0, 0.6412940013775664, 0.0, 1.0, 0.0, 0.0, 0.0, 0.0, 0.0, 0.0, 1.0, 0.0, 0.0, 0.08395289992612565, 0.0, 0.0, 0.0, 0.0, 0.0, 0.0, 0.8163105750413299, 0.0, 0.0, 0.3175666676696859, 0.3300683906760635, 0.0, 0.6691948133404352]  :with objective: -602.1751193539307

  Local solver returns a feasible point with value -602.1751
disc:  333  :[0.0, 1.8, 2.0]
disc:  334  :[0.0, 0.6, 6.0]
disc:  335  :[0.0, 0.1, 1.0]
disc:  336  :[0.0, 0.9, 1.0]
disc:  337  :[0.0, 0.36636920563252745, 0.7663692056325275, 2.0]
disc:  338  :[0.0, 0.8109016834127117, 1.0]
disc:  339  :[0.0, 0.2, 2.0]
disc:  340  :[0.0, 0.2, 2.0]
disc:  341  :[0.0, 1.8, 2.0]
disc:  342  :[0.0, 0.4918276901387947, 0.6918276901387946, 1.0]
disc:  343  :[0.0, 0.20817230986120544, 0.6081723098612055, 2.0]
disc:  344  :[0.0, 1.0221194007186063, 1.4221194007186062, 2.0]
disc:  345  :[0.0, 0.9, 1.0]
disc:  346  :[0.0, 0.4778805992813941, 1.077880599281394, 3.0]
disc:  347  :[0.0, 1.4257475512117064, 1.8257475512117063, 2.0]
disc:  348  :[0.0, 0.6, 6.0]
disc:  349  :[0.0, 0.2, 2.0]
disc:  350  :[0.0, 0.1, 1.0]
disc:  351  :[0.0, 0.5778805992813938, 0.9778805992813939, 2.0]
disc:  352  :[0.0, 0.6, 6.0]
disc:  353  :[0.0, 0.1, 1.0]
disc:  354  :[0.0, 1.8, 2.0]
disc:  355  :[0.0, 0.9, 1.0]
disc:  356  :[0.0, 0.34313706135767824, 2.0]
disc:  357  :[0.0, 0.1, 1.0]
disc:  358  :[0.0, 0.2, 2.0]
disc:  359  :[0.0, 2.793276803650804, 3.9932768036508044, 6.0]
disc:  360  :[0.0, 4.006723196349196, 5.206723196349195, 6.0]
disc:  361  :[0.0, 0.2, 2.0]
disc:  362  :[0.0, 0.1, 1.0]
disc:  363  :[0.0, 1.321564944511174, 1.7215649445111738, 2.0]
disc:  364  :[0.0, 0.8241522686319968, 1.0]
disc:  365  :[0.0, 0.2542827868568294, 0.8542827868568295, 3.0]
disc:  366  :[0.0, 1.8, 2.0]
disc:  367  :[0.0, 5.4, 6.0]
disc:  368  :[0.0, 0.2, 2.0]
disc:  369  :[0.0, 1.7239295567693842, 2.0]
disc:  370  :[0.0, 0.9, 1.0]
disc:  371  :[0.0, 0.2, 2.0]
disc:  372  :[0.0, 0.2, 2.0]
disc:  373  :[0.0, 0.880252292200181, 1.2802522922001809, 2.0]
disc:  374  :[0.0, 0.12007781085867886, 1.3200778108586788, 6.0]
disc:  375  :[0.0, 0.2, 2.0]
disc:  376  :[0.0, 0.2, 2.0]
disc:  377  :[0.0, 4.642295944771581, 5.84229594477158, 6.0]
disc:  378  :[0.0, 2.15770405522842, 3.35770405522842, 6.0]
disc:  379  :[0.0, 1.8, 2.0]
disc:  380  :[0.0, 0.1, 1.0]
disc:  381  :[0.0, 0.5422959447715808, 3.0]
disc:  382  :[0.0, 0.45770405522841934, 1.0577040552284194, 3.0]
disc:  383  :[0.0, 0.1497812965184004, 0.5497812965184004, 2.0]
disc:  384  :[0.0, 1.7845017351375843, 2.9845017351375844, 6.0]
disc:  385  :[0.0, 0.2, 2.0]
disc:  502  :[0.0, 0.1, 1.0]
disc:  503  :[0.0, 0.1, 1.0]
disc:  504  :[0.0, 0.14530125290934856, 1.0]
disc:  505  :[0.0, 0.6617769139420793, 0.8617769139420792, 1.0]
disc:  506  :[0.0, 0.48597870939781085, 0.6859787093978108, 1.0]
disc:  507  :[0.0, 0.9, 1.0]
disc:  508  :[0.0, 0.1, 1.0]
disc:  509  :[0.0, 0.1, 1.0]
disc:  510  :[0.0, 0.275, 0.475, 1.0]
disc:  511  :[0.0, 0.13822308605792083, 0.33822308605792084, 1.0]
disc:  512  :[0.0, 0.1, 1.0]
disc:  513  :[0.0, 0.9, 1.0]
disc:  514  :[0.0, 0.1, 1.0]
disc:  515  :[0.0, 0.1, 1.0]
disc:  516  :[0.0, 0.16694808181372672, 1.0]
disc:  517  :[0.0, 0.1, 1.0]
disc:  518  :[0.0, 0.1, 1.0]
disc:  519  :[0.0, 0.1, 1.0]
disc:  520  :[0.0, 0.525, 0.725, 1.0]
disc:  521  :[0.0, 0.1, 1.0]
disc:  522  :[0.0, 0.1, 1.0]
disc:  523  :[0.0, 0.1, 1.0]
disc:  524  :[0.0, 0.9, 1.0]
disc:  525  :[0.0, 0.2587059986224336, 0.45870599862243355, 1.0]
disc:  526  :[0.0, 0.14048525051658745, 0.34048525051658746, 1.0]
disc:  527  :[0.0, 0.1, 1.0]
disc:  528  :[0.0, 0.275, 0.475, 1.0]
disc:  529  :[0.0, 0.1, 1.0]
disc:  530  :[0.0, 0.9, 1.0]
disc:  531  :[0.0, 0.08368942495867013, 0.2836894249586701, 1.0]
disc:  532  :[0.0, 0.24922732946603457, 0.4492273294660346, 1.0]
disc:  533  :[0.0, 0.1, 1.0]
disc:  534  :[0.0, 0.1, 1.0]
disc:  535  :[0.0, 0.1, 1.0]
disc:  536  :[0.0, 0.1, 1.0]
disc:  537  :[0.0, 0.1, 1.0]
disc:  538  :[0.0, 0.1, 1.0]
disc:  539  :[0.0, 0.1, 1.0]
disc:  540  :[0.0, 0.5507726705339654, 0.7507726705339653, 1.0]
disc:  541  :[0.0, 0.18550393375021626, 0.3855039337502163, 1.0]
disc:  542  :[0.0, 0.1, 1.0]
disc:  543  :[0.0, 0.1, 1.0]
disc:  544  :[0.0, 0.9, 1.0]
disc:  545  :[0.0, 0.1, 1.0]
disc:  546  :[0.0, 0.1, 1.0]
disc:  547  :[0.0, 0.5412940013775664, 0.7412940013775664, 1.0]
disc:  548  :[0.0, 0.1, 1.0]
disc:  549  :[0.0, 0.9, 1.0]
disc:  550  :[0.0, 0.1, 1.0]
disc:  551  :[0.0, 0.1, 1.0]
disc:  552  :[0.0, 0.1, 1.0]
disc:  553  :[0.0, 0.1, 1.0]
disc:  554  :[0.0, 0.1, 1.0]
disc:  555  :[0.0, 0.1, 1.0]
disc:  556  :[0.0, 0.9, 1.0]
disc:  557  :[0.0, 0.1, 1.0]
disc:  558  :[0.0, 0.1, 1.0]
disc:  559  :[0.0, 0.18395289992612565, 1.0]
disc:  560  :[0.0, 0.1, 1.0]
disc:  561  :[0.0, 0.1, 1.0]
disc:  562  :[0.0, 0.1, 1.0]
disc:  563  :[0.0, 0.1, 1.0]
disc:  564  :[0.0, 0.1, 1.0]
disc:  565  :[0.0, 0.1, 1.0]
disc:  566  :[0.0, 0.7163105750413299, 0.9163105750413298, 1.0]
disc:  567  :[0.0, 0.1, 1.0]
disc:  568  :[0.0, 0.1, 1.0]
disc:  569  :[0.0, 0.21756666766968588, 0.41756666766968586, 1.0]
disc:  570  :[0.0, 0.23006839067606347, 0.4300683906760635, 1.0]
disc:  571  :[0.0, 0.1, 1.0]
disc:  572  :[0.0, 0.5691948133404352, 0.7691948133404352, 1.0]
  Completed presolve in 46.48s
LOWER-BOUNDING ITERATIONS
====================================================================================================
| Iter   | Incumbent       | Best Incumbent      | Lower Bound        | Gap (%)         | Time      
| finish | -602.1751       | -602.1751           | -628.9062          | 4.439           | 67.21s           
Final UBD: -602.1751193539307
Final LBD: -628.90620828719
====================================================================================================

*** Alpine ended with status OTHER_LIMIT ***

 Total time for local solves: 44.19s

 Total time for solving max-min problems: 0.0s

 Total time excluding max-min time: 67.21s

presolve objective value: -602.1751193539307
w_opt: 1-dimensional DenseAxisArray{Float64,1,...} with index sets:
    Dimension 1, [(25, 1, 2), (25, 1, 1), (25, 1, 14), (20, 1, 2), (20, 1, 1), (20, 1, 14), (1, 1, 2), (1, 1, 1), (1, 1, 14), (2, 1, 2)  …  (20, 15, 23), (20, 15, 3), (8, 15, 30), (8, 15, 29), (8, 15, 23), (8, 15, 3), (2, 15, 30), (2, 15, 29), (2, 15, 23), (2, 15, 3)]
And data, a 261-element Vector{Float64}:
 0.12215318803002978
 0.8327331730512423
 0.0
 0.22762810848837062
 1.551768562086342
 0.0
 0.0
 0.0
 0.0
 0.0
 0.0
 0.0
 0.0
 0.0
 0.0
 0.0
 2.0
 0.0
 0.24229594477158087
 0.7577040552284193
 0.0
 0.0
 0.0
 0.0
 0.0
 0.0
 0.0
 0.0
 0.0
 3.0718738119936595
 1.615955863188828
 0.0
 0.0
 0.0
 0.0
 0.4401059468437666
 0.23151725256523858
 0.0
 0.0
 0.0
 0.0
 1.7303161859341545
 0.9102309394743532
 0.0
 0.0
 0.0
 0.0
 0.0
 0.0
 1.080252292200181
 0.7200778108586788
 0.0
 0.0
 0.0
 0.0
 0.0
 0.0
 0.0
 0.0
 1.9239295567693806
 1.0
 0.0
 0.0
 0.0
 0.0
 0.0
 0.0
 0.0
 0.0
 0.0
 0.0
 0.7499999999999994
 2.2500000000000004
 0.0
 0.13389616362745346
 0.4016884908823604
 0.0
 0.4809705010331749
 1.442911503099525
 0.0
 0.0
 0.0
 0.0
 0.0
 0.0
 0.0
 0.0
 0.0
 0.0
 0.0
 0.0
 0.0
 0.6351333353393719
 1.9054000060181155
 0.0
 0.0
 0.0
 0.0
 0.0
 0.0
 0.0
 1.5215649445111739
 0.9241522686319967
 0.5542827868568294
 0.0
 0.0
 0.0
 0.0
 0.0
 0.0
 0.0
 0.0
 0.0
 0.0
 0.0
 0.0
 0.0
 0.0
 2.1207980022817527
 2.879201997718247
 0.0
 0.0
 0.0
 1.2724788013690518
 1.7275211986309482
 0.0
 0.0
 0.0
 0.0
 0.0
 0.0
 0.0
 0.0
 0.0
 0.0
 0.0
 0.0
 0.0
 0.0
 0.0
 0.0
 0.0
 0.0
 0.0
 0.0
 0.0
 0.0
 0.02629276390719551
 0.0
 0.0
 0.0
 0.1168442974504827
 0.0
 0.7174119972448672
 0.3587059986224336
 0.0
 0.0
 1.2825880027551328
 0.6412940013775665
 0.0
 0.0
 0.0
 0.0
 0.0
 0.0
 0.0
 0.0
 0.0
 0.0
 0.0
 0.0
 0.0
 0.0
 1.6257475512117063
 0.0
 0.0
 0.0
 0.7778805992813939
 0.0
 0.0
 0.0
 0.0
 0.0
 0.0
 0.0
 0.0
 0.0
 0.0
 0.0
 0.0
 0.0
 0.0
 0.0
 0.0
 1.2221194007186063
 1.0
 0.7778805992813941
 0.0
 0.0
 0.0
 0.0
 0.0
 0.0
 0.0
 0.0
 0.0
 1.5235538278841585
 0.4508406713794001
 0.31093624256267915
 0.47644617211584167
 0.14098701875939454
 0.09723606729852628
 0.0
 0.0
 0.0
 0.0
 0.0
 0.0
 0.0
 0.0
 0.0
 0.0
 0.0
 0.0
 0.0
 0.5663692056325275
 0.9109016834127117
 0.0
 0.0
 0.0
 0.0
 0.0
 0.0
 0.0
 0.0
 0.0
 0.0
 0.0
 0.0
 0.0
 0.0
 0.0
 0.0
 0.0
 0.0
 0.0906025058186971
 0.0
 0.0
 0.04530125290934855
 0.5710078675004325
 0.0
 0.0
 0.28550393375021627
 0.0
 0.0
 0.0
 0.0
 1.3383896266808704
 0.0
 0.0
 0.6691948133404352
x_ij_opt: 1-dimensional DenseAxisArray{Float64,1,...} with index sets:
    Dimension 1, [(43, 30), (43, 22), (43, 6), (44, 22), (45, 30), (45, 29), (45, 28), (45, 24), (45, 23), (40, 29)  …  (5, 7), (5, 14), (6, 4), (6, 3), (1, 14), (1, 10), (1, 23), (1, 1), (3, 2), (3, 1)]
And data, a 116-element Vector{Float64}:
 0.0
 0.3742524487882938
 1.6206914658712666
 0.0
 0.0
 0.0
 1.4336307943674724
 0.0
 0.0
 0.0
 0.0
 0.0
 0.0
 0.0
 0.0
 0.0
 0.0
 0.0
 0.6359084718253613
 0.0
 0.0
 0.0
 0.0
 0.0
 0.0
 0.08007891940406738
 0.0
 2.0
 0.0
 2.464415345490186
 0.0
 0.0
 0.0
 0.0
 0.0
 0.0
 0.0
 0.0
 0.0
 0.0
 0.0
 0.0
 1.2420463936203945
 0.3793085341287343
 0.0
 0.0
 0.0
 0.0
 0.0
 0.0
 0.0
 0.0
 0.0
 0.0
 0.0
 0.5963718495068998
 0.0
 1.942973143643529
 0.07584773136800328
 1.8568629386423219
 0.0
 0.0
 0.0
 0.0
 6.0
 0.0
 0.6637500527056668
 0.0
 0.0
 0.3640915281746388
 0.0
 0.0
 0.0
 0.0
 0.0
 0.0
 0.08909831658728826
 0.9197477077998191
 0.0
 0.0
 0.0
 0.0
 0.0
 0.0
 0.0
 0.0
 0.0
 0.07607044323061597
 0.0
 0.0
 0.0
 0.0
 0.0
 0.0
 0.0
 0.0
 0.0
 0.3280933904571379
 0.0
 0.0
 0.0
 0.0
 0.0
 0.0
 0.0
 0.4784350554888263
 0.0
 0.0
 0.0
 0.0
 0.0
 0.0
 0.0
 2.8189195332340056
 0.0
 0.0
x_il_opt: 1-dimensional DenseAxisArray{Float64,1,...} with index sets:
    Dimension 1, [(43, 15), (43, 14), (44, 15), (44, 13), (44, 3), (40, 14), (40, 2), (41, 14), (42, 6), (37, 13)  …  (4, 13), (5, 2), (5, 7), (5, 9), (6, 11), (1, 1), (1, 6), (1, 3), (2, 1), (2, 15)]
And data, a 71-element Vector{Float64}:
 0.0
 0.0
 0.13590375872804566
 2.285330741826238
 4.6878296751824875
 1.477270889045239
 0.0
 0.0
 3.0
 0.7146692581737625
 0.0
 3.0
 0.0
 0.0
 0.5355846545098139
 0.0
 0.0
 0.0
 5.0
 0.0
 0.0
 0.0
 3.0
 1.0761179958673006
 1.9238820041326996
 0.0
 3.0
 0.0
 2.4036281504931
 0.02629276390719551
 0.9548863610812721
 0.0
 0.0
 0.0
 0.0
 0.0
 0.0
 0.0
 1.7793966705747126
 0.8565118012506487
 0.0
 0.0
 2.923929556769379
 0.0
 0.0
 1.9238820041326994
 0.0
 3.0
 0.0
 0.0
 0.0
 0.0
 0.0
 0.0
 1.8003301030588599
 0.0
 0.0
 0.6716231994090053
 0.0
 0.0
 0.0
 0.0
 0.0
 0.0
 0.1168442974504827
 0.0
 0.0
 2.540533341357487
 2.640547125408508
 0.0
 2.0075844400213056
x_lj_opt: 1-dimensional DenseAxisArray{Float64,1,...} with index sets:
    Dimension 1, [(15, 30), (15, 29), (15, 23), (15, 3), (14, 28), (14, 27), (14, 10), (14, 24), (13, 26), (13, 25)  …  (3, 6), (3, 5), (3, 29), (2, 4), (2, 3), (2, 1), (2, 5), (1, 2), (1, 1), (1, 14)]
And data, a 53-element Vector{Float64}:
 2.0
 0.0
 0.0
 1.0
 0.5663692056325275
 0.9109016834127117
 0.0
 0.0
 2.0
 0.5918276901387947
 0.40817230986120545
 1.2221194007186063
 1.0
 0.7778805992813941
 1.6257475512117063
 0.0
 0.0
 0.0
 0.7778805992813939
 0.0
 0.0
 2.0
 1.0
 0.14313706135767823
 0.0
 0.0
 3.3932768036508043
 4.606723196349195
 0.0
 0.0
 1.5215649445111739
 0.9241522686319967
 0.5542827868568294
 2.0
 6.0
 0.0
 1.9239295567693842
 1.0
 0.0
 0.0
 1.080252292200181
 0.7200778108586788
 0.0
 0.0
 5.2422959447715805
 2.75770405522842
 2.0
 0.0
 0.24229594477158087
 0.7577040552284193
 0.3497812965184004
 2.3845017351375843
 0.0
q_opt: 1-dimensional DenseAxisArray{Float64,1,...} with index sets:
    Dimension 1, [(43, 15), (43, 14), (44, 15), (44, 13), (44, 3), (40, 14), (40, 2), (41, 14), (42, 6), (37, 13)  …  (4, 13), (5, 2), (5, 7), (5, 9), (6, 11), (1, 1), (1, 6), (1, 3), (2, 1), (2, 15)]
And data, a 71-element Vector{Float64}:
 0.0
 0.0
 0.04530125290934855
 0.7617769139420792
 0.5859787093978108
 1.0
 0.0
 0.0
 0.375
 0.23822308605792084
 0.0
 1.0
 0.0
 0.0
 0.06694808181372673
 0.0
 0.0
 0.0
 0.625
 0.0
 0.0
 0.0
 1.0
 0.3587059986224336
 0.24048525051658745
 0.0
 0.375
 0.0
 1.0
 0.18368942495867013
 0.3492273294660346
 0.0
 0.0
 0.0
 0.0
 0.0
 0.0
 0.0
 0.6507726705339654
 0.28550393375021627
 0.0
 0.0
 1.0
 0.0
 0.0
 0.6412940013775664
 0.0
 1.0
 0.0
 0.0
 0.0
 0.0
 0.0
 0.0
 1.0
 0.0
 0.0
 0.08395289992612565
 0.0
 0.0
 0.0
 0.0
 0.0
 0.0
 0.8163105750413299
 0.0
 0.0
 0.3175666676696859
 0.3300683906760635
 0.0
 0.6691948133404352
