
PROBLEM STATISTICS
  Objective sense = Min
  # Variables = 572
  # Bin-Int Variables = 0
  # Constraints = 621
  # NL Constraints = 261
  # Linear Constraints = 360
  # Detected convex constraints = 0
  # Detected nonlinear terms = 261
  # Variables involved in nonlinear terms = 124
  # Potential variables for partitioning = 124
SUB-SOLVERS USED BY ALPINE
  NLP local solver = Knitro
  MIP solver = Gurobi
ALPINE CONFIGURATION
  Maximum iterations (lower-bounding MIPs) =  1
  Relative global optimality gap = 0.01%
  Potential variables chosen for partitioning = All
  Discretization ratio = 10
  Bound-tightening presolve = false
PRESOLVE 
  Doing local search

Feasible solution found during presolve: [1.4842667179931095, 0.37255529289895145, 0.0, 0.5157332820068904, 0.12945056411128564, 0.0, 0.0, 0.0, 0.0, 0.0, 0.0, 0.0, 0.0, 0.0, 0.0, 0.0, 0.0, 0.0, 0.0, 3.0, 0.0, 0.0, 0.0, 0.0, 0.0, 0.0, 0.0, 0.0, 0.0, 0.0, 0.0, 0.0, 0.0, 0.0, 0.0, 0.0, 0.0, 0.0, 0.0, 0.0, 0.0, 0.0, 0.0, 0.0, 0.0, 0.0, 0.0, 0.0, 0.0, 1.247123149730994, 0.9999999999999989, 0.28945368879095024, 0.0, 0.0, 0.0, 0.0, 0.0, 0.0, 0.0, 2.0, 1.0, 0.0, 0.0, 0.0, 0.0, 0.0, 0.0, 0.0, 0.0, 0.0, 0.0, 0.0, 0.0, 0.0, 0.4098937850162129, 1.2296813550486387, 0.0, 0.47199115058389385, 1.4159734517516815, 0.0, 0.0, 0.0, 0.0, 0.0, 0.0, 0.0, 0.0, 0.0, 0.0, 0.0, 0.0, 0.0, 1.1181150643998932, 3.3543451931996797, 0.0, 0.0, 0.0, 0.0, 0.0, 0.0, 0.0, 0.6660480419015886, 0.5751551242450411, 0.8584166454313503, 0.28562145306428843, 0.2466438334616597, 0.3681149018960723, 0.0, 0.0, 0.0, 0.0, 0.0, 0.0, 0.0, 0.0, 0.0, 0.0, 0.0, 5.062407711867139, 1.687469237289047, 0.0, 0.0, 0.0, 0.9375922881328608, 0.312530762710954, 0.0, 0.0, 0.0, 0.0, 0.0, 0.0, 0.0, 0.0, 0.0, 0.0, 0.0, 0.0, 0.0, 0.0, 0.0, 0.0, 0.0, 0.0, 0.0, 0.0, 0.0, 0.0, 0.7188316759257378, 0.24614527088890178, 0.0, 0.0, 0.0, 0.0, 0.741356931776283, 0.3706784658881415, 0.0, 0.0, 1.258643068223717, 0.6293215341118585, 0.0, 0.0, 0.0, 0.0, 0.0, 0.0, 0.0, 0.0, 0.0, 0.0, 0.0, 0.0, 0.0, 0.0, 0.0, 0.0, 0.0, 0.0, 0.0, 0.0, 0.0, 0.0, 0.0, 0.0, 0.0, 0.0, 0.0, 0.0, 0.0, 0.0, 0.0, 0.0, 0.0, 0.0, 0.0, 1.4561844129533623, 1.0, 0.5438155870466375, 0.0, 0.0, 0.0, 0.0, 0.0, 0.0, 0.0, 0.0, 0.0, 1.3490872166879888, 0.6745436083439944, 0.0, 0.6509127833120111, 0.32545639165600554, 0.0, 0.0, 0.0, 0.0, 0.0, 0.0, 0.0, 0.0, 0.0, 0.0, 0.0, 0.0, 0.0, 0.0, 0.24582563332821142, 0.674866230547723, 0.0, 0.0, 0.0, 0.0, 0.0, 0.0, 0.0, 0.0, 0.0, 0.0, 0.0, 0.0, 0.0, 0.0, 0.0, 0.0, 0.0, 0.0, 0.0, 0.0, 0.0, 0.0, 0.0, 0.0, 0.0, 0.0, 0.0, 0.0, 0.0, 0.0, 2.0, 0.0, 0.0, 1.0, 0.0, 0.0, 0.0, 2.023630825031983, 0.0, 0.9206918638759344, 0.0, 0.0, 0.0, 0.9763691749680166, 0.0, 3.0, 0.0, 0.0, 1.6395751400648515, 0.0, 0.0, 0.0, 6.749876949156185, 0.0, 0.0, 0.0, 3.0, 1.1120353976644246, 1.8879646023355754, 0.0, 1.2501230508438144, 0.0, 0.0, 0.9649769468146396, 1.856822010892061, 0.0, 0.0, 0.0, 0.0, 0.0, 0.0, 0.0, 0.645183846118176, 0.0, 0.0, 0.0, 3.0, 0.0, 0.0, 1.8879646023355756, 0.0, 2.0996198115779796, 0.0, 0.0, 0.0, 0.0, 0.0, 0.0, 2.5365768385219436, 0.0, 0.0, 0.0, 0.0, 0.0, 0.0, 0.0, 0.0, 0.9003801884220204, 0.0, 0.0, 0.0, 4.472460257599573, 0.0, 0.0, 3.0, 2.0, 0.0, 0.0, 1.0, 0.24582563332821142, 0.674866230547723, 0.0, 0.0, 2.0, 1.0, 0.0, 1.4561844129533623, 1.0, 0.5438155870466375, 0.0, 0.0, 0.0, 0.0, 0.0, 0.0, 0.0, 2.0, 1.0, 0.7188316759257378, 0.24614527088890178, 0.0, 6.0, 2.000000000000001, 0.0, 0.0, 0.951669494965877, 0.8217989577067008, 1.2265315473274228, 2.0, 6.0, 0.0, 2.0, 1.0, 0.0, 0.0, 1.247123149730994, 0.9999999999999989, 0.28945368879095024, 0.0, 0.0, 0.0, 0.0, 0.0, 0.0, 3.0, 2.0, 0.502005857010237, 0.0, 0.0, 1.8781778231605453, 1.5525054820203659, 0.0, 0.0, 0.0, 1.7541743666717886, 0.0, 0.0, 1.6968583087941915, 0.0, 0.0, 0.0, 0.0, 0.0, 0.0, 0.0, 0.0, 0.0, 0.0, 0.9237038846950372, 0.0, 0.0, 0.0, 0.0, 0.0, 0.0, 2.0, 0.0, 1.3604248599351485, 0.0, 0.0, 0.0, 0.0, 0.0, 0.0, 0.0, 0.0, 0.0, 0.0, 0.0, 0.0, 0.0, 0.44749451797963424, 0.0, 0.0, 0.12182217683945465, 0.0, 0.0, 0.0, 0.0, 0.0, 0.0, 0.0, 0.0, 3.0, 0.0, 0.0, 0.17820104229329936, 1.2811683240742622, 0.0, 0.0, 0.0, 0.5438155870466377, 6.0, 0.0, 0.0, 0.0, 0.0, 0.7538547291110982, 0.0, 0.0, 0.0, 0.0, 0.0, 0.0, 0.32513376945227707, 0.752876850269006, 0.0, 0.0, 0.0, 0.0, 0.0, 0.0, 0.0, 0.0, 0.0, 0.0, 0.0, 0.5955885141812949, 0.0, 0.0, 0.0, 0.0, 0.0, 0.0, 0.0, 0.0, 0.0, 0.0, 0.0, 0.0, 0.0, 0.0, 0.0, 0.8685494736009984, 0.0, 0.0, 1.7105463112090495, 0.0, 0.17978103143312466, 0.0, 0.0, 3.347758710967303, 0.0, 0.0, 0.0, 0.0, 0.0, 0.6745436083439944, 0.0, 1.0, 0.0, 0.0, 0.0, 0.32545639165600554, 0.0, 1.0, 0.0, 0.0, 0.20494689250810644, 0.0, 0.0, 0.0, 0.8437346186445231, 1.0, 0.0, 0.0, 1.0, 0.3706784658881415, 0.23599557529194692, 0.0, 0.1562653813554768, 0.0, 0.0, 1.0, 0.7421333589965547, 0.0, 0.0, 0.0, 0.0, 0.0, 0.0, 0.0, 0.2578666410034452, 0.0, 0.0, 0.0, 1.0, 0.0, 0.0, 0.6293215341118585, 0.0, 0.6998732705259932, 0.0, 0.0, 0.0, 0.0, 0.0, 1.0, 1.0, 0.0, 0.0, 0.0, 0.0, 0.0, 0.0, 0.0, 0.0, 0.30012672947400676, 0.0, 0.0, 0.0, 0.5590575321999466, 0.0, 0.0, 1.0]  :with objective: -573.7029548628581

  Local solver returns a feasible point with value -573.703
disc:  333  :[0.0, 1.8, 2.0]
disc:  334  :[0.0, 0.6, 6.0]
disc:  335  :[0.0, 0.1, 1.0]
disc:  336  :[0.0, 0.9, 1.0]
disc:  337  :[0.0, 0.04582563332821141, 0.44582563332821146, 2.0]
disc:  338  :[0.0, 0.574866230547723, 0.774866230547723, 1.0]
disc:  339  :[0.0, 0.2, 2.0]
disc:  340  :[0.0, 0.2, 2.0]
disc:  341  :[0.0, 1.8, 2.0]
disc:  342  :[0.0, 0.9, 1.0]
disc:  343  :[0.0, 0.2, 2.0]
disc:  344  :[0.0, 1.2561844129533624, 1.6561844129533623, 2.0]
disc:  345  :[0.0, 0.9, 1.0]
disc:  346  :[0.0, 0.24381558704663747, 0.8438155870466375, 3.0]
disc:  347  :[0.0, 0.2, 2.0]
disc:  348  :[0.0, 0.6, 6.0]
disc:  349  :[0.0, 0.2, 2.0]
disc:  350  :[0.0, 0.1, 1.0]
disc:  351  :[0.0, 0.2, 2.0]
disc:  352  :[0.0, 0.6, 6.0]
disc:  353  :[0.0, 0.1, 1.0]
disc:  354  :[0.0, 1.8, 2.0]
disc:  355  :[0.0, 0.9, 1.0]
disc:  356  :[0.0, 0.5188316759257379, 0.9188316759257378, 2.0]
disc:  357  :[0.0, 0.14614527088890178, 0.3461452708889018, 1.0]
disc:  358  :[0.0, 0.2, 2.0]
disc:  359  :[0.0, 5.4, 6.0]
disc:  360  :[0.0, 1.4000000000000008, 2.600000000000001, 6.0]
disc:  361  :[0.0, 0.2, 2.0]
disc:  362  :[0.0, 0.1, 1.0]
disc:  363  :[0.0, 0.7516694949658771, 1.151669494965877, 2.0]
disc:  364  :[0.0, 0.7217989577067008, 0.9217989577067007, 1.0]
disc:  365  :[0.0, 0.9265315473274227, 1.5265315473274228, 3.0]
disc:  366  :[0.0, 1.8, 2.0]
disc:  367  :[0.0, 5.4, 6.0]
disc:  368  :[0.0, 0.2, 2.0]
disc:  369  :[0.0, 1.8, 2.0]
disc:  370  :[0.0, 0.9, 1.0]
disc:  371  :[0.0, 0.2, 2.0]
disc:  372  :[0.0, 0.2, 2.0]
disc:  373  :[0.0, 1.047123149730994, 1.447123149730994, 2.0]
disc:  374  :[0.0, 0.3999999999999989, 1.5999999999999988, 6.0]
disc:  375  :[0.0, 0.08945368879095023, 0.48945368879095025, 2.0]
disc:  376  :[0.0, 0.2, 2.0]
disc:  377  :[0.0, 0.6, 6.0]
disc:  378  :[0.0, 0.6, 6.0]
disc:  379  :[0.0, 0.2, 2.0]
disc:  380  :[0.0, 0.1, 1.0]
disc:  381  :[0.0, 0.3, 3.0]
disc:  382  :[0.0, 2.7, 3.0]
disc:  383  :[0.0, 1.8, 2.0]
disc:  384  :[0.0, 1.1020058570102371, 6.0]
disc:  385  :[0.0, 0.2, 2.0]
disc:  502  :[0.0, 0.1, 1.0]
disc:  503  :[0.0, 0.1, 1.0]
disc:  504  :[0.0, 0.1, 1.0]
disc:  505  :[0.0, 0.5745436083439944, 0.7745436083439944, 1.0]
disc:  506  :[0.0, 0.1, 1.0]
disc:  507  :[0.0, 0.9, 1.0]
disc:  508  :[0.0, 0.1, 1.0]
disc:  509  :[0.0, 0.1, 1.0]
disc:  510  :[0.0, 0.1, 1.0]
disc:  511  :[0.0, 0.22545639165600553, 0.4254563916560056, 1.0]
disc:  512  :[0.0, 0.1, 1.0]
disc:  513  :[0.0, 0.9, 1.0]
disc:  514  :[0.0, 0.1, 1.0]
disc:  515  :[0.0, 0.1, 1.0]
disc:  516  :[0.0, 0.10494689250810643, 0.30494689250810647, 1.0]
disc:  517  :[0.0, 0.1, 1.0]
disc:  518  :[0.0, 0.1, 1.0]
disc:  519  :[0.0, 0.1, 1.0]
disc:  520  :[0.0, 0.7437346186445232, 0.9437346186445231, 1.0]
disc:  521  :[0.0, 0.9, 1.0]
disc:  522  :[0.0, 0.1, 1.0]
disc:  523  :[0.0, 0.1, 1.0]
disc:  524  :[0.0, 0.9, 1.0]
disc:  525  :[0.0, 0.2706784658881415, 0.47067846588814155, 1.0]
disc:  526  :[0.0, 0.13599557529194692, 0.3359955752919469, 1.0]
disc:  527  :[0.0, 0.1, 1.0]
disc:  528  :[0.0, 0.05626538135547679, 0.25626538135547683, 1.0]
disc:  529  :[0.0, 0.1, 1.0]
disc:  530  :[0.0, 0.1, 1.0]
disc:  531  :[0.0, 0.9, 1.0]
disc:  532  :[0.0, 0.6421333589965548, 0.8421333589965547, 1.0]
disc:  533  :[0.0, 0.1, 1.0]
disc:  534  :[0.0, 0.1, 1.0]
disc:  535  :[0.0, 0.1, 1.0]
disc:  536  :[0.0, 0.1, 1.0]
disc:  537  :[0.0, 0.1, 1.0]
disc:  538  :[0.0, 0.1, 1.0]
disc:  539  :[0.0, 0.1, 1.0]
disc:  540  :[0.0, 0.1578666410034452, 0.35786664100344523, 1.0]
disc:  541  :[0.0, 0.1, 1.0]
disc:  542  :[0.0, 0.1, 1.0]
disc:  543  :[0.0, 0.1, 1.0]
disc:  544  :[0.0, 0.9, 1.0]
disc:  545  :[0.0, 0.1, 1.0]
disc:  546  :[0.0, 0.1, 1.0]
disc:  547  :[0.0, 0.5293215341118586, 0.7293215341118585, 1.0]
disc:  548  :[0.0, 0.1, 1.0]
disc:  549  :[0.0, 0.5998732705259933, 0.7998732705259932, 1.0]
disc:  550  :[0.0, 0.1, 1.0]
disc:  551  :[0.0, 0.1, 1.0]
disc:  552  :[0.0, 0.1, 1.0]
disc:  553  :[0.0, 0.1, 1.0]
disc:  554  :[0.0, 0.1, 1.0]
disc:  555  :[0.0, 0.9, 1.0]
disc:  556  :[0.0, 0.9, 1.0]
disc:  557  :[0.0, 0.1, 1.0]
disc:  558  :[0.0, 0.1, 1.0]
disc:  559  :[0.0, 0.1, 1.0]
disc:  560  :[0.0, 0.1, 1.0]
disc:  561  :[0.0, 0.1, 1.0]
disc:  562  :[0.0, 0.1, 1.0]
disc:  563  :[0.0, 0.1, 1.0]
disc:  564  :[0.0, 0.1, 1.0]
disc:  565  :[0.0, 0.20012672947400675, 0.40012672947400674, 1.0]
disc:  566  :[0.0, 0.1, 1.0]
disc:  567  :[0.0, 0.1, 1.0]
disc:  568  :[0.0, 0.1, 1.0]
disc:  569  :[0.0, 0.4590575321999466, 0.6590575321999466, 1.0]
disc:  570  :[0.0, 0.1, 1.0]
disc:  571  :[0.0, 0.1, 1.0]
disc:  572  :[0.0, 0.9, 1.0]
  Completed presolve in 7.96s
LOWER-BOUNDING ITERATIONS
====================================================================================================
| Iter   | Incumbent       | Best Incumbent      | Lower Bound        | Gap (%)         | Time      
| finish | -573.703        | -573.703            | -634.3217          | 10.566          | 17.16s           
Final UBD: -573.7029548628581
Final LBD: -634.3217095639194
====================================================================================================

*** Alpine ended with status OTHER_LIMIT ***

 Total time for local solves: 5.58s

 Total time for solving max-min problems: 0.0s

 Total time excluding max-min time: 17.16s

presolve objective value: -573.7029548628581
w_opt: 1-dimensional DenseAxisArray{Float64,1,...} with index sets:
    Dimension 1, [(25, 1, 2), (25, 1, 1), (25, 1, 14), (20, 1, 2), (20, 1, 1), (20, 1, 14), (1, 1, 2), (1, 1, 1), (1, 1, 14), (2, 1, 2)  …  (20, 15, 23), (20, 15, 3), (8, 15, 30), (8, 15, 29), (8, 15, 23), (8, 15, 3), (2, 15, 30), (2, 15, 29), (2, 15, 23), (2, 15, 3)]
And data, a 261-element Vector{Float64}:
 1.4842667179931095
 0.37255529289895145
 0.0
 0.5157332820068904
 0.12945056411128564
 0.0
 0.0
 0.0
 0.0
 0.0
 0.0
 0.0
 0.0
 0.0
 0.0
 0.0
 0.0
 0.0
 0.0
 3.0
 0.0
 0.0
 0.0
 0.0
 0.0
 0.0
 0.0
 0.0
 0.0
 0.0
 0.0
 0.0
 0.0
 0.0
 0.0
 0.0
 0.0
 0.0
 0.0
 0.0
 0.0
 0.0
 0.0
 0.0
 0.0
 0.0
 0.0
 0.0
 0.0
 1.247123149730994
 0.9999999999999989
 0.28945368879095024
 0.0
 0.0
 0.0
 0.0
 0.0
 0.0
 0.0
 2.0
 1.0
 0.0
 0.0
 0.0
 0.0
 0.0
 0.0
 0.0
 0.0
 0.0
 0.0
 0.0
 0.0
 0.0
 0.4098937850162129
 1.2296813550486387
 0.0
 0.47199115058389385
 1.4159734517516815
 0.0
 0.0
 0.0
 0.0
 0.0
 0.0
 0.0
 0.0
 0.0
 0.0
 0.0
 0.0
 0.0
 1.1181150643998932
 3.3543451931996797
 0.0
 0.0
 0.0
 0.0
 0.0
 0.0
 0.0
 0.6660480419015886
 0.5751551242450411
 0.8584166454313503
 0.28562145306428843
 0.2466438334616597
 0.3681149018960723
 0.0
 0.0
 0.0
 0.0
 0.0
 0.0
 0.0
 0.0
 0.0
 0.0
 0.0
 5.062407711867139
 1.687469237289047
 0.0
 0.0
 0.0
 0.9375922881328608
 0.312530762710954
 0.0
 0.0
 0.0
 0.0
 0.0
 0.0
 0.0
 0.0
 0.0
 0.0
 0.0
 0.0
 0.0
 0.0
 0.0
 0.0
 0.0
 0.0
 0.0
 0.0
 0.0
 0.0
 0.7188316759257378
 0.24614527088890178
 0.0
 0.0
 0.0
 0.0
 0.741356931776283
 0.3706784658881415
 0.0
 0.0
 1.258643068223717
 0.6293215341118585
 0.0
 0.0
 0.0
 0.0
 0.0
 0.0
 0.0
 0.0
 0.0
 0.0
 0.0
 0.0
 0.0
 0.0
 0.0
 0.0
 0.0
 0.0
 0.0
 0.0
 0.0
 0.0
 0.0
 0.0
 0.0
 0.0
 0.0
 0.0
 0.0
 0.0
 0.0
 0.0
 0.0
 0.0
 0.0
 1.4561844129533623
 1.0
 0.5438155870466375
 0.0
 0.0
 0.0
 0.0
 0.0
 0.0
 0.0
 0.0
 0.0
 1.3490872166879888
 0.6745436083439944
 0.0
 0.6509127833120111
 0.32545639165600554
 0.0
 0.0
 0.0
 0.0
 0.0
 0.0
 0.0
 0.0
 0.0
 0.0
 0.0
 0.0
 0.0
 0.0
 0.24582563332821142
 0.674866230547723
 0.0
 0.0
 0.0
 0.0
 0.0
 0.0
 0.0
 0.0
 0.0
 0.0
 0.0
 0.0
 0.0
 0.0
 0.0
 0.0
 0.0
 0.0
 0.0
 0.0
 0.0
 0.0
 0.0
 0.0
 0.0
 0.0
 0.0
 0.0
 0.0
 0.0
 2.0
 0.0
 0.0
 1.0
x_ij_opt: 1-dimensional DenseAxisArray{Float64,1,...} with index sets:
    Dimension 1, [(43, 30), (43, 22), (43, 6), (44, 22), (45, 30), (45, 29), (45, 28), (45, 24), (45, 23), (40, 29)  …  (5, 7), (5, 14), (6, 4), (6, 3), (1, 14), (1, 10), (1, 23), (1, 1), (3, 2), (3, 1)]
And data, a 116-element Vector{Float64}:
 0.0
 1.8781778231605453
 1.5525054820203659
 0.0
 0.0
 0.0
 1.7541743666717886
 0.0
 0.0
 1.6968583087941915
 0.0
 0.0
 0.0
 0.0
 0.0
 0.0
 0.0
 0.0
 0.0
 0.0
 0.9237038846950372
 0.0
 0.0
 0.0
 0.0
 0.0
 0.0
 2.0
 0.0
 1.3604248599351485
 0.0
 0.0
 0.0
 0.0
 0.0
 0.0
 0.0
 0.0
 0.0
 0.0
 0.0
 0.0
 0.0
 0.44749451797963424
 0.0
 0.0
 0.12182217683945465
 0.0
 0.0
 0.0
 0.0
 0.0
 0.0
 0.0
 0.0
 3.0
 0.0
 0.0
 0.17820104229329936
 1.2811683240742622
 0.0
 0.0
 0.0
 0.5438155870466377
 6.0
 0.0
 0.0
 0.0
 0.0
 0.7538547291110982
 0.0
 0.0
 0.0
 0.0
 0.0
 0.0
 0.32513376945227707
 0.752876850269006
 0.0
 0.0
 0.0
 0.0
 0.0
 0.0
 0.0
 0.0
 0.0
 0.0
 0.0
 0.5955885141812949
 0.0
 0.0
 0.0
 0.0
 0.0
 0.0
 0.0
 0.0
 0.0
 0.0
 0.0
 0.0
 0.0
 0.0
 0.0
 0.8685494736009984
 0.0
 0.0
 1.7105463112090495
 0.0
 0.17978103143312466
 0.0
 0.0
 3.347758710967303
 0.0
 0.0
x_il_opt: 1-dimensional DenseAxisArray{Float64,1,...} with index sets:
    Dimension 1, [(43, 15), (43, 14), (44, 15), (44, 13), (44, 3), (40, 14), (40, 2), (41, 14), (42, 6), (37, 13)  …  (4, 13), (5, 2), (5, 7), (5, 9), (6, 11), (1, 1), (1, 6), (1, 3), (2, 1), (2, 15)]
And data, a 71-element Vector{Float64}:
 0.0
 0.0
 0.0
 2.023630825031983
 0.0
 0.9206918638759344
 0.0
 0.0
 0.0
 0.9763691749680166
 0.0
 3.0
 0.0
 0.0
 1.6395751400648515
 0.0
 0.0
 0.0
 6.749876949156185
 0.0
 0.0
 0.0
 3.0
 1.1120353976644246
 1.8879646023355754
 0.0
 1.2501230508438144
 0.0
 0.0
 0.9649769468146396
 1.856822010892061
 0.0
 0.0
 0.0
 0.0
 0.0
 0.0
 0.0
 0.645183846118176
 0.0
 0.0
 0.0
 3.0
 0.0
 0.0
 1.8879646023355756
 0.0
 2.0996198115779796
 0.0
 0.0
 0.0
 0.0
 0.0
 0.0
 2.5365768385219436
 0.0
 0.0
 0.0
 0.0
 0.0
 0.0
 0.0
 0.0
 0.9003801884220204
 0.0
 0.0
 0.0
 4.472460257599573
 0.0
 0.0
 3.0
x_lj_opt: 1-dimensional DenseAxisArray{Float64,1,...} with index sets:
    Dimension 1, [(15, 30), (15, 29), (15, 23), (15, 3), (14, 28), (14, 27), (14, 10), (14, 24), (13, 26), (13, 25)  …  (3, 6), (3, 5), (3, 29), (2, 4), (2, 3), (2, 1), (2, 5), (1, 2), (1, 1), (1, 14)]
And data, a 53-element Vector{Float64}:
 2.0
 0.0
 0.0
 1.0
 0.24582563332821142
 0.674866230547723
 0.0
 0.0
 2.0
 1.0
 0.0
 1.4561844129533623
 1.0
 0.5438155870466375
 0.0
 0.0
 0.0
 0.0
 0.0
 0.0
 0.0
 2.0
 1.0
 0.7188316759257378
 0.24614527088890178
 0.0
 6.0
 2.000000000000001
 0.0
 0.0
 0.951669494965877
 0.8217989577067008
 1.2265315473274228
 2.0
 6.0
 0.0
 2.0
 1.0
 0.0
 0.0
 1.247123149730994
 0.9999999999999989
 0.28945368879095024
 0.0
 0.0
 0.0
 0.0
 0.0
 0.0
 3.0
 2.0
 0.502005857010237
 0.0
q_opt: 1-dimensional DenseAxisArray{Float64,1,...} with index sets:
    Dimension 1, [(43, 15), (43, 14), (44, 15), (44, 13), (44, 3), (40, 14), (40, 2), (41, 14), (42, 6), (37, 13)  …  (4, 13), (5, 2), (5, 7), (5, 9), (6, 11), (1, 1), (1, 6), (1, 3), (2, 1), (2, 15)]
And data, a 71-element Vector{Float64}:
 0.0
 0.0
 0.0
 0.6745436083439944
 0.0
 1.0
 0.0
 0.0
 0.0
 0.32545639165600554
 0.0
 1.0
 0.0
 0.0
 0.20494689250810644
 0.0
 0.0
 0.0
 0.8437346186445231
 1.0
 0.0
 0.0
 1.0
 0.3706784658881415
 0.23599557529194692
 0.0
 0.1562653813554768
 0.0
 0.0
 1.0
 0.7421333589965547
 0.0
 0.0
 0.0
 0.0
 0.0
 0.0
 0.0
 0.2578666410034452
 0.0
 0.0
 0.0
 1.0
 0.0
 0.0
 0.6293215341118585
 0.0
 0.6998732705259932
 0.0
 0.0
 0.0
 0.0
 0.0
 1.0
 1.0
 0.0
 0.0
 0.0
 0.0
 0.0
 0.0
 0.0
 0.0
 0.30012672947400676
 0.0
 0.0
 0.0
 0.5590575321999466
 0.0
 0.0
 1.0
