
PROBLEM STATISTICS
  Objective sense = Min
  # Variables = 572
  # Bin-Int Variables = 0
  # Constraints = 621
  # NL Constraints = 261
  # Linear Constraints = 360
  # Detected convex constraints = 0
  # Detected nonlinear terms = 261
  # Variables involved in nonlinear terms = 124
  # Potential variables for partitioning = 124
SUB-SOLVERS USED BY ALPINE
  NLP local solver = Knitro
  MIP solver = Gurobi
ALPINE CONFIGURATION
  Maximum iterations (lower-bounding MIPs) =  1
  Relative global optimality gap = 0.01%
  Potential variables chosen for partitioning = All
  Discretization ratio = 10
  Bound-tightening presolve = false
PRESOLVE 
  Doing local search

Feasible solution found during presolve: [1.12220352252665, 1.7193642387584005, 0.0, 0.8777964774733501, 1.344900316190132, 0.0, 0.0, 0.0, 0.0, 0.0, 0.0, 0.0, 0.0, 0.0, 0.0, 0.0, 2.0, 0.0, 0.0, 1.0, 0.0, 0.0, 0.0, 0.0, 0.0, 0.0, 0.0, 0.0, 0.0, 3.105243821139862, 1.2808393344856115, 0.0, 0.0, 0.0, 0.0, 0.0, 0.0, 0.0, 0.0, 0.0, 0.0, 1.8947561788601366, 0.7815419280837237, 0.0, 0.0, 0.0, 0.0, 0.0, 0.0, 0.0, 0.0, 0.0, 0.0, 0.0, 0.0, 0.0, 0.0, 0.0, 0.0, 2.0, 1.0, 0.0, 0.0, 0.0, 0.0, 0.0, 0.0, 0.0, 0.0, 0.0, 0.0, 0.75, 2.25, 0.0, 0.010737639547528472, 0.032212918642585416, 0.0, 0.4872975498992083, 1.461892649697625, 0.0, 0.0, 0.0, 0.0, 0.0, 0.0, 0.0, 0.0, 0.0, 0.0, 0.0, 0.0, 0.0, 0.7519648105532631, 2.2558944316597893, 0.0, 0.0, 0.0, 0.0, 0.0, 0.0, 0.0, 1.3386614191836277, 0.8415677612850504, 0.8197708195313216, 0.0, 0.0, 0.0, 0.0, 0.0, 0.0, 0.0, 0.0, 0.0, 0.0, 0.0, 0.0, 0.0, 0.0, 5.294794225548073, 2.04500615901752, 0.0, 0.0, 0.0, 0.4762556102836092, 0.18394400515079767, 0.0, 0.0, 0.0, 0.0, 0.0, 0.0, 0.0, 0.0, 0.0, 0.0, 0.0, 0.0, 0.0, 0.0, 0.0, 0.0, 0.0, 0.0, 0.0, 0.0, 0.0, 0.0, 0.0, 0.0, 0.0, 0.0, 0.0, 0.0, 0.7005398669354447, 0.3502699334677223, 0.0, 0.0, 1.2994601330645554, 0.6497300665322777, 0.0, 0.0, 0.0, 0.0, 0.0, 0.0, 0.0, 0.0, 0.0, 0.0, 0.0, 0.0, 0.0, 0.0, 2.0, 0.0, 0.0, 0.0, 0.700004073795695, 0.0, 0.0, 0.0, 0.0, 0.0, 0.0, 0.0, 0.0, 0.0, 0.0, 0.0, 0.0, 0.0, 0.0, 0.0, 0.0, 1.299995926204305, 0.9332470963052031, 0.7667569774904921, 0.0, 0.0, 0.0, 0.0, 0.0, 0.0, 0.0, 0.0, 0.0, 1.516822954409148, 0.758411477204574, 0.0, 0.48317704559085195, 0.24158852279542598, 0.0, 0.0, 0.0, 0.0, 0.0, 0.0, 0.0, 0.0, 0.0, 0.0, 0.0, 0.0, 0.0, 0.0, 0.8581987298085618, 0.9469926055425407, 0.0, 0.0, 0.0, 0.0, 0.0, 0.0, 0.0, 0.0, 0.0, 0.0, 0.0, 0.0, 0.0, 0.0, 0.0, 0.0, 0.0, 0.0, 0.0, 0.0, 0.0, 0.0, 0.0, 0.0, 0.0, 0.0, 0.0, 0.0, 0.0, 0.0, 1.986084898528324, 0.21381231813028587, 0.0, 1.0, 0.0, 0.0, 0.0, 2.275234431613722, 4.386083155625474, 1.8051913353511027, 0.0, 0.0, 3.0, 0.7247655683862779, 0.0, 3.0, 0.0, 0.0, 0.04295055819011389, 0.0, 0.0, 0.0, 7.339800384565593, 0.0, 0.0, 0.0, 3.0, 1.050809800403167, 1.9491901995968333, 0.0, 0.6601996154344069, 0.0, 2.7000040737956947, 0.0, 2.8415677612850505, 0.0, 0.0, 0.0, 0.0, 0.0, 0.0, 0.0, 2.222696793663482, 0.0, 0.0, 0.0, 3.0, 0.0, 0.0, 1.949190199596833, 0.0, 3.0, 0.0, 0.0, 0.0, 0.0, 0.0, 0.0, 0.0, 0.0, 0.0, 0.0, 0.0, 0.0, 0.0, 0.0, 0.0, 0.0, 0.0, 0.0, 0.0, 3.007859242213052, 2.6762981069438605, 0.0, 3.19989721665861, 1.986084898528324, 0.21381231813028587, 0.0, 1.0, 0.8581987298085618, 0.9469926055425407, 0.0, 0.0, 2.0, 1.0, 0.0, 1.299995926204305, 0.9332470963052031, 0.7667569774904921, 2.0, 0.0, 0.0, 0.0, 0.700004073795695, 0.0, 0.0, 2.0, 1.0, 0.0, 0.0, 0.0, 5.771049835831683, 2.2289501641683174, 0.0, 0.0, 1.3386614191836277, 0.8415677612850504, 0.8197708195313216, 2.0, 6.0, 0.0, 2.0, 1.0, 0.0, 0.0, 0.0, 0.0, 0.0, 0.0, 5.0, 2.062381262569336, 2.0, 0.0, 0.0, 1.0, 2.0, 3.0642645549485326, 0.0, 0.0, 0.0, 1.339800384565593, 0.0, 0.013915101471676176, 0.0, 1.1418012701914384, 0.0, 0.0, 0.0, 0.0, 0.0, 0.0, 0.0, 0.0, 0.0, 0.0, 0.0, 0.22269679366348194, 0.0, 0.0, 0.0, 0.0, 0.0, 0.0, 0.0, 0.0, 2.0, 0.0, 2.957049441809886, 0.0, 0.0, 0.0, 0.0, 0.0, 0.0, 0.0, 0.0, 0.0, 0.0, 0.0, 0.0, 0.0, 0.660199615434407, 0.0, 0.0, 0.0, 0.0, 0.0, 0.0, 0.0, 0.0, 0.0, 0.0, 0.0, 0.2999959262043053, 0.0, 0.0, 0.15843223871494955, 2.0, 0.0, 0.0, 0.0, 0.0, 6.0, 0.0, 0.22895016416831715, 0.0, 0.0, 0.7773032063365181, 0.0, 0.0, 0.0, 0.0, 0.0, 0.0, 0.053007394457459285, 0.28136417376270695, 0.0, 0.0, 0.0, 0.0, 0.0, 0.0, 0.0, 0.0, 0.0, 0.0, 0.0, 0.0, 0.0, 1.7186358262372932, 0.5283754331961535, 0.0, 0.0, 0.0, 0.0, 0.0, 0.0, 0.0, 0.0, 0.0, 0.0, 0.0, 0.0, 0.5282134591882286, 0.0, 0.0, 0.0, 0.0, 0.13312512162814383, 0.0, 0.066752903694797, 2.115964625520146, 0.0, 0.0, 0.0, 0.0, 0.0, 0.758411477204574, 0.6210487642279724, 1.0, 0.0, 0.0, 0.375, 0.24158852279542598, 0.0, 1.0, 0.0, 0.0, 0.005368819773764236, 0.0, 0.0, 0.0, 0.9174750480706991, 0.0, 0.0, 0.0, 1.0, 0.35026993346772234, 0.24364877494960416, 0.0, 0.08252495192930086, 0.0, 1.0, 1.0, 0.561101761263325, 0.0, 0.0, 0.0, 0.0, 0.0, 0.0, 0.0, 0.43889823873667494, 0.0, 0.0, 0.0, 1.0, 0.0, 0.0, 0.6497300665322777, 0.0, 1.0, 0.0, 0.0, 0.0, 0.0, 0.0, 0.0, 0.0, 1.0, 0.0, 0.0, 0.0, 0.0, 0.0, 0.0, 0.0, 0.0, 0.0, 0.0, 0.0, 0.37598240527663157, 0.37895123577202733, 0.0, 1.0]  :with objective: -618.4012189919536

  Local solver returns a feasible point with value -618.4012
disc:  333  :[0.0, 1.786084898528324, 2.0]
disc:  334  :[0.0, 0.8138123181302859, 6.0]
disc:  335  :[0.0, 0.1, 1.0]
disc:  336  :[0.0, 0.9, 1.0]
disc:  337  :[0.0, 0.6581987298085619, 1.0581987298085618, 2.0]
disc:  338  :[0.0, 0.8469926055425407, 1.0]
disc:  339  :[0.0, 0.2, 2.0]
disc:  340  :[0.0, 0.2, 2.0]
disc:  341  :[0.0, 1.8, 2.0]
disc:  342  :[0.0, 0.9, 1.0]
disc:  343  :[0.0, 0.2, 2.0]
disc:  344  :[0.0, 1.099995926204305, 1.499995926204305, 2.0]
disc:  345  :[0.0, 0.8332470963052031, 1.0]
disc:  346  :[0.0, 0.4667569774904921, 1.0667569774904921, 3.0]
disc:  347  :[0.0, 1.8, 2.0]
disc:  348  :[0.0, 0.6, 6.0]
disc:  349  :[0.0, 0.2, 2.0]
disc:  350  :[0.0, 0.1, 1.0]
disc:  351  :[0.0, 0.500004073795695, 0.9000040737956949, 2.0]
disc:  352  :[0.0, 0.6, 6.0]
disc:  353  :[0.0, 0.1, 1.0]
disc:  354  :[0.0, 1.8, 2.0]
disc:  355  :[0.0, 0.9, 1.0]
disc:  356  :[0.0, 0.2, 2.0]
disc:  357  :[0.0, 0.1, 1.0]
disc:  358  :[0.0, 0.2, 2.0]
disc:  359  :[0.0, 5.171049835831683, 6.0]
disc:  360  :[0.0, 1.6289501641683173, 2.8289501641683175, 6.0]
disc:  361  :[0.0, 0.2, 2.0]
disc:  362  :[0.0, 0.1, 1.0]
disc:  363  :[0.0, 1.1386614191836277, 1.5386614191836276, 2.0]
disc:  364  :[0.0, 0.7415677612850504, 0.9415677612850504, 1.0]
disc:  365  :[0.0, 0.5197708195313215, 1.1197708195313216, 3.0]
disc:  366  :[0.0, 1.8, 2.0]
disc:  367  :[0.0, 5.4, 6.0]
disc:  368  :[0.0, 0.2, 2.0]
disc:  369  :[0.0, 1.8, 2.0]
disc:  370  :[0.0, 0.9, 1.0]
disc:  371  :[0.0, 0.2, 2.0]
disc:  372  :[0.0, 0.2, 2.0]
disc:  373  :[0.0, 0.2, 2.0]
disc:  374  :[0.0, 0.6, 6.0]
disc:  375  :[0.0, 0.2, 2.0]
disc:  376  :[0.0, 0.2, 2.0]
disc:  377  :[0.0, 4.4, 5.6, 6.0]
disc:  378  :[0.0, 1.4623812625693358, 2.662381262569336, 6.0]
disc:  379  :[0.0, 1.8, 2.0]
disc:  380  :[0.0, 0.1, 1.0]
disc:  381  :[0.0, 0.3, 3.0]
disc:  382  :[0.0, 0.7, 1.3, 3.0]
disc:  383  :[0.0, 1.8, 2.0]
disc:  384  :[0.0, 2.4642645549485325, 3.6642645549485326, 6.0]
disc:  385  :[0.0, 0.2, 2.0]
disc:  502  :[0.0, 0.1, 1.0]
disc:  503  :[0.0, 0.1, 1.0]
disc:  504  :[0.0, 0.1, 1.0]
disc:  505  :[0.0, 0.658411477204574, 0.858411477204574, 1.0]
disc:  506  :[0.0, 0.5210487642279724, 0.7210487642279724, 1.0]
disc:  507  :[0.0, 0.9, 1.0]
disc:  508  :[0.0, 0.1, 1.0]
disc:  509  :[0.0, 0.1, 1.0]
disc:  510  :[0.0, 0.275, 0.475, 1.0]
disc:  511  :[0.0, 0.14158852279542597, 0.34158852279542595, 1.0]
disc:  512  :[0.0, 0.1, 1.0]
disc:  513  :[0.0, 0.9, 1.0]
disc:  514  :[0.0, 0.1, 1.0]
disc:  515  :[0.0, 0.1, 1.0]
disc:  516  :[0.0, 0.10536881977376424, 1.0]
disc:  517  :[0.0, 0.1, 1.0]
disc:  518  :[0.0, 0.1, 1.0]
disc:  519  :[0.0, 0.1, 1.0]
disc:  520  :[0.0, 0.8174750480706992, 1.0]
disc:  521  :[0.0, 0.1, 1.0]
disc:  522  :[0.0, 0.1, 1.0]
disc:  523  :[0.0, 0.1, 1.0]
disc:  524  :[0.0, 0.9, 1.0]
disc:  525  :[0.0, 0.2502699334677223, 0.45026993346772237, 1.0]
disc:  526  :[0.0, 0.14364877494960415, 0.34364877494960416, 1.0]
disc:  527  :[0.0, 0.1, 1.0]
disc:  528  :[0.0, 0.18252495192930085, 1.0]
disc:  529  :[0.0, 0.1, 1.0]
disc:  530  :[0.0, 0.9, 1.0]
disc:  531  :[0.0, 0.9, 1.0]
disc:  532  :[0.0, 0.461101761263325, 0.661101761263325, 1.0]
disc:  533  :[0.0, 0.1, 1.0]
disc:  534  :[0.0, 0.1, 1.0]
disc:  535  :[0.0, 0.1, 1.0]
disc:  536  :[0.0, 0.1, 1.0]
disc:  537  :[0.0, 0.1, 1.0]
disc:  538  :[0.0, 0.1, 1.0]
disc:  539  :[0.0, 0.1, 1.0]
disc:  540  :[0.0, 0.3388982387366749, 0.538898238736675, 1.0]
disc:  541  :[0.0, 0.1, 1.0]
disc:  542  :[0.0, 0.1, 1.0]
disc:  543  :[0.0, 0.1, 1.0]
disc:  544  :[0.0, 0.9, 1.0]
disc:  545  :[0.0, 0.1, 1.0]
disc:  546  :[0.0, 0.1, 1.0]
disc:  547  :[0.0, 0.5497300665322777, 0.7497300665322777, 1.0]
disc:  548  :[0.0, 0.1, 1.0]
disc:  549  :[0.0, 0.9, 1.0]
disc:  550  :[0.0, 0.1, 1.0]
disc:  551  :[0.0, 0.1, 1.0]
disc:  552  :[0.0, 0.1, 1.0]
disc:  553  :[0.0, 0.1, 1.0]
disc:  554  :[0.0, 0.1, 1.0]
disc:  555  :[0.0, 0.1, 1.0]
disc:  556  :[0.0, 0.1, 1.0]
disc:  557  :[0.0, 0.9, 1.0]
disc:  558  :[0.0, 0.1, 1.0]
disc:  559  :[0.0, 0.1, 1.0]
disc:  560  :[0.0, 0.1, 1.0]
disc:  561  :[0.0, 0.1, 1.0]
disc:  562  :[0.0, 0.1, 1.0]
disc:  563  :[0.0, 0.1, 1.0]
disc:  564  :[0.0, 0.1, 1.0]
disc:  565  :[0.0, 0.1, 1.0]
disc:  566  :[0.0, 0.1, 1.0]
disc:  567  :[0.0, 0.1, 1.0]
disc:  568  :[0.0, 0.1, 1.0]
disc:  569  :[0.0, 0.27598240527663154, 0.4759824052766316, 1.0]
disc:  570  :[0.0, 0.2789512357720273, 0.47895123577202736, 1.0]
disc:  571  :[0.0, 0.1, 1.0]
disc:  572  :[0.0, 0.9, 1.0]
  Completed presolve in 7.89s
LOWER-BOUNDING ITERATIONS
====================================================================================================
| Iter   | Incumbent       | Best Incumbent      | Lower Bound        | Gap (%)         | Time      
| finish | -618.4012       | -618.4012           | -625.9084          | 1.214           | 23.38s           
Final UBD: -618.4012189919536
Final LBD: -625.9083933339273
====================================================================================================

*** Alpine ended with status OTHER_LIMIT ***

 Total time for local solves: 5.48s

 Total time for solving max-min problems: 0.0s

 Total time excluding max-min time: 23.38s

presolve objective value: -618.4012189919536
w_opt: 1-dimensional DenseAxisArray{Float64,1,...} with index sets:
    Dimension 1, [(25, 1, 2), (25, 1, 1), (25, 1, 14), (20, 1, 2), (20, 1, 1), (20, 1, 14), (1, 1, 2), (1, 1, 1), (1, 1, 14), (2, 1, 2)  …  (20, 15, 23), (20, 15, 3), (8, 15, 30), (8, 15, 29), (8, 15, 23), (8, 15, 3), (2, 15, 30), (2, 15, 29), (2, 15, 23), (2, 15, 3)]
And data, a 261-element Vector{Float64}:
 1.12220352252665
 1.7193642387584005
 0.0
 0.8777964774733501
 1.344900316190132
 0.0
 0.0
 0.0
 0.0
 0.0
 0.0
 0.0
 0.0
 0.0
 0.0
 0.0
 2.0
 0.0
 0.0
 1.0
 0.0
 0.0
 0.0
 0.0
 0.0
 0.0
 0.0
 0.0
 0.0
 3.105243821139862
 1.2808393344856115
 0.0
 0.0
 0.0
 0.0
 0.0
 0.0
 0.0
 0.0
 0.0
 0.0
 1.8947561788601366
 0.7815419280837237
 0.0
 0.0
 0.0
 0.0
 0.0
 0.0
 0.0
 0.0
 0.0
 0.0
 0.0
 0.0
 0.0
 0.0
 0.0
 0.0
 2.0
 1.0
 0.0
 0.0
 0.0
 0.0
 0.0
 0.0
 0.0
 0.0
 0.0
 0.0
 0.75
 2.25
 0.0
 0.010737639547528472
 0.032212918642585416
 0.0
 0.4872975498992083
 1.461892649697625
 0.0
 0.0
 0.0
 0.0
 0.0
 0.0
 0.0
 0.0
 0.0
 0.0
 0.0
 0.0
 0.0
 0.7519648105532631
 2.2558944316597893
 0.0
 0.0
 0.0
 0.0
 0.0
 0.0
 0.0
 1.3386614191836277
 0.8415677612850504
 0.8197708195313216
 0.0
 0.0
 0.0
 0.0
 0.0
 0.0
 0.0
 0.0
 0.0
 0.0
 0.0
 0.0
 0.0
 0.0
 5.294794225548073
 2.04500615901752
 0.0
 0.0
 0.0
 0.4762556102836092
 0.18394400515079767
 0.0
 0.0
 0.0
 0.0
 0.0
 0.0
 0.0
 0.0
 0.0
 0.0
 0.0
 0.0
 0.0
 0.0
 0.0
 0.0
 0.0
 0.0
 0.0
 0.0
 0.0
 0.0
 0.0
 0.0
 0.0
 0.0
 0.0
 0.0
 0.7005398669354447
 0.3502699334677223
 0.0
 0.0
 1.2994601330645554
 0.6497300665322777
 0.0
 0.0
 0.0
 0.0
 0.0
 0.0
 0.0
 0.0
 0.0
 0.0
 0.0
 0.0
 0.0
 0.0
 2.0
 0.0
 0.0
 0.0
 0.700004073795695
 0.0
 0.0
 0.0
 0.0
 0.0
 0.0
 0.0
 0.0
 0.0
 0.0
 0.0
 0.0
 0.0
 0.0
 0.0
 0.0
 1.299995926204305
 0.9332470963052031
 0.7667569774904921
 0.0
 0.0
 0.0
 0.0
 0.0
 0.0
 0.0
 0.0
 0.0
 1.516822954409148
 0.758411477204574
 0.0
 0.48317704559085195
 0.24158852279542598
 0.0
 0.0
 0.0
 0.0
 0.0
 0.0
 0.0
 0.0
 0.0
 0.0
 0.0
 0.0
 0.0
 0.0
 0.8581987298085618
 0.9469926055425407
 0.0
 0.0
 0.0
 0.0
 0.0
 0.0
 0.0
 0.0
 0.0
 0.0
 0.0
 0.0
 0.0
 0.0
 0.0
 0.0
 0.0
 0.0
 0.0
 0.0
 0.0
 0.0
 0.0
 0.0
 0.0
 0.0
 0.0
 0.0
 0.0
 0.0
 1.986084898528324
 0.21381231813028587
 0.0
 1.0
x_ij_opt: 1-dimensional DenseAxisArray{Float64,1,...} with index sets:
    Dimension 1, [(43, 30), (43, 22), (43, 6), (44, 22), (45, 30), (45, 29), (45, 28), (45, 24), (45, 23), (40, 29)  …  (5, 7), (5, 14), (6, 4), (6, 3), (1, 14), (1, 10), (1, 23), (1, 1), (3, 2), (3, 1)]
And data, a 116-element Vector{Float64}:
 0.0
 0.0
 1.339800384565593
 0.0
 0.013915101471676176
 0.0
 1.1418012701914384
 0.0
 0.0
 0.0
 0.0
 0.0
 0.0
 0.0
 0.0
 0.0
 0.0
 0.0
 0.22269679366348194
 0.0
 0.0
 0.0
 0.0
 0.0
 0.0
 0.0
 0.0
 2.0
 0.0
 2.957049441809886
 0.0
 0.0
 0.0
 0.0
 0.0
 0.0
 0.0
 0.0
 0.0
 0.0
 0.0
 0.0
 0.0
 0.660199615434407
 0.0
 0.0
 0.0
 0.0
 0.0
 0.0
 0.0
 0.0
 0.0
 0.0
 0.0
 0.2999959262043053
 0.0
 0.0
 0.15843223871494955
 2.0
 0.0
 0.0
 0.0
 0.0
 6.0
 0.0
 0.22895016416831715
 0.0
 0.0
 0.7773032063365181
 0.0
 0.0
 0.0
 0.0
 0.0
 0.0
 0.053007394457459285
 0.28136417376270695
 0.0
 0.0
 0.0
 0.0
 0.0
 0.0
 0.0
 0.0
 0.0
 0.0
 0.0
 0.0
 0.0
 1.7186358262372932
 0.5283754331961535
 0.0
 0.0
 0.0
 0.0
 0.0
 0.0
 0.0
 0.0
 0.0
 0.0
 0.0
 0.0
 0.5282134591882286
 0.0
 0.0
 0.0
 0.0
 0.13312512162814383
 0.0
 0.066752903694797
 2.115964625520146
 0.0
 0.0
x_il_opt: 1-dimensional DenseAxisArray{Float64,1,...} with index sets:
    Dimension 1, [(43, 15), (43, 14), (44, 15), (44, 13), (44, 3), (40, 14), (40, 2), (41, 14), (42, 6), (37, 13)  …  (4, 13), (5, 2), (5, 7), (5, 9), (6, 11), (1, 1), (1, 6), (1, 3), (2, 1), (2, 15)]
And data, a 71-element Vector{Float64}:
 0.0
 0.0
 0.0
 2.275234431613722
 4.386083155625474
 1.8051913353511027
 0.0
 0.0
 3.0
 0.7247655683862779
 0.0
 3.0
 0.0
 0.0
 0.04295055819011389
 0.0
 0.0
 0.0
 7.339800384565593
 0.0
 0.0
 0.0
 3.0
 1.050809800403167
 1.9491901995968333
 0.0
 0.6601996154344069
 0.0
 2.7000040737956947
 0.0
 2.8415677612850505
 0.0
 0.0
 0.0
 0.0
 0.0
 0.0
 0.0
 2.222696793663482
 0.0
 0.0
 0.0
 3.0
 0.0
 0.0
 1.949190199596833
 0.0
 3.0
 0.0
 0.0
 0.0
 0.0
 0.0
 0.0
 0.0
 0.0
 0.0
 0.0
 0.0
 0.0
 0.0
 0.0
 0.0
 0.0
 0.0
 0.0
 0.0
 3.007859242213052
 2.6762981069438605
 0.0
 3.19989721665861
x_lj_opt: 1-dimensional DenseAxisArray{Float64,1,...} with index sets:
    Dimension 1, [(15, 30), (15, 29), (15, 23), (15, 3), (14, 28), (14, 27), (14, 10), (14, 24), (13, 26), (13, 25)  …  (3, 6), (3, 5), (3, 29), (2, 4), (2, 3), (2, 1), (2, 5), (1, 2), (1, 1), (1, 14)]
And data, a 53-element Vector{Float64}:
 1.986084898528324
 0.21381231813028587
 0.0
 1.0
 0.8581987298085618
 0.9469926055425407
 0.0
 0.0
 2.0
 1.0
 0.0
 1.299995926204305
 0.9332470963052031
 0.7667569774904921
 2.0
 0.0
 0.0
 0.0
 0.700004073795695
 0.0
 0.0
 2.0
 1.0
 0.0
 0.0
 0.0
 5.771049835831683
 2.2289501641683174
 0.0
 0.0
 1.3386614191836277
 0.8415677612850504
 0.8197708195313216
 2.0
 6.0
 0.0
 2.0
 1.0
 0.0
 0.0
 0.0
 0.0
 0.0
 0.0
 5.0
 2.062381262569336
 2.0
 0.0
 0.0
 1.0
 2.0
 3.0642645549485326
 0.0
q_opt: 1-dimensional DenseAxisArray{Float64,1,...} with index sets:
    Dimension 1, [(43, 15), (43, 14), (44, 15), (44, 13), (44, 3), (40, 14), (40, 2), (41, 14), (42, 6), (37, 13)  …  (4, 13), (5, 2), (5, 7), (5, 9), (6, 11), (1, 1), (1, 6), (1, 3), (2, 1), (2, 15)]
And data, a 71-element Vector{Float64}:
 0.0
 0.0
 0.0
 0.758411477204574
 0.6210487642279724
 1.0
 0.0
 0.0
 0.375
 0.24158852279542598
 0.0
 1.0
 0.0
 0.0
 0.005368819773764236
 0.0
 0.0
 0.0
 0.9174750480706991
 0.0
 0.0
 0.0
 1.0
 0.35026993346772234
 0.24364877494960416
 0.0
 0.08252495192930086
 0.0
 1.0
 1.0
 0.561101761263325
 0.0
 0.0
 0.0
 0.0
 0.0
 0.0
 0.0
 0.43889823873667494
 0.0
 0.0
 0.0
 1.0
 0.0
 0.0
 0.6497300665322777
 0.0
 1.0
 0.0
 0.0
 0.0
 0.0
 0.0
 0.0
 0.0
 1.0
 0.0
 0.0
 0.0
 0.0
 0.0
 0.0
 0.0
 0.0
 0.0
 0.0
 0.0
 0.37598240527663157
 0.37895123577202733
 0.0
 1.0
