
PROBLEM STATISTICS
  Objective sense = Min
  # Variables = 572
  # Bin-Int Variables = 0
  # Constraints = 621
  # NL Constraints = 261
  # Linear Constraints = 360
  # Detected convex constraints = 0
  # Detected nonlinear terms = 261
  # Variables involved in nonlinear terms = 124
  # Potential variables for partitioning = 124
SUB-SOLVERS USED BY ALPINE
  NLP local solver = Knitro
  MIP solver = Gurobi
ALPINE CONFIGURATION
  Maximum iterations (lower-bounding MIPs) =  1
  Relative global optimality gap = 0.01%
  Potential variables chosen for partitioning = All
  Discretization ratio = 10
  Bound-tightening presolve = false
PRESOLVE 
  Doing local search

Feasible solution found during presolve: [1.493743905893919, 0.0, 0.0, 0.5062560941060812, 0.0, 0.0, 0.0, 0.0, 0.0, 0.0, 0.0, 0.0, 0.0, 0.0, 0.0, 0.0, 2.0, 0.0, 0.0, 1.0, 0.0, 0.0, 0.0, 0.0, 0.0, 0.0, 0.0, 0.0, 0.0, 1.2868248857097957, 0.7720949314258773, 0.0, 0.0, 0.0, 0.0, 3.7131751142902045, 2.2279050685741217, 0.0, 0.0, 0.0, 0.0, 0.0, 0.0, 0.13700489660711154, 0.47812906586370396, 0.0, 0.0, 0.0, 0.0, 0.8959838464674231, 3.1268657555280432, 0.0, 0.0, 0.0, 0.0, 0.0, 0.0, 0.0, 0.0, 2.0, 1.0, 0.0, 0.0, 0.0, 0.0, 0.0, 0.0, 0.0, 0.0, 0.0, 0.0, 0.0061330850060049595, 0.01839925501801488, 0.0, 0.75, 2.25, 0.0, 0.5050059373579249, 1.5150178120737747, 0.0, 0.0, 0.0, 0.0, 0.0, 0.0, 0.0, 0.0, 0.0, 0.0, 0.0, 0.0, 0.0, 0.7388609776360701, 2.21658293290821, 0.0, 0.0, 0.0, 0.0, 0.0, 0.0, 0.0, 0.9602279892628021, 0.7090334857570534, 0.8074941172473485, 0.20285971175312614, 0.14979185167724196, 0.17059284430242758, 0.0, 0.0, 0.0, 0.0, 0.0, 0.0, 0.0, 0.0, 0.0, 0.0, 0.0, 5.60129239969343, 1.867097466564477, 0.0, 0.0, 0.0, 0.39870760030656993, 0.1329025334355233, 0.0, 0.0, 0.0, 0.0, 0.0, 0.0, 0.0, 0.0, 0.0, 0.0, 0.0, 0.0, 0.0, 0.0, 0.0, 0.0, 0.0, 0.0, 0.0, 0.0, 0.0, 0.0, 1.3650814315403776, 0.0, 0.0, 0.0, 0.454632689945898, 0.0, 0.6533175003788672, 0.3266587501894336, 0.0, 0.0, 1.3466824996211328, 0.6733412498105664, 0.0, 0.0, 0.0, 0.0, 0.0, 0.0, 0.0, 0.0, 0.0, 0.0, 0.0, 0.0, 0.0, 0.0, 2.0, 0.0, 0.0, 0.0, 0.6049948213917472, 0.0, 0.0, 0.0, 0.0, 0.0, 0.0, 0.0, 0.0, 0.0, 0.0, 0.0, 0.0, 0.0, 0.0, 0.0, 0.0, 1.3950051786082527, 0.9773569489945035, 0.6276378723972436, 0.0, 0.0, 0.0, 0.0, 0.0, 0.0, 0.0, 0.0, 0.0, 1.4053775473707735, 0.7026887736853867, 0.0, 0.5946224526292267, 0.2973112263146132, 0.0, 0.0, 0.0, 0.0, 0.0, 0.0, 0.0, 0.0, 0.0, 0.0, 0.0, 0.0, 0.0, 0.0, 0.14829620826541431, 0.8112989280845186, 0.0, 0.0, 0.0, 0.0, 0.0, 0.0, 0.0, 0.0, 0.0, 0.0, 0.0, 0.0, 0.0, 0.0, 0.0, 0.0, 0.0, 0.0, 0.0, 0.0, 0.0, 0.0, 0.05978309812861534, 0.07091357893554313, 0.0, 0.02989154906430774, 0.0, 0.0, 0.0, 0.0, 1.9402169018713846, 2.3014485486672145, 0.0, 0.9701084509356923, 0.0, 0.0, 0.0, 2.1080663210561603, 2.058919817135673, 0.959595136349933, 0.0, 0.0, 0.024532340024019838, 0.8919336789438398, 0.0, 3.0, 0.0, 0.0, 3.0, 0.0, 0.0, 0.0, 7.468389866257907, 0.0, 0.6151339624708154, 0.0, 3.0, 0.9799762505683007, 2.0200237494316995, 0.0, 0.5316101337420932, 0.0, 2.604994821391747, 1.3650814315403776, 1.493743905893919, 0.0, 0.0, 0.0, 0.0, 0.0, 0.0, 0.0, 0.5062560941060812, 0.1605882261284662, 0.0, 0.0, 3.0, 0.0, 0.0, 2.020023749431699, 0.0, 2.476755592267204, 0.0, 0.0, 0.0, 0.0, 0.0, 0.0, 4.022849601995467, 0.0, 0.0, 5.941080182864326, 0.0, 0.0, 0.0, 0.0, 0.0, 0.5232444077327957, 0.454632689945898, 0.0, 0.0, 2.9554439105442802, 0.0, 0.0, 5.211773901474291, 2.0, 2.3723621276027576, 0.0, 1.0, 0.14829620826541431, 0.8112989280845186, 0.0, 0.0, 2.0, 1.0, 0.0, 1.3950051786082527, 0.9773569489945035, 0.6276378723972436, 2.0, 0.0, 0.0, 0.0, 0.6049948213917472, 0.0, 0.0, 2.0, 1.0, 1.8197141214862758, 0.0, 0.0, 6.0, 2.0000000000000004, 0.0, 0.0, 1.1630877010159282, 0.8588253374342959, 0.978086961549776, 2.0, 6.0, 0.0, 2.0, 1.0, 0.0, 0.0, 1.0329887430745346, 3.604994821391747, 0.0, 0.0, 5.0, 2.9999999999999987, 2.0, 0.0, 0.0, 1.0, 2.0, 0.0, 0.0, 0.0, 0.0, 1.468389866257908, 0.0, 0.0, 0.0, 1.8517037917345858, 0.0, 0.0, 0.0, 0.0, 0.0, 0.0, 0.0, 0.0, 0.0, 0.0, 0.0, 0.3030021591152757, 0.0, 0.0, 0.0, 0.0, 0.0, 0.0, 0.0, 0.0, 2.0, 0.0, 0.0, 0.0, 0.0, 0.0, 0.0, 0.0, 0.0, 0.0, 0.0, 0.0, 0.0, 0.0, 0.0, 0.0, 0.5316101337420919, 0.0, 0.0, 0.0, 0.0, 0.0, 0.0, 0.0, 0.0, 0.0, 0.0, 0.0, 0.3950051786082528, 0.0, 0.0, 0.1411746625657035, 0.18028587851372438, 0.0, 0.0, 0.0, 0.0, 6.0, 0.0, 0.0, 0.0, 0.0, 0.6969978408847243, 0.0, 0.0, 0.0, 0.0, 0.0, 0.0, 0.18870107191548144, 0.9670112569254654, 0.0, 0.0, 0.0, 0.0, 0.0, 0.0, 0.0, 0.0, 0.0, 0.0, 0.0, 0.0, 0.0, 0.0, 0.0, 0.0, 0.0, 0.0, 0.0, 0.0, 0.0, 0.0, 0.0, 0.0, 0.0, 0.0, 0.0, 0.8369122989840717, 0.0, 0.0, 0.0, 0.0, 0.0, 0.0, 0.022643051005496437, 5.021913038450224, 0.0, 0.0, 0.0, 0.0, 0.0, 0.7026887736853867, 0.2573649771419591, 1.0, 0.0, 0.0, 0.0030665425030024797, 0.2973112263146134, 0.0, 1.0, 0.0, 0.0, 0.375, 0.0, 0.0, 0.0, 0.9335487332822384, 0.0, 0.13262961239958648, 0.0, 1.0, 0.3266587501894336, 0.25250296867896244, 0.0, 0.06645126671776165, 0.0, 1.0, 0.7501625752211173, 0.7468719529469595, 0.0, 0.0, 0.0, 0.0, 0.0, 0.0, 0.0, 0.2531280470530406, 0.029891549064307656, 0.0, 0.0, 1.0, 0.0, 0.0, 0.6733412498105664, 0.0, 0.8255851974224013, 0.0, 0.0, 0.0, 0.0, 0.0, 0.0, 0.8673703876004135, 0.0, 0.0, 0.742635022858041, 0.0, 0.0, 0.0, 0.0, 0.0, 0.1744148025775986, 0.2498374247788827, 0.0, 0.0, 0.36943048881803503, 0.0, 0.0, 0.9701084509356923]  :with objective: -634.7251384210159

  Local solver returns a feasible point with value -634.7251
disc:  333  :[0.0, 1.8, 2.0]
disc:  334  :[0.0, 1.7723621276027575, 2.9723621276027576, 6.0]
disc:  335  :[0.0, 0.1, 1.0]
disc:  336  :[0.0, 0.9, 1.0]
disc:  337  :[0.0, 0.3482962082654143, 2.0]
disc:  338  :[0.0, 0.7112989280845187, 0.9112989280845186, 1.0]
disc:  339  :[0.0, 0.2, 2.0]
disc:  340  :[0.0, 0.2, 2.0]
disc:  341  :[0.0, 1.8, 2.0]
disc:  342  :[0.0, 0.9, 1.0]
disc:  343  :[0.0, 0.2, 2.0]
disc:  344  :[0.0, 1.1950051786082527, 1.5950051786082526, 2.0]
disc:  345  :[0.0, 0.8773569489945036, 1.0]
disc:  346  :[0.0, 0.32763787239724357, 0.9276378723972436, 3.0]
disc:  347  :[0.0, 1.8, 2.0]
disc:  348  :[0.0, 0.6, 6.0]
disc:  349  :[0.0, 0.2, 2.0]
disc:  350  :[0.0, 0.1, 1.0]
disc:  351  :[0.0, 0.4049948213917472, 0.8049948213917473, 2.0]
disc:  352  :[0.0, 0.6, 6.0]
disc:  353  :[0.0, 0.1, 1.0]
disc:  354  :[0.0, 1.8, 2.0]
disc:  355  :[0.0, 0.9, 1.0]
disc:  356  :[0.0, 1.6197141214862758, 2.0]
disc:  357  :[0.0, 0.1, 1.0]
disc:  358  :[0.0, 0.2, 2.0]
disc:  359  :[0.0, 5.4, 6.0]
disc:  360  :[0.0, 1.4000000000000004, 2.6000000000000005, 6.0]
disc:  361  :[0.0, 0.2, 2.0]
disc:  362  :[0.0, 0.1, 1.0]
disc:  363  :[0.0, 0.9630877010159282, 1.3630877010159281, 2.0]
disc:  364  :[0.0, 0.7588253374342959, 0.9588253374342959, 1.0]
disc:  365  :[0.0, 0.678086961549776, 1.278086961549776, 3.0]
disc:  366  :[0.0, 1.8, 2.0]
disc:  367  :[0.0, 5.4, 6.0]
disc:  368  :[0.0, 0.2, 2.0]
disc:  369  :[0.0, 1.8, 2.0]
disc:  370  :[0.0, 0.9, 1.0]
disc:  371  :[0.0, 0.2, 2.0]
disc:  372  :[0.0, 0.2, 2.0]
disc:  373  :[0.0, 0.8329887430745346, 1.2329887430745345, 2.0]
disc:  374  :[0.0, 3.004994821391747, 4.204994821391747, 6.0]
disc:  375  :[0.0, 0.2, 2.0]
disc:  376  :[0.0, 0.2, 2.0]
disc:  377  :[0.0, 4.4, 5.6, 6.0]
disc:  378  :[0.0, 2.3999999999999986, 3.5999999999999988, 6.0]
disc:  379  :[0.0, 1.8, 2.0]
disc:  380  :[0.0, 0.1, 1.0]
disc:  381  :[0.0, 0.3, 3.0]
disc:  382  :[0.0, 0.7, 1.3, 3.0]
disc:  383  :[0.0, 1.8, 2.0]
disc:  384  :[0.0, 0.6, 6.0]
disc:  385  :[0.0, 0.2, 2.0]
disc:  502  :[0.0, 0.1, 1.0]
disc:  503  :[0.0, 0.1, 1.0]
disc:  504  :[0.0, 0.1, 1.0]
disc:  505  :[0.0, 0.6026887736853868, 0.8026887736853867, 1.0]
disc:  506  :[0.0, 0.1573649771419591, 0.35736497714195914, 1.0]
disc:  507  :[0.0, 0.9, 1.0]
disc:  508  :[0.0, 0.1, 1.0]
disc:  509  :[0.0, 0.1, 1.0]
disc:  510  :[0.0, 0.10306654250300248, 1.0]
disc:  511  :[0.0, 0.19731122631461337, 0.39731122631461335, 1.0]
disc:  512  :[0.0, 0.1, 1.0]
disc:  513  :[0.0, 0.9, 1.0]
disc:  514  :[0.0, 0.1, 1.0]
disc:  515  :[0.0, 0.1, 1.0]
disc:  516  :[0.0, 0.275, 0.475, 1.0]
disc:  517  :[0.0, 0.1, 1.0]
disc:  518  :[0.0, 0.1, 1.0]
disc:  519  :[0.0, 0.1, 1.0]
disc:  520  :[0.0, 0.8335487332822384, 1.0]
disc:  521  :[0.0, 0.1, 1.0]
disc:  522  :[0.0, 0.03262961239958648, 0.2326296123995865, 1.0]
disc:  523  :[0.0, 0.1, 1.0]
disc:  524  :[0.0, 0.9, 1.0]
disc:  525  :[0.0, 0.22665875018943357, 0.42665875018943356, 1.0]
disc:  526  :[0.0, 0.15250296867896243, 0.35250296867896247, 1.0]
disc:  527  :[0.0, 0.1, 1.0]
disc:  528  :[0.0, 0.16645126671776167, 1.0]
disc:  529  :[0.0, 0.1, 1.0]
disc:  530  :[0.0, 0.9, 1.0]
disc:  531  :[0.0, 0.6501625752211173, 0.8501625752211173, 1.0]
disc:  532  :[0.0, 0.6468719529469595, 0.8468719529469595, 1.0]
disc:  533  :[0.0, 0.1, 1.0]
disc:  534  :[0.0, 0.1, 1.0]
disc:  535  :[0.0, 0.1, 1.0]
disc:  536  :[0.0, 0.1, 1.0]
disc:  537  :[0.0, 0.1, 1.0]
disc:  538  :[0.0, 0.1, 1.0]
disc:  539  :[0.0, 0.1, 1.0]
disc:  540  :[0.0, 0.1531280470530406, 0.3531280470530406, 1.0]
disc:  541  :[0.0, 0.12989154906430767, 1.0]
disc:  542  :[0.0, 0.1, 1.0]
disc:  543  :[0.0, 0.1, 1.0]
disc:  544  :[0.0, 0.9, 1.0]
disc:  545  :[0.0, 0.1, 1.0]
disc:  546  :[0.0, 0.1, 1.0]
disc:  547  :[0.0, 0.5733412498105664, 0.7733412498105664, 1.0]
disc:  548  :[0.0, 0.1, 1.0]
disc:  549  :[0.0, 0.7255851974224014, 0.9255851974224013, 1.0]
disc:  550  :[0.0, 0.1, 1.0]
disc:  551  :[0.0, 0.1, 1.0]
disc:  552  :[0.0, 0.1, 1.0]
disc:  553  :[0.0, 0.1, 1.0]
disc:  554  :[0.0, 0.1, 1.0]
disc:  555  :[0.0, 0.1, 1.0]
disc:  556  :[0.0, 0.7673703876004135, 0.9673703876004135, 1.0]
disc:  557  :[0.0, 0.1, 1.0]
disc:  558  :[0.0, 0.1, 1.0]
disc:  559  :[0.0, 0.642635022858041, 0.8426350228580409, 1.0]
disc:  560  :[0.0, 0.1, 1.0]
disc:  561  :[0.0, 0.1, 1.0]
disc:  562  :[0.0, 0.1, 1.0]
disc:  563  :[0.0, 0.1, 1.0]
disc:  564  :[0.0, 0.1, 1.0]
disc:  565  :[0.0, 0.07441480257759858, 0.2744148025775986, 1.0]
disc:  566  :[0.0, 0.1498374247788827, 0.3498374247788827, 1.0]
disc:  567  :[0.0, 0.1, 1.0]
disc:  568  :[0.0, 0.1, 1.0]
disc:  569  :[0.0, 0.269430488818035, 0.46943048881803506, 1.0]
disc:  570  :[0.0, 0.1, 1.0]
disc:  571  :[0.0, 0.1, 1.0]
disc:  572  :[0.0, 0.8701084509356923, 1.0]
  Completed presolve in 8.45s
LOWER-BOUNDING ITERATIONS
====================================================================================================
| Iter   | Incumbent       | Best Incumbent      | Lower Bound        | Gap (%)         | Time      
| finish | -634.7251       | -634.7251           | -637.781           | 0.481           | 17.59s           
Final UBD: -634.7251384210159
Final LBD: -637.7810082826087
====================================================================================================

*** Alpine ended with status OTHER_LIMIT ***

 Total time for local solves: 6.03s

 Total time for solving max-min problems: 0.0s

 Total time excluding max-min time: 17.59s

presolve objective value: -634.7251384210159
w_opt: 1-dimensional DenseAxisArray{Float64,1,...} with index sets:
    Dimension 1, [(25, 1, 2), (25, 1, 1), (25, 1, 14), (20, 1, 2), (20, 1, 1), (20, 1, 14), (1, 1, 2), (1, 1, 1), (1, 1, 14), (2, 1, 2)  …  (20, 15, 23), (20, 15, 3), (8, 15, 30), (8, 15, 29), (8, 15, 23), (8, 15, 3), (2, 15, 30), (2, 15, 29), (2, 15, 23), (2, 15, 3)]
And data, a 261-element Vector{Float64}:
 1.493743905893919
 0.0
 0.0
 0.5062560941060812
 0.0
 0.0
 0.0
 0.0
 0.0
 0.0
 0.0
 0.0
 0.0
 0.0
 0.0
 0.0
 2.0
 0.0
 0.0
 1.0
 0.0
 0.0
 0.0
 0.0
 0.0
 0.0
 0.0
 0.0
 0.0
 1.2868248857097957
 0.7720949314258773
 0.0
 0.0
 0.0
 0.0
 3.7131751142902045
 2.2279050685741217
 0.0
 0.0
 0.0
 0.0
 0.0
 0.0
 0.13700489660711154
 0.47812906586370396
 0.0
 0.0
 0.0
 0.0
 0.8959838464674231
 3.1268657555280432
 0.0
 0.0
 0.0
 0.0
 0.0
 0.0
 0.0
 0.0
 2.0
 1.0
 0.0
 0.0
 0.0
 0.0
 0.0
 0.0
 0.0
 0.0
 0.0
 0.0
 0.0061330850060049595
 0.01839925501801488
 0.0
 0.75
 2.25
 0.0
 0.5050059373579249
 1.5150178120737747
 0.0
 0.0
 0.0
 0.0
 0.0
 0.0
 0.0
 0.0
 0.0
 0.0
 0.0
 0.0
 0.0
 0.7388609776360701
 2.21658293290821
 0.0
 0.0
 0.0
 0.0
 0.0
 0.0
 0.0
 0.9602279892628021
 0.7090334857570534
 0.8074941172473485
 0.20285971175312614
 0.14979185167724196
 0.17059284430242758
 0.0
 0.0
 0.0
 0.0
 0.0
 0.0
 0.0
 0.0
 0.0
 0.0
 0.0
 5.60129239969343
 1.867097466564477
 0.0
 0.0
 0.0
 0.39870760030656993
 0.1329025334355233
 0.0
 0.0
 0.0
 0.0
 0.0
 0.0
 0.0
 0.0
 0.0
 0.0
 0.0
 0.0
 0.0
 0.0
 0.0
 0.0
 0.0
 0.0
 0.0
 0.0
 0.0
 0.0
 1.3650814315403776
 0.0
 0.0
 0.0
 0.454632689945898
 0.0
 0.6533175003788672
 0.3266587501894336
 0.0
 0.0
 1.3466824996211328
 0.6733412498105664
 0.0
 0.0
 0.0
 0.0
 0.0
 0.0
 0.0
 0.0
 0.0
 0.0
 0.0
 0.0
 0.0
 0.0
 2.0
 0.0
 0.0
 0.0
 0.6049948213917472
 0.0
 0.0
 0.0
 0.0
 0.0
 0.0
 0.0
 0.0
 0.0
 0.0
 0.0
 0.0
 0.0
 0.0
 0.0
 0.0
 1.3950051786082527
 0.9773569489945035
 0.6276378723972436
 0.0
 0.0
 0.0
 0.0
 0.0
 0.0
 0.0
 0.0
 0.0
 1.4053775473707735
 0.7026887736853867
 0.0
 0.5946224526292267
 0.2973112263146132
 0.0
 0.0
 0.0
 0.0
 0.0
 0.0
 0.0
 0.0
 0.0
 0.0
 0.0
 0.0
 0.0
 0.0
 0.14829620826541431
 0.8112989280845186
 0.0
 0.0
 0.0
 0.0
 0.0
 0.0
 0.0
 0.0
 0.0
 0.0
 0.0
 0.0
 0.0
 0.0
 0.0
 0.0
 0.0
 0.0
 0.0
 0.0
 0.0
 0.0
 0.05978309812861534
 0.07091357893554313
 0.0
 0.02989154906430774
 0.0
 0.0
 0.0
 0.0
 1.9402169018713846
 2.3014485486672145
 0.0
 0.9701084509356923
x_ij_opt: 1-dimensional DenseAxisArray{Float64,1,...} with index sets:
    Dimension 1, [(43, 30), (43, 22), (43, 6), (44, 22), (45, 30), (45, 29), (45, 28), (45, 24), (45, 23), (40, 29)  …  (5, 7), (5, 14), (6, 4), (6, 3), (1, 14), (1, 10), (1, 23), (1, 1), (3, 2), (3, 1)]
And data, a 116-element Vector{Float64}:
 0.0
 0.0
 1.468389866257908
 0.0
 0.0
 0.0
 1.8517037917345858
 0.0
 0.0
 0.0
 0.0
 0.0
 0.0
 0.0
 0.0
 0.0
 0.0
 0.0
 0.3030021591152757
 0.0
 0.0
 0.0
 0.0
 0.0
 0.0
 0.0
 0.0
 2.0
 0.0
 0.0
 0.0
 0.0
 0.0
 0.0
 0.0
 0.0
 0.0
 0.0
 0.0
 0.0
 0.0
 0.0
 0.0
 0.5316101337420919
 0.0
 0.0
 0.0
 0.0
 0.0
 0.0
 0.0
 0.0
 0.0
 0.0
 0.0
 0.3950051786082528
 0.0
 0.0
 0.1411746625657035
 0.18028587851372438
 0.0
 0.0
 0.0
 0.0
 6.0
 0.0
 0.0
 0.0
 0.0
 0.6969978408847243
 0.0
 0.0
 0.0
 0.0
 0.0
 0.0
 0.18870107191548144
 0.9670112569254654
 0.0
 0.0
 0.0
 0.0
 0.0
 0.0
 0.0
 0.0
 0.0
 0.0
 0.0
 0.0
 0.0
 0.0
 0.0
 0.0
 0.0
 0.0
 0.0
 0.0
 0.0
 0.0
 0.0
 0.0
 0.0
 0.0
 0.0
 0.8369122989840717
 0.0
 0.0
 0.0
 0.0
 0.0
 0.0
 0.022643051005496437
 5.021913038450224
 0.0
 0.0
x_il_opt: 1-dimensional DenseAxisArray{Float64,1,...} with index sets:
    Dimension 1, [(43, 15), (43, 14), (44, 15), (44, 13), (44, 3), (40, 14), (40, 2), (41, 14), (42, 6), (37, 13)  …  (4, 13), (5, 2), (5, 7), (5, 9), (6, 11), (1, 1), (1, 6), (1, 3), (2, 1), (2, 15)]
And data, a 71-element Vector{Float64}:
 0.0
 0.0
 0.0
 2.1080663210561603
 2.058919817135673
 0.959595136349933
 0.0
 0.0
 0.024532340024019838
 0.8919336789438398
 0.0
 3.0
 0.0
 0.0
 3.0
 0.0
 0.0
 0.0
 7.468389866257907
 0.0
 0.6151339624708154
 0.0
 3.0
 0.9799762505683007
 2.0200237494316995
 0.0
 0.5316101337420932
 0.0
 2.604994821391747
 1.3650814315403776
 1.493743905893919
 0.0
 0.0
 0.0
 0.0
 0.0
 0.0
 0.0
 0.5062560941060812
 0.1605882261284662
 0.0
 0.0
 3.0
 0.0
 0.0
 2.020023749431699
 0.0
 2.476755592267204
 0.0
 0.0
 0.0
 0.0
 0.0
 0.0
 4.022849601995467
 0.0
 0.0
 5.941080182864326
 0.0
 0.0
 0.0
 0.0
 0.0
 0.5232444077327957
 0.454632689945898
 0.0
 0.0
 2.9554439105442802
 0.0
 0.0
 5.211773901474291
x_lj_opt: 1-dimensional DenseAxisArray{Float64,1,...} with index sets:
    Dimension 1, [(15, 30), (15, 29), (15, 23), (15, 3), (14, 28), (14, 27), (14, 10), (14, 24), (13, 26), (13, 25)  …  (3, 6), (3, 5), (3, 29), (2, 4), (2, 3), (2, 1), (2, 5), (1, 2), (1, 1), (1, 14)]
And data, a 53-element Vector{Float64}:
 2.0
 2.3723621276027576
 0.0
 1.0
 0.14829620826541431
 0.8112989280845186
 0.0
 0.0
 2.0
 1.0
 0.0
 1.3950051786082527
 0.9773569489945035
 0.6276378723972436
 2.0
 0.0
 0.0
 0.0
 0.6049948213917472
 0.0
 0.0
 2.0
 1.0
 1.8197141214862758
 0.0
 0.0
 6.0
 2.0000000000000004
 0.0
 0.0
 1.1630877010159282
 0.8588253374342959
 0.978086961549776
 2.0
 6.0
 0.0
 2.0
 1.0
 0.0
 0.0
 1.0329887430745346
 3.604994821391747
 0.0
 0.0
 5.0
 2.9999999999999987
 2.0
 0.0
 0.0
 1.0
 2.0
 0.0
 0.0
q_opt: 1-dimensional DenseAxisArray{Float64,1,...} with index sets:
    Dimension 1, [(43, 15), (43, 14), (44, 15), (44, 13), (44, 3), (40, 14), (40, 2), (41, 14), (42, 6), (37, 13)  …  (4, 13), (5, 2), (5, 7), (5, 9), (6, 11), (1, 1), (1, 6), (1, 3), (2, 1), (2, 15)]
And data, a 71-element Vector{Float64}:
 0.0
 0.0
 0.0
 0.7026887736853867
 0.2573649771419591
 1.0
 0.0
 0.0
 0.0030665425030024797
 0.2973112263146134
 0.0
 1.0
 0.0
 0.0
 0.375
 0.0
 0.0
 0.0
 0.9335487332822384
 0.0
 0.13262961239958648
 0.0
 1.0
 0.3266587501894336
 0.25250296867896244
 0.0
 0.06645126671776165
 0.0
 1.0
 0.7501625752211173
 0.7468719529469595
 0.0
 0.0
 0.0
 0.0
 0.0
 0.0
 0.0
 0.2531280470530406
 0.029891549064307656
 0.0
 0.0
 1.0
 0.0
 0.0
 0.6733412498105664
 0.0
 0.8255851974224013
 0.0
 0.0
 0.0
 0.0
 0.0
 0.0
 0.8673703876004135
 0.0
 0.0
 0.742635022858041
 0.0
 0.0
 0.0
 0.0
 0.0
 0.1744148025775986
 0.2498374247788827
 0.0
 0.0
 0.36943048881803503
 0.0
 0.0
 0.9701084509356923
