
PROBLEM STATISTICS
  Objective sense = Min
  # Variables = 572
  # Bin-Int Variables = 0
  # Constraints = 621
  # NL Constraints = 261
  # Linear Constraints = 360
  # Detected convex constraints = 0
  # Detected nonlinear terms = 261
  # Variables involved in nonlinear terms = 124
  # Potential variables for partitioning = 124
SUB-SOLVERS USED BY ALPINE
  NLP local solver = Knitro
  MIP solver = Gurobi
ALPINE CONFIGURATION
  Maximum iterations (lower-bounding MIPs) =  1
  Relative global optimality gap = 0.01%
  Potential variables chosen for partitioning = All
  Discretization ratio = 10
  Bound-tightening presolve = false
PRESOLVE 
  Doing local search

Feasible solution found during presolve: [1.3212802696051877, 0.0, 0.0, 0.6787197303948121, 0.0, 0.0, 0.0, 0.0, 0.0, 0.0, 0.0, 0.0, 0.0, 0.0, 0.0, 0.0, 2.0, 0.0, 0.0, 1.0, 0.0, 0.0, 0.0, 0.0, 0.0, 0.0, 0.0, 0.0, 0.0, 1.110695008031628, 0.5739296288018927, 0.0, 0.0, 0.0, 0.0, 3.8893049919683698, 2.00972125938842, 0.0, 0.0, 0.0, 0.0, 0.0, 0.0, 0.0, 0.0, 0.0, 0.0, 0.0, 0.0, 1.1797954813983091, 1.2511782199607637, 0.0, 0.0, 0.0, 0.0, 0.0, 0.0, 0.0, 0.0, 2.0, 1.0, 0.0, 0.0, 0.0, 0.0, 0.0, 0.0, 0.0, 0.0, 0.0, 0.0, 0.6792089319045475, 2.0376267957136425, 0.0, 0.0, 0.0, 0.0, 0.5644633047059283, 1.6933899141177848, 0.0, 0.0, 0.0, 0.0, 0.0, 0.0, 0.0, 0.0, 0.0, 0.0, 0.0, 0.0, 0.0, 0.7563277633895242, 2.2689832901685727, 0.0, 0.0, 0.0, 0.0, 0.0, 0.0, 0.0, 0.8119767115367982, 0.7925720473459501, 1.2398333571289872, 0.04442374214976415, 0.04336210111219611, 0.06783204072630412, 0.0, 0.0, 0.0, 0.0, 0.0, 0.0, 0.0, 0.0, 0.0, 0.0, 0.0, 4.286556450628762, 3.075124442866269, 0.0, 0.0, 0.0, 0.37168018053678864, 0.26663892596817995, 0.0, 0.0, 0.0, 0.0, 0.0, 0.0, 0.0, 0.0, 0.0, 0.0, 0.0, 0.0, 0.0, 0.0, 0.0, 0.0, 0.0, 0.0, 0.0, 0.0, 0.0, 0.0, 0.17289051001851072, 0.0, 0.0, 0.0, 0.0, 0.0, 0.49476452078419125, 0.24738226039209565, 0.0, 0.0, 1.505235479215809, 0.7526177396079046, 0.0, 0.0, 0.0, 0.0, 0.0, 0.0, 0.0, 0.0, 0.0, 0.0, 0.0, 0.0, 0.0, 0.0, 1.2611857665838535, 0.0, 0.0, 0.0, 1.7388142334161467, 0.0, 0.0, 0.0, 0.0, 0.0, 0.0, 0.0, 0.0, 0.0, 0.0, 0.0, 0.0, 0.0, 0.0, 0.0, 0.0, 0.0, 0.0, 0.0, 0.0, 0.0, 0.0, 0.0, 0.0, 0.0, 0.0, 0.0, 0.0, 1.5100122391148727, 0.7550061195574365, 0.0, 0.48998776088512735, 0.2449938804425637, 0.0, 0.0, 0.0, 0.0, 0.0, 0.0, 0.0, 0.0, 0.0, 0.0, 0.0, 0.0, 0.0, 0.0, 0.2461056704949541, 0.6067783125539935, 0.0, 0.0, 0.0, 0.0, 0.0, 0.0, 0.0, 0.0, 0.0, 0.0, 0.0, 0.0, 0.0, 0.0, 0.0, 0.0, 0.0, 0.0, 0.0, 0.0, 0.0, 0.0, 0.6427438489575162, 0.13380291531730057, 0.0, 0.3213719244787581, 0.0, 0.0, 0.0, 0.0, 1.3572561510424836, 0.2825461964923857, 0.0, 0.6786280755212418, 0.0, 0.0, 0.0, 2.265018358672309, 1.6846246368335207, 0.8528839830489476, 0.0, 0.0, 2.71683572761819, 0.7349816413276911, 0.0, 0.0, 0.0, 0.0, 0.0, 0.0, 0.0, 0.0, 7.361680893495031, 0.0, 0.0, 0.0, 3.0, 0.742146781176287, 2.2578532188237133, 0.0, 0.6383191065049686, 0.0, 3.0, 0.17289051001851072, 1.3212802696051877, 0.0, 0.0, 0.0, 0.0, 0.0, 0.0, 0.0, 0.6787197303948121, 1.097918688753575, 0.0, 0.0, 3.0, 0.0, 0.0, 2.2578532188237137, 0.0, 2.8443821160117353, 0.0, 0.0, 0.0, 0.0, 0.0, 0.0, 2.430973701359073, 0.0, 0.0, 5.89902625135679, 0.0, 0.0, 0.0, 0.0, 0.0, 0.1556178839882644, 0.0, 0.0, 0.0, 3.025311053558097, 0.0, 0.0, 2.3184304230561112, 2.0, 0.41634911180968626, 0.0, 1.0, 0.2461056704949541, 0.6067783125539935, 0.0, 0.0, 2.0, 1.0, 0.0, 0.0, 0.0, 0.0, 1.2611857665838535, 0.0, 0.0, 0.0, 1.7388142334161467, 0.0, 0.0, 2.0, 1.0, 0.17289051001851072, 0.0, 0.0, 4.6582366311655505, 3.341763368834449, 0.0, 0.0, 0.8564004536865623, 0.8359341484581463, 1.3076653978552915, 2.0, 6.0, 0.0, 2.0, 1.0, 0.0, 0.0, 1.1797954813983091, 1.2511782199607637, 0.0, 0.0, 5.0, 2.5836508881903137, 2.0, 0.0, 0.0, 1.0, 2.0, 0.0, 0.0, 0.0, 0.7388142334161465, 1.361680893495031, 0.0, 0.0, 0.0, 1.753894329505046, 0.0, 0.0, 0.0, 0.0, 0.0, 0.0, 0.0, 0.0, 0.0, 0.0, 0.26118576658385334, 0.21644553264647845, 0.0, 0.0, 0.0, 0.0, 0.0, 0.0, 0.0, 0.0, 2.0, 0.0, 3.0, 0.0, 0.0, 0.0, 0.0, 0.0, 0.0, 0.0, 0.0, 0.0, 0.0, 0.0, 0.0, 0.0, 0.6383191065049691, 0.0, 0.0, 0.0, 0.0, 0.0, 0.0, 0.0, 0.0, 0.0, 0.0, 0.0, 0.0, 0.0, 1.3417633688344495, 0.16406585154185233, 1.8271094899814893, 0.0, 0.0, 0.0, 0.0, 6.0, 0.0, 0.0, 0.0, 0.0, 0.7835544673535215, 0.0, 0.0, 0.0, 0.0, 0.0, 0.0, 0.39322168744600655, 0.820204518601691, 0.0, 0.0, 0.0, 0.0, 0.0, 0.0, 0.0, 0.0, 0.0, 0.0, 0.0, 0.0, 0.0, 0.0, 1.4070584112047875, 0.0, 0.0, 0.0, 0.0, 0.0, 0.0, 0.0, 0.0, 0.0, 0.0, 0.0, 0.0, 0.938302227813439, 0.0, 0.0, 0.0, 0.0, 0.20529731849999894, 0.0, 0.0, 4.692334602144708, 0.0, 0.0, 0.0, 0.0, 0.0, 0.7550061195574364, 0.2221390016063256, 1.0, 0.0, 0.0, 0.3396044659522737, 0.24499388044256368, 0.0, 0.0, 0.0, 0.0, 0.0, 0.0, 0.0, 0.0, 0.9202101116868788, 0.0, 0.0, 0.0, 1.0, 0.24738226039209565, 0.28223165235296416, 0.0, 0.07978988831312107, 0.0, 1.0, 1.0, 0.6606401348025939, 0.0, 0.0, 1.0, 0.0, 0.0, 0.0, 0.0, 0.3393598651974061, 0.3213719244787581, 0.0, 0.0, 1.0, 0.0, 0.0, 0.7526177396079046, 0.0, 0.9481273720039118, 0.0, 0.0, 0.0, 0.0, 0.0, 0.0, 1.0, 0.0, 0.0, 0.777860998393674, 0.0, 0.0, 0.0, 0.0, 0.0, 0.05187262799608813, 0.0, 0.0, 0.0, 0.3781638816947621, 0.0, 0.0, 0.6786280755212418]  :with objective: -588.8986365323875

  Local solver returns a feasible point with value -588.8986
disc:  333  :[0.0, 1.8, 2.0]
disc:  334  :[0.0, 1.0163491118096863, 6.0]
disc:  335  :[0.0, 0.1, 1.0]
disc:  336  :[0.0, 0.9, 1.0]
disc:  337  :[0.0, 0.04610567049495409, 0.4461056704949541, 2.0]
disc:  338  :[0.0, 0.5067783125539935, 0.7067783125539935, 1.0]
disc:  339  :[0.0, 0.2, 2.0]
disc:  340  :[0.0, 0.2, 2.0]
disc:  341  :[0.0, 1.8, 2.0]
disc:  342  :[0.0, 0.9, 1.0]
disc:  343  :[0.0, 0.2, 2.0]
disc:  344  :[0.0, 0.2, 2.0]
disc:  345  :[0.0, 0.1, 1.0]
disc:  346  :[0.0, 0.3, 3.0]
disc:  347  :[0.0, 1.0611857665838536, 1.4611857665838535, 2.0]
disc:  348  :[0.0, 0.6, 6.0]
disc:  349  :[0.0, 0.2, 2.0]
disc:  350  :[0.0, 0.1, 1.0]
disc:  351  :[0.0, 1.5388142334161468, 1.9388142334161467, 2.0]
disc:  352  :[0.0, 0.6, 6.0]
disc:  353  :[0.0, 0.1, 1.0]
disc:  354  :[0.0, 1.8, 2.0]
disc:  355  :[0.0, 0.9, 1.0]
disc:  356  :[0.0, 0.3728905100185107, 2.0]
disc:  357  :[0.0, 0.1, 1.0]
disc:  358  :[0.0, 0.2, 2.0]
disc:  359  :[0.0, 4.058236631165551, 5.25823663116555, 6.0]
disc:  360  :[0.0, 2.741763368834449, 3.941763368834449, 6.0]
disc:  361  :[0.0, 0.2, 2.0]
disc:  362  :[0.0, 0.1, 1.0]
disc:  363  :[0.0, 0.6564004536865622, 1.0564004536865623, 2.0]
disc:  364  :[0.0, 0.7359341484581463, 0.9359341484581463, 1.0]
disc:  365  :[0.0, 1.0076653978552914, 1.6076653978552915, 3.0]
disc:  366  :[0.0, 1.8, 2.0]
disc:  367  :[0.0, 5.4, 6.0]
disc:  368  :[0.0, 0.2, 2.0]
disc:  369  :[0.0, 1.8, 2.0]
disc:  370  :[0.0, 0.9, 1.0]
disc:  371  :[0.0, 0.2, 2.0]
disc:  372  :[0.0, 0.2, 2.0]
disc:  373  :[0.0, 0.9797954813983092, 1.379795481398309, 2.0]
disc:  374  :[0.0, 0.6511782199607637, 1.8511782199607638, 6.0]
disc:  375  :[0.0, 0.2, 2.0]
disc:  376  :[0.0, 0.2, 2.0]
disc:  377  :[0.0, 4.4, 5.6, 6.0]
disc:  378  :[0.0, 1.9836508881903137, 3.183650888190314, 6.0]
disc:  379  :[0.0, 1.8, 2.0]
disc:  380  :[0.0, 0.1, 1.0]
disc:  381  :[0.0, 0.3, 3.0]
disc:  382  :[0.0, 0.7, 1.3, 3.0]
disc:  383  :[0.0, 1.8, 2.0]
disc:  384  :[0.0, 0.6, 6.0]
disc:  385  :[0.0, 0.2, 2.0]
disc:  502  :[0.0, 0.1, 1.0]
disc:  503  :[0.0, 0.1, 1.0]
disc:  504  :[0.0, 0.1, 1.0]
disc:  505  :[0.0, 0.6550061195574364, 0.8550061195574363, 1.0]
disc:  506  :[0.0, 0.1221390016063256, 0.3221390016063256, 1.0]
disc:  507  :[0.0, 0.9, 1.0]
disc:  508  :[0.0, 0.1, 1.0]
disc:  509  :[0.0, 0.1, 1.0]
disc:  510  :[0.0, 0.23960446595227372, 0.43960446595227376, 1.0]
disc:  511  :[0.0, 0.14499388044256367, 0.3449938804425637, 1.0]
disc:  512  :[0.0, 0.1, 1.0]
disc:  513  :[0.0, 0.1, 1.0]
disc:  514  :[0.0, 0.1, 1.0]
disc:  515  :[0.0, 0.1, 1.0]
disc:  516  :[0.0, 0.1, 1.0]
disc:  517  :[0.0, 0.1, 1.0]
disc:  518  :[0.0, 0.1, 1.0]
disc:  519  :[0.0, 0.1, 1.0]
disc:  520  :[0.0, 0.8202101116868789, 1.0]
disc:  521  :[0.0, 0.1, 1.0]
disc:  522  :[0.0, 0.1, 1.0]
disc:  523  :[0.0, 0.1, 1.0]
disc:  524  :[0.0, 0.9, 1.0]
disc:  525  :[0.0, 0.14738226039209565, 0.34738226039209563, 1.0]
disc:  526  :[0.0, 0.18223165235296415, 0.3822316523529642, 1.0]
disc:  527  :[0.0, 0.1, 1.0]
disc:  528  :[0.0, 0.1797898883131211, 1.0]
disc:  529  :[0.0, 0.1, 1.0]
disc:  530  :[0.0, 0.9, 1.0]
disc:  531  :[0.0, 0.9, 1.0]
disc:  532  :[0.0, 0.5606401348025939, 0.7606401348025938, 1.0]
disc:  533  :[0.0, 0.1, 1.0]
disc:  534  :[0.0, 0.1, 1.0]
disc:  535  :[0.0, 0.9, 1.0]
disc:  536  :[0.0, 0.1, 1.0]
disc:  537  :[0.0, 0.1, 1.0]
disc:  538  :[0.0, 0.1, 1.0]
disc:  539  :[0.0, 0.1, 1.0]
disc:  540  :[0.0, 0.23935986519740607, 0.4393598651974061, 1.0]
disc:  541  :[0.0, 0.22137192447875811, 0.42137192447875815, 1.0]
disc:  542  :[0.0, 0.1, 1.0]
disc:  543  :[0.0, 0.1, 1.0]
disc:  544  :[0.0, 0.9, 1.0]
disc:  545  :[0.0, 0.1, 1.0]
disc:  546  :[0.0, 0.1, 1.0]
disc:  547  :[0.0, 0.6526177396079046, 0.8526177396079045, 1.0]
disc:  548  :[0.0, 0.1, 1.0]
disc:  549  :[0.0, 0.8481273720039119, 1.0]
disc:  550  :[0.0, 0.1, 1.0]
disc:  551  :[0.0, 0.1, 1.0]
disc:  552  :[0.0, 0.1, 1.0]
disc:  553  :[0.0, 0.1, 1.0]
disc:  554  :[0.0, 0.1, 1.0]
disc:  555  :[0.0, 0.1, 1.0]
disc:  556  :[0.0, 0.9, 1.0]
disc:  557  :[0.0, 0.1, 1.0]
disc:  558  :[0.0, 0.1, 1.0]
disc:  559  :[0.0, 0.677860998393674, 0.8778609983936739, 1.0]
disc:  560  :[0.0, 0.1, 1.0]
disc:  561  :[0.0, 0.1, 1.0]
disc:  562  :[0.0, 0.1, 1.0]
disc:  563  :[0.0, 0.1, 1.0]
disc:  564  :[0.0, 0.1, 1.0]
disc:  565  :[0.0, 0.15187262799608814, 1.0]
disc:  566  :[0.0, 0.1, 1.0]
disc:  567  :[0.0, 0.1, 1.0]
disc:  568  :[0.0, 0.1, 1.0]
disc:  569  :[0.0, 0.27816388169476214, 0.4781638816947621, 1.0]
disc:  570  :[0.0, 0.1, 1.0]
disc:  571  :[0.0, 0.1, 1.0]
disc:  572  :[0.0, 0.5786280755212418, 0.7786280755212418, 1.0]
  Completed presolve in 7.21s
LOWER-BOUNDING ITERATIONS
====================================================================================================
| Iter   | Incumbent       | Best Incumbent      | Lower Bound        | Gap (%)         | Time      
| finish | -588.8986       | -588.8986           | -634.3541          | 7.719           | 18.25s           
Final UBD: -588.8986365323875
Final LBD: -634.3540838820638
====================================================================================================

*** Alpine ended with status OTHER_LIMIT ***

 Total time for local solves: 5.02s

 Total time for solving max-min problems: 0.0s

 Total time excluding max-min time: 18.25s

presolve objective value: -588.8986365323875
w_opt: 1-dimensional DenseAxisArray{Float64,1,...} with index sets:
    Dimension 1, [(25, 1, 2), (25, 1, 1), (25, 1, 14), (20, 1, 2), (20, 1, 1), (20, 1, 14), (1, 1, 2), (1, 1, 1), (1, 1, 14), (2, 1, 2)  …  (20, 15, 23), (20, 15, 3), (8, 15, 30), (8, 15, 29), (8, 15, 23), (8, 15, 3), (2, 15, 30), (2, 15, 29), (2, 15, 23), (2, 15, 3)]
And data, a 261-element Vector{Float64}:
 1.3212802696051877
 0.0
 0.0
 0.6787197303948121
 0.0
 0.0
 0.0
 0.0
 0.0
 0.0
 0.0
 0.0
 0.0
 0.0
 0.0
 0.0
 2.0
 0.0
 0.0
 1.0
 0.0
 0.0
 0.0
 0.0
 0.0
 0.0
 0.0
 0.0
 0.0
 1.110695008031628
 0.5739296288018927
 0.0
 0.0
 0.0
 0.0
 3.8893049919683698
 2.00972125938842
 0.0
 0.0
 0.0
 0.0
 0.0
 0.0
 0.0
 0.0
 0.0
 0.0
 0.0
 0.0
 1.1797954813983091
 1.2511782199607637
 0.0
 0.0
 0.0
 0.0
 0.0
 0.0
 0.0
 0.0
 2.0
 1.0
 0.0
 0.0
 0.0
 0.0
 0.0
 0.0
 0.0
 0.0
 0.0
 0.0
 0.6792089319045475
 2.0376267957136425
 0.0
 0.0
 0.0
 0.0
 0.5644633047059283
 1.6933899141177848
 0.0
 0.0
 0.0
 0.0
 0.0
 0.0
 0.0
 0.0
 0.0
 0.0
 0.0
 0.0
 0.0
 0.7563277633895242
 2.2689832901685727
 0.0
 0.0
 0.0
 0.0
 0.0
 0.0
 0.0
 0.8119767115367982
 0.7925720473459501
 1.2398333571289872
 0.04442374214976415
 0.04336210111219611
 0.06783204072630412
 0.0
 0.0
 0.0
 0.0
 0.0
 0.0
 0.0
 0.0
 0.0
 0.0
 0.0
 4.286556450628762
 3.075124442866269
 0.0
 0.0
 0.0
 0.37168018053678864
 0.26663892596817995
 0.0
 0.0
 0.0
 0.0
 0.0
 0.0
 0.0
 0.0
 0.0
 0.0
 0.0
 0.0
 0.0
 0.0
 0.0
 0.0
 0.0
 0.0
 0.0
 0.0
 0.0
 0.0
 0.17289051001851072
 0.0
 0.0
 0.0
 0.0
 0.0
 0.49476452078419125
 0.24738226039209565
 0.0
 0.0
 1.505235479215809
 0.7526177396079046
 0.0
 0.0
 0.0
 0.0
 0.0
 0.0
 0.0
 0.0
 0.0
 0.0
 0.0
 0.0
 0.0
 0.0
 1.2611857665838535
 0.0
 0.0
 0.0
 1.7388142334161467
 0.0
 0.0
 0.0
 0.0
 0.0
 0.0
 0.0
 0.0
 0.0
 0.0
 0.0
 0.0
 0.0
 0.0
 0.0
 0.0
 0.0
 0.0
 0.0
 0.0
 0.0
 0.0
 0.0
 0.0
 0.0
 0.0
 0.0
 0.0
 1.5100122391148727
 0.7550061195574365
 0.0
 0.48998776088512735
 0.2449938804425637
 0.0
 0.0
 0.0
 0.0
 0.0
 0.0
 0.0
 0.0
 0.0
 0.0
 0.0
 0.0
 0.0
 0.0
 0.2461056704949541
 0.6067783125539935
 0.0
 0.0
 0.0
 0.0
 0.0
 0.0
 0.0
 0.0
 0.0
 0.0
 0.0
 0.0
 0.0
 0.0
 0.0
 0.0
 0.0
 0.0
 0.0
 0.0
 0.0
 0.0
 0.6427438489575162
 0.13380291531730057
 0.0
 0.3213719244787581
 0.0
 0.0
 0.0
 0.0
 1.3572561510424836
 0.2825461964923857
 0.0
 0.6786280755212418
x_ij_opt: 1-dimensional DenseAxisArray{Float64,1,...} with index sets:
    Dimension 1, [(43, 30), (43, 22), (43, 6), (44, 22), (45, 30), (45, 29), (45, 28), (45, 24), (45, 23), (40, 29)  …  (5, 7), (5, 14), (6, 4), (6, 3), (1, 14), (1, 10), (1, 23), (1, 1), (3, 2), (3, 1)]
And data, a 116-element Vector{Float64}:
 0.0
 0.7388142334161465
 1.361680893495031
 0.0
 0.0
 0.0
 1.753894329505046
 0.0
 0.0
 0.0
 0.0
 0.0
 0.0
 0.0
 0.0
 0.0
 0.0
 0.26118576658385334
 0.21644553264647845
 0.0
 0.0
 0.0
 0.0
 0.0
 0.0
 0.0
 0.0
 2.0
 0.0
 3.0
 0.0
 0.0
 0.0
 0.0
 0.0
 0.0
 0.0
 0.0
 0.0
 0.0
 0.0
 0.0
 0.0
 0.6383191065049691
 0.0
 0.0
 0.0
 0.0
 0.0
 0.0
 0.0
 0.0
 0.0
 0.0
 0.0
 0.0
 0.0
 1.3417633688344495
 0.16406585154185233
 1.8271094899814893
 0.0
 0.0
 0.0
 0.0
 6.0
 0.0
 0.0
 0.0
 0.0
 0.7835544673535215
 0.0
 0.0
 0.0
 0.0
 0.0
 0.0
 0.39322168744600655
 0.820204518601691
 0.0
 0.0
 0.0
 0.0
 0.0
 0.0
 0.0
 0.0
 0.0
 0.0
 0.0
 0.0
 0.0
 0.0
 1.4070584112047875
 0.0
 0.0
 0.0
 0.0
 0.0
 0.0
 0.0
 0.0
 0.0
 0.0
 0.0
 0.0
 0.938302227813439
 0.0
 0.0
 0.0
 0.0
 0.20529731849999894
 0.0
 0.0
 4.692334602144708
 0.0
 0.0
x_il_opt: 1-dimensional DenseAxisArray{Float64,1,...} with index sets:
    Dimension 1, [(43, 15), (43, 14), (44, 15), (44, 13), (44, 3), (40, 14), (40, 2), (41, 14), (42, 6), (37, 13)  …  (4, 13), (5, 2), (5, 7), (5, 9), (6, 11), (1, 1), (1, 6), (1, 3), (2, 1), (2, 15)]
And data, a 71-element Vector{Float64}:
 0.0
 0.0
 0.0
 2.265018358672309
 1.6846246368335207
 0.8528839830489476
 0.0
 0.0
 2.71683572761819
 0.7349816413276911
 0.0
 0.0
 0.0
 0.0
 0.0
 0.0
 0.0
 0.0
 7.361680893495031
 0.0
 0.0
 0.0
 3.0
 0.742146781176287
 2.2578532188237133
 0.0
 0.6383191065049686
 0.0
 3.0
 0.17289051001851072
 1.3212802696051877
 0.0
 0.0
 0.0
 0.0
 0.0
 0.0
 0.0
 0.6787197303948121
 1.097918688753575
 0.0
 0.0
 3.0
 0.0
 0.0
 2.2578532188237137
 0.0
 2.8443821160117353
 0.0
 0.0
 0.0
 0.0
 0.0
 0.0
 2.430973701359073
 0.0
 0.0
 5.89902625135679
 0.0
 0.0
 0.0
 0.0
 0.0
 0.1556178839882644
 0.0
 0.0
 0.0
 3.025311053558097
 0.0
 0.0
 2.3184304230561112
x_lj_opt: 1-dimensional DenseAxisArray{Float64,1,...} with index sets:
    Dimension 1, [(15, 30), (15, 29), (15, 23), (15, 3), (14, 28), (14, 27), (14, 10), (14, 24), (13, 26), (13, 25)  …  (3, 6), (3, 5), (3, 29), (2, 4), (2, 3), (2, 1), (2, 5), (1, 2), (1, 1), (1, 14)]
And data, a 53-element Vector{Float64}:
 2.0
 0.41634911180968626
 0.0
 1.0
 0.2461056704949541
 0.6067783125539935
 0.0
 0.0
 2.0
 1.0
 0.0
 0.0
 0.0
 0.0
 1.2611857665838535
 0.0
 0.0
 0.0
 1.7388142334161467
 0.0
 0.0
 2.0
 1.0
 0.17289051001851072
 0.0
 0.0
 4.6582366311655505
 3.341763368834449
 0.0
 0.0
 0.8564004536865623
 0.8359341484581463
 1.3076653978552915
 2.0
 6.0
 0.0
 2.0
 1.0
 0.0
 0.0
 1.1797954813983091
 1.2511782199607637
 0.0
 0.0
 5.0
 2.5836508881903137
 2.0
 0.0
 0.0
 1.0
 2.0
 0.0
 0.0
q_opt: 1-dimensional DenseAxisArray{Float64,1,...} with index sets:
    Dimension 1, [(43, 15), (43, 14), (44, 15), (44, 13), (44, 3), (40, 14), (40, 2), (41, 14), (42, 6), (37, 13)  …  (4, 13), (5, 2), (5, 7), (5, 9), (6, 11), (1, 1), (1, 6), (1, 3), (2, 1), (2, 15)]
And data, a 71-element Vector{Float64}:
 0.0
 0.0
 0.0
 0.7550061195574364
 0.2221390016063256
 1.0
 0.0
 0.0
 0.3396044659522737
 0.24499388044256368
 0.0
 0.0
 0.0
 0.0
 0.0
 0.0
 0.0
 0.0
 0.9202101116868788
 0.0
 0.0
 0.0
 1.0
 0.24738226039209565
 0.28223165235296416
 0.0
 0.07978988831312107
 0.0
 1.0
 1.0
 0.6606401348025939
 0.0
 0.0
 1.0
 0.0
 0.0
 0.0
 0.0
 0.3393598651974061
 0.3213719244787581
 0.0
 0.0
 1.0
 0.0
 0.0
 0.7526177396079046
 0.0
 0.9481273720039118
 0.0
 0.0
 0.0
 0.0
 0.0
 0.0
 1.0
 0.0
 0.0
 0.777860998393674
 0.0
 0.0
 0.0
 0.0
 0.0
 0.05187262799608813
 0.0
 0.0
 0.0
 0.3781638816947621
 0.0
 0.0
 0.6786280755212418
