
PROBLEM STATISTICS
  Objective sense = Min
  # Variables = 572
  # Bin-Int Variables = 0
  # Constraints = 621
  # NL Constraints = 261
  # Linear Constraints = 360
  # Detected convex constraints = 0
  # Detected nonlinear terms = 261
  # Variables involved in nonlinear terms = 124
  # Potential variables for partitioning = 124
SUB-SOLVERS USED BY ALPINE
  NLP local solver = Knitro
  MIP solver = Gurobi
ALPINE CONFIGURATION
  Maximum iterations (lower-bounding MIPs) =  1
  Relative global optimality gap = 0.01%
  Potential variables chosen for partitioning = All
  Discretization ratio = 10
  Bound-tightening presolve = false
PRESOLVE 
  Doing local search

Feasible solution found during presolve: [1.2103039848763204, 0.0, 0.0, 0.7896960151236797, 0.0, 0.0, 0.0, 0.0, 0.0, 0.0, 0.0, 0.0, 0.0, 0.0, 0.0, 0.0, 1.7864732930578864, 0.0, 0.0, 1.2135267069421138, 0.0, 0.0, 0.0, 0.0, 0.0, 0.0, 0.0, 0.0, 0.0, 1.2605575284717638, 0.8463089701672694, 0.0, 0.0, 0.0, 0.0, 3.525915764586122, 2.367217736774845, 0.0, 0.0, 0.0, 0.0, 0.0, 0.0, 0.4531973515577508, 1.1046063275732416, 0.0, 0.0, 0.0, 0.0, 0.6573541970136565, 1.6022106108569865, 0.0, 0.0, 0.0, 0.0, 0.0, 0.0, 0.0, 0.0, 2.0, 1.0, 0.0, 0.0, 0.0, 0.0, 0.0, 0.0, 0.0, 0.0, 0.0, 0.0, 0.0, 0.0, 0.0, 0.6501873151004798, 1.9505619453014393, 0.0, 0.5544595090606448, 1.6633785271819344, 0.0, 0.0, 0.0, 0.0, 0.0, 0.0, 0.0, 0.0, 0.0, 0.0, 0.0, 0.0, 0.0, 0.7953531758388752, 2.386059527516626, 0.0, 0.0, 0.0, 0.0, 0.0, 0.0, 0.0, 1.2751653433251147, 0.418744318919998, 1.3060903377548874, 0.0, 0.0, 0.0, 0.0, 0.0, 0.0, 0.0, 0.0, 0.0, 0.0, 0.0, 0.0, 0.0, 0.0, 4.927508993600607, 1.9733515632592933, 0.0, 0.0, 0.0, 0.7848324780175613, 0.31430696512253825, 0.0, 0.0, 0.0, 0.0, 0.0, 0.0, 0.0, 0.0, 0.0, 0.0, 0.0, 0.0, 0.0, 0.0, 0.0, 0.0, 0.0, 0.0, 0.0, 0.0, 0.0, 0.0, 0.07461426989680829, 0.19232447678463777, 0.0, 0.0, 0.0, 0.0, 0.5214413091716138, 0.2607206545858069, 0.0, 0.0, 1.4785586908283863, 0.7392793454141932, 0.0, 0.0, 0.0, 0.0, 0.0, 0.0, 0.0, 0.0, 0.0, 0.0, 0.0, 0.0, 0.0, 0.0, 1.4756468987645257, 0.0, 0.0, 0.0, 0.518828568047534, 0.0, 0.0, 0.0, 0.0, 0.0, 0.0, 0.0, 0.0, 0.0, 0.0, 0.0, 0.0, 0.0, 0.0, 0.0, 0.0, 1.481171431952466, 0.9098220830925644, 0.6090064849549692, 0.0, 0.0, 0.0, 0.0, 0.0, 0.0, 0.0, 0.0, 0.0, 1.5641046273464, 0.7820523136732, 0.0, 0.0, 0.0, 0.0, 0.0, 0.0, 0.0, 0.4358953726536, 0.2179476863268, 0.0, 0.0, 0.0, 0.0, 0.0, 0.0, 0.0, 0.0, 0.2537049341751796, 0.5610585746082032, 0.0, 0.0, 0.0, 0.0, 0.0, 0.0, 0.0, 0.0, 0.0, 0.0, 0.0, 0.0, 0.0, 0.0, 0.0, 0.0, 0.0, 0.0, 0.0, 0.0, 0.0, 0.0, 0.4206792529809711, 0.4580075551117975, 0.0, 0.21033962649048565, 0.0, 0.0, 0.0, 0.0, 1.579320747019029, 1.7194592529911195, 0.0, 0.7896603735095145, 0.0, 0.0, 0.0, 2.3461569410196, 2.1068664986390333, 0.8147635087833828, 0.0, 0.0, 0.0, 0.0, 0.0, 3.0, 0.0, 0.0, 2.600749260401919, 0.0, 0.0, 0.0, 6.9008605568599, 0.0, 1.5578036791309924, 0.0, 3.0, 0.7821619637574206, 2.217838036242579, 0.0, 1.0991394431400996, 0.0, 1.9944754668120597, 0.26693874668144607, 1.2103039848763204, 0.6538430589804001, 0.0, 0.0, 0.0, 0.0, 0.0, 0.0, 0.7896960151236797, 1.0890264345832543, 0.0, 0.0, 3.0, 0.0, 0.0, 2.2178380362425796, 0.0, 3.0, 0.0, 0.0, 0.0, 0.0, 0.0, 0.0, 2.259564807870643, 0.0, 0.0, 5.893133501360967, 0.0, 0.0, 0.0, 0.0, 0.0, 0.0, 0.0, 0.0, 0.0, 3.181412703355501, 0.0, 0.0, 4.088440373519663, 2.0, 2.177466808102917, 0.0, 1.0, 0.2537049341751796, 0.5610585746082032, 0.0, 0.0, 2.0, 1.0, 0.0, 1.481171431952466, 0.9098220830925644, 0.6090064849549692, 1.4756468987645257, 0.0, 0.0, 0.0, 0.518828568047534, 0.0, 0.0, 2.0, 1.0, 0.07461426989680829, 0.19232447678463777, 0.0, 5.712341471618168, 2.2876585283818316, 0.0, 0.0, 1.2751653433251147, 0.4187443189199981, 1.3060903377548874, 2.0, 6.0, 0.0, 2.0, 1.0, 0.0, 0.0, 1.1105515485714073, 2.706816938430228, 0.0, 0.0, 4.786473293057886, 3.213526706942114, 1.7864732930578864, 0.0, 0.0, 1.2135267069421138, 2.0, 0.0, 0.0, 0.0, 0.5243531012354744, 1.4182190690280896, 0.0, 0.0, 0.0, 1.7462950658248204, 0.0, 0.0, 0.0, 0.0, 0.0, 0.0, 0.0, 0.0, 0.0, 0.0, 0.0, 0.0, 0.0, 0.0, 0.0, 0.0, 0.0, 0.0, 0.0, 0.0, 2.0, 0.0, 0.0, 0.0, 0.0, 0.0, 0.0, 0.0, 0.0, 0.0, 0.0, 0.0, 0.0, 0.0, 0.0, 0.0, 0.5817809309719105, 0.0, 0.0, 0.0, 0.0, 0.0, 0.0, 0.0, 0.0, 0.0, 0.0, 0.0, 1.0055245331879403, 0.0, 0.2876585283818317, 0.5812556810800019, 1.9253857301031918, 0.0, 0.0, 0.0, 0.0, 6.0, 0.0, 0.0, 0.0, 0.0, 0.8076755232153623, 0.0, 0.0, 0.0, 0.0, 0.0, 0.0, 0.43894142539179676, 0.8894484514285929, 0.0, 0.0, 0.0, 0.0, 0.0, 0.0, 0.0, 0.0, 0.0, 0.0, 0.0, 0.0, 0.0, 0.0, 0.0, 0.0, 0.0, 0.0, 0.0, 0.0, 0.0, 0.0, 0.0, 0.0, 0.0, 0.0, 0.0, 0.6903349391829344, 0.0, 0.0, 0.21352670694211368, 0.0, 0.03449971749195089, 0.0, 0.09017791690743558, 4.693909662245113, 0.0, 0.0, 0.0, 0.0, 0.0, 0.7820523136732, 0.26335831232987916, 1.0, 0.0, 0.0, 0.0, 0.0, 0.0, 1.0, 0.0, 0.0, 0.3250936575502399, 0.0, 0.0, 0.0, 0.8626075696074875, 0.0, 0.4080831296311598, 0.0, 1.0, 0.2607206545858069, 0.2772297545303224, 0.0, 0.13739243039251245, 0.0, 1.0, 1.0, 0.6051519924381602, 0.2179476863268, 0.0, 0.0, 0.0, 0.0, 0.0, 0.0, 0.39484800756183985, 0.21033962649048565, 0.0, 0.0, 1.0, 0.0, 0.0, 0.7392793454141932, 0.0, 1.0, 0.0, 0.0, 0.0, 0.0, 0.0, 0.0, 0.5919168703688403, 0.0, 0.0, 0.7366416876701207, 0.0, 0.0, 0.0, 0.0, 0.0, 0.0, 0.0, 0.0, 0.0, 0.3976765879194376, 0.0, 0.0, 0.7896603735095145]  :with objective: -616.6655047944881

  Local solver returns a feasible point with value -616.6655
disc:  333  :[0.0, 1.8, 2.0]
disc:  334  :[0.0, 1.5774668081029168, 2.777466808102917, 6.0]
disc:  335  :[0.0, 0.1, 1.0]
disc:  336  :[0.0, 0.9, 1.0]
disc:  337  :[0.0, 0.053704934175179575, 0.4537049341751796, 2.0]
disc:  338  :[0.0, 0.4610585746082032, 0.6610585746082032, 1.0]
disc:  339  :[0.0, 0.2, 2.0]
disc:  340  :[0.0, 0.2, 2.0]
disc:  341  :[0.0, 1.8, 2.0]
disc:  342  :[0.0, 0.9, 1.0]
disc:  343  :[0.0, 0.2, 2.0]
disc:  344  :[0.0, 1.281171431952466, 1.681171431952466, 2.0]
disc:  345  :[0.0, 0.8098220830925644, 1.0]
disc:  346  :[0.0, 0.30900648495496924, 0.9090064849549693, 3.0]
disc:  347  :[0.0, 1.2756468987645257, 1.6756468987645257, 2.0]
disc:  348  :[0.0, 0.6, 6.0]
disc:  349  :[0.0, 0.2, 2.0]
disc:  350  :[0.0, 0.1, 1.0]
disc:  351  :[0.0, 0.31882856804753396, 0.7188285680475339, 2.0]
disc:  352  :[0.0, 0.6, 6.0]
disc:  353  :[0.0, 0.1, 1.0]
disc:  354  :[0.0, 1.8, 2.0]
disc:  355  :[0.0, 0.9, 1.0]
disc:  356  :[0.0, 0.2746142698968083, 2.0]
disc:  357  :[0.0, 0.09232447678463776, 0.2923244767846378, 1.0]
disc:  358  :[0.0, 0.2, 2.0]
disc:  359  :[0.0, 5.112341471618168, 6.0]
disc:  360  :[0.0, 1.6876585283818315, 2.8876585283818317, 6.0]
disc:  361  :[0.0, 0.2, 2.0]
disc:  362  :[0.0, 0.1, 1.0]
disc:  363  :[0.0, 1.0751653433251147, 1.4751653433251146, 2.0]
disc:  364  :[0.0, 0.3187443189199981, 0.5187443189199981, 1.0]
disc:  365  :[0.0, 1.0060903377548873, 1.6060903377548874, 3.0]
disc:  366  :[0.0, 1.8, 2.0]
disc:  367  :[0.0, 5.4, 6.0]
disc:  368  :[0.0, 0.2, 2.0]
disc:  369  :[0.0, 1.8, 2.0]
disc:  370  :[0.0, 0.9, 1.0]
disc:  371  :[0.0, 0.2, 2.0]
disc:  372  :[0.0, 0.2, 2.0]
disc:  373  :[0.0, 0.9105515485714073, 1.3105515485714072, 2.0]
disc:  374  :[0.0, 2.106816938430228, 3.306816938430228, 6.0]
disc:  375  :[0.0, 0.2, 2.0]
disc:  376  :[0.0, 0.2, 2.0]
disc:  377  :[0.0, 4.186473293057887, 5.386473293057886, 6.0]
disc:  378  :[0.0, 2.613526706942114, 3.813526706942114, 6.0]
disc:  379  :[0.0, 1.5864732930578864, 1.9864732930578863, 2.0]
disc:  380  :[0.0, 0.1, 1.0]
disc:  381  :[0.0, 0.3, 3.0]
disc:  382  :[0.0, 0.9135267069421138, 1.5135267069421139, 3.0]
disc:  383  :[0.0, 1.8, 2.0]
disc:  384  :[0.0, 0.6, 6.0]
disc:  385  :[0.0, 0.2, 2.0]
disc:  502  :[0.0, 0.1, 1.0]
disc:  503  :[0.0, 0.1, 1.0]
disc:  504  :[0.0, 0.1, 1.0]
disc:  505  :[0.0, 0.6820523136732001, 0.8820523136732, 1.0]
disc:  506  :[0.0, 0.16335831232987916, 0.36335831232987914, 1.0]
disc:  507  :[0.0, 0.9, 1.0]
disc:  508  :[0.0, 0.1, 1.0]
disc:  509  :[0.0, 0.1, 1.0]
disc:  510  :[0.0, 0.1, 1.0]
disc:  511  :[0.0, 0.1, 1.0]
disc:  512  :[0.0, 0.1, 1.0]
disc:  513  :[0.0, 0.9, 1.0]
disc:  514  :[0.0, 0.1, 1.0]
disc:  515  :[0.0, 0.1, 1.0]
disc:  516  :[0.0, 0.22509365755023988, 0.42509365755023987, 1.0]
disc:  517  :[0.0, 0.1, 1.0]
disc:  518  :[0.0, 0.1, 1.0]
disc:  519  :[0.0, 0.1, 1.0]
disc:  520  :[0.0, 0.7626075696074875, 0.9626075696074875, 1.0]
disc:  521  :[0.0, 0.1, 1.0]
disc:  522  :[0.0, 0.3080831296311598, 0.5080831296311598, 1.0]
disc:  523  :[0.0, 0.1, 1.0]
disc:  524  :[0.0, 0.9, 1.0]
disc:  525  :[0.0, 0.1607206545858069, 0.36072065458580693, 1.0]
disc:  526  :[0.0, 0.1772297545303224, 0.37722975453032237, 1.0]
disc:  527  :[0.0, 0.1, 1.0]
disc:  528  :[0.0, 0.037392430392512443, 0.23739243039251245, 1.0]
disc:  529  :[0.0, 0.1, 1.0]
disc:  530  :[0.0, 0.9, 1.0]
disc:  531  :[0.0, 0.9, 1.0]
disc:  532  :[0.0, 0.5051519924381602, 0.7051519924381602, 1.0]
disc:  533  :[0.0, 0.1179476863268, 0.31794768632680004, 1.0]
disc:  534  :[0.0, 0.1, 1.0]
disc:  535  :[0.0, 0.1, 1.0]
disc:  536  :[0.0, 0.1, 1.0]
disc:  537  :[0.0, 0.1, 1.0]
disc:  538  :[0.0, 0.1, 1.0]
disc:  539  :[0.0, 0.1, 1.0]
disc:  540  :[0.0, 0.2948480075618398, 0.4948480075618399, 1.0]
disc:  541  :[0.0, 0.11033962649048565, 0.31033962649048563, 1.0]
disc:  542  :[0.0, 0.1, 1.0]
disc:  543  :[0.0, 0.1, 1.0]
disc:  544  :[0.0, 0.9, 1.0]
disc:  545  :[0.0, 0.1, 1.0]
disc:  546  :[0.0, 0.1, 1.0]
disc:  547  :[0.0, 0.6392793454141932, 0.8392793454141931, 1.0]
disc:  548  :[0.0, 0.1, 1.0]
disc:  549  :[0.0, 0.9, 1.0]
disc:  550  :[0.0, 0.1, 1.0]
disc:  551  :[0.0, 0.1, 1.0]
disc:  552  :[0.0, 0.1, 1.0]
disc:  553  :[0.0, 0.1, 1.0]
disc:  554  :[0.0, 0.1, 1.0]
disc:  555  :[0.0, 0.1, 1.0]
disc:  556  :[0.0, 0.49191687036884035, 0.6919168703688403, 1.0]
disc:  557  :[0.0, 0.1, 1.0]
disc:  558  :[0.0, 0.1, 1.0]
disc:  559  :[0.0, 0.6366416876701207, 0.8366416876701207, 1.0]
disc:  560  :[0.0, 0.1, 1.0]
disc:  561  :[0.0, 0.1, 1.0]
disc:  562  :[0.0, 0.1, 1.0]
disc:  563  :[0.0, 0.1, 1.0]
disc:  564  :[0.0, 0.1, 1.0]
disc:  565  :[0.0, 0.1, 1.0]
disc:  566  :[0.0, 0.1, 1.0]
disc:  567  :[0.0, 0.1, 1.0]
disc:  568  :[0.0, 0.1, 1.0]
disc:  569  :[0.0, 0.29767658791943763, 0.4976765879194376, 1.0]
disc:  570  :[0.0, 0.1, 1.0]
disc:  571  :[0.0, 0.1, 1.0]
disc:  572  :[0.0, 0.6896603735095145, 0.8896603735095144, 1.0]
  Completed presolve in 12.95s
LOWER-BOUNDING ITERATIONS
====================================================================================================
| Iter   | Incumbent       | Best Incumbent      | Lower Bound        | Gap (%)         | Time      
| finish | -616.6655       | -616.6655           | -623.9125          | 1.175           | 31.13s           
Final UBD: -616.6655047944881
Final LBD: -623.9125295104084
====================================================================================================

*** Alpine ended with status OTHER_LIMIT ***

 Total time for local solves: 10.76s

 Total time for solving max-min problems: 0.0s

 Total time excluding max-min time: 31.13s

presolve objective value: -616.6655047944881
w_opt: 1-dimensional DenseAxisArray{Float64,1,...} with index sets:
    Dimension 1, [(25, 1, 2), (25, 1, 1), (25, 1, 14), (20, 1, 2), (20, 1, 1), (20, 1, 14), (1, 1, 2), (1, 1, 1), (1, 1, 14), (2, 1, 2)  …  (20, 15, 23), (20, 15, 3), (8, 15, 30), (8, 15, 29), (8, 15, 23), (8, 15, 3), (2, 15, 30), (2, 15, 29), (2, 15, 23), (2, 15, 3)]
And data, a 261-element Vector{Float64}:
 1.2103039848763204
 0.0
 0.0
 0.7896960151236797
 0.0
 0.0
 0.0
 0.0
 0.0
 0.0
 0.0
 0.0
 0.0
 0.0
 0.0
 0.0
 1.7864732930578864
 0.0
 0.0
 1.2135267069421138
 0.0
 0.0
 0.0
 0.0
 0.0
 0.0
 0.0
 0.0
 0.0
 1.2605575284717638
 0.8463089701672694
 0.0
 0.0
 0.0
 0.0
 3.525915764586122
 2.367217736774845
 0.0
 0.0
 0.0
 0.0
 0.0
 0.0
 0.4531973515577508
 1.1046063275732416
 0.0
 0.0
 0.0
 0.0
 0.6573541970136565
 1.6022106108569865
 0.0
 0.0
 0.0
 0.0
 0.0
 0.0
 0.0
 0.0
 2.0
 1.0
 0.0
 0.0
 0.0
 0.0
 0.0
 0.0
 0.0
 0.0
 0.0
 0.0
 0.0
 0.0
 0.0
 0.6501873151004798
 1.9505619453014393
 0.0
 0.5544595090606448
 1.6633785271819344
 0.0
 0.0
 0.0
 0.0
 0.0
 0.0
 0.0
 0.0
 0.0
 0.0
 0.0
 0.0
 0.0
 0.7953531758388752
 2.386059527516626
 0.0
 0.0
 0.0
 0.0
 0.0
 0.0
 0.0
 1.2751653433251147
 0.418744318919998
 1.3060903377548874
 0.0
 0.0
 0.0
 0.0
 0.0
 0.0
 0.0
 0.0
 0.0
 0.0
 0.0
 0.0
 0.0
 0.0
 4.927508993600607
 1.9733515632592933
 0.0
 0.0
 0.0
 0.7848324780175613
 0.31430696512253825
 0.0
 0.0
 0.0
 0.0
 0.0
 0.0
 0.0
 0.0
 0.0
 0.0
 0.0
 0.0
 0.0
 0.0
 0.0
 0.0
 0.0
 0.0
 0.0
 0.0
 0.0
 0.0
 0.07461426989680829
 0.19232447678463777
 0.0
 0.0
 0.0
 0.0
 0.5214413091716138
 0.2607206545858069
 0.0
 0.0
 1.4785586908283863
 0.7392793454141932
 0.0
 0.0
 0.0
 0.0
 0.0
 0.0
 0.0
 0.0
 0.0
 0.0
 0.0
 0.0
 0.0
 0.0
 1.4756468987645257
 0.0
 0.0
 0.0
 0.518828568047534
 0.0
 0.0
 0.0
 0.0
 0.0
 0.0
 0.0
 0.0
 0.0
 0.0
 0.0
 0.0
 0.0
 0.0
 0.0
 0.0
 1.481171431952466
 0.9098220830925644
 0.6090064849549692
 0.0
 0.0
 0.0
 0.0
 0.0
 0.0
 0.0
 0.0
 0.0
 1.5641046273464
 0.7820523136732
 0.0
 0.0
 0.0
 0.0
 0.0
 0.0
 0.0
 0.4358953726536
 0.2179476863268
 0.0
 0.0
 0.0
 0.0
 0.0
 0.0
 0.0
 0.0
 0.2537049341751796
 0.5610585746082032
 0.0
 0.0
 0.0
 0.0
 0.0
 0.0
 0.0
 0.0
 0.0
 0.0
 0.0
 0.0
 0.0
 0.0
 0.0
 0.0
 0.0
 0.0
 0.0
 0.0
 0.0
 0.0
 0.4206792529809711
 0.4580075551117975
 0.0
 0.21033962649048565
 0.0
 0.0
 0.0
 0.0
 1.579320747019029
 1.7194592529911195
 0.0
 0.7896603735095145
x_ij_opt: 1-dimensional DenseAxisArray{Float64,1,...} with index sets:
    Dimension 1, [(43, 30), (43, 22), (43, 6), (44, 22), (45, 30), (45, 29), (45, 28), (45, 24), (45, 23), (40, 29)  …  (5, 7), (5, 14), (6, 4), (6, 3), (1, 14), (1, 10), (1, 23), (1, 1), (3, 2), (3, 1)]
And data, a 116-element Vector{Float64}:
 0.0
 0.5243531012354744
 1.4182190690280896
 0.0
 0.0
 0.0
 1.7462950658248204
 0.0
 0.0
 0.0
 0.0
 0.0
 0.0
 0.0
 0.0
 0.0
 0.0
 0.0
 0.0
 0.0
 0.0
 0.0
 0.0
 0.0
 0.0
 0.0
 0.0
 2.0
 0.0
 0.0
 0.0
 0.0
 0.0
 0.0
 0.0
 0.0
 0.0
 0.0
 0.0
 0.0
 0.0
 0.0
 0.0
 0.5817809309719105
 0.0
 0.0
 0.0
 0.0
 0.0
 0.0
 0.0
 0.0
 0.0
 0.0
 0.0
 1.0055245331879403
 0.0
 0.2876585283818317
 0.5812556810800019
 1.9253857301031918
 0.0
 0.0
 0.0
 0.0
 6.0
 0.0
 0.0
 0.0
 0.0
 0.8076755232153623
 0.0
 0.0
 0.0
 0.0
 0.0
 0.0
 0.43894142539179676
 0.8894484514285929
 0.0
 0.0
 0.0
 0.0
 0.0
 0.0
 0.0
 0.0
 0.0
 0.0
 0.0
 0.0
 0.0
 0.0
 0.0
 0.0
 0.0
 0.0
 0.0
 0.0
 0.0
 0.0
 0.0
 0.0
 0.0
 0.0
 0.0
 0.6903349391829344
 0.0
 0.0
 0.21352670694211368
 0.0
 0.03449971749195089
 0.0
 0.09017791690743558
 4.693909662245113
 0.0
 0.0
x_il_opt: 1-dimensional DenseAxisArray{Float64,1,...} with index sets:
    Dimension 1, [(43, 15), (43, 14), (44, 15), (44, 13), (44, 3), (40, 14), (40, 2), (41, 14), (42, 6), (37, 13)  …  (4, 13), (5, 2), (5, 7), (5, 9), (6, 11), (1, 1), (1, 6), (1, 3), (2, 1), (2, 15)]
And data, a 71-element Vector{Float64}:
 0.0
 0.0
 0.0
 2.3461569410196
 2.1068664986390333
 0.8147635087833828
 0.0
 0.0
 0.0
 0.0
 0.0
 3.0
 0.0
 0.0
 2.600749260401919
 0.0
 0.0
 0.0
 6.9008605568599
 0.0
 1.5578036791309924
 0.0
 3.0
 0.7821619637574206
 2.217838036242579
 0.0
 1.0991394431400996
 0.0
 1.9944754668120597
 0.26693874668144607
 1.2103039848763204
 0.6538430589804001
 0.0
 0.0
 0.0
 0.0
 0.0
 0.0
 0.7896960151236797
 1.0890264345832543
 0.0
 0.0
 3.0
 0.0
 0.0
 2.2178380362425796
 0.0
 3.0
 0.0
 0.0
 0.0
 0.0
 0.0
 0.0
 2.259564807870643
 0.0
 0.0
 5.893133501360967
 0.0
 0.0
 0.0
 0.0
 0.0
 0.0
 0.0
 0.0
 0.0
 3.181412703355501
 0.0
 0.0
 4.088440373519663
x_lj_opt: 1-dimensional DenseAxisArray{Float64,1,...} with index sets:
    Dimension 1, [(15, 30), (15, 29), (15, 23), (15, 3), (14, 28), (14, 27), (14, 10), (14, 24), (13, 26), (13, 25)  …  (3, 6), (3, 5), (3, 29), (2, 4), (2, 3), (2, 1), (2, 5), (1, 2), (1, 1), (1, 14)]
And data, a 53-element Vector{Float64}:
 2.0
 2.177466808102917
 0.0
 1.0
 0.2537049341751796
 0.5610585746082032
 0.0
 0.0
 2.0
 1.0
 0.0
 1.481171431952466
 0.9098220830925644
 0.6090064849549692
 1.4756468987645257
 0.0
 0.0
 0.0
 0.518828568047534
 0.0
 0.0
 2.0
 1.0
 0.07461426989680829
 0.19232447678463777
 0.0
 5.712341471618168
 2.2876585283818316
 0.0
 0.0
 1.2751653433251147
 0.4187443189199981
 1.3060903377548874
 2.0
 6.0
 0.0
 2.0
 1.0
 0.0
 0.0
 1.1105515485714073
 2.706816938430228
 0.0
 0.0
 4.786473293057886
 3.213526706942114
 1.7864732930578864
 0.0
 0.0
 1.2135267069421138
 2.0
 0.0
 0.0
q_opt: 1-dimensional DenseAxisArray{Float64,1,...} with index sets:
    Dimension 1, [(43, 15), (43, 14), (44, 15), (44, 13), (44, 3), (40, 14), (40, 2), (41, 14), (42, 6), (37, 13)  …  (4, 13), (5, 2), (5, 7), (5, 9), (6, 11), (1, 1), (1, 6), (1, 3), (2, 1), (2, 15)]
And data, a 71-element Vector{Float64}:
 0.0
 0.0
 0.0
 0.7820523136732
 0.26335831232987916
 1.0
 0.0
 0.0
 0.0
 0.0
 0.0
 1.0
 0.0
 0.0
 0.3250936575502399
 0.0
 0.0
 0.0
 0.8626075696074875
 0.0
 0.4080831296311598
 0.0
 1.0
 0.2607206545858069
 0.2772297545303224
 0.0
 0.13739243039251245
 0.0
 1.0
 1.0
 0.6051519924381602
 0.2179476863268
 0.0
 0.0
 0.0
 0.0
 0.0
 0.0
 0.39484800756183985
 0.21033962649048565
 0.0
 0.0
 1.0
 0.0
 0.0
 0.7392793454141932
 0.0
 1.0
 0.0
 0.0
 0.0
 0.0
 0.0
 0.0
 0.5919168703688403
 0.0
 0.0
 0.7366416876701207
 0.0
 0.0
 0.0
 0.0
 0.0
 0.0
 0.0
 0.0
 0.0
 0.3976765879194376
 0.0
 0.0
 0.7896603735095145
