
PROBLEM STATISTICS
  Objective sense = Min
  # Variables = 572
  # Bin-Int Variables = 0
  # Constraints = 621
  # NL Constraints = 261
  # Linear Constraints = 360
  # Detected convex constraints = 0
  # Detected nonlinear terms = 261
  # Variables involved in nonlinear terms = 124
  # Potential variables for partitioning = 124
SUB-SOLVERS USED BY ALPINE
  NLP local solver = Knitro
  MIP solver = Gurobi
ALPINE CONFIGURATION
  Maximum iterations (lower-bounding MIPs) =  1
  Relative global optimality gap = 0.01%
  Potential variables chosen for partitioning = All
  Discretization ratio = 10
  Bound-tightening presolve = false
PRESOLVE 
  Doing local search

Feasible solution found during presolve: [1.136210882891729, 1.863789117108271, 0.0, 0.8509186709035109, 1.3958086322302226, 0.0, 0.0, 0.0, 0.0, 0.0, 0.0, 0.0, 0.0, 0.0, 0.0, 0.0, 2.0, 0.0, 0.0, 1.0, 0.0, 0.0, 0.0, 0.0, 0.0, 0.0, 0.0, 0.0, 0.0, 2.723460741908199, 0.919379805425296, 0.0, 0.0, 0.0, 0.0, 0.4672864201332601, 0.15774550791541425, 0.0, 0.0, 0.0, 0.0, 1.8092528379585413, 0.6107635393936427, 0.0, 0.0, 0.0, 0.0, 0.0, 0.0, 1.3543438663623228, 2.325824794019393, 0.0, 0.0, 0.0, 0.0, 0.0, 0.0, 0.0, 0.0, 2.0, 1.0, 0.0, 0.0, 0.0, 0.0, 0.0, 0.0, 0.0, 0.0, 0.0, 0.0, 0.0, 0.0, 0.0, 0.75, 2.25, 0.0, 0.47564438321717656, 1.4269331496515296, 0.0, 0.0, 0.0, 0.0, 0.0, 0.0, 0.0, 0.0, 0.0, 0.0, 0.0, 0.0, 0.0, 0.7743556167828236, 2.3230668503484706, 0.0, 0.0, 0.0, 0.0, 0.0, 0.0, 0.0, 1.8841103986149128, 0.7421589048550141, 0.37373069653007307, 0.0, 0.0, 0.0, 0.0, 0.0, 0.0, 0.0, 0.0, 0.0, 0.0, 0.0, 0.0, 0.0, 0.0, 5.549919981766085, 1.6114737529110938, 0.0, 0.23849957434426802, 0.0, 0.45008001823391475, 0.13068515194392027, 0.0, 0.019341520800717972, 0.0, 0.0, 0.0, 0.0, 0.0, 0.0, 0.0, 0.0, 0.0, 0.0, 0.0, 0.0, 0.0, 0.0, 0.0, 0.0, 0.0, 0.0, 0.0, 0.0, 0.0, 0.0, 0.0, 0.0, 0.2003641970001272, 0.0, 0.731614978087529, 0.3658074890437645, 0.0, 0.0, 1.268385021912471, 0.6341925109562355, 0.0, 0.0, 0.0, 0.0, 0.0, 0.0, 0.0, 0.0, 0.0, 0.0, 0.0, 0.0, 0.0, 0.0, 1.898465516350935, 0.0, 0.0, 0.0, 0.40733899909877314, 0.0, 0.0, 0.0, 0.0, 0.0, 0.0, 0.0, 0.0, 0.0, 0.0, 0.0, 0.0, 0.0, 0.0, 0.0, 0.0, 1.592661000901227, 1.0, 0.40733899909877297, 0.0, 0.0, 0.0, 0.0, 0.0, 0.0, 0.0, 0.0, 0.0, 1.463226586859752, 0.7221971038940991, 0.009416189535776828, 0.5367734131402481, 0.2649324499011404, 0.0034542566689836044, 0.0, 0.0, 0.0, 0.0, 0.0, 0.0, 0.0, 0.0, 0.0, 0.0, 0.0, 0.0, 0.0, 0.7156240875443064, 0.7579187065179641, 0.0, 0.0, 0.0, 0.0, 0.0, 0.0, 0.0, 0.0, 0.0, 0.0, 0.0, 0.0, 0.0, 0.0, 0.0, 0.0, 0.0, 0.0, 0.0, 0.0, 0.0, 0.0, 0.0, 0.0, 0.0, 0.0, 0.0, 0.0, 0.0, 0.0, 1.1532225067943762, 3.9047721481668733, 0.0, 0.8706908940424448, 0.0, 0.0, 0.0, 2.194839880289628, 3.642840547333495, 1.4735427940622705, 0.0, 0.0, 0.0, 0.805160119710372, 0.0, 3.0, 0.0, 0.0, 3.0, 0.0, 0.0, 0.0, 7.399893309021447, 0.0, 0.0, 0.0, 3.0, 1.0974224671312935, 1.9025775328687062, 0.0, 0.600106690978553, 0.0, 2.305804515449708, 0.0, 3.0, 0.0, 0.0, 0.0, 0.0, 0.0, 0.0, 0.0, 2.2467273031337336, 0.0, 0.0, 0.0, 3.0, 0.0, 0.0, 1.9025775328687065, 0.0, 3.0, 0.0, 0.0, 0.0, 0.0, 0.0, 0.0, 3.6801686603817156, 0.0, 0.0, 0.6250319280486744, 0.0, 0.0, 0.0, 0.0, 0.0, 0.0, 0.2003641970001272, 0.0, 0.0, 3.0974224671312944, 2.420016377352184, 0.0, 5.928685549003695, 1.1532225067943762, 3.9047721481668733, 0.0, 0.8706908940424448, 0.7156240875443064, 0.7579187065179641, 0.0, 0.0, 2.0, 0.9871295537952394, 0.012870446204760431, 1.592661000901227, 1.0, 0.40733899909877297, 1.898465516350935, 0.0, 0.0, 0.0, 0.40733899909877314, 0.0, 0.0, 2.0, 1.0, 0.2003641970001272, 0.0, 0.0, 6.0, 1.7421589048550141, 0.0, 0.257841095144986, 1.8841103986149128, 0.7421589048550141, 0.37373069653007307, 2.0, 6.0, 0.0, 2.0, 1.0, 0.0, 0.0, 1.3543438663623228, 2.325824794019393, 0.0, 0.0, 5.0, 1.687888852734353, 2.0, 0.0, 0.0, 1.0, 1.9871295537952398, 3.2595977493384938, 0.0, 0.0, 0.10153448364906513, 1.3998933090214467, 0.0, 0.8467774932056238, 0.0, 1.2843759124556937, 0.0, 0.0, 0.0, 0.0, 0.0, 0.0, 0.0, 0.0, 0.0, 0.0, 0.0, 0.24672730313373356, 0.0, 0.0, 0.0, 0.0, 0.0, 0.0, 0.0, 0.0, 2.0, 0.0, 0.0, 0.0, 0.0, 0.0, 0.0, 0.0, 0.0, 0.0, 0.0, 0.0, 0.0, 0.0, 0.0, 0.0, 0.6001066909785533, 0.0, 0.0, 0.0, 0.0, 0.0, 0.0, 0.0, 0.0, 0.0, 0.0, 0.0, 0.694195484550292, 0.0, 0.0, 0.0, 1.799635802999873, 0.0, 0.0, 0.0, 0.0, 6.0, 0.0, 0.0, 0.0, 0.0, 0.7532726968662664, 0.0, 0.0, 0.0, 0.0, 0.0, 0.0, 0.2420812934820359, 0.6456561336376772, 0.0, 0.0, 0.0, 0.0, 0.0, 0.0, 0.0, 0.0, 0.0, 0.0, 0.0, 0.0, 0.0, 0.0, 1.237820816575301, 0.0, 0.0, 0.0, 0.0, 0.012870446204760752, 0.0, 0.1293091059575553, 0.0, 0.0, 0.0, 0.0, 0.0, 0.0, 0.0, 0.0, 0.0, 0.0, 0.11588960138508721, 0.0, 0.0, 2.3666715541314334, 0.0, 0.0, 0.0, 0.0, 0.0, 0.731613293429876, 0.5446921483816398, 1.0, 0.0, 0.0, 0.0, 0.26838670657012403, 0.0, 1.0, 0.0, 0.0, 0.375, 0.0, 0.0, 0.0, 0.9249866636276809, 0.0, 0.0, 0.0, 1.0, 0.3658074890437645, 0.23782219160858828, 0.0, 0.07501333637231912, 0.0, 1.0, 0.0, 0.5717850055230006, 0.0, 0.0, 0.0, 0.0, 0.0, 0.0, 0.0, 0.42821499447699934, 0.0, 0.0, 0.0, 1.0, 0.0, 0.0, 0.6341925109562355, 0.0, 1.0, 0.0, 0.0, 0.0, 0.0, 0.0, 0.0, 1.0, 0.0, 0.0, 0.09345728402665202, 0.0, 0.0, 0.0, 0.0, 0.0, 0.0, 1.0, 0.0, 0.0, 0.3871778083914118, 0.36185056759170825, 0.0, 1.0]  :with objective: -630.4384542596058

  Local solver returns a feasible point with value -630.4385
disc:  333  :[0.0, 0.9532225067943763, 1.3532225067943762, 2.0]
disc:  334  :[0.0, 3.3047721481668733, 4.504772148166873, 6.0]
disc:  335  :[0.0, 0.1, 1.0]
disc:  336  :[0.0, 0.7706908940424448, 0.9706908940424448, 1.0]
disc:  337  :[0.0, 0.5156240875443063, 0.9156240875443065, 2.0]
disc:  338  :[0.0, 0.6579187065179641, 0.8579187065179641, 1.0]
disc:  339  :[0.0, 0.2, 2.0]
disc:  340  :[0.0, 0.2, 2.0]
disc:  341  :[0.0, 1.8, 2.0]
disc:  342  :[0.0, 0.8871295537952394, 1.0]
disc:  343  :[0.0, 0.21287044620476045, 2.0]
disc:  344  :[0.0, 1.392661000901227, 1.792661000901227, 2.0]
disc:  345  :[0.0, 0.9, 1.0]
disc:  346  :[0.0, 0.10733899909877298, 0.707338999098773, 3.0]
disc:  347  :[0.0, 1.698465516350935, 2.0]
disc:  348  :[0.0, 0.6, 6.0]
disc:  349  :[0.0, 0.2, 2.0]
disc:  350  :[0.0, 0.1, 1.0]
disc:  351  :[0.0, 0.20733899909877312, 0.6073389990987732, 2.0]
disc:  352  :[0.0, 0.6, 6.0]
disc:  353  :[0.0, 0.1, 1.0]
disc:  354  :[0.0, 1.8, 2.0]
disc:  355  :[0.0, 0.9, 1.0]
disc:  356  :[0.0, 0.0003641970001271866, 0.4003641970001272, 2.0]
disc:  357  :[0.0, 0.1, 1.0]
disc:  358  :[0.0, 0.2, 2.0]
disc:  359  :[0.0, 5.4, 6.0]
disc:  360  :[0.0, 1.1421589048550143, 2.342158904855014, 6.0]
disc:  361  :[0.0, 0.2, 2.0]
disc:  362  :[0.0, 0.15784109514498598, 0.35784109514498597, 1.0]
disc:  363  :[0.0, 1.6841103986149129, 2.0]
disc:  364  :[0.0, 0.6421589048550141, 0.8421589048550141, 1.0]
disc:  365  :[0.0, 0.07373069653007308, 0.6737306965300731, 3.0]
disc:  366  :[0.0, 1.8, 2.0]
disc:  367  :[0.0, 5.4, 6.0]
disc:  368  :[0.0, 0.2, 2.0]
disc:  369  :[0.0, 1.8, 2.0]
disc:  370  :[0.0, 0.9, 1.0]
disc:  371  :[0.0, 0.2, 2.0]
disc:  372  :[0.0, 0.2, 2.0]
disc:  373  :[0.0, 1.154343866362323, 1.5543438663623228, 2.0]
disc:  374  :[0.0, 1.7258247940193927, 2.925824794019393, 6.0]
disc:  375  :[0.0, 0.2, 2.0]
disc:  376  :[0.0, 0.2, 2.0]
disc:  377  :[0.0, 4.4, 5.6, 6.0]
disc:  378  :[0.0, 1.0878888527343529, 2.287888852734353, 6.0]
disc:  379  :[0.0, 1.8, 2.0]
disc:  380  :[0.0, 0.1, 1.0]
disc:  381  :[0.0, 0.3, 3.0]
disc:  382  :[0.0, 0.7, 1.3, 3.0]
disc:  383  :[0.0, 1.7871295537952399, 2.0]
disc:  384  :[0.0, 2.6595977493384937, 3.859597749338494, 6.0]
disc:  385  :[0.0, 0.2, 2.0]
disc:  502  :[0.0, 0.1, 1.0]
disc:  503  :[0.0, 0.1, 1.0]
disc:  504  :[0.0, 0.1, 1.0]
disc:  505  :[0.0, 0.631613293429876, 0.831613293429876, 1.0]
disc:  506  :[0.0, 0.44469214838163984, 0.6446921483816398, 1.0]
disc:  507  :[0.0, 0.9, 1.0]
disc:  508  :[0.0, 0.1, 1.0]
disc:  509  :[0.0, 0.1, 1.0]
disc:  510  :[0.0, 0.1, 1.0]
disc:  511  :[0.0, 0.16838670657012403, 0.36838670657012407, 1.0]
disc:  512  :[0.0, 0.1, 1.0]
disc:  513  :[0.0, 0.9, 1.0]
disc:  514  :[0.0, 0.1, 1.0]
disc:  515  :[0.0, 0.1, 1.0]
disc:  516  :[0.0, 0.275, 0.475, 1.0]
disc:  517  :[0.0, 0.1, 1.0]
disc:  518  :[0.0, 0.1, 1.0]
disc:  519  :[0.0, 0.1, 1.0]
disc:  520  :[0.0, 0.8249866636276809, 1.0]
disc:  521  :[0.0, 0.1, 1.0]
disc:  522  :[0.0, 0.1, 1.0]
disc:  523  :[0.0, 0.1, 1.0]
disc:  524  :[0.0, 0.9, 1.0]
disc:  525  :[0.0, 0.2658074890437645, 0.46580748904376446, 1.0]
disc:  526  :[0.0, 0.13782219160858827, 0.3378221916085883, 1.0]
disc:  527  :[0.0, 0.1, 1.0]
disc:  528  :[0.0, 0.17501333637231914, 1.0]
disc:  529  :[0.0, 0.1, 1.0]
disc:  530  :[0.0, 0.9, 1.0]
disc:  531  :[0.0, 0.1, 1.0]
disc:  532  :[0.0, 0.4717850055230006, 0.6717850055230006, 1.0]
disc:  533  :[0.0, 0.1, 1.0]
disc:  534  :[0.0, 0.1, 1.0]
disc:  535  :[0.0, 0.1, 1.0]
disc:  536  :[0.0, 0.1, 1.0]
disc:  537  :[0.0, 0.1, 1.0]
disc:  538  :[0.0, 0.1, 1.0]
disc:  539  :[0.0, 0.1, 1.0]
disc:  540  :[0.0, 0.3282149944769993, 0.5282149944769994, 1.0]
disc:  541  :[0.0, 0.1, 1.0]
disc:  542  :[0.0, 0.1, 1.0]
disc:  543  :[0.0, 0.1, 1.0]
disc:  544  :[0.0, 0.9, 1.0]
disc:  545  :[0.0, 0.1, 1.0]
disc:  546  :[0.0, 0.1, 1.0]
disc:  547  :[0.0, 0.5341925109562355, 0.7341925109562355, 1.0]
disc:  548  :[0.0, 0.1, 1.0]
disc:  549  :[0.0, 0.9, 1.0]
disc:  550  :[0.0, 0.1, 1.0]
disc:  551  :[0.0, 0.1, 1.0]
disc:  552  :[0.0, 0.1, 1.0]
disc:  553  :[0.0, 0.1, 1.0]
disc:  554  :[0.0, 0.1, 1.0]
disc:  555  :[0.0, 0.1, 1.0]
disc:  556  :[0.0, 0.9, 1.0]
disc:  557  :[0.0, 0.1, 1.0]
disc:  558  :[0.0, 0.1, 1.0]
disc:  559  :[0.0, 0.19345728402665202, 1.0]
disc:  560  :[0.0, 0.1, 1.0]
disc:  561  :[0.0, 0.1, 1.0]
disc:  562  :[0.0, 0.1, 1.0]
disc:  563  :[0.0, 0.1, 1.0]
disc:  564  :[0.0, 0.1, 1.0]
disc:  565  :[0.0, 0.1, 1.0]
disc:  566  :[0.0, 0.9, 1.0]
disc:  567  :[0.0, 0.1, 1.0]
disc:  568  :[0.0, 0.1, 1.0]
disc:  569  :[0.0, 0.2871778083914118, 0.4871778083914118, 1.0]
disc:  570  :[0.0, 0.2618505675917082, 0.4618505675917083, 1.0]
disc:  571  :[0.0, 0.1, 1.0]
disc:  572  :[0.0, 0.9, 1.0]
  Completed presolve in 16.66s
LOWER-BOUNDING ITERATIONS
====================================================================================================
| Iter   | Incumbent       | Best Incumbent      | Lower Bound        | Gap (%)         | Time      
| finish | -630.4385       | -630.4385           | -634.7069          | 0.677           | 32.61s           
Final UBD: -630.4384542596058
Final LBD: -634.7069061597861
====================================================================================================

*** Alpine ended with status OTHER_LIMIT ***

 Total time for local solves: 14.33s

 Total time for solving max-min problems: 0.0s

 Total time excluding max-min time: 32.61s

presolve objective value: -630.4384542596058
w_opt: 1-dimensional DenseAxisArray{Float64,1,...} with index sets:
    Dimension 1, [(25, 1, 2), (25, 1, 1), (25, 1, 14), (20, 1, 2), (20, 1, 1), (20, 1, 14), (1, 1, 2), (1, 1, 1), (1, 1, 14), (2, 1, 2)  …  (20, 15, 23), (20, 15, 3), (8, 15, 30), (8, 15, 29), (8, 15, 23), (8, 15, 3), (2, 15, 30), (2, 15, 29), (2, 15, 23), (2, 15, 3)]
And data, a 261-element Vector{Float64}:
 1.136210882891729
 1.863789117108271
 0.0
 0.8509186709035109
 1.3958086322302226
 0.0
 0.0
 0.0
 0.0
 0.0
 0.0
 0.0
 0.0
 0.0
 0.0
 0.0
 2.0
 0.0
 0.0
 1.0
 0.0
 0.0
 0.0
 0.0
 0.0
 0.0
 0.0
 0.0
 0.0
 2.723460741908199
 0.919379805425296
 0.0
 0.0
 0.0
 0.0
 0.4672864201332601
 0.15774550791541425
 0.0
 0.0
 0.0
 0.0
 1.8092528379585413
 0.6107635393936427
 0.0
 0.0
 0.0
 0.0
 0.0
 0.0
 1.3543438663623228
 2.325824794019393
 0.0
 0.0
 0.0
 0.0
 0.0
 0.0
 0.0
 0.0
 2.0
 1.0
 0.0
 0.0
 0.0
 0.0
 0.0
 0.0
 0.0
 0.0
 0.0
 0.0
 0.0
 0.0
 0.0
 0.75
 2.25
 0.0
 0.47564438321717656
 1.4269331496515296
 0.0
 0.0
 0.0
 0.0
 0.0
 0.0
 0.0
 0.0
 0.0
 0.0
 0.0
 0.0
 0.0
 0.7743556167828236
 2.3230668503484706
 0.0
 0.0
 0.0
 0.0
 0.0
 0.0
 0.0
 1.8841103986149128
 0.7421589048550141
 0.37373069653007307
 0.0
 0.0
 0.0
 0.0
 0.0
 0.0
 0.0
 0.0
 0.0
 0.0
 0.0
 0.0
 0.0
 0.0
 5.549919981766085
 1.6114737529110938
 0.0
 0.23849957434426802
 0.0
 0.45008001823391475
 0.13068515194392027
 0.0
 0.019341520800717972
 0.0
 0.0
 0.0
 0.0
 0.0
 0.0
 0.0
 0.0
 0.0
 0.0
 0.0
 0.0
 0.0
 0.0
 0.0
 0.0
 0.0
 0.0
 0.0
 0.0
 0.0
 0.0
 0.0
 0.0
 0.2003641970001272
 0.0
 0.731614978087529
 0.3658074890437645
 0.0
 0.0
 1.268385021912471
 0.6341925109562355
 0.0
 0.0
 0.0
 0.0
 0.0
 0.0
 0.0
 0.0
 0.0
 0.0
 0.0
 0.0
 0.0
 0.0
 1.898465516350935
 0.0
 0.0
 0.0
 0.40733899909877314
 0.0
 0.0
 0.0
 0.0
 0.0
 0.0
 0.0
 0.0
 0.0
 0.0
 0.0
 0.0
 0.0
 0.0
 0.0
 0.0
 1.592661000901227
 1.0
 0.40733899909877297
 0.0
 0.0
 0.0
 0.0
 0.0
 0.0
 0.0
 0.0
 0.0
 1.463226586859752
 0.7221971038940991
 0.009416189535776828
 0.5367734131402481
 0.2649324499011404
 0.0034542566689836044
 0.0
 0.0
 0.0
 0.0
 0.0
 0.0
 0.0
 0.0
 0.0
 0.0
 0.0
 0.0
 0.0
 0.7156240875443064
 0.7579187065179641
 0.0
 0.0
 0.0
 0.0
 0.0
 0.0
 0.0
 0.0
 0.0
 0.0
 0.0
 0.0
 0.0
 0.0
 0.0
 0.0
 0.0
 0.0
 0.0
 0.0
 0.0
 0.0
 0.0
 0.0
 0.0
 0.0
 0.0
 0.0
 0.0
 0.0
 1.1532225067943762
 3.9047721481668733
 0.0
 0.8706908940424448
x_ij_opt: 1-dimensional DenseAxisArray{Float64,1,...} with index sets:
    Dimension 1, [(43, 30), (43, 22), (43, 6), (44, 22), (45, 30), (45, 29), (45, 28), (45, 24), (45, 23), (40, 29)  …  (5, 7), (5, 14), (6, 4), (6, 3), (1, 14), (1, 10), (1, 23), (1, 1), (3, 2), (3, 1)]
And data, a 116-element Vector{Float64}:
 0.0
 0.10153448364906513
 1.3998933090214467
 0.0
 0.8467774932056238
 0.0
 1.2843759124556937
 0.0
 0.0
 0.0
 0.0
 0.0
 0.0
 0.0
 0.0
 0.0
 0.0
 0.0
 0.24672730313373356
 0.0
 0.0
 0.0
 0.0
 0.0
 0.0
 0.0
 0.0
 2.0
 0.0
 0.0
 0.0
 0.0
 0.0
 0.0
 0.0
 0.0
 0.0
 0.0
 0.0
 0.0
 0.0
 0.0
 0.0
 0.6001066909785533
 0.0
 0.0
 0.0
 0.0
 0.0
 0.0
 0.0
 0.0
 0.0
 0.0
 0.0
 0.694195484550292
 0.0
 0.0
 0.0
 1.799635802999873
 0.0
 0.0
 0.0
 0.0
 6.0
 0.0
 0.0
 0.0
 0.0
 0.7532726968662664
 0.0
 0.0
 0.0
 0.0
 0.0
 0.0
 0.2420812934820359
 0.6456561336376772
 0.0
 0.0
 0.0
 0.0
 0.0
 0.0
 0.0
 0.0
 0.0
 0.0
 0.0
 0.0
 0.0
 0.0
 1.237820816575301
 0.0
 0.0
 0.0
 0.0
 0.012870446204760752
 0.0
 0.1293091059575553
 0.0
 0.0
 0.0
 0.0
 0.0
 0.0
 0.0
 0.0
 0.0
 0.0
 0.11588960138508721
 0.0
 0.0
 2.3666715541314334
 0.0
 0.0
x_il_opt: 1-dimensional DenseAxisArray{Float64,1,...} with index sets:
    Dimension 1, [(43, 15), (43, 14), (44, 15), (44, 13), (44, 3), (40, 14), (40, 2), (41, 14), (42, 6), (37, 13)  …  (4, 13), (5, 2), (5, 7), (5, 9), (6, 11), (1, 1), (1, 6), (1, 3), (2, 1), (2, 15)]
And data, a 71-element Vector{Float64}:
 0.0
 0.0
 0.0
 2.194839880289628
 3.642840547333495
 1.4735427940622705
 0.0
 0.0
 0.0
 0.805160119710372
 0.0
 3.0
 0.0
 0.0
 3.0
 0.0
 0.0
 0.0
 7.399893309021447
 0.0
 0.0
 0.0
 3.0
 1.0974224671312935
 1.9025775328687062
 0.0
 0.600106690978553
 0.0
 2.305804515449708
 0.0
 3.0
 0.0
 0.0
 0.0
 0.0
 0.0
 0.0
 0.0
 2.2467273031337336
 0.0
 0.0
 0.0
 3.0
 0.0
 0.0
 1.9025775328687065
 0.0
 3.0
 0.0
 0.0
 0.0
 0.0
 0.0
 0.0
 3.6801686603817156
 0.0
 0.0
 0.6250319280486744
 0.0
 0.0
 0.0
 0.0
 0.0
 0.0
 0.2003641970001272
 0.0
 0.0
 3.0974224671312944
 2.420016377352184
 0.0
 5.928685549003695
x_lj_opt: 1-dimensional DenseAxisArray{Float64,1,...} with index sets:
    Dimension 1, [(15, 30), (15, 29), (15, 23), (15, 3), (14, 28), (14, 27), (14, 10), (14, 24), (13, 26), (13, 25)  …  (3, 6), (3, 5), (3, 29), (2, 4), (2, 3), (2, 1), (2, 5), (1, 2), (1, 1), (1, 14)]
And data, a 53-element Vector{Float64}:
 1.1532225067943762
 3.9047721481668733
 0.0
 0.8706908940424448
 0.7156240875443064
 0.7579187065179641
 0.0
 0.0
 2.0
 0.9871295537952394
 0.012870446204760431
 1.592661000901227
 1.0
 0.40733899909877297
 1.898465516350935
 0.0
 0.0
 0.0
 0.40733899909877314
 0.0
 0.0
 2.0
 1.0
 0.2003641970001272
 0.0
 0.0
 6.0
 1.7421589048550141
 0.0
 0.257841095144986
 1.8841103986149128
 0.7421589048550141
 0.37373069653007307
 2.0
 6.0
 0.0
 2.0
 1.0
 0.0
 0.0
 1.3543438663623228
 2.325824794019393
 0.0
 0.0
 5.0
 1.687888852734353
 2.0
 0.0
 0.0
 1.0
 1.9871295537952398
 3.2595977493384938
 0.0
q_opt: 1-dimensional DenseAxisArray{Float64,1,...} with index sets:
    Dimension 1, [(43, 15), (43, 14), (44, 15), (44, 13), (44, 3), (40, 14), (40, 2), (41, 14), (42, 6), (37, 13)  …  (4, 13), (5, 2), (5, 7), (5, 9), (6, 11), (1, 1), (1, 6), (1, 3), (2, 1), (2, 15)]
And data, a 71-element Vector{Float64}:
 0.0
 0.0
 0.0
 0.731613293429876
 0.5446921483816398
 1.0
 0.0
 0.0
 0.0
 0.26838670657012403
 0.0
 1.0
 0.0
 0.0
 0.375
 0.0
 0.0
 0.0
 0.9249866636276809
 0.0
 0.0
 0.0
 1.0
 0.3658074890437645
 0.23782219160858828
 0.0
 0.07501333637231912
 0.0
 1.0
 0.0
 0.5717850055230006
 0.0
 0.0
 0.0
 0.0
 0.0
 0.0
 0.0
 0.42821499447699934
 0.0
 0.0
 0.0
 1.0
 0.0
 0.0
 0.6341925109562355
 0.0
 1.0
 0.0
 0.0
 0.0
 0.0
 0.0
 0.0
 1.0
 0.0
 0.0
 0.09345728402665202
 0.0
 0.0
 0.0
 0.0
 0.0
 0.0
 1.0
 0.0
 0.0
 0.3871778083914118
 0.36185056759170825
 0.0
 1.0
