
PROBLEM STATISTICS
  Objective sense = Min
  # Variables = 572
  # Bin-Int Variables = 0
  # Constraints = 621
  # NL Constraints = 261
  # Linear Constraints = 360
  # Detected convex constraints = 0
  # Detected nonlinear terms = 261
  # Variables involved in nonlinear terms = 124
  # Potential variables for partitioning = 124
SUB-SOLVERS USED BY ALPINE
  NLP local solver = Knitro
  MIP solver = Gurobi
ALPINE CONFIGURATION
  Maximum iterations (lower-bounding MIPs) =  1
  Relative global optimality gap = 0.01%
  Potential variables chosen for partitioning = All
  Discretization ratio = 10
  Bound-tightening presolve = false
PRESOLVE 
  Doing local search

Feasible solution found during presolve: [1.227837511427792, 1.772162488572208, 0.0, 0.7721624885722081, 1.1144775954425694, 0.0, 0.0, 0.0, 0.0, 0.0, 0.0, 0.0, 0.0, 0.0, 0.0, 0.0, 1.3929785936718615, 0.0, 0.0, 1.6070214063281385, 0.0, 0.0, 0.0, 0.0, 0.0, 0.0, 0.0, 0.0, 0.0, 2.545262250798841, 1.5411841295056632, 0.0, 0.0, 0.0, 0.0, 0.0, 0.0, 0.0, 0.0, 0.0, 0.0, 1.8477163428730203, 1.1188124534398725, 0.0, 0.0, 0.0, 0.0, 0.0, 0.0, 0.0, 0.0, 0.0, 0.0, 0.0, 0.0, 0.0, 0.0, 0.0, 0.0, 2.0, 1.0, 0.0, 0.0, 0.0, 0.0, 0.0, 0.0, 0.0, 0.0, 0.0, 0.0, 0.0, 0.0, 0.0, 0.6125597552714582, 1.8376792658143748, 0.0, 0.4556543422321066, 1.3669630266963197, 0.0, 0.0, 0.0, 0.0, 0.0, 0.0, 0.0, 0.0, 0.0, 0.0, 0.0, 0.0, 0.0, 0.9317859024964351, 2.7953577074893055, 0.0, 0.0, 0.0, 0.0, 0.0, 0.0, 0.0, 2.0, 0.8812843063365803, 0.11871569366341948, 0.0, 0.0, 0.0, 0.0, 0.0, 0.0, 0.0, 0.0, 0.0, 0.0, 0.0, 0.0, 0.0, 0.0, 4.498607709886959, 2.706553245642734, 0.0, 0.10853125550928025, 0.0, 0.422143757446548, 0.2539795933603386, 0.0, 0.010184438154139514, 0.0, 0.0, 0.0, 0.0, 0.0, 0.0, 0.0, 0.0, 0.0, 0.0, 0.0, 0.0, 0.0, 0.0, 0.0, 0.0, 0.0, 0.0, 0.0, 0.0, 0.0, 0.0, 0.0, 0.0, 0.0, 0.0, 0.7849217540477158, 0.392460877023858, 0.0, 0.0, 1.2150782459522844, 0.6075391229761424, 0.0, 0.0, 0.0, 0.0, 0.0, 0.0, 0.0, 0.0, 0.0, 0.0, 0.0, 0.0, 0.0, 0.0, 0.0, 0.0, 0.0, 0.0, 0.0, 0.0, 0.0, 0.0, 0.0, 0.0, 0.0, 0.0, 0.0, 0.0, 0.0, 0.0, 0.0, 0.0, 0.0, 0.0, 0.0, 1.7973237562234248, 1.0, 0.20267624377657537, 0.0, 0.0, 0.0, 0.0, 0.0, 0.0, 0.0, 0.0, 0.0, 1.3438120168175607, 0.6719060084087807, 0.0, 0.6561879831824394, 0.3280939915912199, 0.0, 0.0, 0.0, 0.0, 0.0, 0.0, 0.0, 0.0, 0.0, 0.0, 0.0, 0.0, 0.0, 0.0, 0.5095730298152813, 0.7048823404684676, 0.0, 0.0, 0.0, 0.0, 0.0, 0.0, 0.0, 0.0, 0.0, 0.0, 0.0, 0.0, 0.0, 0.0, 0.0, 0.0, 0.0, 0.0, 0.0, 0.0, 0.0, 0.0, 0.0, 0.0, 0.0, 0.0, 0.0, 0.0, 0.0, 0.0, 1.6489172944804718, 3.137327173277889, 0.0, 1.0, 0.0, 0.0, 0.0, 2.015718025226341, 4.086446380304504, 1.214455370283749, 0.0, 0.0, 0.0, 0.9842819747736593, 0.0, 3.0, 0.0, 0.0, 2.450239021085833, 0.0, 0.0, 0.0, 7.313692211038973, 0.0, 0.0, 0.0, 3.0, 1.1773826310715738, 1.8226173689284264, 0.0, 0.6863077889610261, 0.0, 0.0, 0.0, 3.0, 0.0, 0.0, 0.0, 0.0, 0.0, 0.0, 0.0, 1.8866400840147775, 0.0, 0.0, 0.0, 3.0, 0.0, 0.0, 1.8226173689284269, 0.0, 3.0, 0.0, 0.0, 0.0, 0.0, 0.0, 0.0, 0.0, 0.0, 0.0, 0.0, 0.0, 0.0, 0.0, 0.0, 0.0, 0.0, 0.0, 0.0, 0.0, 3.7271436099857405, 2.966528796312893, 0.0, 5.786244467758361, 1.6489172944804718, 3.137327173277889, 0.0, 1.0, 0.5095730298152813, 0.7048823404684676, 0.0, 0.0, 2.0, 1.0, 0.0, 1.7973237562234248, 1.0, 0.20267624377657537, 0.0, 0.0, 0.0, 0.0, 0.0, 0.0, 0.0, 2.0, 1.0, 0.0, 0.0, 0.0, 4.920751467333507, 2.960532839003073, 0.0, 0.11871569366341977, 2.0, 0.8812843063365803, 0.11871569366341948, 2.0, 6.0, 0.0, 2.0, 1.0, 0.0, 0.0, 0.0, 0.0, 0.0, 0.0, 4.392978593671861, 2.659996582945536, 1.3929785936718615, 0.0, 0.0, 1.6070214063281385, 2.0, 2.8866400840147777, 0.0, 0.0, 1.6235726101272208, 1.5020075685120533, 0.0, 0.3510827055195284, 0.0, 1.4904269701847188, 0.0, 0.0, 0.0, 0.0, 0.0, 0.0, 0.0, 0.0, 0.0, 0.0, 0.0, 0.3274013966059063, 0.0, 1.6883166286204347, 0.0, 0.0, 0.0, 0.0, 0.0, 0.0, 2.0, 0.0, 0.0, 0.0, 0.0, 0.0, 0.0, 0.0, 0.0, 0.0, 0.0, 0.0, 0.0, 0.0, 0.0, 0.0, 0.4979924314879467, 0.0, 0.0, 0.37642738987277935, 0.0, 0.0, 0.0, 0.0, 0.0, 0.0, 0.0, 0.0, 3.0, 0.0, 0.0, 0.0, 2.0, 0.0, 0.0, 0.0, 0.20267624377657517, 6.0, 0.0, 1.0792485326664922, 0.0, 0.0, 0.6725986033940937, 0.0, 0.0, 0.0, 0.0, 0.0, 0.0, 0.29511765953153235, 0.8994626677842064, 0.0, 0.0, 0.0, 0.0, 0.0, 0.0, 0.0, 0.0, 0.0, 0.0, 0.0, 0.0, 0.6070214063281386, 1.1005373322157936, 0.0, 0.0, 0.0, 0.0, 0.0, 0.0, 0.0, 0.0, 0.0, 0.0, 0.0, 0.0, 0.0, 0.0, 0.0, 0.0, 0.0, 0.0, 0.0, 0.0, 0.0, 1.3063275937013676, 0.0, 0.0, 0.0, 0.0, 0.0, 0.6719060084087803, 0.579393274181969, 1.0, 0.0, 0.0, 0.0, 0.3280939915912197, 0.0, 1.0, 0.0, 0.0, 0.3062798776357291, 0.0, 0.0, 0.0, 0.9142115263798716, 1.0, 0.0, 0.0, 1.0, 0.3924608770238579, 0.2278271711160533, 0.0, 0.08578847362012826, 0.0, 0.0, 1.0, 0.613918755713896, 0.0, 0.0, 0.0, 0.0, 0.0, 0.0, 0.0, 0.3860812442861041, 0.0, 0.0, 0.0, 1.0, 0.0, 0.0, 0.6075391229761422, 0.0, 1.0, 0.0, 0.0, 0.0, 0.0, 0.0, 0.0, 0.0, 1.0, 0.0, 0.0, 0.0, 0.0, 0.0, 0.0, 0.0, 0.0, 0.0, 0.0, 0.0, 0.46589295124821756, 0.4206067258180311, 0.0, 1.0]  :with objective: -615.3363607341271

  Local solver returns a feasible point with value -615.3364
disc:  333  :[0.0, 1.4489172944804718, 1.8489172944804717, 2.0]
disc:  334  :[0.0, 2.537327173277889, 3.737327173277889, 6.0]
disc:  335  :[0.0, 0.1, 1.0]
disc:  336  :[0.0, 0.9, 1.0]
disc:  337  :[0.0, 0.3095730298152813, 0.7095730298152814, 2.0]
disc:  338  :[0.0, 0.6048823404684677, 0.8048823404684676, 1.0]
disc:  339  :[0.0, 0.2, 2.0]
disc:  340  :[0.0, 0.2, 2.0]
disc:  341  :[0.0, 1.8, 2.0]
disc:  342  :[0.0, 0.9, 1.0]
disc:  343  :[0.0, 0.2, 2.0]
disc:  344  :[0.0, 1.5973237562234248, 1.9973237562234247, 2.0]
disc:  345  :[0.0, 0.9, 1.0]
disc:  346  :[0.0, 0.5026762437765754, 3.0]
disc:  347  :[0.0, 0.2, 2.0]
disc:  348  :[0.0, 0.6, 6.0]
disc:  349  :[0.0, 0.2, 2.0]
disc:  350  :[0.0, 0.1, 1.0]
disc:  351  :[0.0, 0.2, 2.0]
disc:  352  :[0.0, 0.6, 6.0]
disc:  353  :[0.0, 0.1, 1.0]
disc:  354  :[0.0, 1.8, 2.0]
disc:  355  :[0.0, 0.9, 1.0]
disc:  356  :[0.0, 0.2, 2.0]
disc:  357  :[0.0, 0.1, 1.0]
disc:  358  :[0.0, 0.2, 2.0]
disc:  359  :[0.0, 4.3207514673335075, 5.520751467333507, 6.0]
disc:  360  :[0.0, 2.360532839003073, 3.560532839003073, 6.0]
disc:  361  :[0.0, 0.2, 2.0]
disc:  362  :[0.0, 0.01871569366341977, 0.21871569366341978, 1.0]
disc:  363  :[0.0, 1.8, 2.0]
disc:  364  :[0.0, 0.7812843063365803, 0.9812843063365803, 1.0]
disc:  365  :[0.0, 0.4187156936634195, 3.0]
disc:  366  :[0.0, 1.8, 2.0]
disc:  367  :[0.0, 5.4, 6.0]
disc:  368  :[0.0, 0.2, 2.0]
disc:  369  :[0.0, 1.8, 2.0]
disc:  370  :[0.0, 0.9, 1.0]
disc:  371  :[0.0, 0.2, 2.0]
disc:  372  :[0.0, 0.2, 2.0]
disc:  373  :[0.0, 0.2, 2.0]
disc:  374  :[0.0, 0.6, 6.0]
disc:  375  :[0.0, 0.2, 2.0]
disc:  376  :[0.0, 0.2, 2.0]
disc:  377  :[0.0, 3.792978593671861, 4.992978593671861, 6.0]
disc:  378  :[0.0, 2.059996582945536, 3.259996582945536, 6.0]
disc:  379  :[0.0, 1.1929785936718615, 1.5929785936718615, 2.0]
disc:  380  :[0.0, 0.1, 1.0]
disc:  381  :[0.0, 0.3, 3.0]
disc:  382  :[0.0, 1.3070214063281385, 1.9070214063281385, 3.0]
disc:  383  :[0.0, 1.8, 2.0]
disc:  384  :[0.0, 2.2866400840147776, 3.4866400840147778, 6.0]
disc:  385  :[0.0, 0.2, 2.0]
disc:  502  :[0.0, 0.1, 1.0]
disc:  503  :[0.0, 0.1, 1.0]
disc:  504  :[0.0, 0.1, 1.0]
disc:  505  :[0.0, 0.5719060084087804, 0.7719060084087803, 1.0]
disc:  506  :[0.0, 0.479393274181969, 0.6793932741819689, 1.0]
disc:  507  :[0.0, 0.9, 1.0]
disc:  508  :[0.0, 0.1, 1.0]
disc:  509  :[0.0, 0.1, 1.0]
disc:  510  :[0.0, 0.1, 1.0]
disc:  511  :[0.0, 0.2280939915912197, 0.42809399159121975, 1.0]
disc:  512  :[0.0, 0.1, 1.0]
disc:  513  :[0.0, 0.9, 1.0]
disc:  514  :[0.0, 0.1, 1.0]
disc:  515  :[0.0, 0.1, 1.0]
disc:  516  :[0.0, 0.2062798776357291, 0.40627987763572915, 1.0]
disc:  517  :[0.0, 0.1, 1.0]
disc:  518  :[0.0, 0.1, 1.0]
disc:  519  :[0.0, 0.1, 1.0]
disc:  520  :[0.0, 0.8142115263798716, 1.0]
disc:  521  :[0.0, 0.9, 1.0]
disc:  522  :[0.0, 0.1, 1.0]
disc:  523  :[0.0, 0.1, 1.0]
disc:  524  :[0.0, 0.9, 1.0]
disc:  525  :[0.0, 0.2924608770238579, 0.4924608770238579, 1.0]
disc:  526  :[0.0, 0.1278271711160533, 0.3278271711160533, 1.0]
disc:  527  :[0.0, 0.1, 1.0]
disc:  528  :[0.0, 0.18578847362012826, 1.0]
disc:  529  :[0.0, 0.1, 1.0]
disc:  530  :[0.0, 0.1, 1.0]
disc:  531  :[0.0, 0.9, 1.0]
disc:  532  :[0.0, 0.513918755713896, 0.713918755713896, 1.0]
disc:  533  :[0.0, 0.1, 1.0]
disc:  534  :[0.0, 0.1, 1.0]
disc:  535  :[0.0, 0.1, 1.0]
disc:  536  :[0.0, 0.1, 1.0]
disc:  537  :[0.0, 0.1, 1.0]
disc:  538  :[0.0, 0.1, 1.0]
disc:  539  :[0.0, 0.1, 1.0]
disc:  540  :[0.0, 0.28608124428610404, 0.4860812442861041, 1.0]
disc:  541  :[0.0, 0.1, 1.0]
disc:  542  :[0.0, 0.1, 1.0]
disc:  543  :[0.0, 0.1, 1.0]
disc:  544  :[0.0, 0.9, 1.0]
disc:  545  :[0.0, 0.1, 1.0]
disc:  546  :[0.0, 0.1, 1.0]
disc:  547  :[0.0, 0.5075391229761422, 0.7075391229761422, 1.0]
disc:  548  :[0.0, 0.1, 1.0]
disc:  549  :[0.0, 0.9, 1.0]
disc:  550  :[0.0, 0.1, 1.0]
disc:  551  :[0.0, 0.1, 1.0]
disc:  552  :[0.0, 0.1, 1.0]
disc:  553  :[0.0, 0.1, 1.0]
disc:  554  :[0.0, 0.1, 1.0]
disc:  555  :[0.0, 0.1, 1.0]
disc:  556  :[0.0, 0.1, 1.0]
disc:  557  :[0.0, 0.9, 1.0]
disc:  558  :[0.0, 0.1, 1.0]
disc:  559  :[0.0, 0.1, 1.0]
disc:  560  :[0.0, 0.1, 1.0]
disc:  561  :[0.0, 0.1, 1.0]
disc:  562  :[0.0, 0.1, 1.0]
disc:  563  :[0.0, 0.1, 1.0]
disc:  564  :[0.0, 0.1, 1.0]
disc:  565  :[0.0, 0.1, 1.0]
disc:  566  :[0.0, 0.1, 1.0]
disc:  567  :[0.0, 0.1, 1.0]
disc:  568  :[0.0, 0.1, 1.0]
disc:  569  :[0.0, 0.3658929512482175, 0.5658929512482176, 1.0]
disc:  570  :[0.0, 0.32060672581803107, 0.5206067258180311, 1.0]
disc:  571  :[0.0, 0.1, 1.0]
disc:  572  :[0.0, 0.9, 1.0]
  Completed presolve in 8.82s
LOWER-BOUNDING ITERATIONS
====================================================================================================
| Iter   | Incumbent       | Best Incumbent      | Lower Bound        | Gap (%)         | Time      
| finish | -615.3364       | -615.3364           | -628.8711          | 2.2             | 22.84s           
Final UBD: -615.3363607341271
Final LBD: -628.8710619634588
====================================================================================================

*** Alpine ended with status OTHER_LIMIT ***

 Total time for local solves: 6.58s

 Total time for solving max-min problems: 0.0s

 Total time excluding max-min time: 22.84s

presolve objective value: -615.3363607341271
w_opt: 1-dimensional DenseAxisArray{Float64,1,...} with index sets:
    Dimension 1, [(25, 1, 2), (25, 1, 1), (25, 1, 14), (20, 1, 2), (20, 1, 1), (20, 1, 14), (1, 1, 2), (1, 1, 1), (1, 1, 14), (2, 1, 2)  …  (20, 15, 23), (20, 15, 3), (8, 15, 30), (8, 15, 29), (8, 15, 23), (8, 15, 3), (2, 15, 30), (2, 15, 29), (2, 15, 23), (2, 15, 3)]
And data, a 261-element Vector{Float64}:
 1.227837511427792
 1.772162488572208
 0.0
 0.7721624885722081
 1.1144775954425694
 0.0
 0.0
 0.0
 0.0
 0.0
 0.0
 0.0
 0.0
 0.0
 0.0
 0.0
 1.3929785936718615
 0.0
 0.0
 1.6070214063281385
 0.0
 0.0
 0.0
 0.0
 0.0
 0.0
 0.0
 0.0
 0.0
 2.545262250798841
 1.5411841295056632
 0.0
 0.0
 0.0
 0.0
 0.0
 0.0
 0.0
 0.0
 0.0
 0.0
 1.8477163428730203
 1.1188124534398725
 0.0
 0.0
 0.0
 0.0
 0.0
 0.0
 0.0
 0.0
 0.0
 0.0
 0.0
 0.0
 0.0
 0.0
 0.0
 0.0
 2.0
 1.0
 0.0
 0.0
 0.0
 0.0
 0.0
 0.0
 0.0
 0.0
 0.0
 0.0
 0.0
 0.0
 0.0
 0.6125597552714582
 1.8376792658143748
 0.0
 0.4556543422321066
 1.3669630266963197
 0.0
 0.0
 0.0
 0.0
 0.0
 0.0
 0.0
 0.0
 0.0
 0.0
 0.0
 0.0
 0.0
 0.9317859024964351
 2.7953577074893055
 0.0
 0.0
 0.0
 0.0
 0.0
 0.0
 0.0
 2.0
 0.8812843063365803
 0.11871569366341948
 0.0
 0.0
 0.0
 0.0
 0.0
 0.0
 0.0
 0.0
 0.0
 0.0
 0.0
 0.0
 0.0
 0.0
 4.498607709886959
 2.706553245642734
 0.0
 0.10853125550928025
 0.0
 0.422143757446548
 0.2539795933603386
 0.0
 0.010184438154139514
 0.0
 0.0
 0.0
 0.0
 0.0
 0.0
 0.0
 0.0
 0.0
 0.0
 0.0
 0.0
 0.0
 0.0
 0.0
 0.0
 0.0
 0.0
 0.0
 0.0
 0.0
 0.0
 0.0
 0.0
 0.0
 0.0
 0.7849217540477158
 0.392460877023858
 0.0
 0.0
 1.2150782459522844
 0.6075391229761424
 0.0
 0.0
 0.0
 0.0
 0.0
 0.0
 0.0
 0.0
 0.0
 0.0
 0.0
 0.0
 0.0
 0.0
 0.0
 0.0
 0.0
 0.0
 0.0
 0.0
 0.0
 0.0
 0.0
 0.0
 0.0
 0.0
 0.0
 0.0
 0.0
 0.0
 0.0
 0.0
 0.0
 0.0
 0.0
 1.7973237562234248
 1.0
 0.20267624377657537
 0.0
 0.0
 0.0
 0.0
 0.0
 0.0
 0.0
 0.0
 0.0
 1.3438120168175607
 0.6719060084087807
 0.0
 0.6561879831824394
 0.3280939915912199
 0.0
 0.0
 0.0
 0.0
 0.0
 0.0
 0.0
 0.0
 0.0
 0.0
 0.0
 0.0
 0.0
 0.0
 0.5095730298152813
 0.7048823404684676
 0.0
 0.0
 0.0
 0.0
 0.0
 0.0
 0.0
 0.0
 0.0
 0.0
 0.0
 0.0
 0.0
 0.0
 0.0
 0.0
 0.0
 0.0
 0.0
 0.0
 0.0
 0.0
 0.0
 0.0
 0.0
 0.0
 0.0
 0.0
 0.0
 0.0
 1.6489172944804718
 3.137327173277889
 0.0
 1.0
x_ij_opt: 1-dimensional DenseAxisArray{Float64,1,...} with index sets:
    Dimension 1, [(43, 30), (43, 22), (43, 6), (44, 22), (45, 30), (45, 29), (45, 28), (45, 24), (45, 23), (40, 29)  …  (5, 7), (5, 14), (6, 4), (6, 3), (1, 14), (1, 10), (1, 23), (1, 1), (3, 2), (3, 1)]
And data, a 116-element Vector{Float64}:
 0.0
 1.6235726101272208
 1.5020075685120533
 0.0
 0.3510827055195284
 0.0
 1.4904269701847188
 0.0
 0.0
 0.0
 0.0
 0.0
 0.0
 0.0
 0.0
 0.0
 0.0
 0.0
 0.3274013966059063
 0.0
 1.6883166286204347
 0.0
 0.0
 0.0
 0.0
 0.0
 0.0
 2.0
 0.0
 0.0
 0.0
 0.0
 0.0
 0.0
 0.0
 0.0
 0.0
 0.0
 0.0
 0.0
 0.0
 0.0
 0.0
 0.4979924314879467
 0.0
 0.0
 0.37642738987277935
 0.0
 0.0
 0.0
 0.0
 0.0
 0.0
 0.0
 0.0
 3.0
 0.0
 0.0
 0.0
 2.0
 0.0
 0.0
 0.0
 0.20267624377657517
 6.0
 0.0
 1.0792485326664922
 0.0
 0.0
 0.6725986033940937
 0.0
 0.0
 0.0
 0.0
 0.0
 0.0
 0.29511765953153235
 0.8994626677842064
 0.0
 0.0
 0.0
 0.0
 0.0
 0.0
 0.0
 0.0
 0.0
 0.0
 0.0
 0.0
 0.6070214063281386
 1.1005373322157936
 0.0
 0.0
 0.0
 0.0
 0.0
 0.0
 0.0
 0.0
 0.0
 0.0
 0.0
 0.0
 0.0
 0.0
 0.0
 0.0
 0.0
 0.0
 0.0
 0.0
 0.0
 1.3063275937013676
 0.0
 0.0
x_il_opt: 1-dimensional DenseAxisArray{Float64,1,...} with index sets:
    Dimension 1, [(43, 15), (43, 14), (44, 15), (44, 13), (44, 3), (40, 14), (40, 2), (41, 14), (42, 6), (37, 13)  …  (4, 13), (5, 2), (5, 7), (5, 9), (6, 11), (1, 1), (1, 6), (1, 3), (2, 1), (2, 15)]
And data, a 71-element Vector{Float64}:
 0.0
 0.0
 0.0
 2.015718025226341
 4.086446380304504
 1.214455370283749
 0.0
 0.0
 0.0
 0.9842819747736593
 0.0
 3.0
 0.0
 0.0
 2.450239021085833
 0.0
 0.0
 0.0
 7.313692211038973
 0.0
 0.0
 0.0
 3.0
 1.1773826310715738
 1.8226173689284264
 0.0
 0.6863077889610261
 0.0
 0.0
 0.0
 3.0
 0.0
 0.0
 0.0
 0.0
 0.0
 0.0
 0.0
 1.8866400840147775
 0.0
 0.0
 0.0
 3.0
 0.0
 0.0
 1.8226173689284269
 0.0
 3.0
 0.0
 0.0
 0.0
 0.0
 0.0
 0.0
 0.0
 0.0
 0.0
 0.0
 0.0
 0.0
 0.0
 0.0
 0.0
 0.0
 0.0
 0.0
 0.0
 3.7271436099857405
 2.966528796312893
 0.0
 5.786244467758361
x_lj_opt: 1-dimensional DenseAxisArray{Float64,1,...} with index sets:
    Dimension 1, [(15, 30), (15, 29), (15, 23), (15, 3), (14, 28), (14, 27), (14, 10), (14, 24), (13, 26), (13, 25)  …  (3, 6), (3, 5), (3, 29), (2, 4), (2, 3), (2, 1), (2, 5), (1, 2), (1, 1), (1, 14)]
And data, a 53-element Vector{Float64}:
 1.6489172944804718
 3.137327173277889
 0.0
 1.0
 0.5095730298152813
 0.7048823404684676
 0.0
 0.0
 2.0
 1.0
 0.0
 1.7973237562234248
 1.0
 0.20267624377657537
 0.0
 0.0
 0.0
 0.0
 0.0
 0.0
 0.0
 2.0
 1.0
 0.0
 0.0
 0.0
 4.920751467333507
 2.960532839003073
 0.0
 0.11871569366341977
 2.0
 0.8812843063365803
 0.11871569366341948
 2.0
 6.0
 0.0
 2.0
 1.0
 0.0
 0.0
 0.0
 0.0
 0.0
 0.0
 4.392978593671861
 2.659996582945536
 1.3929785936718615
 0.0
 0.0
 1.6070214063281385
 2.0
 2.8866400840147777
 0.0
q_opt: 1-dimensional DenseAxisArray{Float64,1,...} with index sets:
    Dimension 1, [(43, 15), (43, 14), (44, 15), (44, 13), (44, 3), (40, 14), (40, 2), (41, 14), (42, 6), (37, 13)  …  (4, 13), (5, 2), (5, 7), (5, 9), (6, 11), (1, 1), (1, 6), (1, 3), (2, 1), (2, 15)]
And data, a 71-element Vector{Float64}:
 0.0
 0.0
 0.0
 0.6719060084087803
 0.579393274181969
 1.0
 0.0
 0.0
 0.0
 0.3280939915912197
 0.0
 1.0
 0.0
 0.0
 0.3062798776357291
 0.0
 0.0
 0.0
 0.9142115263798716
 1.0
 0.0
 0.0
 1.0
 0.3924608770238579
 0.2278271711160533
 0.0
 0.08578847362012826
 0.0
 0.0
 1.0
 0.613918755713896
 0.0
 0.0
 0.0
 0.0
 0.0
 0.0
 0.0
 0.3860812442861041
 0.0
 0.0
 0.0
 1.0
 0.0
 0.0
 0.6075391229761422
 0.0
 1.0
 0.0
 0.0
 0.0
 0.0
 0.0
 0.0
 0.0
 1.0
 0.0
 0.0
 0.0
 0.0
 0.0
 0.0
 0.0
 0.0
 0.0
 0.0
 0.0
 0.46589295124821756
 0.4206067258180311
 0.0
 1.0
