
PROBLEM STATISTICS
  Objective sense = Min
  # Variables = 572
  # Bin-Int Variables = 0
  # Constraints = 621
  # NL Constraints = 261
  # Linear Constraints = 360
  # Detected convex constraints = 0
  # Detected nonlinear terms = 261
  # Variables involved in nonlinear terms = 124
  # Potential variables for partitioning = 124
SUB-SOLVERS USED BY ALPINE
  NLP local solver = Knitro
  MIP solver = Gurobi
ALPINE CONFIGURATION
  Maximum iterations (lower-bounding MIPs) =  1
  Relative global optimality gap = 0.01%
  Potential variables chosen for partitioning = All
  Discretization ratio = 10
  Bound-tightening presolve = false
PRESOLVE 
  Doing local search

Feasible solution found during presolve: [0.9070797405626791, 0.8142697045976721, 0.0, 1.092920259437321, 0.9810955057256564, 0.0, 0.0, 0.0, 0.0, 0.0, 0.0, 0.0, 0.0, 0.0, 0.0, 0.0, 1.8672450501279356, 0.0, 0.0, 1.1327549498720644, 0.0, 0.0, 0.0, 0.0, 0.0, 0.0, 0.0, 0.0, 0.0, 0.7106016351261462, 0.31537056310083417, 0.0, 0.0, 0.0, 0.0, 4.156643415001789, 1.8447508556123444, 0.0, 0.0, 0.0, 0.0, 0.0, 0.0, 0.09099351153026707, 0.21891466809699017, 0.013940895466044455, 0.0, 0.0, 0.0, 0.7755103003164198, 1.8657438002389395, 0.1188140544060199, 0.0, 0.0, 0.0, 0.0, 0.0, 0.0, 0.0, 2.0, 1.0, 0.0, 0.0, 0.0, 0.0, 0.0, 0.0, 0.0, 0.0, 0.0, 0.0, 0.0, 0.0, 0.0, 0.529549220901332, 1.588647662703996, 0.0, 0.5156249900127932, 1.5468749700383795, 0.0, 0.0, 0.0, 0.0, 0.0, 0.0, 0.0, 0.0, 0.0, 0.0, 0.0, 0.0, 0.0, 0.9548257890858748, 2.8644773672576243, 0.0, 0.0, 0.0, 0.0, 0.0, 0.0, 0.0, 2.0, 0.9760620539798296, 0.02393794602017021, 0.0, 0.0, 0.0, 0.0, 0.0, 0.0, 0.0, 0.0, 0.0, 0.0, 0.0, 0.0, 0.0, 0.0, 4.268277892605566, 2.9275398368554315, 0.0, 0.0, 0.0, 0.47700949857495584, 0.32717277196404554, 0.0, 0.0, 0.0, 0.0, 0.0, 0.0, 0.0, 0.0, 0.0, 0.0, 0.0, 0.0, 0.0, 0.0, 0.0, 0.0, 0.0, 0.0, 0.0, 0.0, 0.0, 0.0, 0.0, 0.0, 0.0, 0.0, 0.0, 0.0, 0.6250000266325515, 0.31250001331627575, 0.0, 0.0, 1.3749999733674485, 0.6874999866837243, 0.0, 0.0, 0.0, 0.0, 0.0, 0.0, 0.0, 0.0, 0.0, 0.0, 0.0, 0.0, 0.0, 0.0, 2.0, 0.0, 0.0, 0.0, 0.3393710771554062, 0.0, 0.0, 0.0, 0.0, 0.0, 0.0, 0.0, 0.0, 0.0, 0.0, 0.0, 0.0, 0.0, 0.0, 0.0, 0.0, 1.6606289228445938, 1.0, 0.3393710771554062, 0.0, 0.0, 0.0, 0.0, 0.0, 0.0, 0.0, 0.0, 0.0, 1.5185964527054727, 0.7592982263527362, 0.0, 0.4814035472945275, 0.24070177364726372, 0.0, 0.0, 0.0, 0.0, 0.0, 0.0, 0.0, 0.0, 0.0, 0.0, 0.0, 0.0, 0.0, 0.0, 0.776608691470976, 1.0, 0.0, 0.0, 0.0, 0.0, 0.0, 0.0, 0.0, 0.0, 0.0, 0.0, 0.0, 0.0, 0.0, 0.0, 0.0, 0.0, 0.0, 0.0, 0.0, 0.0, 0.0, 0.0, 0.0, 0.0, 0.0, 0.0, 0.0, 0.0, 0.0, 0.0, 1.3420407265342715, 2.6187043877367433, 0.0, 1.0, 0.0, 0.0, 0.0, 2.277894679058209, 1.0259721982269803, 1.776608691470976, 0.0, 0.0, 0.0, 0.7221053209417913, 0.0, 3.0, 0.0, 0.0, 2.118196883605328, 0.0, 0.0, 0.0, 7.195817729460997, 0.0, 0.3238490750933017, 0.0, 3.0, 0.9375000399488272, 2.0624999600511726, 0.0, 0.8041822705390015, 0.0, 2.3393710771554064, 0.0, 1.7213494451603513, 0.0, 0.0, 0.0, 0.0, 0.0, 0.0, 0.0, 2.0740157651629776, 0.0, 0.0, 0.0, 3.0, 0.0, 0.0, 2.0624999600511726, 0.0, 3.0, 0.0, 0.0, 0.0, 0.0, 0.0, 0.0, 2.7600681549613792, 0.0, 0.0, 6.001394270614134, 0.0, 0.0, 0.0, 0.0, 0.0, 0.0, 0.0, 0.0, 0.0, 3.819303156343499, 0.0, 0.0, 4.960745114271015, 1.3420407265342715, 2.6187043877367433, 0.0, 1.0, 0.776608691470976, 1.0, 0.0, 0.0, 2.0, 1.0, 0.0, 1.6606289228445938, 1.0, 0.3393710771554065, 2.0, 0.0, 0.0, 0.0, 0.3393710771554062, 0.0, 0.0, 2.0, 1.0, 0.0, 0.0, 0.0, 4.745287391180522, 3.2547126088194775, 0.0, 0.0, 2.0, 0.9760620539798296, 0.02393794602017021, 2.0, 6.0, 0.0, 2.0, 1.0, 0.0, 0.0, 0.8665038118466868, 2.0846584683359293, 0.13275494987206435, 0.0, 4.867245050127935, 2.1601214187131785, 1.8672450501279356, 0.0, 0.0, 1.1327549498720644, 2.0, 1.7953652103233286, 0.0, 0.0, 0.0, 1.195817729460997, 0.0, 0.6579592734657284, 0.0, 1.223391308529024, 0.0, 0.0, 0.0, 0.0, 0.0, 0.0, 0.0, 0.0, 0.0, 0.0, 0.0, 0.22180317918604803, 0.0, 0.0, 0.0, 0.0, 0.0, 0.0, 0.0, 0.0, 2.0, 0.0, 0.8818031163946717, 0.0, 0.0, 0.0, 0.0, 0.0, 0.0, 0.0, 0.0, 0.0, 0.0, 0.0, 0.0, 0.0, 0.804182270539003, 0.0, 0.0, 0.0, 0.0, 0.0, 0.0, 0.0, 0.0, 0.0, 0.0, 0.0, 0.6606289228445938, 0.0, 1.2547126088194784, 0.023937946020170436, 2.0, 0.0, 0.0, 0.0, 0.0, 6.0, 0.0, 0.0, 0.0, 0.0, 0.7781968208139519, 0.0, 0.0, 0.0, 0.0, 0.0, 0.0, 0.0, 1.133496188153313, 0.0, 0.0, 0.0, 0.0, 0.0, 0.0, 0.0, 0.0, 0.0, 0.0, 0.0, 0.0, 0.0, 0.0, 0.0, 0.0, 0.0, 0.0, 0.0, 0.0, 0.0, 0.0, 0.0, 0.0, 0.0, 0.0, 0.0, 0.0, 0.0, 0.0, 0.0, 0.0, 0.0, 0.0, 0.0, 4.180696843656501, 0.0, 0.0, 0.0, 0.0, 0.0, 0.7592982263527364, 0.14599668350527534, 1.0, 0.0, 0.0, 0.0, 0.24070177364726375, 0.0, 1.0, 0.0, 0.0, 0.264774610450666, 0.0, 0.0, 0.0, 0.8994772161826247, 0.0, 0.10501224609311566, 0.0, 1.0, 0.31250001331627575, 0.2578124950063966, 0.0, 0.10052278381737519, 0.0, 1.0, 1.0, 0.4535398702813396, 0.0, 0.0, 0.0, 0.0, 0.0, 0.0, 0.0, 0.5464601297186605, 0.0, 0.0, 0.0, 1.0, 0.0, 0.0, 0.6874999866837243, 0.0, 1.0, 0.0, 0.0, 0.0, 0.0, 0.0, 0.0, 0.8949877539068843, 0.0, 0.0, 0.8540033164947247, 0.0, 0.0, 0.0, 0.0, 0.0, 0.0, 0.0, 0.0, 0.0, 0.4774128945429374, 0.0, 0.0, 1.0]  :with objective: -628.4685290268336

  Local solver returns a feasible point with value -628.4685
disc:  333  :[0.0, 1.1420407265342716, 1.5420407265342715, 2.0]
disc:  334  :[0.0, 2.018704387736743, 3.2187043877367434, 6.0]
disc:  335  :[0.0, 0.1, 1.0]
disc:  336  :[0.0, 0.9, 1.0]
disc:  337  :[0.0, 0.576608691470976, 0.976608691470976, 2.0]
disc:  338  :[0.0, 0.9, 1.0]
disc:  339  :[0.0, 0.2, 2.0]
disc:  340  :[0.0, 0.2, 2.0]
disc:  341  :[0.0, 1.8, 2.0]
disc:  342  :[0.0, 0.9, 1.0]
disc:  343  :[0.0, 0.2, 2.0]
disc:  344  :[0.0, 1.460628922844594, 1.8606289228445938, 2.0]
disc:  345  :[0.0, 0.9, 1.0]
disc:  346  :[0.0, 0.0393710771554065, 0.6393710771554064, 3.0]
disc:  347  :[0.0, 1.8, 2.0]
disc:  348  :[0.0, 0.6, 6.0]
disc:  349  :[0.0, 0.2, 2.0]
disc:  350  :[0.0, 0.1, 1.0]
disc:  351  :[0.0, 0.1393710771554062, 0.5393710771554062, 2.0]
disc:  352  :[0.0, 0.6, 6.0]
disc:  353  :[0.0, 0.1, 1.0]
disc:  354  :[0.0, 1.8, 2.0]
disc:  355  :[0.0, 0.9, 1.0]
disc:  356  :[0.0, 0.2, 2.0]
disc:  357  :[0.0, 0.1, 1.0]
disc:  358  :[0.0, 0.2, 2.0]
disc:  359  :[0.0, 4.145287391180522, 5.345287391180522, 6.0]
disc:  360  :[0.0, 2.6547126088194775, 3.8547126088194776, 6.0]
disc:  361  :[0.0, 0.2, 2.0]
disc:  362  :[0.0, 0.1, 1.0]
disc:  363  :[0.0, 1.8, 2.0]
disc:  364  :[0.0, 0.8760620539798296, 1.0]
disc:  365  :[0.0, 0.3239379460201702, 3.0]
disc:  366  :[0.0, 1.8, 2.0]
disc:  367  :[0.0, 5.4, 6.0]
disc:  368  :[0.0, 0.2, 2.0]
disc:  369  :[0.0, 1.8, 2.0]
disc:  370  :[0.0, 0.9, 1.0]
disc:  371  :[0.0, 0.2, 2.0]
disc:  372  :[0.0, 0.2, 2.0]
disc:  373  :[0.0, 0.6665038118466868, 1.0665038118466867, 2.0]
disc:  374  :[0.0, 1.4846584683359292, 2.6846584683359294, 6.0]
disc:  375  :[0.0, 0.33275494987206433, 2.0]
disc:  376  :[0.0, 0.2, 2.0]
disc:  377  :[0.0, 4.2672450501279355, 5.467245050127935, 6.0]
disc:  378  :[0.0, 1.5601214187131784, 2.7601214187131786, 6.0]
disc:  379  :[0.0, 1.6672450501279357, 2.0]
disc:  380  :[0.0, 0.1, 1.0]
disc:  381  :[0.0, 0.3, 3.0]
disc:  382  :[0.0, 0.8327549498720643, 1.4327549498720644, 3.0]
disc:  383  :[0.0, 1.8, 2.0]
disc:  384  :[0.0, 1.1953652103233288, 2.3953652103233285, 6.0]
disc:  385  :[0.0, 0.2, 2.0]
disc:  502  :[0.0, 0.1, 1.0]
disc:  503  :[0.0, 0.1, 1.0]
disc:  504  :[0.0, 0.1, 1.0]
disc:  505  :[0.0, 0.6592982263527364, 0.8592982263527363, 1.0]
disc:  506  :[0.0, 0.04599668350527533, 0.24599668350527534, 1.0]
disc:  507  :[0.0, 0.9, 1.0]
disc:  508  :[0.0, 0.1, 1.0]
disc:  509  :[0.0, 0.1, 1.0]
disc:  510  :[0.0, 0.1, 1.0]
disc:  511  :[0.0, 0.14070177364726374, 0.34070177364726373, 1.0]
disc:  512  :[0.0, 0.1, 1.0]
disc:  513  :[0.0, 0.9, 1.0]
disc:  514  :[0.0, 0.1, 1.0]
disc:  515  :[0.0, 0.1, 1.0]
disc:  516  :[0.0, 0.16477461045066602, 0.36477461045066606, 1.0]
disc:  517  :[0.0, 0.1, 1.0]
disc:  518  :[0.0, 0.1, 1.0]
disc:  519  :[0.0, 0.1, 1.0]
disc:  520  :[0.0, 0.7994772161826247, 0.9994772161826246, 1.0]
disc:  521  :[0.0, 0.1, 1.0]
disc:  522  :[0.0, 0.005012246093115652, 0.20501224609311566, 1.0]
disc:  523  :[0.0, 0.1, 1.0]
disc:  524  :[0.0, 0.9, 1.0]
disc:  525  :[0.0, 0.21250001331627574, 0.4125000133162757, 1.0]
disc:  526  :[0.0, 0.15781249500639657, 0.35781249500639656, 1.0]
disc:  527  :[0.0, 0.1, 1.0]
disc:  528  :[0.0, 0.0005227838173751803, 0.2005227838173752, 1.0]
disc:  529  :[0.0, 0.1, 1.0]
disc:  530  :[0.0, 0.9, 1.0]
disc:  531  :[0.0, 0.9, 1.0]
disc:  532  :[0.0, 0.3535398702813396, 0.5535398702813396, 1.0]
disc:  533  :[0.0, 0.1, 1.0]
disc:  534  :[0.0, 0.1, 1.0]
disc:  535  :[0.0, 0.1, 1.0]
disc:  536  :[0.0, 0.1, 1.0]
disc:  537  :[0.0, 0.1, 1.0]
disc:  538  :[0.0, 0.1, 1.0]
disc:  539  :[0.0, 0.1, 1.0]
disc:  540  :[0.0, 0.44646012971866056, 0.6464601297186605, 1.0]
disc:  541  :[0.0, 0.1, 1.0]
disc:  542  :[0.0, 0.1, 1.0]
disc:  543  :[0.0, 0.1, 1.0]
disc:  544  :[0.0, 0.9, 1.0]
disc:  545  :[0.0, 0.1, 1.0]
disc:  546  :[0.0, 0.1, 1.0]
disc:  547  :[0.0, 0.5874999866837243, 0.7874999866837242, 1.0]
disc:  548  :[0.0, 0.1, 1.0]
disc:  549  :[0.0, 0.9, 1.0]
disc:  550  :[0.0, 0.1, 1.0]
disc:  551  :[0.0, 0.1, 1.0]
disc:  552  :[0.0, 0.1, 1.0]
disc:  553  :[0.0, 0.1, 1.0]
disc:  554  :[0.0, 0.1, 1.0]
disc:  555  :[0.0, 0.1, 1.0]
disc:  556  :[0.0, 0.7949877539068844, 0.9949877539068843, 1.0]
disc:  557  :[0.0, 0.1, 1.0]
disc:  558  :[0.0, 0.1, 1.0]
disc:  559  :[0.0, 0.7540033164947247, 0.9540033164947247, 1.0]
disc:  560  :[0.0, 0.1, 1.0]
disc:  561  :[0.0, 0.1, 1.0]
disc:  562  :[0.0, 0.1, 1.0]
disc:  563  :[0.0, 0.1, 1.0]
disc:  564  :[0.0, 0.1, 1.0]
disc:  565  :[0.0, 0.1, 1.0]
disc:  566  :[0.0, 0.1, 1.0]
disc:  567  :[0.0, 0.1, 1.0]
disc:  568  :[0.0, 0.1, 1.0]
disc:  569  :[0.0, 0.37741289454293736, 0.5774128945429374, 1.0]
disc:  570  :[0.0, 0.1, 1.0]
disc:  571  :[0.0, 0.1, 1.0]
disc:  572  :[0.0, 0.9, 1.0]
  Completed presolve in 8.18s
LOWER-BOUNDING ITERATIONS
====================================================================================================
| Iter   | Incumbent       | Best Incumbent      | Lower Bound        | Gap (%)         | Time      
| finish | -628.4685       | -628.4685           | -631.3354          | 0.456           | 37.68s           
Final UBD: -628.4685290268336
Final LBD: -631.3354415645599
====================================================================================================

*** Alpine ended with status OTHER_LIMIT ***

 Total time for local solves: 5.92s

 Total time for solving max-min problems: 0.0s

 Total time excluding max-min time: 37.68s

presolve objective value: -628.4685290268336
w_opt: 1-dimensional DenseAxisArray{Float64,1,...} with index sets:
    Dimension 1, [(25, 1, 2), (25, 1, 1), (25, 1, 14), (20, 1, 2), (20, 1, 1), (20, 1, 14), (1, 1, 2), (1, 1, 1), (1, 1, 14), (2, 1, 2)  …  (20, 15, 23), (20, 15, 3), (8, 15, 30), (8, 15, 29), (8, 15, 23), (8, 15, 3), (2, 15, 30), (2, 15, 29), (2, 15, 23), (2, 15, 3)]
And data, a 261-element Vector{Float64}:
 0.9070797405626791
 0.8142697045976721
 0.0
 1.092920259437321
 0.9810955057256564
 0.0
 0.0
 0.0
 0.0
 0.0
 0.0
 0.0
 0.0
 0.0
 0.0
 0.0
 1.8672450501279356
 0.0
 0.0
 1.1327549498720644
 0.0
 0.0
 0.0
 0.0
 0.0
 0.0
 0.0
 0.0
 0.0
 0.7106016351261462
 0.31537056310083417
 0.0
 0.0
 0.0
 0.0
 4.156643415001789
 1.8447508556123444
 0.0
 0.0
 0.0
 0.0
 0.0
 0.0
 0.09099351153026707
 0.21891466809699017
 0.013940895466044455
 0.0
 0.0
 0.0
 0.7755103003164198
 1.8657438002389395
 0.1188140544060199
 0.0
 0.0
 0.0
 0.0
 0.0
 0.0
 0.0
 2.0
 1.0
 0.0
 0.0
 0.0
 0.0
 0.0
 0.0
 0.0
 0.0
 0.0
 0.0
 0.0
 0.0
 0.0
 0.529549220901332
 1.588647662703996
 0.0
 0.5156249900127932
 1.5468749700383795
 0.0
 0.0
 0.0
 0.0
 0.0
 0.0
 0.0
 0.0
 0.0
 0.0
 0.0
 0.0
 0.0
 0.9548257890858748
 2.8644773672576243
 0.0
 0.0
 0.0
 0.0
 0.0
 0.0
 0.0
 2.0
 0.9760620539798296
 0.02393794602017021
 0.0
 0.0
 0.0
 0.0
 0.0
 0.0
 0.0
 0.0
 0.0
 0.0
 0.0
 0.0
 0.0
 0.0
 4.268277892605566
 2.9275398368554315
 0.0
 0.0
 0.0
 0.47700949857495584
 0.32717277196404554
 0.0
 0.0
 0.0
 0.0
 0.0
 0.0
 0.0
 0.0
 0.0
 0.0
 0.0
 0.0
 0.0
 0.0
 0.0
 0.0
 0.0
 0.0
 0.0
 0.0
 0.0
 0.0
 0.0
 0.0
 0.0
 0.0
 0.0
 0.0
 0.6250000266325515
 0.31250001331627575
 0.0
 0.0
 1.3749999733674485
 0.6874999866837243
 0.0
 0.0
 0.0
 0.0
 0.0
 0.0
 0.0
 0.0
 0.0
 0.0
 0.0
 0.0
 0.0
 0.0
 2.0
 0.0
 0.0
 0.0
 0.3393710771554062
 0.0
 0.0
 0.0
 0.0
 0.0
 0.0
 0.0
 0.0
 0.0
 0.0
 0.0
 0.0
 0.0
 0.0
 0.0
 0.0
 1.6606289228445938
 1.0
 0.3393710771554062
 0.0
 0.0
 0.0
 0.0
 0.0
 0.0
 0.0
 0.0
 0.0
 1.5185964527054727
 0.7592982263527362
 0.0
 0.4814035472945275
 0.24070177364726372
 0.0
 0.0
 0.0
 0.0
 0.0
 0.0
 0.0
 0.0
 0.0
 0.0
 0.0
 0.0
 0.0
 0.0
 0.776608691470976
 1.0
 0.0
 0.0
 0.0
 0.0
 0.0
 0.0
 0.0
 0.0
 0.0
 0.0
 0.0
 0.0
 0.0
 0.0
 0.0
 0.0
 0.0
 0.0
 0.0
 0.0
 0.0
 0.0
 0.0
 0.0
 0.0
 0.0
 0.0
 0.0
 0.0
 0.0
 1.3420407265342715
 2.6187043877367433
 0.0
 1.0
x_ij_opt: 1-dimensional DenseAxisArray{Float64,1,...} with index sets:
    Dimension 1, [(43, 30), (43, 22), (43, 6), (44, 22), (45, 30), (45, 29), (45, 28), (45, 24), (45, 23), (40, 29)  …  (5, 7), (5, 14), (6, 4), (6, 3), (1, 14), (1, 10), (1, 23), (1, 1), (3, 2), (3, 1)]
And data, a 116-element Vector{Float64}:
 0.0
 0.0
 1.195817729460997
 0.0
 0.6579592734657284
 0.0
 1.223391308529024
 0.0
 0.0
 0.0
 0.0
 0.0
 0.0
 0.0
 0.0
 0.0
 0.0
 0.0
 0.22180317918604803
 0.0
 0.0
 0.0
 0.0
 0.0
 0.0
 0.0
 0.0
 2.0
 0.0
 0.8818031163946717
 0.0
 0.0
 0.0
 0.0
 0.0
 0.0
 0.0
 0.0
 0.0
 0.0
 0.0
 0.0
 0.0
 0.804182270539003
 0.0
 0.0
 0.0
 0.0
 0.0
 0.0
 0.0
 0.0
 0.0
 0.0
 0.0
 0.6606289228445938
 0.0
 1.2547126088194784
 0.023937946020170436
 2.0
 0.0
 0.0
 0.0
 0.0
 6.0
 0.0
 0.0
 0.0
 0.0
 0.7781968208139519
 0.0
 0.0
 0.0
 0.0
 0.0
 0.0
 0.0
 1.133496188153313
 0.0
 0.0
 0.0
 0.0
 0.0
 0.0
 0.0
 0.0
 0.0
 0.0
 0.0
 0.0
 0.0
 0.0
 0.0
 0.0
 0.0
 0.0
 0.0
 0.0
 0.0
 0.0
 0.0
 0.0
 0.0
 0.0
 0.0
 0.0
 0.0
 0.0
 0.0
 0.0
 0.0
 0.0
 0.0
 4.180696843656501
 0.0
 0.0
x_il_opt: 1-dimensional DenseAxisArray{Float64,1,...} with index sets:
    Dimension 1, [(43, 15), (43, 14), (44, 15), (44, 13), (44, 3), (40, 14), (40, 2), (41, 14), (42, 6), (37, 13)  …  (4, 13), (5, 2), (5, 7), (5, 9), (6, 11), (1, 1), (1, 6), (1, 3), (2, 1), (2, 15)]
And data, a 71-element Vector{Float64}:
 0.0
 0.0
 0.0
 2.277894679058209
 1.0259721982269803
 1.776608691470976
 0.0
 0.0
 0.0
 0.7221053209417913
 0.0
 3.0
 0.0
 0.0
 2.118196883605328
 0.0
 0.0
 0.0
 7.195817729460997
 0.0
 0.3238490750933017
 0.0
 3.0
 0.9375000399488272
 2.0624999600511726
 0.0
 0.8041822705390015
 0.0
 2.3393710771554064
 0.0
 1.7213494451603513
 0.0
 0.0
 0.0
 0.0
 0.0
 0.0
 0.0
 2.0740157651629776
 0.0
 0.0
 0.0
 3.0
 0.0
 0.0
 2.0624999600511726
 0.0
 3.0
 0.0
 0.0
 0.0
 0.0
 0.0
 0.0
 2.7600681549613792
 0.0
 0.0
 6.001394270614134
 0.0
 0.0
 0.0
 0.0
 0.0
 0.0
 0.0
 0.0
 0.0
 3.819303156343499
 0.0
 0.0
 4.960745114271015
x_lj_opt: 1-dimensional DenseAxisArray{Float64,1,...} with index sets:
    Dimension 1, [(15, 30), (15, 29), (15, 23), (15, 3), (14, 28), (14, 27), (14, 10), (14, 24), (13, 26), (13, 25)  …  (3, 6), (3, 5), (3, 29), (2, 4), (2, 3), (2, 1), (2, 5), (1, 2), (1, 1), (1, 14)]
And data, a 53-element Vector{Float64}:
 1.3420407265342715
 2.6187043877367433
 0.0
 1.0
 0.776608691470976
 1.0
 0.0
 0.0
 2.0
 1.0
 0.0
 1.6606289228445938
 1.0
 0.3393710771554065
 2.0
 0.0
 0.0
 0.0
 0.3393710771554062
 0.0
 0.0
 2.0
 1.0
 0.0
 0.0
 0.0
 4.745287391180522
 3.2547126088194775
 0.0
 0.0
 2.0
 0.9760620539798296
 0.02393794602017021
 2.0
 6.0
 0.0
 2.0
 1.0
 0.0
 0.0
 0.8665038118466868
 2.0846584683359293
 0.13275494987206435
 0.0
 4.867245050127935
 2.1601214187131785
 1.8672450501279356
 0.0
 0.0
 1.1327549498720644
 2.0
 1.7953652103233286
 0.0
q_opt: 1-dimensional DenseAxisArray{Float64,1,...} with index sets:
    Dimension 1, [(43, 15), (43, 14), (44, 15), (44, 13), (44, 3), (40, 14), (40, 2), (41, 14), (42, 6), (37, 13)  …  (4, 13), (5, 2), (5, 7), (5, 9), (6, 11), (1, 1), (1, 6), (1, 3), (2, 1), (2, 15)]
And data, a 71-element Vector{Float64}:
 0.0
 0.0
 0.0
 0.7592982263527364
 0.14599668350527534
 1.0
 0.0
 0.0
 0.0
 0.24070177364726375
 0.0
 1.0
 0.0
 0.0
 0.264774610450666
 0.0
 0.0
 0.0
 0.8994772161826247
 0.0
 0.10501224609311566
 0.0
 1.0
 0.31250001331627575
 0.2578124950063966
 0.0
 0.10052278381737519
 0.0
 1.0
 1.0
 0.4535398702813396
 0.0
 0.0
 0.0
 0.0
 0.0
 0.0
 0.0
 0.5464601297186605
 0.0
 0.0
 0.0
 1.0
 0.0
 0.0
 0.6874999866837243
 0.0
 1.0
 0.0
 0.0
 0.0
 0.0
 0.0
 0.0
 0.8949877539068843
 0.0
 0.0
 0.8540033164947247
 0.0
 0.0
 0.0
 0.0
 0.0
 0.0
 0.0
 0.0
 0.0
 0.4774128945429374
 0.0
 0.0
 1.0
