
PROBLEM STATISTICS
  Objective sense = Min
  # Variables = 572
  # Bin-Int Variables = 0
  # Constraints = 621
  # NL Constraints = 261
  # Linear Constraints = 360
  # Detected convex constraints = 0
  # Detected nonlinear terms = 261
  # Variables involved in nonlinear terms = 124
  # Potential variables for partitioning = 124
SUB-SOLVERS USED BY ALPINE
  NLP local solver = Knitro
  MIP solver = Gurobi
ALPINE CONFIGURATION
  Maximum iterations (lower-bounding MIPs) =  1
  Relative global optimality gap = 0.01%
  Potential variables chosen for partitioning = All
  Discretization ratio = 10
  Bound-tightening presolve = false
PRESOLVE 
  Doing local search

Feasible solution found during presolve: [1.2351039198730211, 0.0, 0.0, 0.764896080126979, 0.0, 0.0, 0.0, 0.0, 0.0, 0.0, 0.0, 0.0, 0.0, 0.0, 0.0, 0.0, 2.0, 0.0, 0.1478048125714912, 0.8521951874285089, 0.0, 0.0, 0.0, 0.0, 0.0, 0.0, 0.0, 0.0, 0.656907339773738, 1.8867463026024647, 0.3884642156977139, 0.0, 0.0, 0.0, 1.1354008049070627, 3.2610585099690264, 0.6714228270499955, 0.0, 0.0, 0.0, 0.0, 0.0, 0.0, 0.32761454347540137, 0.7674777431319354, 0.0, 0.0, 0.0, 0.0, 0.6300325913622549, 1.4759295670723918, 0.0, 0.0, 0.0, 0.0, 0.0, 0.0, 0.0, 0.0, 2.0, 1.0, 0.0, 0.0, 0.0, 0.0, 0.0, 0.0, 0.0, 0.0, 0.0, 0.0, 0.05854787300059447, 0.17564361900178338, 0.0, 0.75, 2.2499999999999996, 0.0, 0.5701510052717497, 1.710453015815249, 0.0, 0.0, 0.0, 0.0, 0.0, 0.0, 0.0, 0.0, 0.0, 0.0, 0.0, 0.0, 0.0, 0.6213011217276557, 1.8639033651829666, 0.0, 0.0, 0.0, 0.0, 0.0, 0.0, 0.0, 1.745723460164229, 0.9168768654966397, 0.3373996743391312, 0.0, 0.0, 0.0, 0.0, 0.0, 0.0, 0.0, 0.0, 0.0, 0.0, 0.0, 0.0, 0.0, 0.0, 4.450691454363394, 2.7168334546173805, 0.0, 0.0, 0.0, 0.5169273662275315, 0.3155477247916948, 0.0, 0.0, 0.0, 0.0, 0.0, 0.0, 0.0, 0.0, 0.0, 0.0, 0.0, 0.0, 0.0, 0.0, 0.0, 0.0, 0.0, 0.0, 0.0, 0.0, 0.0, 0.0, 0.6493917662145439, 0.0, 0.0, 0.0, 0.0, 0.0, 0.47959731927533433, 0.23979865963766717, 0.0, 0.0, 1.5204026807246658, 0.7602013403623329, 0.0, 0.0, 0.0, 0.0, 0.0, 0.0, 0.0, 0.0, 0.0, 0.0, 0.0, 0.0, 0.0, 0.0, 1.9059328919621237, 0.0, 0.0, 0.0, 0.3698555976512792, 0.0, 0.0, 0.0, 0.0, 0.0, 0.0, 0.0, 0.0, 0.0, 0.0, 0.0, 0.0, 0.0, 0.0, 0.0, 0.0, 1.6301444023487208, 1.0, 0.36985559765127907, 0.0, 0.0, 0.0, 0.0, 0.0, 0.0, 0.0, 0.0, 0.0, 1.5177927143241963, 0.7588963571620979, 0.0, 0.4822072856758038, 0.24110364283790184, 0.0, 0.0, 0.0, 0.0, 0.0, 0.0, 0.0, 0.0, 0.0, 0.0, 0.0, 0.0, 0.0, 0.0, 0.4674041643810017, 0.5263188721866177, 0.0, 0.0, 0.0, 0.0, 0.0, 0.0, 0.0, 0.0, 0.0, 0.0, 0.0, 0.0, 0.0, 0.0, 0.0, 0.0, 0.0, 0.0, 0.0, 0.0, 0.0, 0.0, 0.0, 0.0, 0.0, 0.0, 0.0, 0.0, 0.0, 0.0, 0.9042285856279214, 4.570257359601012, 0.0, 0.7719034954073664, 0.0, 0.0, 0.0, 2.2766890714862944, 2.9321178580739167, 0.9937230365676193, 0.0, 0.0, 0.23419149200237785, 0.7233109285137056, 0.0, 3.0, 0.0, 0.0, 3.0, 0.0, 0.0, 0.0, 7.167524908980774, 0.0, 1.0950922866073367, 0.0, 3.0, 0.7193959789130016, 2.2806040210869987, 0.0, 0.8324750910192263, 0.0, 2.2757884896134026, 0.6493917662145439, 1.2351039198730211, 0.0, 0.0, 0.0, 0.0, 0.0, 0.0, 0.0, 0.764896080126979, 0.0, 0.0, 0.0, 3.0, 0.0, 0.0, 2.2806040210869987, 0.0, 3.0, 0.0, 0.0, 0.0, 0.0, 0.0, 0.0, 2.105962158434647, 0.0, 0.0, 5.067882141926084, 0.0, 0.0, 0.0, 0.0, 0.0, 0.0, 0.0, 0.0, 0.0, 2.4852044869106225, 0.0, 0.0, 6.2463894406363, 0.9042285856279214, 4.570257359601012, 0.0, 0.7719034954073664, 0.4674041643810017, 0.5263188721866177, 0.0, 0.0, 2.0, 1.0, 0.0, 1.6301444023487208, 1.0, 0.36985559765127907, 1.9059328919621237, 0.0, 0.0, 0.0, 0.3698555976512792, 0.0, 0.0, 2.0, 1.0, 0.6493917662145439, 0.0, 0.0, 4.967618820590926, 3.032381179409075, 0.0, 0.0, 1.745723460164229, 0.9168768654966395, 0.3373996743391312, 2.0, 6.0, 0.0, 2.0, 1.0, 0.0, 0.0, 0.9576471348376563, 2.243407310204327, 0.0, 1.7923081446808007, 5.147804812571491, 1.0598870427477094, 2.0, 0.0, 0.1478048125714912, 0.8521951874285089, 2.0, 0.0, 0.0, 0.0, 0.09406710803787625, 0.0, 0.0, 1.0957714143720785, 0.0, 1.5325958356189984, 0.0, 0.0, 0.0, 0.0, 0.0, 0.0, 0.0, 0.0, 0.0, 0.0, 0.0, 0.207410251878008, 0.0, 0.0, 0.0, 0.0, 0.0, 0.0, 0.0, 0.0, 2.0, 0.0, 0.0, 0.0, 0.0, 0.0, 0.0, 0.0, 0.0, 0.0, 0.0, 0.0, 0.0, 0.0, 0.0, 0.0, 0.20769185531919934, 0.0, 0.0, 0.0, 0.0, 0.0, 0.0, 0.0, 0.0, 0.0, 0.0, 0.0, 0.7242115103865974, 0.0, 1.0323811794090745, 0.08312313450336051, 1.3506082337854561, 0.0, 0.0, 0.0, 0.0, 6.0, 0.0, 0.0, 0.0, 0.0, 0.792589748121992, 0.0, 0.0, 0.0, 0.0, 0.0, 0.0, 0.47368112781338234, 1.0423528651623437, 0.0, 0.0, 0.0, 0.0, 0.0, 0.0, 0.0, 0.0, 0.0, 0.0, 0.0, 0.0, 0.0, 0.0, 0.0, 0.0, 0.0, 0.0, 0.0, 0.0, 0.0, 0.22809650459263364, 0.0, 0.0, 0.0, 0.0, 0.0, 0.25427653983577087, 0.0, 0.0, 0.0, 0.0, 0.0, 0.0, 0.0, 5.5147955130893775, 0.0, 0.0, 0.0, 0.0, 0.0, 0.7588963571620981, 0.36651473225923953, 1.0, 0.0, 0.0, 0.029273936500297235, 0.2411036428379019, 0.0, 1.0, 0.0, 0.0, 0.375, 0.0, 0.0, 0.0, 0.8959406136225967, 0.0, 0.3421036116094471, 0.0, 1.0, 0.23979865963766717, 0.28507550263587483, 0.0, 0.10405938637740328, 0.0, 1.0, 1.0, 0.6175519599365106, 0.0, 0.0, 0.0, 0.0, 0.0, 0.0, 0.0, 0.3824480400634895, 0.0, 0.0, 0.0, 1.0, 0.0, 0.0, 0.7602013403623329, 0.0, 1.0, 0.0, 0.0, 0.0, 0.0, 0.0, 0.0, 0.657896388390553, 0.0, 0.0, 0.6334852677407605, 0.0, 0.0, 0.0, 0.0, 0.0, 0.0, 0.0, 0.0, 0.0, 0.3106505608638278, 0.0, 0.0, 1.0]  :with objective: -644.3713550640149

  Local solver returns a feasible point with value -644.3714
disc:  333  :[0.0, 0.7042285856279213, 1.1042285856279215, 2.0]
disc:  334  :[0.0, 3.970257359601012, 5.1702573596010115, 6.0]
disc:  335  :[0.0, 0.1, 1.0]
disc:  336  :[0.0, 0.6719034954073664, 0.8719034954073663, 1.0]
disc:  337  :[0.0, 0.2674041643810017, 0.6674041643810017, 2.0]
disc:  338  :[0.0, 0.4263188721866177, 0.6263188721866176, 1.0]
disc:  339  :[0.0, 0.2, 2.0]
disc:  340  :[0.0, 0.2, 2.0]
disc:  341  :[0.0, 1.8, 2.0]
disc:  342  :[0.0, 0.9, 1.0]
disc:  343  :[0.0, 0.2, 2.0]
disc:  344  :[0.0, 1.4301444023487209, 1.8301444023487208, 2.0]
disc:  345  :[0.0, 0.9, 1.0]
disc:  346  :[0.0, 0.06985559765127908, 0.669855597651279, 3.0]
disc:  347  :[0.0, 1.7059328919621237, 2.0]
disc:  348  :[0.0, 0.6, 6.0]
disc:  349  :[0.0, 0.2, 2.0]
disc:  350  :[0.0, 0.1, 1.0]
disc:  351  :[0.0, 0.16985559765127917, 0.5698555976512791, 2.0]
disc:  352  :[0.0, 0.6, 6.0]
disc:  353  :[0.0, 0.1, 1.0]
disc:  354  :[0.0, 1.8, 2.0]
disc:  355  :[0.0, 0.9, 1.0]
disc:  356  :[0.0, 0.44939176621454385, 0.8493917662145438, 2.0]
disc:  357  :[0.0, 0.1, 1.0]
disc:  358  :[0.0, 0.2, 2.0]
disc:  359  :[0.0, 4.367618820590926, 5.567618820590925, 6.0]
disc:  360  :[0.0, 2.432381179409075, 3.6323811794090752, 6.0]
disc:  361  :[0.0, 0.2, 2.0]
disc:  362  :[0.0, 0.1, 1.0]
disc:  363  :[0.0, 1.5457234601642291, 1.945723460164229, 2.0]
disc:  364  :[0.0, 0.8168768654966395, 1.0]
disc:  365  :[0.0, 0.03739967433913122, 0.6373996743391313, 3.0]
disc:  366  :[0.0, 1.8, 2.0]
disc:  367  :[0.0, 5.4, 6.0]
disc:  368  :[0.0, 0.2, 2.0]
disc:  369  :[0.0, 1.8, 2.0]
disc:  370  :[0.0, 0.9, 1.0]
disc:  371  :[0.0, 0.2, 2.0]
disc:  372  :[0.0, 0.2, 2.0]
disc:  373  :[0.0, 0.7576471348376563, 1.1576471348376562, 2.0]
disc:  374  :[0.0, 1.643407310204327, 2.843407310204327, 6.0]
disc:  375  :[0.0, 0.2, 2.0]
disc:  376  :[0.0, 1.5923081446808007, 1.9923081446808006, 2.0]
disc:  377  :[0.0, 4.547804812571491, 5.7478048125714905, 6.0]
disc:  378  :[0.0, 0.4598870427477094, 1.6598870427477093, 6.0]
disc:  379  :[0.0, 1.8, 2.0]
disc:  380  :[0.0, 0.1, 1.0]
disc:  381  :[0.0, 0.4478048125714912, 3.0]
disc:  382  :[0.0, 0.5521951874285089, 1.1521951874285088, 3.0]
disc:  383  :[0.0, 1.8, 2.0]
disc:  384  :[0.0, 0.6, 6.0]
disc:  385  :[0.0, 0.2, 2.0]
disc:  502  :[0.0, 0.1, 1.0]
disc:  503  :[0.0, 0.1, 1.0]
disc:  504  :[0.0, 0.1, 1.0]
disc:  505  :[0.0, 0.6588963571620982, 0.8588963571620981, 1.0]
disc:  506  :[0.0, 0.2665147322592395, 0.46651473225923956, 1.0]
disc:  507  :[0.0, 0.9, 1.0]
disc:  508  :[0.0, 0.1, 1.0]
disc:  509  :[0.0, 0.1, 1.0]
disc:  510  :[0.0, 0.12927393650029723, 1.0]
disc:  511  :[0.0, 0.1411036428379019, 0.3411036428379019, 1.0]
disc:  512  :[0.0, 0.1, 1.0]
disc:  513  :[0.0, 0.9, 1.0]
disc:  514  :[0.0, 0.1, 1.0]
disc:  515  :[0.0, 0.1, 1.0]
disc:  516  :[0.0, 0.275, 0.475, 1.0]
disc:  517  :[0.0, 0.1, 1.0]
disc:  518  :[0.0, 0.1, 1.0]
disc:  519  :[0.0, 0.1, 1.0]
disc:  520  :[0.0, 0.7959406136225967, 0.9959406136225967, 1.0]
disc:  521  :[0.0, 0.1, 1.0]
disc:  522  :[0.0, 0.24210361160944707, 0.4421036116094471, 1.0]
disc:  523  :[0.0, 0.1, 1.0]
disc:  524  :[0.0, 0.9, 1.0]
disc:  525  :[0.0, 0.13979865963766716, 0.3397986596376672, 1.0]
disc:  526  :[0.0, 0.18507550263587483, 0.38507550263587487, 1.0]
disc:  527  :[0.0, 0.1, 1.0]
disc:  528  :[0.0, 0.0040593863774032735, 0.20405938637740328, 1.0]
disc:  529  :[0.0, 0.1, 1.0]
disc:  530  :[0.0, 0.9, 1.0]
disc:  531  :[0.0, 0.9, 1.0]
disc:  532  :[0.0, 0.5175519599365106, 0.7175519599365106, 1.0]
disc:  533  :[0.0, 0.1, 1.0]
disc:  534  :[0.0, 0.1, 1.0]
disc:  535  :[0.0, 0.1, 1.0]
disc:  536  :[0.0, 0.1, 1.0]
disc:  537  :[0.0, 0.1, 1.0]
disc:  538  :[0.0, 0.1, 1.0]
disc:  539  :[0.0, 0.1, 1.0]
disc:  540  :[0.0, 0.28244804006348945, 0.4824480400634895, 1.0]
disc:  541  :[0.0, 0.1, 1.0]
disc:  542  :[0.0, 0.1, 1.0]
disc:  543  :[0.0, 0.1, 1.0]
disc:  544  :[0.0, 0.9, 1.0]
disc:  545  :[0.0, 0.1, 1.0]
disc:  546  :[0.0, 0.1, 1.0]
disc:  547  :[0.0, 0.6602013403623329, 0.8602013403623329, 1.0]
disc:  548  :[0.0, 0.1, 1.0]
disc:  549  :[0.0, 0.9, 1.0]
disc:  550  :[0.0, 0.1, 1.0]
disc:  551  :[0.0, 0.1, 1.0]
disc:  552  :[0.0, 0.1, 1.0]
disc:  553  :[0.0, 0.1, 1.0]
disc:  554  :[0.0, 0.1, 1.0]
disc:  555  :[0.0, 0.1, 1.0]
disc:  556  :[0.0, 0.557896388390553, 0.757896388390553, 1.0]
disc:  557  :[0.0, 0.1, 1.0]
disc:  558  :[0.0, 0.1, 1.0]
disc:  559  :[0.0, 0.5334852677407605, 0.7334852677407605, 1.0]
disc:  560  :[0.0, 0.1, 1.0]
disc:  561  :[0.0, 0.1, 1.0]
disc:  562  :[0.0, 0.1, 1.0]
disc:  563  :[0.0, 0.1, 1.0]
disc:  564  :[0.0, 0.1, 1.0]
disc:  565  :[0.0, 0.1, 1.0]
disc:  566  :[0.0, 0.1, 1.0]
disc:  567  :[0.0, 0.1, 1.0]
disc:  568  :[0.0, 0.1, 1.0]
disc:  569  :[0.0, 0.2106505608638278, 0.4106505608638278, 1.0]
disc:  570  :[0.0, 0.1, 1.0]
disc:  571  :[0.0, 0.1, 1.0]
disc:  572  :[0.0, 0.9, 1.0]
  Completed presolve in 11.77s
LOWER-BOUNDING ITERATIONS
====================================================================================================
| Iter   | Incumbent       | Best Incumbent      | Lower Bound        | Gap (%)         | Time      
| finish | -644.3714       | -644.3714           | -646.1584          | 0.277           | 29.72s           
Final UBD: -644.3713550640149
Final LBD: -646.1584494856678
====================================================================================================

*** Alpine ended with status OTHER_LIMIT ***

 Total time for local solves: 9.32s

 Total time for solving max-min problems: 0.0s

 Total time excluding max-min time: 29.72s

presolve objective value: -644.3713550640149
w_opt: 1-dimensional DenseAxisArray{Float64,1,...} with index sets:
    Dimension 1, [(25, 1, 2), (25, 1, 1), (25, 1, 14), (20, 1, 2), (20, 1, 1), (20, 1, 14), (1, 1, 2), (1, 1, 1), (1, 1, 14), (2, 1, 2)  …  (20, 15, 23), (20, 15, 3), (8, 15, 30), (8, 15, 29), (8, 15, 23), (8, 15, 3), (2, 15, 30), (2, 15, 29), (2, 15, 23), (2, 15, 3)]
And data, a 261-element Vector{Float64}:
 1.2351039198730211
 0.0
 0.0
 0.764896080126979
 0.0
 0.0
 0.0
 0.0
 0.0
 0.0
 0.0
 0.0
 0.0
 0.0
 0.0
 0.0
 2.0
 0.0
 0.1478048125714912
 0.8521951874285089
 0.0
 0.0
 0.0
 0.0
 0.0
 0.0
 0.0
 0.0
 0.656907339773738
 1.8867463026024647
 0.3884642156977139
 0.0
 0.0
 0.0
 1.1354008049070627
 3.2610585099690264
 0.6714228270499955
 0.0
 0.0
 0.0
 0.0
 0.0
 0.0
 0.32761454347540137
 0.7674777431319354
 0.0
 0.0
 0.0
 0.0
 0.6300325913622549
 1.4759295670723918
 0.0
 0.0
 0.0
 0.0
 0.0
 0.0
 0.0
 0.0
 2.0
 1.0
 0.0
 0.0
 0.0
 0.0
 0.0
 0.0
 0.0
 0.0
 0.0
 0.0
 0.05854787300059447
 0.17564361900178338
 0.0
 0.75
 2.2499999999999996
 0.0
 0.5701510052717497
 1.710453015815249
 0.0
 0.0
 0.0
 0.0
 0.0
 0.0
 0.0
 0.0
 0.0
 0.0
 0.0
 0.0
 0.0
 0.6213011217276557
 1.8639033651829666
 0.0
 0.0
 0.0
 0.0
 0.0
 0.0
 0.0
 1.745723460164229
 0.9168768654966397
 0.3373996743391312
 0.0
 0.0
 0.0
 0.0
 0.0
 0.0
 0.0
 0.0
 0.0
 0.0
 0.0
 0.0
 0.0
 0.0
 4.450691454363394
 2.7168334546173805
 0.0
 0.0
 0.0
 0.5169273662275315
 0.3155477247916948
 0.0
 0.0
 0.0
 0.0
 0.0
 0.0
 0.0
 0.0
 0.0
 0.0
 0.0
 0.0
 0.0
 0.0
 0.0
 0.0
 0.0
 0.0
 0.0
 0.0
 0.0
 0.0
 0.6493917662145439
 0.0
 0.0
 0.0
 0.0
 0.0
 0.47959731927533433
 0.23979865963766717
 0.0
 0.0
 1.5204026807246658
 0.7602013403623329
 0.0
 0.0
 0.0
 0.0
 0.0
 0.0
 0.0
 0.0
 0.0
 0.0
 0.0
 0.0
 0.0
 0.0
 1.9059328919621237
 0.0
 0.0
 0.0
 0.3698555976512792
 0.0
 0.0
 0.0
 0.0
 0.0
 0.0
 0.0
 0.0
 0.0
 0.0
 0.0
 0.0
 0.0
 0.0
 0.0
 0.0
 1.6301444023487208
 1.0
 0.36985559765127907
 0.0
 0.0
 0.0
 0.0
 0.0
 0.0
 0.0
 0.0
 0.0
 1.5177927143241963
 0.7588963571620979
 0.0
 0.4822072856758038
 0.24110364283790184
 0.0
 0.0
 0.0
 0.0
 0.0
 0.0
 0.0
 0.0
 0.0
 0.0
 0.0
 0.0
 0.0
 0.0
 0.4674041643810017
 0.5263188721866177
 0.0
 0.0
 0.0
 0.0
 0.0
 0.0
 0.0
 0.0
 0.0
 0.0
 0.0
 0.0
 0.0
 0.0
 0.0
 0.0
 0.0
 0.0
 0.0
 0.0
 0.0
 0.0
 0.0
 0.0
 0.0
 0.0
 0.0
 0.0
 0.0
 0.0
 0.9042285856279214
 4.570257359601012
 0.0
 0.7719034954073664
x_ij_opt: 1-dimensional DenseAxisArray{Float64,1,...} with index sets:
    Dimension 1, [(43, 30), (43, 22), (43, 6), (44, 22), (45, 30), (45, 29), (45, 28), (45, 24), (45, 23), (40, 29)  …  (5, 7), (5, 14), (6, 4), (6, 3), (1, 14), (1, 10), (1, 23), (1, 1), (3, 2), (3, 1)]
And data, a 116-element Vector{Float64}:
 0.0
 0.09406710803787625
 0.0
 0.0
 1.0957714143720785
 0.0
 1.5325958356189984
 0.0
 0.0
 0.0
 0.0
 0.0
 0.0
 0.0
 0.0
 0.0
 0.0
 0.0
 0.207410251878008
 0.0
 0.0
 0.0
 0.0
 0.0
 0.0
 0.0
 0.0
 2.0
 0.0
 0.0
 0.0
 0.0
 0.0
 0.0
 0.0
 0.0
 0.0
 0.0
 0.0
 0.0
 0.0
 0.0
 0.0
 0.20769185531919934
 0.0
 0.0
 0.0
 0.0
 0.0
 0.0
 0.0
 0.0
 0.0
 0.0
 0.0
 0.7242115103865974
 0.0
 1.0323811794090745
 0.08312313450336051
 1.3506082337854561
 0.0
 0.0
 0.0
 0.0
 6.0
 0.0
 0.0
 0.0
 0.0
 0.792589748121992
 0.0
 0.0
 0.0
 0.0
 0.0
 0.0
 0.47368112781338234
 1.0423528651623437
 0.0
 0.0
 0.0
 0.0
 0.0
 0.0
 0.0
 0.0
 0.0
 0.0
 0.0
 0.0
 0.0
 0.0
 0.0
 0.0
 0.0
 0.0
 0.0
 0.0
 0.0
 0.22809650459263364
 0.0
 0.0
 0.0
 0.0
 0.0
 0.25427653983577087
 0.0
 0.0
 0.0
 0.0
 0.0
 0.0
 0.0
 5.5147955130893775
 0.0
 0.0
x_il_opt: 1-dimensional DenseAxisArray{Float64,1,...} with index sets:
    Dimension 1, [(43, 15), (43, 14), (44, 15), (44, 13), (44, 3), (40, 14), (40, 2), (41, 14), (42, 6), (37, 13)  …  (4, 13), (5, 2), (5, 7), (5, 9), (6, 11), (1, 1), (1, 6), (1, 3), (2, 1), (2, 15)]
And data, a 71-element Vector{Float64}:
 0.0
 0.0
 0.0
 2.2766890714862944
 2.9321178580739167
 0.9937230365676193
 0.0
 0.0
 0.23419149200237785
 0.7233109285137056
 0.0
 3.0
 0.0
 0.0
 3.0
 0.0
 0.0
 0.0
 7.167524908980774
 0.0
 1.0950922866073367
 0.0
 3.0
 0.7193959789130016
 2.2806040210869987
 0.0
 0.8324750910192263
 0.0
 2.2757884896134026
 0.6493917662145439
 1.2351039198730211
 0.0
 0.0
 0.0
 0.0
 0.0
 0.0
 0.0
 0.764896080126979
 0.0
 0.0
 0.0
 3.0
 0.0
 0.0
 2.2806040210869987
 0.0
 3.0
 0.0
 0.0
 0.0
 0.0
 0.0
 0.0
 2.105962158434647
 0.0
 0.0
 5.067882141926084
 0.0
 0.0
 0.0
 0.0
 0.0
 0.0
 0.0
 0.0
 0.0
 2.4852044869106225
 0.0
 0.0
 6.2463894406363
x_lj_opt: 1-dimensional DenseAxisArray{Float64,1,...} with index sets:
    Dimension 1, [(15, 30), (15, 29), (15, 23), (15, 3), (14, 28), (14, 27), (14, 10), (14, 24), (13, 26), (13, 25)  …  (3, 6), (3, 5), (3, 29), (2, 4), (2, 3), (2, 1), (2, 5), (1, 2), (1, 1), (1, 14)]
And data, a 53-element Vector{Float64}:
 0.9042285856279214
 4.570257359601012
 0.0
 0.7719034954073664
 0.4674041643810017
 0.5263188721866177
 0.0
 0.0
 2.0
 1.0
 0.0
 1.6301444023487208
 1.0
 0.36985559765127907
 1.9059328919621237
 0.0
 0.0
 0.0
 0.3698555976512792
 0.0
 0.0
 2.0
 1.0
 0.6493917662145439
 0.0
 0.0
 4.967618820590926
 3.032381179409075
 0.0
 0.0
 1.745723460164229
 0.9168768654966395
 0.3373996743391312
 2.0
 6.0
 0.0
 2.0
 1.0
 0.0
 0.0
 0.9576471348376563
 2.243407310204327
 0.0
 1.7923081446808007
 5.147804812571491
 1.0598870427477094
 2.0
 0.0
 0.1478048125714912
 0.8521951874285089
 2.0
 0.0
 0.0
q_opt: 1-dimensional DenseAxisArray{Float64,1,...} with index sets:
    Dimension 1, [(43, 15), (43, 14), (44, 15), (44, 13), (44, 3), (40, 14), (40, 2), (41, 14), (42, 6), (37, 13)  …  (4, 13), (5, 2), (5, 7), (5, 9), (6, 11), (1, 1), (1, 6), (1, 3), (2, 1), (2, 15)]
And data, a 71-element Vector{Float64}:
 0.0
 0.0
 0.0
 0.7588963571620981
 0.36651473225923953
 1.0
 0.0
 0.0
 0.029273936500297235
 0.2411036428379019
 0.0
 1.0
 0.0
 0.0
 0.375
 0.0
 0.0
 0.0
 0.8959406136225967
 0.0
 0.3421036116094471
 0.0
 1.0
 0.23979865963766717
 0.28507550263587483
 0.0
 0.10405938637740328
 0.0
 1.0
 1.0
 0.6175519599365106
 0.0
 0.0
 0.0
 0.0
 0.0
 0.0
 0.0
 0.3824480400634895
 0.0
 0.0
 0.0
 1.0
 0.0
 0.0
 0.7602013403623329
 0.0
 1.0
 0.0
 0.0
 0.0
 0.0
 0.0
 0.0
 0.657896388390553
 0.0
 0.0
 0.6334852677407605
 0.0
 0.0
 0.0
 0.0
 0.0
 0.0
 0.0
 0.0
 0.0
 0.3106505608638278
 0.0
 0.0
 1.0
