
PROBLEM STATISTICS
  Objective sense = Min
  # Variables = 572
  # Bin-Int Variables = 0
  # Constraints = 621
  # NL Constraints = 261
  # Linear Constraints = 360
  # Detected convex constraints = 0
  # Detected nonlinear terms = 261
  # Variables involved in nonlinear terms = 124
  # Potential variables for partitioning = 124
SUB-SOLVERS USED BY ALPINE
  NLP local solver = Knitro
  MIP solver = Gurobi
ALPINE CONFIGURATION
  Maximum iterations (lower-bounding MIPs) =  1
  Relative global optimality gap = 0.01%
  Potential variables chosen for partitioning = All
  Discretization ratio = 10
  Bound-tightening presolve = false
PRESOLVE 
  Doing local search

Feasible solution found during presolve: [1.2324406188979897, 0.0, 0.0, 0.7675593811020104, 0.0, 0.0, 0.0, 0.0, 0.0, 0.0, 0.0, 0.0, 0.0, 0.0, 0.0, 0.0, 2.0, 0.0, 0.22863909675920743, 0.7713609032407925, 0.0, 0.0, 0.0, 0.0, 0.0, 0.0, 0.0, 0.0, 0.4681528930909008, 1.7459965276631342, 0.45728610248998486, 0.0, 0.0, 0.0, 0.9337986464990373, 3.4826425690960727, 0.912123261160869, 0.0, 0.0, 0.0, 0.0, 0.0, 0.0, 0.0, 0.0, 0.0, 0.0, 0.0, 0.0, 1.4984805223470936, 0.08323310601390418, 0.0, 0.0, 0.0, 0.0, 0.0, 0.0, 0.0, 0.0, 1.8842755052165183, 1.0, 0.0, 0.11572449478348185, 0.0, 0.0, 0.0, 0.0, 0.0, 0.0, 0.0, 0.0, 0.2432244064975893, 0.7296732194927679, 0.0, 0.75, 2.25, 0.0, 0.4439054888026871, 1.3317164664080612, 0.0, 0.0, 0.0, 0.0, 0.0, 0.0, 0.0, 0.0, 0.0, 0.0, 0.0, 0.0, 0.0, 0.5628701046997234, 1.6886103140991704, 0.0, 0.0, 0.0, 0.0, 0.0, 0.0, 0.0, 2.0, 0.9573545920889264, 0.04264540791107352, 0.0, 0.0, 0.0, 0.0, 0.0, 0.0, 0.0, 0.0, 0.0, 0.0, 0.0, 0.0, 0.0, 0.0, 4.1775608188854925, 2.397090757007144, 0.0, 0.0, 0.0, 0.9056722871284122, 0.5196761369789513, 0.0, 0.0, 0.0, 0.0, 0.0, 0.0, 0.0, 0.0, 0.0, 0.0, 0.0, 0.0, 0.0, 0.0, 0.0, 0.0, 0.0, 0.0, 0.0, 0.0, 0.0, 0.0, 0.8081470792048402, 0.0, 0.0, 0.0, 0.5510510948536834, 0.0, 0.8162520298595011, 0.40812601492975054, 0.0, 0.0, 1.1837479701404987, 0.5918739850702494, 0.0, 0.0, 0.0, 0.0, 0.0, 0.0, 0.0, 0.0, 0.0, 0.0, 0.0, 0.0, 0.0, 0.0, 0.0, 0.0, 0.0, 0.0, 0.0, 0.0, 0.0, 0.0, 0.0, 0.0, 0.0, 0.0, 0.0, 0.0, 0.0, 0.0, 0.0, 0.0, 0.0, 0.0, 0.0, 1.606097132762465, 0.9801959141286118, 0.4137069531089232, 0.0, 0.0, 0.0, 0.0, 0.0, 0.0, 0.0, 0.0, 0.0, 1.4541915179072777, 0.7270957589536389, 0.0, 0.5458084820927224, 0.2729042410463612, 0.0, 0.0, 0.0, 0.0, 0.0, 0.0, 0.0, 0.0, 0.0, 0.0, 0.0, 0.0, 0.0, 0.0, 0.27592517592414323, 0.7025091557184258, 0.0, 0.0, 0.0, 0.0, 0.0, 0.0, 0.0, 0.0, 0.0, 0.0, 0.0, 0.0, 0.0, 0.0, 0.0, 0.0, 0.0, 0.0, 0.0, 0.0, 0.0, 0.0, 0.0, 0.0, 0.0, 0.0, 0.0, 0.0, 0.0, 0.0, 0.5956398967575283, 4.216883683240224, 0.0, 0.7464734604583952, 0.0, 0.0, 0.0, 2.1812872768609166, 2.67143552324402, 0.978434331642569, 0.0, 0.0, 0.9728976259903572, 0.8187127231390836, 0.0, 3.0, 0.0, 0.0, 3.0, 0.0, 0.0, 0.0, 6.574651575892636, 0.0, 0.0, 0.0, 3.0, 1.2243780447892518, 1.7756219552107484, 0.0, 1.4253484241073637, 0.0, 0.0, 0.8081470792048402, 1.2324406188979897, 0.0, 0.0, 0.0, 0.0, 0.0, 0.0, 0.0, 0.7675593811020104, 0.0, 0.0, 0.0, 3.0, 0.0, 0.0, 1.775621955210748, 0.0, 3.0, 0.0, 0.0, 0.0, 0.0, 0.0, 0.0, 1.5817136283609978, 0.0, 0.0, 5.32856447675598, 0.0, 0.0, 0.0, 0.0, 0.0, 0.0, 0.5510510948536834, 0.0, 0.0, 2.2514804187988937, 0.0, 0.0, 5.558997040456147, 0.5956398967575283, 4.216883683240224, 0.0, 0.7464734604583952, 0.27592517592414323, 0.7025091557184258, 0.0, 0.0, 2.0, 1.0, 0.0, 1.606097132762465, 0.9801959141286118, 0.4137069531089232, 0.0, 0.0, 0.0, 0.0, 0.0, 0.0, 0.0, 2.0, 1.0, 1.3591981740585235, 0.0, 0.0, 5.083233106013904, 2.9167668939860953, 0.0, 0.0, 2.0, 0.9573545920889264, 0.04264540791107352, 2.0, 6.0, 0.0, 1.8842755052165183, 1.0, 0.0, 0.11572449478348185, 1.4984805223470936, 0.08323310601390418, 0.0, 1.401951539589938, 5.228639096759207, 1.3694093636508538, 2.0, 0.0, 0.22863909675920743, 0.7713609032407925, 2.0, 0.0, 0.0, 0.0, 1.6004459280373748, 0.3463654743938069, 0.0, 1.4043601032424717, 0.0, 1.7240748240758568, 0.0, 0.0, 0.0, 0.0, 0.0, 0.0, 0.0, 0.0, 0.0, 0.0, 0.0, 0.2513937175016464, 0.0, 0.0, 0.0, 0.0, 0.0, 0.0, 0.0, 0.0, 2.0, 0.0, 0.0, 0.0, 0.0, 0.0, 0.0, 0.0, 0.0, 0.0, 0.0, 0.0, 0.0, 0.0, 0.0, 0.0, 0.25168298601625505, 0.0, 0.0, 0.2838295771791433, 0.0, 0.0, 0.0, 0.0, 0.0, 0.0, 0.0, 0.0, 3.0, 0.0, 0.9167668939860961, 0.042645407911073595, 0.6408018259414765, 0.0, 0.0, 0.0, 0.39390286723753515, 6.0, 0.0, 0.0, 0.0, 0.0, 0.7486062824983536, 0.0, 0.0, 0.0, 0.0, 0.0, 0.0, 0.2974908442815743, 0.5015194776529064, 0.0, 0.0, 0.0, 0.0, 0.0, 0.0, 0.0, 0.0, 0.0, 0.11572449478348174, 0.0, 0.0, 0.0, 0.0, 0.0, 0.0, 0.0, 0.0, 0.0, 0.0, 0.0, 0.2535265395416047, 0.0, 0.0, 0.0, 0.0, 0.0, 0.0, 0.0, 0.0, 0.0, 0.0, 0.0, 0.0, 0.019804085871388103, 5.728715495329719, 0.0, 0.0, 0.0, 0.0, 0.0, 0.7270957589536389, 0.3339294404055025, 1.0, 0.0, 0.0, 0.12161220324879465, 0.2729042410463612, 0.0, 1.0, 0.0, 0.0, 0.375, 0.0, 0.0, 0.0, 0.8218314469865795, 0.0, 0.0, 0.0, 1.0, 0.40812601492975054, 0.22195274440134355, 0.0, 0.17816855301342047, 0.0, 0.0, 0.5945763426033291, 0.6162203094489949, 0.0, 0.0, 0.0, 0.0, 0.0, 0.0, 0.0, 0.3837796905510052, 0.0, 0.0, 0.0, 1.0, 0.0, 0.0, 0.5918739850702494, 0.0, 1.0, 0.0, 0.0, 0.0, 0.0, 0.0, 0.0, 1.0, 0.0, 0.0, 0.6660705595944975, 0.0, 0.0, 0.0, 0.0, 0.0, 0.0, 0.4054236573966708, 1.0, 0.0, 0.2814350523498617, 0.0, 0.0, 1.0]  :with objective: -627.6815002100998

  Local solver returns a feasible point with value -627.6815
disc:  333  :[0.0, 0.39563989675752825, 0.7956398967575282, 2.0]
disc:  334  :[0.0, 3.6168836832402236, 4.816883683240223, 6.0]
disc:  335  :[0.0, 0.1, 1.0]
disc:  336  :[0.0, 0.6464734604583953, 0.8464734604583952, 1.0]
disc:  337  :[0.0, 0.07592517592414322, 0.47592517592414324, 2.0]
disc:  338  :[0.0, 0.6025091557184258, 0.8025091557184257, 1.0]
disc:  339  :[0.0, 0.2, 2.0]
disc:  340  :[0.0, 0.2, 2.0]
disc:  341  :[0.0, 1.8, 2.0]
disc:  342  :[0.0, 0.9, 1.0]
disc:  343  :[0.0, 0.2, 2.0]
disc:  344  :[0.0, 1.406097132762465, 1.8060971327624649, 2.0]
disc:  345  :[0.0, 0.8801959141286119, 1.0]
disc:  346  :[0.0, 0.1137069531089232, 0.7137069531089232, 3.0]
disc:  347  :[0.0, 0.2, 2.0]
disc:  348  :[0.0, 0.6, 6.0]
disc:  349  :[0.0, 0.2, 2.0]
disc:  350  :[0.0, 0.1, 1.0]
disc:  351  :[0.0, 0.2, 2.0]
disc:  352  :[0.0, 0.6, 6.0]
disc:  353  :[0.0, 0.1, 1.0]
disc:  354  :[0.0, 1.8, 2.0]
disc:  355  :[0.0, 0.9, 1.0]
disc:  356  :[0.0, 1.1591981740585235, 1.5591981740585235, 2.0]
disc:  357  :[0.0, 0.1, 1.0]
disc:  358  :[0.0, 0.2, 2.0]
disc:  359  :[0.0, 4.483233106013905, 5.683233106013904, 6.0]
disc:  360  :[0.0, 2.3167668939860953, 3.5167668939860954, 6.0]
disc:  361  :[0.0, 0.2, 2.0]
disc:  362  :[0.0, 0.1, 1.0]
disc:  363  :[0.0, 1.8, 2.0]
disc:  364  :[0.0, 0.8573545920889264, 1.0]
disc:  365  :[0.0, 0.3426454079110735, 3.0]
disc:  366  :[0.0, 1.8, 2.0]
disc:  367  :[0.0, 5.4, 6.0]
disc:  368  :[0.0, 0.2, 2.0]
disc:  369  :[0.0, 1.6842755052165184, 2.0]
disc:  370  :[0.0, 0.9, 1.0]
disc:  371  :[0.0, 0.2, 2.0]
disc:  372  :[0.0, 0.31572449478348186, 2.0]
disc:  373  :[0.0, 1.2984805223470937, 1.6984805223470936, 2.0]
disc:  374  :[0.0, 0.6832331060139042, 6.0]
disc:  375  :[0.0, 0.2, 2.0]
disc:  376  :[0.0, 1.201951539589938, 1.601951539589938, 2.0]
disc:  377  :[0.0, 4.6286390967592075, 5.828639096759207, 6.0]
disc:  378  :[0.0, 0.7694093636508538, 1.9694093636508536, 6.0]
disc:  379  :[0.0, 1.8, 2.0]
disc:  380  :[0.0, 0.1, 1.0]
disc:  381  :[0.0, 0.5286390967592074, 3.0]
disc:  382  :[0.0, 0.47136090324079255, 1.0713609032407925, 3.0]
disc:  383  :[0.0, 1.8, 2.0]
disc:  384  :[0.0, 0.6, 6.0]
disc:  385  :[0.0, 0.2, 2.0]
disc:  502  :[0.0, 0.1, 1.0]
disc:  503  :[0.0, 0.1, 1.0]
disc:  504  :[0.0, 0.1, 1.0]
disc:  505  :[0.0, 0.6270957589536389, 0.8270957589536388, 1.0]
disc:  506  :[0.0, 0.23392944040550248, 0.4339294404055025, 1.0]
disc:  507  :[0.0, 0.9, 1.0]
disc:  508  :[0.0, 0.1, 1.0]
disc:  509  :[0.0, 0.1, 1.0]
disc:  510  :[0.0, 0.021612203248794648, 0.22161220324879466, 1.0]
disc:  511  :[0.0, 0.17290424104636118, 0.3729042410463612, 1.0]
disc:  512  :[0.0, 0.1, 1.0]
disc:  513  :[0.0, 0.9, 1.0]
disc:  514  :[0.0, 0.1, 1.0]
disc:  515  :[0.0, 0.1, 1.0]
disc:  516  :[0.0, 0.275, 0.475, 1.0]
disc:  517  :[0.0, 0.1, 1.0]
disc:  518  :[0.0, 0.1, 1.0]
disc:  519  :[0.0, 0.1, 1.0]
disc:  520  :[0.0, 0.7218314469865795, 0.9218314469865795, 1.0]
disc:  521  :[0.0, 0.1, 1.0]
disc:  522  :[0.0, 0.1, 1.0]
disc:  523  :[0.0, 0.1, 1.0]
disc:  524  :[0.0, 0.9, 1.0]
disc:  525  :[0.0, 0.30812601492975056, 0.5081260149297505, 1.0]
disc:  526  :[0.0, 0.12195274440134354, 0.3219527444013436, 1.0]
disc:  527  :[0.0, 0.1, 1.0]
disc:  528  :[0.0, 0.07816855301342046, 0.27816855301342047, 1.0]
disc:  529  :[0.0, 0.1, 1.0]
disc:  530  :[0.0, 0.1, 1.0]
disc:  531  :[0.0, 0.49457634260332917, 0.6945763426033291, 1.0]
disc:  532  :[0.0, 0.5162203094489949, 0.7162203094489948, 1.0]
disc:  533  :[0.0, 0.1, 1.0]
disc:  534  :[0.0, 0.1, 1.0]
disc:  535  :[0.0, 0.1, 1.0]
disc:  536  :[0.0, 0.1, 1.0]
disc:  537  :[0.0, 0.1, 1.0]
disc:  538  :[0.0, 0.1, 1.0]
disc:  539  :[0.0, 0.1, 1.0]
disc:  540  :[0.0, 0.28377969055100516, 0.4837796905510052, 1.0]
disc:  541  :[0.0, 0.1, 1.0]
disc:  542  :[0.0, 0.1, 1.0]
disc:  543  :[0.0, 0.1, 1.0]
disc:  544  :[0.0, 0.9, 1.0]
disc:  545  :[0.0, 0.1, 1.0]
disc:  546  :[0.0, 0.1, 1.0]
disc:  547  :[0.0, 0.4918739850702494, 0.6918739850702493, 1.0]
disc:  548  :[0.0, 0.1, 1.0]
disc:  549  :[0.0, 0.9, 1.0]
disc:  550  :[0.0, 0.1, 1.0]
disc:  551  :[0.0, 0.1, 1.0]
disc:  552  :[0.0, 0.1, 1.0]
disc:  553  :[0.0, 0.1, 1.0]
disc:  554  :[0.0, 0.1, 1.0]
disc:  555  :[0.0, 0.1, 1.0]
disc:  556  :[0.0, 0.9, 1.0]
disc:  557  :[0.0, 0.1, 1.0]
disc:  558  :[0.0, 0.1, 1.0]
disc:  559  :[0.0, 0.5660705595944975, 0.7660705595944974, 1.0]
disc:  560  :[0.0, 0.1, 1.0]
disc:  561  :[0.0, 0.1, 1.0]
disc:  562  :[0.0, 0.1, 1.0]
disc:  563  :[0.0, 0.1, 1.0]
disc:  564  :[0.0, 0.1, 1.0]
disc:  565  :[0.0, 0.1, 1.0]
disc:  566  :[0.0, 0.30542365739667077, 0.5054236573966708, 1.0]
disc:  567  :[0.0, 0.9, 1.0]
disc:  568  :[0.0, 0.1, 1.0]
disc:  569  :[0.0, 0.1814350523498617, 0.38143505234986175, 1.0]
disc:  570  :[0.0, 0.1, 1.0]
disc:  571  :[0.0, 0.1, 1.0]
disc:  572  :[0.0, 0.9, 1.0]
  Completed presolve in 7.58s
LOWER-BOUNDING ITERATIONS
====================================================================================================
| Iter   | Incumbent       | Best Incumbent      | Lower Bound        | Gap (%)         | Time      
| finish | -627.6815       | -627.6815           | -637.8066          | 1.613           | 31.68s           
Final UBD: -627.6815002100998
Final LBD: -637.806643503181
====================================================================================================

*** Alpine ended with status OTHER_LIMIT ***

 Total time for local solves: 5.19s

 Total time for solving max-min problems: 0.0s

 Total time excluding max-min time: 31.68s

presolve objective value: -627.6815002100998
w_opt: 1-dimensional DenseAxisArray{Float64,1,...} with index sets:
    Dimension 1, [(25, 1, 2), (25, 1, 1), (25, 1, 14), (20, 1, 2), (20, 1, 1), (20, 1, 14), (1, 1, 2), (1, 1, 1), (1, 1, 14), (2, 1, 2)  …  (20, 15, 23), (20, 15, 3), (8, 15, 30), (8, 15, 29), (8, 15, 23), (8, 15, 3), (2, 15, 30), (2, 15, 29), (2, 15, 23), (2, 15, 3)]
And data, a 261-element Vector{Float64}:
 1.2324406188979897
 0.0
 0.0
 0.7675593811020104
 0.0
 0.0
 0.0
 0.0
 0.0
 0.0
 0.0
 0.0
 0.0
 0.0
 0.0
 0.0
 2.0
 0.0
 0.22863909675920743
 0.7713609032407925
 0.0
 0.0
 0.0
 0.0
 0.0
 0.0
 0.0
 0.0
 0.4681528930909008
 1.7459965276631342
 0.45728610248998486
 0.0
 0.0
 0.0
 0.9337986464990373
 3.4826425690960727
 0.912123261160869
 0.0
 0.0
 0.0
 0.0
 0.0
 0.0
 0.0
 0.0
 0.0
 0.0
 0.0
 0.0
 1.4984805223470936
 0.08323310601390418
 0.0
 0.0
 0.0
 0.0
 0.0
 0.0
 0.0
 0.0
 1.8842755052165183
 1.0
 0.0
 0.11572449478348185
 0.0
 0.0
 0.0
 0.0
 0.0
 0.0
 0.0
 0.0
 0.2432244064975893
 0.7296732194927679
 0.0
 0.75
 2.25
 0.0
 0.4439054888026871
 1.3317164664080612
 0.0
 0.0
 0.0
 0.0
 0.0
 0.0
 0.0
 0.0
 0.0
 0.0
 0.0
 0.0
 0.0
 0.5628701046997234
 1.6886103140991704
 0.0
 0.0
 0.0
 0.0
 0.0
 0.0
 0.0
 2.0
 0.9573545920889264
 0.04264540791107352
 0.0
 0.0
 0.0
 0.0
 0.0
 0.0
 0.0
 0.0
 0.0
 0.0
 0.0
 0.0
 0.0
 0.0
 4.1775608188854925
 2.397090757007144
 0.0
 0.0
 0.0
 0.9056722871284122
 0.5196761369789513
 0.0
 0.0
 0.0
 0.0
 0.0
 0.0
 0.0
 0.0
 0.0
 0.0
 0.0
 0.0
 0.0
 0.0
 0.0
 0.0
 0.0
 0.0
 0.0
 0.0
 0.0
 0.0
 0.8081470792048402
 0.0
 0.0
 0.0
 0.5510510948536834
 0.0
 0.8162520298595011
 0.40812601492975054
 0.0
 0.0
 1.1837479701404987
 0.5918739850702494
 0.0
 0.0
 0.0
 0.0
 0.0
 0.0
 0.0
 0.0
 0.0
 0.0
 0.0
 0.0
 0.0
 0.0
 0.0
 0.0
 0.0
 0.0
 0.0
 0.0
 0.0
 0.0
 0.0
 0.0
 0.0
 0.0
 0.0
 0.0
 0.0
 0.0
 0.0
 0.0
 0.0
 0.0
 0.0
 1.606097132762465
 0.9801959141286118
 0.4137069531089232
 0.0
 0.0
 0.0
 0.0
 0.0
 0.0
 0.0
 0.0
 0.0
 1.4541915179072777
 0.7270957589536389
 0.0
 0.5458084820927224
 0.2729042410463612
 0.0
 0.0
 0.0
 0.0
 0.0
 0.0
 0.0
 0.0
 0.0
 0.0
 0.0
 0.0
 0.0
 0.0
 0.27592517592414323
 0.7025091557184258
 0.0
 0.0
 0.0
 0.0
 0.0
 0.0
 0.0
 0.0
 0.0
 0.0
 0.0
 0.0
 0.0
 0.0
 0.0
 0.0
 0.0
 0.0
 0.0
 0.0
 0.0
 0.0
 0.0
 0.0
 0.0
 0.0
 0.0
 0.0
 0.0
 0.0
 0.5956398967575283
 4.216883683240224
 0.0
 0.7464734604583952
x_ij_opt: 1-dimensional DenseAxisArray{Float64,1,...} with index sets:
    Dimension 1, [(43, 30), (43, 22), (43, 6), (44, 22), (45, 30), (45, 29), (45, 28), (45, 24), (45, 23), (40, 29)  …  (5, 7), (5, 14), (6, 4), (6, 3), (1, 14), (1, 10), (1, 23), (1, 1), (3, 2), (3, 1)]
And data, a 116-element Vector{Float64}:
 0.0
 1.6004459280373748
 0.3463654743938069
 0.0
 1.4043601032424717
 0.0
 1.7240748240758568
 0.0
 0.0
 0.0
 0.0
 0.0
 0.0
 0.0
 0.0
 0.0
 0.0
 0.0
 0.2513937175016464
 0.0
 0.0
 0.0
 0.0
 0.0
 0.0
 0.0
 0.0
 2.0
 0.0
 0.0
 0.0
 0.0
 0.0
 0.0
 0.0
 0.0
 0.0
 0.0
 0.0
 0.0
 0.0
 0.0
 0.0
 0.25168298601625505
 0.0
 0.0
 0.2838295771791433
 0.0
 0.0
 0.0
 0.0
 0.0
 0.0
 0.0
 0.0
 3.0
 0.0
 0.9167668939860961
 0.042645407911073595
 0.6408018259414765
 0.0
 0.0
 0.0
 0.39390286723753515
 6.0
 0.0
 0.0
 0.0
 0.0
 0.7486062824983536
 0.0
 0.0
 0.0
 0.0
 0.0
 0.0
 0.2974908442815743
 0.5015194776529064
 0.0
 0.0
 0.0
 0.0
 0.0
 0.0
 0.0
 0.0
 0.0
 0.11572449478348174
 0.0
 0.0
 0.0
 0.0
 0.0
 0.0
 0.0
 0.0
 0.0
 0.0
 0.0
 0.2535265395416047
 0.0
 0.0
 0.0
 0.0
 0.0
 0.0
 0.0
 0.0
 0.0
 0.0
 0.0
 0.0
 0.019804085871388103
 5.728715495329719
 0.0
 0.0
x_il_opt: 1-dimensional DenseAxisArray{Float64,1,...} with index sets:
    Dimension 1, [(43, 15), (43, 14), (44, 15), (44, 13), (44, 3), (40, 14), (40, 2), (41, 14), (42, 6), (37, 13)  …  (4, 13), (5, 2), (5, 7), (5, 9), (6, 11), (1, 1), (1, 6), (1, 3), (2, 1), (2, 15)]
And data, a 71-element Vector{Float64}:
 0.0
 0.0
 0.0
 2.1812872768609166
 2.67143552324402
 0.978434331642569
 0.0
 0.0
 0.9728976259903572
 0.8187127231390836
 0.0
 3.0
 0.0
 0.0
 3.0
 0.0
 0.0
 0.0
 6.574651575892636
 0.0
 0.0
 0.0
 3.0
 1.2243780447892518
 1.7756219552107484
 0.0
 1.4253484241073637
 0.0
 0.0
 0.8081470792048402
 1.2324406188979897
 0.0
 0.0
 0.0
 0.0
 0.0
 0.0
 0.0
 0.7675593811020104
 0.0
 0.0
 0.0
 3.0
 0.0
 0.0
 1.775621955210748
 0.0
 3.0
 0.0
 0.0
 0.0
 0.0
 0.0
 0.0
 1.5817136283609978
 0.0
 0.0
 5.32856447675598
 0.0
 0.0
 0.0
 0.0
 0.0
 0.0
 0.5510510948536834
 0.0
 0.0
 2.2514804187988937
 0.0
 0.0
 5.558997040456147
x_lj_opt: 1-dimensional DenseAxisArray{Float64,1,...} with index sets:
    Dimension 1, [(15, 30), (15, 29), (15, 23), (15, 3), (14, 28), (14, 27), (14, 10), (14, 24), (13, 26), (13, 25)  …  (3, 6), (3, 5), (3, 29), (2, 4), (2, 3), (2, 1), (2, 5), (1, 2), (1, 1), (1, 14)]
And data, a 53-element Vector{Float64}:
 0.5956398967575283
 4.216883683240224
 0.0
 0.7464734604583952
 0.27592517592414323
 0.7025091557184258
 0.0
 0.0
 2.0
 1.0
 0.0
 1.606097132762465
 0.9801959141286118
 0.4137069531089232
 0.0
 0.0
 0.0
 0.0
 0.0
 0.0
 0.0
 2.0
 1.0
 1.3591981740585235
 0.0
 0.0
 5.083233106013904
 2.9167668939860953
 0.0
 0.0
 2.0
 0.9573545920889264
 0.04264540791107352
 2.0
 6.0
 0.0
 1.8842755052165183
 1.0
 0.0
 0.11572449478348185
 1.4984805223470936
 0.08323310601390418
 0.0
 1.401951539589938
 5.228639096759207
 1.3694093636508538
 2.0
 0.0
 0.22863909675920743
 0.7713609032407925
 2.0
 0.0
 0.0
q_opt: 1-dimensional DenseAxisArray{Float64,1,...} with index sets:
    Dimension 1, [(43, 15), (43, 14), (44, 15), (44, 13), (44, 3), (40, 14), (40, 2), (41, 14), (42, 6), (37, 13)  …  (4, 13), (5, 2), (5, 7), (5, 9), (6, 11), (1, 1), (1, 6), (1, 3), (2, 1), (2, 15)]
And data, a 71-element Vector{Float64}:
 0.0
 0.0
 0.0
 0.7270957589536389
 0.3339294404055025
 1.0
 0.0
 0.0
 0.12161220324879465
 0.2729042410463612
 0.0
 1.0
 0.0
 0.0
 0.375
 0.0
 0.0
 0.0
 0.8218314469865795
 0.0
 0.0
 0.0
 1.0
 0.40812601492975054
 0.22195274440134355
 0.0
 0.17816855301342047
 0.0
 0.0
 0.5945763426033291
 0.6162203094489949
 0.0
 0.0
 0.0
 0.0
 0.0
 0.0
 0.0
 0.3837796905510052
 0.0
 0.0
 0.0
 1.0
 0.0
 0.0
 0.5918739850702494
 0.0
 1.0
 0.0
 0.0
 0.0
 0.0
 0.0
 0.0
 1.0
 0.0
 0.0
 0.6660705595944975
 0.0
 0.0
 0.0
 0.0
 0.0
 0.0
 0.4054236573966708
 1.0
 0.0
 0.2814350523498617
 0.0
 0.0
 1.0
