
PROBLEM STATISTICS
  Objective sense = Min
  # Variables = 572
  # Bin-Int Variables = 0
  # Constraints = 621
  # NL Constraints = 261
  # Linear Constraints = 360
  # Detected convex constraints = 0
  # Detected nonlinear terms = 261
  # Variables involved in nonlinear terms = 124
  # Potential variables for partitioning = 124
SUB-SOLVERS USED BY ALPINE
  NLP local solver = Knitro
  MIP solver = Gurobi
ALPINE CONFIGURATION
  Maximum iterations (lower-bounding MIPs) =  1
  Relative global optimality gap = 0.01%
  Potential variables chosen for partitioning = All
  Discretization ratio = 10
  Bound-tightening presolve = false
PRESOLVE 
  Doing local search

Feasible solution found during presolve: [1.335816790464156, 0.0, 0.0, 0.664183209535844, 0.0, 0.0, 0.0, 0.0, 0.0, 0.0, 0.0, 0.0, 0.0, 0.0, 0.0, 0.0, 2.0, 0.0, 0.0, 1.0, 0.0, 0.0, 0.0, 0.0, 0.0, 0.0, 0.0, 0.0, 0.0, 1.4215838230461877, 0.8529502938277126, 0.0, 0.0, 0.0, 0.0, 3.578416176953812, 2.1470497061722873, 0.0, 0.0, 0.0, 0.0, 0.0, 0.0, 0.0, 0.0, 0.0, 0.0, 0.0, 0.0, 1.3409884464975552, 1.3765558449256452, 0.0, 0.0, 0.0, 0.0, 0.0, 0.0, 0.0, 0.0, 2.0, 1.0, 0.0, 0.0, 0.0, 0.0, 0.0, 0.0, 0.0, 0.0, 0.0, 0.0, 0.0, 0.0, 0.0, 0.675260903788919, 2.025782711366757, 0.0, 0.75, 2.25, 0.0, 0.0, 0.0, 0.0, 0.0, 0.0, 0.0, 0.0, 0.0, 0.0, 0.0, 0.0, 0.0, 0.5747390962110809, 1.7242172886332425, 0.0, 0.0, 0.0, 0.0, 0.0, 0.0, 0.0, 0.22451670918024624, 0.37952496634812916, 0.9252486252261802, 0.21591642977866005, 0.3649869804566155, 0.8898062890101691, 0.0, 0.0, 0.0, 0.0, 0.0, 0.0, 0.0, 0.0, 0.0, 0.0, 0.0, 2.9249232227670308, 2.1715333574251523, 0.0, 0.0, 0.0, 1.6663816208923796, 1.2371617989154369, 0.0, 0.0, 0.0, 0.0, 0.0, 0.0, 0.0, 0.0, 0.0, 0.0, 0.0, 0.0, 0.0, 0.0, 0.0, 0.0, 0.0, 0.0, 0.0, 0.0, 0.0, 0.0, 0.0, 0.0, 0.0, 0.0, 0.0, 0.0, 0.0, 0.0, 0.0, 0.0, 0.0, 0.0, 0.0, 0.0, 0.0, 0.0, 0.0, 0.0, 0.0, 0.0, 0.0, 0.0, 0.0, 0.0, 0.0, 0.0, 1.5573112439000516, 0.0, 0.0, 0.0, 0.22793975736618233, 0.0, 0.0, 0.0, 0.0, 0.0, 0.0, 0.0, 0.0, 0.0, 0.0, 0.0, 0.0, 0.0, 0.0, 0.0, 0.0, 1.772060242633818, 1.0, 0.2279397573661825, 0.0, 0.0, 0.0, 0.0, 0.0, 0.0, 0.0, 0.0, 0.0, 1.4500438412756858, 0.7250219206378429, 0.0, 0.5499561587243142, 0.2749780793621571, 0.0, 0.0, 0.0, 0.0, 0.0, 0.0, 0.0, 0.0, 0.0, 0.0, 0.0, 0.0, 0.0, 0.0, 0.1535414683306866, 0.7666114430272372, 0.0, 0.0, 0.0, 0.0, 0.0, 0.0, 0.0, 0.0, 0.0, 0.0, 0.0, 0.0, 0.0, 0.0, 0.0, 0.0, 0.0, 0.0, 0.0, 0.0, 0.0, 0.0, 0.1658894813660282, 0.22992781798295495, 0.0, 0.0829447406830141, 0.0, 0.0, 0.0, 0.0, 1.834110518633972, 2.542132424650863, 0.0, 0.917055259316986, 0.0, 0.0, 0.0, 2.1750657619135287, 2.2745341168739004, 0.9201529113579238, 0.0, 0.0, 0.0, 0.8249342380864714, 0.0, 3.0, 0.0, 0.0, 2.701043615155676, 0.0, 0.0, 0.0, 5.096456580192183, 0.0, 0.0, 0.0, 3.0, 0.0, 3.0, 0.0, 2.9035434198078165, 0.0, 1.785251001266234, 0.0, 1.335816790464156, 0.0, 0.0, 0.0, 0.0, 0.0, 0.0, 0.0, 0.664183209535844, 0.47876204003199724, 0.0, 0.0, 3.0, 0.0, 0.0, 0.0, 0.0, 1.5292903007545555, 0.0, 0.0, 0.0, 0.0, 0.0, 0.0, 2.717544291423201, 0.0, 0.0, 5.725465883126099, 0.0, 0.0, 0.0, 0.0, 0.0, 1.4707096992454447, 0.0, 0.0, 0.0, 2.2989563848443235, 0.0, 0.0, 5.293298202601821, 2.0, 2.772060242633818, 0.0, 1.0, 0.1535414683306866, 0.7666114430272372, 0.0, 0.0, 2.0, 1.0, 0.0, 1.772060242633818, 1.0, 0.22793975736618222, 1.5573112439000516, 0.0, 0.0, 0.0, 0.22793975736618233, 0.0, 0.0, 0.0, 0.0, 0.0, 0.0, 0.0, 4.591304843659411, 3.408695156340589, 0.0, 0.0, 0.44043313895890623, 0.7445119468047448, 1.8150549142363492, 2.0, 6.0, 0.0, 2.0, 1.0, 0.0, 0.0, 1.3409884464975552, 1.376555844925645, 0.0, 0.0, 5.0, 3.0, 2.0, 0.0, 0.0, 1.0, 2.0, 0.0, 0.0, 0.0, 0.44268875609994845, 1.450158621503084, 0.0, 0.0, 0.0, 1.8464585316693134, 0.0, 0.0, 0.0, 0.0, 0.0, 0.0, 0.0, 0.0, 0.0, 0.0, 0.0, 0.2810869438420226, 0.0, 0.0, 0.0, 0.0, 0.0, 0.0, 0.0, 0.0, 2.0, 0.0, 0.0, 0.0, 0.0, 0.0, 0.0, 0.0, 0.0, 0.0, 0.0, 0.0, 0.0, 0.0, 0.0, 0.0, 0.5498413784969163, 0.0, 0.0, 0.0, 0.0, 0.0, 0.0, 0.0, 0.0, 0.0, 0.0, 0.0, 1.2147489987337663, 0.0, 1.4086951563405896, 0.25548805319525464, 2.0, 0.0, 0.0, 0.0, 0.0, 6.0, 0.0, 0.0, 0.0, 0.0, 0.7189130561579774, 0.0, 0.0, 0.0, 0.0, 0.0, 0.0, 0.23338855697276287, 0.6590115535024448, 0.0, 0.0, 0.0, 0.0, 0.0, 0.0, 0.0, 0.0, 0.0, 0.0, 0.0, 0.0, 0.0, 0.0, 0.0, 0.0, 0.0, 0.0, 0.0, 0.0, 0.0, 0.0, 0.0, 0.0, 0.0, 0.0, 0.0, 1.4474284954482537, 0.0, 0.0, 0.0, 0.0, 0.11213836559283978, 0.0, 0.0, 4.184945085763651, 0.0, 0.0, 0.0, 0.0, 0.0, 0.7250219206378429, 0.28431676460923755, 1.0, 0.0, 0.0, 0.0, 0.2749780793621571, 0.0, 1.0, 0.0, 0.0, 0.3376304518944595, 0.0, 0.0, 0.0, 0.6370570725240229, 0.0, 0.0, 0.0, 1.0, 1.0, 0.375, 0.0, 0.36294292747597706, 0.0, 1.0, 1.0, 0.667908395232078, 0.0, 0.0, 0.0, 0.0, 0.0, 0.0, 0.0, 0.332091604767922, 0.08294474068301401, 0.0, 0.0, 1.0, 0.0, 0.0, 0.0, 0.0, 0.5097634335848519, 0.0, 0.0, 0.0, 0.0, 0.0, 0.0, 1.0, 0.0, 0.0, 0.7156832353907624, 0.0, 0.0, 0.0, 0.0, 0.0, 0.49023656641514823, 0.0, 0.0, 0.0, 0.28736954810554044, 0.0, 0.0, 0.917055259316986]  :with objective: -614.4845903008829

  Local solver returns a feasible point with value -614.4846
disc:  333  :[0.0, 1.8, 2.0]
disc:  334  :[0.0, 2.172060242633818, 3.372060242633818, 6.0]
disc:  335  :[0.0, 0.1, 1.0]
disc:  336  :[0.0, 0.9, 1.0]
disc:  337  :[0.0, 0.3535414683306866, 2.0]
disc:  338  :[0.0, 0.6666114430272372, 0.8666114430272371, 1.0]
disc:  339  :[0.0, 0.2, 2.0]
disc:  340  :[0.0, 0.2, 2.0]
disc:  341  :[0.0, 1.8, 2.0]
disc:  342  :[0.0, 0.9, 1.0]
disc:  343  :[0.0, 0.2, 2.0]
disc:  344  :[0.0, 1.572060242633818, 1.9720602426338179, 2.0]
disc:  345  :[0.0, 0.9, 1.0]
disc:  346  :[0.0, 0.5279397573661821, 3.0]
disc:  347  :[0.0, 1.3573112439000516, 1.7573112439000516, 2.0]
disc:  348  :[0.0, 0.6, 6.0]
disc:  349  :[0.0, 0.2, 2.0]
disc:  350  :[0.0, 0.1, 1.0]
disc:  351  :[0.0, 0.027939757366182316, 0.42793975736618234, 2.0]
disc:  352  :[0.0, 0.6, 6.0]
disc:  353  :[0.0, 0.1, 1.0]
disc:  354  :[0.0, 0.2, 2.0]
disc:  355  :[0.0, 0.1, 1.0]
disc:  356  :[0.0, 0.2, 2.0]
disc:  357  :[0.0, 0.1, 1.0]
disc:  358  :[0.0, 0.2, 2.0]
disc:  359  :[0.0, 3.9913048436594107, 5.1913048436594105, 6.0]
disc:  360  :[0.0, 2.808695156340589, 4.008695156340589, 6.0]
disc:  361  :[0.0, 0.2, 2.0]
disc:  362  :[0.0, 0.1, 1.0]
disc:  363  :[0.0, 0.24043313895890622, 0.6404331389589062, 2.0]
disc:  364  :[0.0, 0.6445119468047448, 0.8445119468047447, 1.0]
disc:  365  :[0.0, 1.5150549142363492, 2.115054914236349, 3.0]
disc:  366  :[0.0, 1.8, 2.0]
disc:  367  :[0.0, 5.4, 6.0]
disc:  368  :[0.0, 0.2, 2.0]
disc:  369  :[0.0, 1.8, 2.0]
disc:  370  :[0.0, 0.9, 1.0]
disc:  371  :[0.0, 0.2, 2.0]
disc:  372  :[0.0, 0.2, 2.0]
disc:  373  :[0.0, 1.1409884464975553, 1.5409884464975552, 2.0]
disc:  374  :[0.0, 0.776555844925645, 1.9765558449256448, 6.0]
disc:  375  :[0.0, 0.2, 2.0]
disc:  376  :[0.0, 0.2, 2.0]
disc:  377  :[0.0, 4.4, 5.6, 6.0]
disc:  378  :[0.0, 2.4, 3.6, 6.0]
disc:  379  :[0.0, 1.8, 2.0]
disc:  380  :[0.0, 0.1, 1.0]
disc:  381  :[0.0, 0.3, 3.0]
disc:  382  :[0.0, 0.7, 1.3, 3.0]
disc:  383  :[0.0, 1.8, 2.0]
disc:  384  :[0.0, 0.6, 6.0]
disc:  385  :[0.0, 0.2, 2.0]
disc:  502  :[0.0, 0.1, 1.0]
disc:  503  :[0.0, 0.1, 1.0]
disc:  504  :[0.0, 0.1, 1.0]
disc:  505  :[0.0, 0.6250219206378429, 0.8250219206378429, 1.0]
disc:  506  :[0.0, 0.18431676460923754, 0.3843167646092376, 1.0]
disc:  507  :[0.0, 0.9, 1.0]
disc:  508  :[0.0, 0.1, 1.0]
disc:  509  :[0.0, 0.1, 1.0]
disc:  510  :[0.0, 0.1, 1.0]
disc:  511  :[0.0, 0.17497807936215712, 0.3749780793621571, 1.0]
disc:  512  :[0.0, 0.1, 1.0]
disc:  513  :[0.0, 0.9, 1.0]
disc:  514  :[0.0, 0.1, 1.0]
disc:  515  :[0.0, 0.1, 1.0]
disc:  516  :[0.0, 0.2376304518944595, 0.4376304518944595, 1.0]
disc:  517  :[0.0, 0.1, 1.0]
disc:  518  :[0.0, 0.1, 1.0]
disc:  519  :[0.0, 0.1, 1.0]
disc:  520  :[0.0, 0.5370570725240229, 0.7370570725240229, 1.0]
disc:  521  :[0.0, 0.1, 1.0]
disc:  522  :[0.0, 0.1, 1.0]
disc:  523  :[0.0, 0.1, 1.0]
disc:  524  :[0.0, 0.9, 1.0]
disc:  525  :[0.0, 0.9, 1.0]
disc:  526  :[0.0, 0.275, 0.475, 1.0]
disc:  527  :[0.0, 0.1, 1.0]
disc:  528  :[0.0, 0.26294292747597703, 0.4629429274759771, 1.0]
disc:  529  :[0.0, 0.1, 1.0]
disc:  530  :[0.0, 0.9, 1.0]
disc:  531  :[0.0, 0.9, 1.0]
disc:  532  :[0.0, 0.567908395232078, 0.767908395232078, 1.0]
disc:  533  :[0.0, 0.1, 1.0]
disc:  534  :[0.0, 0.1, 1.0]
disc:  535  :[0.0, 0.1, 1.0]
disc:  536  :[0.0, 0.1, 1.0]
disc:  537  :[0.0, 0.1, 1.0]
disc:  538  :[0.0, 0.1, 1.0]
disc:  539  :[0.0, 0.1, 1.0]
disc:  540  :[0.0, 0.23209160476792198, 0.43209160476792197, 1.0]
disc:  541  :[0.0, 0.18294474068301403, 1.0]
disc:  542  :[0.0, 0.1, 1.0]
disc:  543  :[0.0, 0.1, 1.0]
disc:  544  :[0.0, 0.9, 1.0]
disc:  545  :[0.0, 0.1, 1.0]
disc:  546  :[0.0, 0.1, 1.0]
disc:  547  :[0.0, 0.1, 1.0]
disc:  548  :[0.0, 0.1, 1.0]
disc:  549  :[0.0, 0.4097634335848519, 0.6097634335848519, 1.0]
disc:  550  :[0.0, 0.1, 1.0]
disc:  551  :[0.0, 0.1, 1.0]
disc:  552  :[0.0, 0.1, 1.0]
disc:  553  :[0.0, 0.1, 1.0]
disc:  554  :[0.0, 0.1, 1.0]
disc:  555  :[0.0, 0.1, 1.0]
disc:  556  :[0.0, 0.9, 1.0]
disc:  557  :[0.0, 0.1, 1.0]
disc:  558  :[0.0, 0.1, 1.0]
disc:  559  :[0.0, 0.6156832353907624, 0.8156832353907624, 1.0]
disc:  560  :[0.0, 0.1, 1.0]
disc:  561  :[0.0, 0.1, 1.0]
disc:  562  :[0.0, 0.1, 1.0]
disc:  563  :[0.0, 0.1, 1.0]
disc:  564  :[0.0, 0.1, 1.0]
disc:  565  :[0.0, 0.39023656641514826, 0.5902365664151482, 1.0]
disc:  566  :[0.0, 0.1, 1.0]
disc:  567  :[0.0, 0.1, 1.0]
disc:  568  :[0.0, 0.1, 1.0]
disc:  569  :[0.0, 0.18736954810554043, 0.3873695481055405, 1.0]
disc:  570  :[0.0, 0.1, 1.0]
disc:  571  :[0.0, 0.1, 1.0]
disc:  572  :[0.0, 0.817055259316986, 1.0]
  Completed presolve in 12.3s
LOWER-BOUNDING ITERATIONS
====================================================================================================
| Iter   | Incumbent       | Best Incumbent      | Lower Bound        | Gap (%)         | Time      
| finish | -614.4846       | -614.4846           | -631.4664          | 2.764           | 23.59s           
Final UBD: -614.4845903008829
Final LBD: -631.4664200136335
====================================================================================================

*** Alpine ended with status OTHER_LIMIT ***

 Total time for local solves: 10.05s

 Total time for solving max-min problems: 0.0s

 Total time excluding max-min time: 23.59s

presolve objective value: -614.4845903008829
w_opt: 1-dimensional DenseAxisArray{Float64,1,...} with index sets:
    Dimension 1, [(25, 1, 2), (25, 1, 1), (25, 1, 14), (20, 1, 2), (20, 1, 1), (20, 1, 14), (1, 1, 2), (1, 1, 1), (1, 1, 14), (2, 1, 2)  …  (20, 15, 23), (20, 15, 3), (8, 15, 30), (8, 15, 29), (8, 15, 23), (8, 15, 3), (2, 15, 30), (2, 15, 29), (2, 15, 23), (2, 15, 3)]
And data, a 261-element Vector{Float64}:
 1.335816790464156
 0.0
 0.0
 0.664183209535844
 0.0
 0.0
 0.0
 0.0
 0.0
 0.0
 0.0
 0.0
 0.0
 0.0
 0.0
 0.0
 2.0
 0.0
 0.0
 1.0
 0.0
 0.0
 0.0
 0.0
 0.0
 0.0
 0.0
 0.0
 0.0
 1.4215838230461877
 0.8529502938277126
 0.0
 0.0
 0.0
 0.0
 3.578416176953812
 2.1470497061722873
 0.0
 0.0
 0.0
 0.0
 0.0
 0.0
 0.0
 0.0
 0.0
 0.0
 0.0
 0.0
 1.3409884464975552
 1.3765558449256452
 0.0
 0.0
 0.0
 0.0
 0.0
 0.0
 0.0
 0.0
 2.0
 1.0
 0.0
 0.0
 0.0
 0.0
 0.0
 0.0
 0.0
 0.0
 0.0
 0.0
 0.0
 0.0
 0.0
 0.675260903788919
 2.025782711366757
 0.0
 0.75
 2.25
 0.0
 0.0
 0.0
 0.0
 0.0
 0.0
 0.0
 0.0
 0.0
 0.0
 0.0
 0.0
 0.0
 0.5747390962110809
 1.7242172886332425
 0.0
 0.0
 0.0
 0.0
 0.0
 0.0
 0.0
 0.22451670918024624
 0.37952496634812916
 0.9252486252261802
 0.21591642977866005
 0.3649869804566155
 0.8898062890101691
 0.0
 0.0
 0.0
 0.0
 0.0
 0.0
 0.0
 0.0
 0.0
 0.0
 0.0
 2.9249232227670308
 2.1715333574251523
 0.0
 0.0
 0.0
 1.6663816208923796
 1.2371617989154369
 0.0
 0.0
 0.0
 0.0
 0.0
 0.0
 0.0
 0.0
 0.0
 0.0
 0.0
 0.0
 0.0
 0.0
 0.0
 0.0
 0.0
 0.0
 0.0
 0.0
 0.0
 0.0
 0.0
 0.0
 0.0
 0.0
 0.0
 0.0
 0.0
 0.0
 0.0
 0.0
 0.0
 0.0
 0.0
 0.0
 0.0
 0.0
 0.0
 0.0
 0.0
 0.0
 0.0
 0.0
 0.0
 0.0
 0.0
 0.0
 1.5573112439000516
 0.0
 0.0
 0.0
 0.22793975736618233
 0.0
 0.0
 0.0
 0.0
 0.0
 0.0
 0.0
 0.0
 0.0
 0.0
 0.0
 0.0
 0.0
 0.0
 0.0
 0.0
 1.772060242633818
 1.0
 0.2279397573661825
 0.0
 0.0
 0.0
 0.0
 0.0
 0.0
 0.0
 0.0
 0.0
 1.4500438412756858
 0.7250219206378429
 0.0
 0.5499561587243142
 0.2749780793621571
 0.0
 0.0
 0.0
 0.0
 0.0
 0.0
 0.0
 0.0
 0.0
 0.0
 0.0
 0.0
 0.0
 0.0
 0.1535414683306866
 0.7666114430272372
 0.0
 0.0
 0.0
 0.0
 0.0
 0.0
 0.0
 0.0
 0.0
 0.0
 0.0
 0.0
 0.0
 0.0
 0.0
 0.0
 0.0
 0.0
 0.0
 0.0
 0.0
 0.0
 0.1658894813660282
 0.22992781798295495
 0.0
 0.0829447406830141
 0.0
 0.0
 0.0
 0.0
 1.834110518633972
 2.542132424650863
 0.0
 0.917055259316986
x_ij_opt: 1-dimensional DenseAxisArray{Float64,1,...} with index sets:
    Dimension 1, [(43, 30), (43, 22), (43, 6), (44, 22), (45, 30), (45, 29), (45, 28), (45, 24), (45, 23), (40, 29)  …  (5, 7), (5, 14), (6, 4), (6, 3), (1, 14), (1, 10), (1, 23), (1, 1), (3, 2), (3, 1)]
And data, a 116-element Vector{Float64}:
 0.0
 0.44268875609994845
 1.450158621503084
 0.0
 0.0
 0.0
 1.8464585316693134
 0.0
 0.0
 0.0
 0.0
 0.0
 0.0
 0.0
 0.0
 0.0
 0.0
 0.0
 0.2810869438420226
 0.0
 0.0
 0.0
 0.0
 0.0
 0.0
 0.0
 0.0
 2.0
 0.0
 0.0
 0.0
 0.0
 0.0
 0.0
 0.0
 0.0
 0.0
 0.0
 0.0
 0.0
 0.0
 0.0
 0.0
 0.5498413784969163
 0.0
 0.0
 0.0
 0.0
 0.0
 0.0
 0.0
 0.0
 0.0
 0.0
 0.0
 1.2147489987337663
 0.0
 1.4086951563405896
 0.25548805319525464
 2.0
 0.0
 0.0
 0.0
 0.0
 6.0
 0.0
 0.0
 0.0
 0.0
 0.7189130561579774
 0.0
 0.0
 0.0
 0.0
 0.0
 0.0
 0.23338855697276287
 0.6590115535024448
 0.0
 0.0
 0.0
 0.0
 0.0
 0.0
 0.0
 0.0
 0.0
 0.0
 0.0
 0.0
 0.0
 0.0
 0.0
 0.0
 0.0
 0.0
 0.0
 0.0
 0.0
 0.0
 0.0
 0.0
 0.0
 0.0
 0.0
 1.4474284954482537
 0.0
 0.0
 0.0
 0.0
 0.11213836559283978
 0.0
 0.0
 4.184945085763651
 0.0
 0.0
x_il_opt: 1-dimensional DenseAxisArray{Float64,1,...} with index sets:
    Dimension 1, [(43, 15), (43, 14), (44, 15), (44, 13), (44, 3), (40, 14), (40, 2), (41, 14), (42, 6), (37, 13)  …  (4, 13), (5, 2), (5, 7), (5, 9), (6, 11), (1, 1), (1, 6), (1, 3), (2, 1), (2, 15)]
And data, a 71-element Vector{Float64}:
 0.0
 0.0
 0.0
 2.1750657619135287
 2.2745341168739004
 0.9201529113579238
 0.0
 0.0
 0.0
 0.8249342380864714
 0.0
 3.0
 0.0
 0.0
 2.701043615155676
 0.0
 0.0
 0.0
 5.096456580192183
 0.0
 0.0
 0.0
 3.0
 0.0
 3.0
 0.0
 2.9035434198078165
 0.0
 1.785251001266234
 0.0
 1.335816790464156
 0.0
 0.0
 0.0
 0.0
 0.0
 0.0
 0.0
 0.664183209535844
 0.47876204003199724
 0.0
 0.0
 3.0
 0.0
 0.0
 0.0
 0.0
 1.5292903007545555
 0.0
 0.0
 0.0
 0.0
 0.0
 0.0
 2.717544291423201
 0.0
 0.0
 5.725465883126099
 0.0
 0.0
 0.0
 0.0
 0.0
 1.4707096992454447
 0.0
 0.0
 0.0
 2.2989563848443235
 0.0
 0.0
 5.293298202601821
x_lj_opt: 1-dimensional DenseAxisArray{Float64,1,...} with index sets:
    Dimension 1, [(15, 30), (15, 29), (15, 23), (15, 3), (14, 28), (14, 27), (14, 10), (14, 24), (13, 26), (13, 25)  …  (3, 6), (3, 5), (3, 29), (2, 4), (2, 3), (2, 1), (2, 5), (1, 2), (1, 1), (1, 14)]
And data, a 53-element Vector{Float64}:
 2.0
 2.772060242633818
 0.0
 1.0
 0.1535414683306866
 0.7666114430272372
 0.0
 0.0
 2.0
 1.0
 0.0
 1.772060242633818
 1.0
 0.22793975736618222
 1.5573112439000516
 0.0
 0.0
 0.0
 0.22793975736618233
 0.0
 0.0
 0.0
 0.0
 0.0
 0.0
 0.0
 4.591304843659411
 3.408695156340589
 0.0
 0.0
 0.44043313895890623
 0.7445119468047448
 1.8150549142363492
 2.0
 6.0
 0.0
 2.0
 1.0
 0.0
 0.0
 1.3409884464975552
 1.376555844925645
 0.0
 0.0
 5.0
 3.0
 2.0
 0.0
 0.0
 1.0
 2.0
 0.0
 0.0
q_opt: 1-dimensional DenseAxisArray{Float64,1,...} with index sets:
    Dimension 1, [(43, 15), (43, 14), (44, 15), (44, 13), (44, 3), (40, 14), (40, 2), (41, 14), (42, 6), (37, 13)  …  (4, 13), (5, 2), (5, 7), (5, 9), (6, 11), (1, 1), (1, 6), (1, 3), (2, 1), (2, 15)]
And data, a 71-element Vector{Float64}:
 0.0
 0.0
 0.0
 0.7250219206378429
 0.28431676460923755
 1.0
 0.0
 0.0
 0.0
 0.2749780793621571
 0.0
 1.0
 0.0
 0.0
 0.3376304518944595
 0.0
 0.0
 0.0
 0.6370570725240229
 0.0
 0.0
 0.0
 1.0
 1.0
 0.375
 0.0
 0.36294292747597706
 0.0
 1.0
 1.0
 0.667908395232078
 0.0
 0.0
 0.0
 0.0
 0.0
 0.0
 0.0
 0.332091604767922
 0.08294474068301401
 0.0
 0.0
 1.0
 0.0
 0.0
 0.0
 0.0
 0.5097634335848519
 0.0
 0.0
 0.0
 0.0
 0.0
 0.0
 1.0
 0.0
 0.0
 0.7156832353907624
 0.0
 0.0
 0.0
 0.0
 0.0
 0.49023656641514823
 0.0
 0.0
 0.0
 0.28736954810554044
 0.0
 0.0
 0.917055259316986
