
PROBLEM STATISTICS
  Objective sense = Min
  # Variables = 572
  # Bin-Int Variables = 0
  # Constraints = 621
  # NL Constraints = 261
  # Linear Constraints = 360
  # Detected convex constraints = 0
  # Detected nonlinear terms = 261
  # Variables involved in nonlinear terms = 124
  # Potential variables for partitioning = 124
SUB-SOLVERS USED BY ALPINE
  NLP local solver = Knitro
  MIP solver = Gurobi
ALPINE CONFIGURATION
  Maximum iterations (lower-bounding MIPs) =  1
  Relative global optimality gap = 0.01%
  Potential variables chosen for partitioning = All
  Discretization ratio = 10
  Bound-tightening presolve = false
PRESOLVE 
  Doing local search

Feasible solution found during presolve: [1.5566248956850703, 0.0, 0.0, 0.4433751043149297, 0.0, 0.0, 0.0, 0.0, 0.0, 0.0, 0.0, 0.0, 0.0, 0.0, 0.0, 0.0, 2.0, 0.0, 0.0, 0.9999999999999999, 0.0, 0.0, 0.0, 0.0, 0.0, 0.0, 0.0, 0.0, 0.0, 0.1353735590995292, 0.052298771194819536, 0.0, 0.0, 0.0, 0.0, 4.864626440900471, 1.8793476870462795, 0.0, 0.0, 0.0, 0.0, 0.0, 0.0, 0.1517559900801919, 0.3722596187163437, 0.0, 0.0, 0.0, 0.0, 0.7309519491673805, 1.7930356077096559, 0.0, 0.0, 0.0, 0.0, 0.0, 0.0, 0.0, 0.0, 2.0, 1.0, 0.0, 0.0, 0.0, 0.0, 0.0, 0.0, 0.0, 0.0, 0.0, 0.0, 0.7500000000000001, 2.25, 0.0, 0.07213425444777243, 0.2164027633433172, 0.0, 0.5525866852175472, 1.6577600556526413, 0.0, 0.0, 0.0, 0.0, 0.0, 0.0, 0.0, 0.0, 0.0, 0.0, 0.0, 0.0, 0.0, 0.6252790603346803, 1.8758371810040406, 0.0, 0.0, 0.0, 0.0, 0.0, 0.0, 0.0, 2.0, 0.8792053167287582, 0.12079468327124206, 0.0, 0.0, 0.0, 0.0, 0.0, 0.0, 0.0, 0.0, 0.0, 0.0, 0.0, 0.0, 0.0, 0.0, 4.2612500371066035, 3.0269565736972632, 0.0, 0.0, 0.0, 0.41616954184970817, 0.29562384734642544, 0.0, 0.0, 0.0, 0.0, 0.0, 0.0, 0.0, 0.0, 0.0, 0.0, 0.0, 0.0, 0.0, 0.0, 0.0, 0.0, 0.0, 0.0, 0.0, 0.0, 0.0, 0.0, 0.0, 0.0, 0.0, 0.0, 0.0, 0.0, 0.5264355060865409, 0.26321775304327044, 0.0, 0.0, 1.4735644939134591, 0.7367822469567294, 0.0, 0.0, 0.0, 0.0, 0.0, 0.0, 0.0, 0.0, 0.0, 0.0, 0.0, 0.0, 0.0, 0.0, 2.0, 0.0, 0.0, 0.0, 0.48787564746968887, 0.0, 0.0, 0.0, 0.0, 0.0, 0.0, 0.0, 0.0, 0.0, 0.0, 0.0, 0.0, 0.0, 0.0, 0.0, 0.0, 1.5121243525303112, 1.0, 0.4878756474696888, 0.0, 0.0, 0.0, 0.0, 0.0, 0.0, 0.0, 0.0, 0.0, 1.4049003578803603, 0.7024501789401799, 0.0, 0.5950996421196396, 0.2975498210598197, 0.0, 0.0, 0.0, 0.0, 0.0, 0.0, 0.0, 0.0, 0.0, 0.0, 0.0, 0.0, 0.0, 0.0, 0.27404092944782227, 0.6228334409465959, 0.0, 0.0, 0.0, 0.0, 0.0, 0.0, 0.0, 0.0, 0.0, 0.0, 0.0, 0.0, 0.0, 0.0, 0.0, 0.0, 0.0, 0.0, 0.0, 0.0, 0.0, 0.0, 0.0, 0.0, 0.0, 0.0, 0.0, 0.0, 0.0, 0.0, 2.0, 0.869014912080302, 0.0, 1.0, 0.0, 0.0, 0.0, 2.1073505368205403, 0.1876723302943487, 0.8968743703944182, 0.0, 0.0, 3.0, 0.8926494631794593, 0.0, 3.0, 0.0, 0.0, 0.28853701779108964, 0.0, 0.0, 0.0, 7.288206610803866, 0.0, 0.5240156087965355, 0.0, 3.0, 0.7896532591298113, 2.2103467408701887, 0.0, 0.7117933891961336, 0.0, 2.487875647469689, 0.0, 1.5566248956850703, 0.0, 0.0, 0.0, 0.0, 0.0, 0.0, 0.0, 0.4433751043149297, 0.0, 0.0, 0.0, 3.0, 0.0, 0.0, 2.2103467408701887, 0.0, 3.0, 0.0, 0.0, 0.0, 0.0, 0.0, 0.0, 2.5239875568770365, 0.0, 0.0, 6.743974127946751, 0.0, 0.0, 0.0, 0.0, 0.0, 0.0, 0.0, 0.0, 0.0, 2.501116241338721, 0.0, 0.0, 3.869014912080302, 2.0, 0.869014912080302, 0.0, 1.0, 0.27404092944782227, 0.6228334409465959, 0.0, 0.0, 2.0, 1.0, 0.0, 1.5121243525303112, 1.0, 0.4878756474696888, 2.0, 0.0, 0.0, 0.0, 0.48787564746968887, 0.0, 0.0, 2.0, 1.0, 0.0, 0.0, 0.0, 4.677419578956312, 3.3225804210436887, 0.0, 0.0, 2.0, 0.8792053167287582, 0.12079468327124206, 2.0, 6.0, 0.0, 2.0, 1.0, 0.0, 0.0, 0.8827079392475724, 2.1652952264259997, 0.0, 0.0, 5.0, 1.931646458241099, 2.0, 0.0, 0.0, 0.9999999999999999, 2.0, 0.0, 0.0, 0.0, 0.0, 1.288206610803866, 0.0, 0.0, 0.0, 1.7259590705521777, 0.0, 0.0, 0.0, 0.0, 0.0, 0.0, 0.0, 0.0, 0.0, 0.0, 0.0, 0.26685719639003674, 0.0, 0.38032155806747825, 0.0, 0.0, 0.0, 0.0, 0.0, 0.0, 2.0, 0.0, 2.7114629822089102, 0.0, 0.0, 0.0, 0.0, 0.0, 0.0, 0.0, 0.0, 0.0, 0.0, 0.0, 0.0, 0.0, 0.711793389196134, 0.0, 0.0, 0.0, 0.0, 0.0, 0.0, 0.0, 0.0, 0.0, 0.0, 0.0, 0.5121243525303114, 0.0, 1.3225804210436878, 0.12079468327124183, 2.0, 0.0, 0.0, 0.0, 0.0, 6.0, 0.0, 0.0, 0.0, 0.0, 0.7331428036099632, 0.0, 0.0, 0.0, 0.0, 0.0, 0.0, 0.3771665590534042, 1.1172920607524277, 0.0, 0.0, 0.0, 0.0, 0.0, 0.0, 0.0, 0.0, 0.0, 0.0, 0.0, 0.0, 0.0, 0.0, 0.0, 0.0, 0.0, 0.0, 0.0, 0.0, 0.0, 0.0, 0.0, 0.0, 0.0, 0.0, 0.0, 0.0, 0.0, 0.0, 0.0, 0.0, 0.0, 0.0, 0.0, 5.49888375866128, 0.0, 0.0, 0.0, 0.0, 0.0, 0.7024501789401801, 0.02707471181990584, 1.0, 0.0, 0.0, 0.37500000000000006, 0.2975498210598198, 0.0, 1.0, 0.0, 0.0, 0.03606712722388621, 0.0, 0.0, 0.0, 0.9110258263504832, 0.0, 0.17192095293665302, 0.0, 1.0, 0.26321775304327044, 0.2762933426087736, 0.0, 0.0889741736495167, 0.0, 1.0, 1.0, 0.7783124478425352, 0.0, 0.0, 0.0, 0.0, 0.0, 0.0, 0.0, 0.22168755215746486, 0.0, 0.0, 0.0, 1.0, 0.0, 0.0, 0.7367822469567296, 0.0, 1.0, 0.0, 0.0, 0.0, 0.0, 0.0, 0.0, 0.8280790470633469, 0.0, 0.0, 0.9729252881800943, 0.0, 0.0, 0.0, 0.0, 0.0, 0.0, 0.0, 0.0, 0.0, 0.31263953016734014, 0.0, 0.0, 1.0]  :with objective: -628.7804346852314

  Local solver returns a feasible point with value -628.7804
disc:  333  :[0.0, 1.8, 2.0]
disc:  334  :[0.0, 0.26901491208030204, 1.469014912080302, 6.0]
disc:  335  :[0.0, 0.1, 1.0]
disc:  336  :[0.0, 0.9, 1.0]
disc:  337  :[0.0, 0.07404092944782226, 0.4740409294478223, 2.0]
disc:  338  :[0.0, 0.5228334409465959, 0.7228334409465959, 1.0]
disc:  339  :[0.0, 0.2, 2.0]
disc:  340  :[0.0, 0.2, 2.0]
disc:  341  :[0.0, 1.8, 2.0]
disc:  342  :[0.0, 0.9, 1.0]
disc:  343  :[0.0, 0.2, 2.0]
disc:  344  :[0.0, 1.3121243525303112, 1.7121243525303111, 2.0]
disc:  345  :[0.0, 0.9, 1.0]
disc:  346  :[0.0, 0.18787564746968882, 0.7878756474696889, 3.0]
disc:  347  :[0.0, 1.8, 2.0]
disc:  348  :[0.0, 0.6, 6.0]
disc:  349  :[0.0, 0.2, 2.0]
disc:  350  :[0.0, 0.1, 1.0]
disc:  351  :[0.0, 0.28787564746968886, 0.6878756474696889, 2.0]
disc:  352  :[0.0, 0.6, 6.0]
disc:  353  :[0.0, 0.1, 1.0]
disc:  354  :[0.0, 1.8, 2.0]
disc:  355  :[0.0, 0.9, 1.0]
disc:  356  :[0.0, 0.2, 2.0]
disc:  357  :[0.0, 0.1, 1.0]
disc:  358  :[0.0, 0.2, 2.0]
disc:  359  :[0.0, 4.077419578956312, 5.277419578956311, 6.0]
disc:  360  :[0.0, 2.7225804210436886, 3.9225804210436888, 6.0]
disc:  361  :[0.0, 0.2, 2.0]
disc:  362  :[0.0, 0.1, 1.0]
disc:  363  :[0.0, 1.8, 2.0]
disc:  364  :[0.0, 0.7792053167287583, 0.9792053167287582, 1.0]
disc:  365  :[0.0, 0.42079468327124203, 3.0]
disc:  366  :[0.0, 1.8, 2.0]
disc:  367  :[0.0, 5.4, 6.0]
disc:  368  :[0.0, 0.2, 2.0]
disc:  369  :[0.0, 1.8, 2.0]
disc:  370  :[0.0, 0.9, 1.0]
disc:  371  :[0.0, 0.2, 2.0]
disc:  372  :[0.0, 0.2, 2.0]
disc:  373  :[0.0, 0.6827079392475723, 1.0827079392475725, 2.0]
disc:  374  :[0.0, 1.5652952264259996, 2.765295226426, 6.0]
disc:  375  :[0.0, 0.2, 2.0]
disc:  376  :[0.0, 0.2, 2.0]
disc:  377  :[0.0, 4.4, 5.6, 6.0]
disc:  378  :[0.0, 1.331646458241099, 2.531646458241099, 6.0]
disc:  379  :[0.0, 1.8, 2.0]
disc:  380  :[0.0, 0.1, 1.0]
disc:  381  :[0.0, 0.3, 3.0]
disc:  382  :[0.0, 0.7, 1.2999999999999998, 3.0]
disc:  383  :[0.0, 1.8, 2.0]
disc:  384  :[0.0, 0.6, 6.0]
disc:  385  :[0.0, 0.2, 2.0]
disc:  502  :[0.0, 0.1, 1.0]
disc:  503  :[0.0, 0.1, 1.0]
disc:  504  :[0.0, 0.1, 1.0]
disc:  505  :[0.0, 0.6024501789401802, 0.8024501789401801, 1.0]
disc:  506  :[0.0, 0.12707471181990584, 1.0]
disc:  507  :[0.0, 0.9, 1.0]
disc:  508  :[0.0, 0.1, 1.0]
disc:  509  :[0.0, 0.1, 1.0]
disc:  510  :[0.0, 0.275, 0.4750000000000001, 1.0]
disc:  511  :[0.0, 0.1975498210598198, 0.39754982105981984, 1.0]
disc:  512  :[0.0, 0.1, 1.0]
disc:  513  :[0.0, 0.9, 1.0]
disc:  514  :[0.0, 0.1, 1.0]
disc:  515  :[0.0, 0.1, 1.0]
disc:  516  :[0.0, 0.13606712722388623, 1.0]
disc:  517  :[0.0, 0.1, 1.0]
disc:  518  :[0.0, 0.1, 1.0]
disc:  519  :[0.0, 0.1, 1.0]
disc:  520  :[0.0, 0.8110258263504833, 1.0]
disc:  521  :[0.0, 0.1, 1.0]
disc:  522  :[0.0, 0.07192095293665302, 0.271920952936653, 1.0]
disc:  523  :[0.0, 0.1, 1.0]
disc:  524  :[0.0, 0.9, 1.0]
disc:  525  :[0.0, 0.16321775304327044, 0.3632177530432704, 1.0]
disc:  526  :[0.0, 0.17629334260877358, 0.37629334260877356, 1.0]
disc:  527  :[0.0, 0.1, 1.0]
disc:  528  :[0.0, 0.18897417364951669, 1.0]
disc:  529  :[0.0, 0.1, 1.0]
disc:  530  :[0.0, 0.9, 1.0]
disc:  531  :[0.0, 0.9, 1.0]
disc:  532  :[0.0, 0.6783124478425352, 0.8783124478425351, 1.0]
disc:  533  :[0.0, 0.1, 1.0]
disc:  534  :[0.0, 0.1, 1.0]
disc:  535  :[0.0, 0.1, 1.0]
disc:  536  :[0.0, 0.1, 1.0]
disc:  537  :[0.0, 0.1, 1.0]
disc:  538  :[0.0, 0.1, 1.0]
disc:  539  :[0.0, 0.1, 1.0]
disc:  540  :[0.0, 0.12168755215746485, 0.32168755215746486, 1.0]
disc:  541  :[0.0, 0.1, 1.0]
disc:  542  :[0.0, 0.1, 1.0]
disc:  543  :[0.0, 0.1, 1.0]
disc:  544  :[0.0, 0.9, 1.0]
disc:  545  :[0.0, 0.1, 1.0]
disc:  546  :[0.0, 0.1, 1.0]
disc:  547  :[0.0, 0.6367822469567296, 0.8367822469567295, 1.0]
disc:  548  :[0.0, 0.1, 1.0]
disc:  549  :[0.0, 0.9, 1.0]
disc:  550  :[0.0, 0.1, 1.0]
disc:  551  :[0.0, 0.1, 1.0]
disc:  552  :[0.0, 0.1, 1.0]
disc:  553  :[0.0, 0.1, 1.0]
disc:  554  :[0.0, 0.1, 1.0]
disc:  555  :[0.0, 0.1, 1.0]
disc:  556  :[0.0, 0.7280790470633469, 0.9280790470633469, 1.0]
disc:  557  :[0.0, 0.1, 1.0]
disc:  558  :[0.0, 0.1, 1.0]
disc:  559  :[0.0, 0.8729252881800943, 1.0]
disc:  560  :[0.0, 0.1, 1.0]
disc:  561  :[0.0, 0.1, 1.0]
disc:  562  :[0.0, 0.1, 1.0]
disc:  563  :[0.0, 0.1, 1.0]
disc:  564  :[0.0, 0.1, 1.0]
disc:  565  :[0.0, 0.1, 1.0]
disc:  566  :[0.0, 0.1, 1.0]
disc:  567  :[0.0, 0.1, 1.0]
disc:  568  :[0.0, 0.1, 1.0]
disc:  569  :[0.0, 0.21263953016734014, 0.4126395301673401, 1.0]
disc:  570  :[0.0, 0.1, 1.0]
disc:  571  :[0.0, 0.1, 1.0]
disc:  572  :[0.0, 0.9, 1.0]
  Completed presolve in 8.79s
LOWER-BOUNDING ITERATIONS
====================================================================================================
| Iter   | Incumbent       | Best Incumbent      | Lower Bound        | Gap (%)         | Time      
| finish | -628.7804       | -628.7804           | -631.6625          | 0.458           | 21.17s           
Final UBD: -628.7804346852314
Final LBD: -631.6625343391075
====================================================================================================

*** Alpine ended with status OTHER_LIMIT ***

 Total time for local solves: 6.4s

 Total time for solving max-min problems: 0.0s

 Total time excluding max-min time: 21.17s

presolve objective value: -628.7804346852314
w_opt: 1-dimensional DenseAxisArray{Float64,1,...} with index sets:
    Dimension 1, [(25, 1, 2), (25, 1, 1), (25, 1, 14), (20, 1, 2), (20, 1, 1), (20, 1, 14), (1, 1, 2), (1, 1, 1), (1, 1, 14), (2, 1, 2)  …  (20, 15, 23), (20, 15, 3), (8, 15, 30), (8, 15, 29), (8, 15, 23), (8, 15, 3), (2, 15, 30), (2, 15, 29), (2, 15, 23), (2, 15, 3)]
And data, a 261-element Vector{Float64}:
 1.5566248956850703
 0.0
 0.0
 0.4433751043149297
 0.0
 0.0
 0.0
 0.0
 0.0
 0.0
 0.0
 0.0
 0.0
 0.0
 0.0
 0.0
 2.0
 0.0
 0.0
 0.9999999999999999
 0.0
 0.0
 0.0
 0.0
 0.0
 0.0
 0.0
 0.0
 0.0
 0.1353735590995292
 0.052298771194819536
 0.0
 0.0
 0.0
 0.0
 4.864626440900471
 1.8793476870462795
 0.0
 0.0
 0.0
 0.0
 0.0
 0.0
 0.1517559900801919
 0.3722596187163437
 0.0
 0.0
 0.0
 0.0
 0.7309519491673805
 1.7930356077096559
 0.0
 0.0
 0.0
 0.0
 0.0
 0.0
 0.0
 0.0
 2.0
 1.0
 0.0
 0.0
 0.0
 0.0
 0.0
 0.0
 0.0
 0.0
 0.0
 0.0
 0.7500000000000001
 2.25
 0.0
 0.07213425444777243
 0.2164027633433172
 0.0
 0.5525866852175472
 1.6577600556526413
 0.0
 0.0
 0.0
 0.0
 0.0
 0.0
 0.0
 0.0
 0.0
 0.0
 0.0
 0.0
 0.0
 0.6252790603346803
 1.8758371810040406
 0.0
 0.0
 0.0
 0.0
 0.0
 0.0
 0.0
 2.0
 0.8792053167287582
 0.12079468327124206
 0.0
 0.0
 0.0
 0.0
 0.0
 0.0
 0.0
 0.0
 0.0
 0.0
 0.0
 0.0
 0.0
 0.0
 4.2612500371066035
 3.0269565736972632
 0.0
 0.0
 0.0
 0.41616954184970817
 0.29562384734642544
 0.0
 0.0
 0.0
 0.0
 0.0
 0.0
 0.0
 0.0
 0.0
 0.0
 0.0
 0.0
 0.0
 0.0
 0.0
 0.0
 0.0
 0.0
 0.0
 0.0
 0.0
 0.0
 0.0
 0.0
 0.0
 0.0
 0.0
 0.0
 0.5264355060865409
 0.26321775304327044
 0.0
 0.0
 1.4735644939134591
 0.7367822469567294
 0.0
 0.0
 0.0
 0.0
 0.0
 0.0
 0.0
 0.0
 0.0
 0.0
 0.0
 0.0
 0.0
 0.0
 2.0
 0.0
 0.0
 0.0
 0.48787564746968887
 0.0
 0.0
 0.0
 0.0
 0.0
 0.0
 0.0
 0.0
 0.0
 0.0
 0.0
 0.0
 0.0
 0.0
 0.0
 0.0
 1.5121243525303112
 1.0
 0.4878756474696888
 0.0
 0.0
 0.0
 0.0
 0.0
 0.0
 0.0
 0.0
 0.0
 1.4049003578803603
 0.7024501789401799
 0.0
 0.5950996421196396
 0.2975498210598197
 0.0
 0.0
 0.0
 0.0
 0.0
 0.0
 0.0
 0.0
 0.0
 0.0
 0.0
 0.0
 0.0
 0.0
 0.27404092944782227
 0.6228334409465959
 0.0
 0.0
 0.0
 0.0
 0.0
 0.0
 0.0
 0.0
 0.0
 0.0
 0.0
 0.0
 0.0
 0.0
 0.0
 0.0
 0.0
 0.0
 0.0
 0.0
 0.0
 0.0
 0.0
 0.0
 0.0
 0.0
 0.0
 0.0
 0.0
 0.0
 2.0
 0.869014912080302
 0.0
 1.0
x_ij_opt: 1-dimensional DenseAxisArray{Float64,1,...} with index sets:
    Dimension 1, [(43, 30), (43, 22), (43, 6), (44, 22), (45, 30), (45, 29), (45, 28), (45, 24), (45, 23), (40, 29)  …  (5, 7), (5, 14), (6, 4), (6, 3), (1, 14), (1, 10), (1, 23), (1, 1), (3, 2), (3, 1)]
And data, a 116-element Vector{Float64}:
 0.0
 0.0
 1.288206610803866
 0.0
 0.0
 0.0
 1.7259590705521777
 0.0
 0.0
 0.0
 0.0
 0.0
 0.0
 0.0
 0.0
 0.0
 0.0
 0.0
 0.26685719639003674
 0.0
 0.38032155806747825
 0.0
 0.0
 0.0
 0.0
 0.0
 0.0
 2.0
 0.0
 2.7114629822089102
 0.0
 0.0
 0.0
 0.0
 0.0
 0.0
 0.0
 0.0
 0.0
 0.0
 0.0
 0.0
 0.0
 0.711793389196134
 0.0
 0.0
 0.0
 0.0
 0.0
 0.0
 0.0
 0.0
 0.0
 0.0
 0.0
 0.5121243525303114
 0.0
 1.3225804210436878
 0.12079468327124183
 2.0
 0.0
 0.0
 0.0
 0.0
 6.0
 0.0
 0.0
 0.0
 0.0
 0.7331428036099632
 0.0
 0.0
 0.0
 0.0
 0.0
 0.0
 0.3771665590534042
 1.1172920607524277
 0.0
 0.0
 0.0
 0.0
 0.0
 0.0
 0.0
 0.0
 0.0
 0.0
 0.0
 0.0
 0.0
 0.0
 0.0
 0.0
 0.0
 0.0
 0.0
 0.0
 0.0
 0.0
 0.0
 0.0
 0.0
 0.0
 0.0
 0.0
 0.0
 0.0
 0.0
 0.0
 0.0
 0.0
 0.0
 5.49888375866128
 0.0
 0.0
x_il_opt: 1-dimensional DenseAxisArray{Float64,1,...} with index sets:
    Dimension 1, [(43, 15), (43, 14), (44, 15), (44, 13), (44, 3), (40, 14), (40, 2), (41, 14), (42, 6), (37, 13)  …  (4, 13), (5, 2), (5, 7), (5, 9), (6, 11), (1, 1), (1, 6), (1, 3), (2, 1), (2, 15)]
And data, a 71-element Vector{Float64}:
 0.0
 0.0
 0.0
 2.1073505368205403
 0.1876723302943487
 0.8968743703944182
 0.0
 0.0
 3.0
 0.8926494631794593
 0.0
 3.0
 0.0
 0.0
 0.28853701779108964
 0.0
 0.0
 0.0
 7.288206610803866
 0.0
 0.5240156087965355
 0.0
 3.0
 0.7896532591298113
 2.2103467408701887
 0.0
 0.7117933891961336
 0.0
 2.487875647469689
 0.0
 1.5566248956850703
 0.0
 0.0
 0.0
 0.0
 0.0
 0.0
 0.0
 0.4433751043149297
 0.0
 0.0
 0.0
 3.0
 0.0
 0.0
 2.2103467408701887
 0.0
 3.0
 0.0
 0.0
 0.0
 0.0
 0.0
 0.0
 2.5239875568770365
 0.0
 0.0
 6.743974127946751
 0.0
 0.0
 0.0
 0.0
 0.0
 0.0
 0.0
 0.0
 0.0
 2.501116241338721
 0.0
 0.0
 3.869014912080302
x_lj_opt: 1-dimensional DenseAxisArray{Float64,1,...} with index sets:
    Dimension 1, [(15, 30), (15, 29), (15, 23), (15, 3), (14, 28), (14, 27), (14, 10), (14, 24), (13, 26), (13, 25)  …  (3, 6), (3, 5), (3, 29), (2, 4), (2, 3), (2, 1), (2, 5), (1, 2), (1, 1), (1, 14)]
And data, a 53-element Vector{Float64}:
 2.0
 0.869014912080302
 0.0
 1.0
 0.27404092944782227
 0.6228334409465959
 0.0
 0.0
 2.0
 1.0
 0.0
 1.5121243525303112
 1.0
 0.4878756474696888
 2.0
 0.0
 0.0
 0.0
 0.48787564746968887
 0.0
 0.0
 2.0
 1.0
 0.0
 0.0
 0.0
 4.677419578956312
 3.3225804210436887
 0.0
 0.0
 2.0
 0.8792053167287582
 0.12079468327124206
 2.0
 6.0
 0.0
 2.0
 1.0
 0.0
 0.0
 0.8827079392475724
 2.1652952264259997
 0.0
 0.0
 5.0
 1.931646458241099
 2.0
 0.0
 0.0
 0.9999999999999999
 2.0
 0.0
 0.0
q_opt: 1-dimensional DenseAxisArray{Float64,1,...} with index sets:
    Dimension 1, [(43, 15), (43, 14), (44, 15), (44, 13), (44, 3), (40, 14), (40, 2), (41, 14), (42, 6), (37, 13)  …  (4, 13), (5, 2), (5, 7), (5, 9), (6, 11), (1, 1), (1, 6), (1, 3), (2, 1), (2, 15)]
And data, a 71-element Vector{Float64}:
 0.0
 0.0
 0.0
 0.7024501789401801
 0.02707471181990584
 1.0
 0.0
 0.0
 0.37500000000000006
 0.2975498210598198
 0.0
 1.0
 0.0
 0.0
 0.03606712722388621
 0.0
 0.0
 0.0
 0.9110258263504832
 0.0
 0.17192095293665302
 0.0
 1.0
 0.26321775304327044
 0.2762933426087736
 0.0
 0.0889741736495167
 0.0
 1.0
 1.0
 0.7783124478425352
 0.0
 0.0
 0.0
 0.0
 0.0
 0.0
 0.0
 0.22168755215746486
 0.0
 0.0
 0.0
 1.0
 0.0
 0.0
 0.7367822469567296
 0.0
 1.0
 0.0
 0.0
 0.0
 0.0
 0.0
 0.0
 0.8280790470633469
 0.0
 0.0
 0.9729252881800943
 0.0
 0.0
 0.0
 0.0
 0.0
 0.0
 0.0
 0.0
 0.0
 0.31263953016734014
 0.0
 0.0
 1.0
