
PROBLEM STATISTICS
  Objective sense = Min
  # Variables = 572
  # Bin-Int Variables = 0
  # Constraints = 621
  # NL Constraints = 261
  # Linear Constraints = 360
  # Detected convex constraints = 0
  # Detected nonlinear terms = 261
  # Variables involved in nonlinear terms = 124
  # Potential variables for partitioning = 124
SUB-SOLVERS USED BY ALPINE
  NLP local solver = Knitro
  MIP solver = Gurobi
ALPINE CONFIGURATION
  Maximum iterations (lower-bounding MIPs) =  1
  Relative global optimality gap = 0.01%
  Potential variables chosen for partitioning = All
  Discretization ratio = 10
  Bound-tightening presolve = false
PRESOLVE 
  Doing local search

Feasible solution found during presolve: [1.2955741748094105, 0.0, 0.0, 0.7044258251905896, 0.0, 0.0, 0.0, 0.0, 0.0, 0.0, 0.0, 0.0, 0.0, 0.0, 0.0, 0.0, 1.834036128427975, 0.0, 0.08408272543145096, 1.081881146140574, 0.0, 0.0, 0.0, 0.0, 0.0, 0.0, 0.0, 0.0, 0.0, 1.268831551265656, 0.7950983194327034, 0.0, 0.0, 0.0, 0.0, 3.6492873025937693, 2.2867828267078707, 0.0, 0.0, 0.0, 0.0, 0.0, 0.0, 0.0, 0.0, 0.0, 0.0, 0.0, 0.0, 1.531530749887319, 2.2852113836762182, 0.1659638715720251, 0.0, 0.0, 0.0, 0.0, 0.0, 0.0, 0.0, 1.76691589831606, 1.0, 0.0, 0.0, 0.0, 0.0, 0.0, 0.0, 0.0, 0.0, 0.0, 0.0, 0.03306404646924004, 0.09919213940772006, 0.0, 0.7500000000000001, 2.25, 0.0, 0.5068949226342647, 1.5206847679027942, 0.0, 0.0, 0.0, 0.0, 0.0, 0.0, 0.0, 0.0, 0.0, 0.0, 0.0, 0.0, 0.0, 0.7100410308964952, 2.130123092689485, 0.0, 0.0, 0.0, 0.0, 0.0, 0.0, 0.0, 1.204248945255248, 0.8560356971281031, 0.6942065063003494, 0.1073351698333705, 0.07629878962874867, 0.061874891854179985, 0.0, 0.0, 0.0, 0.0, 0.0, 0.0, 0.0, 0.0, 0.0, 0.0, 0.0, 4.001893361639456, 2.5550039351273286, 0.0, 0.0, 0.0, 0.8807737664399123, 0.5623289367933036, 0.0, 0.0, 0.0, 0.0, 0.0, 0.0, 0.0, 0.0, 0.0, 0.0, 0.0, 0.0, 0.0, 0.0, 0.0, 0.0, 0.0, 0.0, 0.0, 0.0, 0.0, 0.0, 0.5194274400268094, 0.0, 0.0, 0.0, 0.0, 0.0, 0.6482802063086276, 0.3241401031543138, 0.0, 0.0, 1.3517197936913725, 0.6758598968456863, 0.0, 0.0, 0.0, 0.0, 0.0, 0.0, 0.0, 0.0, 0.0, 0.0, 0.0, 0.0, 0.0, 0.0, 2.0, 0.0, 0.0, 0.0, 0.40254425559685036, 0.0, 0.0, 0.0, 0.0, 0.0, 0.0, 0.0, 0.0, 0.0, 0.0, 0.0, 0.0, 0.0, 0.0, 0.0, 0.0, 1.5974557444031496, 1.0, 0.40254425559685003, 0.0, 0.0, 0.0, 0.0, 0.0, 0.0, 0.0, 0.0, 0.0, 1.5622793656486882, 0.781139682824344, 0.0, 0.4377206343513119, 0.21886031717565593, 0.0, 0.0, 0.0, 0.0, 0.0, 0.0, 0.0, 0.0, 0.0, 0.0, 0.0, 0.0, 0.0, 0.0, 0.2273750944720212, 0.8579305078123762, 0.0, 0.0, 0.0, 0.0, 0.0, 0.0, 0.0, 0.0, 0.0, 0.0, 0.0, 0.0, 0.0, 0.0, 0.0, 0.0, 0.0, 0.0, 0.0, 0.0, 0.0, 0.0, 0.17265506759539684, 0.2171633511521441, 0.0, 0.08632753379769838, 0.0, 0.0, 0.0, 0.0, 1.8273449324046032, 2.2984112471104314, 0.0, 0.9136724662023016, 0.0, 0.0, 0.0, 2.343419048473032, 2.0639298706983595, 1.0853056022843974, 0.0, 0.0, 0.13225618587696011, 0.6565809515269678, 0.0, 3.0, 0.0, 0.0, 3.0, 0.0, 0.0, 0.0, 6.556897296766785, 0.0, 0.0, 0.0, 3.0, 0.9724203094629413, 2.027579690537059, 0.0, 1.443102703233216, 0.0, 2.40254425559685, 0.5194274400268094, 1.2955741748094105, 0.0, 0.0, 0.0, 0.0, 0.0, 0.0, 0.0, 0.7044258251905896, 0.4761459525452393, 0.0, 0.0, 2.7669158983160598, 0.0, 0.0, 2.027579690537059, 0.0, 2.7544911486837007, 0.0, 0.0, 0.0, 0.0, 0.0, 0.0, 3.9827060051355625, 0.0, 0.0, 5.9360701293016405, 0.0, 0.0, 0.0, 0.0, 0.0, 0.24550885131629915, 0.0, 0.0, 0.0, 2.84016412358598, 0.0, 0.0, 5.039428645717336, 2.0, 2.5155745982625755, 0.0, 1.0, 0.2273750944720212, 0.8579305078123762, 0.0, 0.0, 2.0, 1.0, 0.0, 1.5974557444031496, 1.0, 0.40254425559685003, 2.0, 0.0, 0.0, 0.0, 0.40254425559685036, 0.0, 0.0, 2.0, 1.0, 0.5194274400268094, 0.0, 0.0, 4.882667128079368, 3.117332871920632, 0.0, 0.0, 1.3115841150886187, 0.9323344867568518, 0.7560813981545293, 2.0, 6.0, 0.0, 1.76691589831606, 1.0, 0.0, 0.0, 1.531530749887319, 2.2852113836762182, 0.1659638715720251, 0.0, 4.918118853859426, 3.081881146140574, 1.834036128427975, 0.0, 0.08408272543145096, 1.081881146140574, 2.0, 0.0, 0.0, 0.0, 0.0, 1.44098681941711, 0.0, 0.0, 0.0, 1.7726249055279788, 0.0, 0.0, 0.0, 0.0, 0.0, 0.0, 0.0, 0.0, 0.0, 0.0, 0.0, 0.21607039277036294, 0.0, 0.0, 0.0, 0.0, 0.0, 0.0, 0.0, 0.0, 2.0, 0.0, 0.0, 0.0, 0.0, 0.0, 0.0, 0.0, 0.0, 0.0, 0.0, 0.0, 0.0, 0.0, 0.0, 0.0, 0.5590131805828912, 0.0, 0.0, 0.0, 0.0, 0.0, 0.0, 0.0, 0.0, 0.0, 0.0, 0.0, 0.5974557444031497, 0.0, 1.117332871920632, 0.06766551324314822, 1.4805725599731905, 0.0, 0.0, 0.0, 0.0, 6.0, 0.0, 0.0, 0.0, 0.0, 0.783929607229637, 0.0, 0.0, 0.0, 0.0, 0.0, 0.0, 0.1420694921876238, 0.4684692501126809, 0.0, 0.0, 0.0, 0.0, 0.0, 0.0, 0.0, 0.0, 0.0, 0.23308410168393995, 0.0, 0.0, 0.0, 0.0, 0.0, 0.0, 0.0, 0.0, 0.0, 0.0, 0.0, 0.0, 0.0, 0.0, 0.0, 0.0, 0.0, 0.6884158849113813, 0.0, 0.0, 0.0, 0.0, 0.0, 0.0, 0.0, 5.15983587641402, 0.0, 0.0, 0.0, 0.0, 0.0, 0.7811396828243441, 0.25799123383729494, 1.0, 0.0, 0.0, 0.016532023234620014, 0.21886031717565596, 0.0, 1.0, 0.0, 0.0, 0.37500000000000006, 0.0, 0.0, 0.0, 0.8196121620958481, 0.0, 0.0, 0.0, 1.0, 0.3241401031543138, 0.25344746131713236, 0.0, 0.180387837904152, 0.0, 1.0, 1.0, 0.6477870874047053, 0.0, 0.0, 0.0, 0.0, 0.0, 0.0, 0.0, 0.3522129125952948, 0.08632753379769842, 0.0, 0.0, 1.0, 0.0, 0.0, 0.6758598968456863, 0.0, 0.9181637162279003, 0.0, 0.0, 0.0, 0.0, 0.0, 0.0, 1.0, 0.0, 0.0, 0.7420087661627051, 0.0, 0.0, 0.0, 0.0, 0.0, 0.08183628377209973, 0.0, 0.0, 0.0, 0.3550205154482475, 0.0, 0.0, 0.9136724662023016]  :with objective: -632.1154745648063

  Local solver returns a feasible point with value -632.1155
disc:  333  :[0.0, 1.8, 2.0]
disc:  334  :[0.0, 1.9155745982625754, 3.1155745982625755, 6.0]
disc:  335  :[0.0, 0.1, 1.0]
disc:  336  :[0.0, 0.9, 1.0]
disc:  337  :[0.0, 0.02737509447202119, 0.4273750944720212, 2.0]
disc:  338  :[0.0, 0.7579305078123763, 0.9579305078123762, 1.0]
disc:  339  :[0.0, 0.2, 2.0]
disc:  340  :[0.0, 0.2, 2.0]
disc:  341  :[0.0, 1.8, 2.0]
disc:  342  :[0.0, 0.9, 1.0]
disc:  343  :[0.0, 0.2, 2.0]
disc:  344  :[0.0, 1.3974557444031497, 1.7974557444031496, 2.0]
disc:  345  :[0.0, 0.9, 1.0]
disc:  346  :[0.0, 0.10254425559685004, 0.70254425559685, 3.0]
disc:  347  :[0.0, 1.8, 2.0]
disc:  348  :[0.0, 0.6, 6.0]
disc:  349  :[0.0, 0.2, 2.0]
disc:  350  :[0.0, 0.1, 1.0]
disc:  351  :[0.0, 0.20254425559685035, 0.6025442555968503, 2.0]
disc:  352  :[0.0, 0.6, 6.0]
disc:  353  :[0.0, 0.1, 1.0]
disc:  354  :[0.0, 1.8, 2.0]
disc:  355  :[0.0, 0.9, 1.0]
disc:  356  :[0.0, 0.3194274400268094, 0.7194274400268095, 2.0]
disc:  357  :[0.0, 0.1, 1.0]
disc:  358  :[0.0, 0.2, 2.0]
disc:  359  :[0.0, 4.2826671280793684, 5.482667128079368, 6.0]
disc:  360  :[0.0, 2.517332871920632, 3.717332871920632, 6.0]
disc:  361  :[0.0, 0.2, 2.0]
disc:  362  :[0.0, 0.1, 1.0]
disc:  363  :[0.0, 1.1115841150886188, 1.5115841150886187, 2.0]
disc:  364  :[0.0, 0.8323344867568518, 1.0]
disc:  365  :[0.0, 0.45608139815452936, 1.0560813981545294, 3.0]
disc:  366  :[0.0, 1.8, 2.0]
disc:  367  :[0.0, 5.4, 6.0]
disc:  368  :[0.0, 0.2, 2.0]
disc:  369  :[0.0, 1.56691589831606, 1.96691589831606, 2.0]
disc:  370  :[0.0, 0.9, 1.0]
disc:  371  :[0.0, 0.2, 2.0]
disc:  372  :[0.0, 0.2, 2.0]
disc:  373  :[0.0, 1.331530749887319, 1.731530749887319, 2.0]
disc:  374  :[0.0, 1.6852113836762181, 2.8852113836762183, 6.0]
disc:  375  :[0.0, 0.36596387157202515, 2.0]
disc:  376  :[0.0, 0.2, 2.0]
disc:  377  :[0.0, 4.318118853859426, 5.518118853859425, 6.0]
disc:  378  :[0.0, 2.481881146140574, 3.681881146140574, 6.0]
disc:  379  :[0.0, 1.634036128427975, 2.0]
disc:  380  :[0.0, 0.1, 1.0]
disc:  381  :[0.0, 0.38408272543145094, 3.0]
disc:  382  :[0.0, 0.7818811461405739, 1.381881146140574, 3.0]
disc:  383  :[0.0, 1.8, 2.0]
disc:  384  :[0.0, 0.6, 6.0]
disc:  385  :[0.0, 0.2, 2.0]
disc:  502  :[0.0, 0.1, 1.0]
disc:  503  :[0.0, 0.1, 1.0]
disc:  504  :[0.0, 0.1, 1.0]
disc:  505  :[0.0, 0.6811396828243441, 0.8811396828243441, 1.0]
disc:  506  :[0.0, 0.15799123383729494, 0.3579912338372949, 1.0]
disc:  507  :[0.0, 0.9, 1.0]
disc:  508  :[0.0, 0.1, 1.0]
disc:  509  :[0.0, 0.1, 1.0]
disc:  510  :[0.0, 0.11653202323462002, 1.0]
disc:  511  :[0.0, 0.11886031717565596, 0.318860317175656, 1.0]
disc:  512  :[0.0, 0.1, 1.0]
disc:  513  :[0.0, 0.9, 1.0]
disc:  514  :[0.0, 0.1, 1.0]
disc:  515  :[0.0, 0.1, 1.0]
disc:  516  :[0.0, 0.275, 0.4750000000000001, 1.0]
disc:  517  :[0.0, 0.1, 1.0]
disc:  518  :[0.0, 0.1, 1.0]
disc:  519  :[0.0, 0.1, 1.0]
disc:  520  :[0.0, 0.7196121620958481, 0.9196121620958481, 1.0]
disc:  521  :[0.0, 0.1, 1.0]
disc:  522  :[0.0, 0.1, 1.0]
disc:  523  :[0.0, 0.1, 1.0]
disc:  524  :[0.0, 0.9, 1.0]
disc:  525  :[0.0, 0.2241401031543138, 0.42414010315431383, 1.0]
disc:  526  :[0.0, 0.15344746131713236, 0.35344746131713234, 1.0]
disc:  527  :[0.0, 0.1, 1.0]
disc:  528  :[0.0, 0.08038783790415199, 0.280387837904152, 1.0]
disc:  529  :[0.0, 0.1, 1.0]
disc:  530  :[0.0, 0.9, 1.0]
disc:  531  :[0.0, 0.9, 1.0]
disc:  532  :[0.0, 0.5477870874047053, 0.7477870874047052, 1.0]
disc:  533  :[0.0, 0.1, 1.0]
disc:  534  :[0.0, 0.1, 1.0]
disc:  535  :[0.0, 0.1, 1.0]
disc:  536  :[0.0, 0.1, 1.0]
disc:  537  :[0.0, 0.1, 1.0]
disc:  538  :[0.0, 0.1, 1.0]
disc:  539  :[0.0, 0.1, 1.0]
disc:  540  :[0.0, 0.25221291259529477, 0.45221291259529484, 1.0]
disc:  541  :[0.0, 0.18632753379769842, 1.0]
disc:  542  :[0.0, 0.1, 1.0]
disc:  543  :[0.0, 0.1, 1.0]
disc:  544  :[0.0, 0.9, 1.0]
disc:  545  :[0.0, 0.1, 1.0]
disc:  546  :[0.0, 0.1, 1.0]
disc:  547  :[0.0, 0.5758598968456863, 0.7758598968456862, 1.0]
disc:  548  :[0.0, 0.1, 1.0]
disc:  549  :[0.0, 0.8181637162279003, 1.0]
disc:  550  :[0.0, 0.1, 1.0]
disc:  551  :[0.0, 0.1, 1.0]
disc:  552  :[0.0, 0.1, 1.0]
disc:  553  :[0.0, 0.1, 1.0]
disc:  554  :[0.0, 0.1, 1.0]
disc:  555  :[0.0, 0.1, 1.0]
disc:  556  :[0.0, 0.9, 1.0]
disc:  557  :[0.0, 0.1, 1.0]
disc:  558  :[0.0, 0.1, 1.0]
disc:  559  :[0.0, 0.6420087661627051, 0.842008766162705, 1.0]
disc:  560  :[0.0, 0.1, 1.0]
disc:  561  :[0.0, 0.1, 1.0]
disc:  562  :[0.0, 0.1, 1.0]
disc:  563  :[0.0, 0.1, 1.0]
disc:  564  :[0.0, 0.1, 1.0]
disc:  565  :[0.0, 0.18183628377209973, 1.0]
disc:  566  :[0.0, 0.1, 1.0]
disc:  567  :[0.0, 0.1, 1.0]
disc:  568  :[0.0, 0.1, 1.0]
disc:  569  :[0.0, 0.25502051544824744, 0.4550205154482475, 1.0]
disc:  570  :[0.0, 0.1, 1.0]
disc:  571  :[0.0, 0.1, 1.0]
disc:  572  :[0.0, 0.8136724662023016, 1.0]
  Completed presolve in 7.91s
LOWER-BOUNDING ITERATIONS
====================================================================================================
| Iter   | Incumbent       | Best Incumbent      | Lower Bound        | Gap (%)         | Time      
| finish | -632.1155       | -632.1155           | -634.8734          | 0.436           | 23.8s            
Final UBD: -632.1154745648063
Final LBD: -634.8734302029168
====================================================================================================

*** Alpine ended with status OTHER_LIMIT ***

 Total time for local solves: 5.51s

 Total time for solving max-min problems: 0.0s

 Total time excluding max-min time: 23.8s

presolve objective value: -632.1154745648063
w_opt: 1-dimensional DenseAxisArray{Float64,1,...} with index sets:
    Dimension 1, [(25, 1, 2), (25, 1, 1), (25, 1, 14), (20, 1, 2), (20, 1, 1), (20, 1, 14), (1, 1, 2), (1, 1, 1), (1, 1, 14), (2, 1, 2)  …  (20, 15, 23), (20, 15, 3), (8, 15, 30), (8, 15, 29), (8, 15, 23), (8, 15, 3), (2, 15, 30), (2, 15, 29), (2, 15, 23), (2, 15, 3)]
And data, a 261-element Vector{Float64}:
 1.2955741748094105
 0.0
 0.0
 0.7044258251905896
 0.0
 0.0
 0.0
 0.0
 0.0
 0.0
 0.0
 0.0
 0.0
 0.0
 0.0
 0.0
 1.834036128427975
 0.0
 0.08408272543145096
 1.081881146140574
 0.0
 0.0
 0.0
 0.0
 0.0
 0.0
 0.0
 0.0
 0.0
 1.268831551265656
 0.7950983194327034
 0.0
 0.0
 0.0
 0.0
 3.6492873025937693
 2.2867828267078707
 0.0
 0.0
 0.0
 0.0
 0.0
 0.0
 0.0
 0.0
 0.0
 0.0
 0.0
 0.0
 1.531530749887319
 2.2852113836762182
 0.1659638715720251
 0.0
 0.0
 0.0
 0.0
 0.0
 0.0
 0.0
 1.76691589831606
 1.0
 0.0
 0.0
 0.0
 0.0
 0.0
 0.0
 0.0
 0.0
 0.0
 0.0
 0.03306404646924004
 0.09919213940772006
 0.0
 0.7500000000000001
 2.25
 0.0
 0.5068949226342647
 1.5206847679027942
 0.0
 0.0
 0.0
 0.0
 0.0
 0.0
 0.0
 0.0
 0.0
 0.0
 0.0
 0.0
 0.0
 0.7100410308964952
 2.130123092689485
 0.0
 0.0
 0.0
 0.0
 0.0
 0.0
 0.0
 1.204248945255248
 0.8560356971281031
 0.6942065063003494
 0.1073351698333705
 0.07629878962874867
 0.061874891854179985
 0.0
 0.0
 0.0
 0.0
 0.0
 0.0
 0.0
 0.0
 0.0
 0.0
 0.0
 4.001893361639456
 2.5550039351273286
 0.0
 0.0
 0.0
 0.8807737664399123
 0.5623289367933036
 0.0
 0.0
 0.0
 0.0
 0.0
 0.0
 0.0
 0.0
 0.0
 0.0
 0.0
 0.0
 0.0
 0.0
 0.0
 0.0
 0.0
 0.0
 0.0
 0.0
 0.0
 0.0
 0.5194274400268094
 0.0
 0.0
 0.0
 0.0
 0.0
 0.6482802063086276
 0.3241401031543138
 0.0
 0.0
 1.3517197936913725
 0.6758598968456863
 0.0
 0.0
 0.0
 0.0
 0.0
 0.0
 0.0
 0.0
 0.0
 0.0
 0.0
 0.0
 0.0
 0.0
 2.0
 0.0
 0.0
 0.0
 0.40254425559685036
 0.0
 0.0
 0.0
 0.0
 0.0
 0.0
 0.0
 0.0
 0.0
 0.0
 0.0
 0.0
 0.0
 0.0
 0.0
 0.0
 1.5974557444031496
 1.0
 0.40254425559685003
 0.0
 0.0
 0.0
 0.0
 0.0
 0.0
 0.0
 0.0
 0.0
 1.5622793656486882
 0.781139682824344
 0.0
 0.4377206343513119
 0.21886031717565593
 0.0
 0.0
 0.0
 0.0
 0.0
 0.0
 0.0
 0.0
 0.0
 0.0
 0.0
 0.0
 0.0
 0.0
 0.2273750944720212
 0.8579305078123762
 0.0
 0.0
 0.0
 0.0
 0.0
 0.0
 0.0
 0.0
 0.0
 0.0
 0.0
 0.0
 0.0
 0.0
 0.0
 0.0
 0.0
 0.0
 0.0
 0.0
 0.0
 0.0
 0.17265506759539684
 0.2171633511521441
 0.0
 0.08632753379769838
 0.0
 0.0
 0.0
 0.0
 1.8273449324046032
 2.2984112471104314
 0.0
 0.9136724662023016
x_ij_opt: 1-dimensional DenseAxisArray{Float64,1,...} with index sets:
    Dimension 1, [(43, 30), (43, 22), (43, 6), (44, 22), (45, 30), (45, 29), (45, 28), (45, 24), (45, 23), (40, 29)  …  (5, 7), (5, 14), (6, 4), (6, 3), (1, 14), (1, 10), (1, 23), (1, 1), (3, 2), (3, 1)]
And data, a 116-element Vector{Float64}:
 0.0
 0.0
 1.44098681941711
 0.0
 0.0
 0.0
 1.7726249055279788
 0.0
 0.0
 0.0
 0.0
 0.0
 0.0
 0.0
 0.0
 0.0
 0.0
 0.0
 0.21607039277036294
 0.0
 0.0
 0.0
 0.0
 0.0
 0.0
 0.0
 0.0
 2.0
 0.0
 0.0
 0.0
 0.0
 0.0
 0.0
 0.0
 0.0
 0.0
 0.0
 0.0
 0.0
 0.0
 0.0
 0.0
 0.5590131805828912
 0.0
 0.0
 0.0
 0.0
 0.0
 0.0
 0.0
 0.0
 0.0
 0.0
 0.0
 0.5974557444031497
 0.0
 1.117332871920632
 0.06766551324314822
 1.4805725599731905
 0.0
 0.0
 0.0
 0.0
 6.0
 0.0
 0.0
 0.0
 0.0
 0.783929607229637
 0.0
 0.0
 0.0
 0.0
 0.0
 0.0
 0.1420694921876238
 0.4684692501126809
 0.0
 0.0
 0.0
 0.0
 0.0
 0.0
 0.0
 0.0
 0.0
 0.23308410168393995
 0.0
 0.0
 0.0
 0.0
 0.0
 0.0
 0.0
 0.0
 0.0
 0.0
 0.0
 0.0
 0.0
 0.0
 0.0
 0.0
 0.0
 0.6884158849113813
 0.0
 0.0
 0.0
 0.0
 0.0
 0.0
 0.0
 5.15983587641402
 0.0
 0.0
x_il_opt: 1-dimensional DenseAxisArray{Float64,1,...} with index sets:
    Dimension 1, [(43, 15), (43, 14), (44, 15), (44, 13), (44, 3), (40, 14), (40, 2), (41, 14), (42, 6), (37, 13)  …  (4, 13), (5, 2), (5, 7), (5, 9), (6, 11), (1, 1), (1, 6), (1, 3), (2, 1), (2, 15)]
And data, a 71-element Vector{Float64}:
 0.0
 0.0
 0.0
 2.343419048473032
 2.0639298706983595
 1.0853056022843974
 0.0
 0.0
 0.13225618587696011
 0.6565809515269678
 0.0
 3.0
 0.0
 0.0
 3.0
 0.0
 0.0
 0.0
 6.556897296766785
 0.0
 0.0
 0.0
 3.0
 0.9724203094629413
 2.027579690537059
 0.0
 1.443102703233216
 0.0
 2.40254425559685
 0.5194274400268094
 1.2955741748094105
 0.0
 0.0
 0.0
 0.0
 0.0
 0.0
 0.0
 0.7044258251905896
 0.4761459525452393
 0.0
 0.0
 2.7669158983160598
 0.0
 0.0
 2.027579690537059
 0.0
 2.7544911486837007
 0.0
 0.0
 0.0
 0.0
 0.0
 0.0
 3.9827060051355625
 0.0
 0.0
 5.9360701293016405
 0.0
 0.0
 0.0
 0.0
 0.0
 0.24550885131629915
 0.0
 0.0
 0.0
 2.84016412358598
 0.0
 0.0
 5.039428645717336
x_lj_opt: 1-dimensional DenseAxisArray{Float64,1,...} with index sets:
    Dimension 1, [(15, 30), (15, 29), (15, 23), (15, 3), (14, 28), (14, 27), (14, 10), (14, 24), (13, 26), (13, 25)  …  (3, 6), (3, 5), (3, 29), (2, 4), (2, 3), (2, 1), (2, 5), (1, 2), (1, 1), (1, 14)]
And data, a 53-element Vector{Float64}:
 2.0
 2.5155745982625755
 0.0
 1.0
 0.2273750944720212
 0.8579305078123762
 0.0
 0.0
 2.0
 1.0
 0.0
 1.5974557444031496
 1.0
 0.40254425559685003
 2.0
 0.0
 0.0
 0.0
 0.40254425559685036
 0.0
 0.0
 2.0
 1.0
 0.5194274400268094
 0.0
 0.0
 4.882667128079368
 3.117332871920632
 0.0
 0.0
 1.3115841150886187
 0.9323344867568518
 0.7560813981545293
 2.0
 6.0
 0.0
 1.76691589831606
 1.0
 0.0
 0.0
 1.531530749887319
 2.2852113836762182
 0.1659638715720251
 0.0
 4.918118853859426
 3.081881146140574
 1.834036128427975
 0.0
 0.08408272543145096
 1.081881146140574
 2.0
 0.0
 0.0
q_opt: 1-dimensional DenseAxisArray{Float64,1,...} with index sets:
    Dimension 1, [(43, 15), (43, 14), (44, 15), (44, 13), (44, 3), (40, 14), (40, 2), (41, 14), (42, 6), (37, 13)  …  (4, 13), (5, 2), (5, 7), (5, 9), (6, 11), (1, 1), (1, 6), (1, 3), (2, 1), (2, 15)]
And data, a 71-element Vector{Float64}:
 0.0
 0.0
 0.0
 0.7811396828243441
 0.25799123383729494
 1.0
 0.0
 0.0
 0.016532023234620014
 0.21886031717565596
 0.0
 1.0
 0.0
 0.0
 0.37500000000000006
 0.0
 0.0
 0.0
 0.8196121620958481
 0.0
 0.0
 0.0
 1.0
 0.3241401031543138
 0.25344746131713236
 0.0
 0.180387837904152
 0.0
 1.0
 1.0
 0.6477870874047053
 0.0
 0.0
 0.0
 0.0
 0.0
 0.0
 0.0
 0.3522129125952948
 0.08632753379769842
 0.0
 0.0
 1.0
 0.0
 0.0
 0.6758598968456863
 0.0
 0.9181637162279003
 0.0
 0.0
 0.0
 0.0
 0.0
 0.0
 1.0
 0.0
 0.0
 0.7420087661627051
 0.0
 0.0
 0.0
 0.0
 0.0
 0.08183628377209973
 0.0
 0.0
 0.0
 0.3550205154482475
 0.0
 0.0
 0.9136724662023016
