
PROBLEM STATISTICS
  Objective sense = Min
  # Variables = 572
  # Bin-Int Variables = 0
  # Constraints = 621
  # NL Constraints = 261
  # Linear Constraints = 360
  # Detected convex constraints = 0
  # Detected nonlinear terms = 261
  # Variables involved in nonlinear terms = 124
  # Potential variables for partitioning = 124
SUB-SOLVERS USED BY ALPINE
  NLP local solver = Knitro
  MIP solver = Gurobi
ALPINE CONFIGURATION
  Maximum iterations (lower-bounding MIPs) =  1
  Relative global optimality gap = 0.01%
  Potential variables chosen for partitioning = All
  Discretization ratio = 10
  Bound-tightening presolve = false
PRESOLVE 
  Doing local search

Feasible solution found during presolve: [1.472175783865059, 0.0, 0.0, 0.5278242161349411, 0.0, 0.0, 0.0, 0.0, 0.0, 0.0, 0.0, 0.0, 0.0, 0.0, 0.0, 0.0, 2.0, 0.0, 0.0, 0.9999999999999999, 0.0, 0.0, 0.0, 0.0, 0.0, 0.0, 0.0, 0.0, 0.0, 1.1424942824641207, 0.6854965694784725, 0.0, 0.0, 0.0, 0.0, 3.8575057175358793, 2.3145034305215284, 0.0, 0.0, 0.0, 0.0, 0.0, 0.0, 0.0, 0.0, 0.0, 0.0, 0.0, 0.0, 1.0723318161502895, 0.0, 0.0, 0.0, 0.0, 0.0, 0.0, 0.0, 0.0, 0.0, 2.0, 1.0, 0.0, 0.0, 0.0, 0.0, 0.0, 0.0, 0.0, 0.0, 0.0, 0.0, 0.21645398755253129, 0.6493619626575938, 0.0, 0.7499999999999999, 2.25, 0.0, 0.5393792722949065, 1.6181378168847194, 0.0, 0.0, 0.0, 0.0, 0.0, 0.0, 0.0, 0.0, 0.0, 0.0, 0.0, 0.0, 0.0, 0.49416674015256223, 1.4825002204576867, 0.0, 0.0, 0.0, 0.0, 0.0, 0.0, 0.0, 1.8872430952935295, 0.8320570080967927, 0.13887011818881384, 0.0, 0.0, 0.0, 0.0, 0.0, 0.0, 0.0, 0.0, 0.0, 0.0, 0.0, 0.0, 0.0, 0.0, 2.900074234855166, 2.0999257651448335, 0.0, 0.0, 0.0, 1.7400445409130998, 1.2599554590869, 0.0, 0.0, 0.0, 0.0, 0.0, 0.0, 0.0, 0.0, 0.0, 0.0, 0.0, 0.0, 0.0, 0.0, 0.0, 0.0, 0.0, 0.0, 0.0, 0.0, 0.0, 0.0, 0.0, 0.0, 0.0, 0.0, 0.23268309801940068, 0.0, 0.5616552738802494, 0.2808276369401247, 0.0, 0.0, 1.4383447261197506, 0.7191723630598753, 0.0, 0.0, 0.0, 0.0, 0.0, 0.0, 0.0, 0.0, 0.0, 0.0, 0.0, 0.0, 0.0, 0.0, 1.5188581704643296, 0.0, 0.0, 0.0, 0.4562434858913698, 0.0, 0.0, 0.0, 0.0, 0.0, 0.0, 0.0, 0.0, 0.0, 0.0, 0.0, 0.0, 0.0, 0.0, 0.0, 0.0, 1.5437565141086302, 0.9505537471279045, 0.5056897387634655, 0.0, 0.0, 0.0, 0.0, 0.0, 0.0, 0.0, 0.0, 0.0, 1.482058877764174, 0.741029438882087, 0.0, 0.5179411222358259, 0.25897056111791295, 0.0, 0.0, 0.0, 0.0, 0.0, 0.0, 0.0, 0.0, 0.0, 0.0, 0.0, 0.0, 0.0, 0.0, 0.44618759125852175, 0.657927251467689, 0.0, 0.0, 0.0, 0.0, 0.0, 0.0, 0.0, 0.0, 0.0, 0.0, 0.0, 0.0, 0.0, 0.0, 0.0, 0.0, 0.0, 0.0, 0.0, 0.0, 0.0, 0.0, 0.0, 0.0, 0.0, 0.0, 0.0, 0.0, 0.0, 0.0, 2.0, 2.4943102612365338, 0.0, 1.0, 0.0, 0.0, 0.0, 2.223088316646261, 1.8279908519425934, 1.1041148427262109, 0.0, 0.0, 0.8658159502101251, 0.776911683353739, 0.0, 3.0, 0.0, 0.0, 3.0, 0.0, 0.0, 0.0, 5.0, 0.0, 0.0, 0.0, 3.0, 0.8424829108203741, 2.157517089179626, 0.0, 3.0, 0.0, 1.9751016563556993, 0.0, 1.472175783865059, 0.0, 0.0, 0.0, 0.0, 0.0, 0.0, 0.0, 0.5278242161349411, 0.0, 0.0, 0.0, 3.0, 0.0, 0.0, 2.157517089179626, 0.0, 2.858170221579136, 0.0, 0.0, 0.0, 0.0, 0.0, 0.0, 1.0723318161502895, 0.0, 0.0, 6.172009148057408, 0.0, 0.0, 0.0, 0.0, 0.0, 0.0, 0.23268309801940068, 0.0, 0.0, 1.976666960610249, 0.0, 0.0, 5.494310261236533, 2.0, 2.4943102612365338, 0.0, 1.0, 0.44618759125852175, 0.657927251467689, 0.0, 0.0, 2.0, 1.0, 0.0, 1.5437565141086302, 0.9505537471279045, 0.5056897387634655, 1.5188581704643296, 0.0, 0.0, 0.0, 0.4562434858913698, 0.0, 0.0, 2.0, 1.0, 0.23268309801940068, 0.0, 0.0, 4.640118775768266, 3.3598812242317333, 0.0, 0.0, 1.8872430952935297, 0.8320570080967928, 0.13887011818881387, 2.0, 6.0, 0.0, 2.0, 1.0, 0.0, 0.0, 1.0723318161502895, 0.0, 0.0, 0.0, 5.0, 3.000000000000001, 2.0, 0.0, 0.0, 0.9999999999999999, 2.0, 0.0, 0.0, 0.0, 0.4811418295356703, 1.5669015571833642, 0.0, 0.0, 0.0, 1.5538124087414784, 0.0, 0.0, 0.0, 0.0, 0.0, 0.0, 0.0, 0.0, 0.0, 0.0, 0.0, 0.25171431946733985, 0.0, 0.0, 0.0, 0.0, 0.0, 0.0, 0.0, 0.0, 2.0, 0.0, 0.0, 0.0, 0.0, 0.0, 0.0, 0.0, 0.0, 0.0, 0.0, 0.0, 0.0, 0.0, 0.0, 0.0, 0.43309844281663584, 0.0, 0.0, 0.0, 0.0, 0.0, 0.0, 0.0, 0.0, 0.0, 0.0, 0.0, 1.0248983436443004, 0.0, 1.3598812242317337, 0.1679429919032072, 1.7673169019805994, 0.0, 0.0, 0.0, 0.0, 6.0, 0.0, 0.0, 0.0, 0.0, 0.7482856805326601, 0.0, 0.0, 0.0, 0.0, 0.0, 0.0, 0.34207274853231107, 0.9276681838497107, 0.0, 0.0, 0.0, 0.0, 0.0, 0.0, 0.0, 0.0, 0.0, 0.0, 0.0, 0.0, 0.0, 0.0, 0.0, 0.0, 0.0, 0.0, 0.0, 0.0, 0.0, 0.0, 0.0, 0.0, 0.0, 0.0, 0.0, 0.0, 0.0727814530126962, 0.0, 0.0, 0.0, 0.1127569047064703, 0.0, 0.049446252872095496, 5.861129881811186, 0.0, 0.0, 0.0, 0.0, 0.0, 0.741029438882087, 0.22849885649282417, 1.0, 0.0, 0.0, 0.10822699377626564, 0.25897056111791295, 0.0, 1.0, 0.0, 0.0, 0.375, 0.0, 0.0, 0.0, 0.625, 0.0, 0.0, 0.0, 1.0, 0.2808276369401247, 0.2696896361474532, 0.0, 0.375, 0.0, 1.0, 0.0, 0.7360878919325295, 0.0, 0.0, 0.0, 0.0, 0.0, 0.0, 0.0, 0.26391210806747056, 0.0, 0.0, 0.0, 1.0, 0.0, 0.0, 0.7191723630598753, 0.0, 1.0, 0.0, 0.0, 0.0, 0.0, 0.0, 0.0, 1.0, 0.0, 0.0, 0.7715011435071759, 0.0, 0.0, 0.0, 0.0, 0.0, 0.0, 1.0, 0.0, 0.0, 0.24708337007628112, 0.0, 0.0, 1.0]  :with objective: -631.4524077440907

  Local solver returns a feasible point with value -631.4524
disc:  333  :[0.0, 1.8, 2.0]
disc:  334  :[0.0, 1.8943102612365337, 3.094310261236534, 6.0]
disc:  335  :[0.0, 0.1, 1.0]
disc:  336  :[0.0, 0.9, 1.0]
disc:  337  :[0.0, 0.24618759125852174, 0.6461875912585218, 2.0]
disc:  338  :[0.0, 0.5579272514676891, 0.757927251467689, 1.0]
disc:  339  :[0.0, 0.2, 2.0]
disc:  340  :[0.0, 0.2, 2.0]
disc:  341  :[0.0, 1.8, 2.0]
disc:  342  :[0.0, 0.9, 1.0]
disc:  343  :[0.0, 0.2, 2.0]
disc:  344  :[0.0, 1.3437565141086303, 1.7437565141086302, 2.0]
disc:  345  :[0.0, 0.8505537471279045, 1.0]
disc:  346  :[0.0, 0.20568973876346547, 0.8056897387634654, 3.0]
disc:  347  :[0.0, 1.3188581704643296, 1.7188581704643295, 2.0]
disc:  348  :[0.0, 0.6, 6.0]
disc:  349  :[0.0, 0.2, 2.0]
disc:  350  :[0.0, 0.1, 1.0]
disc:  351  :[0.0, 0.2562434858913698, 0.6562434858913698, 2.0]
disc:  352  :[0.0, 0.6, 6.0]
disc:  353  :[0.0, 0.1, 1.0]
disc:  354  :[0.0, 1.8, 2.0]
disc:  355  :[0.0, 0.9, 1.0]
disc:  356  :[0.0, 0.03268309801940067, 0.4326830980194007, 2.0]
disc:  357  :[0.0, 0.1, 1.0]
disc:  358  :[0.0, 0.2, 2.0]
disc:  359  :[0.0, 4.040118775768266, 5.2401187757682655, 6.0]
disc:  360  :[0.0, 2.759881224231733, 3.9598812242317334, 6.0]
disc:  361  :[0.0, 0.2, 2.0]
disc:  362  :[0.0, 0.1, 1.0]
disc:  363  :[0.0, 1.6872430952935298, 2.0]
disc:  364  :[0.0, 0.7320570080967929, 0.9320570080967928, 1.0]
disc:  365  :[0.0, 0.43887011818881383, 3.0]
disc:  366  :[0.0, 1.8, 2.0]
disc:  367  :[0.0, 5.4, 6.0]
disc:  368  :[0.0, 0.2, 2.0]
disc:  369  :[0.0, 1.8, 2.0]
disc:  370  :[0.0, 0.9, 1.0]
disc:  371  :[0.0, 0.2, 2.0]
disc:  372  :[0.0, 0.2, 2.0]
disc:  373  :[0.0, 0.8723318161502895, 1.2723318161502895, 2.0]
disc:  374  :[0.0, 0.6, 6.0]
disc:  375  :[0.0, 0.2, 2.0]
disc:  376  :[0.0, 0.2, 2.0]
disc:  377  :[0.0, 4.4, 5.6, 6.0]
disc:  378  :[0.0, 2.400000000000001, 3.600000000000001, 6.0]
disc:  379  :[0.0, 1.8, 2.0]
disc:  380  :[0.0, 0.1, 1.0]
disc:  381  :[0.0, 0.3, 3.0]
disc:  382  :[0.0, 0.7, 1.2999999999999998, 3.0]
disc:  383  :[0.0, 1.8, 2.0]
disc:  384  :[0.0, 0.6, 6.0]
disc:  385  :[0.0, 0.2, 2.0]
disc:  502  :[0.0, 0.1, 1.0]
disc:  503  :[0.0, 0.1, 1.0]
disc:  504  :[0.0, 0.1, 1.0]
disc:  505  :[0.0, 0.6410294388820871, 0.841029438882087, 1.0]
disc:  506  :[0.0, 0.12849885649282416, 0.3284988564928242, 1.0]
disc:  507  :[0.0, 0.9, 1.0]
disc:  508  :[0.0, 0.1, 1.0]
disc:  509  :[0.0, 0.1, 1.0]
disc:  510  :[0.0, 0.008226993776265637, 0.20822699377626563, 1.0]
disc:  511  :[0.0, 0.15897056111791294, 0.3589705611179129, 1.0]
disc:  512  :[0.0, 0.1, 1.0]
disc:  513  :[0.0, 0.9, 1.0]
disc:  514  :[0.0, 0.1, 1.0]
disc:  515  :[0.0, 0.1, 1.0]
disc:  516  :[0.0, 0.275, 0.475, 1.0]
disc:  517  :[0.0, 0.1, 1.0]
disc:  518  :[0.0, 0.1, 1.0]
disc:  519  :[0.0, 0.1, 1.0]
disc:  520  :[0.0, 0.525, 0.725, 1.0]
disc:  521  :[0.0, 0.1, 1.0]
disc:  522  :[0.0, 0.1, 1.0]
disc:  523  :[0.0, 0.1, 1.0]
disc:  524  :[0.0, 0.9, 1.0]
disc:  525  :[0.0, 0.1808276369401247, 0.38082763694012467, 1.0]
disc:  526  :[0.0, 0.16968963614745322, 0.3696896361474532, 1.0]
disc:  527  :[0.0, 0.1, 1.0]
disc:  528  :[0.0, 0.275, 0.475, 1.0]
disc:  529  :[0.0, 0.1, 1.0]
disc:  530  :[0.0, 0.9, 1.0]
disc:  531  :[0.0, 0.1, 1.0]
disc:  532  :[0.0, 0.6360878919325296, 0.8360878919325295, 1.0]
disc:  533  :[0.0, 0.1, 1.0]
disc:  534  :[0.0, 0.1, 1.0]
disc:  535  :[0.0, 0.1, 1.0]
disc:  536  :[0.0, 0.1, 1.0]
disc:  537  :[0.0, 0.1, 1.0]
disc:  538  :[0.0, 0.1, 1.0]
disc:  539  :[0.0, 0.1, 1.0]
disc:  540  :[0.0, 0.16391210806747056, 0.36391210806747054, 1.0]
disc:  541  :[0.0, 0.1, 1.0]
disc:  542  :[0.0, 0.1, 1.0]
disc:  543  :[0.0, 0.1, 1.0]
disc:  544  :[0.0, 0.9, 1.0]
disc:  545  :[0.0, 0.1, 1.0]
disc:  546  :[0.0, 0.1, 1.0]
disc:  547  :[0.0, 0.6191723630598753, 0.8191723630598753, 1.0]
disc:  548  :[0.0, 0.1, 1.0]
disc:  549  :[0.0, 0.9, 1.0]
disc:  550  :[0.0, 0.1, 1.0]
disc:  551  :[0.0, 0.1, 1.0]
disc:  552  :[0.0, 0.1, 1.0]
disc:  553  :[0.0, 0.1, 1.0]
disc:  554  :[0.0, 0.1, 1.0]
disc:  555  :[0.0, 0.1, 1.0]
disc:  556  :[0.0, 0.9, 1.0]
disc:  557  :[0.0, 0.1, 1.0]
disc:  558  :[0.0, 0.1, 1.0]
disc:  559  :[0.0, 0.6715011435071759, 0.8715011435071759, 1.0]
disc:  560  :[0.0, 0.1, 1.0]
disc:  561  :[0.0, 0.1, 1.0]
disc:  562  :[0.0, 0.1, 1.0]
disc:  563  :[0.0, 0.1, 1.0]
disc:  564  :[0.0, 0.1, 1.0]
disc:  565  :[0.0, 0.1, 1.0]
disc:  566  :[0.0, 0.9, 1.0]
disc:  567  :[0.0, 0.1, 1.0]
disc:  568  :[0.0, 0.1, 1.0]
disc:  569  :[0.0, 0.1470833700762811, 0.3470833700762811, 1.0]
disc:  570  :[0.0, 0.1, 1.0]
disc:  571  :[0.0, 0.1, 1.0]
disc:  572  :[0.0, 0.9, 1.0]
  Completed presolve in 11.81s
LOWER-BOUNDING ITERATIONS
====================================================================================================
| Iter   | Incumbent       | Best Incumbent      | Lower Bound        | Gap (%)         | Time      
| finish | -631.4524       | -631.4524           | -633.3823          | 0.306           | 20.14s           
Final UBD: -631.4524077440907
Final LBD: -633.3822568066537
====================================================================================================

*** Alpine ended with status OTHER_LIMIT ***

 Total time for local solves: 9.6s

 Total time for solving max-min problems: 0.0s

 Total time excluding max-min time: 20.14s

presolve objective value: -631.4524077440907
w_opt: 1-dimensional DenseAxisArray{Float64,1,...} with index sets:
    Dimension 1, [(25, 1, 2), (25, 1, 1), (25, 1, 14), (20, 1, 2), (20, 1, 1), (20, 1, 14), (1, 1, 2), (1, 1, 1), (1, 1, 14), (2, 1, 2)  …  (20, 15, 23), (20, 15, 3), (8, 15, 30), (8, 15, 29), (8, 15, 23), (8, 15, 3), (2, 15, 30), (2, 15, 29), (2, 15, 23), (2, 15, 3)]
And data, a 261-element Vector{Float64}:
 1.472175783865059
 0.0
 0.0
 0.5278242161349411
 0.0
 0.0
 0.0
 0.0
 0.0
 0.0
 0.0
 0.0
 0.0
 0.0
 0.0
 0.0
 2.0
 0.0
 0.0
 0.9999999999999999
 0.0
 0.0
 0.0
 0.0
 0.0
 0.0
 0.0
 0.0
 0.0
 1.1424942824641207
 0.6854965694784725
 0.0
 0.0
 0.0
 0.0
 3.8575057175358793
 2.3145034305215284
 0.0
 0.0
 0.0
 0.0
 0.0
 0.0
 0.0
 0.0
 0.0
 0.0
 0.0
 0.0
 1.0723318161502895
 0.0
 0.0
 0.0
 0.0
 0.0
 0.0
 0.0
 0.0
 0.0
 2.0
 1.0
 0.0
 0.0
 0.0
 0.0
 0.0
 0.0
 0.0
 0.0
 0.0
 0.0
 0.21645398755253129
 0.6493619626575938
 0.0
 0.7499999999999999
 2.25
 0.0
 0.5393792722949065
 1.6181378168847194
 0.0
 0.0
 0.0
 0.0
 0.0
 0.0
 0.0
 0.0
 0.0
 0.0
 0.0
 0.0
 0.0
 0.49416674015256223
 1.4825002204576867
 0.0
 0.0
 0.0
 0.0
 0.0
 0.0
 0.0
 1.8872430952935295
 0.8320570080967927
 0.13887011818881384
 0.0
 0.0
 0.0
 0.0
 0.0
 0.0
 0.0
 0.0
 0.0
 0.0
 0.0
 0.0
 0.0
 0.0
 2.900074234855166
 2.0999257651448335
 0.0
 0.0
 0.0
 1.7400445409130998
 1.2599554590869
 0.0
 0.0
 0.0
 0.0
 0.0
 0.0
 0.0
 0.0
 0.0
 0.0
 0.0
 0.0
 0.0
 0.0
 0.0
 0.0
 0.0
 0.0
 0.0
 0.0
 0.0
 0.0
 0.0
 0.0
 0.0
 0.0
 0.23268309801940068
 0.0
 0.5616552738802494
 0.2808276369401247
 0.0
 0.0
 1.4383447261197506
 0.7191723630598753
 0.0
 0.0
 0.0
 0.0
 0.0
 0.0
 0.0
 0.0
 0.0
 0.0
 0.0
 0.0
 0.0
 0.0
 1.5188581704643296
 0.0
 0.0
 0.0
 0.4562434858913698
 0.0
 0.0
 0.0
 0.0
 0.0
 0.0
 0.0
 0.0
 0.0
 0.0
 0.0
 0.0
 0.0
 0.0
 0.0
 0.0
 1.5437565141086302
 0.9505537471279045
 0.5056897387634655
 0.0
 0.0
 0.0
 0.0
 0.0
 0.0
 0.0
 0.0
 0.0
 1.482058877764174
 0.741029438882087
 0.0
 0.5179411222358259
 0.25897056111791295
 0.0
 0.0
 0.0
 0.0
 0.0
 0.0
 0.0
 0.0
 0.0
 0.0
 0.0
 0.0
 0.0
 0.0
 0.44618759125852175
 0.657927251467689
 0.0
 0.0
 0.0
 0.0
 0.0
 0.0
 0.0
 0.0
 0.0
 0.0
 0.0
 0.0
 0.0
 0.0
 0.0
 0.0
 0.0
 0.0
 0.0
 0.0
 0.0
 0.0
 0.0
 0.0
 0.0
 0.0
 0.0
 0.0
 0.0
 0.0
 2.0
 2.4943102612365338
 0.0
 1.0
x_ij_opt: 1-dimensional DenseAxisArray{Float64,1,...} with index sets:
    Dimension 1, [(43, 30), (43, 22), (43, 6), (44, 22), (45, 30), (45, 29), (45, 28), (45, 24), (45, 23), (40, 29)  …  (5, 7), (5, 14), (6, 4), (6, 3), (1, 14), (1, 10), (1, 23), (1, 1), (3, 2), (3, 1)]
And data, a 116-element Vector{Float64}:
 0.0
 0.4811418295356703
 1.5669015571833642
 0.0
 0.0
 0.0
 1.5538124087414784
 0.0
 0.0
 0.0
 0.0
 0.0
 0.0
 0.0
 0.0
 0.0
 0.0
 0.0
 0.25171431946733985
 0.0
 0.0
 0.0
 0.0
 0.0
 0.0
 0.0
 0.0
 2.0
 0.0
 0.0
 0.0
 0.0
 0.0
 0.0
 0.0
 0.0
 0.0
 0.0
 0.0
 0.0
 0.0
 0.0
 0.0
 0.43309844281663584
 0.0
 0.0
 0.0
 0.0
 0.0
 0.0
 0.0
 0.0
 0.0
 0.0
 0.0
 1.0248983436443004
 0.0
 1.3598812242317337
 0.1679429919032072
 1.7673169019805994
 0.0
 0.0
 0.0
 0.0
 6.0
 0.0
 0.0
 0.0
 0.0
 0.7482856805326601
 0.0
 0.0
 0.0
 0.0
 0.0
 0.0
 0.34207274853231107
 0.9276681838497107
 0.0
 0.0
 0.0
 0.0
 0.0
 0.0
 0.0
 0.0
 0.0
 0.0
 0.0
 0.0
 0.0
 0.0
 0.0
 0.0
 0.0
 0.0
 0.0
 0.0
 0.0
 0.0
 0.0
 0.0
 0.0
 0.0
 0.0
 0.0
 0.0727814530126962
 0.0
 0.0
 0.0
 0.1127569047064703
 0.0
 0.049446252872095496
 5.861129881811186
 0.0
 0.0
x_il_opt: 1-dimensional DenseAxisArray{Float64,1,...} with index sets:
    Dimension 1, [(43, 15), (43, 14), (44, 15), (44, 13), (44, 3), (40, 14), (40, 2), (41, 14), (42, 6), (37, 13)  …  (4, 13), (5, 2), (5, 7), (5, 9), (6, 11), (1, 1), (1, 6), (1, 3), (2, 1), (2, 15)]
And data, a 71-element Vector{Float64}:
 0.0
 0.0
 0.0
 2.223088316646261
 1.8279908519425934
 1.1041148427262109
 0.0
 0.0
 0.8658159502101251
 0.776911683353739
 0.0
 3.0
 0.0
 0.0
 3.0
 0.0
 0.0
 0.0
 5.0
 0.0
 0.0
 0.0
 3.0
 0.8424829108203741
 2.157517089179626
 0.0
 3.0
 0.0
 1.9751016563556993
 0.0
 1.472175783865059
 0.0
 0.0
 0.0
 0.0
 0.0
 0.0
 0.0
 0.5278242161349411
 0.0
 0.0
 0.0
 3.0
 0.0
 0.0
 2.157517089179626
 0.0
 2.858170221579136
 0.0
 0.0
 0.0
 0.0
 0.0
 0.0
 1.0723318161502895
 0.0
 0.0
 6.172009148057408
 0.0
 0.0
 0.0
 0.0
 0.0
 0.0
 0.23268309801940068
 0.0
 0.0
 1.976666960610249
 0.0
 0.0
 5.494310261236533
x_lj_opt: 1-dimensional DenseAxisArray{Float64,1,...} with index sets:
    Dimension 1, [(15, 30), (15, 29), (15, 23), (15, 3), (14, 28), (14, 27), (14, 10), (14, 24), (13, 26), (13, 25)  …  (3, 6), (3, 5), (3, 29), (2, 4), (2, 3), (2, 1), (2, 5), (1, 2), (1, 1), (1, 14)]
And data, a 53-element Vector{Float64}:
 2.0
 2.4943102612365338
 0.0
 1.0
 0.44618759125852175
 0.657927251467689
 0.0
 0.0
 2.0
 1.0
 0.0
 1.5437565141086302
 0.9505537471279045
 0.5056897387634655
 1.5188581704643296
 0.0
 0.0
 0.0
 0.4562434858913698
 0.0
 0.0
 2.0
 1.0
 0.23268309801940068
 0.0
 0.0
 4.640118775768266
 3.3598812242317333
 0.0
 0.0
 1.8872430952935297
 0.8320570080967928
 0.13887011818881387
 2.0
 6.0
 0.0
 2.0
 1.0
 0.0
 0.0
 1.0723318161502895
 0.0
 0.0
 0.0
 5.0
 3.000000000000001
 2.0
 0.0
 0.0
 0.9999999999999999
 2.0
 0.0
 0.0
q_opt: 1-dimensional DenseAxisArray{Float64,1,...} with index sets:
    Dimension 1, [(43, 15), (43, 14), (44, 15), (44, 13), (44, 3), (40, 14), (40, 2), (41, 14), (42, 6), (37, 13)  …  (4, 13), (5, 2), (5, 7), (5, 9), (6, 11), (1, 1), (1, 6), (1, 3), (2, 1), (2, 15)]
And data, a 71-element Vector{Float64}:
 0.0
 0.0
 0.0
 0.741029438882087
 0.22849885649282417
 1.0
 0.0
 0.0
 0.10822699377626564
 0.25897056111791295
 0.0
 1.0
 0.0
 0.0
 0.375
 0.0
 0.0
 0.0
 0.625
 0.0
 0.0
 0.0
 1.0
 0.2808276369401247
 0.2696896361474532
 0.0
 0.375
 0.0
 1.0
 0.0
 0.7360878919325295
 0.0
 0.0
 0.0
 0.0
 0.0
 0.0
 0.0
 0.26391210806747056
 0.0
 0.0
 0.0
 1.0
 0.0
 0.0
 0.7191723630598753
 0.0
 1.0
 0.0
 0.0
 0.0
 0.0
 0.0
 0.0
 1.0
 0.0
 0.0
 0.7715011435071759
 0.0
 0.0
 0.0
 0.0
 0.0
 0.0
 1.0
 0.0
 0.0
 0.24708337007628112
 0.0
 0.0
 1.0
