
PROBLEM STATISTICS
  Objective sense = Min
  # Variables = 572
  # Bin-Int Variables = 0
  # Constraints = 621
  # NL Constraints = 261
  # Linear Constraints = 360
  # Detected convex constraints = 0
  # Detected nonlinear terms = 261
  # Variables involved in nonlinear terms = 124
  # Potential variables for partitioning = 124
SUB-SOLVERS USED BY ALPINE
  NLP local solver = Knitro
  MIP solver = Gurobi
ALPINE CONFIGURATION
  Maximum iterations (lower-bounding MIPs) =  1
  Relative global optimality gap = 0.01%
  Potential variables chosen for partitioning = All
  Discretization ratio = 10
  Bound-tightening presolve = false
PRESOLVE 
  Doing local search

Feasible solution found during presolve: [0.9803683106074149, 1.1402316022107208, 0.0, 1.0196316893925852, 1.1858974451556878, 0.0, 0.0, 0.0, 0.0, 0.0, 0.0, 0.0, 0.0, 0.0, 0.0, 0.0, 2.0, 0.0, 0.0, 1.0000000000000002, 0.0, 0.0, 0.0, 0.0, 0.0, 0.0, 0.0, 0.0, 0.8278178346906587, 3.0808415657887194, 1.0206871047825725, 0.0, 0.0, 0.0, 0.0, 0.0, 0.0, 0.0, 0.0, 0.0, 0.5156751963745903, 1.9191584342112809, 0.6358198641521782, 0.0, 0.0, 0.0, 0.0, 0.0, 0.0, 1.5664519991433428, 2.8514185427371763, 0.0, 0.0, 0.0, 0.0, 0.0, 0.0, 0.0, 0.0, 2.0, 1.0, 0.0, 0.0, 0.0, 0.0, 0.0, 0.0, 0.0, 0.0, 0.0, 0.0, 0.0, 0.0, 0.0, 0.685086315460907, 2.055258946382721, 0.0, 0.49085377179630074, 1.4725613153889021, 0.0, 0.0, 0.0, 0.0, 0.0, 0.0, 0.0, 0.0, 0.0, 0.0, 0.0, 0.0, 0.0, 0.8240599127427921, 2.4721797382283763, 0.0, 0.0, 0.0, 0.0, 0.0, 0.0, 0.0, 1.5414193566242886, 0.9683982746180355, 0.4901823687576755, 0.0, 0.0, 0.0, 0.0, 0.0, 0.0, 0.0, 0.0, 0.0, 0.0, 0.0, 0.0, 0.0, 0.0, 5.647238729727018, 1.8824129099090066, 0.0, 0.0, 0.0, 0.3527612702729821, 0.11758709009099377, 0.0, 0.0, 0.0, 0.0, 0.0, 0.0, 0.0, 0.0, 0.0, 0.0, 0.0, 0.0, 0.0, 0.0, 0.0, 0.0, 0.0, 0.0, 0.0, 0.0, 0.0, 0.0, 0.021170623166987312, 0.20552913454827315, 0.0, 0.0, 0.0, 0.0, 0.6910566085431982, 0.34552830427159903, 0.0, 0.0, 1.308943391456802, 0.654471695728401, 0.0, 0.0, 0.0, 0.0, 0.0, 0.0, 0.0, 0.0, 0.0, 0.0, 0.0, 0.0, 0.0, 0.0, 2.0, 0.0, 0.0, 0.0, 0.37589283718127214, 0.0, 0.0, 0.0, 0.0, 0.0, 0.0, 0.0, 0.0, 0.0, 0.0, 0.0, 0.0, 0.0, 0.0, 0.0, 0.0, 1.6241071628187278, 1.0, 0.37589283718127225, 0.0, 0.0, 0.0, 0.0, 0.0, 0.0, 0.0, 0.0, 0.0, 1.5859342639435736, 0.7929671319717867, 0.0, 0.0, 0.0, 0.0, 0.0, 0.0, 0.0, 0.4140657360564265, 0.20703286802821325, 0.0, 0.0, 0.0, 0.0, 0.0, 0.0, 0.0, 0.0, 0.5251647654937389, 0.5258560405229675, 0.0, 0.0, 0.0, 0.0, 0.0, 0.0, 0.0, 0.0, 0.0, 0.0, 0.0, 0.0, 0.0, 0.0, 0.0, 0.0, 0.0, 0.0, 0.0, 0.0, 0.0, 0.0, 0.0, 0.0, 0.0, 0.0, 0.0, 0.0, 0.0, 0.0, 1.111731515315823, 3.967600193883977, 0.0, 0.8353057540272486, 0.0, 0.0, 0.0, 2.3789013959153604, 4.92934650526195, 1.0510208060167066, 0.0, 0.0, 0.0, 0.0, 0.0, 3.0, 0.0, 0.0, 2.740345261843628, 0.0, 0.0, 0.0, 7.5296516396360245, 0.0, 0.0, 0.0, 3.0, 1.0365849128147973, 1.963415087185203, 0.0, 0.47034836036397587, 0.0, 2.375892837181272, 0.22669975771526046, 2.1205999128181356, 0.6210986040846398, 0.0, 0.0, 0.0, 0.0, 0.0, 0.0, 2.2055291345482733, 0.0, 0.0, 0.0, 3.0, 0.0, 0.0, 1.963415087185203, 0.0, 3.0, 0.0, 0.0, 0.0, 0.0, 0.0, 0.0, 4.417870541880519, 0.0, 0.0, 0.0, 0.0, 0.0, 0.0, 0.0, 0.0, 0.0, 0.0, 0.0, 0.0, 3.2962396509711684, 3.0706534947380493, 0.0, 5.914637463227049, 1.111731515315823, 3.967600193883977, 0.0, 0.8353057540272486, 0.5251647654937389, 0.5258560405229675, 0.0, 0.0, 2.0, 1.0, 0.0, 1.6241071628187278, 1.0, 0.37589283718127225, 2.0, 0.0, 0.0, 0.0, 0.37589283718127214, 0.0, 0.0, 2.0, 1.0, 0.021170623166987312, 0.20552913454827315, 0.0, 6.0, 2.0000000000000004, 0.0, 0.0, 1.5414193566242886, 0.9683982746180355, 0.4901823687576755, 2.0, 6.0, 0.0, 2.0, 1.0, 0.0, 0.0, 1.5664519991433428, 2.8514185427371763, 0.0, 1.3434930310652489, 5.0, 1.6565069689347505, 2.0, 0.0, 0.0, 1.0000000000000002, 2.0, 2.326129047366409, 0.0, 0.0, 0.0, 0.38589762870475874, 0.0, 0.8882684846841772, 0.0, 1.474835234506261, 0.0, 0.0, 0.0, 0.0, 0.0, 0.0, 0.0, 0.0, 0.0, 0.0, 0.0, 0.0, 0.0, 3.0, 0.0, 0.0, 0.0, 0.0, 0.0, 0.0, 2.0, 0.0, 0.0, 0.0, 0.0, 0.0, 0.0, 0.0, 0.0, 0.0, 0.0, 0.0, 0.0, 0.0, 0.0, 0.0, 0.270609340229992, 0.0, 0.0, 0.0, 0.0, 0.0, 0.0, 0.0, 0.0, 0.0, 0.0, 0.0, 0.6241071628187277, 0.0, 0.0, 0.03160172538196451, 1.9788293768330127, 0.0, 0.0, 0.0, 0.0, 6.0, 0.0, 0.0, 0.0, 0.0, 0.7944708654517268, 0.0, 0.0, 0.0, 0.0, 0.0, 0.0, 0.47414395947703253, 0.43354800085665723, 0.0, 0.0, 0.0, 0.0, 0.0, 0.0, 0.0, 0.0, 0.0, 0.0, 0.0, 0.0, 0.0, 0.0, 0.5244742944440962, 0.0, 0.0, 0.0, 0.0, 0.0, 0.0, 0.16469424597275145, 0.0, 0.0, 0.0, 0.0, 0.0, 0.45858064337571164, 0.0, 0.0, 0.0, 0.0, 0.0, 0.0, 0.0, 0.18368858387591544, 0.0, 0.0, 0.0, 0.0, 0.0, 0.7929671319717868, 0.6161683131577438, 1.0, 0.0, 0.0, 0.0, 0.0, 0.0, 1.0, 0.0, 0.0, 0.3425431577304535, 0.0, 0.0, 0.0, 0.9412064549545031, 0.0, 0.0, 0.0, 1.0, 0.3455283042715991, 0.24542688589815037, 0.0, 0.05879354504549701, 0.0, 1.0, 1.0, 0.49018415530370746, 0.20703286802821325, 0.0, 0.0, 0.0, 0.0, 0.0, 0.0, 0.5098158446962926, 0.0, 0.0, 0.0, 1.0, 0.0, 0.0, 0.654471695728401, 0.0, 1.0, 0.0, 0.0, 0.0, 0.0, 0.0, 0.0, 1.0, 0.0, 0.0, 0.0, 0.0, 0.0, 0.0, 0.0, 0.0, 0.0, 0.0, 0.0, 0.0, 0.41202995637139606, 0.38383168684225616, 0.0, 1.0]  :with objective: -630.7189958029246

  Local solver returns a feasible point with value -630.719
disc:  333  :[0.0, 0.911731515315823, 1.3117315153158229, 2.0]
disc:  334  :[0.0, 3.367600193883977, 4.567600193883977, 6.0]
disc:  335  :[0.0, 0.1, 1.0]
disc:  336  :[0.0, 0.7353057540272486, 0.9353057540272486, 1.0]
disc:  337  :[0.0, 0.3251647654937389, 0.725164765493739, 2.0]
disc:  338  :[0.0, 0.42585604052296755, 0.6258560405229675, 1.0]
disc:  339  :[0.0, 0.2, 2.0]
disc:  340  :[0.0, 0.2, 2.0]
disc:  341  :[0.0, 1.8, 2.0]
disc:  342  :[0.0, 0.9, 1.0]
disc:  343  :[0.0, 0.2, 2.0]
disc:  344  :[0.0, 1.4241071628187278, 1.8241071628187278, 2.0]
disc:  345  :[0.0, 0.9, 1.0]
disc:  346  :[0.0, 0.07589283718127227, 0.6758928371812722, 3.0]
disc:  347  :[0.0, 1.8, 2.0]
disc:  348  :[0.0, 0.6, 6.0]
disc:  349  :[0.0, 0.2, 2.0]
disc:  350  :[0.0, 0.1, 1.0]
disc:  351  :[0.0, 0.17589283718127213, 0.5758928371812722, 2.0]
disc:  352  :[0.0, 0.6, 6.0]
disc:  353  :[0.0, 0.1, 1.0]
disc:  354  :[0.0, 1.8, 2.0]
disc:  355  :[0.0, 0.9, 1.0]
disc:  356  :[0.0, 0.22117062316698732, 2.0]
disc:  357  :[0.0, 0.10552913454827315, 0.30552913454827313, 1.0]
disc:  358  :[0.0, 0.2, 2.0]
disc:  359  :[0.0, 5.4, 6.0]
disc:  360  :[0.0, 1.4000000000000004, 2.6000000000000005, 6.0]
disc:  361  :[0.0, 0.2, 2.0]
disc:  362  :[0.0, 0.1, 1.0]
disc:  363  :[0.0, 1.3414193566242887, 1.7414193566242886, 2.0]
disc:  364  :[0.0, 0.8683982746180355, 1.0]
disc:  365  :[0.0, 0.19018236875767552, 0.7901823687576754, 3.0]
disc:  366  :[0.0, 1.8, 2.0]
disc:  367  :[0.0, 5.4, 6.0]
disc:  368  :[0.0, 0.2, 2.0]
disc:  369  :[0.0, 1.8, 2.0]
disc:  370  :[0.0, 0.9, 1.0]
disc:  371  :[0.0, 0.2, 2.0]
disc:  372  :[0.0, 0.2, 2.0]
disc:  373  :[0.0, 1.3664519991433428, 1.7664519991433427, 2.0]
disc:  374  :[0.0, 2.2514185427371762, 3.4514185427371764, 6.0]
disc:  375  :[0.0, 0.2, 2.0]
disc:  376  :[0.0, 1.143493031065249, 1.5434930310652488, 2.0]
disc:  377  :[0.0, 4.4, 5.6, 6.0]
disc:  378  :[0.0, 1.0565069689347504, 2.2565069689347506, 6.0]
disc:  379  :[0.0, 1.8, 2.0]
disc:  380  :[0.0, 0.1, 1.0]
disc:  381  :[0.0, 0.3, 3.0]
disc:  382  :[0.0, 0.7000000000000002, 1.3000000000000003, 3.0]
disc:  383  :[0.0, 1.8, 2.0]
disc:  384  :[0.0, 1.7261290473664088, 2.926129047366409, 6.0]
disc:  385  :[0.0, 0.2, 2.0]
disc:  502  :[0.0, 0.1, 1.0]
disc:  503  :[0.0, 0.1, 1.0]
disc:  504  :[0.0, 0.1, 1.0]
disc:  505  :[0.0, 0.6929671319717868, 0.8929671319717868, 1.0]
disc:  506  :[0.0, 0.5161683131577438, 0.7161683131577438, 1.0]
disc:  507  :[0.0, 0.9, 1.0]
disc:  508  :[0.0, 0.1, 1.0]
disc:  509  :[0.0, 0.1, 1.0]
disc:  510  :[0.0, 0.1, 1.0]
disc:  511  :[0.0, 0.1, 1.0]
disc:  512  :[0.0, 0.1, 1.0]
disc:  513  :[0.0, 0.9, 1.0]
disc:  514  :[0.0, 0.1, 1.0]
disc:  515  :[0.0, 0.1, 1.0]
disc:  516  :[0.0, 0.2425431577304535, 0.4425431577304535, 1.0]
disc:  517  :[0.0, 0.1, 1.0]
disc:  518  :[0.0, 0.1, 1.0]
disc:  519  :[0.0, 0.1, 1.0]
disc:  520  :[0.0, 0.8412064549545031, 1.0]
disc:  521  :[0.0, 0.1, 1.0]
disc:  522  :[0.0, 0.1, 1.0]
disc:  523  :[0.0, 0.1, 1.0]
disc:  524  :[0.0, 0.9, 1.0]
disc:  525  :[0.0, 0.24552830427159908, 0.44552830427159906, 1.0]
disc:  526  :[0.0, 0.14542688589815037, 0.3454268858981504, 1.0]
disc:  527  :[0.0, 0.1, 1.0]
disc:  528  :[0.0, 0.15879354504549703, 1.0]
disc:  529  :[0.0, 0.1, 1.0]
disc:  530  :[0.0, 0.9, 1.0]
disc:  531  :[0.0, 0.9, 1.0]
disc:  532  :[0.0, 0.3901841553037074, 0.5901841553037075, 1.0]
disc:  533  :[0.0, 0.10703286802821324, 0.3070328680282133, 1.0]
disc:  534  :[0.0, 0.1, 1.0]
disc:  535  :[0.0, 0.1, 1.0]
disc:  536  :[0.0, 0.1, 1.0]
disc:  537  :[0.0, 0.1, 1.0]
disc:  538  :[0.0, 0.1, 1.0]
disc:  539  :[0.0, 0.1, 1.0]
disc:  540  :[0.0, 0.4098158446962926, 0.6098158446962926, 1.0]
disc:  541  :[0.0, 0.1, 1.0]
disc:  542  :[0.0, 0.1, 1.0]
disc:  543  :[0.0, 0.1, 1.0]
disc:  544  :[0.0, 0.9, 1.0]
disc:  545  :[0.0, 0.1, 1.0]
disc:  546  :[0.0, 0.1, 1.0]
disc:  547  :[0.0, 0.554471695728401, 0.754471695728401, 1.0]
disc:  548  :[0.0, 0.1, 1.0]
disc:  549  :[0.0, 0.9, 1.0]
disc:  550  :[0.0, 0.1, 1.0]
disc:  551  :[0.0, 0.1, 1.0]
disc:  552  :[0.0, 0.1, 1.0]
disc:  553  :[0.0, 0.1, 1.0]
disc:  554  :[0.0, 0.1, 1.0]
disc:  555  :[0.0, 0.1, 1.0]
disc:  556  :[0.0, 0.9, 1.0]
disc:  557  :[0.0, 0.1, 1.0]
disc:  558  :[0.0, 0.1, 1.0]
disc:  559  :[0.0, 0.1, 1.0]
disc:  560  :[0.0, 0.1, 1.0]
disc:  561  :[0.0, 0.1, 1.0]
disc:  562  :[0.0, 0.1, 1.0]
disc:  563  :[0.0, 0.1, 1.0]
disc:  564  :[0.0, 0.1, 1.0]
disc:  565  :[0.0, 0.1, 1.0]
disc:  566  :[0.0, 0.1, 1.0]
disc:  567  :[0.0, 0.1, 1.0]
disc:  568  :[0.0, 0.1, 1.0]
disc:  569  :[0.0, 0.3120299563713961, 0.512029956371396, 1.0]
disc:  570  :[0.0, 0.2838316868422561, 0.4838316868422562, 1.0]
disc:  571  :[0.0, 0.1, 1.0]
disc:  572  :[0.0, 0.9, 1.0]
  Completed presolve in 21.2s
LOWER-BOUNDING ITERATIONS
====================================================================================================
| Iter   | Incumbent       | Best Incumbent      | Lower Bound        | Gap (%)         | Time      
| finish | -630.719        | -630.719            | -633.9011          | 0.505           | 44.95s           
Final UBD: -630.7189958029246
Final LBD: -633.9011339024682
====================================================================================================

*** Alpine ended with status OTHER_LIMIT ***

 Total time for local solves: 18.91s

 Total time for solving max-min problems: 0.0s

 Total time excluding max-min time: 44.95s

presolve objective value: -630.7189958029246
w_opt: 1-dimensional DenseAxisArray{Float64,1,...} with index sets:
    Dimension 1, [(25, 1, 2), (25, 1, 1), (25, 1, 14), (20, 1, 2), (20, 1, 1), (20, 1, 14), (1, 1, 2), (1, 1, 1), (1, 1, 14), (2, 1, 2)  …  (20, 15, 23), (20, 15, 3), (8, 15, 30), (8, 15, 29), (8, 15, 23), (8, 15, 3), (2, 15, 30), (2, 15, 29), (2, 15, 23), (2, 15, 3)]
And data, a 261-element Vector{Float64}:
 0.9803683106074149
 1.1402316022107208
 0.0
 1.0196316893925852
 1.1858974451556878
 0.0
 0.0
 0.0
 0.0
 0.0
 0.0
 0.0
 0.0
 0.0
 0.0
 0.0
 2.0
 0.0
 0.0
 1.0000000000000002
 0.0
 0.0
 0.0
 0.0
 0.0
 0.0
 0.0
 0.0
 0.8278178346906587
 3.0808415657887194
 1.0206871047825725
 0.0
 0.0
 0.0
 0.0
 0.0
 0.0
 0.0
 0.0
 0.0
 0.5156751963745903
 1.9191584342112809
 0.6358198641521782
 0.0
 0.0
 0.0
 0.0
 0.0
 0.0
 1.5664519991433428
 2.8514185427371763
 0.0
 0.0
 0.0
 0.0
 0.0
 0.0
 0.0
 0.0
 2.0
 1.0
 0.0
 0.0
 0.0
 0.0
 0.0
 0.0
 0.0
 0.0
 0.0
 0.0
 0.0
 0.0
 0.0
 0.685086315460907
 2.055258946382721
 0.0
 0.49085377179630074
 1.4725613153889021
 0.0
 0.0
 0.0
 0.0
 0.0
 0.0
 0.0
 0.0
 0.0
 0.0
 0.0
 0.0
 0.0
 0.8240599127427921
 2.4721797382283763
 0.0
 0.0
 0.0
 0.0
 0.0
 0.0
 0.0
 1.5414193566242886
 0.9683982746180355
 0.4901823687576755
 0.0
 0.0
 0.0
 0.0
 0.0
 0.0
 0.0
 0.0
 0.0
 0.0
 0.0
 0.0
 0.0
 0.0
 5.647238729727018
 1.8824129099090066
 0.0
 0.0
 0.0
 0.3527612702729821
 0.11758709009099377
 0.0
 0.0
 0.0
 0.0
 0.0
 0.0
 0.0
 0.0
 0.0
 0.0
 0.0
 0.0
 0.0
 0.0
 0.0
 0.0
 0.0
 0.0
 0.0
 0.0
 0.0
 0.0
 0.021170623166987312
 0.20552913454827315
 0.0
 0.0
 0.0
 0.0
 0.6910566085431982
 0.34552830427159903
 0.0
 0.0
 1.308943391456802
 0.654471695728401
 0.0
 0.0
 0.0
 0.0
 0.0
 0.0
 0.0
 0.0
 0.0
 0.0
 0.0
 0.0
 0.0
 0.0
 2.0
 0.0
 0.0
 0.0
 0.37589283718127214
 0.0
 0.0
 0.0
 0.0
 0.0
 0.0
 0.0
 0.0
 0.0
 0.0
 0.0
 0.0
 0.0
 0.0
 0.0
 0.0
 1.6241071628187278
 1.0
 0.37589283718127225
 0.0
 0.0
 0.0
 0.0
 0.0
 0.0
 0.0
 0.0
 0.0
 1.5859342639435736
 0.7929671319717867
 0.0
 0.0
 0.0
 0.0
 0.0
 0.0
 0.0
 0.4140657360564265
 0.20703286802821325
 0.0
 0.0
 0.0
 0.0
 0.0
 0.0
 0.0
 0.0
 0.5251647654937389
 0.5258560405229675
 0.0
 0.0
 0.0
 0.0
 0.0
 0.0
 0.0
 0.0
 0.0
 0.0
 0.0
 0.0
 0.0
 0.0
 0.0
 0.0
 0.0
 0.0
 0.0
 0.0
 0.0
 0.0
 0.0
 0.0
 0.0
 0.0
 0.0
 0.0
 0.0
 0.0
 1.111731515315823
 3.967600193883977
 0.0
 0.8353057540272486
x_ij_opt: 1-dimensional DenseAxisArray{Float64,1,...} with index sets:
    Dimension 1, [(43, 30), (43, 22), (43, 6), (44, 22), (45, 30), (45, 29), (45, 28), (45, 24), (45, 23), (40, 29)  …  (5, 7), (5, 14), (6, 4), (6, 3), (1, 14), (1, 10), (1, 23), (1, 1), (3, 2), (3, 1)]
And data, a 116-element Vector{Float64}:
 0.0
 0.0
 0.38589762870475874
 0.0
 0.8882684846841772
 0.0
 1.474835234506261
 0.0
 0.0
 0.0
 0.0
 0.0
 0.0
 0.0
 0.0
 0.0
 0.0
 0.0
 0.0
 0.0
 3.0
 0.0
 0.0
 0.0
 0.0
 0.0
 0.0
 2.0
 0.0
 0.0
 0.0
 0.0
 0.0
 0.0
 0.0
 0.0
 0.0
 0.0
 0.0
 0.0
 0.0
 0.0
 0.0
 0.270609340229992
 0.0
 0.0
 0.0
 0.0
 0.0
 0.0
 0.0
 0.0
 0.0
 0.0
 0.0
 0.6241071628187277
 0.0
 0.0
 0.03160172538196451
 1.9788293768330127
 0.0
 0.0
 0.0
 0.0
 6.0
 0.0
 0.0
 0.0
 0.0
 0.7944708654517268
 0.0
 0.0
 0.0
 0.0
 0.0
 0.0
 0.47414395947703253
 0.43354800085665723
 0.0
 0.0
 0.0
 0.0
 0.0
 0.0
 0.0
 0.0
 0.0
 0.0
 0.0
 0.0
 0.0
 0.0
 0.5244742944440962
 0.0
 0.0
 0.0
 0.0
 0.0
 0.0
 0.16469424597275145
 0.0
 0.0
 0.0
 0.0
 0.0
 0.45858064337571164
 0.0
 0.0
 0.0
 0.0
 0.0
 0.0
 0.0
 0.18368858387591544
 0.0
 0.0
x_il_opt: 1-dimensional DenseAxisArray{Float64,1,...} with index sets:
    Dimension 1, [(43, 15), (43, 14), (44, 15), (44, 13), (44, 3), (40, 14), (40, 2), (41, 14), (42, 6), (37, 13)  …  (4, 13), (5, 2), (5, 7), (5, 9), (6, 11), (1, 1), (1, 6), (1, 3), (2, 1), (2, 15)]
And data, a 71-element Vector{Float64}:
 0.0
 0.0
 0.0
 2.3789013959153604
 4.92934650526195
 1.0510208060167066
 0.0
 0.0
 0.0
 0.0
 0.0
 3.0
 0.0
 0.0
 2.740345261843628
 0.0
 0.0
 0.0
 7.5296516396360245
 0.0
 0.0
 0.0
 3.0
 1.0365849128147973
 1.963415087185203
 0.0
 0.47034836036397587
 0.0
 2.375892837181272
 0.22669975771526046
 2.1205999128181356
 0.6210986040846398
 0.0
 0.0
 0.0
 0.0
 0.0
 0.0
 2.2055291345482733
 0.0
 0.0
 0.0
 3.0
 0.0
 0.0
 1.963415087185203
 0.0
 3.0
 0.0
 0.0
 0.0
 0.0
 0.0
 0.0
 4.417870541880519
 0.0
 0.0
 0.0
 0.0
 0.0
 0.0
 0.0
 0.0
 0.0
 0.0
 0.0
 0.0
 3.2962396509711684
 3.0706534947380493
 0.0
 5.914637463227049
x_lj_opt: 1-dimensional DenseAxisArray{Float64,1,...} with index sets:
    Dimension 1, [(15, 30), (15, 29), (15, 23), (15, 3), (14, 28), (14, 27), (14, 10), (14, 24), (13, 26), (13, 25)  …  (3, 6), (3, 5), (3, 29), (2, 4), (2, 3), (2, 1), (2, 5), (1, 2), (1, 1), (1, 14)]
And data, a 53-element Vector{Float64}:
 1.111731515315823
 3.967600193883977
 0.0
 0.8353057540272486
 0.5251647654937389
 0.5258560405229675
 0.0
 0.0
 2.0
 1.0
 0.0
 1.6241071628187278
 1.0
 0.37589283718127225
 2.0
 0.0
 0.0
 0.0
 0.37589283718127214
 0.0
 0.0
 2.0
 1.0
 0.021170623166987312
 0.20552913454827315
 0.0
 6.0
 2.0000000000000004
 0.0
 0.0
 1.5414193566242886
 0.9683982746180355
 0.4901823687576755
 2.0
 6.0
 0.0
 2.0
 1.0
 0.0
 0.0
 1.5664519991433428
 2.8514185427371763
 0.0
 1.3434930310652489
 5.0
 1.6565069689347505
 2.0
 0.0
 0.0
 1.0000000000000002
 2.0
 2.326129047366409
 0.0
q_opt: 1-dimensional DenseAxisArray{Float64,1,...} with index sets:
    Dimension 1, [(43, 15), (43, 14), (44, 15), (44, 13), (44, 3), (40, 14), (40, 2), (41, 14), (42, 6), (37, 13)  …  (4, 13), (5, 2), (5, 7), (5, 9), (6, 11), (1, 1), (1, 6), (1, 3), (2, 1), (2, 15)]
And data, a 71-element Vector{Float64}:
 0.0
 0.0
 0.0
 0.7929671319717868
 0.6161683131577438
 1.0
 0.0
 0.0
 0.0
 0.0
 0.0
 1.0
 0.0
 0.0
 0.3425431577304535
 0.0
 0.0
 0.0
 0.9412064549545031
 0.0
 0.0
 0.0
 1.0
 0.3455283042715991
 0.24542688589815037
 0.0
 0.05879354504549701
 0.0
 1.0
 1.0
 0.49018415530370746
 0.20703286802821325
 0.0
 0.0
 0.0
 0.0
 0.0
 0.0
 0.5098158446962926
 0.0
 0.0
 0.0
 1.0
 0.0
 0.0
 0.654471695728401
 0.0
 1.0
 0.0
 0.0
 0.0
 0.0
 0.0
 0.0
 1.0
 0.0
 0.0
 0.0
 0.0
 0.0
 0.0
 0.0
 0.0
 0.0
 0.0
 0.0
 0.0
 0.41202995637139606
 0.38383168684225616
 0.0
 1.0
