
PROBLEM STATISTICS
  Objective sense = Min
  # Variables = 572
  # Bin-Int Variables = 0
  # Constraints = 621
  # NL Constraints = 261
  # Linear Constraints = 360
  # Detected convex constraints = 0
  # Detected nonlinear terms = 261
  # Variables involved in nonlinear terms = 124
  # Potential variables for partitioning = 124
SUB-SOLVERS USED BY ALPINE
  NLP local solver = Knitro
  MIP solver = Gurobi
ALPINE CONFIGURATION
  Maximum iterations (lower-bounding MIPs) =  1
  Relative global optimality gap = 0.01%
  Potential variables chosen for partitioning = All
  Discretization ratio = 10
  Bound-tightening presolve = false
PRESOLVE 
  Doing local search

Feasible solution found during presolve: [1.3517866364368292, 0.6528889606898423, 0.0, 0.6482133635631706, 0.3130755533710312, 0.0, 0.0, 0.0, 0.0, 0.0, 0.0, 0.0, 0.0, 0.0, 0.0, 0.0, 1.8758354079700406, 0.0, 0.0, 1.1241645920299594, 0.0, 0.0, 0.0, 0.0, 0.0, 0.0, 0.0, 0.0, 0.0, 2.43697830658904, 1.6601037043777103, 0.0, 0.0, 0.0, 0.0, 0.12897465491042157, 0.08785933867721311, 0.0, 0.0, 0.0, 0.0, 2.1925132836299768, 1.4935707118156387, 0.0, 0.0, 0.0, 0.0, 0.0, 0.0, 0.0, 0.0, 0.0, 0.0, 0.0, 0.0, 0.0, 0.0, 0.0, 0.0, 1.9668821468437065, 1.0, 0.0, 0.033117853156293356, 0.0, 0.0, 0.0, 0.0, 0.0, 0.0, 0.0, 0.0, 0.5691332526858326, 1.7073997580574969, 0.0, 0.7500000000000001, 2.25, 0.0, 0.5151411932555403, 1.5454235797666205, 0.0, 0.0, 0.0, 0.0, 0.0, 0.0, 0.0, 0.0, 0.0, 0.0, 0.0, 0.0, 0.0, 0.16572555405862766, 0.49717666217588297, 0.0, 0.0, 0.0, 0.0, 0.0, 0.0, 0.0, 0.6455743910916739, 0.9016386262993585, 1.4048335832615158, 0.010486787904250613, 0.014646326079156018, 0.022820285364045498, 0.0, 0.0, 0.0, 0.0, 0.0, 0.0, 0.0, 0.0, 0.0, 0.0, 0.0, 4.612808854724146, 2.6394784428089237, 0.0, 0.0, 0.0, 0.47558179002401146, 0.2721309124429191, 0.0, 0.0, 0.0, 0.0, 0.0, 0.0, 0.0, 0.0, 0.0, 0.0, 0.0, 0.0, 0.0, 0.0, 0.0, 0.0, 0.0, 0.0, 0.0, 0.0, 0.0, 0.0, 0.0, 0.0, 0.0, 0.0, 0.0, 0.0, 0.6262901513185595, 0.3131450756592797, 0.0, 0.0, 1.3737098486814405, 0.6868549243407203, 0.0, 0.0, 0.0, 0.0, 0.0, 0.0, 0.0, 0.0, 0.0, 0.0, 0.0, 0.0, 0.0, 0.0, 0.0, 0.0, 0.0, 0.0, 0.0, 0.0, 0.0, 0.0, 0.0, 0.0, 0.0, 0.0, 0.0, 0.0, 0.0, 0.0, 0.0, 0.0, 0.0, 0.0, 0.0, 1.770582497442192, 1.0, 0.2294175025578079, 0.0, 0.0, 0.0, 0.0, 0.0, 0.0, 0.0, 0.0, 0.0, 1.493481522969231, 0.7467407614846155, 0.0, 0.506518477030769, 0.2532592385153844, 0.0, 0.0, 0.0, 0.0, 0.0, 0.0, 0.0, 0.0, 0.0, 0.0, 0.0, 0.0, 0.0, 0.0, 0.0, 0.13786828347686467, 0.0, 0.0, 0.0, 0.0, 0.0, 0.0, 0.0, 0.8621317165231354, 0.0, 0.0, 0.0, 0.0, 0.0, 0.0, 0.0, 0.0, 0.0, 0.0, 0.0, 0.0, 0.0, 0.0, 0.4551800914734498, 0.575586318992284, 0.0, 0.2275900457367249, 0.0, 0.0, 0.0, 0.0, 1.54481990852655, 1.9534624235793463, 0.0, 0.7724099542632751, 0.0, 0.0, 0.0, 2.2402222844538464, 4.0970820109667505, 0.13786828347686467, 0.0, 0.0, 2.2765330107433295, 0.7597777155461534, 0.0, 3.0, 0.0, 0.0, 3.0, 0.0, 0.0, 0.0, 7.252287297533069, 0.0, 0.0, 0.8621317165231354, 3.0, 0.9394352269778393, 2.060564773022161, 0.0, 0.7477127024669298, 0.0, 0.0, 0.0, 2.0046755971266714, 0.0, 0.0, 0.0, 0.0, 0.0, 0.0, 0.0, 0.9612889169342018, 1.2583564562024587, 0.0, 0.0, 3.0, 0.0, 0.0, 2.060564773022161, 0.0, 2.9520466006525483, 0.0, 0.0, 0.0, 0.0, 0.0, 0.0, 0.0, 0.0, 0.0, 0.2168339935876347, 0.0, 0.0, 0.0, 0.0, 0.0, 0.04795339934745212, 0.0, 0.0, 0.0, 0.6629022162345106, 3.6860839954456153, 0.0, 4.270692286369171, 2.0, 2.5290487425716304, 0.0, 1.0, 0.0, 1.0, 0.0, 0.0, 2.0, 1.0, 0.0, 1.770582497442192, 1.0, 0.2294175025578081, 0.0, 0.0, 0.0, 0.0, 0.0, 0.0, 0.0, 2.0, 1.0, 0.0, 0.0, 0.0, 5.0883906447481575, 2.911609355251843, 0.0, 0.0, 0.6560611789959245, 0.9162849523785145, 1.4276538686255613, 2.0, 6.0, 0.0, 1.9668821468437065, 1.0, 0.0, 0.033117853156293356, 0.0, 0.0, 0.0, 0.0, 4.758466245129438, 3.241533754870562, 1.8758354079700406, 0.0, 0.0, 1.1241645920299594, 2.0, 0.9659645140608735, 0.0, 0.0, 1.6054825237962507, 1.252287297533069, 0.0, 0.0, 0.0, 1.9451388399956995, 0.0, 0.0, 0.0, 0.0, 0.0, 0.0, 0.0, 0.0, 0.0, 0.0, 0.0, 0.2196453731366602, 0.0, 0.0, 0.0, 0.0, 0.0, 0.0, 0.0, 0.0, 2.0, 0.054861160004300615, 0.0, 0.0, 0.0, 0.0, 0.0, 0.0, 0.0, 0.0, 0.0, 0.0, 0.0, 0.0, 0.0, 0.0, 0.7477127024669309, 0.0, 0.0, 0.361399623047456, 0.0, 0.0, 0.0, 0.0, 0.0, 0.0, 0.0, 0.0, 3.0, 0.0, 0.9116093552518423, 0.08371504762148632, 2.0, 0.0, 0.0, 0.0, 0.22941750255780816, 6.0, 0.0, 0.0, 0.0, 0.0, 0.7803546268633398, 0.0, 0.0, 0.0, 0.0, 0.0, 0.0, 0.0, 0.9742938399060428, 0.0, 0.0, 0.0, 0.0, 0.0, 0.0, 0.0, 0.0, 0.0, 0.03311785315629346, 0.0, 0.0, 0.0, 1.0257061600939572, 0.0, 0.0, 0.0, 0.0, 0.0, 0.0, 0.0, 0.0, 0.0, 0.0, 0.0, 0.0, 0.0, 1.2993066499977666, 0.0, 0.0, 0.12416459202995955, 0.0, 0.04463217100630904, 0.0, 0.0, 3.606381617313565, 0.0, 0.0, 0.0, 0.0, 0.0, 0.7467407614846155, 0.5121352513708438, 0.13786828347686467, 0.0, 0.0, 0.2845666263429162, 0.25325923851538445, 0.0, 1.0, 0.0, 0.0, 0.375, 0.0, 0.0, 0.0, 0.9065359121916337, 0.0, 0.0, 0.8621317165231354, 1.0, 0.31314507565927974, 0.2575705966277701, 0.0, 0.09346408780836632, 0.0, 0.0, 1.0, 0.6758933182184146, 0.0, 0.0, 0.0, 0.0, 0.0, 0.0, 0.0, 0.3241066817815853, 0.2275900457367249, 0.0, 0.0, 1.0, 0.0, 0.0, 0.6868549243407203, 0.0, 0.9840155335508494, 0.0, 0.0, 0.0, 1.0, 0.0, 0.0, 0.0, 1.0, 0.0, 0.027104249198454337, 0.0, 0.0, 0.0, 0.0, 0.0, 0.01598446644915071, 0.0, 0.0, 0.0, 0.08286277702931383, 0.4607604994307019, 0.0, 0.7724099542632751]  :with objective: -602.7916341229628

  Local solver returns a feasible point with value -602.7916
disc:  333  :[0.0, 1.8, 2.0]
disc:  334  :[0.0, 1.9290487425716303, 3.1290487425716305, 6.0]
disc:  335  :[0.0, 0.1, 1.0]
disc:  336  :[0.0, 0.9, 1.0]
disc:  337  :[0.0, 0.2, 2.0]
disc:  338  :[0.0, 0.9, 1.0]
disc:  339  :[0.0, 0.2, 2.0]
disc:  340  :[0.0, 0.2, 2.0]
disc:  341  :[0.0, 1.8, 2.0]
disc:  342  :[0.0, 0.9, 1.0]
disc:  343  :[0.0, 0.2, 2.0]
disc:  344  :[0.0, 1.570582497442192, 1.970582497442192, 2.0]
disc:  345  :[0.0, 0.9, 1.0]
disc:  346  :[0.0, 0.5294175025578081, 3.0]
disc:  347  :[0.0, 0.2, 2.0]
disc:  348  :[0.0, 0.6, 6.0]
disc:  349  :[0.0, 0.2, 2.0]
disc:  350  :[0.0, 0.1, 1.0]
disc:  351  :[0.0, 0.2, 2.0]
disc:  352  :[0.0, 0.6, 6.0]
disc:  353  :[0.0, 0.1, 1.0]
disc:  354  :[0.0, 1.8, 2.0]
disc:  355  :[0.0, 0.9, 1.0]
disc:  356  :[0.0, 0.2, 2.0]
disc:  357  :[0.0, 0.1, 1.0]
disc:  358  :[0.0, 0.2, 2.0]
disc:  359  :[0.0, 4.488390644748158, 5.688390644748157, 6.0]
disc:  360  :[0.0, 2.311609355251843, 3.511609355251843, 6.0]
disc:  361  :[0.0, 0.2, 2.0]
disc:  362  :[0.0, 0.1, 1.0]
disc:  363  :[0.0, 0.4560611789959245, 0.8560611789959245, 2.0]
disc:  364  :[0.0, 0.8162849523785145, 1.0]
disc:  365  :[0.0, 1.1276538686255613, 1.7276538686255614, 3.0]
disc:  366  :[0.0, 1.8, 2.0]
disc:  367  :[0.0, 5.4, 6.0]
disc:  368  :[0.0, 0.2, 2.0]
disc:  369  :[0.0, 1.7668821468437066, 2.0]
disc:  370  :[0.0, 0.9, 1.0]
disc:  371  :[0.0, 0.2, 2.0]
disc:  372  :[0.0, 0.23311785315629335, 2.0]
disc:  373  :[0.0, 0.2, 2.0]
disc:  374  :[0.0, 0.6, 6.0]
disc:  375  :[0.0, 0.2, 2.0]
disc:  376  :[0.0, 0.2, 2.0]
disc:  377  :[0.0, 4.158466245129438, 5.358466245129438, 6.0]
disc:  378  :[0.0, 2.641533754870562, 3.841533754870562, 6.0]
disc:  379  :[0.0, 1.6758354079700406, 2.0]
disc:  380  :[0.0, 0.1, 1.0]
disc:  381  :[0.0, 0.3, 3.0]
disc:  382  :[0.0, 0.8241645920299594, 1.4241645920299595, 3.0]
disc:  383  :[0.0, 1.8, 2.0]
disc:  384  :[0.0, 0.3659645140608735, 1.5659645140608736, 6.0]
disc:  385  :[0.0, 0.2, 2.0]
disc:  502  :[0.0, 0.1, 1.0]
disc:  503  :[0.0, 0.1, 1.0]
disc:  504  :[0.0, 0.1, 1.0]
disc:  505  :[0.0, 0.6467407614846156, 0.8467407614846155, 1.0]
disc:  506  :[0.0, 0.41213525137084384, 0.6121352513708438, 1.0]
disc:  507  :[0.0, 0.03786828347686466, 0.23786828347686467, 1.0]
disc:  508  :[0.0, 0.1, 1.0]
disc:  509  :[0.0, 0.1, 1.0]
disc:  510  :[0.0, 0.18456662634291618, 0.38456662634291616, 1.0]
disc:  511  :[0.0, 0.15325923851538445, 0.35325923851538443, 1.0]
disc:  512  :[0.0, 0.1, 1.0]
disc:  513  :[0.0, 0.9, 1.0]
disc:  514  :[0.0, 0.1, 1.0]
disc:  515  :[0.0, 0.1, 1.0]
disc:  516  :[0.0, 0.275, 0.475, 1.0]
disc:  517  :[0.0, 0.1, 1.0]
disc:  518  :[0.0, 0.1, 1.0]
disc:  519  :[0.0, 0.1, 1.0]
disc:  520  :[0.0, 0.8065359121916337, 1.0]
disc:  521  :[0.0, 0.1, 1.0]
disc:  522  :[0.0, 0.1, 1.0]
disc:  523  :[0.0, 0.7621317165231354, 0.9621317165231353, 1.0]
disc:  524  :[0.0, 0.9, 1.0]
disc:  525  :[0.0, 0.21314507565927973, 0.4131450756592797, 1.0]
disc:  526  :[0.0, 0.1575705966277701, 0.35757059662777013, 1.0]
disc:  527  :[0.0, 0.1, 1.0]
disc:  528  :[0.0, 0.19346408780836633, 1.0]
disc:  529  :[0.0, 0.1, 1.0]
disc:  530  :[0.0, 0.1, 1.0]
disc:  531  :[0.0, 0.9, 1.0]
disc:  532  :[0.0, 0.5758933182184146, 0.7758933182184146, 1.0]
disc:  533  :[0.0, 0.1, 1.0]
disc:  534  :[0.0, 0.1, 1.0]
disc:  535  :[0.0, 0.1, 1.0]
disc:  536  :[0.0, 0.1, 1.0]
disc:  537  :[0.0, 0.1, 1.0]
disc:  538  :[0.0, 0.1, 1.0]
disc:  539  :[0.0, 0.1, 1.0]
disc:  540  :[0.0, 0.2241066817815853, 0.4241066817815853, 1.0]
disc:  541  :[0.0, 0.1275900457367249, 0.3275900457367249, 1.0]
disc:  542  :[0.0, 0.1, 1.0]
disc:  543  :[0.0, 0.1, 1.0]
disc:  544  :[0.0, 0.9, 1.0]
disc:  545  :[0.0, 0.1, 1.0]
disc:  546  :[0.0, 0.1, 1.0]
disc:  547  :[0.0, 0.5868549243407203, 0.7868549243407202, 1.0]
disc:  548  :[0.0, 0.1, 1.0]
disc:  549  :[0.0, 0.8840155335508494, 1.0]
disc:  550  :[0.0, 0.1, 1.0]
disc:  551  :[0.0, 0.1, 1.0]
disc:  552  :[0.0, 0.1, 1.0]
disc:  553  :[0.0, 0.9, 1.0]
disc:  554  :[0.0, 0.1, 1.0]
disc:  555  :[0.0, 0.1, 1.0]
disc:  556  :[0.0, 0.1, 1.0]
disc:  557  :[0.0, 0.9, 1.0]
disc:  558  :[0.0, 0.1, 1.0]
disc:  559  :[0.0, 0.12710424919845434, 1.0]
disc:  560  :[0.0, 0.1, 1.0]
disc:  561  :[0.0, 0.1, 1.0]
disc:  562  :[0.0, 0.1, 1.0]
disc:  563  :[0.0, 0.1, 1.0]
disc:  564  :[0.0, 0.1, 1.0]
disc:  565  :[0.0, 0.11598446644915071, 1.0]
disc:  566  :[0.0, 0.1, 1.0]
disc:  567  :[0.0, 0.1, 1.0]
disc:  568  :[0.0, 0.1, 1.0]
disc:  569  :[0.0, 0.18286277702931383, 1.0]
disc:  570  :[0.0, 0.3607604994307019, 0.5607604994307019, 1.0]
disc:  571  :[0.0, 0.1, 1.0]
disc:  572  :[0.0, 0.6724099542632751, 0.8724099542632751, 1.0]
  Completed presolve in 10.2s
LOWER-BOUNDING ITERATIONS
====================================================================================================
| Iter   | Incumbent       | Best Incumbent      | Lower Bound        | Gap (%)         | Time      
| finish | -602.7916       | -602.7916           | -628.2032          | 4.216           | 20.94s           
Final UBD: -602.7916341229628
Final LBD: -628.2032111477489
====================================================================================================

*** Alpine ended with status OTHER_LIMIT ***

 Total time for local solves: 7.59s

 Total time for solving max-min problems: 0.0s

 Total time excluding max-min time: 20.94s

presolve objective value: -602.7916341229628
w_opt: 1-dimensional DenseAxisArray{Float64,1,...} with index sets:
    Dimension 1, [(25, 1, 2), (25, 1, 1), (25, 1, 14), (20, 1, 2), (20, 1, 1), (20, 1, 14), (1, 1, 2), (1, 1, 1), (1, 1, 14), (2, 1, 2)  …  (20, 15, 23), (20, 15, 3), (8, 15, 30), (8, 15, 29), (8, 15, 23), (8, 15, 3), (2, 15, 30), (2, 15, 29), (2, 15, 23), (2, 15, 3)]
And data, a 261-element Vector{Float64}:
 1.3517866364368292
 0.6528889606898423
 0.0
 0.6482133635631706
 0.3130755533710312
 0.0
 0.0
 0.0
 0.0
 0.0
 0.0
 0.0
 0.0
 0.0
 0.0
 0.0
 1.8758354079700406
 0.0
 0.0
 1.1241645920299594
 0.0
 0.0
 0.0
 0.0
 0.0
 0.0
 0.0
 0.0
 0.0
 2.43697830658904
 1.6601037043777103
 0.0
 0.0
 0.0
 0.0
 0.12897465491042157
 0.08785933867721311
 0.0
 0.0
 0.0
 0.0
 2.1925132836299768
 1.4935707118156387
 0.0
 0.0
 0.0
 0.0
 0.0
 0.0
 0.0
 0.0
 0.0
 0.0
 0.0
 0.0
 0.0
 0.0
 0.0
 0.0
 1.9668821468437065
 1.0
 0.0
 0.033117853156293356
 0.0
 0.0
 0.0
 0.0
 0.0
 0.0
 0.0
 0.0
 0.5691332526858326
 1.7073997580574969
 0.0
 0.7500000000000001
 2.25
 0.0
 0.5151411932555403
 1.5454235797666205
 0.0
 0.0
 0.0
 0.0
 0.0
 0.0
 0.0
 0.0
 0.0
 0.0
 0.0
 0.0
 0.0
 0.16572555405862766
 0.49717666217588297
 0.0
 0.0
 0.0
 0.0
 0.0
 0.0
 0.0
 0.6455743910916739
 0.9016386262993585
 1.4048335832615158
 0.010486787904250613
 0.014646326079156018
 0.022820285364045498
 0.0
 0.0
 0.0
 0.0
 0.0
 0.0
 0.0
 0.0
 0.0
 0.0
 0.0
 4.612808854724146
 2.6394784428089237
 0.0
 0.0
 0.0
 0.47558179002401146
 0.2721309124429191
 0.0
 0.0
 0.0
 0.0
 0.0
 0.0
 0.0
 0.0
 0.0
 0.0
 0.0
 0.0
 0.0
 0.0
 0.0
 0.0
 0.0
 0.0
 0.0
 0.0
 0.0
 0.0
 0.0
 0.0
 0.0
 0.0
 0.0
 0.0
 0.6262901513185595
 0.3131450756592797
 0.0
 0.0
 1.3737098486814405
 0.6868549243407203
 0.0
 0.0
 0.0
 0.0
 0.0
 0.0
 0.0
 0.0
 0.0
 0.0
 0.0
 0.0
 0.0
 0.0
 0.0
 0.0
 0.0
 0.0
 0.0
 0.0
 0.0
 0.0
 0.0
 0.0
 0.0
 0.0
 0.0
 0.0
 0.0
 0.0
 0.0
 0.0
 0.0
 0.0
 0.0
 1.770582497442192
 1.0
 0.2294175025578079
 0.0
 0.0
 0.0
 0.0
 0.0
 0.0
 0.0
 0.0
 0.0
 1.493481522969231
 0.7467407614846155
 0.0
 0.506518477030769
 0.2532592385153844
 0.0
 0.0
 0.0
 0.0
 0.0
 0.0
 0.0
 0.0
 0.0
 0.0
 0.0
 0.0
 0.0
 0.0
 0.0
 0.13786828347686467
 0.0
 0.0
 0.0
 0.0
 0.0
 0.0
 0.0
 0.8621317165231354
 0.0
 0.0
 0.0
 0.0
 0.0
 0.0
 0.0
 0.0
 0.0
 0.0
 0.0
 0.0
 0.0
 0.0
 0.4551800914734498
 0.575586318992284
 0.0
 0.2275900457367249
 0.0
 0.0
 0.0
 0.0
 1.54481990852655
 1.9534624235793463
 0.0
 0.7724099542632751
x_ij_opt: 1-dimensional DenseAxisArray{Float64,1,...} with index sets:
    Dimension 1, [(43, 30), (43, 22), (43, 6), (44, 22), (45, 30), (45, 29), (45, 28), (45, 24), (45, 23), (40, 29)  …  (5, 7), (5, 14), (6, 4), (6, 3), (1, 14), (1, 10), (1, 23), (1, 1), (3, 2), (3, 1)]
And data, a 116-element Vector{Float64}:
 0.0
 1.6054825237962507
 1.252287297533069
 0.0
 0.0
 0.0
 1.9451388399956995
 0.0
 0.0
 0.0
 0.0
 0.0
 0.0
 0.0
 0.0
 0.0
 0.0
 0.0
 0.2196453731366602
 0.0
 0.0
 0.0
 0.0
 0.0
 0.0
 0.0
 0.0
 2.0
 0.054861160004300615
 0.0
 0.0
 0.0
 0.0
 0.0
 0.0
 0.0
 0.0
 0.0
 0.0
 0.0
 0.0
 0.0
 0.0
 0.7477127024669309
 0.0
 0.0
 0.361399623047456
 0.0
 0.0
 0.0
 0.0
 0.0
 0.0
 0.0
 0.0
 3.0
 0.0
 0.9116093552518423
 0.08371504762148632
 2.0
 0.0
 0.0
 0.0
 0.22941750255780816
 6.0
 0.0
 0.0
 0.0
 0.0
 0.7803546268633398
 0.0
 0.0
 0.0
 0.0
 0.0
 0.0
 0.0
 0.9742938399060428
 0.0
 0.0
 0.0
 0.0
 0.0
 0.0
 0.0
 0.0
 0.0
 0.03311785315629346
 0.0
 0.0
 0.0
 1.0257061600939572
 0.0
 0.0
 0.0
 0.0
 0.0
 0.0
 0.0
 0.0
 0.0
 0.0
 0.0
 0.0
 0.0
 1.2993066499977666
 0.0
 0.0
 0.12416459202995955
 0.0
 0.04463217100630904
 0.0
 0.0
 3.606381617313565
 0.0
 0.0
x_il_opt: 1-dimensional DenseAxisArray{Float64,1,...} with index sets:
    Dimension 1, [(43, 15), (43, 14), (44, 15), (44, 13), (44, 3), (40, 14), (40, 2), (41, 14), (42, 6), (37, 13)  …  (4, 13), (5, 2), (5, 7), (5, 9), (6, 11), (1, 1), (1, 6), (1, 3), (2, 1), (2, 15)]
And data, a 71-element Vector{Float64}:
 0.0
 0.0
 0.0
 2.2402222844538464
 4.0970820109667505
 0.13786828347686467
 0.0
 0.0
 2.2765330107433295
 0.7597777155461534
 0.0
 3.0
 0.0
 0.0
 3.0
 0.0
 0.0
 0.0
 7.252287297533069
 0.0
 0.0
 0.8621317165231354
 3.0
 0.9394352269778393
 2.060564773022161
 0.0
 0.7477127024669298
 0.0
 0.0
 0.0
 2.0046755971266714
 0.0
 0.0
 0.0
 0.0
 0.0
 0.0
 0.0
 0.9612889169342018
 1.2583564562024587
 0.0
 0.0
 3.0
 0.0
 0.0
 2.060564773022161
 0.0
 2.9520466006525483
 0.0
 0.0
 0.0
 0.0
 0.0
 0.0
 0.0
 0.0
 0.0
 0.2168339935876347
 0.0
 0.0
 0.0
 0.0
 0.0
 0.04795339934745212
 0.0
 0.0
 0.0
 0.6629022162345106
 3.6860839954456153
 0.0
 4.270692286369171
x_lj_opt: 1-dimensional DenseAxisArray{Float64,1,...} with index sets:
    Dimension 1, [(15, 30), (15, 29), (15, 23), (15, 3), (14, 28), (14, 27), (14, 10), (14, 24), (13, 26), (13, 25)  …  (3, 6), (3, 5), (3, 29), (2, 4), (2, 3), (2, 1), (2, 5), (1, 2), (1, 1), (1, 14)]
And data, a 53-element Vector{Float64}:
 2.0
 2.5290487425716304
 0.0
 1.0
 0.0
 1.0
 0.0
 0.0
 2.0
 1.0
 0.0
 1.770582497442192
 1.0
 0.2294175025578081
 0.0
 0.0
 0.0
 0.0
 0.0
 0.0
 0.0
 2.0
 1.0
 0.0
 0.0
 0.0
 5.0883906447481575
 2.911609355251843
 0.0
 0.0
 0.6560611789959245
 0.9162849523785145
 1.4276538686255613
 2.0
 6.0
 0.0
 1.9668821468437065
 1.0
 0.0
 0.033117853156293356
 0.0
 0.0
 0.0
 0.0
 4.758466245129438
 3.241533754870562
 1.8758354079700406
 0.0
 0.0
 1.1241645920299594
 2.0
 0.9659645140608735
 0.0
q_opt: 1-dimensional DenseAxisArray{Float64,1,...} with index sets:
    Dimension 1, [(43, 15), (43, 14), (44, 15), (44, 13), (44, 3), (40, 14), (40, 2), (41, 14), (42, 6), (37, 13)  …  (4, 13), (5, 2), (5, 7), (5, 9), (6, 11), (1, 1), (1, 6), (1, 3), (2, 1), (2, 15)]
And data, a 71-element Vector{Float64}:
 0.0
 0.0
 0.0
 0.7467407614846155
 0.5121352513708438
 0.13786828347686467
 0.0
 0.0
 0.2845666263429162
 0.25325923851538445
 0.0
 1.0
 0.0
 0.0
 0.375
 0.0
 0.0
 0.0
 0.9065359121916337
 0.0
 0.0
 0.8621317165231354
 1.0
 0.31314507565927974
 0.2575705966277701
 0.0
 0.09346408780836632
 0.0
 0.0
 1.0
 0.6758933182184146
 0.0
 0.0
 0.0
 0.0
 0.0
 0.0
 0.0
 0.3241066817815853
 0.2275900457367249
 0.0
 0.0
 1.0
 0.0
 0.0
 0.6868549243407203
 0.0
 0.9840155335508494
 0.0
 0.0
 0.0
 1.0
 0.0
 0.0
 0.0
 1.0
 0.0
 0.027104249198454337
 0.0
 0.0
 0.0
 0.0
 0.0
 0.01598446644915071
 0.0
 0.0
 0.0
 0.08286277702931383
 0.4607604994307019
 0.0
 0.7724099542632751
