
PROBLEM STATISTICS
  Objective sense = Min
  # Variables = 572
  # Bin-Int Variables = 0
  # Constraints = 621
  # NL Constraints = 261
  # Linear Constraints = 360
  # Detected convex constraints = 0
  # Detected nonlinear terms = 261
  # Variables involved in nonlinear terms = 124
  # Potential variables for partitioning = 124
SUB-SOLVERS USED BY ALPINE
  NLP local solver = Knitro
  MIP solver = Gurobi
ALPINE CONFIGURATION
  Maximum iterations (lower-bounding MIPs) =  1
  Relative global optimality gap = 0.01%
  Potential variables chosen for partitioning = All
  Discretization ratio = 10
  Bound-tightening presolve = false
PRESOLVE 
  Doing local search

Feasible solution found during presolve: [1.175290099337707, 0.0, 0.0, 0.8247099006622933, 0.0, 0.0, 0.0, 0.0, 0.0, 0.0, 0.0, 0.0, 0.0, 0.0, 0.0, 0.0, 0.0, 0.0, 0.0, 3.0, 0.0, 0.0, 0.0, 0.0, 0.0, 0.0, 0.0, 0.0, 0.0, 0.0, 0.0, 0.0, 0.0, 0.0, 0.0, 0.0, 0.0, 0.0, 0.0, 0.0, 0.0, 0.0, 0.0, 0.21910717401202093, 0.5889843250188248, 0.06446405618886275, 0.0, 0.0, 0.0, 0.7652523094024747, 2.0570828725935986, 0.2251467488201534, 0.0, 0.0, 0.0, 0.0, 0.0, 0.0, 0.0, 2.0, 1.0, 0.0, 0.0, 0.0, 0.0, 0.0, 0.0, 0.0, 0.0, 0.0, 0.0, 0.6861587290682445, 2.058476187204733, 0.0, 0.0, 0.0, 0.0, 0.5469008458683864, 1.6407025376051592, 0.0, 0.0, 0.0, 0.0, 0.0, 0.0, 0.0, 0.0, 0.0, 0.0, 0.0, 0.0, 0.0, 0.7669404250633692, 2.3008212751901076, 0.0, 0.0, 0.0, 0.0, 0.0, 0.0, 0.0, 0.6535563620935818, 0.5655559463534916, 0.8908784971642809, 0.2756747421683421, 0.23855553818393868, 0.37577891403636454, 0.0, 0.0, 0.0, 0.0, 0.0, 0.0, 0.0, 0.0, 0.0, 0.0, 0.0, 2.903791998507765, 2.0962080014922355, 0.0, 0.0, 0.0, 1.7422751991046588, 1.2577248008953412, 0.0, 0.0, 0.0, 0.0, 0.0, 0.0, 0.0, 0.0, 0.0, 0.0, 0.0, 0.0, 0.0, 0.0, 0.0, 0.0, 0.0, 0.0, 0.0, 0.0, 0.0, 0.0, 0.0814284681060631, 0.19346011470608399, 0.0, 0.0, 0.0, 0.0, 0.5415977443509695, 0.27079887217548476, 0.0, 0.0, 1.4584022556490306, 0.7292011278245153, 0.0, 0.0, 0.0, 0.0, 0.0, 0.0, 0.0, 0.0, 0.0, 0.0, 0.0, 0.0, 0.0, 0.0, 2.0, 0.0, 0.0, 0.0, 0.5566975215261357, 0.44330247847386406, 0.0, 0.0, 0.0, 0.0, 0.0, 0.0, 0.0, 0.0, 0.0, 0.0, 0.0, 0.0, 0.0, 0.0, 0.0, 1.4433024784738644, 1.0, 0.5566975215261359, 0.0, 0.0, 0.0, 0.0, 0.0, 0.0, 0.0, 0.0, 0.0, 1.3918916230337395, 0.6959458115168696, 0.0, 0.6081083769662606, 0.30405418848313026, 0.0, 0.0, 0.0, 0.0, 0.0, 0.0, 0.0, 0.0, 0.0, 0.0, 0.0, 0.0, 0.0, 0.0, 0.1887780089454924, 0.629557379902322, 0.0, 0.0, 0.0, 0.0, 0.0, 0.0, 0.0, 0.0, 0.0, 0.0, 0.0, 0.0, 0.0, 0.0, 0.0, 0.0, 0.0, 0.0, 0.0, 0.0, 0.0, 0.0, 0.0, 0.0, 0.0, 0.0, 0.0, 0.0, 0.0, 0.0, 2.0, 0.5707213352683048, 0.0, 1.0, 0.0, 0.0, 0.0, 2.087837434550609, 0.0, 0.8183353888478144, 0.0, 0.0, 2.7446349162729766, 0.9121625654493908, 0.0, 3.0, 0.0, 0.0, 0.0, 0.0, 0.0, 0.0, 5.0, 0.0, 0.8725555552197086, 0.0, 3.0, 0.8123966165264542, 2.1876033834735455, 0.0, 3.0, 0.0, 3.0, 0.2748885828121471, 1.175290099337707, 0.0, 0.0, 0.0, 0.0, 0.0, 0.0, 0.0, 0.8247099006622933, 0.0, 0.0, 0.0, 3.0, 0.0, 0.0, 2.187603383473546, 0.0, 2.1099908056113543, 0.0, 0.0, 0.0, 0.0, 0.0, 0.0, 3.047481930816227, 0.0, 0.0, 0.0, 0.0, 0.0, 0.0, 0.0, 0.0, 0.8900091943886452, 0.0, 0.0, 0.0, 3.067761700253477, 0.0, 0.0, 3.570721335268305, 2.0, 0.5707213352683048, 0.0, 1.0, 0.1887780089454924, 0.629557379902322, 0.0, 0.0, 2.0, 1.0, 0.0, 1.4433024784738644, 1.0, 0.5566975215261359, 2.0, 0.0, 0.0, 0.0, 0.5566975215261357, 0.44330247847386406, 0.0, 2.0, 1.0, 0.0814284681060631, 0.19346011470608399, 0.0, 4.646067197612424, 3.3539328023875767, 0.0, 0.0, 0.9292311042619239, 0.8041114845374304, 1.2666574112006455, 2.0, 6.0, 0.0, 2.0, 1.0, 0.0, 0.0, 0.9843594834144955, 2.6460671976124233, 0.2896108050090161, 0.0, 0.0, 0.0, 0.0, 0.0, 0.0, 3.0, 2.0, 0.0, 0.0, 0.0, 0.0, 1.4996363609512093, 0.0, 0.0, 0.0, 1.8112219910545075, 0.0, 0.0, 1.8725811432055595, 0.0, 0.0, 0.0, 0.0, 0.0, 0.0, 0.0, 0.0, 0.0, 0.0, 0.0, 0.0, 0.0, 0.0, 0.0, 0.0, 0.0, 2.0, 0.0, 3.0, 0.0, 0.0, 0.0, 0.0, 0.0, 0.0, 0.0, 0.0, 0.0, 0.0, 0.0, 0.0, 0.0, 0.5003636390487914, 0.0, 0.0, 0.0, 0.0, 0.0, 0.0, 0.0, 0.0, 0.0, 0.0, 0.0, 0.0, 0.0, 1.3539328023875763, 0.19588851546256952, 1.918571531893937, 0.0, 0.0, 0.0, 0.0, 6.0, 0.0, 0.0, 0.0, 0.0, 0.8065398852939161, 0.0, 0.0, 0.0, 0.0, 0.0, 0.0, 0.370442620097678, 1.0156405165855042, 0.0, 0.0, 0.0, 0.0, 0.0, 0.0, 0.0, 0.0, 0.0, 0.0, 0.0, 0.02048448671792453, 0.0, 0.0, 0.0, 0.0, 0.0, 0.0, 0.0, 0.0, 0.0, 0.0, 0.0, 0.0, 0.0, 0.0, 0.0, 0.8718731847909078, 0.0, 0.0, 1.710389194990984, 0.0, 0.19889571094716835, 0.0, 0.0, 4.7333425887993545, 0.0, 0.0, 0.0, 0.0, 0.0, 0.6959458115168697, 0.0, 1.0, 0.0, 0.0, 0.34307936453412213, 0.3040541884831303, 0.0, 1.0, 0.0, 0.0, 0.0, 0.0, 0.0, 0.0, 0.625, 0.0, 0.22258857430010554, 0.0, 1.0, 0.27079887217548476, 0.2734504229341932, 0.0, 0.375, 0.0, 1.0, 1.0, 0.5876450496688534, 0.0, 0.0, 0.0, 0.0, 0.0, 0.0, 0.0, 0.41235495033114666, 0.0, 0.0, 0.0, 1.0, 0.0, 0.0, 0.7292011278245153, 0.0, 0.7033302685371181, 0.0, 0.0, 0.0, 0.0, 0.0, 1.0, 0.7774114256998946, 0.0, 0.0, 0.0, 0.0, 0.0, 0.0, 0.0, 0.0, 0.2966697314628818, 0.0, 0.0, 0.0, 0.3834702125316846, 0.0, 0.0, 1.0]  :with objective: -596.0309769589358

  Local solver returns a feasible point with value -596.031
disc:  333  :[0.0, 1.8, 2.0]
disc:  334  :[0.0, 1.1707213352683048, 6.0]
disc:  335  :[0.0, 0.1, 1.0]
disc:  336  :[0.0, 0.9, 1.0]
disc:  337  :[0.0, 0.3887780089454924, 2.0]
disc:  338  :[0.0, 0.529557379902322, 0.729557379902322, 1.0]
disc:  339  :[0.0, 0.2, 2.0]
disc:  340  :[0.0, 0.2, 2.0]
disc:  341  :[0.0, 1.8, 2.0]
disc:  342  :[0.0, 0.9, 1.0]
disc:  343  :[0.0, 0.2, 2.0]
disc:  344  :[0.0, 1.2433024784738644, 1.6433024784738643, 2.0]
disc:  345  :[0.0, 0.9, 1.0]
disc:  346  :[0.0, 0.25669752152613595, 0.8566975215261359, 3.0]
disc:  347  :[0.0, 1.8, 2.0]
disc:  348  :[0.0, 0.6, 6.0]
disc:  349  :[0.0, 0.2, 2.0]
disc:  350  :[0.0, 0.1, 1.0]
disc:  351  :[0.0, 0.3566975215261357, 0.7566975215261358, 2.0]
disc:  352  :[0.0, 1.043302478473864, 6.0]
disc:  353  :[0.0, 0.1, 1.0]
disc:  354  :[0.0, 1.8, 2.0]
disc:  355  :[0.0, 0.9, 1.0]
disc:  356  :[0.0, 0.28142846810606315, 2.0]
disc:  357  :[0.0, 0.09346011470608398, 0.293460114706084, 1.0]
disc:  358  :[0.0, 0.2, 2.0]
disc:  359  :[0.0, 4.046067197612424, 5.246067197612423, 6.0]
disc:  360  :[0.0, 2.7539328023875767, 3.953932802387577, 6.0]
disc:  361  :[0.0, 0.2, 2.0]
disc:  362  :[0.0, 0.1, 1.0]
disc:  363  :[0.0, 0.729231104261924, 1.1292311042619239, 2.0]
disc:  364  :[0.0, 0.7041114845374304, 0.9041114845374304, 1.0]
disc:  365  :[0.0, 0.9666574112006454, 1.5666574112006455, 3.0]
disc:  366  :[0.0, 1.8, 2.0]
disc:  367  :[0.0, 5.4, 6.0]
disc:  368  :[0.0, 0.2, 2.0]
disc:  369  :[0.0, 1.8, 2.0]
disc:  370  :[0.0, 0.9, 1.0]
disc:  371  :[0.0, 0.2, 2.0]
disc:  372  :[0.0, 0.2, 2.0]
disc:  373  :[0.0, 0.7843594834144956, 1.1843594834144955, 2.0]
disc:  374  :[0.0, 2.046067197612423, 3.2460671976124233, 6.0]
disc:  375  :[0.0, 0.08961080500901608, 0.4896108050090161, 2.0]
disc:  376  :[0.0, 0.2, 2.0]
disc:  377  :[0.0, 0.6, 6.0]
disc:  378  :[0.0, 0.6, 6.0]
disc:  379  :[0.0, 0.2, 2.0]
disc:  380  :[0.0, 0.1, 1.0]
disc:  381  :[0.0, 0.3, 3.0]
disc:  382  :[0.0, 2.7, 3.0]
disc:  383  :[0.0, 1.8, 2.0]
disc:  384  :[0.0, 0.6, 6.0]
disc:  385  :[0.0, 0.2, 2.0]
disc:  502  :[0.0, 0.1, 1.0]
disc:  503  :[0.0, 0.1, 1.0]
disc:  504  :[0.0, 0.1, 1.0]
disc:  505  :[0.0, 0.5959458115168698, 0.7959458115168697, 1.0]
disc:  506  :[0.0, 0.1, 1.0]
disc:  507  :[0.0, 0.9, 1.0]
disc:  508  :[0.0, 0.1, 1.0]
disc:  509  :[0.0, 0.1, 1.0]
disc:  510  :[0.0, 0.24307936453412213, 0.4430793645341221, 1.0]
disc:  511  :[0.0, 0.2040541884831303, 0.40405418848313035, 1.0]
disc:  512  :[0.0, 0.1, 1.0]
disc:  513  :[0.0, 0.9, 1.0]
disc:  514  :[0.0, 0.1, 1.0]
disc:  515  :[0.0, 0.1, 1.0]
disc:  516  :[0.0, 0.1, 1.0]
disc:  517  :[0.0, 0.1, 1.0]
disc:  518  :[0.0, 0.1, 1.0]
disc:  519  :[0.0, 0.1, 1.0]
disc:  520  :[0.0, 0.525, 0.725, 1.0]
disc:  521  :[0.0, 0.1, 1.0]
disc:  522  :[0.0, 0.12258857430010553, 0.32258857430010557, 1.0]
disc:  523  :[0.0, 0.1, 1.0]
disc:  524  :[0.0, 0.9, 1.0]
disc:  525  :[0.0, 0.17079887217548476, 0.3707988721754848, 1.0]
disc:  526  :[0.0, 0.1734504229341932, 0.37345042293419317, 1.0]
disc:  527  :[0.0, 0.1, 1.0]
disc:  528  :[0.0, 0.275, 0.475, 1.0]
disc:  529  :[0.0, 0.1, 1.0]
disc:  530  :[0.0, 0.9, 1.0]
disc:  531  :[0.0, 0.9, 1.0]
disc:  532  :[0.0, 0.48764504966885347, 0.6876450496688534, 1.0]
disc:  533  :[0.0, 0.1, 1.0]
disc:  534  :[0.0, 0.1, 1.0]
disc:  535  :[0.0, 0.1, 1.0]
disc:  536  :[0.0, 0.1, 1.0]
disc:  537  :[0.0, 0.1, 1.0]
disc:  538  :[0.0, 0.1, 1.0]
disc:  539  :[0.0, 0.1, 1.0]
disc:  540  :[0.0, 0.3123549503311467, 0.5123549503311466, 1.0]
disc:  541  :[0.0, 0.1, 1.0]
disc:  542  :[0.0, 0.1, 1.0]
disc:  543  :[0.0, 0.1, 1.0]
disc:  544  :[0.0, 0.9, 1.0]
disc:  545  :[0.0, 0.1, 1.0]
disc:  546  :[0.0, 0.1, 1.0]
disc:  547  :[0.0, 0.6292011278245153, 0.8292011278245153, 1.0]
disc:  548  :[0.0, 0.1, 1.0]
disc:  549  :[0.0, 0.6033302685371181, 0.8033302685371181, 1.0]
disc:  550  :[0.0, 0.1, 1.0]
disc:  551  :[0.0, 0.1, 1.0]
disc:  552  :[0.0, 0.1, 1.0]
disc:  553  :[0.0, 0.1, 1.0]
disc:  554  :[0.0, 0.1, 1.0]
disc:  555  :[0.0, 0.9, 1.0]
disc:  556  :[0.0, 0.6774114256998947, 0.8774114256998946, 1.0]
disc:  557  :[0.0, 0.1, 1.0]
disc:  558  :[0.0, 0.1, 1.0]
disc:  559  :[0.0, 0.1, 1.0]
disc:  560  :[0.0, 0.1, 1.0]
disc:  561  :[0.0, 0.1, 1.0]
disc:  562  :[0.0, 0.1, 1.0]
disc:  563  :[0.0, 0.1, 1.0]
disc:  564  :[0.0, 0.1, 1.0]
disc:  565  :[0.0, 0.19666973146288177, 0.39666973146288176, 1.0]
disc:  566  :[0.0, 0.1, 1.0]
disc:  567  :[0.0, 0.1, 1.0]
disc:  568  :[0.0, 0.1, 1.0]
disc:  569  :[0.0, 0.2834702125316846, 0.48347021253168465, 1.0]
disc:  570  :[0.0, 0.1, 1.0]
disc:  571  :[0.0, 0.1, 1.0]
disc:  572  :[0.0, 0.9, 1.0]
  Completed presolve in 9.6s
LOWER-BOUNDING ITERATIONS
====================================================================================================
| Iter   | Incumbent       | Best Incumbent      | Lower Bound        | Gap (%)         | Time      
| finish | -596.031        | -596.031            | -641.0614          | 7.555           | 28.02s           
Final UBD: -596.0309769589358
Final LBD: -641.0614425916187
====================================================================================================

*** Alpine ended with status OTHER_LIMIT ***

 Total time for local solves: 7.36s

 Total time for solving max-min problems: 0.0s

 Total time excluding max-min time: 28.02s

presolve objective value: -596.0309769589358
w_opt: 1-dimensional DenseAxisArray{Float64,1,...} with index sets:
    Dimension 1, [(25, 1, 2), (25, 1, 1), (25, 1, 14), (20, 1, 2), (20, 1, 1), (20, 1, 14), (1, 1, 2), (1, 1, 1), (1, 1, 14), (2, 1, 2)  …  (20, 15, 23), (20, 15, 3), (8, 15, 30), (8, 15, 29), (8, 15, 23), (8, 15, 3), (2, 15, 30), (2, 15, 29), (2, 15, 23), (2, 15, 3)]
And data, a 261-element Vector{Float64}:
 1.175290099337707
 0.0
 0.0
 0.8247099006622933
 0.0
 0.0
 0.0
 0.0
 0.0
 0.0
 0.0
 0.0
 0.0
 0.0
 0.0
 0.0
 0.0
 0.0
 0.0
 3.0
 0.0
 0.0
 0.0
 0.0
 0.0
 0.0
 0.0
 0.0
 0.0
 0.0
 0.0
 0.0
 0.0
 0.0
 0.0
 0.0
 0.0
 0.0
 0.0
 0.0
 0.0
 0.0
 0.0
 0.21910717401202093
 0.5889843250188248
 0.06446405618886275
 0.0
 0.0
 0.0
 0.7652523094024747
 2.0570828725935986
 0.2251467488201534
 0.0
 0.0
 0.0
 0.0
 0.0
 0.0
 0.0
 2.0
 1.0
 0.0
 0.0
 0.0
 0.0
 0.0
 0.0
 0.0
 0.0
 0.0
 0.0
 0.6861587290682445
 2.058476187204733
 0.0
 0.0
 0.0
 0.0
 0.5469008458683864
 1.6407025376051592
 0.0
 0.0
 0.0
 0.0
 0.0
 0.0
 0.0
 0.0
 0.0
 0.0
 0.0
 0.0
 0.0
 0.7669404250633692
 2.3008212751901076
 0.0
 0.0
 0.0
 0.0
 0.0
 0.0
 0.0
 0.6535563620935818
 0.5655559463534916
 0.8908784971642809
 0.2756747421683421
 0.23855553818393868
 0.37577891403636454
 0.0
 0.0
 0.0
 0.0
 0.0
 0.0
 0.0
 0.0
 0.0
 0.0
 0.0
 2.903791998507765
 2.0962080014922355
 0.0
 0.0
 0.0
 1.7422751991046588
 1.2577248008953412
 0.0
 0.0
 0.0
 0.0
 0.0
 0.0
 0.0
 0.0
 0.0
 0.0
 0.0
 0.0
 0.0
 0.0
 0.0
 0.0
 0.0
 0.0
 0.0
 0.0
 0.0
 0.0
 0.0814284681060631
 0.19346011470608399
 0.0
 0.0
 0.0
 0.0
 0.5415977443509695
 0.27079887217548476
 0.0
 0.0
 1.4584022556490306
 0.7292011278245153
 0.0
 0.0
 0.0
 0.0
 0.0
 0.0
 0.0
 0.0
 0.0
 0.0
 0.0
 0.0
 0.0
 0.0
 2.0
 0.0
 0.0
 0.0
 0.5566975215261357
 0.44330247847386406
 0.0
 0.0
 0.0
 0.0
 0.0
 0.0
 0.0
 0.0
 0.0
 0.0
 0.0
 0.0
 0.0
 0.0
 0.0
 1.4433024784738644
 1.0
 0.5566975215261359
 0.0
 0.0
 0.0
 0.0
 0.0
 0.0
 0.0
 0.0
 0.0
 1.3918916230337395
 0.6959458115168696
 0.0
 0.6081083769662606
 0.30405418848313026
 0.0
 0.0
 0.0
 0.0
 0.0
 0.0
 0.0
 0.0
 0.0
 0.0
 0.0
 0.0
 0.0
 0.0
 0.1887780089454924
 0.629557379902322
 0.0
 0.0
 0.0
 0.0
 0.0
 0.0
 0.0
 0.0
 0.0
 0.0
 0.0
 0.0
 0.0
 0.0
 0.0
 0.0
 0.0
 0.0
 0.0
 0.0
 0.0
 0.0
 0.0
 0.0
 0.0
 0.0
 0.0
 0.0
 0.0
 0.0
 2.0
 0.5707213352683048
 0.0
 1.0
x_ij_opt: 1-dimensional DenseAxisArray{Float64,1,...} with index sets:
    Dimension 1, [(43, 30), (43, 22), (43, 6), (44, 22), (45, 30), (45, 29), (45, 28), (45, 24), (45, 23), (40, 29)  …  (5, 7), (5, 14), (6, 4), (6, 3), (1, 14), (1, 10), (1, 23), (1, 1), (3, 2), (3, 1)]
And data, a 116-element Vector{Float64}:
 0.0
 0.0
 1.4996363609512093
 0.0
 0.0
 0.0
 1.8112219910545075
 0.0
 0.0
 1.8725811432055595
 0.0
 0.0
 0.0
 0.0
 0.0
 0.0
 0.0
 0.0
 0.0
 0.0
 0.0
 0.0
 0.0
 0.0
 0.0
 0.0
 0.0
 2.0
 0.0
 3.0
 0.0
 0.0
 0.0
 0.0
 0.0
 0.0
 0.0
 0.0
 0.0
 0.0
 0.0
 0.0
 0.0
 0.5003636390487914
 0.0
 0.0
 0.0
 0.0
 0.0
 0.0
 0.0
 0.0
 0.0
 0.0
 0.0
 0.0
 0.0
 1.3539328023875763
 0.19588851546256952
 1.918571531893937
 0.0
 0.0
 0.0
 0.0
 6.0
 0.0
 0.0
 0.0
 0.0
 0.8065398852939161
 0.0
 0.0
 0.0
 0.0
 0.0
 0.0
 0.370442620097678
 1.0156405165855042
 0.0
 0.0
 0.0
 0.0
 0.0
 0.0
 0.0
 0.0
 0.0
 0.0
 0.0
 0.02048448671792453
 0.0
 0.0
 0.0
 0.0
 0.0
 0.0
 0.0
 0.0
 0.0
 0.0
 0.0
 0.0
 0.0
 0.0
 0.0
 0.8718731847909078
 0.0
 0.0
 1.710389194990984
 0.0
 0.19889571094716835
 0.0
 0.0
 4.7333425887993545
 0.0
 0.0
x_il_opt: 1-dimensional DenseAxisArray{Float64,1,...} with index sets:
    Dimension 1, [(43, 15), (43, 14), (44, 15), (44, 13), (44, 3), (40, 14), (40, 2), (41, 14), (42, 6), (37, 13)  …  (4, 13), (5, 2), (5, 7), (5, 9), (6, 11), (1, 1), (1, 6), (1, 3), (2, 1), (2, 15)]
And data, a 71-element Vector{Float64}:
 0.0
 0.0
 0.0
 2.087837434550609
 0.0
 0.8183353888478144
 0.0
 0.0
 2.7446349162729766
 0.9121625654493908
 0.0
 3.0
 0.0
 0.0
 0.0
 0.0
 0.0
 0.0
 5.0
 0.0
 0.8725555552197086
 0.0
 3.0
 0.8123966165264542
 2.1876033834735455
 0.0
 3.0
 0.0
 3.0
 0.2748885828121471
 1.175290099337707
 0.0
 0.0
 0.0
 0.0
 0.0
 0.0
 0.0
 0.8247099006622933
 0.0
 0.0
 0.0
 3.0
 0.0
 0.0
 2.187603383473546
 0.0
 2.1099908056113543
 0.0
 0.0
 0.0
 0.0
 0.0
 0.0
 3.047481930816227
 0.0
 0.0
 0.0
 0.0
 0.0
 0.0
 0.0
 0.0
 0.8900091943886452
 0.0
 0.0
 0.0
 3.067761700253477
 0.0
 0.0
 3.570721335268305
x_lj_opt: 1-dimensional DenseAxisArray{Float64,1,...} with index sets:
    Dimension 1, [(15, 30), (15, 29), (15, 23), (15, 3), (14, 28), (14, 27), (14, 10), (14, 24), (13, 26), (13, 25)  …  (3, 6), (3, 5), (3, 29), (2, 4), (2, 3), (2, 1), (2, 5), (1, 2), (1, 1), (1, 14)]
And data, a 53-element Vector{Float64}:
 2.0
 0.5707213352683048
 0.0
 1.0
 0.1887780089454924
 0.629557379902322
 0.0
 0.0
 2.0
 1.0
 0.0
 1.4433024784738644
 1.0
 0.5566975215261359
 2.0
 0.0
 0.0
 0.0
 0.5566975215261357
 0.44330247847386406
 0.0
 2.0
 1.0
 0.0814284681060631
 0.19346011470608399
 0.0
 4.646067197612424
 3.3539328023875767
 0.0
 0.0
 0.9292311042619239
 0.8041114845374304
 1.2666574112006455
 2.0
 6.0
 0.0
 2.0
 1.0
 0.0
 0.0
 0.9843594834144955
 2.6460671976124233
 0.2896108050090161
 0.0
 0.0
 0.0
 0.0
 0.0
 0.0
 3.0
 2.0
 0.0
 0.0
q_opt: 1-dimensional DenseAxisArray{Float64,1,...} with index sets:
    Dimension 1, [(43, 15), (43, 14), (44, 15), (44, 13), (44, 3), (40, 14), (40, 2), (41, 14), (42, 6), (37, 13)  …  (4, 13), (5, 2), (5, 7), (5, 9), (6, 11), (1, 1), (1, 6), (1, 3), (2, 1), (2, 15)]
And data, a 71-element Vector{Float64}:
 0.0
 0.0
 0.0
 0.6959458115168697
 0.0
 1.0
 0.0
 0.0
 0.34307936453412213
 0.3040541884831303
 0.0
 1.0
 0.0
 0.0
 0.0
 0.0
 0.0
 0.0
 0.625
 0.0
 0.22258857430010554
 0.0
 1.0
 0.27079887217548476
 0.2734504229341932
 0.0
 0.375
 0.0
 1.0
 1.0
 0.5876450496688534
 0.0
 0.0
 0.0
 0.0
 0.0
 0.0
 0.0
 0.41235495033114666
 0.0
 0.0
 0.0
 1.0
 0.0
 0.0
 0.7292011278245153
 0.0
 0.7033302685371181
 0.0
 0.0
 0.0
 0.0
 0.0
 1.0
 0.7774114256998946
 0.0
 0.0
 0.0
 0.0
 0.0
 0.0
 0.0
 0.0
 0.2966697314628818
 0.0
 0.0
 0.0
 0.3834702125316846
 0.0
 0.0
 1.0
