
PROBLEM STATISTICS
  Objective sense = Min
  # Variables = 572
  # Bin-Int Variables = 0
  # Constraints = 621
  # NL Constraints = 261
  # Linear Constraints = 360
  # Detected convex constraints = 0
  # Detected nonlinear terms = 261
  # Variables involved in nonlinear terms = 124
  # Potential variables for partitioning = 124
SUB-SOLVERS USED BY ALPINE
  NLP local solver = Knitro
  MIP solver = Gurobi
ALPINE CONFIGURATION
  Maximum iterations (lower-bounding MIPs) =  1
  Relative global optimality gap = 0.01%
  Potential variables chosen for partitioning = All
  Discretization ratio = 10
  Bound-tightening presolve = false
PRESOLVE 
  Doing local search

Feasible solution found during presolve: [1.3089526676516798, 1.0553146038301275, 0.0, 0.5522042954937783, 0.445202696578624, 0.0, 0.0, 0.0, 0.0, 0.0, 0.0, 0.0, 0.0, 0.0, 0.0, 0.0, 0.959964269464871, 0.0, 1.2472560909508315, 0.7927796395842976, 0.0, 0.0, 0.0, 0.0, 0.0, 0.0, 0.0, 0.0, 0.0, 3.1449912381601495, 1.6867478018355835, 0.0, 0.0, 0.0, 0.0, 0.0, 0.0, 0.0, 0.0, 0.0, 0.0, 2.062229122255552, 1.106031837748715, 0.0, 0.0, 0.0, 0.0, 0.0, 0.0, 0.0, 0.0, 0.0, 0.0, 0.0, 0.0, 0.0, 0.0, 0.0, 0.0, 2.0, 1.0, 0.0, 0.0, 0.0, 0.0, 0.0, 0.0, 0.0, 0.0, 0.0, 0.0, 0.5232713254343649, 1.5698139763030943, 0.0, 0.3577364529942657, 1.0732093589827967, 0.0, 0.5824699075220501, 1.7474097225661498, 0.0, 0.0, 0.0, 0.0, 0.0, 0.0, 0.0, 0.0, 0.0, 0.0, 0.0, 0.0, 0.0, 0.5365223140493198, 1.6095669421479593, 0.0, 0.0, 0.0, 0.0, 0.0, 0.0, 0.0, 1.5313826587596486, 0.8529766218725446, 0.6156407193678066, 0.0, 0.0, 0.0, 0.0, 0.0, 0.0, 0.0, 0.0, 0.0, 0.0, 0.0, 0.0, 0.0, 0.0, 3.4738666461119245, 2.8035337158885434, 0.0, 0.0, 0.0, 0.9532738206845955, 0.7693258173149363, 0.0, 0.0, 0.0, 0.0, 0.0, 0.0, 0.0, 0.0, 0.0, 0.0, 0.0, 0.0, 0.0, 0.0, 0.0, 0.0, 0.0, 0.0, 0.0, 0.0, 0.0, 0.0, 0.0, 0.0, 0.0, 0.0, 0.0, 0.0, 0.4467469132745334, 0.22337345663726668, 0.0, 0.0, 1.5532530867254666, 0.7766265433627332, 0.0, 0.0, 0.0, 0.0, 0.0, 0.0, 0.0, 0.0, 0.0, 0.0, 0.0, 0.0, 0.0, 0.0, 1.3618338276072368, 0.0, 0.0, 0.0, 1.6381661723927632, 0.0, 0.0, 0.0, 0.0, 0.0, 0.0, 0.0, 0.0, 0.0, 0.0, 0.0, 0.0, 0.0, 0.0, 0.0, 0.0, 0.36183382760723687, 1.0, 1.6381661723927632, 0.0, 0.0, 0.0, 0.0, 0.0, 0.0, 0.0, 0.0, 0.0, 1.5267802082632602, 0.6573987037692894, 0.10599140036234067, 0.4732197917367399, 0.20375825937616843, 0.03285163649220145, 0.0, 0.0, 0.0, 0.0, 0.0, 0.0, 0.0, 0.0, 0.0, 0.0, 0.0, 0.0, 0.0, 0.5114526588071036, 1.0, 0.0, 0.0, 0.0, 0.0, 0.0, 0.0, 0.0, 0.0, 0.0, 0.0, 0.0, 0.0, 0.0, 0.0, 0.0, 0.0, 0.0, 0.0, 0.0, 0.0, 0.0, 0.0, 0.8035381323491609, 0.0, 0.0, 0.40176906617458047, 0.0, 0.0, 0.0, 0.0, 1.196461867650839, 0.0, 0.0, 0.5982309338254196, 0.0, 0.0, 0.0, 2.29017031239489, 4.831739039995733, 1.5114526588071036, 0.0, 0.0, 2.0930853017374593, 0.7098296876051098, 0.0, 3.0, 0.0, 0.0, 1.4309458119770624, 0.0, 0.0, 0.0, 6.277400362000468, 0.0, 0.0, 0.0, 3.0, 0.6701203699118001, 2.3298796300882, 0.0, 1.7225996379995319, 0.0, 3.0, 0.0, 2.3642672714818076, 0.0, 0.0, 0.0, 0.0, 0.0, 0.0, 0.0, 0.9974069920724022, 1.2053071985237414, 0.0, 0.0, 3.0, 0.0, 0.0, 2.3298796300882, 0.0, 3.0, 0.0, 0.0, 0.0, 0.0, 0.0, 0.0, 0.0, 0.0, 0.0, 0.0, 0.0, 0.0, 0.0, 0.0, 0.0, 0.0, 0.0, 0.0, 0.0, 2.1460892561972793, 3.1682609600042673, 0.0, 1.7946928014762586, 2.0, 0.0, 0.0, 1.0, 0.5114526588071036, 1.0, 0.0, 0.0, 2.0, 0.8611569631454579, 0.13884303685454213, 0.36183382760723687, 1.0, 1.6381661723927632, 1.3618338276072368, 0.0, 0.0, 0.0, 1.6381661723927632, 0.0, 0.0, 2.0, 1.0, 0.0, 0.0, 0.0, 4.42714046679652, 3.5728595332034794, 0.0, 0.0, 1.5313826587596486, 0.8529766218725446, 0.6156407193678066, 2.0, 6.0, 0.0, 2.0, 1.0, 0.0, 0.0, 0.0, 0.0, 0.0, 0.0, 5.207220360415702, 2.7927796395842988, 0.959964269464871, 0.0, 1.2472560909508315, 0.7927796395842976, 1.861156963145458, 1.5005173004087515, 0.0, 0.0, 0.6381661723927633, 1.6811511786842528, 0.0, 0.0, 0.0, 1.4885473411928964, 0.0, 0.0, 0.0, 0.0, 0.0, 0.0, 0.0, 0.0, 0.0, 0.0, 0.0, 0.20271419059614365, 0.0, 0.0, 0.0, 0.0, 0.0, 0.0, 0.0, 0.0, 2.0, 0.0, 1.5690541880229378, 0.0, 0.0, 0.0, 0.0, 0.0, 0.0, 0.0, 0.0, 0.0, 0.0, 0.0, 0.0, 0.0, 0.31884882131574727, 0.0, 0.0, 0.0, 0.0, 0.0, 0.0, 0.0, 0.0, 0.0, 0.0, 0.0, 0.0, 0.0, 0.4887093503907372, 0.1470233781274554, 2.0, 0.0, 0.0, 0.0, 0.0, 6.0, 0.0, 1.084150182812743, 0.0, 0.0, 0.7972858094038564, 0.0, 0.0, 0.0, 0.0, 0.0, 0.0, 0.0, 0.3778173800958122, 0.0, 0.0, 0.0, 0.0, 0.0, 0.0, 0.0, 0.0, 0.0, 0.0, 0.0, 0.0, 1.0400357305351289, 1.6221826199041878, 2.4271404667965206, 0.0, 0.0, 0.0, 0.0, 0.1388430368545421, 0.0, 0.0, 0.0, 0.0, 0.0, 0.0, 0.0, 0.4195534467145077, 0.0, 0.0, 0.0, 0.0, 0.049063894525843796, 0.0, 0.0, 2.63658588927261, 0.0, 0.0, 0.0, 0.0, 0.0, 0.7633901041316301, 0.6039673799994665, 1.0, 0.0, 0.0, 0.2616356627171824, 0.23660989586836995, 0.0, 1.0, 0.0, 0.0, 0.1788682264971328, 0.0, 0.0, 0.0, 0.7846750452500586, 0.0, 0.0, 0.0, 1.0, 0.2233734566372667, 0.291234953761025, 0.0, 0.21532495474994148, 0.0, 1.0, 1.0, 0.7033005241210164, 0.0, 0.0, 0.0, 0.0, 0.0, 0.0, 0.0, 0.2966994758789836, 0.40176906617458047, 0.0, 0.0, 1.0, 0.0, 0.0, 0.7766265433627333, 0.0, 1.0, 0.0, 0.0, 0.0, 0.0, 0.0, 0.0, 0.0, 1.0, 0.0, 0.0, 0.0, 0.0, 0.0, 0.0, 0.0, 0.0, 0.0, 0.0, 0.0, 0.2682611570246599, 0.3960326200005334, 0.0, 0.5982309338254196]  :with objective: -593.0399957106223

  Local solver returns a feasible point with value -593.04
disc:  333  :[0.0, 1.8, 2.0]
disc:  334  :[0.0, 0.6, 6.0]
disc:  335  :[0.0, 0.1, 1.0]
disc:  336  :[0.0, 0.9, 1.0]
disc:  337  :[0.0, 0.31145265880710354, 0.7114526588071035, 2.0]
disc:  338  :[0.0, 0.9, 1.0]
disc:  339  :[0.0, 0.2, 2.0]
disc:  340  :[0.0, 0.2, 2.0]
disc:  341  :[0.0, 1.8, 2.0]
disc:  342  :[0.0, 0.7611569631454579, 0.9611569631454578, 1.0]
disc:  343  :[0.0, 0.33884303685454215, 2.0]
disc:  344  :[0.0, 0.16183382760723686, 0.5618338276072369, 2.0]
disc:  345  :[0.0, 0.9, 1.0]
disc:  346  :[0.0, 1.3381661723927631, 1.9381661723927632, 3.0]
disc:  347  :[0.0, 1.1618338276072369, 1.5618338276072368, 2.0]
disc:  348  :[0.0, 0.6, 6.0]
disc:  349  :[0.0, 0.2, 2.0]
disc:  350  :[0.0, 0.1, 1.0]
disc:  351  :[0.0, 1.4381661723927632, 1.8381661723927631, 2.0]
disc:  352  :[0.0, 0.6, 6.0]
disc:  353  :[0.0, 0.1, 1.0]
disc:  354  :[0.0, 1.8, 2.0]
disc:  355  :[0.0, 0.9, 1.0]
disc:  356  :[0.0, 0.2, 2.0]
disc:  357  :[0.0, 0.1, 1.0]
disc:  358  :[0.0, 0.2, 2.0]
disc:  359  :[0.0, 3.82714046679652, 5.02714046679652, 6.0]
disc:  360  :[0.0, 2.9728595332034793, 4.1728595332034795, 6.0]
disc:  361  :[0.0, 0.2, 2.0]
disc:  362  :[0.0, 0.1, 1.0]
disc:  363  :[0.0, 1.3313826587596487, 1.7313826587596486, 2.0]
disc:  364  :[0.0, 0.7529766218725447, 0.9529766218725446, 1.0]
disc:  365  :[0.0, 0.31564071936780663, 0.9156407193678067, 3.0]
disc:  366  :[0.0, 1.8, 2.0]
disc:  367  :[0.0, 5.4, 6.0]
disc:  368  :[0.0, 0.2, 2.0]
disc:  369  :[0.0, 1.8, 2.0]
disc:  370  :[0.0, 0.9, 1.0]
disc:  371  :[0.0, 0.2, 2.0]
disc:  372  :[0.0, 0.2, 2.0]
disc:  373  :[0.0, 0.2, 2.0]
disc:  374  :[0.0, 0.6, 6.0]
disc:  375  :[0.0, 0.2, 2.0]
disc:  376  :[0.0, 0.2, 2.0]
disc:  377  :[0.0, 4.6072203604157025, 5.807220360415702, 6.0]
disc:  378  :[0.0, 2.1927796395842987, 3.392779639584299, 6.0]
disc:  379  :[0.0, 0.759964269464871, 1.159964269464871, 2.0]
disc:  380  :[0.0, 0.1, 1.0]
disc:  381  :[0.0, 0.9472560909508314, 1.5472560909508315, 3.0]
disc:  382  :[0.0, 0.49277963958429766, 1.0927796395842977, 3.0]
disc:  383  :[0.0, 1.6611569631454581, 2.0]
disc:  384  :[0.0, 0.9005173004087516, 2.1005173004087516, 6.0]
disc:  385  :[0.0, 0.2, 2.0]
disc:  502  :[0.0, 0.1, 1.0]
disc:  503  :[0.0, 0.1, 1.0]
disc:  504  :[0.0, 0.1, 1.0]
disc:  505  :[0.0, 0.6633901041316301, 0.8633901041316301, 1.0]
disc:  506  :[0.0, 0.5039673799994665, 0.7039673799994665, 1.0]
disc:  507  :[0.0, 0.9, 1.0]
disc:  508  :[0.0, 0.1, 1.0]
disc:  509  :[0.0, 0.1, 1.0]
disc:  510  :[0.0, 0.1616356627171824, 0.3616356627171824, 1.0]
disc:  511  :[0.0, 0.13660989586836994, 0.33660989586837, 1.0]
disc:  512  :[0.0, 0.1, 1.0]
disc:  513  :[0.0, 0.9, 1.0]
disc:  514  :[0.0, 0.1, 1.0]
disc:  515  :[0.0, 0.1, 1.0]
disc:  516  :[0.0, 0.07886822649713279, 0.27886822649713283, 1.0]
disc:  517  :[0.0, 0.1, 1.0]
disc:  518  :[0.0, 0.1, 1.0]
disc:  519  :[0.0, 0.1, 1.0]
disc:  520  :[0.0, 0.6846750452500586, 0.8846750452500586, 1.0]
disc:  521  :[0.0, 0.1, 1.0]
disc:  522  :[0.0, 0.1, 1.0]
disc:  523  :[0.0, 0.1, 1.0]
disc:  524  :[0.0, 0.9, 1.0]
disc:  525  :[0.0, 0.1233734566372667, 0.3233734566372667, 1.0]
disc:  526  :[0.0, 0.19123495376102498, 0.391234953761025, 1.0]
disc:  527  :[0.0, 0.1, 1.0]
disc:  528  :[0.0, 0.11532495474994148, 0.3153249547499415, 1.0]
disc:  529  :[0.0, 0.1, 1.0]
disc:  530  :[0.0, 0.9, 1.0]
disc:  531  :[0.0, 0.9, 1.0]
disc:  532  :[0.0, 0.6033005241210164, 0.8033005241210164, 1.0]
disc:  533  :[0.0, 0.1, 1.0]
disc:  534  :[0.0, 0.1, 1.0]
disc:  535  :[0.0, 0.1, 1.0]
disc:  536  :[0.0, 0.1, 1.0]
disc:  537  :[0.0, 0.1, 1.0]
disc:  538  :[0.0, 0.1, 1.0]
disc:  539  :[0.0, 0.1, 1.0]
disc:  540  :[0.0, 0.1966994758789836, 0.3966994758789836, 1.0]
disc:  541  :[0.0, 0.30176906617458044, 0.5017690661745805, 1.0]
disc:  542  :[0.0, 0.1, 1.0]
disc:  543  :[0.0, 0.1, 1.0]
disc:  544  :[0.0, 0.9, 1.0]
disc:  545  :[0.0, 0.1, 1.0]
disc:  546  :[0.0, 0.1, 1.0]
disc:  547  :[0.0, 0.6766265433627333, 0.8766265433627333, 1.0]
disc:  548  :[0.0, 0.1, 1.0]
disc:  549  :[0.0, 0.9, 1.0]
disc:  550  :[0.0, 0.1, 1.0]
disc:  551  :[0.0, 0.1, 1.0]
disc:  552  :[0.0, 0.1, 1.0]
disc:  553  :[0.0, 0.1, 1.0]
disc:  554  :[0.0, 0.1, 1.0]
disc:  555  :[0.0, 0.1, 1.0]
disc:  556  :[0.0, 0.1, 1.0]
disc:  557  :[0.0, 0.9, 1.0]
disc:  558  :[0.0, 0.1, 1.0]
disc:  559  :[0.0, 0.1, 1.0]
disc:  560  :[0.0, 0.1, 1.0]
disc:  561  :[0.0, 0.1, 1.0]
disc:  562  :[0.0, 0.1, 1.0]
disc:  563  :[0.0, 0.1, 1.0]
disc:  564  :[0.0, 0.1, 1.0]
disc:  565  :[0.0, 0.1, 1.0]
disc:  566  :[0.0, 0.1, 1.0]
disc:  567  :[0.0, 0.1, 1.0]
disc:  568  :[0.0, 0.1, 1.0]
disc:  569  :[0.0, 0.1682611570246599, 0.3682611570246599, 1.0]
disc:  570  :[0.0, 0.29603262000053343, 0.4960326200005334, 1.0]
disc:  571  :[0.0, 0.1, 1.0]
disc:  572  :[0.0, 0.4982309338254196, 0.6982309338254196, 1.0]
  Completed presolve in 8.65s
LOWER-BOUNDING ITERATIONS
====================================================================================================
| Iter   | Incumbent       | Best Incumbent      | Lower Bound        | Gap (%)         | Time      
| finish | -593.04         | -593.04             | -631.239           | 6.441           | 19.52s           
Final UBD: -593.0399957106223
Final LBD: -631.2390437801871
====================================================================================================

*** Alpine ended with status OTHER_LIMIT ***

 Total time for local solves: 6.23s

 Total time for solving max-min problems: 0.0s

 Total time excluding max-min time: 19.52s

presolve objective value: -593.0399957106223
w_opt: 1-dimensional DenseAxisArray{Float64,1,...} with index sets:
    Dimension 1, [(25, 1, 2), (25, 1, 1), (25, 1, 14), (20, 1, 2), (20, 1, 1), (20, 1, 14), (1, 1, 2), (1, 1, 1), (1, 1, 14), (2, 1, 2)  …  (20, 15, 23), (20, 15, 3), (8, 15, 30), (8, 15, 29), (8, 15, 23), (8, 15, 3), (2, 15, 30), (2, 15, 29), (2, 15, 23), (2, 15, 3)]
And data, a 261-element Vector{Float64}:
 1.3089526676516798
 1.0553146038301275
 0.0
 0.5522042954937783
 0.445202696578624
 0.0
 0.0
 0.0
 0.0
 0.0
 0.0
 0.0
 0.0
 0.0
 0.0
 0.0
 0.959964269464871
 0.0
 1.2472560909508315
 0.7927796395842976
 0.0
 0.0
 0.0
 0.0
 0.0
 0.0
 0.0
 0.0
 0.0
 3.1449912381601495
 1.6867478018355835
 0.0
 0.0
 0.0
 0.0
 0.0
 0.0
 0.0
 0.0
 0.0
 0.0
 2.062229122255552
 1.106031837748715
 0.0
 0.0
 0.0
 0.0
 0.0
 0.0
 0.0
 0.0
 0.0
 0.0
 0.0
 0.0
 0.0
 0.0
 0.0
 0.0
 2.0
 1.0
 0.0
 0.0
 0.0
 0.0
 0.0
 0.0
 0.0
 0.0
 0.0
 0.0
 0.5232713254343649
 1.5698139763030943
 0.0
 0.3577364529942657
 1.0732093589827967
 0.0
 0.5824699075220501
 1.7474097225661498
 0.0
 0.0
 0.0
 0.0
 0.0
 0.0
 0.0
 0.0
 0.0
 0.0
 0.0
 0.0
 0.0
 0.5365223140493198
 1.6095669421479593
 0.0
 0.0
 0.0
 0.0
 0.0
 0.0
 0.0
 1.5313826587596486
 0.8529766218725446
 0.6156407193678066
 0.0
 0.0
 0.0
 0.0
 0.0
 0.0
 0.0
 0.0
 0.0
 0.0
 0.0
 0.0
 0.0
 0.0
 3.4738666461119245
 2.8035337158885434
 0.0
 0.0
 0.0
 0.9532738206845955
 0.7693258173149363
 0.0
 0.0
 0.0
 0.0
 0.0
 0.0
 0.0
 0.0
 0.0
 0.0
 0.0
 0.0
 0.0
 0.0
 0.0
 0.0
 0.0
 0.0
 0.0
 0.0
 0.0
 0.0
 0.0
 0.0
 0.0
 0.0
 0.0
 0.0
 0.4467469132745334
 0.22337345663726668
 0.0
 0.0
 1.5532530867254666
 0.7766265433627332
 0.0
 0.0
 0.0
 0.0
 0.0
 0.0
 0.0
 0.0
 0.0
 0.0
 0.0
 0.0
 0.0
 0.0
 1.3618338276072368
 0.0
 0.0
 0.0
 1.6381661723927632
 0.0
 0.0
 0.0
 0.0
 0.0
 0.0
 0.0
 0.0
 0.0
 0.0
 0.0
 0.0
 0.0
 0.0
 0.0
 0.0
 0.36183382760723687
 1.0
 1.6381661723927632
 0.0
 0.0
 0.0
 0.0
 0.0
 0.0
 0.0
 0.0
 0.0
 1.5267802082632602
 0.6573987037692894
 0.10599140036234067
 0.4732197917367399
 0.20375825937616843
 0.03285163649220145
 0.0
 0.0
 0.0
 0.0
 0.0
 0.0
 0.0
 0.0
 0.0
 0.0
 0.0
 0.0
 0.0
 0.5114526588071036
 1.0
 0.0
 0.0
 0.0
 0.0
 0.0
 0.0
 0.0
 0.0
 0.0
 0.0
 0.0
 0.0
 0.0
 0.0
 0.0
 0.0
 0.0
 0.0
 0.0
 0.0
 0.0
 0.0
 0.8035381323491609
 0.0
 0.0
 0.40176906617458047
 0.0
 0.0
 0.0
 0.0
 1.196461867650839
 0.0
 0.0
 0.5982309338254196
x_ij_opt: 1-dimensional DenseAxisArray{Float64,1,...} with index sets:
    Dimension 1, [(43, 30), (43, 22), (43, 6), (44, 22), (45, 30), (45, 29), (45, 28), (45, 24), (45, 23), (40, 29)  …  (5, 7), (5, 14), (6, 4), (6, 3), (1, 14), (1, 10), (1, 23), (1, 1), (3, 2), (3, 1)]
And data, a 116-element Vector{Float64}:
 0.0
 0.6381661723927633
 1.6811511786842528
 0.0
 0.0
 0.0
 1.4885473411928964
 0.0
 0.0
 0.0
 0.0
 0.0
 0.0
 0.0
 0.0
 0.0
 0.0
 0.0
 0.20271419059614365
 0.0
 0.0
 0.0
 0.0
 0.0
 0.0
 0.0
 0.0
 2.0
 0.0
 1.5690541880229378
 0.0
 0.0
 0.0
 0.0
 0.0
 0.0
 0.0
 0.0
 0.0
 0.0
 0.0
 0.0
 0.0
 0.31884882131574727
 0.0
 0.0
 0.0
 0.0
 0.0
 0.0
 0.0
 0.0
 0.0
 0.0
 0.0
 0.0
 0.0
 0.4887093503907372
 0.1470233781274554
 2.0
 0.0
 0.0
 0.0
 0.0
 6.0
 0.0
 1.084150182812743
 0.0
 0.0
 0.7972858094038564
 0.0
 0.0
 0.0
 0.0
 0.0
 0.0
 0.0
 0.3778173800958122
 0.0
 0.0
 0.0
 0.0
 0.0
 0.0
 0.0
 0.0
 0.0
 0.0
 0.0
 0.0
 1.0400357305351289
 1.6221826199041878
 2.4271404667965206
 0.0
 0.0
 0.0
 0.0
 0.1388430368545421
 0.0
 0.0
 0.0
 0.0
 0.0
 0.0
 0.0
 0.4195534467145077
 0.0
 0.0
 0.0
 0.0
 0.049063894525843796
 0.0
 0.0
 2.63658588927261
 0.0
 0.0
x_il_opt: 1-dimensional DenseAxisArray{Float64,1,...} with index sets:
    Dimension 1, [(43, 15), (43, 14), (44, 15), (44, 13), (44, 3), (40, 14), (40, 2), (41, 14), (42, 6), (37, 13)  …  (4, 13), (5, 2), (5, 7), (5, 9), (6, 11), (1, 1), (1, 6), (1, 3), (2, 1), (2, 15)]
And data, a 71-element Vector{Float64}:
 0.0
 0.0
 0.0
 2.29017031239489
 4.831739039995733
 1.5114526588071036
 0.0
 0.0
 2.0930853017374593
 0.7098296876051098
 0.0
 3.0
 0.0
 0.0
 1.4309458119770624
 0.0
 0.0
 0.0
 6.277400362000468
 0.0
 0.0
 0.0
 3.0
 0.6701203699118001
 2.3298796300882
 0.0
 1.7225996379995319
 0.0
 3.0
 0.0
 2.3642672714818076
 0.0
 0.0
 0.0
 0.0
 0.0
 0.0
 0.0
 0.9974069920724022
 1.2053071985237414
 0.0
 0.0
 3.0
 0.0
 0.0
 2.3298796300882
 0.0
 3.0
 0.0
 0.0
 0.0
 0.0
 0.0
 0.0
 0.0
 0.0
 0.0
 0.0
 0.0
 0.0
 0.0
 0.0
 0.0
 0.0
 0.0
 0.0
 0.0
 2.1460892561972793
 3.1682609600042673
 0.0
 1.7946928014762586
x_lj_opt: 1-dimensional DenseAxisArray{Float64,1,...} with index sets:
    Dimension 1, [(15, 30), (15, 29), (15, 23), (15, 3), (14, 28), (14, 27), (14, 10), (14, 24), (13, 26), (13, 25)  …  (3, 6), (3, 5), (3, 29), (2, 4), (2, 3), (2, 1), (2, 5), (1, 2), (1, 1), (1, 14)]
And data, a 53-element Vector{Float64}:
 2.0
 0.0
 0.0
 1.0
 0.5114526588071036
 1.0
 0.0
 0.0
 2.0
 0.8611569631454579
 0.13884303685454213
 0.36183382760723687
 1.0
 1.6381661723927632
 1.3618338276072368
 0.0
 0.0
 0.0
 1.6381661723927632
 0.0
 0.0
 2.0
 1.0
 0.0
 0.0
 0.0
 4.42714046679652
 3.5728595332034794
 0.0
 0.0
 1.5313826587596486
 0.8529766218725446
 0.6156407193678066
 2.0
 6.0
 0.0
 2.0
 1.0
 0.0
 0.0
 0.0
 0.0
 0.0
 0.0
 5.207220360415702
 2.7927796395842988
 0.959964269464871
 0.0
 1.2472560909508315
 0.7927796395842976
 1.861156963145458
 1.5005173004087515
 0.0
q_opt: 1-dimensional DenseAxisArray{Float64,1,...} with index sets:
    Dimension 1, [(43, 15), (43, 14), (44, 15), (44, 13), (44, 3), (40, 14), (40, 2), (41, 14), (42, 6), (37, 13)  …  (4, 13), (5, 2), (5, 7), (5, 9), (6, 11), (1, 1), (1, 6), (1, 3), (2, 1), (2, 15)]
And data, a 71-element Vector{Float64}:
 0.0
 0.0
 0.0
 0.7633901041316301
 0.6039673799994665
 1.0
 0.0
 0.0
 0.2616356627171824
 0.23660989586836995
 0.0
 1.0
 0.0
 0.0
 0.1788682264971328
 0.0
 0.0
 0.0
 0.7846750452500586
 0.0
 0.0
 0.0
 1.0
 0.2233734566372667
 0.291234953761025
 0.0
 0.21532495474994148
 0.0
 1.0
 1.0
 0.7033005241210164
 0.0
 0.0
 0.0
 0.0
 0.0
 0.0
 0.0
 0.2966994758789836
 0.40176906617458047
 0.0
 0.0
 1.0
 0.0
 0.0
 0.7766265433627333
 0.0
 1.0
 0.0
 0.0
 0.0
 0.0
 0.0
 0.0
 0.0
 1.0
 0.0
 0.0
 0.0
 0.0
 0.0
 0.0
 0.0
 0.0
 0.0
 0.0
 0.0
 0.2682611570246599
 0.3960326200005334
 0.0
 0.5982309338254196
