
PROBLEM STATISTICS
  Objective sense = Min
  # Variables = 572
  # Bin-Int Variables = 0
  # Constraints = 621
  # NL Constraints = 261
  # Linear Constraints = 360
  # Detected convex constraints = 0
  # Detected nonlinear terms = 261
  # Variables involved in nonlinear terms = 124
  # Potential variables for partitioning = 124
SUB-SOLVERS USED BY ALPINE
  NLP local solver = Knitro
  MIP solver = Gurobi
ALPINE CONFIGURATION
  Maximum iterations (lower-bounding MIPs) =  1
  Relative global optimality gap = 0.01%
  Potential variables chosen for partitioning = All
  Discretization ratio = 10
  Bound-tightening presolve = false
PRESOLVE 
  Doing local search

Feasible solution found during presolve: [1.1041352147479613, 0.7685445218426346, 0.0, 0.8958647852520384, 0.6235757757027498, 0.0, 0.0, 0.0, 0.0, 0.0, 0.0, 0.0, 0.0, 0.0, 0.0, 0.0, 1.9352516956558905, 0.0, 0.9330208170747455, 0.13172748726936406, 0.0, 0.0, 0.0, 0.0, 0.0, 0.0, 0.0, 0.0, 0.0038727495437772988, 3.9121061483766297, 1.4172514725365923, 0.0, 0.0, 0.0, 0.0, 0.0, 0.0, 0.0, 0.0, 0.0, 0.001936486922331622, 1.9561663643540064, 0.7086667782666625, 0.2108506391217908, 0.7895331261547813, 0.014344491032411106, 0.0, 0.0, 0.0, 0.7408890442284772, 2.774269244143278, 0.05040381331169835, 0.0, 0.0, 0.0, 0.0, 0.0, 0.0, 0.0, 2.0, 1.0, 0.0, 0.0, 0.0, 0.0, 0.0, 0.0, 0.0, 0.0, 0.0, 0.0, 0.45425576561984365, 1.3627672968595315, 0.0, 0.1656244298705243, 0.4968732896115731, 0.0, 0.4876321435432045, 1.462896430629614, 0.0, 0.0, 0.0, 0.0, 0.0, 0.0, 0.0, 0.0, 0.0, 0.0, 0.0, 0.0, 0.0, 0.8924876609664268, 2.6774629828992813, 0.0, 0.0, 0.0, 0.0, 0.0, 0.0, 0.0, 1.6816244347533904, 0.8881507438983373, 0.43022482134827256, 0.0, 0.0, 0.0, 0.0, 0.0, 0.0, 0.0, 0.0, 0.0, 0.0, 0.0, 0.0, 0.0, 0.0, 5.053886557866175, 2.2129230396076225, 0.0, 0.0, 0.0, 0.5099158124318849, 0.22327459009431858, 0.0, 0.0, 0.0, 0.0, 0.0, 0.0, 0.0, 0.0, 0.0, 0.0, 0.0, 0.0, 0.0, 0.0, 0.0, 0.0, 0.0, 0.0, 0.0, 0.0, 0.0, 0.0, 0.0, 0.0, 0.0, 0.0, 0.0, 0.0, 0.699647617218121, 0.3498238086090605, 0.0, 0.0, 1.300352382781879, 0.6501761913909395, 0.0, 0.0, 0.0, 0.0, 0.0, 0.0, 0.0, 0.0, 0.0, 0.0, 0.0, 0.0, 0.0, 0.0, 1.4634205313211581, 0.0, 0.0, 0.0, 1.536579468678842, 0.0, 0.0, 0.0, 0.0, 0.0, 0.0, 0.0, 0.0, 0.0, 0.0, 0.0, 0.0, 0.0, 0.0, 0.0, 0.0, 0.46342053132115785, 1.0, 1.5365794686788423, 0.0, 0.0, 0.0, 0.0, 0.0, 0.0, 0.0, 0.0, 0.0, 1.6138177482627991, 0.8069088741313996, 0.0, 0.0, 0.0, 0.0, 0.0, 0.0, 0.0, 0.3861822517372009, 0.19309112586860044, 0.0, 0.0, 0.0, 0.0, 0.0, 0.0, 0.0, 0.0, 0.5019537518971361, 0.5959079344817304, 0.0, 0.0, 0.0, 0.0, 0.0, 0.0, 0.0, 0.0, 0.0, 0.0, 0.0, 0.0, 0.0, 0.0, 0.0, 0.0, 0.0, 0.0, 0.0, 0.0, 0.0, 0.0, 0.5117748432780435, 0.0, 0.0, 0.25588742163902173, 0.0, 0.0, 0.0, 0.0, 1.4882251567219567, 0.0, 0.0, 0.7441125783609783, 0.0, 0.0, 0.0, 2.4207266223941986, 5.333230370457, 1.0978616863788666, 0.0, 0.0, 1.817023062479375, 0.0, 0.0, 3.0, 0.0, 0.0, 0.6624977194820975, 0.0, 0.0, 0.0, 7.266809597473797, 0.0, 1.0147282563089832, 0.0, 3.0, 1.0494714258271816, 1.9505285741728184, 0.0, 0.7331904025262034, 0.0, 3.0, 0.0, 1.872679736590596, 0.5792733776058013, 0.0, 0.0, 0.0, 0.0, 0.0, 0.0, 1.5194405609547883, 0.7676622649170651, 0.0, 0.0, 3.0, 0.0, 0.0, 1.9505285741728184, 0.0, 3.0, 0.0, 0.0, 0.0, 0.0, 0.0, 0.0, 3.565562101683453, 0.0, 0.0, 0.0, 0.0, 0.0, 0.0, 0.0, 0.0, 0.0, 0.0, 0.0, 0.0, 3.5699506438657083, 2.6667696295430003, 0.0, 2.232337735082935, 2.0, 0.0, 0.0, 1.0, 0.5019537518971361, 0.5959079344817304, 0.0, 0.0, 2.0, 1.0, 0.0, 0.46342053132115785, 1.0, 1.5365794686788423, 1.4634205313211581, 0.0, 0.0, 0.0, 1.536579468678842, 0.0, 0.0, 2.0, 1.0, 0.0, 0.0, 0.0, 5.56380237029806, 2.4361976297019408, 0.0, 0.0, 1.6816244347533904, 0.8881507438983373, 0.43022482134827256, 2.0, 6.0, 0.0, 2.0, 1.0, 0.0, 0.0, 0.9517396833502679, 3.5638023702980592, 0.06474830434410946, 0.00580923646610892, 5.868272512730636, 2.125918250803255, 1.9352516956558905, 0.0, 0.9330208170747455, 0.13172748726936406, 2.0, 1.3921202975453846, 0.0, 0.0, 0.5365794686788418, 1.261000361007688, 0.0, 0.0, 0.0, 1.498046248102864, 0.0, 0.0, 0.0, 0.0, 0.0, 0.0, 0.0, 0.0, 0.0, 0.0, 0.0, 0.28710282587185365, 0.0, 2.7128971741281465, 0.0, 0.0, 0.0, 0.0, 0.0, 0.0, 2.0, 0.0, 2.3375022805179024, 0.0, 0.0, 0.0, 0.0, 0.0, 0.0, 0.0, 0.0, 0.0, 0.0, 0.0, 0.0, 0.0, 0.733190402526203, 0.0, 0.0, 0.0, 0.0, 0.0, 0.0, 0.0, 0.0, 0.0, 0.0, 0.0, 0.0, 0.0, 0.43619762970193976, 0.11184925610166281, 2.0, 0.0, 0.0, 0.0, 0.0, 6.0, 0.0, 0.0, 0.0, 0.0, 0.7128971741281465, 0.0, 0.0, 0.0, 0.0, 0.0, 0.0, 0.40409206551826954, 1.0482603166497322, 0.0, 0.0, 0.0, 0.0, 0.0, 0.0, 0.0, 0.0, 0.0, 0.0, 0.0, 0.0, 0.0, 0.0, 0.0, 0.0, 0.0, 0.0, 0.0, 0.0, 0.0, 0.0, 0.0, 0.0, 0.0, 0.0, 0.0, 0.263413503630431, 0.0, 0.0, 0.0, 0.0, 0.05496206161617859, 0.0, 0.0, 0.5317368899034506, 0.0, 0.0, 0.0, 0.0, 0.0, 0.8069088741313996, 0.666653796307125, 1.0, 0.0, 0.0, 0.2271278828099219, 0.0, 0.0, 1.0, 0.0, 0.0, 0.08281221493526218, 0.0, 0.0, 0.0, 0.9083511996842246, 0.0, 0.22154234273342957, 0.0, 1.0, 0.3498238086090605, 0.24381607177160233, 0.0, 0.09164880031577542, 0.0, 1.0, 0.0, 0.5520676073739806, 0.19309112586860044, 1.0, 0.0, 0.0, 0.0, 0.0, 0.0, 0.4479323926260192, 0.25588742163902173, 0.0, 0.0, 1.0, 0.0, 0.0, 0.6501761913909395, 0.0, 1.0, 0.0, 0.0, 0.0, 0.0, 0.0, 0.0, 0.7784576572665705, 0.0, 0.0, 0.0, 0.0, 0.0, 0.0, 0.0, 0.0, 0.0, 0.0, 0.0, 0.0, 0.4462438304832136, 0.33334620369287504, 0.0, 0.7441125783609783]  :with objective: -616.5049250580613

  Local solver returns a feasible point with value -616.5049
disc:  333  :[0.0, 1.8, 2.0]
disc:  334  :[0.0, 0.6, 6.0]
disc:  335  :[0.0, 0.1, 1.0]
disc:  336  :[0.0, 0.9, 1.0]
disc:  337  :[0.0, 0.3019537518971361, 0.7019537518971362, 2.0]
disc:  338  :[0.0, 0.49590793448173043, 0.6959079344817304, 1.0]
disc:  339  :[0.0, 0.2, 2.0]
disc:  340  :[0.0, 0.2, 2.0]
disc:  341  :[0.0, 1.8, 2.0]
disc:  342  :[0.0, 0.9, 1.0]
disc:  343  :[0.0, 0.2, 2.0]
disc:  344  :[0.0, 0.26342053132115784, 0.6634205313211579, 2.0]
disc:  345  :[0.0, 0.9, 1.0]
disc:  346  :[0.0, 1.2365794686788423, 1.8365794686788424, 3.0]
disc:  347  :[0.0, 1.2634205313211582, 1.663420531321158, 2.0]
disc:  348  :[0.0, 0.6, 6.0]
disc:  349  :[0.0, 0.2, 2.0]
disc:  350  :[0.0, 0.1, 1.0]
disc:  351  :[0.0, 1.3365794686788421, 1.736579468678842, 2.0]
disc:  352  :[0.0, 0.6, 6.0]
disc:  353  :[0.0, 0.1, 1.0]
disc:  354  :[0.0, 1.8, 2.0]
disc:  355  :[0.0, 0.9, 1.0]
disc:  356  :[0.0, 0.2, 2.0]
disc:  357  :[0.0, 0.1, 1.0]
disc:  358  :[0.0, 0.2, 2.0]
disc:  359  :[0.0, 4.96380237029806, 6.0]
disc:  360  :[0.0, 1.8361976297019407, 3.036197629701941, 6.0]
disc:  361  :[0.0, 0.2, 2.0]
disc:  362  :[0.0, 0.1, 1.0]
disc:  363  :[0.0, 1.4816244347533905, 1.8816244347533904, 2.0]
disc:  364  :[0.0, 0.7881507438983373, 0.9881507438983372, 1.0]
disc:  365  :[0.0, 0.13022482134827257, 0.7302248213482725, 3.0]
disc:  366  :[0.0, 1.8, 2.0]
disc:  367  :[0.0, 5.4, 6.0]
disc:  368  :[0.0, 0.2, 2.0]
disc:  369  :[0.0, 1.8, 2.0]
disc:  370  :[0.0, 0.9, 1.0]
disc:  371  :[0.0, 0.2, 2.0]
disc:  372  :[0.0, 0.2, 2.0]
disc:  373  :[0.0, 0.7517396833502679, 1.151739683350268, 2.0]
disc:  374  :[0.0, 2.963802370298059, 4.163802370298059, 6.0]
disc:  375  :[0.0, 0.26474830434410945, 2.0]
disc:  376  :[0.0, 0.20580923646610894, 2.0]
disc:  377  :[0.0, 5.268272512730636, 6.0]
disc:  378  :[0.0, 1.525918250803255, 2.725918250803255, 6.0]
disc:  379  :[0.0, 1.7352516956558905, 2.0]
disc:  380  :[0.0, 0.1, 1.0]
disc:  381  :[0.0, 0.6330208170747456, 1.2330208170747454, 3.0]
disc:  382  :[0.0, 0.43172748726936405, 3.0]
disc:  383  :[0.0, 1.8, 2.0]
disc:  384  :[0.0, 0.7921202975453846, 1.9921202975453847, 6.0]
disc:  385  :[0.0, 0.2, 2.0]
disc:  502  :[0.0, 0.1, 1.0]
disc:  503  :[0.0, 0.1, 1.0]
disc:  504  :[0.0, 0.1, 1.0]
disc:  505  :[0.0, 0.7069088741313996, 0.9069088741313995, 1.0]
disc:  506  :[0.0, 0.566653796307125, 0.7666537963071249, 1.0]
disc:  507  :[0.0, 0.9, 1.0]
disc:  508  :[0.0, 0.1, 1.0]
disc:  509  :[0.0, 0.1, 1.0]
disc:  510  :[0.0, 0.1271278828099219, 0.3271278828099219, 1.0]
disc:  511  :[0.0, 0.1, 1.0]
disc:  512  :[0.0, 0.1, 1.0]
disc:  513  :[0.0, 0.9, 1.0]
disc:  514  :[0.0, 0.1, 1.0]
disc:  515  :[0.0, 0.1, 1.0]
disc:  516  :[0.0, 0.18281221493526217, 1.0]
disc:  517  :[0.0, 0.1, 1.0]
disc:  518  :[0.0, 0.1, 1.0]
disc:  519  :[0.0, 0.1, 1.0]
disc:  520  :[0.0, 0.8083511996842246, 1.0]
disc:  521  :[0.0, 0.1, 1.0]
disc:  522  :[0.0, 0.12154234273342956, 0.3215423427334296, 1.0]
disc:  523  :[0.0, 0.1, 1.0]
disc:  524  :[0.0, 0.9, 1.0]
disc:  525  :[0.0, 0.24982380860906048, 0.44982380860906046, 1.0]
disc:  526  :[0.0, 0.14381607177160233, 0.34381607177160234, 1.0]
disc:  527  :[0.0, 0.1, 1.0]
disc:  528  :[0.0, 0.1916488003157754, 1.0]
disc:  529  :[0.0, 0.1, 1.0]
disc:  530  :[0.0, 0.9, 1.0]
disc:  531  :[0.0, 0.1, 1.0]
disc:  532  :[0.0, 0.45206760737398066, 0.6520676073739806, 1.0]
disc:  533  :[0.0, 0.09309112586860044, 0.2930911258686004, 1.0]
disc:  534  :[0.0, 0.9, 1.0]
disc:  535  :[0.0, 0.1, 1.0]
disc:  536  :[0.0, 0.1, 1.0]
disc:  537  :[0.0, 0.1, 1.0]
disc:  538  :[0.0, 0.1, 1.0]
disc:  539  :[0.0, 0.1, 1.0]
disc:  540  :[0.0, 0.34793239262601916, 0.5479323926260192, 1.0]
disc:  541  :[0.0, 0.15588742163902172, 0.35588742163902176, 1.0]
disc:  542  :[0.0, 0.1, 1.0]
disc:  543  :[0.0, 0.1, 1.0]
disc:  544  :[0.0, 0.9, 1.0]
disc:  545  :[0.0, 0.1, 1.0]
disc:  546  :[0.0, 0.1, 1.0]
disc:  547  :[0.0, 0.5501761913909395, 0.7501761913909395, 1.0]
disc:  548  :[0.0, 0.1, 1.0]
disc:  549  :[0.0, 0.9, 1.0]
disc:  550  :[0.0, 0.1, 1.0]
disc:  551  :[0.0, 0.1, 1.0]
disc:  552  :[0.0, 0.1, 1.0]
disc:  553  :[0.0, 0.1, 1.0]
disc:  554  :[0.0, 0.1, 1.0]
disc:  555  :[0.0, 0.1, 1.0]
disc:  556  :[0.0, 0.6784576572665705, 0.8784576572665704, 1.0]
disc:  557  :[0.0, 0.1, 1.0]
disc:  558  :[0.0, 0.1, 1.0]
disc:  559  :[0.0, 0.1, 1.0]
disc:  560  :[0.0, 0.1, 1.0]
disc:  561  :[0.0, 0.1, 1.0]
disc:  562  :[0.0, 0.1, 1.0]
disc:  563  :[0.0, 0.1, 1.0]
disc:  564  :[0.0, 0.1, 1.0]
disc:  565  :[0.0, 0.1, 1.0]
disc:  566  :[0.0, 0.1, 1.0]
disc:  567  :[0.0, 0.1, 1.0]
disc:  568  :[0.0, 0.1, 1.0]
disc:  569  :[0.0, 0.3462438304832136, 0.5462438304832136, 1.0]
disc:  570  :[0.0, 0.23334620369287504, 0.433346203692875, 1.0]
disc:  571  :[0.0, 0.1, 1.0]
disc:  572  :[0.0, 0.6441125783609783, 0.8441125783609783, 1.0]
  Completed presolve in 18.65s
LOWER-BOUNDING ITERATIONS
====================================================================================================
| Iter   | Incumbent       | Best Incumbent      | Lower Bound        | Gap (%)         | Time      
| finish | -616.5049       | -616.5049           | -628.8905          | 2.009           | 37.25s           
Final UBD: -616.5049250580613
Final LBD: -628.8904617381297
====================================================================================================

*** Alpine ended with status OTHER_LIMIT ***

 Total time for local solves: 16.12s

 Total time for solving max-min problems: 0.0s

 Total time excluding max-min time: 37.25s

presolve objective value: -616.5049250580613
w_opt: 1-dimensional DenseAxisArray{Float64,1,...} with index sets:
    Dimension 1, [(25, 1, 2), (25, 1, 1), (25, 1, 14), (20, 1, 2), (20, 1, 1), (20, 1, 14), (1, 1, 2), (1, 1, 1), (1, 1, 14), (2, 1, 2)  …  (20, 15, 23), (20, 15, 3), (8, 15, 30), (8, 15, 29), (8, 15, 23), (8, 15, 3), (2, 15, 30), (2, 15, 29), (2, 15, 23), (2, 15, 3)]
And data, a 261-element Vector{Float64}:
 1.1041352147479613
 0.7685445218426346
 0.0
 0.8958647852520384
 0.6235757757027498
 0.0
 0.0
 0.0
 0.0
 0.0
 0.0
 0.0
 0.0
 0.0
 0.0
 0.0
 1.9352516956558905
 0.0
 0.9330208170747455
 0.13172748726936406
 0.0
 0.0
 0.0
 0.0
 0.0
 0.0
 0.0
 0.0
 0.0038727495437772988
 3.9121061483766297
 1.4172514725365923
 0.0
 0.0
 0.0
 0.0
 0.0
 0.0
 0.0
 0.0
 0.0
 0.001936486922331622
 1.9561663643540064
 0.7086667782666625
 0.2108506391217908
 0.7895331261547813
 0.014344491032411106
 0.0
 0.0
 0.0
 0.7408890442284772
 2.774269244143278
 0.05040381331169835
 0.0
 0.0
 0.0
 0.0
 0.0
 0.0
 0.0
 2.0
 1.0
 0.0
 0.0
 0.0
 0.0
 0.0
 0.0
 0.0
 0.0
 0.0
 0.0
 0.45425576561984365
 1.3627672968595315
 0.0
 0.1656244298705243
 0.4968732896115731
 0.0
 0.4876321435432045
 1.462896430629614
 0.0
 0.0
 0.0
 0.0
 0.0
 0.0
 0.0
 0.0
 0.0
 0.0
 0.0
 0.0
 0.0
 0.8924876609664268
 2.6774629828992813
 0.0
 0.0
 0.0
 0.0
 0.0
 0.0
 0.0
 1.6816244347533904
 0.8881507438983373
 0.43022482134827256
 0.0
 0.0
 0.0
 0.0
 0.0
 0.0
 0.0
 0.0
 0.0
 0.0
 0.0
 0.0
 0.0
 0.0
 5.053886557866175
 2.2129230396076225
 0.0
 0.0
 0.0
 0.5099158124318849
 0.22327459009431858
 0.0
 0.0
 0.0
 0.0
 0.0
 0.0
 0.0
 0.0
 0.0
 0.0
 0.0
 0.0
 0.0
 0.0
 0.0
 0.0
 0.0
 0.0
 0.0
 0.0
 0.0
 0.0
 0.0
 0.0
 0.0
 0.0
 0.0
 0.0
 0.699647617218121
 0.3498238086090605
 0.0
 0.0
 1.300352382781879
 0.6501761913909395
 0.0
 0.0
 0.0
 0.0
 0.0
 0.0
 0.0
 0.0
 0.0
 0.0
 0.0
 0.0
 0.0
 0.0
 1.4634205313211581
 0.0
 0.0
 0.0
 1.536579468678842
 0.0
 0.0
 0.0
 0.0
 0.0
 0.0
 0.0
 0.0
 0.0
 0.0
 0.0
 0.0
 0.0
 0.0
 0.0
 0.0
 0.46342053132115785
 1.0
 1.5365794686788423
 0.0
 0.0
 0.0
 0.0
 0.0
 0.0
 0.0
 0.0
 0.0
 1.6138177482627991
 0.8069088741313996
 0.0
 0.0
 0.0
 0.0
 0.0
 0.0
 0.0
 0.3861822517372009
 0.19309112586860044
 0.0
 0.0
 0.0
 0.0
 0.0
 0.0
 0.0
 0.0
 0.5019537518971361
 0.5959079344817304
 0.0
 0.0
 0.0
 0.0
 0.0
 0.0
 0.0
 0.0
 0.0
 0.0
 0.0
 0.0
 0.0
 0.0
 0.0
 0.0
 0.0
 0.0
 0.0
 0.0
 0.0
 0.0
 0.5117748432780435
 0.0
 0.0
 0.25588742163902173
 0.0
 0.0
 0.0
 0.0
 1.4882251567219567
 0.0
 0.0
 0.7441125783609783
x_ij_opt: 1-dimensional DenseAxisArray{Float64,1,...} with index sets:
    Dimension 1, [(43, 30), (43, 22), (43, 6), (44, 22), (45, 30), (45, 29), (45, 28), (45, 24), (45, 23), (40, 29)  …  (5, 7), (5, 14), (6, 4), (6, 3), (1, 14), (1, 10), (1, 23), (1, 1), (3, 2), (3, 1)]
And data, a 116-element Vector{Float64}:
 0.0
 0.5365794686788418
 1.261000361007688
 0.0
 0.0
 0.0
 1.498046248102864
 0.0
 0.0
 0.0
 0.0
 0.0
 0.0
 0.0
 0.0
 0.0
 0.0
 0.0
 0.28710282587185365
 0.0
 2.7128971741281465
 0.0
 0.0
 0.0
 0.0
 0.0
 0.0
 2.0
 0.0
 2.3375022805179024
 0.0
 0.0
 0.0
 0.0
 0.0
 0.0
 0.0
 0.0
 0.0
 0.0
 0.0
 0.0
 0.0
 0.733190402526203
 0.0
 0.0
 0.0
 0.0
 0.0
 0.0
 0.0
 0.0
 0.0
 0.0
 0.0
 0.0
 0.0
 0.43619762970193976
 0.11184925610166281
 2.0
 0.0
 0.0
 0.0
 0.0
 6.0
 0.0
 0.0
 0.0
 0.0
 0.7128971741281465
 0.0
 0.0
 0.0
 0.0
 0.0
 0.0
 0.40409206551826954
 1.0482603166497322
 0.0
 0.0
 0.0
 0.0
 0.0
 0.0
 0.0
 0.0
 0.0
 0.0
 0.0
 0.0
 0.0
 0.0
 0.0
 0.0
 0.0
 0.0
 0.0
 0.0
 0.0
 0.0
 0.0
 0.0
 0.0
 0.0
 0.0
 0.263413503630431
 0.0
 0.0
 0.0
 0.0
 0.05496206161617859
 0.0
 0.0
 0.5317368899034506
 0.0
 0.0
x_il_opt: 1-dimensional DenseAxisArray{Float64,1,...} with index sets:
    Dimension 1, [(43, 15), (43, 14), (44, 15), (44, 13), (44, 3), (40, 14), (40, 2), (41, 14), (42, 6), (37, 13)  …  (4, 13), (5, 2), (5, 7), (5, 9), (6, 11), (1, 1), (1, 6), (1, 3), (2, 1), (2, 15)]
And data, a 71-element Vector{Float64}:
 0.0
 0.0
 0.0
 2.4207266223941986
 5.333230370457
 1.0978616863788666
 0.0
 0.0
 1.817023062479375
 0.0
 0.0
 3.0
 0.0
 0.0
 0.6624977194820975
 0.0
 0.0
 0.0
 7.266809597473797
 0.0
 1.0147282563089832
 0.0
 3.0
 1.0494714258271816
 1.9505285741728184
 0.0
 0.7331904025262034
 0.0
 3.0
 0.0
 1.872679736590596
 0.5792733776058013
 0.0
 0.0
 0.0
 0.0
 0.0
 0.0
 1.5194405609547883
 0.7676622649170651
 0.0
 0.0
 3.0
 0.0
 0.0
 1.9505285741728184
 0.0
 3.0
 0.0
 0.0
 0.0
 0.0
 0.0
 0.0
 3.565562101683453
 0.0
 0.0
 0.0
 0.0
 0.0
 0.0
 0.0
 0.0
 0.0
 0.0
 0.0
 0.0
 3.5699506438657083
 2.6667696295430003
 0.0
 2.232337735082935
x_lj_opt: 1-dimensional DenseAxisArray{Float64,1,...} with index sets:
    Dimension 1, [(15, 30), (15, 29), (15, 23), (15, 3), (14, 28), (14, 27), (14, 10), (14, 24), (13, 26), (13, 25)  …  (3, 6), (3, 5), (3, 29), (2, 4), (2, 3), (2, 1), (2, 5), (1, 2), (1, 1), (1, 14)]
And data, a 53-element Vector{Float64}:
 2.0
 0.0
 0.0
 1.0
 0.5019537518971361
 0.5959079344817304
 0.0
 0.0
 2.0
 1.0
 0.0
 0.46342053132115785
 1.0
 1.5365794686788423
 1.4634205313211581
 0.0
 0.0
 0.0
 1.536579468678842
 0.0
 0.0
 2.0
 1.0
 0.0
 0.0
 0.0
 5.56380237029806
 2.4361976297019408
 0.0
 0.0
 1.6816244347533904
 0.8881507438983373
 0.43022482134827256
 2.0
 6.0
 0.0
 2.0
 1.0
 0.0
 0.0
 0.9517396833502679
 3.5638023702980592
 0.06474830434410946
 0.00580923646610892
 5.868272512730636
 2.125918250803255
 1.9352516956558905
 0.0
 0.9330208170747455
 0.13172748726936406
 2.0
 1.3921202975453846
 0.0
q_opt: 1-dimensional DenseAxisArray{Float64,1,...} with index sets:
    Dimension 1, [(43, 15), (43, 14), (44, 15), (44, 13), (44, 3), (40, 14), (40, 2), (41, 14), (42, 6), (37, 13)  …  (4, 13), (5, 2), (5, 7), (5, 9), (6, 11), (1, 1), (1, 6), (1, 3), (2, 1), (2, 15)]
And data, a 71-element Vector{Float64}:
 0.0
 0.0
 0.0
 0.8069088741313996
 0.666653796307125
 1.0
 0.0
 0.0
 0.2271278828099219
 0.0
 0.0
 1.0
 0.0
 0.0
 0.08281221493526218
 0.0
 0.0
 0.0
 0.9083511996842246
 0.0
 0.22154234273342957
 0.0
 1.0
 0.3498238086090605
 0.24381607177160233
 0.0
 0.09164880031577542
 0.0
 1.0
 0.0
 0.5520676073739806
 0.19309112586860044
 1.0
 0.0
 0.0
 0.0
 0.0
 0.0
 0.4479323926260192
 0.25588742163902173
 0.0
 0.0
 1.0
 0.0
 0.0
 0.6501761913909395
 0.0
 1.0
 0.0
 0.0
 0.0
 0.0
 0.0
 0.0
 0.7784576572665705
 0.0
 0.0
 0.0
 0.0
 0.0
 0.0
 0.0
 0.0
 0.0
 0.0
 0.0
 0.0
 0.4462438304832136
 0.33334620369287504
 0.0
 0.7441125783609783
