
PROBLEM STATISTICS
  Objective sense = Min
  # Variables = 572
  # Bin-Int Variables = 0
  # Constraints = 621
  # NL Constraints = 261
  # Linear Constraints = 360
  # Detected convex constraints = 0
  # Detected nonlinear terms = 261
  # Variables involved in nonlinear terms = 124
  # Potential variables for partitioning = 124
SUB-SOLVERS USED BY ALPINE
  NLP local solver = Knitro
  MIP solver = Gurobi
ALPINE CONFIGURATION
  Maximum iterations (lower-bounding MIPs) =  1
  Relative global optimality gap = 0.01%
  Potential variables chosen for partitioning = All
  Discretization ratio = 10
  Bound-tightening presolve = false
PRESOLVE 
  Doing local search

Feasible solution found during presolve: [1.1836256970941075, 1.03204143812344, 0.0, 0.8163743029058924, 0.7118230971890009, 0.0, 0.0, 0.0, 0.0, 0.0, 0.0, 0.0, 0.0, 0.0, 0.0, 0.0, 1.762195748835891, 0.0, 0.0, 1.237804251164109, 0.0, 0.0, 0.0, 0.0, 0.0, 0.0, 0.0, 0.0, 0.0, 2.714553688305613, 1.8456178484804258, 0.0, 0.0, 0.0, 0.0, 0.0, 0.0, 0.0, 0.0, 0.0, 0.0, 2.047642060530278, 1.3921864026836837, 0.3288292314221696, 1.1786965390485515, 0.0, 0.0, 0.0, 0.0, 0.6631291659013279, 2.377002948945709, 0.0, 0.0, 0.0, 0.0, 0.0, 0.0, 0.0, 0.0, 1.8074259162432031, 1.0, 0.0, 0.0, 0.0, 0.0, 0.0, 0.0, 0.0, 0.0, 0.0, 0.0, 0.3311327023775993, 0.9933981071327977, 0.0, 0.75, 2.25, 0.0, 0.504860953277705, 1.514582859833115, 0.0, 0.0, 0.0, 0.0, 0.0, 0.0, 0.0, 0.0, 0.0, 0.0, 0.0, 0.0, 0.0, 0.41400634434469574, 1.2420190330340872, 0.0, 0.0, 0.0, 0.0, 0.0, 0.0, 0.0, 0.6675965671780577, 0.8723933753215344, 1.3928210100150284, 0.015294261437050188, 0.019986040992567847, 0.03190874505576152, 0.0, 0.0, 0.0, 0.0, 0.0, 0.0, 0.0, 0.0, 0.0, 0.0, 0.0, 5.494907175624905, 1.9881624114215848, 0.0, 0.0, 0.0, 0.37958816263769496, 0.13734225031581582, 0.0, 0.0, 0.0, 0.0, 0.0, 0.0, 0.0, 0.0, 0.0, 0.0, 0.0, 0.0, 0.0, 0.0, 0.0, 0.0, 0.0, 0.0, 0.0, 0.0, 0.0, 0.0, 0.5512076193591552, 0.0, 0.0, 0.0, 0.0, 0.0, 0.6537041245927869, 0.32685206229639346, 0.0, 0.0, 1.346295875407213, 0.6731479377036065, 0.0, 0.0, 0.0, 0.0, 0.0, 0.0, 0.0, 0.0, 0.0, 0.0, 0.0, 0.0, 0.0, 0.0, 2.0, 0.0, 0.0, 0.0, 0.6812041497316607, 0.0, 0.0, 0.0, 0.0, 0.0, 0.0, 0.0, 0.0, 0.0, 0.0, 0.0, 0.0, 0.0, 0.0, 0.0, 0.0, 1.3187958502683392, 1.0, 0.681204149731661, 0.0, 0.0, 0.0, 0.0, 0.0, 0.0, 0.0, 0.0, 0.0, 1.5368153282535686, 0.7684076641267843, 0.0, 0.46318467174643146, 0.23159233587321573, 0.0, 0.0, 0.0, 0.0, 0.0, 0.0, 0.0, 0.0, 0.0, 0.0, 0.0, 0.0, 0.0, 0.0, 0.24627223231353004, 0.7066281554755679, 0.0, 0.0, 0.0, 0.0, 0.0, 0.0, 0.0, 0.0, 0.0, 0.0, 0.0, 0.0, 0.0, 0.0, 0.0, 0.0, 0.0, 0.0, 0.0, 0.0, 0.0, 0.0, 0.2751510464847673, 0.286293508109769, 0.0, 0.13757552324238376, 0.0, 0.0, 0.0, 0.0, 1.7248489535152325, 1.7946980909944599, 0.0, 0.8624244767576162, 0.0, 0.0, 0.0, 2.3052229923803527, 4.560171536786038, 0.9529003877890979, 0.0, 0.0, 1.3245308095103971, 0.6947770076196472, 0.0, 3.0, 0.0, 0.0, 3.0, 0.0, 0.0, 0.0, 7.48306958704649, 0.0, 1.507525770470721, 0.0, 3.0, 0.9805561868891802, 2.01944381311082, 0.0, 0.5169304129535107, 0.0, 2.6812041497316605, 0.5512076193591552, 2.2156671352175477, 0.0, 0.0, 0.0, 0.0, 0.0, 0.0, 0.0, 1.5281974000948935, 0.6990200778369201, 0.0, 0.0, 2.8074259162432034, 0.0, 0.0, 2.0194438131108194, 0.0, 2.9328109525146204, 0.0, 0.0, 0.0, 0.0, 0.0, 0.0, 3.0401321148470366, 0.0, 0.0, 0.0, 0.0, 0.0, 0.0, 0.0, 0.0, 0.06718904748537956, 0.0, 0.0, 0.0, 1.656025377378783, 3.4398284632139613, 0.0, 4.3819715212673085, 2.0, 2.080991599104229, 0.0, 1.0, 0.24627223231353004, 0.7066281554755679, 0.0, 0.0, 2.0, 1.0, 0.0, 1.3187958502683392, 1.0, 0.681204149731661, 2.0, 0.0, 0.0, 0.0, 0.6812041497316607, 0.0, 0.0, 2.0, 1.0, 0.5512076193591552, 0.0, 0.0, 5.874495338262601, 2.1255046617374003, 0.0, 0.0, 0.6828908286151079, 0.8923794163141022, 1.42472975507079, 2.0, 6.0, 0.0, 1.8074259162432031, 1.0, 0.0, 0.0, 0.9919583973234973, 3.5556994879942607, 0.0, 0.0, 4.762195748835891, 3.2378042511641096, 1.762195748835891, 0.0, 0.0, 1.237804251164109, 2.0, 1.743864535312441, 0.0, 0.0, 0.0, 1.48306958704649, 0.0, 0.0, 0.0, 1.75372776768647, 0.0, 0.0, 0.0, 0.0, 0.0, 0.0, 0.0, 0.0, 0.0, 0.0, 0.0, 0.22721747793181368, 0.0, 0.0, 0.0, 0.0, 0.0, 0.0, 0.0, 0.0, 2.0, 0.0, 0.0, 0.0, 0.0, 0.0, 0.0, 0.0, 0.0, 0.0, 0.0, 0.0, 0.0, 0.0, 0.0, 0.0, 0.5169304129535099, 0.0, 0.0, 0.0, 0.0, 0.0, 0.0, 0.0, 0.0, 0.0, 0.0, 0.0, 0.31879585026833934, 0.0, 0.12550466173739952, 0.10762058368589779, 1.448792380640845, 0.0, 0.0, 0.0, 0.0, 6.0, 0.0, 0.0, 0.0, 0.0, 0.7727825220681863, 0.0, 0.0, 0.0, 0.0, 0.0, 0.0, 0.29337184452443216, 1.0080416026765027, 0.0, 0.0, 0.0, 0.0, 0.0, 0.0, 0.0, 0.0, 0.0, 0.19257408375679697, 0.0, 0.0, 0.0, 0.0, 0.0, 0.0, 0.0, 0.0, 0.0, 0.0, 0.0, 0.0, 0.0, 0.0, 0.0, 0.0, 0.0, 1.2443687215944053, 0.0, 0.0, 0.23780425116410905, 0.0, 0.07274044979048697, 0.0, 0.0, 2.8314057096167695, 0.0, 0.0, 0.0, 0.0, 0.0, 0.7684076641267843, 0.5700214420982548, 1.0, 0.0, 0.0, 0.16556635118879964, 0.23159233587321573, 0.0, 1.0, 0.0, 0.0, 0.375, 0.0, 0.0, 0.0, 0.9353836983808113, 0.0, 0.33149498235955943, 0.0, 1.0, 0.32685206229639346, 0.2524304766388525, 0.0, 0.06461630161918884, 0.0, 1.0, 1.0, 0.5918128485470537, 0.0, 0.0, 0.0, 0.0, 0.0, 0.0, 0.0, 0.4081871514529462, 0.13757552324238365, 0.0, 0.0, 1.0, 0.0, 0.0, 0.6731479377036065, 0.0, 0.9776036508382068, 0.0, 0.0, 0.0, 0.0, 0.0, 0.0, 0.6685050176404407, 0.0, 0.0, 0.0, 0.0, 0.0, 0.0, 0.0, 0.0, 0.022396349161793182, 0.0, 0.0, 0.0, 0.20700317217234787, 0.42997855790174516, 0.0, 0.8624244767576162]  :with objective: -616.1931406184174

  Local solver returns a feasible point with value -616.1931
disc:  333  :[0.0, 1.8, 2.0]
disc:  334  :[0.0, 1.4809915991042288, 2.680991599104229, 6.0]
disc:  335  :[0.0, 0.1, 1.0]
disc:  336  :[0.0, 0.9, 1.0]
disc:  337  :[0.0, 0.04627223231353003, 0.4462722323135301, 2.0]
disc:  338  :[0.0, 0.6066281554755679, 0.8066281554755679, 1.0]
disc:  339  :[0.0, 0.2, 2.0]
disc:  340  :[0.0, 0.2, 2.0]
disc:  341  :[0.0, 1.8, 2.0]
disc:  342  :[0.0, 0.9, 1.0]
disc:  343  :[0.0, 0.2, 2.0]
disc:  344  :[0.0, 1.1187958502683393, 1.5187958502683392, 2.0]
disc:  345  :[0.0, 0.9, 1.0]
disc:  346  :[0.0, 0.381204149731661, 0.981204149731661, 3.0]
disc:  347  :[0.0, 1.8, 2.0]
disc:  348  :[0.0, 0.6, 6.0]
disc:  349  :[0.0, 0.2, 2.0]
disc:  350  :[0.0, 0.1, 1.0]
disc:  351  :[0.0, 0.48120414973166065, 0.8812041497316607, 2.0]
disc:  352  :[0.0, 0.6, 6.0]
disc:  353  :[0.0, 0.1, 1.0]
disc:  354  :[0.0, 1.8, 2.0]
disc:  355  :[0.0, 0.9, 1.0]
disc:  356  :[0.0, 0.3512076193591552, 0.7512076193591553, 2.0]
disc:  357  :[0.0, 0.1, 1.0]
disc:  358  :[0.0, 0.2, 2.0]
disc:  359  :[0.0, 5.274495338262601, 6.0]
disc:  360  :[0.0, 1.5255046617374002, 2.7255046617374004, 6.0]
disc:  361  :[0.0, 0.2, 2.0]
disc:  362  :[0.0, 0.1, 1.0]
disc:  363  :[0.0, 0.48289082861510785, 0.8828908286151078, 2.0]
disc:  364  :[0.0, 0.7923794163141022, 0.9923794163141022, 1.0]
disc:  365  :[0.0, 1.12472975507079, 1.72472975507079, 3.0]
disc:  366  :[0.0, 1.8, 2.0]
disc:  367  :[0.0, 5.4, 6.0]
disc:  368  :[0.0, 0.2, 2.0]
disc:  369  :[0.0, 1.6074259162432032, 2.0]
disc:  370  :[0.0, 0.9, 1.0]
disc:  371  :[0.0, 0.2, 2.0]
disc:  372  :[0.0, 0.2, 2.0]
disc:  373  :[0.0, 0.7919583973234974, 1.1919583973234973, 2.0]
disc:  374  :[0.0, 2.9556994879942606, 4.15569948799426, 6.0]
disc:  375  :[0.0, 0.2, 2.0]
disc:  376  :[0.0, 0.2, 2.0]
disc:  377  :[0.0, 4.162195748835892, 5.362195748835891, 6.0]
disc:  378  :[0.0, 2.6378042511641095, 3.8378042511641097, 6.0]
disc:  379  :[0.0, 1.562195748835891, 1.962195748835891, 2.0]
disc:  380  :[0.0, 0.1, 1.0]
disc:  381  :[0.0, 0.3, 3.0]
disc:  382  :[0.0, 0.9378042511641089, 1.537804251164109, 3.0]
disc:  383  :[0.0, 1.8, 2.0]
disc:  384  :[0.0, 1.1438645353124408, 2.343864535312441, 6.0]
disc:  385  :[0.0, 0.2, 2.0]
disc:  502  :[0.0, 0.1, 1.0]
disc:  503  :[0.0, 0.1, 1.0]
disc:  504  :[0.0, 0.1, 1.0]
disc:  505  :[0.0, 0.6684076641267843, 0.8684076641267843, 1.0]
disc:  506  :[0.0, 0.4700214420982548, 0.6700214420982548, 1.0]
disc:  507  :[0.0, 0.9, 1.0]
disc:  508  :[0.0, 0.1, 1.0]
disc:  509  :[0.0, 0.1, 1.0]
disc:  510  :[0.0, 0.06556635118879964, 0.2655663511887997, 1.0]
disc:  511  :[0.0, 0.13159233587321573, 0.33159233587321574, 1.0]
disc:  512  :[0.0, 0.1, 1.0]
disc:  513  :[0.0, 0.9, 1.0]
disc:  514  :[0.0, 0.1, 1.0]
disc:  515  :[0.0, 0.1, 1.0]
disc:  516  :[0.0, 0.275, 0.475, 1.0]
disc:  517  :[0.0, 0.1, 1.0]
disc:  518  :[0.0, 0.1, 1.0]
disc:  519  :[0.0, 0.1, 1.0]
disc:  520  :[0.0, 0.8353836983808113, 1.0]
disc:  521  :[0.0, 0.1, 1.0]
disc:  522  :[0.0, 0.23149498235955943, 0.4314949823595594, 1.0]
disc:  523  :[0.0, 0.1, 1.0]
disc:  524  :[0.0, 0.9, 1.0]
disc:  525  :[0.0, 0.22685206229639346, 0.4268520622963935, 1.0]
disc:  526  :[0.0, 0.15243047663885248, 0.3524304766388525, 1.0]
disc:  527  :[0.0, 0.1, 1.0]
disc:  528  :[0.0, 0.16461630161918883, 1.0]
disc:  529  :[0.0, 0.1, 1.0]
disc:  530  :[0.0, 0.9, 1.0]
disc:  531  :[0.0, 0.9, 1.0]
disc:  532  :[0.0, 0.49181284854705376, 0.6918128485470537, 1.0]
disc:  533  :[0.0, 0.1, 1.0]
disc:  534  :[0.0, 0.1, 1.0]
disc:  535  :[0.0, 0.1, 1.0]
disc:  536  :[0.0, 0.1, 1.0]
disc:  537  :[0.0, 0.1, 1.0]
disc:  538  :[0.0, 0.1, 1.0]
disc:  539  :[0.0, 0.1, 1.0]
disc:  540  :[0.0, 0.3081871514529462, 0.5081871514529462, 1.0]
disc:  541  :[0.0, 0.03757552324238364, 0.23757552324238365, 1.0]
disc:  542  :[0.0, 0.1, 1.0]
disc:  543  :[0.0, 0.1, 1.0]
disc:  544  :[0.0, 0.9, 1.0]
disc:  545  :[0.0, 0.1, 1.0]
disc:  546  :[0.0, 0.1, 1.0]
disc:  547  :[0.0, 0.5731479377036065, 0.7731479377036065, 1.0]
disc:  548  :[0.0, 0.1, 1.0]
disc:  549  :[0.0, 0.8776036508382068, 1.0]
disc:  550  :[0.0, 0.1, 1.0]
disc:  551  :[0.0, 0.1, 1.0]
disc:  552  :[0.0, 0.1, 1.0]
disc:  553  :[0.0, 0.1, 1.0]
disc:  554  :[0.0, 0.1, 1.0]
disc:  555  :[0.0, 0.1, 1.0]
disc:  556  :[0.0, 0.5685050176404407, 0.7685050176404407, 1.0]
disc:  557  :[0.0, 0.1, 1.0]
disc:  558  :[0.0, 0.1, 1.0]
disc:  559  :[0.0, 0.1, 1.0]
disc:  560  :[0.0, 0.1, 1.0]
disc:  561  :[0.0, 0.1, 1.0]
disc:  562  :[0.0, 0.1, 1.0]
disc:  563  :[0.0, 0.1, 1.0]
disc:  564  :[0.0, 0.1, 1.0]
disc:  565  :[0.0, 0.12239634916179319, 1.0]
disc:  566  :[0.0, 0.1, 1.0]
disc:  567  :[0.0, 0.1, 1.0]
disc:  568  :[0.0, 0.1, 1.0]
disc:  569  :[0.0, 0.10700317217234787, 0.30700317217234785, 1.0]
disc:  570  :[0.0, 0.32997855790174513, 0.5299785579017452, 1.0]
disc:  571  :[0.0, 0.1, 1.0]
disc:  572  :[0.0, 0.7624244767576163, 0.9624244767576162, 1.0]
  Completed presolve in 14.49s
LOWER-BOUNDING ITERATIONS
====================================================================================================
| Iter   | Incumbent       | Best Incumbent      | Lower Bound        | Gap (%)         | Time      
| finish | -616.1931       | -616.1931           | -624.9031          | 1.414           | 30.75s           
Final UBD: -616.1931406184174
Final LBD: -624.903101982295
====================================================================================================

*** Alpine ended with status OTHER_LIMIT ***

 Total time for local solves: 11.98s

 Total time for solving max-min problems: 0.0s

 Total time excluding max-min time: 30.75s

presolve objective value: -616.1931406184174
w_opt: 1-dimensional DenseAxisArray{Float64,1,...} with index sets:
    Dimension 1, [(25, 1, 2), (25, 1, 1), (25, 1, 14), (20, 1, 2), (20, 1, 1), (20, 1, 14), (1, 1, 2), (1, 1, 1), (1, 1, 14), (2, 1, 2)  …  (20, 15, 23), (20, 15, 3), (8, 15, 30), (8, 15, 29), (8, 15, 23), (8, 15, 3), (2, 15, 30), (2, 15, 29), (2, 15, 23), (2, 15, 3)]
And data, a 261-element Vector{Float64}:
 1.1836256970941075
 1.03204143812344
 0.0
 0.8163743029058924
 0.7118230971890009
 0.0
 0.0
 0.0
 0.0
 0.0
 0.0
 0.0
 0.0
 0.0
 0.0
 0.0
 1.762195748835891
 0.0
 0.0
 1.237804251164109
 0.0
 0.0
 0.0
 0.0
 0.0
 0.0
 0.0
 0.0
 0.0
 2.714553688305613
 1.8456178484804258
 0.0
 0.0
 0.0
 0.0
 0.0
 0.0
 0.0
 0.0
 0.0
 0.0
 2.047642060530278
 1.3921864026836837
 0.3288292314221696
 1.1786965390485515
 0.0
 0.0
 0.0
 0.0
 0.6631291659013279
 2.377002948945709
 0.0
 0.0
 0.0
 0.0
 0.0
 0.0
 0.0
 0.0
 1.8074259162432031
 1.0
 0.0
 0.0
 0.0
 0.0
 0.0
 0.0
 0.0
 0.0
 0.0
 0.0
 0.3311327023775993
 0.9933981071327977
 0.0
 0.75
 2.25
 0.0
 0.504860953277705
 1.514582859833115
 0.0
 0.0
 0.0
 0.0
 0.0
 0.0
 0.0
 0.0
 0.0
 0.0
 0.0
 0.0
 0.0
 0.41400634434469574
 1.2420190330340872
 0.0
 0.0
 0.0
 0.0
 0.0
 0.0
 0.0
 0.6675965671780577
 0.8723933753215344
 1.3928210100150284
 0.015294261437050188
 0.019986040992567847
 0.03190874505576152
 0.0
 0.0
 0.0
 0.0
 0.0
 0.0
 0.0
 0.0
 0.0
 0.0
 0.0
 5.494907175624905
 1.9881624114215848
 0.0
 0.0
 0.0
 0.37958816263769496
 0.13734225031581582
 0.0
 0.0
 0.0
 0.0
 0.0
 0.0
 0.0
 0.0
 0.0
 0.0
 0.0
 0.0
 0.0
 0.0
 0.0
 0.0
 0.0
 0.0
 0.0
 0.0
 0.0
 0.0
 0.5512076193591552
 0.0
 0.0
 0.0
 0.0
 0.0
 0.6537041245927869
 0.32685206229639346
 0.0
 0.0
 1.346295875407213
 0.6731479377036065
 0.0
 0.0
 0.0
 0.0
 0.0
 0.0
 0.0
 0.0
 0.0
 0.0
 0.0
 0.0
 0.0
 0.0
 2.0
 0.0
 0.0
 0.0
 0.6812041497316607
 0.0
 0.0
 0.0
 0.0
 0.0
 0.0
 0.0
 0.0
 0.0
 0.0
 0.0
 0.0
 0.0
 0.0
 0.0
 0.0
 1.3187958502683392
 1.0
 0.681204149731661
 0.0
 0.0
 0.0
 0.0
 0.0
 0.0
 0.0
 0.0
 0.0
 1.5368153282535686
 0.7684076641267843
 0.0
 0.46318467174643146
 0.23159233587321573
 0.0
 0.0
 0.0
 0.0
 0.0
 0.0
 0.0
 0.0
 0.0
 0.0
 0.0
 0.0
 0.0
 0.0
 0.24627223231353004
 0.7066281554755679
 0.0
 0.0
 0.0
 0.0
 0.0
 0.0
 0.0
 0.0
 0.0
 0.0
 0.0
 0.0
 0.0
 0.0
 0.0
 0.0
 0.0
 0.0
 0.0
 0.0
 0.0
 0.0
 0.2751510464847673
 0.286293508109769
 0.0
 0.13757552324238376
 0.0
 0.0
 0.0
 0.0
 1.7248489535152325
 1.7946980909944599
 0.0
 0.8624244767576162
x_ij_opt: 1-dimensional DenseAxisArray{Float64,1,...} with index sets:
    Dimension 1, [(43, 30), (43, 22), (43, 6), (44, 22), (45, 30), (45, 29), (45, 28), (45, 24), (45, 23), (40, 29)  …  (5, 7), (5, 14), (6, 4), (6, 3), (1, 14), (1, 10), (1, 23), (1, 1), (3, 2), (3, 1)]
And data, a 116-element Vector{Float64}:
 0.0
 0.0
 1.48306958704649
 0.0
 0.0
 0.0
 1.75372776768647
 0.0
 0.0
 0.0
 0.0
 0.0
 0.0
 0.0
 0.0
 0.0
 0.0
 0.0
 0.22721747793181368
 0.0
 0.0
 0.0
 0.0
 0.0
 0.0
 0.0
 0.0
 2.0
 0.0
 0.0
 0.0
 0.0
 0.0
 0.0
 0.0
 0.0
 0.0
 0.0
 0.0
 0.0
 0.0
 0.0
 0.0
 0.5169304129535099
 0.0
 0.0
 0.0
 0.0
 0.0
 0.0
 0.0
 0.0
 0.0
 0.0
 0.0
 0.31879585026833934
 0.0
 0.12550466173739952
 0.10762058368589779
 1.448792380640845
 0.0
 0.0
 0.0
 0.0
 6.0
 0.0
 0.0
 0.0
 0.0
 0.7727825220681863
 0.0
 0.0
 0.0
 0.0
 0.0
 0.0
 0.29337184452443216
 1.0080416026765027
 0.0
 0.0
 0.0
 0.0
 0.0
 0.0
 0.0
 0.0
 0.0
 0.19257408375679697
 0.0
 0.0
 0.0
 0.0
 0.0
 0.0
 0.0
 0.0
 0.0
 0.0
 0.0
 0.0
 0.0
 0.0
 0.0
 0.0
 0.0
 1.2443687215944053
 0.0
 0.0
 0.23780425116410905
 0.0
 0.07274044979048697
 0.0
 0.0
 2.8314057096167695
 0.0
 0.0
x_il_opt: 1-dimensional DenseAxisArray{Float64,1,...} with index sets:
    Dimension 1, [(43, 15), (43, 14), (44, 15), (44, 13), (44, 3), (40, 14), (40, 2), (41, 14), (42, 6), (37, 13)  …  (4, 13), (5, 2), (5, 7), (5, 9), (6, 11), (1, 1), (1, 6), (1, 3), (2, 1), (2, 15)]
And data, a 71-element Vector{Float64}:
 0.0
 0.0
 0.0
 2.3052229923803527
 4.560171536786038
 0.9529003877890979
 0.0
 0.0
 1.3245308095103971
 0.6947770076196472
 0.0
 3.0
 0.0
 0.0
 3.0
 0.0
 0.0
 0.0
 7.48306958704649
 0.0
 1.507525770470721
 0.0
 3.0
 0.9805561868891802
 2.01944381311082
 0.0
 0.5169304129535107
 0.0
 2.6812041497316605
 0.5512076193591552
 2.2156671352175477
 0.0
 0.0
 0.0
 0.0
 0.0
 0.0
 0.0
 1.5281974000948935
 0.6990200778369201
 0.0
 0.0
 2.8074259162432034
 0.0
 0.0
 2.0194438131108194
 0.0
 2.9328109525146204
 0.0
 0.0
 0.0
 0.0
 0.0
 0.0
 3.0401321148470366
 0.0
 0.0
 0.0
 0.0
 0.0
 0.0
 0.0
 0.0
 0.06718904748537956
 0.0
 0.0
 0.0
 1.656025377378783
 3.4398284632139613
 0.0
 4.3819715212673085
x_lj_opt: 1-dimensional DenseAxisArray{Float64,1,...} with index sets:
    Dimension 1, [(15, 30), (15, 29), (15, 23), (15, 3), (14, 28), (14, 27), (14, 10), (14, 24), (13, 26), (13, 25)  …  (3, 6), (3, 5), (3, 29), (2, 4), (2, 3), (2, 1), (2, 5), (1, 2), (1, 1), (1, 14)]
And data, a 53-element Vector{Float64}:
 2.0
 2.080991599104229
 0.0
 1.0
 0.24627223231353004
 0.7066281554755679
 0.0
 0.0
 2.0
 1.0
 0.0
 1.3187958502683392
 1.0
 0.681204149731661
 2.0
 0.0
 0.0
 0.0
 0.6812041497316607
 0.0
 0.0
 2.0
 1.0
 0.5512076193591552
 0.0
 0.0
 5.874495338262601
 2.1255046617374003
 0.0
 0.0
 0.6828908286151079
 0.8923794163141022
 1.42472975507079
 2.0
 6.0
 0.0
 1.8074259162432031
 1.0
 0.0
 0.0
 0.9919583973234973
 3.5556994879942607
 0.0
 0.0
 4.762195748835891
 3.2378042511641096
 1.762195748835891
 0.0
 0.0
 1.237804251164109
 2.0
 1.743864535312441
 0.0
q_opt: 1-dimensional DenseAxisArray{Float64,1,...} with index sets:
    Dimension 1, [(43, 15), (43, 14), (44, 15), (44, 13), (44, 3), (40, 14), (40, 2), (41, 14), (42, 6), (37, 13)  …  (4, 13), (5, 2), (5, 7), (5, 9), (6, 11), (1, 1), (1, 6), (1, 3), (2, 1), (2, 15)]
And data, a 71-element Vector{Float64}:
 0.0
 0.0
 0.0
 0.7684076641267843
 0.5700214420982548
 1.0
 0.0
 0.0
 0.16556635118879964
 0.23159233587321573
 0.0
 1.0
 0.0
 0.0
 0.375
 0.0
 0.0
 0.0
 0.9353836983808113
 0.0
 0.33149498235955943
 0.0
 1.0
 0.32685206229639346
 0.2524304766388525
 0.0
 0.06461630161918884
 0.0
 1.0
 1.0
 0.5918128485470537
 0.0
 0.0
 0.0
 0.0
 0.0
 0.0
 0.0
 0.4081871514529462
 0.13757552324238365
 0.0
 0.0
 1.0
 0.0
 0.0
 0.6731479377036065
 0.0
 0.9776036508382068
 0.0
 0.0
 0.0
 0.0
 0.0
 0.0
 0.6685050176404407
 0.0
 0.0
 0.0
 0.0
 0.0
 0.0
 0.0
 0.0
 0.022396349161793182
 0.0
 0.0
 0.0
 0.20700317217234787
 0.42997855790174516
 0.0
 0.8624244767576162
