
PROBLEM STATISTICS
  Objective sense = Min
  # Variables = 572
  # Bin-Int Variables = 0
  # Constraints = 621
  # NL Constraints = 261
  # Linear Constraints = 360
  # Detected convex constraints = 0
  # Detected nonlinear terms = 261
  # Variables involved in nonlinear terms = 124
  # Potential variables for partitioning = 124
SUB-SOLVERS USED BY ALPINE
  NLP local solver = Knitro
  MIP solver = Gurobi
ALPINE CONFIGURATION
  Maximum iterations (lower-bounding MIPs) =  1
  Relative global optimality gap = 0.01%
  Potential variables chosen for partitioning = All
  Discretization ratio = 10
  Bound-tightening presolve = false
PRESOLVE 
  Doing local search

Feasible solution found during presolve: [0.0, 0.0, 0.0, 0.0, 0.0, 0.0, 0.0, 0.0, 0.0, 0.0, 0.0, 0.0, 0.0, 0.0, 0.0, 0.0, 1.3102130911530532, 0.0, 0.7742025592527327, 0.9155843495942141, 0.0, 0.0, 0.0, 0.0, 0.0, 0.0, 0.0, 0.0, 0.15778601704351622, 1.6369285963646378, 0.7808869249656729, 0.0, 0.0, 0.0, 0.332308478374866, 3.4474870540411477, 1.6446029292101594, 0.0, 0.0, 0.0, 0.0, 0.0, 0.0, 0.0, 0.0, 0.0, 0.0, 0.0, 0.0, 0.0, 0.0, 0.0, 0.0, 0.0, 0.0, 0.0, 0.0, 0.0, 0.0, 2.0, 1.0, 0.0, 0.0, 0.0, 0.0, 0.0, 0.0, 0.0, 0.0, 0.0, 0.0, 0.75, 2.25, 0.0, 0.05224897547599435, 0.15674692642798307, 0.0, 0.4874713214299921, 1.4624139642899763, 0.0, 0.0, 0.0, 0.0, 0.0, 0.0, 0.0, 0.0, 0.0, 0.0, 0.0, 0.0, 0.0, 0.7102797030940134, 2.1308391092820402, 0.0, 0.0, 0.0, 0.0, 0.0, 0.0, 0.0, 2.0, 0.8788085164884287, 0.12119148351157123, 0.0, 0.0, 0.0, 0.0, 0.0, 0.0, 0.0, 0.0, 0.0, 0.0, 0.0, 0.0, 0.0, 0.0, 2.0324983731485706, 3.9543200975401414, 0.0, 0.0, 0.0, 0.6834662188625258, 1.3297153104487616, 0.0, 0.0, 0.0, 0.0, 0.0, 0.0, 0.0, 0.0, 0.0, 0.0, 0.0, 0.0, 0.0, 0.0, 0.0, 0.0, 0.0, 0.0, 0.0, 0.0, 0.0, 0.0, 0.0, 0.0, 0.0, 0.0, 0.0, 0.0, 0.7000764761866877, 0.35003823809334395, 0.0, 0.0, 1.2999235238133122, 0.6499617619066563, 0.0, 0.0, 0.0, 0.0, 0.0, 0.0, 0.0, 0.0, 0.0, 0.0, 0.0, 0.0, 0.0, 0.0, 2.0, 0.0, 0.0, 0.0, 0.6263177615910395, 0.0, 0.0, 0.0, 0.0, 0.0, 0.0, 0.0, 0.0, 0.0, 0.0, 0.0, 0.0, 0.0, 0.0, 0.0, 0.0, 1.3736822384089604, 0.9457247696117494, 0.6805929919792902, 0.0, 0.0, 0.0, 0.0, 0.0, 0.0, 0.0, 0.0, 0.0, 1.1824675291356421, 0.3228379177343416, 1.4946945531300162, 0.0, 0.0, 0.0, 0.0, 0.0, 0.0, 0.0, 0.0, 0.0, 0.0, 0.0, 0.0, 0.0, 0.0, 0.0, 0.0, 0.21777130984551407, 0.5410345063293608, 0.0, 0.0, 0.0, 0.0, 0.0, 0.0, 0.0, 0.0, 0.0, 0.0, 0.0, 0.0, 0.0, 0.0, 0.0, 0.0, 0.0, 0.0, 0.0, 0.0, 0.0, 0.0, 0.7288023736825814, 0.03750163965634661, 0.0, 0.3644011868412907, 0.0, 0.0, 0.0, 0.0, 1.2711976263174187, 0.06541141609250822, 0.0, 0.6355988131587094, 0.0, 0.0, 0.0, 3.0, 2.5756015383738267, 0.7588058161748749, 0.0, 0.0, 3.0, 0.0, 0.0, 3.0, 0.0, 0.0, 0.2089959019039774, 0.0, 0.0, 0.0, 5.986818470688712, 0.0, 0.0, 0.0, 3.0, 1.0501147142800316, 1.9498852857199684, 0.0, 2.0131815293112876, 0.0, 2.62631776159104, 0.0, 0.0, 0.0, 0.0, 0.0, 0.0, 0.0, 0.0, 0.0, 0.0, 1.1307052001802187, 0.0, 0.0, 3.0, 0.0, 0.0, 1.9498852857199689, 0.0, 3.0, 0.0, 0.0, 0.0, 0.0, 0.0, 0.0, 0.0, 0.0, 0.0, 5.424398461626173, 0.0, 0.0, 0.0, 0.0, 0.0, 0.0, 0.0, 0.0, 0.0, 2.841118812376054, 0.0, 0.0, 1.972207855568636, 2.0, 0.10291305574885484, 0.0, 1.0, 0.21777130984551407, 0.5410345063293608, 0.0, 0.0, 1.1824675291356421, 0.3228379177343416, 1.4946945531300162, 1.3736822384089604, 0.9457247696117494, 0.6805929919792902, 2.0, 0.0, 0.0, 0.0, 0.6263177615910395, 0.0, 0.0, 2.0, 1.0, 0.0, 0.0, 0.0, 2.7159645920110966, 5.284035407988903, 0.0, 0.0, 2.0, 0.8788085164884287, 0.12119148351157122, 2.0, 6.0, 0.0, 2.0, 1.0, 0.0, 0.0, 0.0, 0.0, 0.0, 0.49009449541838224, 5.084415650405786, 2.4254898541758325, 1.3102130911530532, 0.0, 0.7742025592527327, 0.9155843495942141, 0.0, 0.0, 0.0, 0.0, 0.0, 1.0652127124924116, 0.0, 0.0, 0.0, 1.782228690154486, 0.0, 0.0, 0.0, 0.0, 0.0, 0.0, 0.0, 0.0, 0.0, 0.0, 0.0, 0.2892707734144962, 0.0, 0.0, 0.0, 0.0, 0.0, 0.8175324708643578, 0.3234044557761235, 0.0, 1.8590630733595186, 0.0, 2.7910040980960225, 0.0, 0.0, 0.0, 0.0, 0.0, 0.0, 0.0, 0.0, 0.0, 0.0, 0.0, 0.0, 0.5053054468699839, 0.44469279208920603, 0.0, 0.0, 0.0, 0.0, 0.0, 0.0, 0.0, 0.0, 0.0, 0.0, 0.0, 0.37368223840896014, 0.0, 2.8788085164884287, 0.12119148351157129, 2.0, 0.0, 0.0, 0.0, 0.0, 6.0, 0.0, 0.4052268915004754, 0.0, 0.0, 0.7107292265855037, 0.0, 0.0, 0.0, 0.0, 0.0, 0.0, 0.4589654936706392, 0.8313310606106752, 0.0, 0.0, 0.0, 0.0, 0.0, 0.0, 0.0, 0.0, 0.0, 0.0, 0.1409369266404814, 0.0, 0.6897869088469469, 1.1686689393893248, 0.0, 0.0, 0.0, 0.0, 0.0, 0.35375762648953485, 0.0, 0.0, 0.0, 0.0, 0.0, 0.0, 0.0, 0.0, 0.0, 0.0, 0.0, 0.0, 0.0, 0.0, 0.05427523038825062, 5.104605957235695, 0.0, 0.0, 0.0, 0.0, 0.0, 1.0, 0.3219501922967284, 1.0, 0.0, 0.0, 0.375, 0.0, 0.0, 1.0, 0.0, 0.0, 0.026124487737997176, 0.0, 0.0, 0.0, 0.748352308836089, 0.0, 0.0, 0.0, 1.0, 0.35003823809334383, 0.24373566071499606, 0.0, 0.25164769116391095, 0.0, 1.0, 1.0, 0.0, 0.0, 0.0, 0.0, 0.0, 0.0, 0.0, 0.0, 0.0, 0.3644011868412907, 0.0, 0.0, 1.0, 0.0, 0.0, 0.6499617619066561, 0.0, 1.0, 0.0, 0.0, 0.0, 0.0, 0.0, 0.0, 0.0, 1.0, 0.0, 0.6780498077032716, 0.0, 0.0, 0.0, 0.0, 0.0, 0.0, 0.0, 0.0, 0.0, 0.3551398515470067, 0.0, 1.0, 0.6355988131587094]  :with objective: -605.9394782133687

  Local solver returns a feasible point with value -605.9395
disc:  333  :[0.0, 1.8, 2.0]
disc:  334  :[0.0, 0.7029130557488548, 6.0]
disc:  335  :[0.0, 0.1, 1.0]
disc:  336  :[0.0, 0.9, 1.0]
disc:  337  :[0.0, 0.01777130984551406, 0.4177713098455141, 2.0]
disc:  338  :[0.0, 0.4410345063293608, 0.6410345063293608, 1.0]
disc:  339  :[0.0, 0.2, 2.0]
disc:  340  :[0.0, 0.2, 2.0]
disc:  341  :[0.0, 0.9824675291356422, 1.382467529135642, 2.0]
disc:  342  :[0.0, 0.2228379177343416, 0.42283791773434165, 1.0]
disc:  343  :[0.0, 1.2946945531300162, 1.6946945531300162, 2.0]
disc:  344  :[0.0, 1.1736822384089605, 1.5736822384089604, 2.0]
disc:  345  :[0.0, 0.8457247696117495, 1.0]
disc:  346  :[0.0, 0.38059299197929025, 0.9805929919792902, 3.0]
disc:  347  :[0.0, 1.8, 2.0]
disc:  348  :[0.0, 0.6, 6.0]
disc:  349  :[0.0, 0.2, 2.0]
disc:  350  :[0.0, 0.1, 1.0]
disc:  351  :[0.0, 0.42631776159103946, 0.8263177615910395, 2.0]
disc:  352  :[0.0, 0.6, 6.0]
disc:  353  :[0.0, 0.1, 1.0]
disc:  354  :[0.0, 1.8, 2.0]
disc:  355  :[0.0, 0.9, 1.0]
disc:  356  :[0.0, 0.2, 2.0]
disc:  357  :[0.0, 0.1, 1.0]
disc:  358  :[0.0, 0.2, 2.0]
disc:  359  :[0.0, 2.1159645920110965, 3.3159645920110967, 6.0]
disc:  360  :[0.0, 4.684035407988904, 5.884035407988903, 6.0]
disc:  361  :[0.0, 0.2, 2.0]
disc:  362  :[0.0, 0.1, 1.0]
disc:  363  :[0.0, 1.8, 2.0]
disc:  364  :[0.0, 0.7788085164884287, 0.9788085164884287, 1.0]
disc:  365  :[0.0, 0.4211914835115712, 3.0]
disc:  366  :[0.0, 1.8, 2.0]
disc:  367  :[0.0, 5.4, 6.0]
disc:  368  :[0.0, 0.2, 2.0]
disc:  369  :[0.0, 1.8, 2.0]
disc:  370  :[0.0, 0.9, 1.0]
disc:  371  :[0.0, 0.2, 2.0]
disc:  372  :[0.0, 0.2, 2.0]
disc:  373  :[0.0, 0.2, 2.0]
disc:  374  :[0.0, 0.6, 6.0]
disc:  375  :[0.0, 0.2, 2.0]
disc:  376  :[0.0, 0.2900944954183822, 0.6900944954183823, 2.0]
disc:  377  :[0.0, 4.484415650405786, 5.684415650405786, 6.0]
disc:  378  :[0.0, 1.8254898541758324, 3.0254898541758326, 6.0]
disc:  379  :[0.0, 1.1102130911530532, 1.5102130911530531, 2.0]
disc:  380  :[0.0, 0.1, 1.0]
disc:  381  :[0.0, 0.47420255925273275, 1.0742025592527327, 3.0]
disc:  382  :[0.0, 0.6155843495942142, 1.215584349594214, 3.0]
disc:  383  :[0.0, 0.2, 2.0]
disc:  384  :[0.0, 0.6, 6.0]
disc:  385  :[0.0, 0.2, 2.0]
disc:  502  :[0.0, 0.1, 1.0]
disc:  503  :[0.0, 0.1, 1.0]
disc:  504  :[0.0, 0.1, 1.0]
disc:  505  :[0.0, 0.9, 1.0]
disc:  506  :[0.0, 0.22195019229672838, 0.42195019229672837, 1.0]
disc:  507  :[0.0, 0.9, 1.0]
disc:  508  :[0.0, 0.1, 1.0]
disc:  509  :[0.0, 0.1, 1.0]
disc:  510  :[0.0, 0.275, 0.475, 1.0]
disc:  511  :[0.0, 0.1, 1.0]
disc:  512  :[0.0, 0.1, 1.0]
disc:  513  :[0.0, 0.9, 1.0]
disc:  514  :[0.0, 0.1, 1.0]
disc:  515  :[0.0, 0.1, 1.0]
disc:  516  :[0.0, 0.12612448773799717, 1.0]
disc:  517  :[0.0, 0.1, 1.0]
disc:  518  :[0.0, 0.1, 1.0]
disc:  519  :[0.0, 0.1, 1.0]
disc:  520  :[0.0, 0.6483523088360891, 0.848352308836089, 1.0]
disc:  521  :[0.0, 0.1, 1.0]
disc:  522  :[0.0, 0.1, 1.0]
disc:  523  :[0.0, 0.1, 1.0]
disc:  524  :[0.0, 0.9, 1.0]
disc:  525  :[0.0, 0.2500382380933438, 0.45003823809334387, 1.0]
disc:  526  :[0.0, 0.14373566071499605, 0.34373566071499606, 1.0]
disc:  527  :[0.0, 0.1, 1.0]
disc:  528  :[0.0, 0.15164769116391094, 0.3516476911639109, 1.0]
disc:  529  :[0.0, 0.1, 1.0]
disc:  530  :[0.0, 0.9, 1.0]
disc:  531  :[0.0, 0.9, 1.0]
disc:  532  :[0.0, 0.1, 1.0]
disc:  533  :[0.0, 0.1, 1.0]
disc:  534  :[0.0, 0.1, 1.0]
disc:  535  :[0.0, 0.1, 1.0]
disc:  536  :[0.0, 0.1, 1.0]
disc:  537  :[0.0, 0.1, 1.0]
disc:  538  :[0.0, 0.1, 1.0]
disc:  539  :[0.0, 0.1, 1.0]
disc:  540  :[0.0, 0.1, 1.0]
disc:  541  :[0.0, 0.26440118684129066, 0.4644011868412907, 1.0]
disc:  542  :[0.0, 0.1, 1.0]
disc:  543  :[0.0, 0.1, 1.0]
disc:  544  :[0.0, 0.9, 1.0]
disc:  545  :[0.0, 0.1, 1.0]
disc:  546  :[0.0, 0.1, 1.0]
disc:  547  :[0.0, 0.5499617619066561, 0.7499617619066561, 1.0]
disc:  548  :[0.0, 0.1, 1.0]
disc:  549  :[0.0, 0.9, 1.0]
disc:  550  :[0.0, 0.1, 1.0]
disc:  551  :[0.0, 0.1, 1.0]
disc:  552  :[0.0, 0.1, 1.0]
disc:  553  :[0.0, 0.1, 1.0]
disc:  554  :[0.0, 0.1, 1.0]
disc:  555  :[0.0, 0.1, 1.0]
disc:  556  :[0.0, 0.1, 1.0]
disc:  557  :[0.0, 0.9, 1.0]
disc:  558  :[0.0, 0.1, 1.0]
disc:  559  :[0.0, 0.5780498077032716, 0.7780498077032716, 1.0]
disc:  560  :[0.0, 0.1, 1.0]
disc:  561  :[0.0, 0.1, 1.0]
disc:  562  :[0.0, 0.1, 1.0]
disc:  563  :[0.0, 0.1, 1.0]
disc:  564  :[0.0, 0.1, 1.0]
disc:  565  :[0.0, 0.1, 1.0]
disc:  566  :[0.0, 0.1, 1.0]
disc:  567  :[0.0, 0.1, 1.0]
disc:  568  :[0.0, 0.1, 1.0]
disc:  569  :[0.0, 0.2551398515470067, 0.45513985154700676, 1.0]
disc:  570  :[0.0, 0.1, 1.0]
disc:  571  :[0.0, 0.9, 1.0]
disc:  572  :[0.0, 0.5355988131587094, 0.7355988131587093, 1.0]
  Completed presolve in 10.5s
LOWER-BOUNDING ITERATIONS
====================================================================================================
| Iter   | Incumbent       | Best Incumbent      | Lower Bound        | Gap (%)         | Time      
| finish | -605.9395       | -605.9395           | -634.6074          | 4.731           | 26.68s           
Final UBD: -605.9394782133687
Final LBD: -634.6074382829265
====================================================================================================

*** Alpine ended with status OTHER_LIMIT ***

 Total time for local solves: 8.14s

 Total time for solving max-min problems: 0.0s

 Total time excluding max-min time: 26.68s

presolve objective value: -605.9394782133687
w_opt: 1-dimensional DenseAxisArray{Float64,1,...} with index sets:
    Dimension 1, [(25, 1, 2), (25, 1, 1), (25, 1, 14), (20, 1, 2), (20, 1, 1), (20, 1, 14), (1, 1, 2), (1, 1, 1), (1, 1, 14), (2, 1, 2)  …  (20, 15, 23), (20, 15, 3), (8, 15, 30), (8, 15, 29), (8, 15, 23), (8, 15, 3), (2, 15, 30), (2, 15, 29), (2, 15, 23), (2, 15, 3)]
And data, a 261-element Vector{Float64}:
 0.0
 0.0
 0.0
 0.0
 0.0
 0.0
 0.0
 0.0
 0.0
 0.0
 0.0
 0.0
 0.0
 0.0
 0.0
 0.0
 1.3102130911530532
 0.0
 0.7742025592527327
 0.9155843495942141
 0.0
 0.0
 0.0
 0.0
 0.0
 0.0
 0.0
 0.0
 0.15778601704351622
 1.6369285963646378
 0.7808869249656729
 0.0
 0.0
 0.0
 0.332308478374866
 3.4474870540411477
 1.6446029292101594
 0.0
 0.0
 0.0
 0.0
 0.0
 0.0
 0.0
 0.0
 0.0
 0.0
 0.0
 0.0
 0.0
 0.0
 0.0
 0.0
 0.0
 0.0
 0.0
 0.0
 0.0
 0.0
 2.0
 1.0
 0.0
 0.0
 0.0
 0.0
 0.0
 0.0
 0.0
 0.0
 0.0
 0.0
 0.75
 2.25
 0.0
 0.05224897547599435
 0.15674692642798307
 0.0
 0.4874713214299921
 1.4624139642899763
 0.0
 0.0
 0.0
 0.0
 0.0
 0.0
 0.0
 0.0
 0.0
 0.0
 0.0
 0.0
 0.0
 0.7102797030940134
 2.1308391092820402
 0.0
 0.0
 0.0
 0.0
 0.0
 0.0
 0.0
 2.0
 0.8788085164884287
 0.12119148351157123
 0.0
 0.0
 0.0
 0.0
 0.0
 0.0
 0.0
 0.0
 0.0
 0.0
 0.0
 0.0
 0.0
 0.0
 2.0324983731485706
 3.9543200975401414
 0.0
 0.0
 0.0
 0.6834662188625258
 1.3297153104487616
 0.0
 0.0
 0.0
 0.0
 0.0
 0.0
 0.0
 0.0
 0.0
 0.0
 0.0
 0.0
 0.0
 0.0
 0.0
 0.0
 0.0
 0.0
 0.0
 0.0
 0.0
 0.0
 0.0
 0.0
 0.0
 0.0
 0.0
 0.0
 0.7000764761866877
 0.35003823809334395
 0.0
 0.0
 1.2999235238133122
 0.6499617619066563
 0.0
 0.0
 0.0
 0.0
 0.0
 0.0
 0.0
 0.0
 0.0
 0.0
 0.0
 0.0
 0.0
 0.0
 2.0
 0.0
 0.0
 0.0
 0.6263177615910395
 0.0
 0.0
 0.0
 0.0
 0.0
 0.0
 0.0
 0.0
 0.0
 0.0
 0.0
 0.0
 0.0
 0.0
 0.0
 0.0
 1.3736822384089604
 0.9457247696117494
 0.6805929919792902
 0.0
 0.0
 0.0
 0.0
 0.0
 0.0
 0.0
 0.0
 0.0
 1.1824675291356421
 0.3228379177343416
 1.4946945531300162
 0.0
 0.0
 0.0
 0.0
 0.0
 0.0
 0.0
 0.0
 0.0
 0.0
 0.0
 0.0
 0.0
 0.0
 0.0
 0.0
 0.21777130984551407
 0.5410345063293608
 0.0
 0.0
 0.0
 0.0
 0.0
 0.0
 0.0
 0.0
 0.0
 0.0
 0.0
 0.0
 0.0
 0.0
 0.0
 0.0
 0.0
 0.0
 0.0
 0.0
 0.0
 0.0
 0.7288023736825814
 0.03750163965634661
 0.0
 0.3644011868412907
 0.0
 0.0
 0.0
 0.0
 1.2711976263174187
 0.06541141609250822
 0.0
 0.6355988131587094
x_ij_opt: 1-dimensional DenseAxisArray{Float64,1,...} with index sets:
    Dimension 1, [(43, 30), (43, 22), (43, 6), (44, 22), (45, 30), (45, 29), (45, 28), (45, 24), (45, 23), (40, 29)  …  (5, 7), (5, 14), (6, 4), (6, 3), (1, 14), (1, 10), (1, 23), (1, 1), (3, 2), (3, 1)]
And data, a 116-element Vector{Float64}:
 0.0
 0.0
 1.0652127124924116
 0.0
 0.0
 0.0
 1.782228690154486
 0.0
 0.0
 0.0
 0.0
 0.0
 0.0
 0.0
 0.0
 0.0
 0.0
 0.0
 0.2892707734144962
 0.0
 0.0
 0.0
 0.0
 0.0
 0.8175324708643578
 0.3234044557761235
 0.0
 1.8590630733595186
 0.0
 2.7910040980960225
 0.0
 0.0
 0.0
 0.0
 0.0
 0.0
 0.0
 0.0
 0.0
 0.0
 0.0
 0.0
 0.5053054468699839
 0.44469279208920603
 0.0
 0.0
 0.0
 0.0
 0.0
 0.0
 0.0
 0.0
 0.0
 0.0
 0.0
 0.37368223840896014
 0.0
 2.8788085164884287
 0.12119148351157129
 2.0
 0.0
 0.0
 0.0
 0.0
 6.0
 0.0
 0.4052268915004754
 0.0
 0.0
 0.7107292265855037
 0.0
 0.0
 0.0
 0.0
 0.0
 0.0
 0.4589654936706392
 0.8313310606106752
 0.0
 0.0
 0.0
 0.0
 0.0
 0.0
 0.0
 0.0
 0.0
 0.0
 0.1409369266404814
 0.0
 0.6897869088469469
 1.1686689393893248
 0.0
 0.0
 0.0
 0.0
 0.0
 0.35375762648953485
 0.0
 0.0
 0.0
 0.0
 0.0
 0.0
 0.0
 0.0
 0.0
 0.0
 0.0
 0.0
 0.0
 0.0
 0.05427523038825062
 5.104605957235695
 0.0
 0.0
x_il_opt: 1-dimensional DenseAxisArray{Float64,1,...} with index sets:
    Dimension 1, [(43, 15), (43, 14), (44, 15), (44, 13), (44, 3), (40, 14), (40, 2), (41, 14), (42, 6), (37, 13)  …  (4, 13), (5, 2), (5, 7), (5, 9), (6, 11), (1, 1), (1, 6), (1, 3), (2, 1), (2, 15)]
And data, a 71-element Vector{Float64}:
 0.0
 0.0
 0.0
 3.0
 2.5756015383738267
 0.7588058161748749
 0.0
 0.0
 3.0
 0.0
 0.0
 3.0
 0.0
 0.0
 0.2089959019039774
 0.0
 0.0
 0.0
 5.986818470688712
 0.0
 0.0
 0.0
 3.0
 1.0501147142800316
 1.9498852857199684
 0.0
 2.0131815293112876
 0.0
 2.62631776159104
 0.0
 0.0
 0.0
 0.0
 0.0
 0.0
 0.0
 0.0
 0.0
 0.0
 1.1307052001802187
 0.0
 0.0
 3.0
 0.0
 0.0
 1.9498852857199689
 0.0
 3.0
 0.0
 0.0
 0.0
 0.0
 0.0
 0.0
 0.0
 0.0
 0.0
 5.424398461626173
 0.0
 0.0
 0.0
 0.0
 0.0
 0.0
 0.0
 0.0
 0.0
 2.841118812376054
 0.0
 0.0
 1.972207855568636
x_lj_opt: 1-dimensional DenseAxisArray{Float64,1,...} with index sets:
    Dimension 1, [(15, 30), (15, 29), (15, 23), (15, 3), (14, 28), (14, 27), (14, 10), (14, 24), (13, 26), (13, 25)  …  (3, 6), (3, 5), (3, 29), (2, 4), (2, 3), (2, 1), (2, 5), (1, 2), (1, 1), (1, 14)]
And data, a 53-element Vector{Float64}:
 2.0
 0.10291305574885484
 0.0
 1.0
 0.21777130984551407
 0.5410345063293608
 0.0
 0.0
 1.1824675291356421
 0.3228379177343416
 1.4946945531300162
 1.3736822384089604
 0.9457247696117494
 0.6805929919792902
 2.0
 0.0
 0.0
 0.0
 0.6263177615910395
 0.0
 0.0
 2.0
 1.0
 0.0
 0.0
 0.0
 2.7159645920110966
 5.284035407988903
 0.0
 0.0
 2.0
 0.8788085164884287
 0.12119148351157122
 2.0
 6.0
 0.0
 2.0
 1.0
 0.0
 0.0
 0.0
 0.0
 0.0
 0.49009449541838224
 5.084415650405786
 2.4254898541758325
 1.3102130911530532
 0.0
 0.7742025592527327
 0.9155843495942141
 0.0
 0.0
 0.0
q_opt: 1-dimensional DenseAxisArray{Float64,1,...} with index sets:
    Dimension 1, [(43, 15), (43, 14), (44, 15), (44, 13), (44, 3), (40, 14), (40, 2), (41, 14), (42, 6), (37, 13)  …  (4, 13), (5, 2), (5, 7), (5, 9), (6, 11), (1, 1), (1, 6), (1, 3), (2, 1), (2, 15)]
And data, a 71-element Vector{Float64}:
 0.0
 0.0
 0.0
 1.0
 0.3219501922967284
 1.0
 0.0
 0.0
 0.375
 0.0
 0.0
 1.0
 0.0
 0.0
 0.026124487737997176
 0.0
 0.0
 0.0
 0.748352308836089
 0.0
 0.0
 0.0
 1.0
 0.35003823809334383
 0.24373566071499606
 0.0
 0.25164769116391095
 0.0
 1.0
 1.0
 0.0
 0.0
 0.0
 0.0
 0.0
 0.0
 0.0
 0.0
 0.0
 0.3644011868412907
 0.0
 0.0
 1.0
 0.0
 0.0
 0.6499617619066561
 0.0
 1.0
 0.0
 0.0
 0.0
 0.0
 0.0
 0.0
 0.0
 1.0
 0.0
 0.6780498077032716
 0.0
 0.0
 0.0
 0.0
 0.0
 0.0
 0.0
 0.0
 0.0
 0.3551398515470067
 0.0
 1.0
 0.6355988131587094
