
PROBLEM STATISTICS
  Objective sense = Min
  # Variables = 572
  # Bin-Int Variables = 0
  # Constraints = 621
  # NL Constraints = 261
  # Linear Constraints = 360
  # Detected convex constraints = 0
  # Detected nonlinear terms = 261
  # Variables involved in nonlinear terms = 124
  # Potential variables for partitioning = 124
SUB-SOLVERS USED BY ALPINE
  NLP local solver = Knitro
  MIP solver = Gurobi
ALPINE CONFIGURATION
  Maximum iterations (lower-bounding MIPs) =  1
  Relative global optimality gap = 0.01%
  Potential variables chosen for partitioning = All
  Discretization ratio = 10
  Bound-tightening presolve = false
PRESOLVE 
  Doing local search

Feasible solution found during presolve: [1.1796366741791808, 1.8118521731074309, 0.0, 0.8203633258208194, 1.2600295558463772, 0.0, 0.0, 0.0, 0.0, 0.0, 0.0, 0.0, 0.0, 0.0, 0.0, 0.0, 2.0, 0.0, 0.0, 1.0000000000000002, 0.0, 0.0, 0.0, 0.0, 0.0, 0.0, 0.0, 0.0, 0.0, 2.747319636113096, 1.2028139190999279, 0.0, 0.0, 0.0, 0.0, 0.0, 0.0, 0.0, 0.0, 0.0, 0.0, 2.2526803638869035, 0.9862541152291011, 0.0, 0.0, 0.0, 0.0, 0.0, 0.0, 1.0491110554995393, 0.12040831906622529, 0.0, 0.0, 0.0, 0.0, 0.0, 0.0, 0.0, 0.0, 2.0, 1.0, 0.0, 0.0, 0.0, 0.0, 0.0, 0.0, 0.0, 0.0, 0.0, 0.0, 0.24702939640190041, 0.7410881892057012, 0.0, 0.75, 2.25, 0.0, 0.5426060029603016, 1.6278180088809049, 0.0, 0.0, 0.0, 0.0, 0.0, 0.0, 0.0, 0.0, 0.0, 0.0, 0.0, 0.0, 0.0, 0.46036460063779805, 1.3810938019133943, 0.0, 0.0, 0.0, 0.0, 0.0, 0.0, 0.0, 2.0, 0.9914888472866111, 0.008511152713389133, 0.0, 0.0, 0.0, 0.0, 0.0, 0.0, 0.0, 0.0, 0.0, 0.0, 0.0, 0.0, 0.0, 0.0, 3.9439218543725856, 1.3146406181241952, 0.0, 0.0, 0.0, 2.0560781456274144, 0.6853593818758048, 0.0, 0.0, 0.0, 0.0, 0.0, 0.0, 0.0, 0.0, 0.0, 0.0, 0.0, 0.0, 0.0, 0.0, 0.0, 0.0, 0.0, 0.0, 0.0, 0.0, 0.0, 0.0, 0.0, 0.0, 0.0, 0.0, 0.0, 0.0, 0.5530506587725289, 0.27652532938626445, 0.0, 0.0, 1.446949341227471, 0.7234746706137355, 0.0, 0.0, 0.0, 0.0, 0.0, 0.0, 0.0, 0.0, 0.0, 0.0, 0.0, 0.0, 0.0, 0.0, 0.0, 0.0, 0.0, 0.0, 0.0, 0.0, 0.0, 0.0, 0.0, 0.0, 0.0, 0.0, 0.0, 0.0, 0.0, 0.0, 0.0, 0.0, 0.0, 0.0, 0.0, 1.803604063947589, 1.0, 0.19639593605241104, 0.0, 0.0, 0.0, 0.0, 0.0, 0.0, 0.0, 0.0, 0.0, 1.393178680081853, 0.6965893400409268, 0.0, 0.606821319918147, 0.3034106599590736, 0.0, 0.0, 0.0, 0.0, 0.0, 0.0, 0.0, 0.0, 0.0, 0.0, 0.0, 0.0, 0.0, 0.0, 0.5922402203273819, 0.7130636769312324, 0.0, 0.0, 0.0, 0.0, 0.0, 0.0, 0.0, 0.0, 0.0, 0.0, 0.0, 0.0, 0.0, 0.0, 0.0, 0.0, 0.0, 0.0, 0.0, 0.0, 0.0, 0.0, 0.0, 0.0, 0.0, 0.0, 0.0, 0.0, 0.0, 0.0, 1.2107211000210372, 3.6145360296185594, 0.0, 0.945457783778337, 0.0, 0.0, 0.0, 2.0897680201227797, 3.9501335552130237, 1.3053038972586144, 0.0, 0.0, 0.9881175856076017, 0.9102319798772206, 0.0, 3.0, 0.0, 0.0, 3.0, 0.0, 0.0, 0.0, 5.258562472496781, 0.0, 0.0, 0.0, 3.0, 0.8295759881587934, 2.1704240118412064, 0.0, 2.7414375275032192, 0.0, 0.0, 0.0, 2.9914888472866115, 0.0, 0.0, 0.0, 0.0, 0.0, 0.0, 0.0, 2.080392881667197, 0.0, 0.0, 0.0, 3.0, 0.0, 0.0, 2.1704240118412064, 0.0, 3.0, 0.0, 0.0, 0.0, 0.0, 0.0, 0.0, 1.1695193745657646, 0.0, 0.0, 0.0, 0.0, 0.0, 0.0, 0.0, 0.0, 0.0, 0.0, 0.0, 0.0, 1.8414584025511922, 3.2389344791160046, 0.0, 5.770714913417933, 1.2107211000210372, 3.6145360296185594, 0.0, 0.945457783778337, 0.5922402203273819, 0.7130636769312324, 0.0, 0.0, 2.0, 1.0, 0.0, 1.803604063947589, 1.0, 0.19639593605241104, 0.0, 0.0, 0.0, 0.0, 0.0, 0.0, 0.0, 2.0, 1.0, 0.0, 0.0, 0.0, 6.0, 2.0, 0.0, 0.0, 2.0, 0.9914888472866111, 0.008511152713389133, 2.0, 6.0, 0.0, 2.0, 1.0, 0.0, 0.0, 1.0491110554995393, 0.12040831906622529, 0.0, 0.0, 5.0, 2.189068034329029, 2.0, 0.0, 0.0, 1.0000000000000002, 2.0, 3.071881728953808, 0.0, 0.0, 1.499552994854334, 1.5359784804018175, 0.0, 0.7892788999789631, 0.0, 1.4077597796726182, 0.0, 0.0, 0.0, 0.0, 0.0, 0.0, 0.0, 0.0, 0.0, 0.0, 0.0, 0.30920486840497163, 0.0, 0.0, 0.0, 0.0, 0.0, 0.0, 0.0, 0.0, 2.0, 0.0, 0.0, 0.0, 0.0, 0.0, 0.0, 0.0, 0.0, 0.0, 0.0, 0.0, 0.0, 0.0, 0.0, 0.0, 0.4640215195981822, 0.0, 0.0, 0.5004470051456661, 0.0, 0.0, 0.0, 0.0, 0.0, 0.0, 0.0, 0.0, 3.0, 0.0, 0.0, 0.008511152713388707, 2.0, 0.0, 0.0, 0.0, 0.19639593605241104, 6.0, 0.0, 0.0, 0.0, 0.0, 0.6907951315950284, 0.0, 0.0, 0.0, 0.0, 0.0, 0.0, 0.28693632306876765, 0.9508889445004608, 0.0, 0.0, 0.0, 0.0, 0.0, 0.0, 0.0, 0.0, 0.0, 0.0, 0.0, 0.0, 0.0, 0.0, 0.879591680933775, 0.0, 0.0, 0.0, 0.0, 0.0, 0.0, 0.05454221622166304, 0.0, 0.0, 0.0, 0.0, 0.0, 0.0, 0.0, 0.0, 0.0, 0.0, 0.0, 0.0, 0.0, 2.9196071183328036, 0.0, 0.0, 0.0, 0.0, 0.0, 0.6965893400409265, 0.5494639272226193, 1.0, 0.0, 0.0, 0.12351469820095021, 0.3034106599590735, 0.0, 1.0, 0.0, 0.0, 0.375, 0.0, 0.0, 0.0, 0.6573203090620976, 0.0, 0.0, 0.0, 1.0, 0.27652532938626445, 0.2713030014801508, 0.0, 0.3426796909379024, 0.0, 0.0, 1.0, 0.5898183370895904, 0.0, 0.0, 0.0, 0.0, 0.0, 0.0, 0.0, 0.4101816629104097, 0.0, 0.0, 0.0, 1.0, 0.0, 0.0, 0.7234746706137355, 0.0, 1.0, 0.0, 0.0, 0.0, 0.0, 0.0, 0.0, 1.0, 0.0, 0.0, 0.0, 0.0, 0.0, 0.0, 0.0, 0.0, 0.0, 0.0, 1.0, 0.0, 0.23018230031889902, 0.4505360727773807, 0.0, 1.0]  :with objective: -615.9348435788202

  Local solver returns a feasible point with value -615.9348
disc:  333  :[0.0, 1.0107211000210372, 1.4107211000210371, 2.0]
disc:  334  :[0.0, 3.0145360296185593, 4.214536029618559, 6.0]
disc:  335  :[0.0, 0.1, 1.0]
disc:  336  :[0.0, 0.845457783778337, 1.0]
disc:  337  :[0.0, 0.39224022032738187, 0.792240220327382, 2.0]
disc:  338  :[0.0, 0.6130636769312324, 0.8130636769312324, 1.0]
disc:  339  :[0.0, 0.2, 2.0]
disc:  340  :[0.0, 0.2, 2.0]
disc:  341  :[0.0, 1.8, 2.0]
disc:  342  :[0.0, 0.9, 1.0]
disc:  343  :[0.0, 0.2, 2.0]
disc:  344  :[0.0, 1.603604063947589, 2.0]
disc:  345  :[0.0, 0.9, 1.0]
disc:  346  :[0.0, 0.49639593605241106, 3.0]
disc:  347  :[0.0, 0.2, 2.0]
disc:  348  :[0.0, 0.6, 6.0]
disc:  349  :[0.0, 0.2, 2.0]
disc:  350  :[0.0, 0.1, 1.0]
disc:  351  :[0.0, 0.2, 2.0]
disc:  352  :[0.0, 0.6, 6.0]
disc:  353  :[0.0, 0.1, 1.0]
disc:  354  :[0.0, 1.8, 2.0]
disc:  355  :[0.0, 0.9, 1.0]
disc:  356  :[0.0, 0.2, 2.0]
disc:  357  :[0.0, 0.1, 1.0]
disc:  358  :[0.0, 0.2, 2.0]
disc:  359  :[0.0, 5.4, 6.0]
disc:  360  :[0.0, 1.4, 2.6, 6.0]
disc:  361  :[0.0, 0.2, 2.0]
disc:  362  :[0.0, 0.1, 1.0]
disc:  363  :[0.0, 1.8, 2.0]
disc:  364  :[0.0, 0.8914888472866112, 1.0]
disc:  365  :[0.0, 0.30851115271338914, 3.0]
disc:  366  :[0.0, 1.8, 2.0]
disc:  367  :[0.0, 5.4, 6.0]
disc:  368  :[0.0, 0.2, 2.0]
disc:  369  :[0.0, 1.8, 2.0]
disc:  370  :[0.0, 0.9, 1.0]
disc:  371  :[0.0, 0.2, 2.0]
disc:  372  :[0.0, 0.2, 2.0]
disc:  373  :[0.0, 0.8491110554995394, 1.2491110554995393, 2.0]
disc:  374  :[0.0, 0.7204083190662253, 6.0]
disc:  375  :[0.0, 0.2, 2.0]
disc:  376  :[0.0, 0.2, 2.0]
disc:  377  :[0.0, 4.4, 5.6, 6.0]
disc:  378  :[0.0, 1.589068034329029, 2.7890680343290293, 6.0]
disc:  379  :[0.0, 1.8, 2.0]
disc:  380  :[0.0, 0.1, 1.0]
disc:  381  :[0.0, 0.3, 3.0]
disc:  382  :[0.0, 0.7000000000000002, 1.3000000000000003, 3.0]
disc:  383  :[0.0, 1.8, 2.0]
disc:  384  :[0.0, 2.4718817289538078, 3.671881728953808, 6.0]
disc:  385  :[0.0, 0.2, 2.0]
disc:  502  :[0.0, 0.1, 1.0]
disc:  503  :[0.0, 0.1, 1.0]
disc:  504  :[0.0, 0.1, 1.0]
disc:  505  :[0.0, 0.5965893400409266, 0.7965893400409265, 1.0]
disc:  506  :[0.0, 0.4494639272226193, 0.6494639272226193, 1.0]
disc:  507  :[0.0, 0.9, 1.0]
disc:  508  :[0.0, 0.1, 1.0]
disc:  509  :[0.0, 0.1, 1.0]
disc:  510  :[0.0, 0.0235146982009502, 0.2235146982009502, 1.0]
disc:  511  :[0.0, 0.2034106599590735, 0.40341065995907355, 1.0]
disc:  512  :[0.0, 0.1, 1.0]
disc:  513  :[0.0, 0.9, 1.0]
disc:  514  :[0.0, 0.1, 1.0]
disc:  515  :[0.0, 0.1, 1.0]
disc:  516  :[0.0, 0.275, 0.475, 1.0]
disc:  517  :[0.0, 0.1, 1.0]
disc:  518  :[0.0, 0.1, 1.0]
disc:  519  :[0.0, 0.1, 1.0]
disc:  520  :[0.0, 0.5573203090620976, 0.7573203090620976, 1.0]
disc:  521  :[0.0, 0.1, 1.0]
disc:  522  :[0.0, 0.1, 1.0]
disc:  523  :[0.0, 0.1, 1.0]
disc:  524  :[0.0, 0.9, 1.0]
disc:  525  :[0.0, 0.17652532938626445, 0.3765253293862645, 1.0]
disc:  526  :[0.0, 0.1713030014801508, 0.37130300148015083, 1.0]
disc:  527  :[0.0, 0.1, 1.0]
disc:  528  :[0.0, 0.2426796909379024, 0.4426796909379024, 1.0]
disc:  529  :[0.0, 0.1, 1.0]
disc:  530  :[0.0, 0.1, 1.0]
disc:  531  :[0.0, 0.9, 1.0]
disc:  532  :[0.0, 0.48981833708959044, 0.6898183370895904, 1.0]
disc:  533  :[0.0, 0.1, 1.0]
disc:  534  :[0.0, 0.1, 1.0]
disc:  535  :[0.0, 0.1, 1.0]
disc:  536  :[0.0, 0.1, 1.0]
disc:  537  :[0.0, 0.1, 1.0]
disc:  538  :[0.0, 0.1, 1.0]
disc:  539  :[0.0, 0.1, 1.0]
disc:  540  :[0.0, 0.3101816629104097, 0.5101816629104097, 1.0]
disc:  541  :[0.0, 0.1, 1.0]
disc:  542  :[0.0, 0.1, 1.0]
disc:  543  :[0.0, 0.1, 1.0]
disc:  544  :[0.0, 0.9, 1.0]
disc:  545  :[0.0, 0.1, 1.0]
disc:  546  :[0.0, 0.1, 1.0]
disc:  547  :[0.0, 0.6234746706137355, 0.8234746706137355, 1.0]
disc:  548  :[0.0, 0.1, 1.0]
disc:  549  :[0.0, 0.9, 1.0]
disc:  550  :[0.0, 0.1, 1.0]
disc:  551  :[0.0, 0.1, 1.0]
disc:  552  :[0.0, 0.1, 1.0]
disc:  553  :[0.0, 0.1, 1.0]
disc:  554  :[0.0, 0.1, 1.0]
disc:  555  :[0.0, 0.1, 1.0]
disc:  556  :[0.0, 0.9, 1.0]
disc:  557  :[0.0, 0.1, 1.0]
disc:  558  :[0.0, 0.1, 1.0]
disc:  559  :[0.0, 0.1, 1.0]
disc:  560  :[0.0, 0.1, 1.0]
disc:  561  :[0.0, 0.1, 1.0]
disc:  562  :[0.0, 0.1, 1.0]
disc:  563  :[0.0, 0.1, 1.0]
disc:  564  :[0.0, 0.1, 1.0]
disc:  565  :[0.0, 0.1, 1.0]
disc:  566  :[0.0, 0.1, 1.0]
disc:  567  :[0.0, 0.9, 1.0]
disc:  568  :[0.0, 0.1, 1.0]
disc:  569  :[0.0, 0.13018230031889902, 0.33018230031889906, 1.0]
disc:  570  :[0.0, 0.35053607277738075, 0.5505360727773807, 1.0]
disc:  571  :[0.0, 0.1, 1.0]
disc:  572  :[0.0, 0.9, 1.0]
  Completed presolve in 8.4s
LOWER-BOUNDING ITERATIONS
====================================================================================================
| Iter   | Incumbent       | Best Incumbent      | Lower Bound        | Gap (%)         | Time      
| finish | -615.9348       | -615.9348           | -625.6084          | 1.571           | 19.44s           
Final UBD: -615.9348435788202
Final LBD: -625.6084364890239
====================================================================================================

*** Alpine ended with status OTHER_LIMIT ***

 Total time for local solves: 6.05s

 Total time for solving max-min problems: 0.0s

 Total time excluding max-min time: 19.44s

presolve objective value: -615.9348435788202
w_opt: 1-dimensional DenseAxisArray{Float64,1,...} with index sets:
    Dimension 1, [(25, 1, 2), (25, 1, 1), (25, 1, 14), (20, 1, 2), (20, 1, 1), (20, 1, 14), (1, 1, 2), (1, 1, 1), (1, 1, 14), (2, 1, 2)  …  (20, 15, 23), (20, 15, 3), (8, 15, 30), (8, 15, 29), (8, 15, 23), (8, 15, 3), (2, 15, 30), (2, 15, 29), (2, 15, 23), (2, 15, 3)]
And data, a 261-element Vector{Float64}:
 1.1796366741791808
 1.8118521731074309
 0.0
 0.8203633258208194
 1.2600295558463772
 0.0
 0.0
 0.0
 0.0
 0.0
 0.0
 0.0
 0.0
 0.0
 0.0
 0.0
 2.0
 0.0
 0.0
 1.0000000000000002
 0.0
 0.0
 0.0
 0.0
 0.0
 0.0
 0.0
 0.0
 0.0
 2.747319636113096
 1.2028139190999279
 0.0
 0.0
 0.0
 0.0
 0.0
 0.0
 0.0
 0.0
 0.0
 0.0
 2.2526803638869035
 0.9862541152291011
 0.0
 0.0
 0.0
 0.0
 0.0
 0.0
 1.0491110554995393
 0.12040831906622529
 0.0
 0.0
 0.0
 0.0
 0.0
 0.0
 0.0
 0.0
 2.0
 1.0
 0.0
 0.0
 0.0
 0.0
 0.0
 0.0
 0.0
 0.0
 0.0
 0.0
 0.24702939640190041
 0.7410881892057012
 0.0
 0.75
 2.25
 0.0
 0.5426060029603016
 1.6278180088809049
 0.0
 0.0
 0.0
 0.0
 0.0
 0.0
 0.0
 0.0
 0.0
 0.0
 0.0
 0.0
 0.0
 0.46036460063779805
 1.3810938019133943
 0.0
 0.0
 0.0
 0.0
 0.0
 0.0
 0.0
 2.0
 0.9914888472866111
 0.008511152713389133
 0.0
 0.0
 0.0
 0.0
 0.0
 0.0
 0.0
 0.0
 0.0
 0.0
 0.0
 0.0
 0.0
 0.0
 3.9439218543725856
 1.3146406181241952
 0.0
 0.0
 0.0
 2.0560781456274144
 0.6853593818758048
 0.0
 0.0
 0.0
 0.0
 0.0
 0.0
 0.0
 0.0
 0.0
 0.0
 0.0
 0.0
 0.0
 0.0
 0.0
 0.0
 0.0
 0.0
 0.0
 0.0
 0.0
 0.0
 0.0
 0.0
 0.0
 0.0
 0.0
 0.0
 0.5530506587725289
 0.27652532938626445
 0.0
 0.0
 1.446949341227471
 0.7234746706137355
 0.0
 0.0
 0.0
 0.0
 0.0
 0.0
 0.0
 0.0
 0.0
 0.0
 0.0
 0.0
 0.0
 0.0
 0.0
 0.0
 0.0
 0.0
 0.0
 0.0
 0.0
 0.0
 0.0
 0.0
 0.0
 0.0
 0.0
 0.0
 0.0
 0.0
 0.0
 0.0
 0.0
 0.0
 0.0
 1.803604063947589
 1.0
 0.19639593605241104
 0.0
 0.0
 0.0
 0.0
 0.0
 0.0
 0.0
 0.0
 0.0
 1.393178680081853
 0.6965893400409268
 0.0
 0.606821319918147
 0.3034106599590736
 0.0
 0.0
 0.0
 0.0
 0.0
 0.0
 0.0
 0.0
 0.0
 0.0
 0.0
 0.0
 0.0
 0.0
 0.5922402203273819
 0.7130636769312324
 0.0
 0.0
 0.0
 0.0
 0.0
 0.0
 0.0
 0.0
 0.0
 0.0
 0.0
 0.0
 0.0
 0.0
 0.0
 0.0
 0.0
 0.0
 0.0
 0.0
 0.0
 0.0
 0.0
 0.0
 0.0
 0.0
 0.0
 0.0
 0.0
 0.0
 1.2107211000210372
 3.6145360296185594
 0.0
 0.945457783778337
x_ij_opt: 1-dimensional DenseAxisArray{Float64,1,...} with index sets:
    Dimension 1, [(43, 30), (43, 22), (43, 6), (44, 22), (45, 30), (45, 29), (45, 28), (45, 24), (45, 23), (40, 29)  …  (5, 7), (5, 14), (6, 4), (6, 3), (1, 14), (1, 10), (1, 23), (1, 1), (3, 2), (3, 1)]
And data, a 116-element Vector{Float64}:
 0.0
 1.499552994854334
 1.5359784804018175
 0.0
 0.7892788999789631
 0.0
 1.4077597796726182
 0.0
 0.0
 0.0
 0.0
 0.0
 0.0
 0.0
 0.0
 0.0
 0.0
 0.0
 0.30920486840497163
 0.0
 0.0
 0.0
 0.0
 0.0
 0.0
 0.0
 0.0
 2.0
 0.0
 0.0
 0.0
 0.0
 0.0
 0.0
 0.0
 0.0
 0.0
 0.0
 0.0
 0.0
 0.0
 0.0
 0.0
 0.4640215195981822
 0.0
 0.0
 0.5004470051456661
 0.0
 0.0
 0.0
 0.0
 0.0
 0.0
 0.0
 0.0
 3.0
 0.0
 0.0
 0.008511152713388707
 2.0
 0.0
 0.0
 0.0
 0.19639593605241104
 6.0
 0.0
 0.0
 0.0
 0.0
 0.6907951315950284
 0.0
 0.0
 0.0
 0.0
 0.0
 0.0
 0.28693632306876765
 0.9508889445004608
 0.0
 0.0
 0.0
 0.0
 0.0
 0.0
 0.0
 0.0
 0.0
 0.0
 0.0
 0.0
 0.0
 0.0
 0.879591680933775
 0.0
 0.0
 0.0
 0.0
 0.0
 0.0
 0.05454221622166304
 0.0
 0.0
 0.0
 0.0
 0.0
 0.0
 0.0
 0.0
 0.0
 0.0
 0.0
 0.0
 0.0
 2.9196071183328036
 0.0
 0.0
x_il_opt: 1-dimensional DenseAxisArray{Float64,1,...} with index sets:
    Dimension 1, [(43, 15), (43, 14), (44, 15), (44, 13), (44, 3), (40, 14), (40, 2), (41, 14), (42, 6), (37, 13)  …  (4, 13), (5, 2), (5, 7), (5, 9), (6, 11), (1, 1), (1, 6), (1, 3), (2, 1), (2, 15)]
And data, a 71-element Vector{Float64}:
 0.0
 0.0
 0.0
 2.0897680201227797
 3.9501335552130237
 1.3053038972586144
 0.0
 0.0
 0.9881175856076017
 0.9102319798772206
 0.0
 3.0
 0.0
 0.0
 3.0
 0.0
 0.0
 0.0
 5.258562472496781
 0.0
 0.0
 0.0
 3.0
 0.8295759881587934
 2.1704240118412064
 0.0
 2.7414375275032192
 0.0
 0.0
 0.0
 2.9914888472866115
 0.0
 0.0
 0.0
 0.0
 0.0
 0.0
 0.0
 2.080392881667197
 0.0
 0.0
 0.0
 3.0
 0.0
 0.0
 2.1704240118412064
 0.0
 3.0
 0.0
 0.0
 0.0
 0.0
 0.0
 0.0
 1.1695193745657646
 0.0
 0.0
 0.0
 0.0
 0.0
 0.0
 0.0
 0.0
 0.0
 0.0
 0.0
 0.0
 1.8414584025511922
 3.2389344791160046
 0.0
 5.770714913417933
x_lj_opt: 1-dimensional DenseAxisArray{Float64,1,...} with index sets:
    Dimension 1, [(15, 30), (15, 29), (15, 23), (15, 3), (14, 28), (14, 27), (14, 10), (14, 24), (13, 26), (13, 25)  …  (3, 6), (3, 5), (3, 29), (2, 4), (2, 3), (2, 1), (2, 5), (1, 2), (1, 1), (1, 14)]
And data, a 53-element Vector{Float64}:
 1.2107211000210372
 3.6145360296185594
 0.0
 0.945457783778337
 0.5922402203273819
 0.7130636769312324
 0.0
 0.0
 2.0
 1.0
 0.0
 1.803604063947589
 1.0
 0.19639593605241104
 0.0
 0.0
 0.0
 0.0
 0.0
 0.0
 0.0
 2.0
 1.0
 0.0
 0.0
 0.0
 6.0
 2.0
 0.0
 0.0
 2.0
 0.9914888472866111
 0.008511152713389133
 2.0
 6.0
 0.0
 2.0
 1.0
 0.0
 0.0
 1.0491110554995393
 0.12040831906622529
 0.0
 0.0
 5.0
 2.189068034329029
 2.0
 0.0
 0.0
 1.0000000000000002
 2.0
 3.071881728953808
 0.0
q_opt: 1-dimensional DenseAxisArray{Float64,1,...} with index sets:
    Dimension 1, [(43, 15), (43, 14), (44, 15), (44, 13), (44, 3), (40, 14), (40, 2), (41, 14), (42, 6), (37, 13)  …  (4, 13), (5, 2), (5, 7), (5, 9), (6, 11), (1, 1), (1, 6), (1, 3), (2, 1), (2, 15)]
And data, a 71-element Vector{Float64}:
 0.0
 0.0
 0.0
 0.6965893400409265
 0.5494639272226193
 1.0
 0.0
 0.0
 0.12351469820095021
 0.3034106599590735
 0.0
 1.0
 0.0
 0.0
 0.375
 0.0
 0.0
 0.0
 0.6573203090620976
 0.0
 0.0
 0.0
 1.0
 0.27652532938626445
 0.2713030014801508
 0.0
 0.3426796909379024
 0.0
 0.0
 1.0
 0.5898183370895904
 0.0
 0.0
 0.0
 0.0
 0.0
 0.0
 0.0
 0.4101816629104097
 0.0
 0.0
 0.0
 1.0
 0.0
 0.0
 0.7234746706137355
 0.0
 1.0
 0.0
 0.0
 0.0
 0.0
 0.0
 0.0
 1.0
 0.0
 0.0
 0.0
 0.0
 0.0
 0.0
 0.0
 0.0
 0.0
 0.0
 1.0
 0.0
 0.23018230031889902
 0.4505360727773807
 0.0
 1.0
