
PROBLEM STATISTICS
  Objective sense = Min
  # Variables = 572
  # Bin-Int Variables = 0
  # Constraints = 621
  # NL Constraints = 261
  # Linear Constraints = 360
  # Detected convex constraints = 0
  # Detected nonlinear terms = 261
  # Variables involved in nonlinear terms = 124
  # Potential variables for partitioning = 124
SUB-SOLVERS USED BY ALPINE
  NLP local solver = Knitro
  MIP solver = Gurobi
ALPINE CONFIGURATION
  Maximum iterations (lower-bounding MIPs) =  1
  Relative global optimality gap = 0.01%
  Potential variables chosen for partitioning = All
  Discretization ratio = 10
  Bound-tightening presolve = false
PRESOLVE 
  Doing local search

Feasible solution found during presolve: [1.1928358917387762, 0.1294620782330323, 0.0, 0.8071641082612238, 0.08760395596269878, 0.0, 0.0, 0.0, 0.0, 0.0, 0.0, 0.0, 0.0, 0.0, 0.0, 0.0, 1.9401148543939584, 0.0, 0.501719445960676, 0.5581656996453659, 0.0, 0.0, 0.0, 0.0, 0.0, 0.0, 0.0, 0.0, 0.0, 1.4504662936328923, 0.48855228964163455, 0.0, 0.0, 0.0, 0.0, 3.991368006721742, 1.3443897228402677, 0.0, 0.0, 0.0, 0.0, 0.0, 0.0, 0.0, 0.0, 0.0, 0.0, 0.0, 0.0, 0.0, 0.0, 0.0, 0.0, 0.0, 0.0, 0.0, 0.0, 0.0, 0.0, 2.0, 1.0, 0.0, 0.0, 0.0, 0.0, 0.0, 0.0, 0.0, 0.0, 0.0, 0.0, 0.75, 2.25, 0.0, 0.0, 0.0, 0.0, 0.5483591774413734, 1.6450775323241202, 0.0, 0.0, 0.0, 0.0, 0.0, 0.0, 0.0, 0.0, 0.0, 0.0, 0.0, 0.0, 0.0, 0.7016408225586267, 2.10492246767588, 0.0, 0.0, 0.0, 0.0, 0.0, 0.0, 0.0, 2.0, 0.9081195752740663, 0.09188042472593362, 0.0, 0.0, 0.0, 0.0, 0.0, 0.0, 0.0, 0.0, 0.0, 0.0, 0.0, 0.0, 0.0, 0.0, 3.518173604077131, 2.1109041624462783, 0.0, 0.0, 0.0, 1.4818263959228692, 0.8890958375537212, 0.0, 0.0, 0.0, 0.0, 0.0, 0.0, 0.0, 0.0, 0.0, 0.0, 0.0, 0.0, 0.0, 0.0, 0.0, 0.0, 0.0, 0.0, 0.0, 0.0, 0.0, 0.0, 1.2370485921677157, 0.0, 0.0, 0.0, 0.7629514078322842, 0.0, 0.5377088601563376, 0.2688544300781688, 0.0, 0.0, 1.4622911398436624, 0.7311455699218312, 0.0, 0.0, 0.0, 0.0, 0.0, 0.0, 0.0, 0.0, 0.0, 0.0, 0.0, 0.0, 0.0, 0.0, 0.0, 0.0, 0.0, 0.0, 0.0, 0.0, 0.0, 0.0, 0.0, 0.0, 0.0, 0.0, 0.0, 0.0, 0.0, 0.0, 0.0, 0.0, 0.0, 0.0, 0.0, 1.625909092414242, 0.9958973853521664, 0.37819352223359165, 0.0, 0.0, 0.0, 0.0, 0.0, 0.0, 0.0, 0.0, 0.0, 1.5210338953550648, 0.7605169476775324, 0.0, 0.4789661046449353, 0.23948305232246764, 0.0, 0.0, 0.0, 0.0, 0.0, 0.0, 0.0, 0.0, 0.0, 0.0, 0.0, 0.0, 0.0, 0.0, 0.27055041252757467, 0.8718553609541204, 0.0, 0.0, 0.0, 0.0, 0.0, 0.0, 0.0, 0.0, 0.0, 0.0, 0.0, 0.0, 0.0, 0.0, 0.0, 0.0, 0.0, 0.0, 0.0, 0.0, 0.0, 0.0, 0.6813768340425748, 0.26875698592212277, 0.0, 0.3406884170212874, 0.0, 0.0, 0.0, 0.0, 1.3186231659574255, 0.5201074793623834, 0.0, 0.6593115829787126, 0.0, 0.0, 0.0, 2.2815508430325973, 1.9390185832745266, 1.142405773481695, 0.0, 0.0, 3.0, 0.718449156967403, 0.0, 3.0, 0.0, 0.0, 0.0, 0.0, 0.0, 0.0, 5.629077766523409, 0.0, 0.0, 0.0, 3.0, 0.8065632902345063, 2.1934367097654937, 0.0, 2.3709222334765903, 0.0, 0.0, 1.2370485921677157, 1.3222979699718085, 0.0, 0.0, 0.0, 0.0, 0.0, 0.0, 0.0, 0.8947680642239226, 1.290822236985985, 0.0, 0.0, 3.0, 0.0, 0.0, 2.1934367097654937, 0.0, 3.0, 0.0, 0.0, 0.0, 0.0, 0.0, 0.0, 0.0, 0.0, 0.0, 5.335757729562009, 0.0, 0.0, 0.0, 0.0, 0.0, 0.0, 0.7629514078322842, 0.0, 0.0, 2.806563290234507, 0.0, 0.0, 2.4980422282985213, 2.0, 0.7888644652845063, 0.0, 1.0, 0.27055041252757467, 0.8718553609541204, 0.0, 0.0, 2.0, 1.0, 0.0, 1.625909092414242, 0.9958973853521664, 0.3781935222335914, 0.0, 0.0, 0.0, 0.0, 0.0, 0.0, 0.0, 2.0, 1.0, 2.0, 0.0, 0.0, 5.000000000000001, 3.0, 0.0, 0.0, 2.0, 0.9081195752740662, 0.09188042472593362, 2.0, 6.0, 0.0, 2.0, 1.0, 0.0, 0.0, 0.0, 0.0, 0.0, 0.0, 5.441834300354635, 1.8329420124819022, 1.9401148543939584, 0.0, 0.501719445960676, 0.5581656996453659, 2.0, 0.21706603419573106, 0.0, 0.0, 1.9897903002442772, 1.706434997420175, 0.0, 0.0, 0.0, 1.7294495874724254, 0.0, 0.0, 0.0, 0.0, 0.0, 0.0, 0.0, 0.0, 0.0, 0.0, 0.0, 0.20390907850817772, 0.0, 0.0, 0.0, 0.0, 0.0, 0.0, 0.0, 0.0, 2.0, 0.0, 3.0, 0.0, 0.0, 0.0, 0.0, 0.0, 0.0, 0.0, 0.0, 0.0, 0.0, 0.0, 0.0, 0.0, 0.2935650025798252, 0.0, 0.0, 0.01020969975572276, 0.0, 0.0, 0.0, 0.0, 0.0, 0.0, 0.0, 0.0, 3.0, 0.0, 0.34877301313454223, 0.09188042472593384, 0.0, 0.0, 0.0, 0.0, 0.3740909075857578, 6.0, 0.0, 0.651226986865458, 0.0, 0.0, 0.7960909214918223, 0.0, 0.0, 0.0, 0.0, 0.0, 0.0, 0.12814463904587964, 0.9207095958403337, 0.0, 0.0, 0.0, 0.0, 0.0, 0.0, 0.0, 0.0, 0.0, 0.0, 0.0, 0.0, 0.05988514560604175, 1.0792904041596663, 0.0, 0.0, 0.0, 0.0, 0.0, 0.0, 0.0, 0.0, 0.0, 0.0, 0.0, 0.0, 0.0, 0.0, 0.0, 0.0, 0.0, 0.0, 0.0, 0.0, 0.0041026146478335525, 5.189334095117659, 0.0, 0.0, 0.0, 0.0, 0.0, 0.7605169476775324, 0.26653995942845377, 1.0, 0.0, 0.0, 0.375, 0.23948305232246764, 0.0, 1.0, 0.0, 0.0, 0.0, 0.0, 0.0, 0.0, 0.7036347208154261, 1.0, 0.0, 0.0, 1.0, 0.2688544300781688, 0.2741795887206867, 0.0, 0.2963652791845738, 0.0, 0.0, 0.6185242960838578, 0.5964179458693881, 0.0, 0.0, 0.0, 0.0, 0.0, 0.0, 0.0, 0.4035820541306119, 0.3406884170212874, 0.0, 0.0, 1.0, 0.0, 0.0, 0.7311455699218312, 0.0, 1.0, 0.0, 0.0, 0.0, 0.0, 0.0, 0.0, 0.0, 1.0, 0.0, 0.7334600405715462, 0.0, 0.0, 0.0, 0.0, 0.0, 0.0, 0.3814757039161421, 0.0, 0.0, 0.35082041127931335, 0.0, 0.0, 0.6593115829787127]  :with objective: -612.176575149614

  Local solver returns a feasible point with value -612.1766
disc:  333  :[0.0, 1.8, 2.0]
disc:  334  :[0.0, 0.1888644652845063, 1.3888644652845064, 6.0]
disc:  335  :[0.0, 0.1, 1.0]
disc:  336  :[0.0, 0.9, 1.0]
disc:  337  :[0.0, 0.07055041252757466, 0.4705504125275747, 2.0]
disc:  338  :[0.0, 0.7718553609541204, 0.9718553609541204, 1.0]
disc:  339  :[0.0, 0.2, 2.0]
disc:  340  :[0.0, 0.2, 2.0]
disc:  341  :[0.0, 1.8, 2.0]
disc:  342  :[0.0, 0.9, 1.0]
disc:  343  :[0.0, 0.2, 2.0]
disc:  344  :[0.0, 1.4259090924142421, 1.825909092414242, 2.0]
disc:  345  :[0.0, 0.8958973853521665, 1.0]
disc:  346  :[0.0, 0.07819352223359138, 0.6781935222335913, 3.0]
disc:  347  :[0.0, 0.2, 2.0]
disc:  348  :[0.0, 0.6, 6.0]
disc:  349  :[0.0, 0.2, 2.0]
disc:  350  :[0.0, 0.1, 1.0]
disc:  351  :[0.0, 0.2, 2.0]
disc:  352  :[0.0, 0.6, 6.0]
disc:  353  :[0.0, 0.1, 1.0]
disc:  354  :[0.0, 1.8, 2.0]
disc:  355  :[0.0, 0.9, 1.0]
disc:  356  :[0.0, 1.8, 2.0]
disc:  357  :[0.0, 0.1, 1.0]
disc:  358  :[0.0, 0.2, 2.0]
disc:  359  :[0.0, 4.400000000000001, 5.6000000000000005, 6.0]
disc:  360  :[0.0, 2.4, 3.6, 6.0]
disc:  361  :[0.0, 0.2, 2.0]
disc:  362  :[0.0, 0.1, 1.0]
disc:  363  :[0.0, 1.8, 2.0]
disc:  364  :[0.0, 0.8081195752740662, 1.0]
disc:  365  :[0.0, 0.3918804247259336, 3.0]
disc:  366  :[0.0, 1.8, 2.0]
disc:  367  :[0.0, 5.4, 6.0]
disc:  368  :[0.0, 0.2, 2.0]
disc:  369  :[0.0, 1.8, 2.0]
disc:  370  :[0.0, 0.9, 1.0]
disc:  371  :[0.0, 0.2, 2.0]
disc:  372  :[0.0, 0.2, 2.0]
disc:  373  :[0.0, 0.2, 2.0]
disc:  374  :[0.0, 0.6, 6.0]
disc:  375  :[0.0, 0.2, 2.0]
disc:  376  :[0.0, 0.2, 2.0]
disc:  377  :[0.0, 4.841834300354635, 6.0]
disc:  378  :[0.0, 1.2329420124819022, 2.4329420124819023, 6.0]
disc:  379  :[0.0, 1.7401148543939584, 2.0]
disc:  380  :[0.0, 0.1, 1.0]
disc:  381  :[0.0, 0.20171944596067598, 0.801719445960676, 3.0]
disc:  382  :[0.0, 0.2581656996453659, 0.8581656996453659, 3.0]
disc:  383  :[0.0, 1.8, 2.0]
disc:  384  :[0.0, 0.817066034195731, 6.0]
disc:  385  :[0.0, 0.2, 2.0]
disc:  502  :[0.0, 0.1, 1.0]
disc:  503  :[0.0, 0.1, 1.0]
disc:  504  :[0.0, 0.1, 1.0]
disc:  505  :[0.0, 0.6605169476775324, 0.8605169476775324, 1.0]
disc:  506  :[0.0, 0.16653995942845376, 0.36653995942845374, 1.0]
disc:  507  :[0.0, 0.9, 1.0]
disc:  508  :[0.0, 0.1, 1.0]
disc:  509  :[0.0, 0.1, 1.0]
disc:  510  :[0.0, 0.275, 0.475, 1.0]
disc:  511  :[0.0, 0.13948305232246763, 0.33948305232246767, 1.0]
disc:  512  :[0.0, 0.1, 1.0]
disc:  513  :[0.0, 0.9, 1.0]
disc:  514  :[0.0, 0.1, 1.0]
disc:  515  :[0.0, 0.1, 1.0]
disc:  516  :[0.0, 0.1, 1.0]
disc:  517  :[0.0, 0.1, 1.0]
disc:  518  :[0.0, 0.1, 1.0]
disc:  519  :[0.0, 0.1, 1.0]
disc:  520  :[0.0, 0.6036347208154261, 0.8036347208154261, 1.0]
disc:  521  :[0.0, 0.9, 1.0]
disc:  522  :[0.0, 0.1, 1.0]
disc:  523  :[0.0, 0.1, 1.0]
disc:  524  :[0.0, 0.9, 1.0]
disc:  525  :[0.0, 0.16885443007816878, 0.36885443007816876, 1.0]
disc:  526  :[0.0, 0.1741795887206867, 0.3741795887206867, 1.0]
disc:  527  :[0.0, 0.1, 1.0]
disc:  528  :[0.0, 0.19636527918457378, 0.39636527918457376, 1.0]
disc:  529  :[0.0, 0.1, 1.0]
disc:  530  :[0.0, 0.1, 1.0]
disc:  531  :[0.0, 0.5185242960838579, 0.7185242960838578, 1.0]
disc:  532  :[0.0, 0.49641794586938814, 0.6964179458693881, 1.0]
disc:  533  :[0.0, 0.1, 1.0]
disc:  534  :[0.0, 0.1, 1.0]
disc:  535  :[0.0, 0.1, 1.0]
disc:  536  :[0.0, 0.1, 1.0]
disc:  537  :[0.0, 0.1, 1.0]
disc:  538  :[0.0, 0.1, 1.0]
disc:  539  :[0.0, 0.1, 1.0]
disc:  540  :[0.0, 0.3035820541306119, 0.5035820541306119, 1.0]
disc:  541  :[0.0, 0.24068841702128738, 0.44068841702128736, 1.0]
disc:  542  :[0.0, 0.1, 1.0]
disc:  543  :[0.0, 0.1, 1.0]
disc:  544  :[0.0, 0.9, 1.0]
disc:  545  :[0.0, 0.1, 1.0]
disc:  546  :[0.0, 0.1, 1.0]
disc:  547  :[0.0, 0.6311455699218312, 0.8311455699218312, 1.0]
disc:  548  :[0.0, 0.1, 1.0]
disc:  549  :[0.0, 0.9, 1.0]
disc:  550  :[0.0, 0.1, 1.0]
disc:  551  :[0.0, 0.1, 1.0]
disc:  552  :[0.0, 0.1, 1.0]
disc:  553  :[0.0, 0.1, 1.0]
disc:  554  :[0.0, 0.1, 1.0]
disc:  555  :[0.0, 0.1, 1.0]
disc:  556  :[0.0, 0.1, 1.0]
disc:  557  :[0.0, 0.9, 1.0]
disc:  558  :[0.0, 0.1, 1.0]
disc:  559  :[0.0, 0.6334600405715463, 0.8334600405715462, 1.0]
disc:  560  :[0.0, 0.1, 1.0]
disc:  561  :[0.0, 0.1, 1.0]
disc:  562  :[0.0, 0.1, 1.0]
disc:  563  :[0.0, 0.1, 1.0]
disc:  564  :[0.0, 0.1, 1.0]
disc:  565  :[0.0, 0.1, 1.0]
disc:  566  :[0.0, 0.2814757039161421, 0.48147570391614214, 1.0]
disc:  567  :[0.0, 0.1, 1.0]
disc:  568  :[0.0, 0.1, 1.0]
disc:  569  :[0.0, 0.2508204112793133, 0.4508204112793134, 1.0]
disc:  570  :[0.0, 0.1, 1.0]
disc:  571  :[0.0, 0.1, 1.0]
disc:  572  :[0.0, 0.5593115829787128, 0.7593115829787127, 1.0]
  Completed presolve in 9.81s
LOWER-BOUNDING ITERATIONS
====================================================================================================
| Iter   | Incumbent       | Best Incumbent      | Lower Bound        | Gap (%)         | Time      
| finish | -612.1766       | -612.1766           | -625.1027          | 2.112           | 31.84s           
Final UBD: -612.176575149614
Final LBD: -625.1026971258754
====================================================================================================

*** Alpine ended with status OTHER_LIMIT ***

 Total time for local solves: 7.4s

 Total time for solving max-min problems: 0.0s

 Total time excluding max-min time: 31.84s

presolve objective value: -612.176575149614
w_opt: 1-dimensional DenseAxisArray{Float64,1,...} with index sets:
    Dimension 1, [(25, 1, 2), (25, 1, 1), (25, 1, 14), (20, 1, 2), (20, 1, 1), (20, 1, 14), (1, 1, 2), (1, 1, 1), (1, 1, 14), (2, 1, 2)  …  (20, 15, 23), (20, 15, 3), (8, 15, 30), (8, 15, 29), (8, 15, 23), (8, 15, 3), (2, 15, 30), (2, 15, 29), (2, 15, 23), (2, 15, 3)]
And data, a 261-element Vector{Float64}:
 1.1928358917387762
 0.1294620782330323
 0.0
 0.8071641082612238
 0.08760395596269878
 0.0
 0.0
 0.0
 0.0
 0.0
 0.0
 0.0
 0.0
 0.0
 0.0
 0.0
 1.9401148543939584
 0.0
 0.501719445960676
 0.5581656996453659
 0.0
 0.0
 0.0
 0.0
 0.0
 0.0
 0.0
 0.0
 0.0
 1.4504662936328923
 0.48855228964163455
 0.0
 0.0
 0.0
 0.0
 3.991368006721742
 1.3443897228402677
 0.0
 0.0
 0.0
 0.0
 0.0
 0.0
 0.0
 0.0
 0.0
 0.0
 0.0
 0.0
 0.0
 0.0
 0.0
 0.0
 0.0
 0.0
 0.0
 0.0
 0.0
 0.0
 2.0
 1.0
 0.0
 0.0
 0.0
 0.0
 0.0
 0.0
 0.0
 0.0
 0.0
 0.0
 0.75
 2.25
 0.0
 0.0
 0.0
 0.0
 0.5483591774413734
 1.6450775323241202
 0.0
 0.0
 0.0
 0.0
 0.0
 0.0
 0.0
 0.0
 0.0
 0.0
 0.0
 0.0
 0.0
 0.7016408225586267
 2.10492246767588
 0.0
 0.0
 0.0
 0.0
 0.0
 0.0
 0.0
 2.0
 0.9081195752740663
 0.09188042472593362
 0.0
 0.0
 0.0
 0.0
 0.0
 0.0
 0.0
 0.0
 0.0
 0.0
 0.0
 0.0
 0.0
 0.0
 3.518173604077131
 2.1109041624462783
 0.0
 0.0
 0.0
 1.4818263959228692
 0.8890958375537212
 0.0
 0.0
 0.0
 0.0
 0.0
 0.0
 0.0
 0.0
 0.0
 0.0
 0.0
 0.0
 0.0
 0.0
 0.0
 0.0
 0.0
 0.0
 0.0
 0.0
 0.0
 0.0
 1.2370485921677157
 0.0
 0.0
 0.0
 0.7629514078322842
 0.0
 0.5377088601563376
 0.2688544300781688
 0.0
 0.0
 1.4622911398436624
 0.7311455699218312
 0.0
 0.0
 0.0
 0.0
 0.0
 0.0
 0.0
 0.0
 0.0
 0.0
 0.0
 0.0
 0.0
 0.0
 0.0
 0.0
 0.0
 0.0
 0.0
 0.0
 0.0
 0.0
 0.0
 0.0
 0.0
 0.0
 0.0
 0.0
 0.0
 0.0
 0.0
 0.0
 0.0
 0.0
 0.0
 1.625909092414242
 0.9958973853521664
 0.37819352223359165
 0.0
 0.0
 0.0
 0.0
 0.0
 0.0
 0.0
 0.0
 0.0
 1.5210338953550648
 0.7605169476775324
 0.0
 0.4789661046449353
 0.23948305232246764
 0.0
 0.0
 0.0
 0.0
 0.0
 0.0
 0.0
 0.0
 0.0
 0.0
 0.0
 0.0
 0.0
 0.0
 0.27055041252757467
 0.8718553609541204
 0.0
 0.0
 0.0
 0.0
 0.0
 0.0
 0.0
 0.0
 0.0
 0.0
 0.0
 0.0
 0.0
 0.0
 0.0
 0.0
 0.0
 0.0
 0.0
 0.0
 0.0
 0.0
 0.6813768340425748
 0.26875698592212277
 0.0
 0.3406884170212874
 0.0
 0.0
 0.0
 0.0
 1.3186231659574255
 0.5201074793623834
 0.0
 0.6593115829787126
x_ij_opt: 1-dimensional DenseAxisArray{Float64,1,...} with index sets:
    Dimension 1, [(43, 30), (43, 22), (43, 6), (44, 22), (45, 30), (45, 29), (45, 28), (45, 24), (45, 23), (40, 29)  …  (5, 7), (5, 14), (6, 4), (6, 3), (1, 14), (1, 10), (1, 23), (1, 1), (3, 2), (3, 1)]
And data, a 116-element Vector{Float64}:
 0.0
 1.9897903002442772
 1.706434997420175
 0.0
 0.0
 0.0
 1.7294495874724254
 0.0
 0.0
 0.0
 0.0
 0.0
 0.0
 0.0
 0.0
 0.0
 0.0
 0.0
 0.20390907850817772
 0.0
 0.0
 0.0
 0.0
 0.0
 0.0
 0.0
 0.0
 2.0
 0.0
 3.0
 0.0
 0.0
 0.0
 0.0
 0.0
 0.0
 0.0
 0.0
 0.0
 0.0
 0.0
 0.0
 0.0
 0.2935650025798252
 0.0
 0.0
 0.01020969975572276
 0.0
 0.0
 0.0
 0.0
 0.0
 0.0
 0.0
 0.0
 3.0
 0.0
 0.34877301313454223
 0.09188042472593384
 0.0
 0.0
 0.0
 0.0
 0.3740909075857578
 6.0
 0.0
 0.651226986865458
 0.0
 0.0
 0.7960909214918223
 0.0
 0.0
 0.0
 0.0
 0.0
 0.0
 0.12814463904587964
 0.9207095958403337
 0.0
 0.0
 0.0
 0.0
 0.0
 0.0
 0.0
 0.0
 0.0
 0.0
 0.0
 0.0
 0.05988514560604175
 1.0792904041596663
 0.0
 0.0
 0.0
 0.0
 0.0
 0.0
 0.0
 0.0
 0.0
 0.0
 0.0
 0.0
 0.0
 0.0
 0.0
 0.0
 0.0
 0.0
 0.0
 0.0
 0.0041026146478335525
 5.189334095117659
 0.0
 0.0
x_il_opt: 1-dimensional DenseAxisArray{Float64,1,...} with index sets:
    Dimension 1, [(43, 15), (43, 14), (44, 15), (44, 13), (44, 3), (40, 14), (40, 2), (41, 14), (42, 6), (37, 13)  …  (4, 13), (5, 2), (5, 7), (5, 9), (6, 11), (1, 1), (1, 6), (1, 3), (2, 1), (2, 15)]
And data, a 71-element Vector{Float64}:
 0.0
 0.0
 0.0
 2.2815508430325973
 1.9390185832745266
 1.142405773481695
 0.0
 0.0
 3.0
 0.718449156967403
 0.0
 3.0
 0.0
 0.0
 0.0
 0.0
 0.0
 0.0
 5.629077766523409
 0.0
 0.0
 0.0
 3.0
 0.8065632902345063
 2.1934367097654937
 0.0
 2.3709222334765903
 0.0
 0.0
 1.2370485921677157
 1.3222979699718085
 0.0
 0.0
 0.0
 0.0
 0.0
 0.0
 0.0
 0.8947680642239226
 1.290822236985985
 0.0
 0.0
 3.0
 0.0
 0.0
 2.1934367097654937
 0.0
 3.0
 0.0
 0.0
 0.0
 0.0
 0.0
 0.0
 0.0
 0.0
 0.0
 5.335757729562009
 0.0
 0.0
 0.0
 0.0
 0.0
 0.0
 0.7629514078322842
 0.0
 0.0
 2.806563290234507
 0.0
 0.0
 2.4980422282985213
x_lj_opt: 1-dimensional DenseAxisArray{Float64,1,...} with index sets:
    Dimension 1, [(15, 30), (15, 29), (15, 23), (15, 3), (14, 28), (14, 27), (14, 10), (14, 24), (13, 26), (13, 25)  …  (3, 6), (3, 5), (3, 29), (2, 4), (2, 3), (2, 1), (2, 5), (1, 2), (1, 1), (1, 14)]
And data, a 53-element Vector{Float64}:
 2.0
 0.7888644652845063
 0.0
 1.0
 0.27055041252757467
 0.8718553609541204
 0.0
 0.0
 2.0
 1.0
 0.0
 1.625909092414242
 0.9958973853521664
 0.3781935222335914
 0.0
 0.0
 0.0
 0.0
 0.0
 0.0
 0.0
 2.0
 1.0
 2.0
 0.0
 0.0
 5.000000000000001
 3.0
 0.0
 0.0
 2.0
 0.9081195752740662
 0.09188042472593362
 2.0
 6.0
 0.0
 2.0
 1.0
 0.0
 0.0
 0.0
 0.0
 0.0
 0.0
 5.441834300354635
 1.8329420124819022
 1.9401148543939584
 0.0
 0.501719445960676
 0.5581656996453659
 2.0
 0.21706603419573106
 0.0
q_opt: 1-dimensional DenseAxisArray{Float64,1,...} with index sets:
    Dimension 1, [(43, 15), (43, 14), (44, 15), (44, 13), (44, 3), (40, 14), (40, 2), (41, 14), (42, 6), (37, 13)  …  (4, 13), (5, 2), (5, 7), (5, 9), (6, 11), (1, 1), (1, 6), (1, 3), (2, 1), (2, 15)]
And data, a 71-element Vector{Float64}:
 0.0
 0.0
 0.0
 0.7605169476775324
 0.26653995942845377
 1.0
 0.0
 0.0
 0.375
 0.23948305232246764
 0.0
 1.0
 0.0
 0.0
 0.0
 0.0
 0.0
 0.0
 0.7036347208154261
 1.0
 0.0
 0.0
 1.0
 0.2688544300781688
 0.2741795887206867
 0.0
 0.2963652791845738
 0.0
 0.0
 0.6185242960838578
 0.5964179458693881
 0.0
 0.0
 0.0
 0.0
 0.0
 0.0
 0.0
 0.4035820541306119
 0.3406884170212874
 0.0
 0.0
 1.0
 0.0
 0.0
 0.7311455699218312
 0.0
 1.0
 0.0
 0.0
 0.0
 0.0
 0.0
 0.0
 0.0
 1.0
 0.0
 0.7334600405715462
 0.0
 0.0
 0.0
 0.0
 0.0
 0.0
 0.3814757039161421
 0.0
 0.0
 0.35082041127931335
 0.0
 0.0
 0.6593115829787127
