
PROBLEM STATISTICS
  Objective sense = Min
  # Variables = 572
  # Bin-Int Variables = 0
  # Constraints = 621
  # NL Constraints = 261
  # Linear Constraints = 360
  # Detected convex constraints = 0
  # Detected nonlinear terms = 261
  # Variables involved in nonlinear terms = 124
  # Potential variables for partitioning = 124
SUB-SOLVERS USED BY ALPINE
  NLP local solver = Knitro
  MIP solver = Gurobi
ALPINE CONFIGURATION
  Maximum iterations (lower-bounding MIPs) =  1
  Relative global optimality gap = 0.01%
  Potential variables chosen for partitioning = All
  Discretization ratio = 10
  Bound-tightening presolve = false
PRESOLVE 
  Doing local search

Feasible solution found during presolve: [0.0, 0.0, 0.0, 0.0, 0.0, 0.0, 0.0, 0.0, 0.0, 0.0, 0.0, 0.0, 0.0, 0.0, 0.0, 0.0, 2.0, 0.0, 0.0144824831900098, 0.9855175168099903, 0.0, 0.0, 0.0, 0.0, 0.0, 0.0, 0.0, 0.0, 0.0, 1.4100529905127535, 0.8395159255054516, 0.0, 0.0, 0.0, 0.0, 3.6044294926772564, 2.1460015913045383, 0.0, 0.0, 0.0, 0.0, 0.0, 0.0, 0.0, 0.0, 0.0, 0.0, 0.0, 0.0, 0.0, 0.0, 0.0, 0.0, 0.0, 0.0, 0.0, 0.0, 0.0, 0.0, 2.0, 1.0, 0.0, 0.0, 0.0, 0.0, 0.0, 0.0, 0.0, 0.0, 0.0, 0.0, 0.37908527754759525, 1.137255832642786, 0.0, 0.15461993111849495, 0.46385979335548494, 0.0, 0.5177613114418572, 1.5532839343255724, 0.0, 0.0, 0.0, 0.0, 0.0, 0.0, 0.0, 0.0, 0.0, 0.0, 0.0, 0.0, 0.0, 0.9485334798920524, 2.845600439676157, 0.0, 0.0, 0.0, 0.0, 0.0, 0.0, 0.0, 1.1044432209723132, 0.3614680858277547, 1.4156854424017045, 0.04538097418433435, 0.014852528006798434, 0.05816974860709486, 0.0, 0.0, 0.0, 0.0, 0.0, 0.0, 0.0, 0.0, 0.0, 0.0, 0.0, 2.3606275204935434, 4.030889170405499, 0.0, 0.0, 0.0, 0.5940733865445235, 1.014409922556433, 0.0, 0.0, 0.0, 0.0, 0.0, 0.0, 0.0, 0.0, 0.0, 0.0, 0.0, 0.0, 0.0, 0.0, 0.0, 0.0, 0.0, 0.0, 0.0, 0.0, 0.0, 0.0, 0.20473608470433774, 0.21238676444442256, 0.0, 0.0, 0.0, 0.0, 0.6193031694883803, 0.30965158474419013, 0.0, 0.0, 1.3806968305116198, 0.6903484152558099, 0.0, 0.0, 0.0, 0.0, 0.0, 0.0, 0.0, 0.0, 0.0, 0.0, 0.0, 0.0, 0.0, 0.0, 2.0, 0.0, 0.0, 0.0, 0.6249902838328799, 0.0, 0.0, 0.0, 0.0, 0.0, 0.0, 0.0, 0.0, 0.0, 0.0, 0.0, 0.0, 0.0, 0.0, 0.0, 0.0, 1.3750097161671202, 0.9920280761688898, 0.6329622076639898, 0.0, 0.0, 0.0, 0.0, 0.0, 0.0, 0.0, 0.0, 0.0, 1.1712003005056688, 0.31739677845807845, 1.511402921036253, 0.0, 0.0, 0.0, 0.0, 0.0, 0.0, 0.0, 0.0, 0.0, 0.0, 0.0, 0.0, 0.0, 0.0, 0.0, 0.0, 0.16720972112996882, 0.5731927266694791, 0.0, 0.0, 0.0, 0.0, 0.0, 0.0, 0.0, 0.0, 0.0, 0.0, 0.0, 0.0, 0.0, 0.0, 0.0, 0.0, 0.0, 0.0, 0.0, 0.0, 0.0, 0.0, 0.7055892463795553, 0.0, 0.0, 0.3527946231897777, 0.0, 0.0, 0.0, 0.0, 1.2944107536204446, 0.0, 0.0, 0.6472053768102223, 0.0, 0.0, 0.0, 3.0, 2.2495689160182053, 0.7404024477994479, 0.0, 0.0, 1.5163411101903812, 0.0, 0.0, 3.0, 0.0, 0.0, 0.6184797244739799, 0.0, 0.0, 0.0, 6.391516690899043, 0.0, 0.0, 0.0, 3.0, 0.9289547542325705, 2.0710452457674298, 0.0, 1.6084833091009565, 0.0, 2.62499028383288, 0.4171228491487603, 0.0, 0.0, 0.0, 0.0, 0.0, 0.0, 0.0, 0.0, 0.0, 1.058383869569333, 0.0, 0.0, 3.0, 0.0, 0.0, 2.0710452457674298, 0.0, 2.8815967492017727, 0.0, 0.0, 0.0, 0.0, 0.0, 0.0, 0.0, 0.0, 0.0, 5.750431083981795, 0.0, 0.0, 0.0, 0.0, 0.0, 0.11840325079822765, 0.0, 0.0, 0.0, 3.7941339195682096, 0.0, 0.0, 1.941616130430667, 2.0, 0.0, 0.0, 1.0, 0.16720972112996882, 0.5731927266694791, 0.0, 0.0, 1.1712003005056688, 0.3173967784580782, 1.511402921036253, 1.3750097161671202, 0.9920280761688898, 0.6329622076639898, 2.0, 0.0, 0.0, 0.0, 0.6249902838328799, 0.0, 0.0, 2.0, 1.0, 0.20473608470433774, 0.21238676444442256, 0.0, 2.954700907038067, 5.045299092961932, 0.0, 0.0, 1.1498241951566475, 0.37632061383455323, 1.4738551910087994, 2.0, 6.0, 0.0, 2.0, 1.0, 0.0, 0.0, 0.0, 0.0, 0.0, 0.0, 5.01448248319001, 2.98551751680999, 2.0, 0.0, 0.0144824831900098, 0.9855175168099903, 0.0, 0.0, 0.0, 0.0, 0.0, 1.4054925599426948, 0.0, 0.0, 0.0, 1.8327902788700312, 0.0, 0.0, 0.0, 0.0, 0.0, 0.0, 0.0, 0.0, 0.0, 0.0, 0.0, 0.0, 0.0, 0.4434010604334437, 0.0, 0.0, 0.0, 0.8287996994943314, 0.34492431881349306, 0.0, 1.8262759816921756, 0.0, 2.3815202755260203, 0.0, 0.0, 0.0, 0.0, 0.0, 0.0, 0.0, 0.0, 0.0, 0.0, 0.0, 0.0, 0.4885970789637471, 0.594507440057305, 0.0, 0.0, 0.0, 0.0, 0.0, 0.0, 0.0, 0.0, 0.0, 0.0, 0.0, 0.37500971616712, 0.0, 1.9591977646857928, 0.6236793861654468, 1.7952639152956622, 0.0, 0.0, 0.0, 0.0, 6.0, 0.0, 1.08610132827614, 0.0, 0.0, 0.7876132355555774, 0.0, 0.0, 0.0, 0.0, 0.0, 0.0, 0.42680727333052093, 0.40523652589870696, 0.0, 0.0, 0.0, 0.0, 0.0, 0.0, 0.0, 0.0, 0.0, 0.0, 0.17372401830782455, 0.0, 0.0, 1.594763474101293, 0.5796911908709477, 0.0, 0.0, 0.0, 0.0, 0.33767890272842876, 0.0, 0.0, 0.0, 0.0, 0.0, 0.0, 0.0, 0.7205429136104192, 0.0, 0.0, 0.0, 0.0, 0.12963289123293348, 0.0, 0.007971923831110308, 4.068261265367747, 0.0, 0.0, 0.0, 0.0, 0.0, 1.0, 0.2811961145022756, 1.0, 0.0, 0.0, 0.18954263877379765, 0.0, 0.0, 1.0, 0.0, 0.0, 0.07730996555924749, 0.0, 0.0, 0.0, 0.7989395863623804, 0.0, 0.0, 0.0, 1.0, 0.30965158474419013, 0.2588806557209287, 0.0, 0.20106041363761956, 0.0, 1.0, 1.0, 0.0, 0.0, 0.0, 0.0, 0.0, 0.0, 0.0, 0.0, 0.0, 0.35279462318977767, 0.0, 0.0, 1.0, 0.0, 0.0, 0.6903484152558099, 0.0, 0.9605322497339241, 0.0, 0.0, 0.0, 0.0, 0.0, 0.0, 0.0, 1.0, 0.0, 0.7188038854977243, 0.0, 0.0, 0.0, 0.0, 0.0, 0.03946775026607588, 0.0, 0.0, 0.0, 0.4742667399460262, 0.0, 1.0, 0.6472053768102223]  :with objective: -602.1033525935995

  Local solver returns a feasible point with value -602.1034
disc:  333  :[0.0, 1.8, 2.0]
disc:  334  :[0.0, 0.6, 6.0]
disc:  335  :[0.0, 0.1, 1.0]
disc:  336  :[0.0, 0.9, 1.0]
disc:  337  :[0.0, 0.36720972112996886, 2.0]
disc:  338  :[0.0, 0.4731927266694791, 0.673192726669479, 1.0]
disc:  339  :[0.0, 0.2, 2.0]
disc:  340  :[0.0, 0.2, 2.0]
disc:  341  :[0.0, 0.9712003005056689, 1.3712003005056688, 2.0]
disc:  342  :[0.0, 0.21739677845807817, 0.4173967784580782, 1.0]
disc:  343  :[0.0, 1.311402921036253, 1.711402921036253, 2.0]
disc:  344  :[0.0, 1.1750097161671202, 1.5750097161671202, 2.0]
disc:  345  :[0.0, 0.8920280761688898, 1.0]
disc:  346  :[0.0, 0.3329622076639898, 0.9329622076639899, 3.0]
disc:  347  :[0.0, 1.8, 2.0]
disc:  348  :[0.0, 0.6, 6.0]
disc:  349  :[0.0, 0.2, 2.0]
disc:  350  :[0.0, 0.1, 1.0]
disc:  351  :[0.0, 0.4249902838328799, 0.82499028383288, 2.0]
disc:  352  :[0.0, 0.6, 6.0]
disc:  353  :[0.0, 0.1, 1.0]
disc:  354  :[0.0, 1.8, 2.0]
disc:  355  :[0.0, 0.9, 1.0]
disc:  356  :[0.0, 0.0047360847043377285, 0.40473608470433775, 2.0]
disc:  357  :[0.0, 0.11238676444442255, 0.3123867644444226, 1.0]
disc:  358  :[0.0, 0.2, 2.0]
disc:  359  :[0.0, 2.354700907038067, 3.5547009070380673, 6.0]
disc:  360  :[0.0, 4.445299092961933, 5.645299092961932, 6.0]
disc:  361  :[0.0, 0.2, 2.0]
disc:  362  :[0.0, 0.1, 1.0]
disc:  363  :[0.0, 0.9498241951566475, 1.3498241951566474, 2.0]
disc:  364  :[0.0, 0.2763206138345532, 0.47632061383455326, 1.0]
disc:  365  :[0.0, 1.1738551910087993, 1.7738551910087994, 3.0]
disc:  366  :[0.0, 1.8, 2.0]
disc:  367  :[0.0, 5.4, 6.0]
disc:  368  :[0.0, 0.2, 2.0]
disc:  369  :[0.0, 1.8, 2.0]
disc:  370  :[0.0, 0.9, 1.0]
disc:  371  :[0.0, 0.2, 2.0]
disc:  372  :[0.0, 0.2, 2.0]
disc:  373  :[0.0, 0.2, 2.0]
disc:  374  :[0.0, 0.6, 6.0]
disc:  375  :[0.0, 0.2, 2.0]
disc:  376  :[0.0, 0.2, 2.0]
disc:  377  :[0.0, 4.41448248319001, 5.6144824831900095, 6.0]
disc:  378  :[0.0, 2.38551751680999, 3.58551751680999, 6.0]
disc:  379  :[0.0, 1.8, 2.0]
disc:  380  :[0.0, 0.1, 1.0]
disc:  381  :[0.0, 0.31448248319000977, 3.0]
disc:  382  :[0.0, 0.6855175168099903, 1.2855175168099904, 3.0]
disc:  383  :[0.0, 0.2, 2.0]
disc:  384  :[0.0, 0.6, 6.0]
disc:  385  :[0.0, 0.2, 2.0]
disc:  502  :[0.0, 0.1, 1.0]
disc:  503  :[0.0, 0.1, 1.0]
disc:  504  :[0.0, 0.1, 1.0]
disc:  505  :[0.0, 0.9, 1.0]
disc:  506  :[0.0, 0.1811961145022756, 0.38119611450227564, 1.0]
disc:  507  :[0.0, 0.9, 1.0]
disc:  508  :[0.0, 0.1, 1.0]
disc:  509  :[0.0, 0.1, 1.0]
disc:  510  :[0.0, 0.08954263877379764, 0.28954263877379766, 1.0]
disc:  511  :[0.0, 0.1, 1.0]
disc:  512  :[0.0, 0.1, 1.0]
disc:  513  :[0.0, 0.9, 1.0]
disc:  514  :[0.0, 0.1, 1.0]
disc:  515  :[0.0, 0.1, 1.0]
disc:  516  :[0.0, 0.1773099655592475, 1.0]
disc:  517  :[0.0, 0.1, 1.0]
disc:  518  :[0.0, 0.1, 1.0]
disc:  519  :[0.0, 0.1, 1.0]
disc:  520  :[0.0, 0.6989395863623804, 0.8989395863623804, 1.0]
disc:  521  :[0.0, 0.1, 1.0]
disc:  522  :[0.0, 0.1, 1.0]
disc:  523  :[0.0, 0.1, 1.0]
disc:  524  :[0.0, 0.9, 1.0]
disc:  525  :[0.0, 0.20965158474419013, 0.40965158474419017, 1.0]
disc:  526  :[0.0, 0.15888065572092872, 0.35888065572092875, 1.0]
disc:  527  :[0.0, 0.1, 1.0]
disc:  528  :[0.0, 0.10106041363761956, 0.3010604136376196, 1.0]
disc:  529  :[0.0, 0.1, 1.0]
disc:  530  :[0.0, 0.9, 1.0]
disc:  531  :[0.0, 0.9, 1.0]
disc:  532  :[0.0, 0.1, 1.0]
disc:  533  :[0.0, 0.1, 1.0]
disc:  534  :[0.0, 0.1, 1.0]
disc:  535  :[0.0, 0.1, 1.0]
disc:  536  :[0.0, 0.1, 1.0]
disc:  537  :[0.0, 0.1, 1.0]
disc:  538  :[0.0, 0.1, 1.0]
disc:  539  :[0.0, 0.1, 1.0]
disc:  540  :[0.0, 0.1, 1.0]
disc:  541  :[0.0, 0.25279462318977763, 0.4527946231897777, 1.0]
disc:  542  :[0.0, 0.1, 1.0]
disc:  543  :[0.0, 0.1, 1.0]
disc:  544  :[0.0, 0.9, 1.0]
disc:  545  :[0.0, 0.1, 1.0]
disc:  546  :[0.0, 0.1, 1.0]
disc:  547  :[0.0, 0.5903484152558099, 0.7903484152558099, 1.0]
disc:  548  :[0.0, 0.1, 1.0]
disc:  549  :[0.0, 0.8605322497339242, 1.0]
disc:  550  :[0.0, 0.1, 1.0]
disc:  551  :[0.0, 0.1, 1.0]
disc:  552  :[0.0, 0.1, 1.0]
disc:  553  :[0.0, 0.1, 1.0]
disc:  554  :[0.0, 0.1, 1.0]
disc:  555  :[0.0, 0.1, 1.0]
disc:  556  :[0.0, 0.1, 1.0]
disc:  557  :[0.0, 0.9, 1.0]
disc:  558  :[0.0, 0.1, 1.0]
disc:  559  :[0.0, 0.6188038854977244, 0.8188038854977243, 1.0]
disc:  560  :[0.0, 0.1, 1.0]
disc:  561  :[0.0, 0.1, 1.0]
disc:  562  :[0.0, 0.1, 1.0]
disc:  563  :[0.0, 0.1, 1.0]
disc:  564  :[0.0, 0.1, 1.0]
disc:  565  :[0.0, 0.13946775026607588, 1.0]
disc:  566  :[0.0, 0.1, 1.0]
disc:  567  :[0.0, 0.1, 1.0]
disc:  568  :[0.0, 0.1, 1.0]
disc:  569  :[0.0, 0.3742667399460262, 0.5742667399460262, 1.0]
disc:  570  :[0.0, 0.1, 1.0]
disc:  571  :[0.0, 0.9, 1.0]
disc:  572  :[0.0, 0.5472053768102223, 0.7472053768102223, 1.0]
  Completed presolve in 11.42s
LOWER-BOUNDING ITERATIONS
====================================================================================================
| Iter   | Incumbent       | Best Incumbent      | Lower Bound        | Gap (%)         | Time      
| finish | -602.1034       | -602.1034           | -632.593           | 5.064           | 21.64s           
Final UBD: -602.1033525935995
Final LBD: -632.5929663476533
====================================================================================================

*** Alpine ended with status OTHER_LIMIT ***

 Total time for local solves: 9.08s

 Total time for solving max-min problems: 0.0s

 Total time excluding max-min time: 21.64s

presolve objective value: -602.1033525935995
w_opt: 1-dimensional DenseAxisArray{Float64,1,...} with index sets:
    Dimension 1, [(25, 1, 2), (25, 1, 1), (25, 1, 14), (20, 1, 2), (20, 1, 1), (20, 1, 14), (1, 1, 2), (1, 1, 1), (1, 1, 14), (2, 1, 2)  …  (20, 15, 23), (20, 15, 3), (8, 15, 30), (8, 15, 29), (8, 15, 23), (8, 15, 3), (2, 15, 30), (2, 15, 29), (2, 15, 23), (2, 15, 3)]
And data, a 261-element Vector{Float64}:
 0.0
 0.0
 0.0
 0.0
 0.0
 0.0
 0.0
 0.0
 0.0
 0.0
 0.0
 0.0
 0.0
 0.0
 0.0
 0.0
 2.0
 0.0
 0.0144824831900098
 0.9855175168099903
 0.0
 0.0
 0.0
 0.0
 0.0
 0.0
 0.0
 0.0
 0.0
 1.4100529905127535
 0.8395159255054516
 0.0
 0.0
 0.0
 0.0
 3.6044294926772564
 2.1460015913045383
 0.0
 0.0
 0.0
 0.0
 0.0
 0.0
 0.0
 0.0
 0.0
 0.0
 0.0
 0.0
 0.0
 0.0
 0.0
 0.0
 0.0
 0.0
 0.0
 0.0
 0.0
 0.0
 2.0
 1.0
 0.0
 0.0
 0.0
 0.0
 0.0
 0.0
 0.0
 0.0
 0.0
 0.0
 0.37908527754759525
 1.137255832642786
 0.0
 0.15461993111849495
 0.46385979335548494
 0.0
 0.5177613114418572
 1.5532839343255724
 0.0
 0.0
 0.0
 0.0
 0.0
 0.0
 0.0
 0.0
 0.0
 0.0
 0.0
 0.0
 0.0
 0.9485334798920524
 2.845600439676157
 0.0
 0.0
 0.0
 0.0
 0.0
 0.0
 0.0
 1.1044432209723132
 0.3614680858277547
 1.4156854424017045
 0.04538097418433435
 0.014852528006798434
 0.05816974860709486
 0.0
 0.0
 0.0
 0.0
 0.0
 0.0
 0.0
 0.0
 0.0
 0.0
 0.0
 2.3606275204935434
 4.030889170405499
 0.0
 0.0
 0.0
 0.5940733865445235
 1.014409922556433
 0.0
 0.0
 0.0
 0.0
 0.0
 0.0
 0.0
 0.0
 0.0
 0.0
 0.0
 0.0
 0.0
 0.0
 0.0
 0.0
 0.0
 0.0
 0.0
 0.0
 0.0
 0.0
 0.20473608470433774
 0.21238676444442256
 0.0
 0.0
 0.0
 0.0
 0.6193031694883803
 0.30965158474419013
 0.0
 0.0
 1.3806968305116198
 0.6903484152558099
 0.0
 0.0
 0.0
 0.0
 0.0
 0.0
 0.0
 0.0
 0.0
 0.0
 0.0
 0.0
 0.0
 0.0
 2.0
 0.0
 0.0
 0.0
 0.6249902838328799
 0.0
 0.0
 0.0
 0.0
 0.0
 0.0
 0.0
 0.0
 0.0
 0.0
 0.0
 0.0
 0.0
 0.0
 0.0
 0.0
 1.3750097161671202
 0.9920280761688898
 0.6329622076639898
 0.0
 0.0
 0.0
 0.0
 0.0
 0.0
 0.0
 0.0
 0.0
 1.1712003005056688
 0.31739677845807845
 1.511402921036253
 0.0
 0.0
 0.0
 0.0
 0.0
 0.0
 0.0
 0.0
 0.0
 0.0
 0.0
 0.0
 0.0
 0.0
 0.0
 0.0
 0.16720972112996882
 0.5731927266694791
 0.0
 0.0
 0.0
 0.0
 0.0
 0.0
 0.0
 0.0
 0.0
 0.0
 0.0
 0.0
 0.0
 0.0
 0.0
 0.0
 0.0
 0.0
 0.0
 0.0
 0.0
 0.0
 0.7055892463795553
 0.0
 0.0
 0.3527946231897777
 0.0
 0.0
 0.0
 0.0
 1.2944107536204446
 0.0
 0.0
 0.6472053768102223
x_ij_opt: 1-dimensional DenseAxisArray{Float64,1,...} with index sets:
    Dimension 1, [(43, 30), (43, 22), (43, 6), (44, 22), (45, 30), (45, 29), (45, 28), (45, 24), (45, 23), (40, 29)  …  (5, 7), (5, 14), (6, 4), (6, 3), (1, 14), (1, 10), (1, 23), (1, 1), (3, 2), (3, 1)]
And data, a 116-element Vector{Float64}:
 0.0
 0.0
 1.4054925599426948
 0.0
 0.0
 0.0
 1.8327902788700312
 0.0
 0.0
 0.0
 0.0
 0.0
 0.0
 0.0
 0.0
 0.0
 0.0
 0.0
 0.0
 0.0
 0.4434010604334437
 0.0
 0.0
 0.0
 0.8287996994943314
 0.34492431881349306
 0.0
 1.8262759816921756
 0.0
 2.3815202755260203
 0.0
 0.0
 0.0
 0.0
 0.0
 0.0
 0.0
 0.0
 0.0
 0.0
 0.0
 0.0
 0.4885970789637471
 0.594507440057305
 0.0
 0.0
 0.0
 0.0
 0.0
 0.0
 0.0
 0.0
 0.0
 0.0
 0.0
 0.37500971616712
 0.0
 1.9591977646857928
 0.6236793861654468
 1.7952639152956622
 0.0
 0.0
 0.0
 0.0
 6.0
 0.0
 1.08610132827614
 0.0
 0.0
 0.7876132355555774
 0.0
 0.0
 0.0
 0.0
 0.0
 0.0
 0.42680727333052093
 0.40523652589870696
 0.0
 0.0
 0.0
 0.0
 0.0
 0.0
 0.0
 0.0
 0.0
 0.0
 0.17372401830782455
 0.0
 0.0
 1.594763474101293
 0.5796911908709477
 0.0
 0.0
 0.0
 0.0
 0.33767890272842876
 0.0
 0.0
 0.0
 0.0
 0.0
 0.0
 0.0
 0.7205429136104192
 0.0
 0.0
 0.0
 0.0
 0.12963289123293348
 0.0
 0.007971923831110308
 4.068261265367747
 0.0
 0.0
x_il_opt: 1-dimensional DenseAxisArray{Float64,1,...} with index sets:
    Dimension 1, [(43, 15), (43, 14), (44, 15), (44, 13), (44, 3), (40, 14), (40, 2), (41, 14), (42, 6), (37, 13)  …  (4, 13), (5, 2), (5, 7), (5, 9), (6, 11), (1, 1), (1, 6), (1, 3), (2, 1), (2, 15)]
And data, a 71-element Vector{Float64}:
 0.0
 0.0
 0.0
 3.0
 2.2495689160182053
 0.7404024477994479
 0.0
 0.0
 1.5163411101903812
 0.0
 0.0
 3.0
 0.0
 0.0
 0.6184797244739799
 0.0
 0.0
 0.0
 6.391516690899043
 0.0
 0.0
 0.0
 3.0
 0.9289547542325705
 2.0710452457674298
 0.0
 1.6084833091009565
 0.0
 2.62499028383288
 0.4171228491487603
 0.0
 0.0
 0.0
 0.0
 0.0
 0.0
 0.0
 0.0
 0.0
 1.058383869569333
 0.0
 0.0
 3.0
 0.0
 0.0
 2.0710452457674298
 0.0
 2.8815967492017727
 0.0
 0.0
 0.0
 0.0
 0.0
 0.0
 0.0
 0.0
 0.0
 5.750431083981795
 0.0
 0.0
 0.0
 0.0
 0.0
 0.11840325079822765
 0.0
 0.0
 0.0
 3.7941339195682096
 0.0
 0.0
 1.941616130430667
x_lj_opt: 1-dimensional DenseAxisArray{Float64,1,...} with index sets:
    Dimension 1, [(15, 30), (15, 29), (15, 23), (15, 3), (14, 28), (14, 27), (14, 10), (14, 24), (13, 26), (13, 25)  …  (3, 6), (3, 5), (3, 29), (2, 4), (2, 3), (2, 1), (2, 5), (1, 2), (1, 1), (1, 14)]
And data, a 53-element Vector{Float64}:
 2.0
 0.0
 0.0
 1.0
 0.16720972112996882
 0.5731927266694791
 0.0
 0.0
 1.1712003005056688
 0.3173967784580782
 1.511402921036253
 1.3750097161671202
 0.9920280761688898
 0.6329622076639898
 2.0
 0.0
 0.0
 0.0
 0.6249902838328799
 0.0
 0.0
 2.0
 1.0
 0.20473608470433774
 0.21238676444442256
 0.0
 2.954700907038067
 5.045299092961932
 0.0
 0.0
 1.1498241951566475
 0.37632061383455323
 1.4738551910087994
 2.0
 6.0
 0.0
 2.0
 1.0
 0.0
 0.0
 0.0
 0.0
 0.0
 0.0
 5.01448248319001
 2.98551751680999
 2.0
 0.0
 0.0144824831900098
 0.9855175168099903
 0.0
 0.0
 0.0
q_opt: 1-dimensional DenseAxisArray{Float64,1,...} with index sets:
    Dimension 1, [(43, 15), (43, 14), (44, 15), (44, 13), (44, 3), (40, 14), (40, 2), (41, 14), (42, 6), (37, 13)  …  (4, 13), (5, 2), (5, 7), (5, 9), (6, 11), (1, 1), (1, 6), (1, 3), (2, 1), (2, 15)]
And data, a 71-element Vector{Float64}:
 0.0
 0.0
 0.0
 1.0
 0.2811961145022756
 1.0
 0.0
 0.0
 0.18954263877379765
 0.0
 0.0
 1.0
 0.0
 0.0
 0.07730996555924749
 0.0
 0.0
 0.0
 0.7989395863623804
 0.0
 0.0
 0.0
 1.0
 0.30965158474419013
 0.2588806557209287
 0.0
 0.20106041363761956
 0.0
 1.0
 1.0
 0.0
 0.0
 0.0
 0.0
 0.0
 0.0
 0.0
 0.0
 0.0
 0.35279462318977767
 0.0
 0.0
 1.0
 0.0
 0.0
 0.6903484152558099
 0.0
 0.9605322497339241
 0.0
 0.0
 0.0
 0.0
 0.0
 0.0
 0.0
 1.0
 0.0
 0.7188038854977243
 0.0
 0.0
 0.0
 0.0
 0.0
 0.03946775026607588
 0.0
 0.0
 0.0
 0.4742667399460262
 0.0
 1.0
 0.6472053768102223
