
PROBLEM STATISTICS
  Objective sense = Min
  # Variables = 572
  # Bin-Int Variables = 0
  # Constraints = 621
  # NL Constraints = 261
  # Linear Constraints = 360
  # Detected convex constraints = 0
  # Detected nonlinear terms = 261
  # Variables involved in nonlinear terms = 124
  # Potential variables for partitioning = 124
SUB-SOLVERS USED BY ALPINE
  NLP local solver = Knitro
  MIP solver = Gurobi
ALPINE CONFIGURATION
  Maximum iterations (lower-bounding MIPs) =  1
  Relative global optimality gap = 0.01%
  Potential variables chosen for partitioning = All
  Discretization ratio = 10
  Bound-tightening presolve = false
PRESOLVE 
  Doing local search

Feasible solution found during presolve: [1.5941510267222607, 0.0, 0.0, 0.4058489732777392, 0.0, 0.0, 0.0, 0.0, 0.0, 0.0, 0.0, 0.0, 0.23340364699665006, 0.0, 0.0007005500301669717, 0.11600127346815806, 1.76659635300335, 0.0, 0.0053023555729063716, 0.8779958209287686, 0.0, 0.0, 0.0, 0.0, 0.0, 0.0, 0.0, 0.0, 0.0, 1.1071013212941203, 0.5999222183780354, 0.0, 0.0, 0.0, 0.0, 3.8989015843089523, 2.112758464565917, 0.0, 0.0, 0.0, 0.0, 0.0, 0.0, 0.0, 0.0, 0.0, 0.0, 0.0, 0.0, 0.0, 0.0, 0.0, 0.0, 0.0, 0.0, 0.0, 0.0, 0.0, 0.0, 1.94733643817342, 1.0, 0.0, 0.0, 0.0, 0.0, 0.0, 0.0, 0.0, 0.0, 0.0, 0.0, 0.23927852248369894, 0.7178355674510968, 0.0, 0.75, 2.25, 0.0, 0.5169160191274529, 1.5507480573823587, 0.0, 0.0, 0.0, 0.0, 0.0, 0.0, 0.0, 0.0, 0.0, 0.0, 0.0, 0.0, 0.0, 0.49380545838884826, 1.4814163751665448, 0.0, 0.0, 0.0, 0.0, 0.0, 0.0, 0.0, 2.0, 0.9880777780161589, 0.01192222198384131, 0.0, 0.0, 0.0, 0.0, 0.0, 0.0, 0.0, 0.0, 0.0, 0.0, 0.0, 0.0, 0.0, 0.0, 3.1231654844360035, 2.3012649417424527, 0.0, 0.0, 0.0, 1.4829077642700983, 1.0926618095514447, 0.0, 0.0, 0.0, 0.0, 0.0, 0.0, 0.0, 0.0, 0.0, 0.0, 0.0, 0.0, 0.0, 0.0, 0.0, 0.0, 0.0, 0.0, 0.0, 0.0, 0.0, 0.0, 0.0, 0.0, 0.0, 0.0, 0.11871798880952182, 0.0, 0.6215572823267922, 0.3107786411633961, 0.0, 0.0, 1.3784427176732077, 0.6892213588366038, 0.0, 0.0, 0.0, 0.0, 0.0, 0.0, 0.0, 0.0, 0.0, 0.0, 0.0, 0.0, 0.0, 0.0, 2.0, 0.0, 0.0, 0.0, 0.5951813733737948, 0.0, 0.0, 0.0, 0.0, 0.0, 0.0, 0.0, 0.0, 0.0, 0.0, 0.0, 0.0, 0.0, 0.0, 0.0, 0.0, 1.404818626626205, 0.957296705968479, 0.6378846674053161, 0.0, 0.0, 0.0, 0.0, 0.0, 0.0, 0.0, 0.0, 0.0, 1.3452972777582324, 0.6726486388791162, 0.0, 0.6547027222417675, 0.32735136112088375, 0.0, 0.0, 0.0, 0.0, 0.0, 0.0, 0.0, 0.0, 0.0, 0.0, 0.0, 0.0, 0.0, 0.0, 0.728380878268827, 0.7710109479634063, 0.0, 0.0, 0.0, 0.0, 0.0, 0.0, 0.0, 0.0, 0.0, 0.0, 0.0, 0.0, 0.0, 0.0, 0.0, 0.0, 0.0, 0.0, 0.0, 0.0, 0.0, 0.0, 0.0, 0.0, 0.0, 0.0, 0.0, 0.0, 0.0, 0.0, 1.618231778227117, 2.649434649650732, 0.0, 1.0, 0.0, 0.0, 0.0, 2.0179459166373483, 1.7070235396721556, 1.4993918262322334, 0.3501054704949751, 0.0, 0.9571140899347957, 0.9820540833626513, 0.0, 3.0, 0.0, 0.0, 3.0, 0.0, 0.0, 0.0, 5.424430426178456, 0.0, 0.0, 0.0, 2.649894529505025, 0.9323359234901882, 2.0676640765098115, 0.0, 2.575569573821543, 0.0, 2.5951813733737947, 0.0, 1.5941510267222607, 0.0, 0.0, 0.0, 0.0, 0.0, 0.0, 0.0, 0.4058489732777392, 0.0, 0.0, 0.0, 2.94733643817342, 0.0, 0.0, 2.0676640765098115, 0.0, 3.0, 0.0, 0.0, 0.0, 0.0, 0.0, 0.0, 0.0, 0.0, 0.0, 6.0116600488748695, 0.0, 0.0, 0.0, 0.0, 0.0, 0.0, 0.11871798880952182, 0.0, 0.0, 1.975221833555393, 0.0, 0.0, 5.267666427877849, 1.6182317782271167, 2.6494346496507317, 0.0, 1.0, 0.728380878268827, 0.7710109479634063, 0.0, 0.0, 2.0, 1.0, 0.0, 1.404818626626205, 0.957296705968479, 0.6378846674053161, 2.0, 0.0, 0.0, 0.0, 0.5951813733737948, 0.0, 0.0, 2.0, 1.0, 0.11871798880952182, 0.0, 0.0, 4.606073248706102, 3.3939267512938973, 0.0, 0.0, 2.0, 0.9880777780161589, 0.01192222198384131, 2.0, 6.0, 0.0, 1.94733643817342, 1.0, 0.0, 0.0, 0.0, 0.0, 0.0, 0.0, 5.006002905603073, 2.7126806829439527, 2.0, 0.0, 0.006002905603073343, 0.9939970943969266, 2.0, 0.0, 0.0, 0.0, 0.0, 1.604762102095853, 0.0, 0.3817682217728832, 0.0, 1.2716191217311732, 0.0, 0.0, 0.0, 0.0, 0.0, 0.0, 0.0, 0.0, 0.0, 0.0, 0.0, 0.3023361276762515, 0.0, 0.0, 0.0, 0.0, 0.0, 0.0, 0.0, 0.0, 2.0, 0.0, 0.0, 0.0, 0.0, 0.0, 0.0, 0.0, 0.0, 0.0, 0.0, 0.0, 0.0, 0.0, 0.0, 0.0, 0.39523789790414715, 0.0, 0.0, 0.0, 0.0, 0.0, 0.0, 0.0, 0.0, 0.0, 0.0, 0.0, 0.4048186266262055, 0.0, 1.393926751293898, 0.011922221983841167, 1.8812820111904782, 0.0, 0.0, 0.0, 0.0, 6.0, 0.0, 0.0, 0.0, 0.0, 0.6976638723237485, 0.0, 0.0, 0.0, 0.0, 0.0, 0.0, 0.22898905203659364, 0.8925637124197464, 0.0, 0.0, 0.0, 0.0, 0.0, 0.0, 0.0, 0.0, 0.0, 0.052663561826580135, 0.0, 0.0, 0.0, 1.1074362875802535, 0.0, 0.0, 0.0, 0.0, 0.0, 0.0, 0.0, 0.0, 0.0, 0.0, 0.0, 0.0, 0.0, 0.0, 0.0, 0.0, 0.0, 0.0, 0.0, 0.0, 0.04270329403152095, 5.982074872413086, 0.0, 0.0, 0.0, 0.0, 0.0, 0.6726486388791162, 0.22115475004119037, 1.0, 0.11670182349832503, 0.0, 0.11963926124184947, 0.32735136112088375, 0.0, 1.0, 0.0, 0.0, 0.375, 0.0, 0.0, 0.0, 0.678053803272307, 0.0, 0.0, 0.0, 0.883298176501675, 0.3107786411633961, 0.25845800956372644, 0.0, 0.3219461967276929, 0.0, 1.0, 0.0, 0.7970755133611304, 0.0, 0.0, 0.0, 0.0, 0.0, 0.0, 0.0, 0.2029244866388696, 0.0, 0.0, 0.0, 1.0, 0.0, 0.0, 0.6892213588366038, 0.0, 1.0, 0.0, 0.0, 0.0, 0.0, 0.0, 0.0, 0.0, 1.0, 0.0, 0.7788452499588097, 0.0, 0.0, 0.0, 0.0, 0.0, 0.0, 1.0, 0.0, 0.0, 0.24690272919442413, 0.0, 0.0, 1.0]  :with objective: -623.5880990685412

  Local solver returns a feasible point with value -623.5881
disc:  333  :[0.0, 1.4182317782271168, 1.8182317782271167, 2.0]
disc:  334  :[0.0, 2.0494346496507316, 3.249434649650732, 6.0]
disc:  335  :[0.0, 0.1, 1.0]
disc:  336  :[0.0, 0.9, 1.0]
disc:  337  :[0.0, 0.5283808782688271, 0.928380878268827, 2.0]
disc:  338  :[0.0, 0.6710109479634063, 0.8710109479634063, 1.0]
disc:  339  :[0.0, 0.2, 2.0]
disc:  340  :[0.0, 0.2, 2.0]
disc:  341  :[0.0, 1.8, 2.0]
disc:  342  :[0.0, 0.9, 1.0]
disc:  343  :[0.0, 0.2, 2.0]
disc:  344  :[0.0, 1.204818626626205, 1.604818626626205, 2.0]
disc:  345  :[0.0, 0.8572967059684791, 1.0]
disc:  346  :[0.0, 0.33788466740531614, 0.9378846674053161, 3.0]
disc:  347  :[0.0, 1.8, 2.0]
disc:  348  :[0.0, 0.6, 6.0]
disc:  349  :[0.0, 0.2, 2.0]
disc:  350  :[0.0, 0.1, 1.0]
disc:  351  :[0.0, 0.39518137337379483, 0.7951813733737949, 2.0]
disc:  352  :[0.0, 0.6, 6.0]
disc:  353  :[0.0, 0.1, 1.0]
disc:  354  :[0.0, 1.8, 2.0]
disc:  355  :[0.0, 0.9, 1.0]
disc:  356  :[0.0, 0.31871798880952185, 2.0]
disc:  357  :[0.0, 0.1, 1.0]
disc:  358  :[0.0, 0.2, 2.0]
disc:  359  :[0.0, 4.006073248706103, 5.206073248706102, 6.0]
disc:  360  :[0.0, 2.7939267512938972, 3.9939267512938974, 6.0]
disc:  361  :[0.0, 0.2, 2.0]
disc:  362  :[0.0, 0.1, 1.0]
disc:  363  :[0.0, 1.8, 2.0]
disc:  364  :[0.0, 0.888077778016159, 1.0]
disc:  365  :[0.0, 0.3119222219838413, 3.0]
disc:  366  :[0.0, 1.8, 2.0]
disc:  367  :[0.0, 5.4, 6.0]
disc:  368  :[0.0, 0.2, 2.0]
disc:  369  :[0.0, 1.74733643817342, 2.0]
disc:  370  :[0.0, 0.9, 1.0]
disc:  371  :[0.0, 0.2, 2.0]
disc:  372  :[0.0, 0.2, 2.0]
disc:  373  :[0.0, 0.2, 2.0]
disc:  374  :[0.0, 0.6, 6.0]
disc:  375  :[0.0, 0.2, 2.0]
disc:  376  :[0.0, 0.2, 2.0]
disc:  377  :[0.0, 4.406002905603073, 5.606002905603073, 6.0]
disc:  378  :[0.0, 2.1126806829439526, 3.312680682943953, 6.0]
disc:  379  :[0.0, 1.8, 2.0]
disc:  380  :[0.0, 0.1, 1.0]
disc:  381  :[0.0, 0.3060029056030733, 3.0]
disc:  382  :[0.0, 0.6939970943969267, 1.2939970943969266, 3.0]
disc:  383  :[0.0, 1.8, 2.0]
disc:  384  :[0.0, 0.6, 6.0]
disc:  385  :[0.0, 0.2, 2.0]
disc:  502  :[0.0, 0.1, 1.0]
disc:  503  :[0.0, 0.1, 1.0]
disc:  504  :[0.0, 0.1, 1.0]
disc:  505  :[0.0, 0.5726486388791162, 0.7726486388791162, 1.0]
disc:  506  :[0.0, 0.12115475004119036, 0.3211547500411904, 1.0]
disc:  507  :[0.0, 0.9, 1.0]
disc:  508  :[0.0, 0.016701823498325025, 0.21670182349832504, 1.0]
disc:  509  :[0.0, 0.1, 1.0]
disc:  510  :[0.0, 0.019639261241849462, 0.21963926124184946, 1.0]
disc:  511  :[0.0, 0.22735136112088375, 0.4273513611208838, 1.0]
disc:  512  :[0.0, 0.1, 1.0]
disc:  513  :[0.0, 0.9, 1.0]
disc:  514  :[0.0, 0.1, 1.0]
disc:  515  :[0.0, 0.1, 1.0]
disc:  516  :[0.0, 0.275, 0.475, 1.0]
disc:  517  :[0.0, 0.1, 1.0]
disc:  518  :[0.0, 0.1, 1.0]
disc:  519  :[0.0, 0.1, 1.0]
disc:  520  :[0.0, 0.578053803272307, 0.778053803272307, 1.0]
disc:  521  :[0.0, 0.1, 1.0]
disc:  522  :[0.0, 0.1, 1.0]
disc:  523  :[0.0, 0.1, 1.0]
disc:  524  :[0.0, 0.783298176501675, 0.983298176501675, 1.0]
disc:  525  :[0.0, 0.2107786411633961, 0.41077864116339613, 1.0]
disc:  526  :[0.0, 0.15845800956372644, 0.3584580095637264, 1.0]
disc:  527  :[0.0, 0.1, 1.0]
disc:  528  :[0.0, 0.22194619672769292, 0.42194619672769296, 1.0]
disc:  529  :[0.0, 0.1, 1.0]
disc:  530  :[0.0, 0.9, 1.0]
disc:  531  :[0.0, 0.1, 1.0]
disc:  532  :[0.0, 0.6970755133611304, 0.8970755133611303, 1.0]
disc:  533  :[0.0, 0.1, 1.0]
disc:  534  :[0.0, 0.1, 1.0]
disc:  535  :[0.0, 0.1, 1.0]
disc:  536  :[0.0, 0.1, 1.0]
disc:  537  :[0.0, 0.1, 1.0]
disc:  538  :[0.0, 0.1, 1.0]
disc:  539  :[0.0, 0.1, 1.0]
disc:  540  :[0.0, 0.1029244866388696, 0.3029244866388696, 1.0]
disc:  541  :[0.0, 0.1, 1.0]
disc:  542  :[0.0, 0.1, 1.0]
disc:  543  :[0.0, 0.1, 1.0]
disc:  544  :[0.0, 0.9, 1.0]
disc:  545  :[0.0, 0.1, 1.0]
disc:  546  :[0.0, 0.1, 1.0]
disc:  547  :[0.0, 0.5892213588366039, 0.7892213588366038, 1.0]
disc:  548  :[0.0, 0.1, 1.0]
disc:  549  :[0.0, 0.9, 1.0]
disc:  550  :[0.0, 0.1, 1.0]
disc:  551  :[0.0, 0.1, 1.0]
disc:  552  :[0.0, 0.1, 1.0]
disc:  553  :[0.0, 0.1, 1.0]
disc:  554  :[0.0, 0.1, 1.0]
disc:  555  :[0.0, 0.1, 1.0]
disc:  556  :[0.0, 0.1, 1.0]
disc:  557  :[0.0, 0.9, 1.0]
disc:  558  :[0.0, 0.1, 1.0]
disc:  559  :[0.0, 0.6788452499588097, 0.8788452499588096, 1.0]
disc:  560  :[0.0, 0.1, 1.0]
disc:  561  :[0.0, 0.1, 1.0]
disc:  562  :[0.0, 0.1, 1.0]
disc:  563  :[0.0, 0.1, 1.0]
disc:  564  :[0.0, 0.1, 1.0]
disc:  565  :[0.0, 0.1, 1.0]
disc:  566  :[0.0, 0.9, 1.0]
disc:  567  :[0.0, 0.1, 1.0]
disc:  568  :[0.0, 0.1, 1.0]
disc:  569  :[0.0, 0.14690272919442413, 0.3469027291944241, 1.0]
disc:  570  :[0.0, 0.1, 1.0]
disc:  571  :[0.0, 0.1, 1.0]
disc:  572  :[0.0, 0.9, 1.0]
  Completed presolve in 6.64s
LOWER-BOUNDING ITERATIONS
====================================================================================================
| Iter   | Incumbent       | Best Incumbent      | Lower Bound        | Gap (%)         | Time      
| finish | -623.5881       | -623.5881           | -632.5973          | 1.445           | 18.77s           
Final UBD: -623.5880990685412
Final LBD: -632.5972654991239
====================================================================================================

*** Alpine ended with status OTHER_LIMIT ***

 Total time for local solves: 4.39s

 Total time for solving max-min problems: 0.0s

 Total time excluding max-min time: 18.77s

presolve objective value: -623.5880990685412
w_opt: 1-dimensional DenseAxisArray{Float64,1,...} with index sets:
    Dimension 1, [(25, 1, 2), (25, 1, 1), (25, 1, 14), (20, 1, 2), (20, 1, 1), (20, 1, 14), (1, 1, 2), (1, 1, 1), (1, 1, 14), (2, 1, 2)  …  (20, 15, 23), (20, 15, 3), (8, 15, 30), (8, 15, 29), (8, 15, 23), (8, 15, 3), (2, 15, 30), (2, 15, 29), (2, 15, 23), (2, 15, 3)]
And data, a 261-element Vector{Float64}:
 1.5941510267222607
 0.0
 0.0
 0.4058489732777392
 0.0
 0.0
 0.0
 0.0
 0.0
 0.0
 0.0
 0.0
 0.23340364699665006
 0.0
 0.0007005500301669717
 0.11600127346815806
 1.76659635300335
 0.0
 0.0053023555729063716
 0.8779958209287686
 0.0
 0.0
 0.0
 0.0
 0.0
 0.0
 0.0
 0.0
 0.0
 1.1071013212941203
 0.5999222183780354
 0.0
 0.0
 0.0
 0.0
 3.8989015843089523
 2.112758464565917
 0.0
 0.0
 0.0
 0.0
 0.0
 0.0
 0.0
 0.0
 0.0
 0.0
 0.0
 0.0
 0.0
 0.0
 0.0
 0.0
 0.0
 0.0
 0.0
 0.0
 0.0
 0.0
 1.94733643817342
 1.0
 0.0
 0.0
 0.0
 0.0
 0.0
 0.0
 0.0
 0.0
 0.0
 0.0
 0.23927852248369894
 0.7178355674510968
 0.0
 0.75
 2.25
 0.0
 0.5169160191274529
 1.5507480573823587
 0.0
 0.0
 0.0
 0.0
 0.0
 0.0
 0.0
 0.0
 0.0
 0.0
 0.0
 0.0
 0.0
 0.49380545838884826
 1.4814163751665448
 0.0
 0.0
 0.0
 0.0
 0.0
 0.0
 0.0
 2.0
 0.9880777780161589
 0.01192222198384131
 0.0
 0.0
 0.0
 0.0
 0.0
 0.0
 0.0
 0.0
 0.0
 0.0
 0.0
 0.0
 0.0
 0.0
 3.1231654844360035
 2.3012649417424527
 0.0
 0.0
 0.0
 1.4829077642700983
 1.0926618095514447
 0.0
 0.0
 0.0
 0.0
 0.0
 0.0
 0.0
 0.0
 0.0
 0.0
 0.0
 0.0
 0.0
 0.0
 0.0
 0.0
 0.0
 0.0
 0.0
 0.0
 0.0
 0.0
 0.0
 0.0
 0.0
 0.0
 0.11871798880952182
 0.0
 0.6215572823267922
 0.3107786411633961
 0.0
 0.0
 1.3784427176732077
 0.6892213588366038
 0.0
 0.0
 0.0
 0.0
 0.0
 0.0
 0.0
 0.0
 0.0
 0.0
 0.0
 0.0
 0.0
 0.0
 2.0
 0.0
 0.0
 0.0
 0.5951813733737948
 0.0
 0.0
 0.0
 0.0
 0.0
 0.0
 0.0
 0.0
 0.0
 0.0
 0.0
 0.0
 0.0
 0.0
 0.0
 0.0
 1.404818626626205
 0.957296705968479
 0.6378846674053161
 0.0
 0.0
 0.0
 0.0
 0.0
 0.0
 0.0
 0.0
 0.0
 1.3452972777582324
 0.6726486388791162
 0.0
 0.6547027222417675
 0.32735136112088375
 0.0
 0.0
 0.0
 0.0
 0.0
 0.0
 0.0
 0.0
 0.0
 0.0
 0.0
 0.0
 0.0
 0.0
 0.728380878268827
 0.7710109479634063
 0.0
 0.0
 0.0
 0.0
 0.0
 0.0
 0.0
 0.0
 0.0
 0.0
 0.0
 0.0
 0.0
 0.0
 0.0
 0.0
 0.0
 0.0
 0.0
 0.0
 0.0
 0.0
 0.0
 0.0
 0.0
 0.0
 0.0
 0.0
 0.0
 0.0
 1.618231778227117
 2.649434649650732
 0.0
 1.0
x_ij_opt: 1-dimensional DenseAxisArray{Float64,1,...} with index sets:
    Dimension 1, [(43, 30), (43, 22), (43, 6), (44, 22), (45, 30), (45, 29), (45, 28), (45, 24), (45, 23), (40, 29)  …  (5, 7), (5, 14), (6, 4), (6, 3), (1, 14), (1, 10), (1, 23), (1, 1), (3, 2), (3, 1)]
And data, a 116-element Vector{Float64}:
 0.0
 0.0
 1.604762102095853
 0.0
 0.3817682217728832
 0.0
 1.2716191217311732
 0.0
 0.0
 0.0
 0.0
 0.0
 0.0
 0.0
 0.0
 0.0
 0.0
 0.0
 0.3023361276762515
 0.0
 0.0
 0.0
 0.0
 0.0
 0.0
 0.0
 0.0
 2.0
 0.0
 0.0
 0.0
 0.0
 0.0
 0.0
 0.0
 0.0
 0.0
 0.0
 0.0
 0.0
 0.0
 0.0
 0.0
 0.39523789790414715
 0.0
 0.0
 0.0
 0.0
 0.0
 0.0
 0.0
 0.0
 0.0
 0.0
 0.0
 0.4048186266262055
 0.0
 1.393926751293898
 0.011922221983841167
 1.8812820111904782
 0.0
 0.0
 0.0
 0.0
 6.0
 0.0
 0.0
 0.0
 0.0
 0.6976638723237485
 0.0
 0.0
 0.0
 0.0
 0.0
 0.0
 0.22898905203659364
 0.8925637124197464
 0.0
 0.0
 0.0
 0.0
 0.0
 0.0
 0.0
 0.0
 0.0
 0.052663561826580135
 0.0
 0.0
 0.0
 1.1074362875802535
 0.0
 0.0
 0.0
 0.0
 0.0
 0.0
 0.0
 0.0
 0.0
 0.0
 0.0
 0.0
 0.0
 0.0
 0.0
 0.0
 0.0
 0.0
 0.0
 0.0
 0.04270329403152095
 5.982074872413086
 0.0
 0.0
x_il_opt: 1-dimensional DenseAxisArray{Float64,1,...} with index sets:
    Dimension 1, [(43, 15), (43, 14), (44, 15), (44, 13), (44, 3), (40, 14), (40, 2), (41, 14), (42, 6), (37, 13)  …  (4, 13), (5, 2), (5, 7), (5, 9), (6, 11), (1, 1), (1, 6), (1, 3), (2, 1), (2, 15)]
And data, a 71-element Vector{Float64}:
 0.0
 0.0
 0.0
 2.0179459166373483
 1.7070235396721556
 1.4993918262322334
 0.3501054704949751
 0.0
 0.9571140899347957
 0.9820540833626513
 0.0
 3.0
 0.0
 0.0
 3.0
 0.0
 0.0
 0.0
 5.424430426178456
 0.0
 0.0
 0.0
 2.649894529505025
 0.9323359234901882
 2.0676640765098115
 0.0
 2.575569573821543
 0.0
 2.5951813733737947
 0.0
 1.5941510267222607
 0.0
 0.0
 0.0
 0.0
 0.0
 0.0
 0.0
 0.4058489732777392
 0.0
 0.0
 0.0
 2.94733643817342
 0.0
 0.0
 2.0676640765098115
 0.0
 3.0
 0.0
 0.0
 0.0
 0.0
 0.0
 0.0
 0.0
 0.0
 0.0
 6.0116600488748695
 0.0
 0.0
 0.0
 0.0
 0.0
 0.0
 0.11871798880952182
 0.0
 0.0
 1.975221833555393
 0.0
 0.0
 5.267666427877849
x_lj_opt: 1-dimensional DenseAxisArray{Float64,1,...} with index sets:
    Dimension 1, [(15, 30), (15, 29), (15, 23), (15, 3), (14, 28), (14, 27), (14, 10), (14, 24), (13, 26), (13, 25)  …  (3, 6), (3, 5), (3, 29), (2, 4), (2, 3), (2, 1), (2, 5), (1, 2), (1, 1), (1, 14)]
And data, a 53-element Vector{Float64}:
 1.6182317782271167
 2.6494346496507317
 0.0
 1.0
 0.728380878268827
 0.7710109479634063
 0.0
 0.0
 2.0
 1.0
 0.0
 1.404818626626205
 0.957296705968479
 0.6378846674053161
 2.0
 0.0
 0.0
 0.0
 0.5951813733737948
 0.0
 0.0
 2.0
 1.0
 0.11871798880952182
 0.0
 0.0
 4.606073248706102
 3.3939267512938973
 0.0
 0.0
 2.0
 0.9880777780161589
 0.01192222198384131
 2.0
 6.0
 0.0
 1.94733643817342
 1.0
 0.0
 0.0
 0.0
 0.0
 0.0
 0.0
 5.006002905603073
 2.7126806829439527
 2.0
 0.0
 0.006002905603073343
 0.9939970943969266
 2.0
 0.0
 0.0
q_opt: 1-dimensional DenseAxisArray{Float64,1,...} with index sets:
    Dimension 1, [(43, 15), (43, 14), (44, 15), (44, 13), (44, 3), (40, 14), (40, 2), (41, 14), (42, 6), (37, 13)  …  (4, 13), (5, 2), (5, 7), (5, 9), (6, 11), (1, 1), (1, 6), (1, 3), (2, 1), (2, 15)]
And data, a 71-element Vector{Float64}:
 0.0
 0.0
 0.0
 0.6726486388791162
 0.22115475004119037
 1.0
 0.11670182349832503
 0.0
 0.11963926124184947
 0.32735136112088375
 0.0
 1.0
 0.0
 0.0
 0.375
 0.0
 0.0
 0.0
 0.678053803272307
 0.0
 0.0
 0.0
 0.883298176501675
 0.3107786411633961
 0.25845800956372644
 0.0
 0.3219461967276929
 0.0
 1.0
 0.0
 0.7970755133611304
 0.0
 0.0
 0.0
 0.0
 0.0
 0.0
 0.0
 0.2029244866388696
 0.0
 0.0
 0.0
 1.0
 0.0
 0.0
 0.6892213588366038
 0.0
 1.0
 0.0
 0.0
 0.0
 0.0
 0.0
 0.0
 0.0
 1.0
 0.0
 0.7788452499588097
 0.0
 0.0
 0.0
 0.0
 0.0
 0.0
 1.0
 0.0
 0.0
 0.24690272919442413
 0.0
 0.0
 1.0
