
PROBLEM STATISTICS
  Objective sense = Min
  # Variables = 572
  # Bin-Int Variables = 0
  # Constraints = 621
  # NL Constraints = 261
  # Linear Constraints = 360
  # Detected convex constraints = 0
  # Detected nonlinear terms = 261
  # Variables involved in nonlinear terms = 124
  # Potential variables for partitioning = 124
SUB-SOLVERS USED BY ALPINE
  NLP local solver = Knitro
  MIP solver = Gurobi
ALPINE CONFIGURATION
  Maximum iterations (lower-bounding MIPs) =  1
  Relative global optimality gap = 0.01%
  Potential variables chosen for partitioning = All
  Discretization ratio = 10
  Bound-tightening presolve = false
PRESOLVE 
  Doing local search

Feasible solution found during presolve: [1.4720618315589624, 0.0, 0.0, 0.5279381684410375, 0.0, 0.0, 0.0, 0.0, 0.0, 0.0, 0.0, 0.0, 0.0, 0.0, 0.0, 0.0, 1.9078643165817204, 0.0, 0.5611728043021929, 0.5309628791160866, 0.0, 0.0, 0.0, 0.0, 0.0, 0.0, 0.0, 0.0, 0.0, 0.9810577376157237, 0.4540142371119427, 0.0, 0.0, 0.0, 0.0, 4.48797938326819, 2.0769486420041434, 0.0, 0.0, 0.0, 0.0, 0.0, 0.0, 0.0, 0.0, 0.0, 0.0, 0.0, 0.0, 1.022886400151104, 1.170390352735671, 0.09213568341827968, 0.0, 0.0, 0.0, 0.0, 0.0, 0.0, 0.0, 2.0, 1.0, 0.0, 0.0, 0.0, 0.0, 0.0, 0.0, 0.0, 0.0, 0.0, 0.0, 0.7438867904161256, 2.231660371248379, 0.0, 0.06477697887182364, 0.19433093661546838, 0.0, 0.5066249768442307, 1.5198749305326922, 0.0, 0.0, 0.0, 0.0, 0.0, 0.0, 0.0, 0.0, 0.0, 0.0, 0.0, 0.0, 0.0, 0.6847112538678201, 2.0541337616034605, 0.0, 0.0, 0.0, 0.0, 0.0, 0.0, 0.0, 1.8349968166623423, 0.8242904164929988, 0.34071276684465857, 0.0, 0.0, 0.0, 0.0, 0.0, 0.0, 0.0, 0.0, 0.0, 0.0, 0.0, 0.0, 0.0, 0.0, 4.154479903596196, 2.996439593226318, 0.0, 0.0, 0.0, 0.49329151146976796, 0.35578899170771777, 0.0, 0.0, 0.0, 0.0, 0.0, 0.0, 0.0, 0.0, 0.0, 0.0, 0.0, 0.0, 0.0, 0.0, 0.0, 0.0, 0.0, 0.0, 0.0, 0.0, 0.0, 0.0, 0.0, 0.0, 0.0, 0.0, 0.14220603859491887, 0.0, 0.6490000617487183, 0.3245000308743591, 0.0, 0.0, 1.3509999382512818, 0.6754999691256409, 0.0, 0.0, 0.0, 0.0, 0.0, 0.0, 0.0, 0.0, 0.0, 0.0, 0.0, 0.0, 0.0, 0.0, 2.0, 0.0, 0.0, 0.0, 0.6887827690321986, 0.0, 0.0, 0.0, 0.0, 0.0, 0.0, 0.0, 0.0, 0.0, 0.0, 0.0, 0.0, 0.0, 0.0, 0.0, 0.0, 1.3112172309678014, 0.9606377326609936, 0.7281450363712053, 0.0, 0.0, 0.0, 0.0, 0.0, 0.0, 0.0, 0.0, 0.0, 1.4161469969268479, 0.708073498463424, 0.0, 0.5838530030731522, 0.2919265015365761, 0.0, 0.0, 0.0, 0.0, 0.0, 0.0, 0.0, 0.0, 0.0, 0.0, 0.0, 0.0, 0.0, 0.0, 0.27756812471432696, 0.591636582444266, 0.0, 0.0, 0.0, 0.0, 0.0, 0.0, 0.0, 0.0, 0.0, 0.0, 0.0, 0.0, 0.0, 0.0, 0.0, 0.0, 0.0, 0.0, 0.0, 0.0, 0.0, 0.0, 0.5585699543654459, 0.0, 0.0, 0.27928497718272294, 0.0, 0.0, 0.0, 0.0, 1.4414300456345541, 0.0, 0.0, 0.7207150228172771, 0.0, 0.0, 0.0, 2.1242204953902717, 1.4350719747276663, 0.869204707158593, 0.0, 0.0, 2.9755471616645046, 0.8757795046097284, 0.0, 3.0, 0.0, 0.0, 0.259107915487292, 0.0, 0.0, 0.0, 7.150919496822515, 0.0, 0.0, 0.0, 3.0, 0.9735000926230774, 2.0264999073769228, 0.0, 0.8490805031774857, 0.0, 2.6887827690321986, 0.0, 1.4720618315589624, 0.0, 0.0, 0.0, 0.0, 0.0, 0.0, 0.0, 0.5279381684410375, 0.8378549315481688, 0.0, 0.0, 3.0, 0.0, 0.0, 2.0264999073769228, 0.0, 3.0, 0.0, 0.0, 0.0, 0.0, 0.0, 0.0, 2.2854124363050548, 0.0, 0.0, 6.564928025272334, 0.0, 0.0, 0.0, 0.0, 0.0, 0.0, 0.14220603859491887, 0.0, 0.0, 2.7388450154712807, 0.0, 0.0, 2.162145068451831, 2.0, 0.0, 0.0, 1.0, 0.27756812471432696, 0.591636582444266, 0.0, 0.0, 2.0, 1.0, 0.0, 1.3112172309678014, 0.9606377326609936, 0.7281450363712053, 2.0, 0.0, 0.0, 0.0, 0.6887827690321986, 0.0, 0.0, 2.0, 1.0, 0.14220603859491887, 0.0, 0.0, 4.647771415065964, 3.3522285849340356, 0.0, 0.0, 1.8349968166623427, 0.8242904164929988, 0.34071276684465857, 2.0, 6.0, 0.0, 2.0, 1.0, 0.0, 0.0, 1.022886400151104, 1.170390352735671, 0.09213568341827968, 0.0, 5.469037120883914, 2.5309628791160863, 1.9078643165817204, 0.0, 0.5611728043021929, 0.5309628791160866, 2.0, 0.0, 0.0, 0.0, 0.0, 1.150919496822515, 0.0, 0.0, 0.0, 1.722431875285673, 0.0, 0.0, 0.0, 0.0, 0.0, 0.0, 0.0, 0.0, 0.0, 0.0, 0.0, 0.2770923220371502, 0.0, 0.0, 0.0, 0.0, 0.0, 0.0, 0.0, 0.0, 2.0, 0.0, 2.740892084512708, 0.0, 0.0, 0.0, 0.0, 0.0, 0.0, 0.0, 0.0, 0.0, 0.0, 0.0, 0.0, 0.0, 0.849080503177485, 0.0, 0.0, 0.0, 0.0, 0.0, 0.0, 0.0, 0.0, 0.0, 0.0, 0.0, 0.3112172309678014, 0.0, 1.3522285849340363, 0.17570958350700122, 1.8577939614050811, 0.0, 0.0, 0.0, 0.0, 6.0, 0.0, 0.0, 0.0, 0.0, 0.7229076779628498, 0.0, 0.0, 0.0, 0.0, 0.0, 0.0, 0.408363417555734, 0.9771135998488959, 0.0, 0.0, 0.0, 0.0, 0.0, 0.0, 0.0, 0.0, 0.0, 0.0, 0.0, 0.0, 0.0, 0.0, 1.1661638313624916, 0.0, 0.0, 0.0, 0.0, 0.0, 0.0, 0.0, 0.0, 0.0, 0.0, 0.0, 0.0, 0.04132489500109417, 0.0, 0.0, 0.0, 0.0, 0.1236782883365632, 0.0, 0.039362267339006454, 5.098114428853149, 0.0, 0.0, 0.0, 0.0, 0.0, 0.7080734984634239, 0.1793839968409583, 1.0, 0.0, 0.0, 0.3719433952080631, 0.2919265015365761, 0.0, 1.0, 0.0, 0.0, 0.0323884894359114, 0.0, 0.0, 0.0, 0.8938649371028143, 0.0, 0.0, 0.0, 1.0, 0.32450003087435914, 0.25331248842211534, 0.0, 0.10613506289718572, 0.0, 1.0, 0.0, 0.7360309157794812, 0.0, 0.0, 0.0, 0.0, 0.0, 0.0, 0.0, 0.26396908422051873, 0.27928497718272294, 0.0, 0.0, 1.0, 0.0, 0.0, 0.6754999691256409, 0.0, 1.0, 0.0, 0.0, 0.0, 0.0, 0.0, 0.0, 1.0, 0.0, 0.0, 0.8206160031590417, 0.0, 0.0, 0.0, 0.0, 0.0, 0.0, 1.0, 0.0, 0.0, 0.34235562693391003, 0.0, 0.0, 0.7207150228172771]  :with objective: -614.6205135865289

  Local solver returns a feasible point with value -614.6205
disc:  333  :[0.0, 1.8, 2.0]
disc:  334  :[0.0, 0.6, 6.0]
disc:  335  :[0.0, 0.1, 1.0]
disc:  336  :[0.0, 0.9, 1.0]
disc:  337  :[0.0, 0.07756812471432695, 0.47756812471432697, 2.0]
disc:  338  :[0.0, 0.491636582444266, 0.691636582444266, 1.0]
disc:  339  :[0.0, 0.2, 2.0]
disc:  340  :[0.0, 0.2, 2.0]
disc:  341  :[0.0, 1.8, 2.0]
disc:  342  :[0.0, 0.9, 1.0]
disc:  343  :[0.0, 0.2, 2.0]
disc:  344  :[0.0, 1.1112172309678015, 1.5112172309678014, 2.0]
disc:  345  :[0.0, 0.8606377326609936, 1.0]
disc:  346  :[0.0, 0.4281450363712053, 1.0281450363712052, 3.0]
disc:  347  :[0.0, 1.8, 2.0]
disc:  348  :[0.0, 0.6, 6.0]
disc:  349  :[0.0, 0.2, 2.0]
disc:  350  :[0.0, 0.1, 1.0]
disc:  351  :[0.0, 0.4887827690321986, 0.8887827690321985, 2.0]
disc:  352  :[0.0, 0.6, 6.0]
disc:  353  :[0.0, 0.1, 1.0]
disc:  354  :[0.0, 1.8, 2.0]
disc:  355  :[0.0, 0.9, 1.0]
disc:  356  :[0.0, 0.3422060385949189, 2.0]
disc:  357  :[0.0, 0.1, 1.0]
disc:  358  :[0.0, 0.2, 2.0]
disc:  359  :[0.0, 4.047771415065965, 5.247771415065964, 6.0]
disc:  360  :[0.0, 2.7522285849340355, 3.9522285849340357, 6.0]
disc:  361  :[0.0, 0.2, 2.0]
disc:  362  :[0.0, 0.1, 1.0]
disc:  363  :[0.0, 1.6349968166623428, 2.0]
disc:  364  :[0.0, 0.7242904164929989, 0.9242904164929988, 1.0]
disc:  365  :[0.0, 0.04071276684465858, 0.6407127668446586, 3.0]
disc:  366  :[0.0, 1.8, 2.0]
disc:  367  :[0.0, 5.4, 6.0]
disc:  368  :[0.0, 0.2, 2.0]
disc:  369  :[0.0, 1.8, 2.0]
disc:  370  :[0.0, 0.9, 1.0]
disc:  371  :[0.0, 0.2, 2.0]
disc:  372  :[0.0, 0.2, 2.0]
disc:  373  :[0.0, 0.822886400151104, 1.222886400151104, 2.0]
disc:  374  :[0.0, 0.570390352735671, 1.7703903527356708, 6.0]
disc:  375  :[0.0, 0.29213568341827967, 2.0]
disc:  376  :[0.0, 0.2, 2.0]
disc:  377  :[0.0, 4.869037120883914, 6.0]
disc:  378  :[0.0, 1.9309628791160862, 3.1309628791160864, 6.0]
disc:  379  :[0.0, 1.7078643165817204, 2.0]
disc:  380  :[0.0, 0.1, 1.0]
disc:  381  :[0.0, 0.26117280430219286, 0.8611728043021929, 3.0]
disc:  382  :[0.0, 0.23096287911608665, 0.8309628791160866, 3.0]
disc:  383  :[0.0, 1.8, 2.0]
disc:  384  :[0.0, 0.6, 6.0]
disc:  385  :[0.0, 0.2, 2.0]
disc:  502  :[0.0, 0.1, 1.0]
disc:  503  :[0.0, 0.1, 1.0]
disc:  504  :[0.0, 0.1, 1.0]
disc:  505  :[0.0, 0.608073498463424, 0.8080734984634239, 1.0]
disc:  506  :[0.0, 0.07938399684095829, 0.27938399684095827, 1.0]
disc:  507  :[0.0, 0.9, 1.0]
disc:  508  :[0.0, 0.1, 1.0]
disc:  509  :[0.0, 0.1, 1.0]
disc:  510  :[0.0, 0.2719433952080631, 0.47194339520806305, 1.0]
disc:  511  :[0.0, 0.19192650153657612, 0.39192650153657616, 1.0]
disc:  512  :[0.0, 0.1, 1.0]
disc:  513  :[0.0, 0.9, 1.0]
disc:  514  :[0.0, 0.1, 1.0]
disc:  515  :[0.0, 0.1, 1.0]
disc:  516  :[0.0, 0.13238848943591142, 1.0]
disc:  517  :[0.0, 0.1, 1.0]
disc:  518  :[0.0, 0.1, 1.0]
disc:  519  :[0.0, 0.1, 1.0]
disc:  520  :[0.0, 0.7938649371028144, 0.9938649371028143, 1.0]
disc:  521  :[0.0, 0.1, 1.0]
disc:  522  :[0.0, 0.1, 1.0]
disc:  523  :[0.0, 0.1, 1.0]
disc:  524  :[0.0, 0.9, 1.0]
disc:  525  :[0.0, 0.22450003087435913, 0.42450003087435917, 1.0]
disc:  526  :[0.0, 0.15331248842211534, 0.3533124884221154, 1.0]
disc:  527  :[0.0, 0.1, 1.0]
disc:  528  :[0.0, 0.006135062897185711, 0.20613506289718572, 1.0]
disc:  529  :[0.0, 0.1, 1.0]
disc:  530  :[0.0, 0.9, 1.0]
disc:  531  :[0.0, 0.1, 1.0]
disc:  532  :[0.0, 0.6360309157794812, 0.8360309157794812, 1.0]
disc:  533  :[0.0, 0.1, 1.0]
disc:  534  :[0.0, 0.1, 1.0]
disc:  535  :[0.0, 0.1, 1.0]
disc:  536  :[0.0, 0.1, 1.0]
disc:  537  :[0.0, 0.1, 1.0]
disc:  538  :[0.0, 0.1, 1.0]
disc:  539  :[0.0, 0.1, 1.0]
disc:  540  :[0.0, 0.16396908422051873, 0.36396908422051877, 1.0]
disc:  541  :[0.0, 0.17928497718272293, 0.3792849771827229, 1.0]
disc:  542  :[0.0, 0.1, 1.0]
disc:  543  :[0.0, 0.1, 1.0]
disc:  544  :[0.0, 0.9, 1.0]
disc:  545  :[0.0, 0.1, 1.0]
disc:  546  :[0.0, 0.1, 1.0]
disc:  547  :[0.0, 0.5754999691256409, 0.7754999691256409, 1.0]
disc:  548  :[0.0, 0.1, 1.0]
disc:  549  :[0.0, 0.9, 1.0]
disc:  550  :[0.0, 0.1, 1.0]
disc:  551  :[0.0, 0.1, 1.0]
disc:  552  :[0.0, 0.1, 1.0]
disc:  553  :[0.0, 0.1, 1.0]
disc:  554  :[0.0, 0.1, 1.0]
disc:  555  :[0.0, 0.1, 1.0]
disc:  556  :[0.0, 0.9, 1.0]
disc:  557  :[0.0, 0.1, 1.0]
disc:  558  :[0.0, 0.1, 1.0]
disc:  559  :[0.0, 0.7206160031590417, 0.9206160031590417, 1.0]
disc:  560  :[0.0, 0.1, 1.0]
disc:  561  :[0.0, 0.1, 1.0]
disc:  562  :[0.0, 0.1, 1.0]
disc:  563  :[0.0, 0.1, 1.0]
disc:  564  :[0.0, 0.1, 1.0]
disc:  565  :[0.0, 0.1, 1.0]
disc:  566  :[0.0, 0.9, 1.0]
disc:  567  :[0.0, 0.1, 1.0]
disc:  568  :[0.0, 0.1, 1.0]
disc:  569  :[0.0, 0.24235562693391002, 0.44235562693391006, 1.0]
disc:  570  :[0.0, 0.1, 1.0]
disc:  571  :[0.0, 0.1, 1.0]
disc:  572  :[0.0, 0.6207150228172771, 0.820715022817277, 1.0]
  Completed presolve in 8.75s
LOWER-BOUNDING ITERATIONS
====================================================================================================
| Iter   | Incumbent       | Best Incumbent      | Lower Bound        | Gap (%)         | Time      
| finish | -614.6205       | -614.6205           | -627.2905          | 2.061           | 17.71s           
Final UBD: -614.6205135865289
Final LBD: -627.2904790675163
====================================================================================================

*** Alpine ended with status OTHER_LIMIT ***

 Total time for local solves: 6.62s

 Total time for solving max-min problems: 0.0s

 Total time excluding max-min time: 17.71s

presolve objective value: -614.6205135865289
w_opt: 1-dimensional DenseAxisArray{Float64,1,...} with index sets:
    Dimension 1, [(25, 1, 2), (25, 1, 1), (25, 1, 14), (20, 1, 2), (20, 1, 1), (20, 1, 14), (1, 1, 2), (1, 1, 1), (1, 1, 14), (2, 1, 2)  …  (20, 15, 23), (20, 15, 3), (8, 15, 30), (8, 15, 29), (8, 15, 23), (8, 15, 3), (2, 15, 30), (2, 15, 29), (2, 15, 23), (2, 15, 3)]
And data, a 261-element Vector{Float64}:
 1.4720618315589624
 0.0
 0.0
 0.5279381684410375
 0.0
 0.0
 0.0
 0.0
 0.0
 0.0
 0.0
 0.0
 0.0
 0.0
 0.0
 0.0
 1.9078643165817204
 0.0
 0.5611728043021929
 0.5309628791160866
 0.0
 0.0
 0.0
 0.0
 0.0
 0.0
 0.0
 0.0
 0.0
 0.9810577376157237
 0.4540142371119427
 0.0
 0.0
 0.0
 0.0
 4.48797938326819
 2.0769486420041434
 0.0
 0.0
 0.0
 0.0
 0.0
 0.0
 0.0
 0.0
 0.0
 0.0
 0.0
 0.0
 1.022886400151104
 1.170390352735671
 0.09213568341827968
 0.0
 0.0
 0.0
 0.0
 0.0
 0.0
 0.0
 2.0
 1.0
 0.0
 0.0
 0.0
 0.0
 0.0
 0.0
 0.0
 0.0
 0.0
 0.0
 0.7438867904161256
 2.231660371248379
 0.0
 0.06477697887182364
 0.19433093661546838
 0.0
 0.5066249768442307
 1.5198749305326922
 0.0
 0.0
 0.0
 0.0
 0.0
 0.0
 0.0
 0.0
 0.0
 0.0
 0.0
 0.0
 0.0
 0.6847112538678201
 2.0541337616034605
 0.0
 0.0
 0.0
 0.0
 0.0
 0.0
 0.0
 1.8349968166623423
 0.8242904164929988
 0.34071276684465857
 0.0
 0.0
 0.0
 0.0
 0.0
 0.0
 0.0
 0.0
 0.0
 0.0
 0.0
 0.0
 0.0
 0.0
 4.154479903596196
 2.996439593226318
 0.0
 0.0
 0.0
 0.49329151146976796
 0.35578899170771777
 0.0
 0.0
 0.0
 0.0
 0.0
 0.0
 0.0
 0.0
 0.0
 0.0
 0.0
 0.0
 0.0
 0.0
 0.0
 0.0
 0.0
 0.0
 0.0
 0.0
 0.0
 0.0
 0.0
 0.0
 0.0
 0.0
 0.14220603859491887
 0.0
 0.6490000617487183
 0.3245000308743591
 0.0
 0.0
 1.3509999382512818
 0.6754999691256409
 0.0
 0.0
 0.0
 0.0
 0.0
 0.0
 0.0
 0.0
 0.0
 0.0
 0.0
 0.0
 0.0
 0.0
 2.0
 0.0
 0.0
 0.0
 0.6887827690321986
 0.0
 0.0
 0.0
 0.0
 0.0
 0.0
 0.0
 0.0
 0.0
 0.0
 0.0
 0.0
 0.0
 0.0
 0.0
 0.0
 1.3112172309678014
 0.9606377326609936
 0.7281450363712053
 0.0
 0.0
 0.0
 0.0
 0.0
 0.0
 0.0
 0.0
 0.0
 1.4161469969268479
 0.708073498463424
 0.0
 0.5838530030731522
 0.2919265015365761
 0.0
 0.0
 0.0
 0.0
 0.0
 0.0
 0.0
 0.0
 0.0
 0.0
 0.0
 0.0
 0.0
 0.0
 0.27756812471432696
 0.591636582444266
 0.0
 0.0
 0.0
 0.0
 0.0
 0.0
 0.0
 0.0
 0.0
 0.0
 0.0
 0.0
 0.0
 0.0
 0.0
 0.0
 0.0
 0.0
 0.0
 0.0
 0.0
 0.0
 0.5585699543654459
 0.0
 0.0
 0.27928497718272294
 0.0
 0.0
 0.0
 0.0
 1.4414300456345541
 0.0
 0.0
 0.7207150228172771
x_ij_opt: 1-dimensional DenseAxisArray{Float64,1,...} with index sets:
    Dimension 1, [(43, 30), (43, 22), (43, 6), (44, 22), (45, 30), (45, 29), (45, 28), (45, 24), (45, 23), (40, 29)  …  (5, 7), (5, 14), (6, 4), (6, 3), (1, 14), (1, 10), (1, 23), (1, 1), (3, 2), (3, 1)]
And data, a 116-element Vector{Float64}:
 0.0
 0.0
 1.150919496822515
 0.0
 0.0
 0.0
 1.722431875285673
 0.0
 0.0
 0.0
 0.0
 0.0
 0.0
 0.0
 0.0
 0.0
 0.0
 0.0
 0.2770923220371502
 0.0
 0.0
 0.0
 0.0
 0.0
 0.0
 0.0
 0.0
 2.0
 0.0
 2.740892084512708
 0.0
 0.0
 0.0
 0.0
 0.0
 0.0
 0.0
 0.0
 0.0
 0.0
 0.0
 0.0
 0.0
 0.849080503177485
 0.0
 0.0
 0.0
 0.0
 0.0
 0.0
 0.0
 0.0
 0.0
 0.0
 0.0
 0.3112172309678014
 0.0
 1.3522285849340363
 0.17570958350700122
 1.8577939614050811
 0.0
 0.0
 0.0
 0.0
 6.0
 0.0
 0.0
 0.0
 0.0
 0.7229076779628498
 0.0
 0.0
 0.0
 0.0
 0.0
 0.0
 0.408363417555734
 0.9771135998488959
 0.0
 0.0
 0.0
 0.0
 0.0
 0.0
 0.0
 0.0
 0.0
 0.0
 0.0
 0.0
 0.0
 0.0
 1.1661638313624916
 0.0
 0.0
 0.0
 0.0
 0.0
 0.0
 0.0
 0.0
 0.0
 0.0
 0.0
 0.0
 0.04132489500109417
 0.0
 0.0
 0.0
 0.0
 0.1236782883365632
 0.0
 0.039362267339006454
 5.098114428853149
 0.0
 0.0
x_il_opt: 1-dimensional DenseAxisArray{Float64,1,...} with index sets:
    Dimension 1, [(43, 15), (43, 14), (44, 15), (44, 13), (44, 3), (40, 14), (40, 2), (41, 14), (42, 6), (37, 13)  …  (4, 13), (5, 2), (5, 7), (5, 9), (6, 11), (1, 1), (1, 6), (1, 3), (2, 1), (2, 15)]
And data, a 71-element Vector{Float64}:
 0.0
 0.0
 0.0
 2.1242204953902717
 1.4350719747276663
 0.869204707158593
 0.0
 0.0
 2.9755471616645046
 0.8757795046097284
 0.0
 3.0
 0.0
 0.0
 0.259107915487292
 0.0
 0.0
 0.0
 7.150919496822515
 0.0
 0.0
 0.0
 3.0
 0.9735000926230774
 2.0264999073769228
 0.0
 0.8490805031774857
 0.0
 2.6887827690321986
 0.0
 1.4720618315589624
 0.0
 0.0
 0.0
 0.0
 0.0
 0.0
 0.0
 0.5279381684410375
 0.8378549315481688
 0.0
 0.0
 3.0
 0.0
 0.0
 2.0264999073769228
 0.0
 3.0
 0.0
 0.0
 0.0
 0.0
 0.0
 0.0
 2.2854124363050548
 0.0
 0.0
 6.564928025272334
 0.0
 0.0
 0.0
 0.0
 0.0
 0.0
 0.14220603859491887
 0.0
 0.0
 2.7388450154712807
 0.0
 0.0
 2.162145068451831
x_lj_opt: 1-dimensional DenseAxisArray{Float64,1,...} with index sets:
    Dimension 1, [(15, 30), (15, 29), (15, 23), (15, 3), (14, 28), (14, 27), (14, 10), (14, 24), (13, 26), (13, 25)  …  (3, 6), (3, 5), (3, 29), (2, 4), (2, 3), (2, 1), (2, 5), (1, 2), (1, 1), (1, 14)]
And data, a 53-element Vector{Float64}:
 2.0
 0.0
 0.0
 1.0
 0.27756812471432696
 0.591636582444266
 0.0
 0.0
 2.0
 1.0
 0.0
 1.3112172309678014
 0.9606377326609936
 0.7281450363712053
 2.0
 0.0
 0.0
 0.0
 0.6887827690321986
 0.0
 0.0
 2.0
 1.0
 0.14220603859491887
 0.0
 0.0
 4.647771415065964
 3.3522285849340356
 0.0
 0.0
 1.8349968166623427
 0.8242904164929988
 0.34071276684465857
 2.0
 6.0
 0.0
 2.0
 1.0
 0.0
 0.0
 1.022886400151104
 1.170390352735671
 0.09213568341827968
 0.0
 5.469037120883914
 2.5309628791160863
 1.9078643165817204
 0.0
 0.5611728043021929
 0.5309628791160866
 2.0
 0.0
 0.0
q_opt: 1-dimensional DenseAxisArray{Float64,1,...} with index sets:
    Dimension 1, [(43, 15), (43, 14), (44, 15), (44, 13), (44, 3), (40, 14), (40, 2), (41, 14), (42, 6), (37, 13)  …  (4, 13), (5, 2), (5, 7), (5, 9), (6, 11), (1, 1), (1, 6), (1, 3), (2, 1), (2, 15)]
And data, a 71-element Vector{Float64}:
 0.0
 0.0
 0.0
 0.7080734984634239
 0.1793839968409583
 1.0
 0.0
 0.0
 0.3719433952080631
 0.2919265015365761
 0.0
 1.0
 0.0
 0.0
 0.0323884894359114
 0.0
 0.0
 0.0
 0.8938649371028143
 0.0
 0.0
 0.0
 1.0
 0.32450003087435914
 0.25331248842211534
 0.0
 0.10613506289718572
 0.0
 1.0
 0.0
 0.7360309157794812
 0.0
 0.0
 0.0
 0.0
 0.0
 0.0
 0.0
 0.26396908422051873
 0.27928497718272294
 0.0
 0.0
 1.0
 0.0
 0.0
 0.6754999691256409
 0.0
 1.0
 0.0
 0.0
 0.0
 0.0
 0.0
 0.0
 1.0
 0.0
 0.0
 0.8206160031590417
 0.0
 0.0
 0.0
 0.0
 0.0
 0.0
 1.0
 0.0
 0.0
 0.34235562693391003
 0.0
 0.0
 0.7207150228172771
