
PROBLEM STATISTICS
  Objective sense = Min
  # Variables = 572
  # Bin-Int Variables = 0
  # Constraints = 621
  # NL Constraints = 261
  # Linear Constraints = 360
  # Detected convex constraints = 0
  # Detected nonlinear terms = 261
  # Variables involved in nonlinear terms = 124
  # Potential variables for partitioning = 124
SUB-SOLVERS USED BY ALPINE
  NLP local solver = Knitro
  MIP solver = Gurobi
ALPINE CONFIGURATION
  Maximum iterations (lower-bounding MIPs) =  1
  Relative global optimality gap = 0.01%
  Potential variables chosen for partitioning = All
  Discretization ratio = 10
  Bound-tightening presolve = false
PRESOLVE 
  Doing local search

Feasible solution found during presolve: [1.602785255120208, 0.5232076796822553, 0.0, 0.3972147448797921, 0.1296654086005728, 0.0, 0.0, 0.0, 0.0, 0.0, 0.0, 0.0, 0.0, 0.0, 0.0, 0.0, 2.0, 0.0, 0.0, 1.0, 0.0, 0.0, 0.0, 0.0, 0.0, 0.0, 0.0, 0.0, 0.0, 1.2297104507598475, 0.5454764477315199, 0.0, 0.0, 0.0, 0.0, 3.7702895492401525, 1.6724295942740013, 0.0, 0.0, 0.0, 0.0, 0.0, 0.0, 0.0, 0.0, 0.0, 0.0, 0.0, 0.0, 0.958501698810446, 0.23272226456893644, 0.0, 0.0, 0.0, 0.0, 0.0, 0.0, 0.0, 0.0, 1.9476811914178984, 1.0, 0.0, 0.0, 0.0, 0.0, 0.0, 0.0, 0.0, 0.0, 0.0, 0.0, 0.75, 2.25, 0.0, 0.0, 0.0, 0.0, 0.530109056286436, 1.5903271688593081, 0.0, 0.0, 0.0, 0.0, 0.0, 0.0, 0.0, 0.0, 0.0, 0.0, 0.0, 0.0, 0.0, 0.7198909437135641, 2.1596728311406923, 0.0, 0.0, 0.0, 0.0, 0.0, 0.0, 0.0, 1.844261175886588, 0.8779541335642427, 0.27778469054916927, 0.0, 0.0, 0.0, 0.0, 0.0, 0.0, 0.0, 0.0, 0.0, 0.0, 0.0, 0.0, 0.0, 0.0, 4.294659676991225, 3.075499017057306, 0.0, 0.0, 0.0, 0.3670143577447713, 0.262826948206697, 0.0, 0.0, 0.0, 0.0, 0.0, 0.0, 0.0, 0.0, 0.0, 0.0, 0.0, 0.0, 0.0, 0.0, 0.0, 0.0, 0.0, 0.0, 0.0, 0.0, 0.0, 0.0, 0.0, 0.0, 0.0, 0.0, 0.0, 0.0, 0.5863758499028372, 0.2931879249514186, 0.0, 0.0, 1.413624150097163, 0.7068120750485815, 0.0, 0.0, 0.0, 0.0, 0.0, 0.0, 0.0, 0.0, 0.0, 0.0, 0.0, 0.0, 0.0, 0.0, 2.0, 0.0, 0.0, 0.0, 0.6367754351050602, 0.0, 0.0, 0.0, 0.0, 0.0, 0.0, 0.0, 0.0, 0.0, 0.0, 0.0, 0.0, 0.0, 0.0, 0.0, 0.0, 1.3632245648949397, 0.9489059960222582, 0.6878694390828022, 0.0, 0.0, 0.0, 0.0, 0.0, 0.0, 0.0, 0.0, 0.0, 1.502470370734945, 0.7512351853674725, 0.0, 0.4975296292650551, 0.24876481463252756, 0.0, 0.0, 0.0, 0.0, 0.0, 0.0, 0.0, 0.0, 0.0, 0.0, 0.011857158160168291, 0.04467342915008509, 0.0, 0.0, 0.15583758240024434, 0.5871389334810941, 0.0, 0.0, 0.0, 0.0, 0.0, 0.0, 0.0, 0.0, 0.0, 0.0, 0.0, 0.0, 0.0, 0.0, 0.0, 0.0, 0.0, 0.0, 0.0, 0.0, 0.0, 0.0, 0.6537715479985604, 0.030800654794153327, 0.0, 0.3268857739992802, 0.0, 0.0, 0.0, 0.0, 1.3462284520014396, 0.0634238641175236, 0.0, 0.6731142260007198, 0.0, 0.05653058731025338, 0.0, 2.2537055561024175, 1.7751868984913675, 0.7429765158813385, 0.0, 0.0, 3.0, 0.7462944438975827, 0.0, 3.0, 0.0, 0.0, 0.0, 0.0, 0.0, 0.0, 7.370158694048531, 0.0, 0.0, 0.0, 3.0, 0.8795637748542557, 2.120436225145744, 0.0, 0.6298413059514683, 0.0, 2.63677543510506, 0.0, 2.125992934802463, 0.0, 0.0, 0.0, 0.0, 0.0, 0.0, 0.0, 0.5268801534803649, 1.0114579767919938, 0.0, 0.0, 2.9476811914178986, 0.0, 0.0, 2.1204362251457445, 0.0, 3.0, 0.0, 0.0, 0.0, 0.0, 0.0, 0.0, 1.1912239633793824, 0.0, 0.0, 5.442719143514154, 0.0, 0.0, 0.0, 0.0, 0.0, 0.0, 0.0, 0.0, 0.0, 2.8795637748542564, 0.0, 0.0, 2.082766542119683, 2.0, 0.09422451891167692, 0.0, 1.0, 0.16769474056041264, 0.6318123626311792, 0.0, 0.0, 2.0, 1.0, 0.0, 1.3632245648949397, 0.9489059960222582, 0.6878694390828021, 2.0, 0.0, 0.0, 0.0, 0.6367754351050602, 0.0, 0.0, 2.0, 1.0, 0.0, 0.0, 0.0, 4.661674034735997, 3.338325965264003, 0.0, 0.0, 1.844261175886588, 0.8779541335642427, 0.27778469054916927, 2.0, 6.0, 0.0, 1.9476811914178984, 1.0, 0.0, 0.0, 0.958501698810446, 0.23272226456893644, 0.0, 0.0, 5.0, 2.217906042005521, 2.0, 0.0, 0.0, 1.0000000000000002, 2.0, 0.6528730882828282, 0.0, 0.0, 0.0, 1.3701586940485304, 0.0, 0.0, 0.0, 1.8323052594395874, 0.0, 0.0, 0.0, 0.0, 0.0, 0.0, 0.0, 0.0, 0.0, 0.0, 0.0, 0.23111514147726891, 0.0, 0.0, 0.0, 0.0, 0.0, 0.0, 0.0, 0.0, 2.0, 0.0, 3.0, 0.0, 0.0, 0.0, 0.0, 0.0, 0.0, 0.0, 0.0, 0.0, 0.0, 0.0, 0.0, 0.0, 0.6298413059514695, 0.0, 0.0, 0.0, 0.0, 0.0, 0.0, 0.0, 0.0, 0.0, 0.0, 0.0, 0.3632245648949399, 0.0, 0.7519611987617799, 0.1220458664357574, 2.0, 0.0, 0.0, 0.0, 0.0, 6.0, 0.0, 0.5863647665022235, 0.0, 0.0, 0.7688848585227311, 0.0, 0.0, 0.0, 0.0, 0.0, 0.0, 0.36818763736882065, 1.041498301189554, 0.0, 0.0, 0.0, 0.0, 0.0, 0.0, 0.0, 0.0, 0.0, 0.05231880858210165, 0.0, 0.0, 0.0, 0.0, 2.065727205272121, 0.0, 0.0, 0.0, 0.0, 0.0, 0.0, 0.0, 0.0, 0.0, 0.0, 0.0, 0.0, 0.1557388241134123, 0.0, 0.0, 0.0, 0.0, 0.0, 0.0, 0.05109400397774178, 5.069342221168003, 0.0, 0.0, 0.0, 0.07070679808170076, 0.0, 0.7512351853674725, 0.24594209015196952, 0.9292932019182992, 0.0, 0.0, 0.375, 0.24876481463252756, 0.0, 1.0, 0.0, 0.0, 0.0, 0.0, 0.0, 0.0, 0.9212698367560663, 0.0, 0.0, 0.0, 1.0, 0.2931879249514186, 0.265054528143218, 0.0, 0.07873016324393353, 0.0, 1.0, 1.0, 0.801392627560104, 0.0, 0.0, 0.0, 0.0, 0.0, 0.0, 0.0, 0.19860737243989604, 0.3268857739992802, 0.0, 0.0, 1.0, 0.0, 0.0, 0.7068120750485815, 0.0, 1.0, 0.0, 0.0, 0.0, 0.0, 0.0, 0.0, 1.0, 0.0, 0.0, 0.7540579098480304, 0.0, 0.0, 0.0, 0.0, 0.0, 0.0, 0.0, 0.0, 0.0, 0.35994547185678205, 0.0, 0.0, 0.6731142260007198]  :with objective: -621.691745992606

  Local solver returns a feasible point with value -621.6917
disc:  333  :[0.0, 1.8, 2.0]
disc:  334  :[0.0, 0.6942245189116769, 6.0]
disc:  335  :[0.0, 0.1, 1.0]
disc:  336  :[0.0, 0.9, 1.0]
disc:  337  :[0.0, 0.3676947405604126, 2.0]
disc:  338  :[0.0, 0.5318123626311793, 0.7318123626311792, 1.0]
disc:  339  :[0.0, 0.2, 2.0]
disc:  340  :[0.0, 0.2, 2.0]
disc:  341  :[0.0, 1.8, 2.0]
disc:  342  :[0.0, 0.9, 1.0]
disc:  343  :[0.0, 0.2, 2.0]
disc:  344  :[0.0, 1.1632245648949397, 1.5632245648949397, 2.0]
disc:  345  :[0.0, 0.8489059960222582, 1.0]
disc:  346  :[0.0, 0.3878694390828021, 0.987869439082802, 3.0]
disc:  347  :[0.0, 1.8, 2.0]
disc:  348  :[0.0, 0.6, 6.0]
disc:  349  :[0.0, 0.2, 2.0]
disc:  350  :[0.0, 0.1, 1.0]
disc:  351  :[0.0, 0.4367754351050602, 0.8367754351050603, 2.0]
disc:  352  :[0.0, 0.6, 6.0]
disc:  353  :[0.0, 0.1, 1.0]
disc:  354  :[0.0, 1.8, 2.0]
disc:  355  :[0.0, 0.9, 1.0]
disc:  356  :[0.0, 0.2, 2.0]
disc:  357  :[0.0, 0.1, 1.0]
disc:  358  :[0.0, 0.2, 2.0]
disc:  359  :[0.0, 4.061674034735997, 5.2616740347359965, 6.0]
disc:  360  :[0.0, 2.738325965264003, 3.9383259652640032, 6.0]
disc:  361  :[0.0, 0.2, 2.0]
disc:  362  :[0.0, 0.1, 1.0]
disc:  363  :[0.0, 1.644261175886588, 2.0]
disc:  364  :[0.0, 0.7779541335642427, 0.9779541335642427, 1.0]
disc:  365  :[0.0, 0.5777846905491693, 3.0]
disc:  366  :[0.0, 1.8, 2.0]
disc:  367  :[0.0, 5.4, 6.0]
disc:  368  :[0.0, 0.2, 2.0]
disc:  369  :[0.0, 1.7476811914178985, 2.0]
disc:  370  :[0.0, 0.9, 1.0]
disc:  371  :[0.0, 0.2, 2.0]
disc:  372  :[0.0, 0.2, 2.0]
disc:  373  :[0.0, 0.758501698810446, 1.158501698810446, 2.0]
disc:  374  :[0.0, 0.8327222645689364, 6.0]
disc:  375  :[0.0, 0.2, 2.0]
disc:  376  :[0.0, 0.2, 2.0]
disc:  377  :[0.0, 4.4, 5.6, 6.0]
disc:  378  :[0.0, 1.617906042005521, 2.817906042005521, 6.0]
disc:  379  :[0.0, 1.8, 2.0]
disc:  380  :[0.0, 0.1, 1.0]
disc:  381  :[0.0, 0.3, 3.0]
disc:  382  :[0.0, 0.7000000000000002, 1.3000000000000003, 3.0]
disc:  383  :[0.0, 1.8, 2.0]
disc:  384  :[0.0, 0.05287308828282822, 1.2528730882828283, 6.0]
disc:  385  :[0.0, 0.2, 2.0]
disc:  502  :[0.0, 0.1, 1.0]
disc:  503  :[0.0, 0.17070679808170075, 1.0]
disc:  504  :[0.0, 0.1, 1.0]
disc:  505  :[0.0, 0.6512351853674725, 0.8512351853674724, 1.0]
disc:  506  :[0.0, 0.14594209015196952, 0.34594209015196953, 1.0]
disc:  507  :[0.0, 0.8292932019182992, 1.0]
disc:  508  :[0.0, 0.1, 1.0]
disc:  509  :[0.0, 0.1, 1.0]
disc:  510  :[0.0, 0.275, 0.475, 1.0]
disc:  511  :[0.0, 0.14876481463252755, 0.34876481463252756, 1.0]
disc:  512  :[0.0, 0.1, 1.0]
disc:  513  :[0.0, 0.9, 1.0]
disc:  514  :[0.0, 0.1, 1.0]
disc:  515  :[0.0, 0.1, 1.0]
disc:  516  :[0.0, 0.1, 1.0]
disc:  517  :[0.0, 0.1, 1.0]
disc:  518  :[0.0, 0.1, 1.0]
disc:  519  :[0.0, 0.1, 1.0]
disc:  520  :[0.0, 0.8212698367560664, 1.0]
disc:  521  :[0.0, 0.1, 1.0]
disc:  522  :[0.0, 0.1, 1.0]
disc:  523  :[0.0, 0.1, 1.0]
disc:  524  :[0.0, 0.9, 1.0]
disc:  525  :[0.0, 0.1931879249514186, 0.39318792495141863, 1.0]
disc:  526  :[0.0, 0.165054528143218, 0.36505452814321804, 1.0]
disc:  527  :[0.0, 0.1, 1.0]
disc:  528  :[0.0, 0.17873016324393354, 1.0]
disc:  529  :[0.0, 0.1, 1.0]
disc:  530  :[0.0, 0.9, 1.0]
disc:  531  :[0.0, 0.9, 1.0]
disc:  532  :[0.0, 0.701392627560104, 0.901392627560104, 1.0]
disc:  533  :[0.0, 0.1, 1.0]
disc:  534  :[0.0, 0.1, 1.0]
disc:  535  :[0.0, 0.1, 1.0]
disc:  536  :[0.0, 0.1, 1.0]
disc:  537  :[0.0, 0.1, 1.0]
disc:  538  :[0.0, 0.1, 1.0]
disc:  539  :[0.0, 0.1, 1.0]
disc:  540  :[0.0, 0.09860737243989603, 0.29860737243989605, 1.0]
disc:  541  :[0.0, 0.2268857739992802, 0.4268857739992802, 1.0]
disc:  542  :[0.0, 0.1, 1.0]
disc:  543  :[0.0, 0.1, 1.0]
disc:  544  :[0.0, 0.9, 1.0]
disc:  545  :[0.0, 0.1, 1.0]
disc:  546  :[0.0, 0.1, 1.0]
disc:  547  :[0.0, 0.6068120750485815, 0.8068120750485814, 1.0]
disc:  548  :[0.0, 0.1, 1.0]
disc:  549  :[0.0, 0.9, 1.0]
disc:  550  :[0.0, 0.1, 1.0]
disc:  551  :[0.0, 0.1, 1.0]
disc:  552  :[0.0, 0.1, 1.0]
disc:  553  :[0.0, 0.1, 1.0]
disc:  554  :[0.0, 0.1, 1.0]
disc:  555  :[0.0, 0.1, 1.0]
disc:  556  :[0.0, 0.9, 1.0]
disc:  557  :[0.0, 0.1, 1.0]
disc:  558  :[0.0, 0.1, 1.0]
disc:  559  :[0.0, 0.6540579098480305, 0.8540579098480304, 1.0]
disc:  560  :[0.0, 0.1, 1.0]
disc:  561  :[0.0, 0.1, 1.0]
disc:  562  :[0.0, 0.1, 1.0]
disc:  563  :[0.0, 0.1, 1.0]
disc:  564  :[0.0, 0.1, 1.0]
disc:  565  :[0.0, 0.1, 1.0]
disc:  566  :[0.0, 0.1, 1.0]
disc:  567  :[0.0, 0.1, 1.0]
disc:  568  :[0.0, 0.1, 1.0]
disc:  569  :[0.0, 0.2599454718567821, 0.45994547185678203, 1.0]
disc:  570  :[0.0, 0.1, 1.0]
disc:  571  :[0.0, 0.1, 1.0]
disc:  572  :[0.0, 0.5731142260007198, 0.7731142260007198, 1.0]
  Completed presolve in 7.92s
LOWER-BOUNDING ITERATIONS
====================================================================================================
| Iter   | Incumbent       | Best Incumbent      | Lower Bound        | Gap (%)         | Time      
| finish | -621.6917       | -621.6917           | -627.8702          | 0.994           | 28.27s           
Final UBD: -621.691745992606
Final LBD: -627.8701756566388
====================================================================================================

*** Alpine ended with status OTHER_LIMIT ***

 Total time for local solves: 5.44s

 Total time for solving max-min problems: 0.0s

 Total time excluding max-min time: 28.27s

presolve objective value: -621.691745992606
w_opt: 1-dimensional DenseAxisArray{Float64,1,...} with index sets:
    Dimension 1, [(25, 1, 2), (25, 1, 1), (25, 1, 14), (20, 1, 2), (20, 1, 1), (20, 1, 14), (1, 1, 2), (1, 1, 1), (1, 1, 14), (2, 1, 2)  …  (20, 15, 23), (20, 15, 3), (8, 15, 30), (8, 15, 29), (8, 15, 23), (8, 15, 3), (2, 15, 30), (2, 15, 29), (2, 15, 23), (2, 15, 3)]
And data, a 261-element Vector{Float64}:
 1.602785255120208
 0.5232076796822553
 0.0
 0.3972147448797921
 0.1296654086005728
 0.0
 0.0
 0.0
 0.0
 0.0
 0.0
 0.0
 0.0
 0.0
 0.0
 0.0
 2.0
 0.0
 0.0
 1.0
 0.0
 0.0
 0.0
 0.0
 0.0
 0.0
 0.0
 0.0
 0.0
 1.2297104507598475
 0.5454764477315199
 0.0
 0.0
 0.0
 0.0
 3.7702895492401525
 1.6724295942740013
 0.0
 0.0
 0.0
 0.0
 0.0
 0.0
 0.0
 0.0
 0.0
 0.0
 0.0
 0.0
 0.958501698810446
 0.23272226456893644
 0.0
 0.0
 0.0
 0.0
 0.0
 0.0
 0.0
 0.0
 1.9476811914178984
 1.0
 0.0
 0.0
 0.0
 0.0
 0.0
 0.0
 0.0
 0.0
 0.0
 0.0
 0.75
 2.25
 0.0
 0.0
 0.0
 0.0
 0.530109056286436
 1.5903271688593081
 0.0
 0.0
 0.0
 0.0
 0.0
 0.0
 0.0
 0.0
 0.0
 0.0
 0.0
 0.0
 0.0
 0.7198909437135641
 2.1596728311406923
 0.0
 0.0
 0.0
 0.0
 0.0
 0.0
 0.0
 1.844261175886588
 0.8779541335642427
 0.27778469054916927
 0.0
 0.0
 0.0
 0.0
 0.0
 0.0
 0.0
 0.0
 0.0
 0.0
 0.0
 0.0
 0.0
 0.0
 4.294659676991225
 3.075499017057306
 0.0
 0.0
 0.0
 0.3670143577447713
 0.262826948206697
 0.0
 0.0
 0.0
 0.0
 0.0
 0.0
 0.0
 0.0
 0.0
 0.0
 0.0
 0.0
 0.0
 0.0
 0.0
 0.0
 0.0
 0.0
 0.0
 0.0
 0.0
 0.0
 0.0
 0.0
 0.0
 0.0
 0.0
 0.0
 0.5863758499028372
 0.2931879249514186
 0.0
 0.0
 1.413624150097163
 0.7068120750485815
 0.0
 0.0
 0.0
 0.0
 0.0
 0.0
 0.0
 0.0
 0.0
 0.0
 0.0
 0.0
 0.0
 0.0
 2.0
 0.0
 0.0
 0.0
 0.6367754351050602
 0.0
 0.0
 0.0
 0.0
 0.0
 0.0
 0.0
 0.0
 0.0
 0.0
 0.0
 0.0
 0.0
 0.0
 0.0
 0.0
 1.3632245648949397
 0.9489059960222582
 0.6878694390828022
 0.0
 0.0
 0.0
 0.0
 0.0
 0.0
 0.0
 0.0
 0.0
 1.502470370734945
 0.7512351853674725
 0.0
 0.4975296292650551
 0.24876481463252756
 0.0
 0.0
 0.0
 0.0
 0.0
 0.0
 0.0
 0.0
 0.0
 0.0
 0.011857158160168291
 0.04467342915008509
 0.0
 0.0
 0.15583758240024434
 0.5871389334810941
 0.0
 0.0
 0.0
 0.0
 0.0
 0.0
 0.0
 0.0
 0.0
 0.0
 0.0
 0.0
 0.0
 0.0
 0.0
 0.0
 0.0
 0.0
 0.0
 0.0
 0.0
 0.0
 0.6537715479985604
 0.030800654794153327
 0.0
 0.3268857739992802
 0.0
 0.0
 0.0
 0.0
 1.3462284520014396
 0.0634238641175236
 0.0
 0.6731142260007198
x_ij_opt: 1-dimensional DenseAxisArray{Float64,1,...} with index sets:
    Dimension 1, [(43, 30), (43, 22), (43, 6), (44, 22), (45, 30), (45, 29), (45, 28), (45, 24), (45, 23), (40, 29)  …  (5, 7), (5, 14), (6, 4), (6, 3), (1, 14), (1, 10), (1, 23), (1, 1), (3, 2), (3, 1)]
And data, a 116-element Vector{Float64}:
 0.0
 0.0
 1.3701586940485304
 0.0
 0.0
 0.0
 1.8323052594395874
 0.0
 0.0
 0.0
 0.0
 0.0
 0.0
 0.0
 0.0
 0.0
 0.0
 0.0
 0.23111514147726891
 0.0
 0.0
 0.0
 0.0
 0.0
 0.0
 0.0
 0.0
 2.0
 0.0
 3.0
 0.0
 0.0
 0.0
 0.0
 0.0
 0.0
 0.0
 0.0
 0.0
 0.0
 0.0
 0.0
 0.0
 0.6298413059514695
 0.0
 0.0
 0.0
 0.0
 0.0
 0.0
 0.0
 0.0
 0.0
 0.0
 0.0
 0.3632245648949399
 0.0
 0.7519611987617799
 0.1220458664357574
 2.0
 0.0
 0.0
 0.0
 0.0
 6.0
 0.0
 0.5863647665022235
 0.0
 0.0
 0.7688848585227311
 0.0
 0.0
 0.0
 0.0
 0.0
 0.0
 0.36818763736882065
 1.041498301189554
 0.0
 0.0
 0.0
 0.0
 0.0
 0.0
 0.0
 0.0
 0.0
 0.05231880858210165
 0.0
 0.0
 0.0
 0.0
 2.065727205272121
 0.0
 0.0
 0.0
 0.0
 0.0
 0.0
 0.0
 0.0
 0.0
 0.0
 0.0
 0.0
 0.1557388241134123
 0.0
 0.0
 0.0
 0.0
 0.0
 0.0
 0.05109400397774178
 5.069342221168003
 0.0
 0.0
x_il_opt: 1-dimensional DenseAxisArray{Float64,1,...} with index sets:
    Dimension 1, [(43, 15), (43, 14), (44, 15), (44, 13), (44, 3), (40, 14), (40, 2), (41, 14), (42, 6), (37, 13)  …  (4, 13), (5, 2), (5, 7), (5, 9), (6, 11), (1, 1), (1, 6), (1, 3), (2, 1), (2, 15)]
And data, a 71-element Vector{Float64}:
 0.0
 0.05653058731025338
 0.0
 2.2537055561024175
 1.7751868984913675
 0.7429765158813385
 0.0
 0.0
 3.0
 0.7462944438975827
 0.0
 3.0
 0.0
 0.0
 0.0
 0.0
 0.0
 0.0
 7.370158694048531
 0.0
 0.0
 0.0
 3.0
 0.8795637748542557
 2.120436225145744
 0.0
 0.6298413059514683
 0.0
 2.63677543510506
 0.0
 2.125992934802463
 0.0
 0.0
 0.0
 0.0
 0.0
 0.0
 0.0
 0.5268801534803649
 1.0114579767919938
 0.0
 0.0
 2.9476811914178986
 0.0
 0.0
 2.1204362251457445
 0.0
 3.0
 0.0
 0.0
 0.0
 0.0
 0.0
 0.0
 1.1912239633793824
 0.0
 0.0
 5.442719143514154
 0.0
 0.0
 0.0
 0.0
 0.0
 0.0
 0.0
 0.0
 0.0
 2.8795637748542564
 0.0
 0.0
 2.082766542119683
x_lj_opt: 1-dimensional DenseAxisArray{Float64,1,...} with index sets:
    Dimension 1, [(15, 30), (15, 29), (15, 23), (15, 3), (14, 28), (14, 27), (14, 10), (14, 24), (13, 26), (13, 25)  …  (3, 6), (3, 5), (3, 29), (2, 4), (2, 3), (2, 1), (2, 5), (1, 2), (1, 1), (1, 14)]
And data, a 53-element Vector{Float64}:
 2.0
 0.09422451891167692
 0.0
 1.0
 0.16769474056041264
 0.6318123626311792
 0.0
 0.0
 2.0
 1.0
 0.0
 1.3632245648949397
 0.9489059960222582
 0.6878694390828021
 2.0
 0.0
 0.0
 0.0
 0.6367754351050602
 0.0
 0.0
 2.0
 1.0
 0.0
 0.0
 0.0
 4.661674034735997
 3.338325965264003
 0.0
 0.0
 1.844261175886588
 0.8779541335642427
 0.27778469054916927
 2.0
 6.0
 0.0
 1.9476811914178984
 1.0
 0.0
 0.0
 0.958501698810446
 0.23272226456893644
 0.0
 0.0
 5.0
 2.217906042005521
 2.0
 0.0
 0.0
 1.0000000000000002
 2.0
 0.6528730882828282
 0.0
q_opt: 1-dimensional DenseAxisArray{Float64,1,...} with index sets:
    Dimension 1, [(43, 15), (43, 14), (44, 15), (44, 13), (44, 3), (40, 14), (40, 2), (41, 14), (42, 6), (37, 13)  …  (4, 13), (5, 2), (5, 7), (5, 9), (6, 11), (1, 1), (1, 6), (1, 3), (2, 1), (2, 15)]
And data, a 71-element Vector{Float64}:
 0.0
 0.07070679808170076
 0.0
 0.7512351853674725
 0.24594209015196952
 0.9292932019182992
 0.0
 0.0
 0.375
 0.24876481463252756
 0.0
 1.0
 0.0
 0.0
 0.0
 0.0
 0.0
 0.0
 0.9212698367560663
 0.0
 0.0
 0.0
 1.0
 0.2931879249514186
 0.265054528143218
 0.0
 0.07873016324393353
 0.0
 1.0
 1.0
 0.801392627560104
 0.0
 0.0
 0.0
 0.0
 0.0
 0.0
 0.0
 0.19860737243989604
 0.3268857739992802
 0.0
 0.0
 1.0
 0.0
 0.0
 0.7068120750485815
 0.0
 1.0
 0.0
 0.0
 0.0
 0.0
 0.0
 0.0
 1.0
 0.0
 0.0
 0.7540579098480304
 0.0
 0.0
 0.0
 0.0
 0.0
 0.0
 0.0
 0.0
 0.0
 0.35994547185678205
 0.0
 0.0
 0.6731142260007198
