
PROBLEM STATISTICS
  Objective sense = Min
  # Variables = 572
  # Bin-Int Variables = 0
  # Constraints = 621
  # NL Constraints = 261
  # Linear Constraints = 360
  # Detected convex constraints = 0
  # Detected nonlinear terms = 261
  # Variables involved in nonlinear terms = 124
  # Potential variables for partitioning = 124
SUB-SOLVERS USED BY ALPINE
  NLP local solver = Knitro
  MIP solver = Gurobi
ALPINE CONFIGURATION
  Maximum iterations (lower-bounding MIPs) =  1
  Relative global optimality gap = 0.01%
  Potential variables chosen for partitioning = All
  Discretization ratio = 10
  Bound-tightening presolve = false
PRESOLVE 
  Doing local search

Feasible solution found during presolve: [1.0536635135809964, 1.7963640497514295, 0.0, 0.8332685665101716, 1.4206183258444158, 0.0, 0.0, 0.0, 0.0, 0.0, 0.0, 0.0, 0.0, 0.0, 0.0, 0.0, 1.5525348903816043, 0.0, 0.0, 1.447465109618396, 0.0, 0.0, 0.0, 0.0, 0.0, 0.0, 0.0, 0.0, 0.0, 1.9890272065220047, 0.8774050901987291, 0.0, 0.0, 0.0, 0.0, 0.9052778547938994, 0.39933862907247564, 0.0, 0.0, 0.0, 0.0, 1.6582298290657003, 0.7314828515019195, 0.0, 0.0, 0.0, 0.0, 0.0, 0.0, 0.0, 0.0, 0.0, 0.0, 0.0, 0.0, 0.0, 0.0, 0.0, 0.0, 2.0, 1.0, 0.0, 0.0, 0.0, 0.0, 0.0, 0.0, 0.0, 0.0, 0.0, 0.0, 0.0, 0.0, 0.0, 0.75, 2.25, 0.0, 0.5275957241388245, 1.5827871724164735, 0.0, 0.0, 0.0, 0.0, 0.0, 0.0, 0.0, 0.0, 0.0, 0.0, 0.0, 0.0, 0.0, 0.7224042758611754, 2.1672128275835263, 0.0, 0.0, 0.0, 0.0, 0.0, 0.0, 0.0, 1.99811048992242, 0.8500275633324258, 0.15186194674515413, 0.0, 0.0, 0.0, 0.0, 0.0, 0.0, 0.0, 0.0, 0.0, 0.0, 0.0, 0.0, 0.0, 0.0, 5.2499599928580745, 1.749986664286025, 0.0, 0.0, 0.0, 0.7500400071419253, 0.2500133357139751, 0.0, 0.0, 0.0, 0.0, 0.0, 0.0, 0.0, 0.0, 0.0, 0.0, 0.0, 0.0, 0.0, 0.0, 0.0, 0.0, 0.0, 0.0, 0.0, 0.0, 0.0, 0.0, 0.0, 0.0, 0.0, 0.0, 0.08415493187254104, 0.0, 0.5930780689631349, 0.29653903448156743, 0.0, 0.0, 1.4069219310368652, 0.7034609655184326, 0.0, 0.0, 0.0, 0.0, 0.0, 0.0, 0.0, 0.0, 0.0, 0.0, 0.0, 0.0, 0.0, 0.0, 2.0, 0.0, 0.0, 0.0, 0.3930442222447107, 0.0, 0.0, 0.0, 0.0, 0.0, 0.0, 0.0, 0.0, 0.0, 0.0, 0.0, 0.0, 0.0, 0.0, 0.0, 0.0, 1.2925957295818742, 0.9123749717489013, 0.7950292986692243, 0.0, 0.0, 0.0, 0.0, 0.0, 0.0, 0.0, 0.0, 0.0, 1.442925711289894, 0.6398885512656867, 0.08157430437926003, 0.5570742887101059, 0.24704352882548095, 0.03149361552957188, 0.0, 0.0, 0.0, 0.0, 0.0, 0.0, 0.0, 0.0, 0.0, 0.0, 0.0, 0.0, 0.0, 0.3296709028992973, 0.5023622366803415, 0.0, 0.0, 0.0, 0.0, 0.0, 0.0, 0.0, 0.0, 0.0, 0.0, 0.0, 0.0, 0.0, 0.0, 0.0, 0.0, 0.0, 0.0, 0.0, 0.0, 0.0, 0.0, 0.0, 0.0, 0.0, 0.0, 0.0, 0.0, 0.0, 0.0, 0.9333815622975352, 3.1967441305576516, 0.0, 0.9057033694200316, 0.0, 0.0, 0.0, 2.164388566934841, 2.866432296720734, 0.8320331395796388, 0.0, 0.0, 0.0, 0.8356114330651587, 0.0, 3.0, 0.0, 0.0, 3.0, 0.0, 0.0, 0.0, 6.9999466571441, 0.0, 0.0, 0.0, 3.0, 0.8896171034447022, 2.110382896555298, 0.0, 1.0000533428559004, 0.0, 2.393044222244711, 0.0, 2.850027563332426, 0.0, 0.0, 0.0, 0.0, 0.0, 0.0, 0.0, 2.2538868923545876, 0.0, 0.0, 0.0, 3.0, 0.0, 0.0, 2.110382896555298, 0.0, 3.0, 0.0, 0.0, 0.0, 0.0, 0.0, 0.0, 0.0, 0.0, 0.0, 1.3046164838663752, 0.0, 0.0, 0.0, 0.0, 0.0, 0.0, 0.08415493187254104, 0.0, 0.0, 2.8896171034447016, 2.38971268056762, 0.0, 5.0358290622752175, 0.9333815622975352, 3.1967441305576516, 0.0, 0.9057033694200316, 0.3296709028992973, 0.5023622366803415, 0.0, 0.0, 2.0, 0.8869320800911676, 0.11306791990883193, 1.2925957295818742, 0.9123749717489013, 0.7950292986692243, 2.0, 0.0, 0.0, 0.0, 0.3930442222447107, 0.0, 0.0, 2.0, 1.0, 0.08415493187254104, 0.0, 0.0, 6.0, 2.0, 0.0, 0.0, 1.99811048992242, 0.8500275633324258, 0.15186194674515413, 2.0, 6.0, 0.0, 2.0, 1.0, 0.0, 0.0, 0.0, 0.0, 0.0, 0.0, 4.5525348903816045, 2.008226570773124, 1.5525348903816043, 0.0, 0.0, 1.447465109618396, 1.886932080091168, 3.2169823755958453, 0.0, 0.0, 0.0, 1.4359862578779392, 0.0, 1.0666184377024648, 0.0, 1.6703290971007028, 0.0, 0.0, 0.0, 0.0, 0.0, 0.0, 0.0, 0.0, 0.0, 0.0, 0.0, 0.2538868923545875, 0.0, 0.0, 0.0, 0.0, 0.0, 0.0, 0.0, 0.0, 2.0, 0.0, 0.0, 0.0, 0.0, 0.0, 0.0, 0.0, 0.0, 0.0, 0.0, 0.0, 0.0, 0.0, 0.0, 0.0, 0.5640137421220607, 0.0, 0.0, 0.0, 0.0, 0.0, 0.0, 0.0, 0.0, 0.0, 0.0, 0.0, 0.6069557777552891, 0.0, 0.0, 0.14997243666757415, 1.915845068127459, 0.0, 0.0, 0.0, 0.3143600481734153, 6.0, 0.0, 0.0, 0.0, 0.0, 0.7461131076454125, 0.0, 0.0, 0.0, 0.0, 0.0, 0.0, 0.4976377633196584, 0.981082388060538, 0.0, 0.0, 0.0, 0.0, 0.0, 0.0, 0.0, 0.0, 0.0, 0.0, 0.0, 0.0, 0.44746510961839575, 1.0189176119394618, 0.0, 0.0, 0.0, 0.0, 0.0, 0.1130679199088324, 0.0, 0.09429663057996837, 0.0, 0.0, 0.0, 0.0, 0.0, 0.0, 0.0, 0.0, 0.0, 0.0, 0.0018895100775800481, 0.0, 0.08762502825109884, 2.6311556776590006, 0.0, 0.0, 0.0, 0.0, 0.0, 0.721462855644947, 0.4369054283854768, 1.0, 0.0, 0.0, 0.0, 0.27853714435505295, 0.0, 1.0, 0.0, 0.0, 0.375, 0.0, 0.0, 0.0, 0.8749933321430124, 0.0, 0.0, 0.0, 1.0, 0.29653903448156743, 0.26379786206941225, 0.0, 0.12500666785698755, 0.0, 1.0, 0.0, 0.5584003392056847, 0.0, 0.0, 0.0, 0.0, 0.0, 0.0, 0.0, 0.4415996607943153, 0.0, 0.0, 0.0, 1.0, 0.0, 0.0, 0.7034609655184326, 0.0, 1.0, 0.0, 0.0, 0.0, 0.0, 0.0, 0.0, 0.0, 1.0, 0.0, 0.19885138205234423, 0.0, 0.0, 0.0, 0.0, 0.0, 0.0, 1.0, 0.0, 0.0, 0.3612021379305877, 0.36424318956217894, 0.0, 1.0]  :with objective: -611.947010726844

  Local solver returns a feasible point with value -611.947
disc:  333  :[0.0, 0.7333815622975353, 1.1333815622975352, 2.0]
disc:  334  :[0.0, 2.5967441305576515, 3.7967441305576517, 6.0]
disc:  335  :[0.0, 0.1, 1.0]
disc:  336  :[0.0, 0.8057033694200316, 1.0]
disc:  337  :[0.0, 0.12967090289929728, 0.5296709028992973, 2.0]
disc:  338  :[0.0, 0.40236223668034155, 0.6023622366803415, 1.0]
disc:  339  :[0.0, 0.2, 2.0]
disc:  340  :[0.0, 0.2, 2.0]
disc:  341  :[0.0, 1.8, 2.0]
disc:  342  :[0.0, 0.7869320800911677, 0.9869320800911676, 1.0]
disc:  343  :[0.0, 0.3130679199088319, 2.0]
disc:  344  :[0.0, 1.0925957295818742, 1.4925957295818741, 2.0]
disc:  345  :[0.0, 0.8123749717489013, 1.0]
disc:  346  :[0.0, 0.49502929866922435, 1.0950292986692243, 3.0]
disc:  347  :[0.0, 1.8, 2.0]
disc:  348  :[0.0, 0.6, 6.0]
disc:  349  :[0.0, 0.2, 2.0]
disc:  350  :[0.0, 0.1, 1.0]
disc:  351  :[0.0, 0.19304422224471068, 0.5930442222447108, 2.0]
disc:  352  :[0.0, 0.6, 6.0]
disc:  353  :[0.0, 0.1, 1.0]
disc:  354  :[0.0, 1.8, 2.0]
disc:  355  :[0.0, 0.9, 1.0]
disc:  356  :[0.0, 0.28415493187254104, 2.0]
disc:  357  :[0.0, 0.1, 1.0]
disc:  358  :[0.0, 0.2, 2.0]
disc:  359  :[0.0, 5.4, 6.0]
disc:  360  :[0.0, 1.4, 2.6, 6.0]
disc:  361  :[0.0, 0.2, 2.0]
disc:  362  :[0.0, 0.1, 1.0]
disc:  363  :[0.0, 1.79811048992242, 2.0]
disc:  364  :[0.0, 0.7500275633324258, 0.9500275633324258, 1.0]
disc:  365  :[0.0, 0.4518619467451541, 3.0]
disc:  366  :[0.0, 1.8, 2.0]
disc:  367  :[0.0, 5.4, 6.0]
disc:  368  :[0.0, 0.2, 2.0]
disc:  369  :[0.0, 1.8, 2.0]
disc:  370  :[0.0, 0.9, 1.0]
disc:  371  :[0.0, 0.2, 2.0]
disc:  372  :[0.0, 0.2, 2.0]
disc:  373  :[0.0, 0.2, 2.0]
disc:  374  :[0.0, 0.6, 6.0]
disc:  375  :[0.0, 0.2, 2.0]
disc:  376  :[0.0, 0.2, 2.0]
disc:  377  :[0.0, 3.9525348903816044, 5.152534890381604, 6.0]
disc:  378  :[0.0, 1.4082265707731239, 2.608226570773124, 6.0]
disc:  379  :[0.0, 1.3525348903816043, 1.7525348903816043, 2.0]
disc:  380  :[0.0, 0.1, 1.0]
disc:  381  :[0.0, 0.3, 3.0]
disc:  382  :[0.0, 1.1474651096183959, 1.747465109618396, 3.0]
disc:  383  :[0.0, 1.686932080091168, 2.0]
disc:  384  :[0.0, 2.6169823755958452, 3.8169823755958454, 6.0]
disc:  385  :[0.0, 0.2, 2.0]
disc:  502  :[0.0, 0.1, 1.0]
disc:  503  :[0.0, 0.1, 1.0]
disc:  504  :[0.0, 0.1, 1.0]
disc:  505  :[0.0, 0.6214628556449471, 0.821462855644947, 1.0]
disc:  506  :[0.0, 0.33690542838547677, 0.5369054283854768, 1.0]
disc:  507  :[0.0, 0.9, 1.0]
disc:  508  :[0.0, 0.1, 1.0]
disc:  509  :[0.0, 0.1, 1.0]
disc:  510  :[0.0, 0.1, 1.0]
disc:  511  :[0.0, 0.17853714435505294, 0.3785371443550529, 1.0]
disc:  512  :[0.0, 0.1, 1.0]
disc:  513  :[0.0, 0.9, 1.0]
disc:  514  :[0.0, 0.1, 1.0]
disc:  515  :[0.0, 0.1, 1.0]
disc:  516  :[0.0, 0.275, 0.475, 1.0]
disc:  517  :[0.0, 0.1, 1.0]
disc:  518  :[0.0, 0.1, 1.0]
disc:  519  :[0.0, 0.1, 1.0]
disc:  520  :[0.0, 0.7749933321430125, 0.9749933321430124, 1.0]
disc:  521  :[0.0, 0.1, 1.0]
disc:  522  :[0.0, 0.1, 1.0]
disc:  523  :[0.0, 0.1, 1.0]
disc:  524  :[0.0, 0.9, 1.0]
disc:  525  :[0.0, 0.19653903448156743, 0.39653903448156747, 1.0]
disc:  526  :[0.0, 0.16379786206941224, 0.3637978620694122, 1.0]
disc:  527  :[0.0, 0.1, 1.0]
disc:  528  :[0.0, 0.025006667856987547, 0.22500666785698756, 1.0]
disc:  529  :[0.0, 0.1, 1.0]
disc:  530  :[0.0, 0.9, 1.0]
disc:  531  :[0.0, 0.1, 1.0]
disc:  532  :[0.0, 0.4584003392056847, 0.6584003392056846, 1.0]
disc:  533  :[0.0, 0.1, 1.0]
disc:  534  :[0.0, 0.1, 1.0]
disc:  535  :[0.0, 0.1, 1.0]
disc:  536  :[0.0, 0.1, 1.0]
disc:  537  :[0.0, 0.1, 1.0]
disc:  538  :[0.0, 0.1, 1.0]
disc:  539  :[0.0, 0.1, 1.0]
disc:  540  :[0.0, 0.34159966079431525, 0.5415996607943153, 1.0]
disc:  541  :[0.0, 0.1, 1.0]
disc:  542  :[0.0, 0.1, 1.0]
disc:  543  :[0.0, 0.1, 1.0]
disc:  544  :[0.0, 0.9, 1.0]
disc:  545  :[0.0, 0.1, 1.0]
disc:  546  :[0.0, 0.1, 1.0]
disc:  547  :[0.0, 0.6034609655184326, 0.8034609655184326, 1.0]
disc:  548  :[0.0, 0.1, 1.0]
disc:  549  :[0.0, 0.9, 1.0]
disc:  550  :[0.0, 0.1, 1.0]
disc:  551  :[0.0, 0.1, 1.0]
disc:  552  :[0.0, 0.1, 1.0]
disc:  553  :[0.0, 0.1, 1.0]
disc:  554  :[0.0, 0.1, 1.0]
disc:  555  :[0.0, 0.1, 1.0]
disc:  556  :[0.0, 0.1, 1.0]
disc:  557  :[0.0, 0.9, 1.0]
disc:  558  :[0.0, 0.1, 1.0]
disc:  559  :[0.0, 0.09885138205234423, 0.29885138205234424, 1.0]
disc:  560  :[0.0, 0.1, 1.0]
disc:  561  :[0.0, 0.1, 1.0]
disc:  562  :[0.0, 0.1, 1.0]
disc:  563  :[0.0, 0.1, 1.0]
disc:  564  :[0.0, 0.1, 1.0]
disc:  565  :[0.0, 0.1, 1.0]
disc:  566  :[0.0, 0.9, 1.0]
disc:  567  :[0.0, 0.1, 1.0]
disc:  568  :[0.0, 0.1, 1.0]
disc:  569  :[0.0, 0.26120213793058766, 0.46120213793058773, 1.0]
disc:  570  :[0.0, 0.26424318956217896, 0.4642431895621789, 1.0]
disc:  571  :[0.0, 0.1, 1.0]
disc:  572  :[0.0, 0.9, 1.0]
  Completed presolve in 7.95s
LOWER-BOUNDING ITERATIONS
====================================================================================================
| Iter   | Incumbent       | Best Incumbent      | Lower Bound        | Gap (%)         | Time      
| finish | -611.947        | -611.947            | -620.456           | 1.39            | 29.95s           
Final UBD: -611.947010726844
Final LBD: -620.4560365270564
====================================================================================================

*** Alpine ended with status OTHER_LIMIT ***

 Total time for local solves: 5.75s

 Total time for solving max-min problems: 0.0s

 Total time excluding max-min time: 29.95s

presolve objective value: -611.947010726844
w_opt: 1-dimensional DenseAxisArray{Float64,1,...} with index sets:
    Dimension 1, [(25, 1, 2), (25, 1, 1), (25, 1, 14), (20, 1, 2), (20, 1, 1), (20, 1, 14), (1, 1, 2), (1, 1, 1), (1, 1, 14), (2, 1, 2)  …  (20, 15, 23), (20, 15, 3), (8, 15, 30), (8, 15, 29), (8, 15, 23), (8, 15, 3), (2, 15, 30), (2, 15, 29), (2, 15, 23), (2, 15, 3)]
And data, a 261-element Vector{Float64}:
 1.0536635135809964
 1.7963640497514295
 0.0
 0.8332685665101716
 1.4206183258444158
 0.0
 0.0
 0.0
 0.0
 0.0
 0.0
 0.0
 0.0
 0.0
 0.0
 0.0
 1.5525348903816043
 0.0
 0.0
 1.447465109618396
 0.0
 0.0
 0.0
 0.0
 0.0
 0.0
 0.0
 0.0
 0.0
 1.9890272065220047
 0.8774050901987291
 0.0
 0.0
 0.0
 0.0
 0.9052778547938994
 0.39933862907247564
 0.0
 0.0
 0.0
 0.0
 1.6582298290657003
 0.7314828515019195
 0.0
 0.0
 0.0
 0.0
 0.0
 0.0
 0.0
 0.0
 0.0
 0.0
 0.0
 0.0
 0.0
 0.0
 0.0
 0.0
 2.0
 1.0
 0.0
 0.0
 0.0
 0.0
 0.0
 0.0
 0.0
 0.0
 0.0
 0.0
 0.0
 0.0
 0.0
 0.75
 2.25
 0.0
 0.5275957241388245
 1.5827871724164735
 0.0
 0.0
 0.0
 0.0
 0.0
 0.0
 0.0
 0.0
 0.0
 0.0
 0.0
 0.0
 0.0
 0.7224042758611754
 2.1672128275835263
 0.0
 0.0
 0.0
 0.0
 0.0
 0.0
 0.0
 1.99811048992242
 0.8500275633324258
 0.15186194674515413
 0.0
 0.0
 0.0
 0.0
 0.0
 0.0
 0.0
 0.0
 0.0
 0.0
 0.0
 0.0
 0.0
 0.0
 5.2499599928580745
 1.749986664286025
 0.0
 0.0
 0.0
 0.7500400071419253
 0.2500133357139751
 0.0
 0.0
 0.0
 0.0
 0.0
 0.0
 0.0
 0.0
 0.0
 0.0
 0.0
 0.0
 0.0
 0.0
 0.0
 0.0
 0.0
 0.0
 0.0
 0.0
 0.0
 0.0
 0.0
 0.0
 0.0
 0.0
 0.08415493187254104
 0.0
 0.5930780689631349
 0.29653903448156743
 0.0
 0.0
 1.4069219310368652
 0.7034609655184326
 0.0
 0.0
 0.0
 0.0
 0.0
 0.0
 0.0
 0.0
 0.0
 0.0
 0.0
 0.0
 0.0
 0.0
 2.0
 0.0
 0.0
 0.0
 0.3930442222447107
 0.0
 0.0
 0.0
 0.0
 0.0
 0.0
 0.0
 0.0
 0.0
 0.0
 0.0
 0.0
 0.0
 0.0
 0.0
 0.0
 1.2925957295818742
 0.9123749717489013
 0.7950292986692243
 0.0
 0.0
 0.0
 0.0
 0.0
 0.0
 0.0
 0.0
 0.0
 1.442925711289894
 0.6398885512656867
 0.08157430437926003
 0.5570742887101059
 0.24704352882548095
 0.03149361552957188
 0.0
 0.0
 0.0
 0.0
 0.0
 0.0
 0.0
 0.0
 0.0
 0.0
 0.0
 0.0
 0.0
 0.3296709028992973
 0.5023622366803415
 0.0
 0.0
 0.0
 0.0
 0.0
 0.0
 0.0
 0.0
 0.0
 0.0
 0.0
 0.0
 0.0
 0.0
 0.0
 0.0
 0.0
 0.0
 0.0
 0.0
 0.0
 0.0
 0.0
 0.0
 0.0
 0.0
 0.0
 0.0
 0.0
 0.0
 0.9333815622975352
 3.1967441305576516
 0.0
 0.9057033694200316
x_ij_opt: 1-dimensional DenseAxisArray{Float64,1,...} with index sets:
    Dimension 1, [(43, 30), (43, 22), (43, 6), (44, 22), (45, 30), (45, 29), (45, 28), (45, 24), (45, 23), (40, 29)  …  (5, 7), (5, 14), (6, 4), (6, 3), (1, 14), (1, 10), (1, 23), (1, 1), (3, 2), (3, 1)]
And data, a 116-element Vector{Float64}:
 0.0
 0.0
 1.4359862578779392
 0.0
 1.0666184377024648
 0.0
 1.6703290971007028
 0.0
 0.0
 0.0
 0.0
 0.0
 0.0
 0.0
 0.0
 0.0
 0.0
 0.0
 0.2538868923545875
 0.0
 0.0
 0.0
 0.0
 0.0
 0.0
 0.0
 0.0
 2.0
 0.0
 0.0
 0.0
 0.0
 0.0
 0.0
 0.0
 0.0
 0.0
 0.0
 0.0
 0.0
 0.0
 0.0
 0.0
 0.5640137421220607
 0.0
 0.0
 0.0
 0.0
 0.0
 0.0
 0.0
 0.0
 0.0
 0.0
 0.0
 0.6069557777552891
 0.0
 0.0
 0.14997243666757415
 1.915845068127459
 0.0
 0.0
 0.0
 0.3143600481734153
 6.0
 0.0
 0.0
 0.0
 0.0
 0.7461131076454125
 0.0
 0.0
 0.0
 0.0
 0.0
 0.0
 0.4976377633196584
 0.981082388060538
 0.0
 0.0
 0.0
 0.0
 0.0
 0.0
 0.0
 0.0
 0.0
 0.0
 0.0
 0.0
 0.44746510961839575
 1.0189176119394618
 0.0
 0.0
 0.0
 0.0
 0.0
 0.1130679199088324
 0.0
 0.09429663057996837
 0.0
 0.0
 0.0
 0.0
 0.0
 0.0
 0.0
 0.0
 0.0
 0.0
 0.0018895100775800481
 0.0
 0.08762502825109884
 2.6311556776590006
 0.0
 0.0
x_il_opt: 1-dimensional DenseAxisArray{Float64,1,...} with index sets:
    Dimension 1, [(43, 15), (43, 14), (44, 15), (44, 13), (44, 3), (40, 14), (40, 2), (41, 14), (42, 6), (37, 13)  …  (4, 13), (5, 2), (5, 7), (5, 9), (6, 11), (1, 1), (1, 6), (1, 3), (2, 1), (2, 15)]
And data, a 71-element Vector{Float64}:
 0.0
 0.0
 0.0
 2.164388566934841
 2.866432296720734
 0.8320331395796388
 0.0
 0.0
 0.0
 0.8356114330651587
 0.0
 3.0
 0.0
 0.0
 3.0
 0.0
 0.0
 0.0
 6.9999466571441
 0.0
 0.0
 0.0
 3.0
 0.8896171034447022
 2.110382896555298
 0.0
 1.0000533428559004
 0.0
 2.393044222244711
 0.0
 2.850027563332426
 0.0
 0.0
 0.0
 0.0
 0.0
 0.0
 0.0
 2.2538868923545876
 0.0
 0.0
 0.0
 3.0
 0.0
 0.0
 2.110382896555298
 0.0
 3.0
 0.0
 0.0
 0.0
 0.0
 0.0
 0.0
 0.0
 0.0
 0.0
 1.3046164838663752
 0.0
 0.0
 0.0
 0.0
 0.0
 0.0
 0.08415493187254104
 0.0
 0.0
 2.8896171034447016
 2.38971268056762
 0.0
 5.0358290622752175
x_lj_opt: 1-dimensional DenseAxisArray{Float64,1,...} with index sets:
    Dimension 1, [(15, 30), (15, 29), (15, 23), (15, 3), (14, 28), (14, 27), (14, 10), (14, 24), (13, 26), (13, 25)  …  (3, 6), (3, 5), (3, 29), (2, 4), (2, 3), (2, 1), (2, 5), (1, 2), (1, 1), (1, 14)]
And data, a 53-element Vector{Float64}:
 0.9333815622975352
 3.1967441305576516
 0.0
 0.9057033694200316
 0.3296709028992973
 0.5023622366803415
 0.0
 0.0
 2.0
 0.8869320800911676
 0.11306791990883193
 1.2925957295818742
 0.9123749717489013
 0.7950292986692243
 2.0
 0.0
 0.0
 0.0
 0.3930442222447107
 0.0
 0.0
 2.0
 1.0
 0.08415493187254104
 0.0
 0.0
 6.0
 2.0
 0.0
 0.0
 1.99811048992242
 0.8500275633324258
 0.15186194674515413
 2.0
 6.0
 0.0
 2.0
 1.0
 0.0
 0.0
 0.0
 0.0
 0.0
 0.0
 4.5525348903816045
 2.008226570773124
 1.5525348903816043
 0.0
 0.0
 1.447465109618396
 1.886932080091168
 3.2169823755958453
 0.0
q_opt: 1-dimensional DenseAxisArray{Float64,1,...} with index sets:
    Dimension 1, [(43, 15), (43, 14), (44, 15), (44, 13), (44, 3), (40, 14), (40, 2), (41, 14), (42, 6), (37, 13)  …  (4, 13), (5, 2), (5, 7), (5, 9), (6, 11), (1, 1), (1, 6), (1, 3), (2, 1), (2, 15)]
And data, a 71-element Vector{Float64}:
 0.0
 0.0
 0.0
 0.721462855644947
 0.4369054283854768
 1.0
 0.0
 0.0
 0.0
 0.27853714435505295
 0.0
 1.0
 0.0
 0.0
 0.375
 0.0
 0.0
 0.0
 0.8749933321430124
 0.0
 0.0
 0.0
 1.0
 0.29653903448156743
 0.26379786206941225
 0.0
 0.12500666785698755
 0.0
 1.0
 0.0
 0.5584003392056847
 0.0
 0.0
 0.0
 0.0
 0.0
 0.0
 0.0
 0.4415996607943153
 0.0
 0.0
 0.0
 1.0
 0.0
 0.0
 0.7034609655184326
 0.0
 1.0
 0.0
 0.0
 0.0
 0.0
 0.0
 0.0
 0.0
 1.0
 0.0
 0.19885138205234423
 0.0
 0.0
 0.0
 0.0
 0.0
 0.0
 1.0
 0.0
 0.0
 0.3612021379305877
 0.36424318956217894
 0.0
 1.0
