
PROBLEM STATISTICS
  Objective sense = Min
  # Variables = 572
  # Bin-Int Variables = 0
  # Constraints = 621
  # NL Constraints = 261
  # Linear Constraints = 360
  # Detected convex constraints = 0
  # Detected nonlinear terms = 261
  # Variables involved in nonlinear terms = 124
  # Potential variables for partitioning = 124
SUB-SOLVERS USED BY ALPINE
  NLP local solver = Knitro
  MIP solver = Gurobi
ALPINE CONFIGURATION
  Maximum iterations (lower-bounding MIPs) =  1
  Relative global optimality gap = 0.01%
  Potential variables chosen for partitioning = All
  Discretization ratio = 10
  Bound-tightening presolve = false
PRESOLVE 
  Doing local search

Feasible solution found during presolve: [0.9540856555866896, 1.46169865133258, 0.0, 0.9120422710513442, 1.3972864488087076, 0.0, 0.0, 0.0, 0.0, 0.0, 0.0, 0.0, 0.0, 0.0, 0.0, 0.0, 2.0, 0.0, 0.0, 1.0, 0.0, 0.0, 0.0, 0.0, 0.0, 0.0, 0.0, 0.0, 0.0, 1.2350456338734053, 0.4510104041505897, 0.0, 0.0, 0.0, 0.0, 3.764954366126595, 1.374875181696594, 0.0, 0.0, 0.0, 0.0, 0.0, 0.0, 0.3425199190700537, 1.1774468139525862, 0.0, 0.0, 0.0, 0.0, 0.7109872335164311, 2.444090420019245, 0.0, 0.0, 0.0, 0.0, 0.0, 0.0, 0.0, 0.0, 1.9570090693015376, 1.0, 0.0, 0.0, 0.0, 0.0, 0.0, 0.0, 0.0, 0.0, 0.0, 0.0, 0.11540608629111643, 0.3462182588733493, 0.0, 0.75, 2.25, 0.0, 0.5716904051082731, 1.7150712153248189, 0.0, 0.0, 0.0, 0.0, 0.0, 0.0, 0.0, 0.0, 0.0, 0.0, 0.0, 0.0, 0.0, 0.5629035086006107, 1.6887105258018313, 0.0, 0.0, 0.0, 0.0, 0.0, 0.0, 0.0, 2.0, 0.9770959277236211, 0.022904072276379132, 0.0, 0.0, 0.0, 0.0, 0.0, 0.0, 0.0, 0.0, 0.0, 0.0, 0.0, 0.0, 0.0, 0.0, 4.0006851349553365, 1.3335617116517773, 0.0, 0.0, 0.0, 1.999314865044663, 0.6664382883482203, 0.0, 0.0, 0.0, 0.0, 0.0, 0.0, 0.0, 0.0, 0.0, 0.0, 0.0, 0.0, 0.0, 0.0, 0.0, 0.0, 0.0, 0.0, 0.0, 0.0, 0.0, 0.0, 0.5613116208043532, 0.0, 0.0, 0.0, 0.0, 0.0, 0.47549225304460535, 0.23774612652230268, 0.0, 0.0, 1.5245077469553947, 0.7622538734776974, 0.0, 0.0, 0.0, 0.0, 0.0, 0.0, 0.0, 0.0, 0.0, 0.0, 0.0, 0.0, 0.0, 0.0, 1.960661727782812, 0.0, 0.0, 0.0, 0.6608755061890177, 0.0, 0.0, 0.0, 0.0, 0.0, 0.0, 0.0, 0.0, 0.0, 0.0, 0.0, 0.0, 0.0, 0.0, 0.0, 0.0, 1.3391244938109823, 0.9266567956337447, 0.734218710555273, 0.0, 0.0, 0.0, 0.0, 0.0, 0.0, 0.0, 0.0, 0.0, 1.409262075986058, 0.6103006199817073, 0.09433041801132117, 0.590737924013942, 0.2558273066563257, 0.03954165535064502, 0.0, 0.0, 0.0, 0.0, 0.0, 0.0, 0.0, 0.0, 0.0, 0.0, 0.0, 0.0, 0.0, 0.3593193068543921, 1.0, 0.0, 0.0, 0.0, 0.0, 0.0, 0.0, 0.0, 0.0, 0.0, 0.0, 0.0, 0.0, 0.0, 0.0, 0.0, 0.0, 0.0, 0.0, 0.0, 0.0, 0.0, 0.0, 0.0, 0.0, 0.0, 0.0, 0.0, 0.0, 0.0, 0.0, 0.6186050257049185, 3.439895703597543, 0.0, 0.857270038714478, 0.0, 0.0, 0.0, 2.1138931139790866, 1.6860560380239948, 1.359319306854392, 0.0, 0.0, 0.4616243451644657, 0.8861068860209126, 0.0, 3.0, 0.0, 0.0, 3.0, 0.0, 0.0, 0.0, 5.334246846607115, 0.0, 1.5199667330226398, 0.0, 3.0, 0.713238379566908, 2.286761620433092, 0.0, 2.6657531533928833, 0.0, 2.6215372339718295, 0.5613116208043532, 2.4157843069192695, 0.0, 0.0, 0.0, 0.0, 0.0, 0.0, 0.0, 2.309328719860052, 0.0, 0.0, 0.0, 2.9570090693015376, 0.0, 0.0, 2.286761620433092, 0.0, 3.0, 0.0, 0.0, 0.0, 0.0, 0.0, 0.0, 3.155077653535676, 0.0, 0.0, 5.139829547823189, 0.0, 0.0, 0.0, 0.0, 0.0, 0.0, 0.0, 0.0, 0.0, 2.251614034402442, 0.0, 0.0, 4.915770768016939, 0.6186050257049185, 3.439895703597543, 0.0, 0.857270038714478, 0.3593193068543921, 1.0, 0.0, 0.0, 2.0, 0.866127926638033, 0.1338720733619662, 1.3391244938109823, 0.9266567956337447, 0.734218710555273, 1.960661727782812, 0.0, 0.0, 0.0, 0.6608755061890177, 0.0, 0.0, 2.0, 1.0, 0.5613116208043532, 0.0, 0.0, 6.0, 1.9999999999999978, 0.0, 0.0, 2.0, 0.9770959277236211, 0.022904072276379132, 2.0, 6.0, 0.0, 1.9570090693015376, 1.0, 0.0, 0.0, 1.053507152586485, 3.6215372339718312, 0.0, 0.0, 5.0, 1.8258855858471839, 2.0, 0.0, 0.0, 1.0, 1.8661279266380337, 2.8589851001412874, 0.0, 0.0, 0.03933827221718798, 1.5823696538982197, 0.0, 1.3813949742950817, 0.0, 1.640680693145608, 0.0, 0.0, 0.0, 0.0, 0.0, 0.0, 0.0, 0.0, 0.0, 0.0, 0.0, 0.30932871986005184, 0.0, 0.0, 0.0, 0.0, 0.0, 0.0, 0.0, 0.0, 2.0, 0.0, 0.0, 0.0, 0.0, 0.0, 0.0, 0.0, 0.0, 0.0, 0.0, 0.0, 0.0, 0.0, 0.0, 0.0, 0.4176303461017804, 0.0, 0.0, 0.0, 0.0, 0.0, 0.0, 0.0, 0.0, 0.0, 0.0, 0.0, 0.37846276602817075, 0.0, 0.0, 0.022904072276377196, 1.438688379195647, 0.0, 0.0, 0.0, 0.0, 6.0, 0.0, 0.0, 0.0, 0.0, 0.6906712801399482, 0.0, 0.0, 0.0, 0.0, 0.0, 0.0, 0.0, 0.946492847413515, 0.0, 0.0, 0.0, 0.0, 0.0, 0.0, 0.0, 0.0, 0.0, 0.04299093069846238, 0.0, 0.0, 0.0, 0.0, 0.0, 0.0, 0.0, 0.0, 0.0, 0.13387207336196702, 0.0, 0.142729961285522, 0.0, 0.0, 0.0, 0.0, 0.0, 0.0, 0.0, 0.0, 0.0, 0.0, 0.0, 0.0, 0.07334320436625527, 3.1181108275823335, 0.0, 0.0, 0.0, 0.0, 0.0, 0.704631037993029, 0.24700912677468104, 1.0, 0.0, 0.0, 0.057703043145558214, 0.295368962006971, 0.0, 1.0, 0.0, 0.0, 0.375, 0.0, 0.0, 0.0, 0.6667808558258894, 0.0, 0.325123487039577, 0.0, 1.0, 0.23774612652230268, 0.2858452025541365, 0.0, 0.3332191441741105, 0.0, 1.0, 1.0, 0.5112648720206148, 0.0, 0.0, 0.0, 0.0, 0.0, 0.0, 0.0, 0.48873512797938523, 0.0, 0.0, 0.0, 1.0, 0.0, 0.0, 0.7622538734776974, 0.0, 1.0, 0.0, 0.0, 0.0, 0.0, 0.0, 0.0, 0.674876512960423, 0.0, 0.0, 0.752990873225319, 0.0, 0.0, 0.0, 0.0, 0.0, 0.0, 0.0, 0.0, 0.0, 0.2814517543003052, 0.0, 0.0, 1.0]  :with objective: -619.506505818812

  Local solver returns a feasible point with value -619.5065
disc:  333  :[0.0, 0.4186050257049185, 0.8186050257049184, 2.0]
disc:  334  :[0.0, 2.8398957035975427, 4.0398957035975425, 6.0]
disc:  335  :[0.0, 0.1, 1.0]
disc:  336  :[0.0, 0.7572700387144781, 0.957270038714478, 1.0]
disc:  337  :[0.0, 0.1593193068543921, 0.5593193068543921, 2.0]
disc:  338  :[0.0, 0.9, 1.0]
disc:  339  :[0.0, 0.2, 2.0]
disc:  340  :[0.0, 0.2, 2.0]
disc:  341  :[0.0, 1.8, 2.0]
disc:  342  :[0.0, 0.766127926638033, 0.9661279266380329, 1.0]
disc:  343  :[0.0, 0.3338720733619662, 2.0]
disc:  344  :[0.0, 1.1391244938109824, 1.5391244938109823, 2.0]
disc:  345  :[0.0, 0.8266567956337447, 1.0]
disc:  346  :[0.0, 0.434218710555273, 1.034218710555273, 3.0]
disc:  347  :[0.0, 1.760661727782812, 2.0]
disc:  348  :[0.0, 0.6, 6.0]
disc:  349  :[0.0, 0.2, 2.0]
disc:  350  :[0.0, 0.1, 1.0]
disc:  351  :[0.0, 0.4608755061890177, 0.8608755061890176, 2.0]
disc:  352  :[0.0, 0.6, 6.0]
disc:  353  :[0.0, 0.1, 1.0]
disc:  354  :[0.0, 1.8, 2.0]
disc:  355  :[0.0, 0.9, 1.0]
disc:  356  :[0.0, 0.36131162080435314, 0.7613116208043531, 2.0]
disc:  357  :[0.0, 0.1, 1.0]
disc:  358  :[0.0, 0.2, 2.0]
disc:  359  :[0.0, 5.4, 6.0]
disc:  360  :[0.0, 1.3999999999999977, 2.599999999999998, 6.0]
disc:  361  :[0.0, 0.2, 2.0]
disc:  362  :[0.0, 0.1, 1.0]
disc:  363  :[0.0, 1.8, 2.0]
disc:  364  :[0.0, 0.8770959277236211, 1.0]
disc:  365  :[0.0, 0.32290407227637913, 3.0]
disc:  366  :[0.0, 1.8, 2.0]
disc:  367  :[0.0, 5.4, 6.0]
disc:  368  :[0.0, 0.2, 2.0]
disc:  369  :[0.0, 1.7570090693015377, 2.0]
disc:  370  :[0.0, 0.9, 1.0]
disc:  371  :[0.0, 0.2, 2.0]
disc:  372  :[0.0, 0.2, 2.0]
disc:  373  :[0.0, 0.853507152586485, 1.253507152586485, 2.0]
disc:  374  :[0.0, 3.021537233971831, 4.221537233971831, 6.0]
disc:  375  :[0.0, 0.2, 2.0]
disc:  376  :[0.0, 0.2, 2.0]
disc:  377  :[0.0, 4.4, 5.6, 6.0]
disc:  378  :[0.0, 1.225885585847184, 2.4258855858471837, 6.0]
disc:  379  :[0.0, 1.8, 2.0]
disc:  380  :[0.0, 0.1, 1.0]
disc:  381  :[0.0, 0.3, 3.0]
disc:  382  :[0.0, 0.7, 1.3, 3.0]
disc:  383  :[0.0, 1.6661279266380338, 2.0]
disc:  384  :[0.0, 2.2589851001412873, 3.4589851001412875, 6.0]
disc:  385  :[0.0, 0.2, 2.0]
disc:  502  :[0.0, 0.1, 1.0]
disc:  503  :[0.0, 0.1, 1.0]
disc:  504  :[0.0, 0.1, 1.0]
disc:  505  :[0.0, 0.604631037993029, 0.8046310379930289, 1.0]
disc:  506  :[0.0, 0.14700912677468103, 0.34700912677468104, 1.0]
disc:  507  :[0.0, 0.9, 1.0]
disc:  508  :[0.0, 0.1, 1.0]
disc:  509  :[0.0, 0.1, 1.0]
disc:  510  :[0.0, 0.15770304314555822, 1.0]
disc:  511  :[0.0, 0.195368962006971, 0.395368962006971, 1.0]
disc:  512  :[0.0, 0.1, 1.0]
disc:  513  :[0.0, 0.9, 1.0]
disc:  514  :[0.0, 0.1, 1.0]
disc:  515  :[0.0, 0.1, 1.0]
disc:  516  :[0.0, 0.275, 0.475, 1.0]
disc:  517  :[0.0, 0.1, 1.0]
disc:  518  :[0.0, 0.1, 1.0]
disc:  519  :[0.0, 0.1, 1.0]
disc:  520  :[0.0, 0.5667808558258894, 0.7667808558258894, 1.0]
disc:  521  :[0.0, 0.1, 1.0]
disc:  522  :[0.0, 0.225123487039577, 0.42512348703957703, 1.0]
disc:  523  :[0.0, 0.1, 1.0]
disc:  524  :[0.0, 0.9, 1.0]
disc:  525  :[0.0, 0.13774612652230267, 0.3377461265223027, 1.0]
disc:  526  :[0.0, 0.18584520255413647, 0.38584520255413646, 1.0]
disc:  527  :[0.0, 0.1, 1.0]
disc:  528  :[0.0, 0.23321914417411052, 0.43321914417411056, 1.0]
disc:  529  :[0.0, 0.1, 1.0]
disc:  530  :[0.0, 0.9, 1.0]
disc:  531  :[0.0, 0.9, 1.0]
disc:  532  :[0.0, 0.4112648720206148, 0.6112648720206147, 1.0]
disc:  533  :[0.0, 0.1, 1.0]
disc:  534  :[0.0, 0.1, 1.0]
disc:  535  :[0.0, 0.1, 1.0]
disc:  536  :[0.0, 0.1, 1.0]
disc:  537  :[0.0, 0.1, 1.0]
disc:  538  :[0.0, 0.1, 1.0]
disc:  539  :[0.0, 0.1, 1.0]
disc:  540  :[0.0, 0.38873512797938525, 0.5887351279793852, 1.0]
disc:  541  :[0.0, 0.1, 1.0]
disc:  542  :[0.0, 0.1, 1.0]
disc:  543  :[0.0, 0.1, 1.0]
disc:  544  :[0.0, 0.9, 1.0]
disc:  545  :[0.0, 0.1, 1.0]
disc:  546  :[0.0, 0.1, 1.0]
disc:  547  :[0.0, 0.6622538734776974, 0.8622538734776973, 1.0]
disc:  548  :[0.0, 0.1, 1.0]
disc:  549  :[0.0, 0.9, 1.0]
disc:  550  :[0.0, 0.1, 1.0]
disc:  551  :[0.0, 0.1, 1.0]
disc:  552  :[0.0, 0.1, 1.0]
disc:  553  :[0.0, 0.1, 1.0]
disc:  554  :[0.0, 0.1, 1.0]
disc:  555  :[0.0, 0.1, 1.0]
disc:  556  :[0.0, 0.574876512960423, 0.7748765129604229, 1.0]
disc:  557  :[0.0, 0.1, 1.0]
disc:  558  :[0.0, 0.1, 1.0]
disc:  559  :[0.0, 0.652990873225319, 0.852990873225319, 1.0]
disc:  560  :[0.0, 0.1, 1.0]
disc:  561  :[0.0, 0.1, 1.0]
disc:  562  :[0.0, 0.1, 1.0]
disc:  563  :[0.0, 0.1, 1.0]
disc:  564  :[0.0, 0.1, 1.0]
disc:  565  :[0.0, 0.1, 1.0]
disc:  566  :[0.0, 0.1, 1.0]
disc:  567  :[0.0, 0.1, 1.0]
disc:  568  :[0.0, 0.1, 1.0]
disc:  569  :[0.0, 0.18145175430030522, 0.3814517543003052, 1.0]
disc:  570  :[0.0, 0.1, 1.0]
disc:  571  :[0.0, 0.1, 1.0]
disc:  572  :[0.0, 0.9, 1.0]
  Completed presolve in 10.14s
LOWER-BOUNDING ITERATIONS
====================================================================================================
| Iter   | Incumbent       | Best Incumbent      | Lower Bound        | Gap (%)         | Time      
| finish | -619.5065       | -619.5065           | -621.6251          | 0.342           | 27.39s           
Final UBD: -619.506505818812
Final LBD: -621.6251302153357
====================================================================================================

*** Alpine ended with status OTHER_LIMIT ***

 Total time for local solves: 7.82s

 Total time for solving max-min problems: 0.0s

 Total time excluding max-min time: 27.39s

presolve objective value: -619.506505818812
w_opt: 1-dimensional DenseAxisArray{Float64,1,...} with index sets:
    Dimension 1, [(25, 1, 2), (25, 1, 1), (25, 1, 14), (20, 1, 2), (20, 1, 1), (20, 1, 14), (1, 1, 2), (1, 1, 1), (1, 1, 14), (2, 1, 2)  …  (20, 15, 23), (20, 15, 3), (8, 15, 30), (8, 15, 29), (8, 15, 23), (8, 15, 3), (2, 15, 30), (2, 15, 29), (2, 15, 23), (2, 15, 3)]
And data, a 261-element Vector{Float64}:
 0.9540856555866896
 1.46169865133258
 0.0
 0.9120422710513442
 1.3972864488087076
 0.0
 0.0
 0.0
 0.0
 0.0
 0.0
 0.0
 0.0
 0.0
 0.0
 0.0
 2.0
 0.0
 0.0
 1.0
 0.0
 0.0
 0.0
 0.0
 0.0
 0.0
 0.0
 0.0
 0.0
 1.2350456338734053
 0.4510104041505897
 0.0
 0.0
 0.0
 0.0
 3.764954366126595
 1.374875181696594
 0.0
 0.0
 0.0
 0.0
 0.0
 0.0
 0.3425199190700537
 1.1774468139525862
 0.0
 0.0
 0.0
 0.0
 0.7109872335164311
 2.444090420019245
 0.0
 0.0
 0.0
 0.0
 0.0
 0.0
 0.0
 0.0
 1.9570090693015376
 1.0
 0.0
 0.0
 0.0
 0.0
 0.0
 0.0
 0.0
 0.0
 0.0
 0.0
 0.11540608629111643
 0.3462182588733493
 0.0
 0.75
 2.25
 0.0
 0.5716904051082731
 1.7150712153248189
 0.0
 0.0
 0.0
 0.0
 0.0
 0.0
 0.0
 0.0
 0.0
 0.0
 0.0
 0.0
 0.0
 0.5629035086006107
 1.6887105258018313
 0.0
 0.0
 0.0
 0.0
 0.0
 0.0
 0.0
 2.0
 0.9770959277236211
 0.022904072276379132
 0.0
 0.0
 0.0
 0.0
 0.0
 0.0
 0.0
 0.0
 0.0
 0.0
 0.0
 0.0
 0.0
 0.0
 4.0006851349553365
 1.3335617116517773
 0.0
 0.0
 0.0
 1.999314865044663
 0.6664382883482203
 0.0
 0.0
 0.0
 0.0
 0.0
 0.0
 0.0
 0.0
 0.0
 0.0
 0.0
 0.0
 0.0
 0.0
 0.0
 0.0
 0.0
 0.0
 0.0
 0.0
 0.0
 0.0
 0.5613116208043532
 0.0
 0.0
 0.0
 0.0
 0.0
 0.47549225304460535
 0.23774612652230268
 0.0
 0.0
 1.5245077469553947
 0.7622538734776974
 0.0
 0.0
 0.0
 0.0
 0.0
 0.0
 0.0
 0.0
 0.0
 0.0
 0.0
 0.0
 0.0
 0.0
 1.960661727782812
 0.0
 0.0
 0.0
 0.6608755061890177
 0.0
 0.0
 0.0
 0.0
 0.0
 0.0
 0.0
 0.0
 0.0
 0.0
 0.0
 0.0
 0.0
 0.0
 0.0
 0.0
 1.3391244938109823
 0.9266567956337447
 0.734218710555273
 0.0
 0.0
 0.0
 0.0
 0.0
 0.0
 0.0
 0.0
 0.0
 1.409262075986058
 0.6103006199817073
 0.09433041801132117
 0.590737924013942
 0.2558273066563257
 0.03954165535064502
 0.0
 0.0
 0.0
 0.0
 0.0
 0.0
 0.0
 0.0
 0.0
 0.0
 0.0
 0.0
 0.0
 0.3593193068543921
 1.0
 0.0
 0.0
 0.0
 0.0
 0.0
 0.0
 0.0
 0.0
 0.0
 0.0
 0.0
 0.0
 0.0
 0.0
 0.0
 0.0
 0.0
 0.0
 0.0
 0.0
 0.0
 0.0
 0.0
 0.0
 0.0
 0.0
 0.0
 0.0
 0.0
 0.0
 0.6186050257049185
 3.439895703597543
 0.0
 0.857270038714478
x_ij_opt: 1-dimensional DenseAxisArray{Float64,1,...} with index sets:
    Dimension 1, [(43, 30), (43, 22), (43, 6), (44, 22), (45, 30), (45, 29), (45, 28), (45, 24), (45, 23), (40, 29)  …  (5, 7), (5, 14), (6, 4), (6, 3), (1, 14), (1, 10), (1, 23), (1, 1), (3, 2), (3, 1)]
And data, a 116-element Vector{Float64}:
 0.0
 0.03933827221718798
 1.5823696538982197
 0.0
 1.3813949742950817
 0.0
 1.640680693145608
 0.0
 0.0
 0.0
 0.0
 0.0
 0.0
 0.0
 0.0
 0.0
 0.0
 0.0
 0.30932871986005184
 0.0
 0.0
 0.0
 0.0
 0.0
 0.0
 0.0
 0.0
 2.0
 0.0
 0.0
 0.0
 0.0
 0.0
 0.0
 0.0
 0.0
 0.0
 0.0
 0.0
 0.0
 0.0
 0.0
 0.0
 0.4176303461017804
 0.0
 0.0
 0.0
 0.0
 0.0
 0.0
 0.0
 0.0
 0.0
 0.0
 0.0
 0.37846276602817075
 0.0
 0.0
 0.022904072276377196
 1.438688379195647
 0.0
 0.0
 0.0
 0.0
 6.0
 0.0
 0.0
 0.0
 0.0
 0.6906712801399482
 0.0
 0.0
 0.0
 0.0
 0.0
 0.0
 0.0
 0.946492847413515
 0.0
 0.0
 0.0
 0.0
 0.0
 0.0
 0.0
 0.0
 0.0
 0.04299093069846238
 0.0
 0.0
 0.0
 0.0
 0.0
 0.0
 0.0
 0.0
 0.0
 0.13387207336196702
 0.0
 0.142729961285522
 0.0
 0.0
 0.0
 0.0
 0.0
 0.0
 0.0
 0.0
 0.0
 0.0
 0.0
 0.0
 0.07334320436625527
 3.1181108275823335
 0.0
 0.0
x_il_opt: 1-dimensional DenseAxisArray{Float64,1,...} with index sets:
    Dimension 1, [(43, 15), (43, 14), (44, 15), (44, 13), (44, 3), (40, 14), (40, 2), (41, 14), (42, 6), (37, 13)  …  (4, 13), (5, 2), (5, 7), (5, 9), (6, 11), (1, 1), (1, 6), (1, 3), (2, 1), (2, 15)]
And data, a 71-element Vector{Float64}:
 0.0
 0.0
 0.0
 2.1138931139790866
 1.6860560380239948
 1.359319306854392
 0.0
 0.0
 0.4616243451644657
 0.8861068860209126
 0.0
 3.0
 0.0
 0.0
 3.0
 0.0
 0.0
 0.0
 5.334246846607115
 0.0
 1.5199667330226398
 0.0
 3.0
 0.713238379566908
 2.286761620433092
 0.0
 2.6657531533928833
 0.0
 2.6215372339718295
 0.5613116208043532
 2.4157843069192695
 0.0
 0.0
 0.0
 0.0
 0.0
 0.0
 0.0
 2.309328719860052
 0.0
 0.0
 0.0
 2.9570090693015376
 0.0
 0.0
 2.286761620433092
 0.0
 3.0
 0.0
 0.0
 0.0
 0.0
 0.0
 0.0
 3.155077653535676
 0.0
 0.0
 5.139829547823189
 0.0
 0.0
 0.0
 0.0
 0.0
 0.0
 0.0
 0.0
 0.0
 2.251614034402442
 0.0
 0.0
 4.915770768016939
x_lj_opt: 1-dimensional DenseAxisArray{Float64,1,...} with index sets:
    Dimension 1, [(15, 30), (15, 29), (15, 23), (15, 3), (14, 28), (14, 27), (14, 10), (14, 24), (13, 26), (13, 25)  …  (3, 6), (3, 5), (3, 29), (2, 4), (2, 3), (2, 1), (2, 5), (1, 2), (1, 1), (1, 14)]
And data, a 53-element Vector{Float64}:
 0.6186050257049185
 3.439895703597543
 0.0
 0.857270038714478
 0.3593193068543921
 1.0
 0.0
 0.0
 2.0
 0.866127926638033
 0.1338720733619662
 1.3391244938109823
 0.9266567956337447
 0.734218710555273
 1.960661727782812
 0.0
 0.0
 0.0
 0.6608755061890177
 0.0
 0.0
 2.0
 1.0
 0.5613116208043532
 0.0
 0.0
 6.0
 1.9999999999999978
 0.0
 0.0
 2.0
 0.9770959277236211
 0.022904072276379132
 2.0
 6.0
 0.0
 1.9570090693015376
 1.0
 0.0
 0.0
 1.053507152586485
 3.6215372339718312
 0.0
 0.0
 5.0
 1.8258855858471839
 2.0
 0.0
 0.0
 1.0
 1.8661279266380337
 2.8589851001412874
 0.0
q_opt: 1-dimensional DenseAxisArray{Float64,1,...} with index sets:
    Dimension 1, [(43, 15), (43, 14), (44, 15), (44, 13), (44, 3), (40, 14), (40, 2), (41, 14), (42, 6), (37, 13)  …  (4, 13), (5, 2), (5, 7), (5, 9), (6, 11), (1, 1), (1, 6), (1, 3), (2, 1), (2, 15)]
And data, a 71-element Vector{Float64}:
 0.0
 0.0
 0.0
 0.704631037993029
 0.24700912677468104
 1.0
 0.0
 0.0
 0.057703043145558214
 0.295368962006971
 0.0
 1.0
 0.0
 0.0
 0.375
 0.0
 0.0
 0.0
 0.6667808558258894
 0.0
 0.325123487039577
 0.0
 1.0
 0.23774612652230268
 0.2858452025541365
 0.0
 0.3332191441741105
 0.0
 1.0
 1.0
 0.5112648720206148
 0.0
 0.0
 0.0
 0.0
 0.0
 0.0
 0.0
 0.48873512797938523
 0.0
 0.0
 0.0
 1.0
 0.0
 0.0
 0.7622538734776974
 0.0
 1.0
 0.0
 0.0
 0.0
 0.0
 0.0
 0.0
 0.674876512960423
 0.0
 0.0
 0.752990873225319
 0.0
 0.0
 0.0
 0.0
 0.0
 0.0
 0.0
 0.0
 0.0
 0.2814517543003052
 0.0
 0.0
 1.0
