
PROBLEM STATISTICS
  Objective sense = Min
  # Variables = 572
  # Bin-Int Variables = 0
  # Constraints = 621
  # NL Constraints = 261
  # Linear Constraints = 360
  # Detected convex constraints = 0
  # Detected nonlinear terms = 261
  # Variables involved in nonlinear terms = 124
  # Potential variables for partitioning = 124
SUB-SOLVERS USED BY ALPINE
  NLP local solver = Knitro
  MIP solver = Gurobi
ALPINE CONFIGURATION
  Maximum iterations (lower-bounding MIPs) =  1
  Relative global optimality gap = 0.01%
  Potential variables chosen for partitioning = All
  Discretization ratio = 10
  Bound-tightening presolve = false
PRESOLVE 
  Doing local search

Feasible solution found during presolve: [1.071327756667767, 1.9286722433322332, 0.0, 0.8123403914792504, 1.4624267460938536, 0.0, 0.0, 0.0, 0.0, 0.0, 0.0, 0.0, 0.0, 0.0, 0.0, 0.0, 1.9902794955740364, 0.0, 0.0, 1.0097205044259636, 0.0, 0.0, 0.0, 0.0, 0.0, 0.0, 0.0, 0.0, 0.0, 2.8576856287130847, 1.7235176986718685, 0.0, 0.0, 0.0, 0.0, 0.0, 0.0, 0.0, 0.0, 0.0, 0.0, 2.132593866860952, 1.2862028057540964, 0.35662453659002175, 1.1492288115659022, 0.0, 0.0, 0.0, 0.0, 0.6594237705176423, 2.1250046431367733, 0.0, 0.0, 0.0, 0.0, 0.0, 0.0, 0.0, 0.0, 2.0, 1.0, 0.0, 0.0, 0.0, 0.0, 0.0, 0.0, 0.0, 0.0, 0.0, 0.0, 0.04183067137715083, 0.1254920141314525, 0.0, 0.75, 2.25, 0.0, 0.5586345581885296, 1.6759036745655886, 0.0, 0.0, 0.0, 0.0, 0.0, 0.0, 0.0, 0.0, 0.0, 0.0, 0.0, 0.0, 0.0, 0.6495347704343196, 1.948604311302959, 0.0, 0.0, 0.0, 0.0, 0.0, 0.0, 0.0, 1.8998712892285894, 0.8905852304660281, 0.20954348030538245, 0.0, 0.0, 0.0, 0.0, 0.0, 0.0, 0.0, 0.0, 0.0, 0.0, 0.0, 0.0, 0.0, 0.0, 4.306646299507308, 1.357013647781615, 0.0, 0.07853511872082082, 0.0, 1.6933537004926937, 0.5335715826844135, 0.0, 0.030879650813151093, 0.0, 0.0, 0.0, 0.0, 0.0, 0.0, 0.0, 0.0, 0.0, 0.0, 0.0, 0.0, 0.0, 0.0, 0.0, 0.0, 0.0, 0.0, 0.0, 0.0, 0.0, 0.0, 0.0, 0.0, 0.1438663280910986, 0.0, 0.5103078448305878, 0.2551539224152939, 0.0, 0.0, 1.4896921551694122, 0.7448460775847061, 0.0, 0.0, 0.0, 0.0, 0.0, 0.0, 0.0, 0.0, 0.0, 0.0, 0.0, 0.0, 0.0, 0.0, 1.8802625806487008, 0.0, 0.0, 0.0, 0.2845561045200027, 0.0, 0.0, 0.0, 0.0, 0.0, 0.0, 0.0, 0.0, 0.0, 0.0, 0.0, 0.0, 0.0, 0.0, 0.0, 0.0, 1.7154438954799973, 1.0, 0.2845561045200028, 0.0, 0.0, 0.0, 0.0, 0.0, 0.0, 0.0, 0.0, 0.0, 1.418422579156111, 0.6267074269063982, 0.08250386267165713, 0.5815774208438893, 0.256960721240619, 0.03382798918132554, 0.0, 0.0, 0.0, 0.0, 0.0, 0.0, 0.0, 0.0, 0.0, 0.0, 0.0, 0.0, 0.0, 0.7159232858166876, 0.9711514390069212, 0.0, 0.0, 0.0, 0.0, 0.0, 0.0, 0.0, 0.0, 0.0, 0.0, 0.0, 0.0, 0.0, 0.0, 0.0, 0.0, 0.0, 0.0, 0.0, 0.0, 0.0, 0.0, 0.0, 0.0, 0.0, 0.0, 0.0, 0.0, 0.0, 0.0, 2.0, 2.705723391054033, 0.0, 1.0, 0.0, 0.0, 0.0, 2.1276338687341663, 4.581203327384952, 1.6870747248236089, 0.0, 0.0, 0.16732268550860332, 0.8723661312658338, 0.0, 3.0, 0.0, 0.0, 3.0, 0.0, 0.0, 0.0, 5.742195066009742, 0.0, 1.5058533481559238, 0.0, 3.0, 0.7654617672458817, 2.2345382327541183, 0.0, 2.257804933990258, 0.0, 2.1648186851687035, 0.0, 3.0, 0.0, 0.0, 0.0, 0.0, 0.0, 0.0, 0.0, 2.274767137573104, 0.0, 0.0, 0.0, 3.0, 0.0, 0.0, 2.2345382327541183, 0.0, 3.0, 0.0, 0.0, 0.0, 0.0, 0.0, 0.0, 2.7844284136544157, 0.0, 0.0, 0.0, 0.0, 0.0, 0.0, 0.0, 0.0, 0.0, 0.1438663280910986, 0.0, 0.0, 2.5981390817372785, 3.418796672615048, 0.0, 5.705723391054033, 2.0, 2.705723391054033, 0.0, 1.0, 0.7159232858166876, 0.9711514390069212, 0.0, 0.0, 2.0, 0.8836681481470172, 0.11633185185298267, 1.7154438954799973, 1.0, 0.2845561045200025, 1.8802625806487008, 0.0, 0.0, 0.0, 0.2845561045200027, 0.0, 0.0, 2.0, 1.0, 0.1438663280910986, 0.0, 0.0, 6.0, 1.8905852304660282, 0.0, 0.10941476953397189, 1.8998712892285894, 0.8905852304660281, 0.20954348030538245, 2.0, 6.0, 0.0, 2.0, 1.0, 0.0, 0.0, 1.0160483071076643, 3.2742334547026757, 0.0, 0.0, 4.990279495574036, 3.0097205044259647, 1.9902794955740364, 0.0, 0.0, 1.0097205044259636, 1.8836681481470174, 3.391098989426087, 0.0, 0.0, 0.11973741935129927, 1.5503941524403053, 0.0, 0.0, 0.0, 1.2840767141833125, 0.0, 0.0, 0.0, 0.0, 0.0, 0.0, 0.0, 0.0, 0.0, 0.0, 0.0, 0.2747671375731039, 0.0, 0.4162932846208563, 0.0, 0.0, 0.0, 0.0, 0.0, 0.0, 2.0, 0.0, 0.0, 0.0, 0.0, 0.0, 0.0, 0.0, 0.0, 0.0, 0.0, 0.0, 0.0, 0.0, 0.0, 0.0, 0.44960584755969485, 0.0, 0.0, 0.0, 0.0, 0.0, 0.0, 0.0, 0.0, 0.0, 0.0, 0.0, 0.8351813148312967, 0.0, 0.0, 0.0, 1.8561336719089014, 0.0, 0.0, 0.0, 0.0, 6.0, 0.0, 0.0, 0.0, 0.0, 0.7252328624268961, 0.0, 0.0, 0.0, 0.0, 0.0, 0.0, 0.028848560993078816, 0.983951692892336, 0.0, 0.0, 0.0, 0.0, 0.0, 0.0, 0.0, 0.0, 0.0, 0.0, 0.0, 0.0, 0.0, 0.0, 0.0, 0.0, 0.0, 0.0, 0.0, 0.11633185185298275, 0.0, 0.0, 0.0, 0.0, 0.0, 0.0, 0.0, 0.10012871077141049, 0.0, 0.0, 0.00972050442596377, 0.0, 0.0, 0.0, 0.0, 1.9830642456476741, 0.0, 0.0, 0.0, 0.0, 0.0, 0.7092112895780555, 0.572650415923119, 1.0, 0.0, 0.0, 0.020915335688575416, 0.29078871042194465, 0.0, 1.0, 0.0, 0.0, 0.375, 0.0, 0.0, 0.0, 0.7177743832512178, 0.0, 0.35099171377511335, 0.0, 1.0, 0.2551539224152939, 0.2793172790942648, 0.0, 0.28222561674878227, 0.0, 1.0, 0.0, 0.5687454861524534, 0.0, 0.0, 0.0, 0.0, 0.0, 0.0, 0.0, 0.4312545138475466, 0.0, 0.0, 0.0, 1.0, 0.0, 0.0, 0.7448460775847061, 0.0, 1.0, 0.0, 0.0, 0.0, 0.0, 0.0, 0.0, 0.6490082862248866, 0.0, 0.0, 0.0, 0.0, 0.0, 0.0, 0.0, 0.0, 0.0, 1.0, 0.0, 0.0, 0.3247673852171598, 0.42734958407688095, 0.0, 1.0]  :with objective: -625.976224091436

  Local solver returns a feasible point with value -625.9762
disc:  333  :[0.0, 1.8, 2.0]
disc:  334  :[0.0, 2.105723391054033, 3.305723391054033, 6.0]
disc:  335  :[0.0, 0.1, 1.0]
disc:  336  :[0.0, 0.9, 1.0]
disc:  337  :[0.0, 0.5159232858166876, 0.9159232858166877, 2.0]
disc:  338  :[0.0, 0.8711514390069213, 1.0]
disc:  339  :[0.0, 0.2, 2.0]
disc:  340  :[0.0, 0.2, 2.0]
disc:  341  :[0.0, 1.8, 2.0]
disc:  342  :[0.0, 0.7836681481470172, 0.9836681481470172, 1.0]
disc:  343  :[0.0, 0.3163318518529827, 2.0]
disc:  344  :[0.0, 1.5154438954799974, 1.9154438954799973, 2.0]
disc:  345  :[0.0, 0.9, 1.0]
disc:  346  :[0.0, 0.5845561045200025, 3.0]
disc:  347  :[0.0, 1.6802625806487008, 2.0]
disc:  348  :[0.0, 0.6, 6.0]
disc:  349  :[0.0, 0.2, 2.0]
disc:  350  :[0.0, 0.1, 1.0]
disc:  351  :[0.0, 0.08455610452000267, 0.4845561045200027, 2.0]
disc:  352  :[0.0, 0.6, 6.0]
disc:  353  :[0.0, 0.1, 1.0]
disc:  354  :[0.0, 1.8, 2.0]
disc:  355  :[0.0, 0.9, 1.0]
disc:  356  :[0.0, 0.3438663280910986, 2.0]
disc:  357  :[0.0, 0.1, 1.0]
disc:  358  :[0.0, 0.2, 2.0]
disc:  359  :[0.0, 5.4, 6.0]
disc:  360  :[0.0, 1.2905852304660281, 2.4905852304660283, 6.0]
disc:  361  :[0.0, 0.2, 2.0]
disc:  362  :[0.0, 0.009414769533971884, 0.2094147695339719, 1.0]
disc:  363  :[0.0, 1.6998712892285894, 2.0]
disc:  364  :[0.0, 0.7905852304660281, 0.9905852304660281, 1.0]
disc:  365  :[0.0, 0.5095434803053824, 3.0]
disc:  366  :[0.0, 1.8, 2.0]
disc:  367  :[0.0, 5.4, 6.0]
disc:  368  :[0.0, 0.2, 2.0]
disc:  369  :[0.0, 1.8, 2.0]
disc:  370  :[0.0, 0.9, 1.0]
disc:  371  :[0.0, 0.2, 2.0]
disc:  372  :[0.0, 0.2, 2.0]
disc:  373  :[0.0, 0.8160483071076643, 1.2160483071076642, 2.0]
disc:  374  :[0.0, 2.6742334547026756, 3.8742334547026758, 6.0]
disc:  375  :[0.0, 0.2, 2.0]
disc:  376  :[0.0, 0.2, 2.0]
disc:  377  :[0.0, 4.3902794955740365, 5.590279495574036, 6.0]
disc:  378  :[0.0, 2.4097205044259646, 3.609720504425965, 6.0]
disc:  379  :[0.0, 1.7902794955740364, 2.0]
disc:  380  :[0.0, 0.1, 1.0]
disc:  381  :[0.0, 0.3, 3.0]
disc:  382  :[0.0, 0.7097205044259636, 1.3097205044259637, 3.0]
disc:  383  :[0.0, 1.6836681481470175, 2.0]
disc:  384  :[0.0, 2.7910989894260867, 3.991098989426087, 6.0]
disc:  385  :[0.0, 0.2, 2.0]
disc:  502  :[0.0, 0.1, 1.0]
disc:  503  :[0.0, 0.1, 1.0]
disc:  504  :[0.0, 0.1, 1.0]
disc:  505  :[0.0, 0.6092112895780555, 0.8092112895780554, 1.0]
disc:  506  :[0.0, 0.47265041592311907, 0.672650415923119, 1.0]
disc:  507  :[0.0, 0.9, 1.0]
disc:  508  :[0.0, 0.1, 1.0]
disc:  509  :[0.0, 0.1, 1.0]
disc:  510  :[0.0, 0.12091533568857542, 1.0]
disc:  511  :[0.0, 0.19078871042194465, 0.39078871042194463, 1.0]
disc:  512  :[0.0, 0.1, 1.0]
disc:  513  :[0.0, 0.9, 1.0]
disc:  514  :[0.0, 0.1, 1.0]
disc:  515  :[0.0, 0.1, 1.0]
disc:  516  :[0.0, 0.275, 0.475, 1.0]
disc:  517  :[0.0, 0.1, 1.0]
disc:  518  :[0.0, 0.1, 1.0]
disc:  519  :[0.0, 0.1, 1.0]
disc:  520  :[0.0, 0.6177743832512178, 0.8177743832512178, 1.0]
disc:  521  :[0.0, 0.1, 1.0]
disc:  522  :[0.0, 0.2509917137751133, 0.4509917137751134, 1.0]
disc:  523  :[0.0, 0.1, 1.0]
disc:  524  :[0.0, 0.9, 1.0]
disc:  525  :[0.0, 0.15515392241529388, 0.35515392241529387, 1.0]
disc:  526  :[0.0, 0.1793172790942648, 0.3793172790942648, 1.0]
disc:  527  :[0.0, 0.1, 1.0]
disc:  528  :[0.0, 0.18222561674878227, 0.3822256167487823, 1.0]
disc:  529  :[0.0, 0.1, 1.0]
disc:  530  :[0.0, 0.9, 1.0]
disc:  531  :[0.0, 0.1, 1.0]
disc:  532  :[0.0, 0.46874548615245337, 0.6687454861524533, 1.0]
disc:  533  :[0.0, 0.1, 1.0]
disc:  534  :[0.0, 0.1, 1.0]
disc:  535  :[0.0, 0.1, 1.0]
disc:  536  :[0.0, 0.1, 1.0]
disc:  537  :[0.0, 0.1, 1.0]
disc:  538  :[0.0, 0.1, 1.0]
disc:  539  :[0.0, 0.1, 1.0]
disc:  540  :[0.0, 0.33125451384754656, 0.5312545138475466, 1.0]
disc:  541  :[0.0, 0.1, 1.0]
disc:  542  :[0.0, 0.1, 1.0]
disc:  543  :[0.0, 0.1, 1.0]
disc:  544  :[0.0, 0.9, 1.0]
disc:  545  :[0.0, 0.1, 1.0]
disc:  546  :[0.0, 0.1, 1.0]
disc:  547  :[0.0, 0.6448460775847061, 0.8448460775847061, 1.0]
disc:  548  :[0.0, 0.1, 1.0]
disc:  549  :[0.0, 0.9, 1.0]
disc:  550  :[0.0, 0.1, 1.0]
disc:  551  :[0.0, 0.1, 1.0]
disc:  552  :[0.0, 0.1, 1.0]
disc:  553  :[0.0, 0.1, 1.0]
disc:  554  :[0.0, 0.1, 1.0]
disc:  555  :[0.0, 0.1, 1.0]
disc:  556  :[0.0, 0.5490082862248866, 0.7490082862248866, 1.0]
disc:  557  :[0.0, 0.1, 1.0]
disc:  558  :[0.0, 0.1, 1.0]
disc:  559  :[0.0, 0.1, 1.0]
disc:  560  :[0.0, 0.1, 1.0]
disc:  561  :[0.0, 0.1, 1.0]
disc:  562  :[0.0, 0.1, 1.0]
disc:  563  :[0.0, 0.1, 1.0]
disc:  564  :[0.0, 0.1, 1.0]
disc:  565  :[0.0, 0.1, 1.0]
disc:  566  :[0.0, 0.9, 1.0]
disc:  567  :[0.0, 0.1, 1.0]
disc:  568  :[0.0, 0.1, 1.0]
disc:  569  :[0.0, 0.2247673852171598, 0.42476738521715984, 1.0]
disc:  570  :[0.0, 0.327349584076881, 0.5273495840768809, 1.0]
disc:  571  :[0.0, 0.1, 1.0]
disc:  572  :[0.0, 0.9, 1.0]
  Completed presolve in 12.5s
LOWER-BOUNDING ITERATIONS
====================================================================================================
| Iter   | Incumbent       | Best Incumbent      | Lower Bound        | Gap (%)         | Time      
| finish | -625.9762       | -625.9762           | -628.1262          | 0.343           | 26.63s           
Final UBD: -625.976224091436
Final LBD: -628.126248962277
====================================================================================================

*** Alpine ended with status OTHER_LIMIT ***

 Total time for local solves: 10.17s

 Total time for solving max-min problems: 0.0s

 Total time excluding max-min time: 26.63s

presolve objective value: -625.976224091436
w_opt: 1-dimensional DenseAxisArray{Float64,1,...} with index sets:
    Dimension 1, [(25, 1, 2), (25, 1, 1), (25, 1, 14), (20, 1, 2), (20, 1, 1), (20, 1, 14), (1, 1, 2), (1, 1, 1), (1, 1, 14), (2, 1, 2)  …  (20, 15, 23), (20, 15, 3), (8, 15, 30), (8, 15, 29), (8, 15, 23), (8, 15, 3), (2, 15, 30), (2, 15, 29), (2, 15, 23), (2, 15, 3)]
And data, a 261-element Vector{Float64}:
 1.071327756667767
 1.9286722433322332
 0.0
 0.8123403914792504
 1.4624267460938536
 0.0
 0.0
 0.0
 0.0
 0.0
 0.0
 0.0
 0.0
 0.0
 0.0
 0.0
 1.9902794955740364
 0.0
 0.0
 1.0097205044259636
 0.0
 0.0
 0.0
 0.0
 0.0
 0.0
 0.0
 0.0
 0.0
 2.8576856287130847
 1.7235176986718685
 0.0
 0.0
 0.0
 0.0
 0.0
 0.0
 0.0
 0.0
 0.0
 0.0
 2.132593866860952
 1.2862028057540964
 0.35662453659002175
 1.1492288115659022
 0.0
 0.0
 0.0
 0.0
 0.6594237705176423
 2.1250046431367733
 0.0
 0.0
 0.0
 0.0
 0.0
 0.0
 0.0
 0.0
 2.0
 1.0
 0.0
 0.0
 0.0
 0.0
 0.0
 0.0
 0.0
 0.0
 0.0
 0.0
 0.04183067137715083
 0.1254920141314525
 0.0
 0.75
 2.25
 0.0
 0.5586345581885296
 1.6759036745655886
 0.0
 0.0
 0.0
 0.0
 0.0
 0.0
 0.0
 0.0
 0.0
 0.0
 0.0
 0.0
 0.0
 0.6495347704343196
 1.948604311302959
 0.0
 0.0
 0.0
 0.0
 0.0
 0.0
 0.0
 1.8998712892285894
 0.8905852304660281
 0.20954348030538245
 0.0
 0.0
 0.0
 0.0
 0.0
 0.0
 0.0
 0.0
 0.0
 0.0
 0.0
 0.0
 0.0
 0.0
 4.306646299507308
 1.357013647781615
 0.0
 0.07853511872082082
 0.0
 1.6933537004926937
 0.5335715826844135
 0.0
 0.030879650813151093
 0.0
 0.0
 0.0
 0.0
 0.0
 0.0
 0.0
 0.0
 0.0
 0.0
 0.0
 0.0
 0.0
 0.0
 0.0
 0.0
 0.0
 0.0
 0.0
 0.0
 0.0
 0.0
 0.0
 0.0
 0.1438663280910986
 0.0
 0.5103078448305878
 0.2551539224152939
 0.0
 0.0
 1.4896921551694122
 0.7448460775847061
 0.0
 0.0
 0.0
 0.0
 0.0
 0.0
 0.0
 0.0
 0.0
 0.0
 0.0
 0.0
 0.0
 0.0
 1.8802625806487008
 0.0
 0.0
 0.0
 0.2845561045200027
 0.0
 0.0
 0.0
 0.0
 0.0
 0.0
 0.0
 0.0
 0.0
 0.0
 0.0
 0.0
 0.0
 0.0
 0.0
 0.0
 1.7154438954799973
 1.0
 0.2845561045200028
 0.0
 0.0
 0.0
 0.0
 0.0
 0.0
 0.0
 0.0
 0.0
 1.418422579156111
 0.6267074269063982
 0.08250386267165713
 0.5815774208438893
 0.256960721240619
 0.03382798918132554
 0.0
 0.0
 0.0
 0.0
 0.0
 0.0
 0.0
 0.0
 0.0
 0.0
 0.0
 0.0
 0.0
 0.7159232858166876
 0.9711514390069212
 0.0
 0.0
 0.0
 0.0
 0.0
 0.0
 0.0
 0.0
 0.0
 0.0
 0.0
 0.0
 0.0
 0.0
 0.0
 0.0
 0.0
 0.0
 0.0
 0.0
 0.0
 0.0
 0.0
 0.0
 0.0
 0.0
 0.0
 0.0
 0.0
 0.0
 2.0
 2.705723391054033
 0.0
 1.0
x_ij_opt: 1-dimensional DenseAxisArray{Float64,1,...} with index sets:
    Dimension 1, [(43, 30), (43, 22), (43, 6), (44, 22), (45, 30), (45, 29), (45, 28), (45, 24), (45, 23), (40, 29)  …  (5, 7), (5, 14), (6, 4), (6, 3), (1, 14), (1, 10), (1, 23), (1, 1), (3, 2), (3, 1)]
And data, a 116-element Vector{Float64}:
 0.0
 0.11973741935129927
 1.5503941524403053
 0.0
 0.0
 0.0
 1.2840767141833125
 0.0
 0.0
 0.0
 0.0
 0.0
 0.0
 0.0
 0.0
 0.0
 0.0
 0.0
 0.2747671375731039
 0.0
 0.4162932846208563
 0.0
 0.0
 0.0
 0.0
 0.0
 0.0
 2.0
 0.0
 0.0
 0.0
 0.0
 0.0
 0.0
 0.0
 0.0
 0.0
 0.0
 0.0
 0.0
 0.0
 0.0
 0.0
 0.44960584755969485
 0.0
 0.0
 0.0
 0.0
 0.0
 0.0
 0.0
 0.0
 0.0
 0.0
 0.0
 0.8351813148312967
 0.0
 0.0
 0.0
 1.8561336719089014
 0.0
 0.0
 0.0
 0.0
 6.0
 0.0
 0.0
 0.0
 0.0
 0.7252328624268961
 0.0
 0.0
 0.0
 0.0
 0.0
 0.0
 0.028848560993078816
 0.983951692892336
 0.0
 0.0
 0.0
 0.0
 0.0
 0.0
 0.0
 0.0
 0.0
 0.0
 0.0
 0.0
 0.0
 0.0
 0.0
 0.0
 0.0
 0.0
 0.0
 0.11633185185298275
 0.0
 0.0
 0.0
 0.0
 0.0
 0.0
 0.0
 0.10012871077141049
 0.0
 0.0
 0.00972050442596377
 0.0
 0.0
 0.0
 0.0
 1.9830642456476741
 0.0
 0.0
x_il_opt: 1-dimensional DenseAxisArray{Float64,1,...} with index sets:
    Dimension 1, [(43, 15), (43, 14), (44, 15), (44, 13), (44, 3), (40, 14), (40, 2), (41, 14), (42, 6), (37, 13)  …  (4, 13), (5, 2), (5, 7), (5, 9), (6, 11), (1, 1), (1, 6), (1, 3), (2, 1), (2, 15)]
And data, a 71-element Vector{Float64}:
 0.0
 0.0
 0.0
 2.1276338687341663
 4.581203327384952
 1.6870747248236089
 0.0
 0.0
 0.16732268550860332
 0.8723661312658338
 0.0
 3.0
 0.0
 0.0
 3.0
 0.0
 0.0
 0.0
 5.742195066009742
 0.0
 1.5058533481559238
 0.0
 3.0
 0.7654617672458817
 2.2345382327541183
 0.0
 2.257804933990258
 0.0
 2.1648186851687035
 0.0
 3.0
 0.0
 0.0
 0.0
 0.0
 0.0
 0.0
 0.0
 2.274767137573104
 0.0
 0.0
 0.0
 3.0
 0.0
 0.0
 2.2345382327541183
 0.0
 3.0
 0.0
 0.0
 0.0
 0.0
 0.0
 0.0
 2.7844284136544157
 0.0
 0.0
 0.0
 0.0
 0.0
 0.0
 0.0
 0.0
 0.0
 0.1438663280910986
 0.0
 0.0
 2.5981390817372785
 3.418796672615048
 0.0
 5.705723391054033
x_lj_opt: 1-dimensional DenseAxisArray{Float64,1,...} with index sets:
    Dimension 1, [(15, 30), (15, 29), (15, 23), (15, 3), (14, 28), (14, 27), (14, 10), (14, 24), (13, 26), (13, 25)  …  (3, 6), (3, 5), (3, 29), (2, 4), (2, 3), (2, 1), (2, 5), (1, 2), (1, 1), (1, 14)]
And data, a 53-element Vector{Float64}:
 2.0
 2.705723391054033
 0.0
 1.0
 0.7159232858166876
 0.9711514390069212
 0.0
 0.0
 2.0
 0.8836681481470172
 0.11633185185298267
 1.7154438954799973
 1.0
 0.2845561045200025
 1.8802625806487008
 0.0
 0.0
 0.0
 0.2845561045200027
 0.0
 0.0
 2.0
 1.0
 0.1438663280910986
 0.0
 0.0
 6.0
 1.8905852304660282
 0.0
 0.10941476953397189
 1.8998712892285894
 0.8905852304660281
 0.20954348030538245
 2.0
 6.0
 0.0
 2.0
 1.0
 0.0
 0.0
 1.0160483071076643
 3.2742334547026757
 0.0
 0.0
 4.990279495574036
 3.0097205044259647
 1.9902794955740364
 0.0
 0.0
 1.0097205044259636
 1.8836681481470174
 3.391098989426087
 0.0
q_opt: 1-dimensional DenseAxisArray{Float64,1,...} with index sets:
    Dimension 1, [(43, 15), (43, 14), (44, 15), (44, 13), (44, 3), (40, 14), (40, 2), (41, 14), (42, 6), (37, 13)  …  (4, 13), (5, 2), (5, 7), (5, 9), (6, 11), (1, 1), (1, 6), (1, 3), (2, 1), (2, 15)]
And data, a 71-element Vector{Float64}:
 0.0
 0.0
 0.0
 0.7092112895780555
 0.572650415923119
 1.0
 0.0
 0.0
 0.020915335688575416
 0.29078871042194465
 0.0
 1.0
 0.0
 0.0
 0.375
 0.0
 0.0
 0.0
 0.7177743832512178
 0.0
 0.35099171377511335
 0.0
 1.0
 0.2551539224152939
 0.2793172790942648
 0.0
 0.28222561674878227
 0.0
 1.0
 0.0
 0.5687454861524534
 0.0
 0.0
 0.0
 0.0
 0.0
 0.0
 0.0
 0.4312545138475466
 0.0
 0.0
 0.0
 1.0
 0.0
 0.0
 0.7448460775847061
 0.0
 1.0
 0.0
 0.0
 0.0
 0.0
 0.0
 0.0
 0.6490082862248866
 0.0
 0.0
 0.0
 0.0
 0.0
 0.0
 0.0
 0.0
 0.0
 1.0
 0.0
 0.0
 0.3247673852171598
 0.42734958407688095
 0.0
 1.0
