
PROBLEM STATISTICS
  Objective sense = Min
  # Variables = 572
  # Bin-Int Variables = 0
  # Constraints = 621
  # NL Constraints = 261
  # Linear Constraints = 360
  # Detected convex constraints = 0
  # Detected nonlinear terms = 261
  # Variables involved in nonlinear terms = 124
  # Potential variables for partitioning = 124
SUB-SOLVERS USED BY ALPINE
  NLP local solver = Knitro
  MIP solver = Gurobi
ALPINE CONFIGURATION
  Maximum iterations (lower-bounding MIPs) =  1
  Relative global optimality gap = 0.01%
  Potential variables chosen for partitioning = All
  Discretization ratio = 10
  Bound-tightening presolve = false
PRESOLVE 
  Doing local search

Feasible solution found during presolve: [1.0752646496474163, 1.9247353503525837, 0.0, 0.8137026828786095, 1.4565366014094747, 0.0, 0.0, 0.0, 0.0, 0.0, 0.0, 0.0, 0.0, 0.0, 0.0, 0.0, 2.0, 0.0, 0.0, 1.0, 0.0, 0.0, 0.0, 0.0, 0.0, 0.0, 0.0, 0.0, 0.0, 3.003572243406759, 0.6992713372378445, 0.0, 0.0, 0.0, 0.0, 0.0, 0.0, 0.0, 0.0, 0.0, 0.0, 1.9964277565932407, 0.46479478231835747, 0.0, 0.0, 0.0, 0.0, 0.0, 0.0, 1.0971794810771094, 0.0, 0.0, 0.0, 0.0, 0.0, 0.0, 0.0, 0.0, 0.0, 2.0, 1.0, 0.0, 0.0, 0.0, 0.0, 0.0, 0.0, 0.0, 0.0, 0.0, 0.0, 0.0, 0.0, 0.0, 0.7196151688090102, 2.158845506427031, 0.0, 0.503312179295706, 1.5099365378871181, 0.0, 0.0, 0.0, 0.0, 0.0, 0.0, 0.0, 0.0, 0.0, 0.0, 0.0, 0.0, 0.0, 0.7770726518952836, 2.331217955685851, 0.0, 0.0, 0.0, 0.0, 0.0, 0.0, 0.0, 1.9572354787430561, 0.8545233265262699, 0.18824119473067383, 0.0, 0.0, 0.0, 0.0, 0.0, 0.0, 0.0, 0.0, 0.0, 0.0, 0.0, 0.0, 0.0, 0.0, 4.007350485854492, 1.2386208255972566, 0.0, 0.09716266968757457, 0.0, 1.9926495141455074, 0.6159025009290138, 0.0, 0.04831400378615546, 0.0, 0.0, 0.0, 0.0, 0.0, 0.0, 0.0, 0.0, 0.0, 0.0, 0.0, 0.0, 0.0, 0.0, 0.0, 0.0, 0.0, 0.0, 0.0, 0.0, 0.0, 0.0, 0.0, 0.0, 0.0, 0.0, 0.6578341885447839, 0.32891709427239196, 0.0, 0.0, 1.342165811455216, 0.671082905727608, 0.0, 0.0, 0.0, 0.0, 0.0, 0.0, 0.0, 0.0, 0.0, 0.0, 0.0, 0.0, 0.0, 0.0, 1.4275611238227637, 0.0, 0.0, 0.0, 0.19828087565505567, 0.0, 0.0, 0.0, 0.0, 0.0, 0.0, 0.0, 0.0, 0.0, 0.0, 0.0, 0.0, 0.0, 0.0, 0.0, 0.0, 1.8017191243449444, 1.0, 0.19828087565505562, 0.0, 0.0, 0.0, 0.0, 0.0, 0.0, 0.0, 0.0, 0.0, 1.3986548279082143, 0.6216792257451065, 0.07764818820900064, 0.6013451720917857, 0.26728810678091935, 0.033384479264973496, 0.0, 0.0, 0.0, 0.0, 0.0, 0.0, 0.0, 0.0, 0.0, 0.0, 0.0, 0.0, 0.0, 0.30739373953048416, 0.6761789886639593, 0.0, 0.0, 0.0, 0.0, 0.0, 0.0, 0.0, 0.0, 0.0, 0.0, 0.0, 0.0, 0.0, 0.0, 0.0, 0.0, 0.0, 0.0, 0.0, 0.0, 0.0, 0.0, 0.0, 0.0, 0.0, 0.0, 0.0, 0.0, 0.0, 0.0, 0.6587477824171258, 4.637653004788742, 0.0, 0.7935959115341267, 0.0, 0.0, 0.0, 2.0979822418623213, 3.7028435806446036, 0.9835727281944435, 0.0, 0.0, 0.0, 0.9020177581376785, 0.0, 3.0, 0.0, 0.0, 2.878460675236041, 0.0, 0.0, 0.0, 5.343133981139324, 0.0, 0.0, 0.0, 3.0, 0.9867512828171758, 2.013248717182824, 0.0, 2.6568660188606765, 0.0, 1.6258419994778193, 0.0, 3.0, 0.0, 0.0, 0.0, 0.0, 0.0, 0.0, 0.0, 2.2702392842880843, 0.0, 0.0, 0.0, 3.0, 0.0, 0.0, 2.013248717182824, 0.0, 3.0, 0.0, 0.0, 0.0, 0.0, 0.0, 0.0, 1.0971794810771094, 0.0, 0.0, 0.0, 0.0, 0.0, 0.0, 0.0, 0.0, 0.0, 0.0, 0.0, 0.0, 3.1082906075811345, 2.4612225389115983, 0.0, 6.089996698739995, 0.6587477824171258, 4.637653004788742, 0.0, 0.7935959115341267, 0.30739373953048416, 0.6761789886639593, 0.0, 0.0, 2.0, 0.8889673325260259, 0.11103266747397415, 1.8017191243449444, 1.0, 0.1982808756550555, 1.4275611238227637, 0.0, 0.0, 0.0, 0.19828087565505567, 0.0, 0.0, 2.0, 1.0, 0.0, 0.0, 0.0, 6.0, 1.8545233265262704, 0.0, 0.14547667347373003, 1.9572354787430561, 0.8545233265262699, 0.18824119473067383, 2.0, 6.0, 0.0, 2.0, 1.0, 0.0, 0.0, 1.0971794810771094, 0.0, 0.0, 0.0, 5.0, 1.1640661195562019, 2.0, 0.0, 0.0, 1.0000000000000002, 1.8889673325260259, 3.3812719517620584, 0.0, 0.0, 0.5724388761772362, 1.6467281277122308, 0.0, 1.3412522175828743, 0.0, 1.6926062604695158, 0.0, 0.0, 0.0, 0.0, 0.0, 0.0, 0.0, 0.0, 0.0, 0.0, 0.0, 0.2702392842880842, 0.0, 0.0, 0.0, 0.0, 0.0, 0.0, 0.0, 0.0, 2.0, 0.0, 0.0, 0.0, 0.0, 0.0, 0.0, 0.0, 0.0, 0.0, 0.0, 0.0, 0.0, 0.0, 0.0, 0.0, 0.3532718722877692, 0.0, 0.0, 0.0, 0.0, 0.0, 0.0, 0.0, 0.0, 0.0, 0.0, 0.0, 1.3741580005221805, 0.0, 0.0, 0.0, 2.0, 0.0, 0.0, 0.0, 0.0, 6.0, 0.0, 0.0, 0.0, 0.0, 0.7297607157119159, 0.0, 0.0, 0.0, 0.0, 0.0, 0.0, 0.3238210113360407, 0.9028205189228905, 0.0, 0.0, 0.0, 0.0, 0.0, 0.0, 0.0, 0.0, 0.0, 0.0, 0.0, 0.0, 0.0, 0.0, 0.0, 0.0, 0.0, 0.0, 0.0, 0.11103266747397411, 0.0, 0.20640408846587335, 0.0, 0.0, 0.0, 0.0, 0.0, 0.04276452125694395, 0.1962751902897654, 0.0, 0.0, 0.0, 0.0, 0.0, 0.0, 2.4304868535072677, 0.0, 0.0, 0.0, 0.0, 0.0, 0.6993274139541071, 0.6007144486813518, 1.0, 0.0, 0.0, 0.0, 0.30067258604589286, 0.0, 1.0, 0.0, 0.0, 0.3598075844045051, 0.0, 0.0, 0.0, 0.6678917476424155, 0.0, 0.0, 0.0, 1.0, 0.32891709427239196, 0.251656089647853, 0.0, 0.33210825235758457, 0.0, 1.0, 1.0, 0.5692341159809875, 0.0, 0.0, 0.0, 0.0, 0.0, 0.0, 0.0, 0.43076588401901245, 0.0, 0.0, 0.0, 1.0, 0.0, 0.0, 0.671082905727608, 0.0, 1.0, 0.0, 0.0, 0.0, 0.0, 0.0, 0.0, 1.0, 0.0, 0.0, 0.0, 0.0, 0.0, 0.0, 0.0, 0.0, 0.0, 0.0, 0.0, 0.0, 0.3885363259476418, 0.3992855513186481, 0.0, 1.0]  :with objective: -624.3874766683568

  Local solver returns a feasible point with value -624.3875
disc:  333  :[0.0, 0.4587477824171258, 0.8587477824171259, 2.0]
disc:  334  :[0.0, 4.0376530047887425, 5.237653004788742, 6.0]
disc:  335  :[0.0, 0.1, 1.0]
disc:  336  :[0.0, 0.6935959115341267, 0.8935959115341267, 1.0]
disc:  337  :[0.0, 0.10739373953048414, 0.5073937395304842, 2.0]
disc:  338  :[0.0, 0.5761789886639593, 0.7761789886639593, 1.0]
disc:  339  :[0.0, 0.2, 2.0]
disc:  340  :[0.0, 0.2, 2.0]
disc:  341  :[0.0, 1.8, 2.0]
disc:  342  :[0.0, 0.7889673325260259, 0.9889673325260259, 1.0]
disc:  343  :[0.0, 0.3110326674739742, 2.0]
disc:  344  :[0.0, 1.6017191243449445, 2.0]
disc:  345  :[0.0, 0.9, 1.0]
disc:  346  :[0.0, 0.4982808756550555, 3.0]
disc:  347  :[0.0, 1.2275611238227637, 1.6275611238227636, 2.0]
disc:  348  :[0.0, 0.6, 6.0]
disc:  349  :[0.0, 0.2, 2.0]
disc:  350  :[0.0, 0.1, 1.0]
disc:  351  :[0.0, 0.39828087565505566, 2.0]
disc:  352  :[0.0, 0.6, 6.0]
disc:  353  :[0.0, 0.1, 1.0]
disc:  354  :[0.0, 1.8, 2.0]
disc:  355  :[0.0, 0.9, 1.0]
disc:  356  :[0.0, 0.2, 2.0]
disc:  357  :[0.0, 0.1, 1.0]
disc:  358  :[0.0, 0.2, 2.0]
disc:  359  :[0.0, 5.4, 6.0]
disc:  360  :[0.0, 1.2545233265262703, 2.4545233265262705, 6.0]
disc:  361  :[0.0, 0.2, 2.0]
disc:  362  :[0.0, 0.04547667347373002, 0.24547667347373003, 1.0]
disc:  363  :[0.0, 1.7572354787430562, 2.0]
disc:  364  :[0.0, 0.75452332652627, 0.9545233265262699, 1.0]
disc:  365  :[0.0, 0.48824119473067384, 3.0]
disc:  366  :[0.0, 1.8, 2.0]
disc:  367  :[0.0, 5.4, 6.0]
disc:  368  :[0.0, 0.2, 2.0]
disc:  369  :[0.0, 1.8, 2.0]
disc:  370  :[0.0, 0.9, 1.0]
disc:  371  :[0.0, 0.2, 2.0]
disc:  372  :[0.0, 0.2, 2.0]
disc:  373  :[0.0, 0.8971794810771094, 1.2971794810771093, 2.0]
disc:  374  :[0.0, 0.6, 6.0]
disc:  375  :[0.0, 0.2, 2.0]
disc:  376  :[0.0, 0.2, 2.0]
disc:  377  :[0.0, 4.4, 5.6, 6.0]
disc:  378  :[0.0, 0.5640661195562019, 1.764066119556202, 6.0]
disc:  379  :[0.0, 1.8, 2.0]
disc:  380  :[0.0, 0.1, 1.0]
disc:  381  :[0.0, 0.3, 3.0]
disc:  382  :[0.0, 0.7000000000000002, 1.3000000000000003, 3.0]
disc:  383  :[0.0, 1.688967332526026, 2.0]
disc:  384  :[0.0, 2.7812719517620583, 3.9812719517620585, 6.0]
disc:  385  :[0.0, 0.2, 2.0]
disc:  502  :[0.0, 0.1, 1.0]
disc:  503  :[0.0, 0.1, 1.0]
disc:  504  :[0.0, 0.1, 1.0]
disc:  505  :[0.0, 0.5993274139541072, 0.7993274139541071, 1.0]
disc:  506  :[0.0, 0.5007144486813518, 0.7007144486813518, 1.0]
disc:  507  :[0.0, 0.9, 1.0]
disc:  508  :[0.0, 0.1, 1.0]
disc:  509  :[0.0, 0.1, 1.0]
disc:  510  :[0.0, 0.1, 1.0]
disc:  511  :[0.0, 0.20067258604589286, 0.40067258604589284, 1.0]
disc:  512  :[0.0, 0.1, 1.0]
disc:  513  :[0.0, 0.9, 1.0]
disc:  514  :[0.0, 0.1, 1.0]
disc:  515  :[0.0, 0.1, 1.0]
disc:  516  :[0.0, 0.25980758440450513, 0.4598075844045051, 1.0]
disc:  517  :[0.0, 0.1, 1.0]
disc:  518  :[0.0, 0.1, 1.0]
disc:  519  :[0.0, 0.1, 1.0]
disc:  520  :[0.0, 0.5678917476424156, 0.7678917476424155, 1.0]
disc:  521  :[0.0, 0.1, 1.0]
disc:  522  :[0.0, 0.1, 1.0]
disc:  523  :[0.0, 0.1, 1.0]
disc:  524  :[0.0, 0.9, 1.0]
disc:  525  :[0.0, 0.22891709427239196, 0.428917094272392, 1.0]
disc:  526  :[0.0, 0.15165608964785302, 0.351656089647853, 1.0]
disc:  527  :[0.0, 0.1, 1.0]
disc:  528  :[0.0, 0.23210825235758456, 0.43210825235758454, 1.0]
disc:  529  :[0.0, 0.1, 1.0]
disc:  530  :[0.0, 0.9, 1.0]
disc:  531  :[0.0, 0.9, 1.0]
disc:  532  :[0.0, 0.4692341159809875, 0.6692341159809875, 1.0]
disc:  533  :[0.0, 0.1, 1.0]
disc:  534  :[0.0, 0.1, 1.0]
disc:  535  :[0.0, 0.1, 1.0]
disc:  536  :[0.0, 0.1, 1.0]
disc:  537  :[0.0, 0.1, 1.0]
disc:  538  :[0.0, 0.1, 1.0]
disc:  539  :[0.0, 0.1, 1.0]
disc:  540  :[0.0, 0.3307658840190124, 0.5307658840190125, 1.0]
disc:  541  :[0.0, 0.1, 1.0]
disc:  542  :[0.0, 0.1, 1.0]
disc:  543  :[0.0, 0.1, 1.0]
disc:  544  :[0.0, 0.9, 1.0]
disc:  545  :[0.0, 0.1, 1.0]
disc:  546  :[0.0, 0.1, 1.0]
disc:  547  :[0.0, 0.571082905727608, 0.771082905727608, 1.0]
disc:  548  :[0.0, 0.1, 1.0]
disc:  549  :[0.0, 0.9, 1.0]
disc:  550  :[0.0, 0.1, 1.0]
disc:  551  :[0.0, 0.1, 1.0]
disc:  552  :[0.0, 0.1, 1.0]
disc:  553  :[0.0, 0.1, 1.0]
disc:  554  :[0.0, 0.1, 1.0]
disc:  555  :[0.0, 0.1, 1.0]
disc:  556  :[0.0, 0.9, 1.0]
disc:  557  :[0.0, 0.1, 1.0]
disc:  558  :[0.0, 0.1, 1.0]
disc:  559  :[0.0, 0.1, 1.0]
disc:  560  :[0.0, 0.1, 1.0]
disc:  561  :[0.0, 0.1, 1.0]
disc:  562  :[0.0, 0.1, 1.0]
disc:  563  :[0.0, 0.1, 1.0]
disc:  564  :[0.0, 0.1, 1.0]
disc:  565  :[0.0, 0.1, 1.0]
disc:  566  :[0.0, 0.1, 1.0]
disc:  567  :[0.0, 0.1, 1.0]
disc:  568  :[0.0, 0.1, 1.0]
disc:  569  :[0.0, 0.2885363259476418, 0.48853632594764185, 1.0]
disc:  570  :[0.0, 0.2992855513186481, 0.49928555131864816, 1.0]
disc:  571  :[0.0, 0.1, 1.0]
disc:  572  :[0.0, 0.9, 1.0]
  Completed presolve in 7.27s
LOWER-BOUNDING ITERATIONS
====================================================================================================
| Iter   | Incumbent       | Best Incumbent      | Lower Bound        | Gap (%)         | Time      
| finish | -624.3875       | -624.3875           | -629.3438          | 0.794           | 17.09s           
Final UBD: -624.3874766683568
Final LBD: -629.3438032968309
====================================================================================================

*** Alpine ended with status OTHER_LIMIT ***

 Total time for local solves: 4.99s

 Total time for solving max-min problems: 0.0s

 Total time excluding max-min time: 17.09s

presolve objective value: -624.3874766683568
w_opt: 1-dimensional DenseAxisArray{Float64,1,...} with index sets:
    Dimension 1, [(25, 1, 2), (25, 1, 1), (25, 1, 14), (20, 1, 2), (20, 1, 1), (20, 1, 14), (1, 1, 2), (1, 1, 1), (1, 1, 14), (2, 1, 2)  …  (20, 15, 23), (20, 15, 3), (8, 15, 30), (8, 15, 29), (8, 15, 23), (8, 15, 3), (2, 15, 30), (2, 15, 29), (2, 15, 23), (2, 15, 3)]
And data, a 261-element Vector{Float64}:
 1.0752646496474163
 1.9247353503525837
 0.0
 0.8137026828786095
 1.4565366014094747
 0.0
 0.0
 0.0
 0.0
 0.0
 0.0
 0.0
 0.0
 0.0
 0.0
 0.0
 2.0
 0.0
 0.0
 1.0
 0.0
 0.0
 0.0
 0.0
 0.0
 0.0
 0.0
 0.0
 0.0
 3.003572243406759
 0.6992713372378445
 0.0
 0.0
 0.0
 0.0
 0.0
 0.0
 0.0
 0.0
 0.0
 0.0
 1.9964277565932407
 0.46479478231835747
 0.0
 0.0
 0.0
 0.0
 0.0
 0.0
 1.0971794810771094
 0.0
 0.0
 0.0
 0.0
 0.0
 0.0
 0.0
 0.0
 0.0
 2.0
 1.0
 0.0
 0.0
 0.0
 0.0
 0.0
 0.0
 0.0
 0.0
 0.0
 0.0
 0.0
 0.0
 0.0
 0.7196151688090102
 2.158845506427031
 0.0
 0.503312179295706
 1.5099365378871181
 0.0
 0.0
 0.0
 0.0
 0.0
 0.0
 0.0
 0.0
 0.0
 0.0
 0.0
 0.0
 0.0
 0.7770726518952836
 2.331217955685851
 0.0
 0.0
 0.0
 0.0
 0.0
 0.0
 0.0
 1.9572354787430561
 0.8545233265262699
 0.18824119473067383
 0.0
 0.0
 0.0
 0.0
 0.0
 0.0
 0.0
 0.0
 0.0
 0.0
 0.0
 0.0
 0.0
 0.0
 4.007350485854492
 1.2386208255972566
 0.0
 0.09716266968757457
 0.0
 1.9926495141455074
 0.6159025009290138
 0.0
 0.04831400378615546
 0.0
 0.0
 0.0
 0.0
 0.0
 0.0
 0.0
 0.0
 0.0
 0.0
 0.0
 0.0
 0.0
 0.0
 0.0
 0.0
 0.0
 0.0
 0.0
 0.0
 0.0
 0.0
 0.0
 0.0
 0.0
 0.0
 0.6578341885447839
 0.32891709427239196
 0.0
 0.0
 1.342165811455216
 0.671082905727608
 0.0
 0.0
 0.0
 0.0
 0.0
 0.0
 0.0
 0.0
 0.0
 0.0
 0.0
 0.0
 0.0
 0.0
 1.4275611238227637
 0.0
 0.0
 0.0
 0.19828087565505567
 0.0
 0.0
 0.0
 0.0
 0.0
 0.0
 0.0
 0.0
 0.0
 0.0
 0.0
 0.0
 0.0
 0.0
 0.0
 0.0
 1.8017191243449444
 1.0
 0.19828087565505562
 0.0
 0.0
 0.0
 0.0
 0.0
 0.0
 0.0
 0.0
 0.0
 1.3986548279082143
 0.6216792257451065
 0.07764818820900064
 0.6013451720917857
 0.26728810678091935
 0.033384479264973496
 0.0
 0.0
 0.0
 0.0
 0.0
 0.0
 0.0
 0.0
 0.0
 0.0
 0.0
 0.0
 0.0
 0.30739373953048416
 0.6761789886639593
 0.0
 0.0
 0.0
 0.0
 0.0
 0.0
 0.0
 0.0
 0.0
 0.0
 0.0
 0.0
 0.0
 0.0
 0.0
 0.0
 0.0
 0.0
 0.0
 0.0
 0.0
 0.0
 0.0
 0.0
 0.0
 0.0
 0.0
 0.0
 0.0
 0.0
 0.6587477824171258
 4.637653004788742
 0.0
 0.7935959115341267
x_ij_opt: 1-dimensional DenseAxisArray{Float64,1,...} with index sets:
    Dimension 1, [(43, 30), (43, 22), (43, 6), (44, 22), (45, 30), (45, 29), (45, 28), (45, 24), (45, 23), (40, 29)  …  (5, 7), (5, 14), (6, 4), (6, 3), (1, 14), (1, 10), (1, 23), (1, 1), (3, 2), (3, 1)]
And data, a 116-element Vector{Float64}:
 0.0
 0.5724388761772362
 1.6467281277122308
 0.0
 1.3412522175828743
 0.0
 1.6926062604695158
 0.0
 0.0
 0.0
 0.0
 0.0
 0.0
 0.0
 0.0
 0.0
 0.0
 0.0
 0.2702392842880842
 0.0
 0.0
 0.0
 0.0
 0.0
 0.0
 0.0
 0.0
 2.0
 0.0
 0.0
 0.0
 0.0
 0.0
 0.0
 0.0
 0.0
 0.0
 0.0
 0.0
 0.0
 0.0
 0.0
 0.0
 0.3532718722877692
 0.0
 0.0
 0.0
 0.0
 0.0
 0.0
 0.0
 0.0
 0.0
 0.0
 0.0
 1.3741580005221805
 0.0
 0.0
 0.0
 2.0
 0.0
 0.0
 0.0
 0.0
 6.0
 0.0
 0.0
 0.0
 0.0
 0.7297607157119159
 0.0
 0.0
 0.0
 0.0
 0.0
 0.0
 0.3238210113360407
 0.9028205189228905
 0.0
 0.0
 0.0
 0.0
 0.0
 0.0
 0.0
 0.0
 0.0
 0.0
 0.0
 0.0
 0.0
 0.0
 0.0
 0.0
 0.0
 0.0
 0.0
 0.11103266747397411
 0.0
 0.20640408846587335
 0.0
 0.0
 0.0
 0.0
 0.0
 0.04276452125694395
 0.1962751902897654
 0.0
 0.0
 0.0
 0.0
 0.0
 0.0
 2.4304868535072677
 0.0
 0.0
x_il_opt: 1-dimensional DenseAxisArray{Float64,1,...} with index sets:
    Dimension 1, [(43, 15), (43, 14), (44, 15), (44, 13), (44, 3), (40, 14), (40, 2), (41, 14), (42, 6), (37, 13)  …  (4, 13), (5, 2), (5, 7), (5, 9), (6, 11), (1, 1), (1, 6), (1, 3), (2, 1), (2, 15)]
And data, a 71-element Vector{Float64}:
 0.0
 0.0
 0.0
 2.0979822418623213
 3.7028435806446036
 0.9835727281944435
 0.0
 0.0
 0.0
 0.9020177581376785
 0.0
 3.0
 0.0
 0.0
 2.878460675236041
 0.0
 0.0
 0.0
 5.343133981139324
 0.0
 0.0
 0.0
 3.0
 0.9867512828171758
 2.013248717182824
 0.0
 2.6568660188606765
 0.0
 1.6258419994778193
 0.0
 3.0
 0.0
 0.0
 0.0
 0.0
 0.0
 0.0
 0.0
 2.2702392842880843
 0.0
 0.0
 0.0
 3.0
 0.0
 0.0
 2.013248717182824
 0.0
 3.0
 0.0
 0.0
 0.0
 0.0
 0.0
 0.0
 1.0971794810771094
 0.0
 0.0
 0.0
 0.0
 0.0
 0.0
 0.0
 0.0
 0.0
 0.0
 0.0
 0.0
 3.1082906075811345
 2.4612225389115983
 0.0
 6.089996698739995
x_lj_opt: 1-dimensional DenseAxisArray{Float64,1,...} with index sets:
    Dimension 1, [(15, 30), (15, 29), (15, 23), (15, 3), (14, 28), (14, 27), (14, 10), (14, 24), (13, 26), (13, 25)  …  (3, 6), (3, 5), (3, 29), (2, 4), (2, 3), (2, 1), (2, 5), (1, 2), (1, 1), (1, 14)]
And data, a 53-element Vector{Float64}:
 0.6587477824171258
 4.637653004788742
 0.0
 0.7935959115341267
 0.30739373953048416
 0.6761789886639593
 0.0
 0.0
 2.0
 0.8889673325260259
 0.11103266747397415
 1.8017191243449444
 1.0
 0.1982808756550555
 1.4275611238227637
 0.0
 0.0
 0.0
 0.19828087565505567
 0.0
 0.0
 2.0
 1.0
 0.0
 0.0
 0.0
 6.0
 1.8545233265262704
 0.0
 0.14547667347373003
 1.9572354787430561
 0.8545233265262699
 0.18824119473067383
 2.0
 6.0
 0.0
 2.0
 1.0
 0.0
 0.0
 1.0971794810771094
 0.0
 0.0
 0.0
 5.0
 1.1640661195562019
 2.0
 0.0
 0.0
 1.0000000000000002
 1.8889673325260259
 3.3812719517620584
 0.0
q_opt: 1-dimensional DenseAxisArray{Float64,1,...} with index sets:
    Dimension 1, [(43, 15), (43, 14), (44, 15), (44, 13), (44, 3), (40, 14), (40, 2), (41, 14), (42, 6), (37, 13)  …  (4, 13), (5, 2), (5, 7), (5, 9), (6, 11), (1, 1), (1, 6), (1, 3), (2, 1), (2, 15)]
And data, a 71-element Vector{Float64}:
 0.0
 0.0
 0.0
 0.6993274139541071
 0.6007144486813518
 1.0
 0.0
 0.0
 0.0
 0.30067258604589286
 0.0
 1.0
 0.0
 0.0
 0.3598075844045051
 0.0
 0.0
 0.0
 0.6678917476424155
 0.0
 0.0
 0.0
 1.0
 0.32891709427239196
 0.251656089647853
 0.0
 0.33210825235758457
 0.0
 1.0
 1.0
 0.5692341159809875
 0.0
 0.0
 0.0
 0.0
 0.0
 0.0
 0.0
 0.43076588401901245
 0.0
 0.0
 0.0
 1.0
 0.0
 0.0
 0.671082905727608
 0.0
 1.0
 0.0
 0.0
 0.0
 0.0
 0.0
 0.0
 1.0
 0.0
 0.0
 0.0
 0.0
 0.0
 0.0
 0.0
 0.0
 0.0
 0.0
 0.0
 0.0
 0.3885363259476418
 0.3992855513186481
 0.0
 1.0
