
PROBLEM STATISTICS
  Objective sense = Min
  # Variables = 572
  # Bin-Int Variables = 0
  # Constraints = 621
  # NL Constraints = 261
  # Linear Constraints = 360
  # Detected convex constraints = 0
  # Detected nonlinear terms = 261
  # Variables involved in nonlinear terms = 124
  # Potential variables for partitioning = 124
SUB-SOLVERS USED BY ALPINE
  NLP local solver = Knitro
  MIP solver = Gurobi
ALPINE CONFIGURATION
  Maximum iterations (lower-bounding MIPs) =  1
  Relative global optimality gap = 0.01%
  Potential variables chosen for partitioning = All
  Discretization ratio = 10
  Bound-tightening presolve = false
PRESOLVE 
  Doing local search

Feasible solution found during presolve: [1.4859219133269843, 0.7623531679905031, 0.0, 0.5140780866730158, 0.26374808423962487, 0.0, 0.0, 0.0, 0.0, 0.0, 0.0, 0.0, 0.0, 0.0, 0.0, 0.0, 0.33332074040597415, 0.0, 0.0, 2.666679259594026, 0.0, 0.0, 0.0, 0.0, 0.0, 0.0, 0.0, 0.0, 0.0, 0.0, 0.0, 0.0, 0.0, 0.0, 0.0, 0.0, 0.0, 0.0, 0.0, 0.0, 0.0, 0.0, 0.0, 0.0, 0.0, 0.0, 0.0, 0.0, 0.0, 0.0, 0.0, 0.0, 0.0, 0.0, 0.0, 0.0, 0.0, 0.0, 0.0, 2.0, 1.0, 0.0, 0.0, 0.0, 0.0, 0.0, 0.0, 0.0, 0.0, 0.0, 0.0, 0.75, 2.25, 0.0, 0.0, 0.0, 0.0, 0.4491212530087795, 1.3473637590263385, 0.0, 0.0, 0.0, 0.0, 0.0, 0.0, 0.0, 0.0, 0.0, 0.0, 0.0, 0.0, 0.0, 0.8008787469912203, 2.4026362409736612, 0.0, 0.0, 0.0, 0.0, 0.0, 0.0, 0.0, 1.9098125047512544, 0.9127737595139914, 0.17741373573475433, 0.0, 0.0, 0.0, 0.0, 0.0, 0.0, 0.0, 0.0, 0.0, 0.0, 0.0, 0.0, 0.0, 0.0, 4.747988703578279, 2.3711004574355514, 0.0, 0.0, 0.0, 0.5875126182252178, 0.2933982207609533, 0.0, 0.0, 0.0, 0.0, 0.0, 0.0, 0.0, 0.0, 0.0, 0.0, 0.0, 0.0, 0.0, 0.0, 0.0, 0.0, 0.0, 0.0, 0.0, 0.0, 0.0, 0.0, 0.0, 0.0, 0.0, 0.0, 0.0, 0.0, 0.8023433253099215, 0.40117166265496074, 0.0, 0.0, 1.1976566746900785, 0.5988283373450393, 0.0, 0.0, 0.0, 0.0, 0.0, 0.0, 0.0, 0.0, 0.0, 0.0, 0.0, 0.0, 0.0, 0.0, 1.5473335249520193, 0.0, 0.0, 0.0, 0.345925534620526, 1.106740940427455, 0.0, 0.0, 0.0, 0.0, 0.0, 0.0, 0.0, 0.0, 0.0, 0.0, 0.0, 0.0, 0.0, 0.0, 0.0, 1.6540744653794741, 1.0, 0.34592553462052594, 0.0, 0.0, 0.0, 0.0, 0.0, 0.0, 0.0, 0.0, 0.0, 1.467034822214506, 0.733517411107253, 0.0, 0.532965177785494, 0.266482588892747, 0.0, 0.0, 0.0, 0.0, 0.0, 0.0, 0.0, 0.0, 0.0, 0.0, 0.0, 0.0, 0.0, 0.0, 0.18901416780677915, 0.785681095749271, 0.0, 0.0, 0.0, 0.0, 0.0, 0.0, 0.007556990354754606, 0.031412377872963464, 0.0, 0.0, 0.0, 0.0, 0.0, 0.0, 0.0, 0.0, 0.0, 0.0, 0.0, 0.0, 0.0, 0.0, 0.8138579357585761, 0.0, 0.0, 0.40692896787928806, 0.0, 0.0, 0.0, 0.0, 1.1861420642414238, 0.0, 0.0, 0.593071032120712, 0.0, 0.0, 0.0, 2.200552233321759, 0.0, 0.9746952635560502, 0.0, 0.0, 3.0, 0.7994477666782411, 0.0, 3.0, 0.0, 0.0, 0.0, 0.0, 0.0, 0.0, 7.11908916101383, 0.0, 0.0, 0.03896936822771807, 3.0, 1.203514987964882, 1.796485012035118, 0.0, 0.8809108389861711, 0.0, 3.0, 0.0, 2.2482750813174874, 0.0, 0.0, 0.0, 0.0, 0.0, 0.0, 0.0, 0.7778261709126406, 1.2207869036378642, 0.0, 0.0, 3.0, 0.0, 0.0, 1.796485012035118, 0.0, 3.0, 0.0, 0.0, 0.0, 0.0, 0.0, 0.0, 0.0, 0.0, 0.0, 0.0, 0.0, 0.0, 0.0, 0.0, 0.0, 0.0, 0.0, 0.0, 0.0, 3.2035149879648817, 0.0, 0.0, 1.7792130963621358, 2.0, 0.0, 0.0, 1.0, 0.19657115816153375, 0.8170934736222346, 0.0, 0.0, 2.0, 1.0, 0.0, 1.6540744653794741, 1.0, 0.34592553462052594, 1.5473335249520193, 0.0, 0.0, 0.0, 0.345925534620526, 1.106740940427455, 0.0, 2.0, 1.0, 0.0, 0.0, 0.0, 5.335501321803497, 2.664498678196504, 0.0, 0.0, 1.9098125047512544, 0.9127737595139914, 0.17741373573475433, 2.0, 6.0, 0.0, 2.0, 1.0, 0.0, 0.0, 0.0, 0.0, 0.0, 0.0, 0.0, 0.0, 0.33332074040597415, 0.0, 0.0, 2.666679259594026, 2.0, 1.0261012522301278, 0.0, 0.0, 0.4526664750479808, 1.3531697523578845, 0.0, 0.0, 0.0, 1.8034288418384663, 0.0, 0.0, 1.2697765939027585, 0.0, 0.0, 0.0, 0.0, 0.0, 0.0, 0.0, 0.0, 0.2375532042919219, 0.0, 0.0, 0.0, 0.0, 0.0, 0.0, 0.0, 0.0, 2.0, 0.0, 3.0, 0.0, 0.0, 0.0, 0.0, 0.0, 0.0, 0.0, 0.0, 0.0, 0.0, 0.0, 0.0, 0.0, 0.6468302476421156, 0.0, 0.0, 0.0, 0.0, 0.0, 0.0, 0.0, 0.0, 0.0, 0.0, 0.0, 0.0, 0.0, 0.6644986781965039, 0.08722624048600858, 2.0, 0.0, 0.0, 0.0, 0.0, 6.0, 0.0, 0.0, 0.0, 0.0, 0.762446795708078, 0.0, 0.0, 0.0, 0.0, 0.0, 0.0, 0.18290652637776542, 0.46402735112422955, 0.0, 0.0, 0.0, 0.0, 0.0, 0.0, 0.0, 0.0, 0.0, 0.0, 0.0, 0.0, 0.8539541049419085, 1.5359726488757703, 0.6450642906664161, 0.0, 0.0, 0.0, 0.0, 0.0, 0.0, 0.0, 0.0, 0.0, 0.0, 0.0, 0.0, 0.09018749524874578, 0.0, 0.0, 0.8127251546521175, 0.0, 0.0, 0.0, 0.0, 4.796485012035118, 0.0, 0.0, 0.0, 0.0, 0.0, 0.733517411107253, 0.0, 0.9615559554848602, 0.0, 0.0, 0.375, 0.266482588892747, 0.0, 1.0, 0.0, 0.0, 0.0, 0.0, 0.0, 0.0, 0.8898861451267287, 0.0, 0.0, 0.038444044515139886, 1.0, 0.40117166265496074, 0.22456062650438974, 0.0, 0.1101138548732714, 0.0, 1.0, 1.0, 0.7429609566634922, 0.0, 0.0, 0.0, 0.0, 0.0, 0.0, 0.0, 0.2570390433365079, 0.40692896787928806, 0.0, 0.0, 1.0, 0.0, 0.0, 0.5988283373450393, 0.0, 1.0, 0.0, 0.0, 0.0, 0.0, 0.0, 1.0, 0.0, 1.0, 0.0, 0.0, 0.0, 0.0, 0.0, 0.0, 0.0, 0.0, 0.0, 0.0, 0.0, 0.4004393734956102, 0.0, 0.0, 0.5930710321207119]  :with objective: -583.1473545701747

  Local solver returns a feasible point with value -583.1474
disc:  333  :[0.0, 1.8, 2.0]
disc:  334  :[0.0, 0.6, 6.0]
disc:  335  :[0.0, 0.1, 1.0]
disc:  336  :[0.0, 0.9, 1.0]
disc:  337  :[0.0, 0.39657115816153377, 2.0]
disc:  338  :[0.0, 0.7170934736222346, 0.9170934736222346, 1.0]
disc:  339  :[0.0, 0.2, 2.0]
disc:  340  :[0.0, 0.2, 2.0]
disc:  341  :[0.0, 1.8, 2.0]
disc:  342  :[0.0, 0.9, 1.0]
disc:  343  :[0.0, 0.2, 2.0]
disc:  344  :[0.0, 1.4540744653794742, 1.854074465379474, 2.0]
disc:  345  :[0.0, 0.9, 1.0]
disc:  346  :[0.0, 0.045925534620525954, 0.6459255346205259, 3.0]
disc:  347  :[0.0, 1.3473335249520193, 1.7473335249520192, 2.0]
disc:  348  :[0.0, 0.6, 6.0]
disc:  349  :[0.0, 0.2, 2.0]
disc:  350  :[0.0, 0.1, 1.0]
disc:  351  :[0.0, 0.145925534620526, 0.5459255346205261, 2.0]
disc:  352  :[0.0, 0.5067409404274551, 1.706740940427455, 6.0]
disc:  353  :[0.0, 0.1, 1.0]
disc:  354  :[0.0, 1.8, 2.0]
disc:  355  :[0.0, 0.9, 1.0]
disc:  356  :[0.0, 0.2, 2.0]
disc:  357  :[0.0, 0.1, 1.0]
disc:  358  :[0.0, 0.2, 2.0]
disc:  359  :[0.0, 4.735501321803497, 5.935501321803496, 6.0]
disc:  360  :[0.0, 2.064498678196504, 3.264498678196504, 6.0]
disc:  361  :[0.0, 0.2, 2.0]
disc:  362  :[0.0, 0.1, 1.0]
disc:  363  :[0.0, 1.7098125047512545, 2.0]
disc:  364  :[0.0, 0.8127737595139914, 1.0]
disc:  365  :[0.0, 0.4774137357347543, 3.0]
disc:  366  :[0.0, 1.8, 2.0]
disc:  367  :[0.0, 5.4, 6.0]
disc:  368  :[0.0, 0.2, 2.0]
disc:  369  :[0.0, 1.8, 2.0]
disc:  370  :[0.0, 0.9, 1.0]
disc:  371  :[0.0, 0.2, 2.0]
disc:  372  :[0.0, 0.2, 2.0]
disc:  373  :[0.0, 0.2, 2.0]
disc:  374  :[0.0, 0.6, 6.0]
disc:  375  :[0.0, 0.2, 2.0]
disc:  376  :[0.0, 0.2, 2.0]
disc:  377  :[0.0, 0.6, 6.0]
disc:  378  :[0.0, 0.6, 6.0]
disc:  379  :[0.0, 0.13332074040597414, 0.5333207404059741, 2.0]
disc:  380  :[0.0, 0.1, 1.0]
disc:  381  :[0.0, 0.3, 3.0]
disc:  382  :[0.0, 2.3666792595940263, 2.966679259594026, 3.0]
disc:  383  :[0.0, 1.8, 2.0]
disc:  384  :[0.0, 0.42610125223012785, 1.6261012522301277, 6.0]
disc:  385  :[0.0, 0.2, 2.0]
disc:  502  :[0.0, 0.1, 1.0]
disc:  503  :[0.0, 0.1, 1.0]
disc:  504  :[0.0, 0.1, 1.0]
disc:  505  :[0.0, 0.633517411107253, 0.833517411107253, 1.0]
disc:  506  :[0.0, 0.1, 1.0]
disc:  507  :[0.0, 0.8615559554848602, 1.0]
disc:  508  :[0.0, 0.1, 1.0]
disc:  509  :[0.0, 0.1, 1.0]
disc:  510  :[0.0, 0.275, 0.475, 1.0]
disc:  511  :[0.0, 0.166482588892747, 0.366482588892747, 1.0]
disc:  512  :[0.0, 0.1, 1.0]
disc:  513  :[0.0, 0.9, 1.0]
disc:  514  :[0.0, 0.1, 1.0]
disc:  515  :[0.0, 0.1, 1.0]
disc:  516  :[0.0, 0.1, 1.0]
disc:  517  :[0.0, 0.1, 1.0]
disc:  518  :[0.0, 0.1, 1.0]
disc:  519  :[0.0, 0.1, 1.0]
disc:  520  :[0.0, 0.7898861451267287, 0.9898861451267287, 1.0]
disc:  521  :[0.0, 0.1, 1.0]
disc:  522  :[0.0, 0.1, 1.0]
disc:  523  :[0.0, 0.1384440445151399, 1.0]
disc:  524  :[0.0, 0.9, 1.0]
disc:  525  :[0.0, 0.30117166265496076, 0.5011716626549607, 1.0]
disc:  526  :[0.0, 0.12456062650438973, 0.32456062650438977, 1.0]
disc:  527  :[0.0, 0.1, 1.0]
disc:  528  :[0.0, 0.010113854873271391, 0.2101138548732714, 1.0]
disc:  529  :[0.0, 0.1, 1.0]
disc:  530  :[0.0, 0.9, 1.0]
disc:  531  :[0.0, 0.9, 1.0]
disc:  532  :[0.0, 0.6429609566634922, 0.8429609566634921, 1.0]
disc:  533  :[0.0, 0.1, 1.0]
disc:  534  :[0.0, 0.1, 1.0]
disc:  535  :[0.0, 0.1, 1.0]
disc:  536  :[0.0, 0.1, 1.0]
disc:  537  :[0.0, 0.1, 1.0]
disc:  538  :[0.0, 0.1, 1.0]
disc:  539  :[0.0, 0.1, 1.0]
disc:  540  :[0.0, 0.1570390433365079, 0.35703904333650793, 1.0]
disc:  541  :[0.0, 0.30692896787928803, 0.5069289678792881, 1.0]
disc:  542  :[0.0, 0.1, 1.0]
disc:  543  :[0.0, 0.1, 1.0]
disc:  544  :[0.0, 0.9, 1.0]
disc:  545  :[0.0, 0.1, 1.0]
disc:  546  :[0.0, 0.1, 1.0]
disc:  547  :[0.0, 0.4988283373450393, 0.6988283373450392, 1.0]
disc:  548  :[0.0, 0.1, 1.0]
disc:  549  :[0.0, 0.9, 1.0]
disc:  550  :[0.0, 0.1, 1.0]
disc:  551  :[0.0, 0.1, 1.0]
disc:  552  :[0.0, 0.1, 1.0]
disc:  553  :[0.0, 0.1, 1.0]
disc:  554  :[0.0, 0.1, 1.0]
disc:  555  :[0.0, 0.9, 1.0]
disc:  556  :[0.0, 0.1, 1.0]
disc:  557  :[0.0, 0.9, 1.0]
disc:  558  :[0.0, 0.1, 1.0]
disc:  559  :[0.0, 0.1, 1.0]
disc:  560  :[0.0, 0.1, 1.0]
disc:  561  :[0.0, 0.1, 1.0]
disc:  562  :[0.0, 0.1, 1.0]
disc:  563  :[0.0, 0.1, 1.0]
disc:  564  :[0.0, 0.1, 1.0]
disc:  565  :[0.0, 0.1, 1.0]
disc:  566  :[0.0, 0.1, 1.0]
disc:  567  :[0.0, 0.1, 1.0]
disc:  568  :[0.0, 0.1, 1.0]
disc:  569  :[0.0, 0.30043937349561023, 0.5004393734956102, 1.0]
disc:  570  :[0.0, 0.1, 1.0]
disc:  571  :[0.0, 0.1, 1.0]
disc:  572  :[0.0, 0.4930710321207119, 0.6930710321207119, 1.0]
  Completed presolve in 13.08s
LOWER-BOUNDING ITERATIONS
====================================================================================================
| Iter   | Incumbent       | Best Incumbent      | Lower Bound        | Gap (%)         | Time      
| finish | -583.1474       | -583.1474           | -642.6635          | 10.206          | 22.39s           
Final UBD: -583.1473545701747
Final LBD: -642.6635409159433
====================================================================================================

*** Alpine ended with status OTHER_LIMIT ***

 Total time for local solves: 10.9s

 Total time for solving max-min problems: 0.0s

 Total time excluding max-min time: 22.39s

presolve objective value: -583.1473545701747
w_opt: 1-dimensional DenseAxisArray{Float64,1,...} with index sets:
    Dimension 1, [(25, 1, 2), (25, 1, 1), (25, 1, 14), (20, 1, 2), (20, 1, 1), (20, 1, 14), (1, 1, 2), (1, 1, 1), (1, 1, 14), (2, 1, 2)  …  (20, 15, 23), (20, 15, 3), (8, 15, 30), (8, 15, 29), (8, 15, 23), (8, 15, 3), (2, 15, 30), (2, 15, 29), (2, 15, 23), (2, 15, 3)]
And data, a 261-element Vector{Float64}:
 1.4859219133269843
 0.7623531679905031
 0.0
 0.5140780866730158
 0.26374808423962487
 0.0
 0.0
 0.0
 0.0
 0.0
 0.0
 0.0
 0.0
 0.0
 0.0
 0.0
 0.33332074040597415
 0.0
 0.0
 2.666679259594026
 0.0
 0.0
 0.0
 0.0
 0.0
 0.0
 0.0
 0.0
 0.0
 0.0
 0.0
 0.0
 0.0
 0.0
 0.0
 0.0
 0.0
 0.0
 0.0
 0.0
 0.0
 0.0
 0.0
 0.0
 0.0
 0.0
 0.0
 0.0
 0.0
 0.0
 0.0
 0.0
 0.0
 0.0
 0.0
 0.0
 0.0
 0.0
 0.0
 2.0
 1.0
 0.0
 0.0
 0.0
 0.0
 0.0
 0.0
 0.0
 0.0
 0.0
 0.0
 0.75
 2.25
 0.0
 0.0
 0.0
 0.0
 0.4491212530087795
 1.3473637590263385
 0.0
 0.0
 0.0
 0.0
 0.0
 0.0
 0.0
 0.0
 0.0
 0.0
 0.0
 0.0
 0.0
 0.8008787469912203
 2.4026362409736612
 0.0
 0.0
 0.0
 0.0
 0.0
 0.0
 0.0
 1.9098125047512544
 0.9127737595139914
 0.17741373573475433
 0.0
 0.0
 0.0
 0.0
 0.0
 0.0
 0.0
 0.0
 0.0
 0.0
 0.0
 0.0
 0.0
 0.0
 4.747988703578279
 2.3711004574355514
 0.0
 0.0
 0.0
 0.5875126182252178
 0.2933982207609533
 0.0
 0.0
 0.0
 0.0
 0.0
 0.0
 0.0
 0.0
 0.0
 0.0
 0.0
 0.0
 0.0
 0.0
 0.0
 0.0
 0.0
 0.0
 0.0
 0.0
 0.0
 0.0
 0.0
 0.0
 0.0
 0.0
 0.0
 0.0
 0.8023433253099215
 0.40117166265496074
 0.0
 0.0
 1.1976566746900785
 0.5988283373450393
 0.0
 0.0
 0.0
 0.0
 0.0
 0.0
 0.0
 0.0
 0.0
 0.0
 0.0
 0.0
 0.0
 0.0
 1.5473335249520193
 0.0
 0.0
 0.0
 0.345925534620526
 1.106740940427455
 0.0
 0.0
 0.0
 0.0
 0.0
 0.0
 0.0
 0.0
 0.0
 0.0
 0.0
 0.0
 0.0
 0.0
 0.0
 1.6540744653794741
 1.0
 0.34592553462052594
 0.0
 0.0
 0.0
 0.0
 0.0
 0.0
 0.0
 0.0
 0.0
 1.467034822214506
 0.733517411107253
 0.0
 0.532965177785494
 0.266482588892747
 0.0
 0.0
 0.0
 0.0
 0.0
 0.0
 0.0
 0.0
 0.0
 0.0
 0.0
 0.0
 0.0
 0.0
 0.18901416780677915
 0.785681095749271
 0.0
 0.0
 0.0
 0.0
 0.0
 0.0
 0.007556990354754606
 0.031412377872963464
 0.0
 0.0
 0.0
 0.0
 0.0
 0.0
 0.0
 0.0
 0.0
 0.0
 0.0
 0.0
 0.0
 0.0
 0.8138579357585761
 0.0
 0.0
 0.40692896787928806
 0.0
 0.0
 0.0
 0.0
 1.1861420642414238
 0.0
 0.0
 0.593071032120712
x_ij_opt: 1-dimensional DenseAxisArray{Float64,1,...} with index sets:
    Dimension 1, [(43, 30), (43, 22), (43, 6), (44, 22), (45, 30), (45, 29), (45, 28), (45, 24), (45, 23), (40, 29)  …  (5, 7), (5, 14), (6, 4), (6, 3), (1, 14), (1, 10), (1, 23), (1, 1), (3, 2), (3, 1)]
And data, a 116-element Vector{Float64}:
 0.0
 0.4526664750479808
 1.3531697523578845
 0.0
 0.0
 0.0
 1.8034288418384663
 0.0
 0.0
 1.2697765939027585
 0.0
 0.0
 0.0
 0.0
 0.0
 0.0
 0.0
 0.0
 0.2375532042919219
 0.0
 0.0
 0.0
 0.0
 0.0
 0.0
 0.0
 0.0
 2.0
 0.0
 3.0
 0.0
 0.0
 0.0
 0.0
 0.0
 0.0
 0.0
 0.0
 0.0
 0.0
 0.0
 0.0
 0.0
 0.6468302476421156
 0.0
 0.0
 0.0
 0.0
 0.0
 0.0
 0.0
 0.0
 0.0
 0.0
 0.0
 0.0
 0.0
 0.6644986781965039
 0.08722624048600858
 2.0
 0.0
 0.0
 0.0
 0.0
 6.0
 0.0
 0.0
 0.0
 0.0
 0.762446795708078
 0.0
 0.0
 0.0
 0.0
 0.0
 0.0
 0.18290652637776542
 0.46402735112422955
 0.0
 0.0
 0.0
 0.0
 0.0
 0.0
 0.0
 0.0
 0.0
 0.0
 0.0
 0.0
 0.8539541049419085
 1.5359726488757703
 0.6450642906664161
 0.0
 0.0
 0.0
 0.0
 0.0
 0.0
 0.0
 0.0
 0.0
 0.0
 0.0
 0.0
 0.09018749524874578
 0.0
 0.0
 0.8127251546521175
 0.0
 0.0
 0.0
 0.0
 4.796485012035118
 0.0
 0.0
x_il_opt: 1-dimensional DenseAxisArray{Float64,1,...} with index sets:
    Dimension 1, [(43, 15), (43, 14), (44, 15), (44, 13), (44, 3), (40, 14), (40, 2), (41, 14), (42, 6), (37, 13)  …  (4, 13), (5, 2), (5, 7), (5, 9), (6, 11), (1, 1), (1, 6), (1, 3), (2, 1), (2, 15)]
And data, a 71-element Vector{Float64}:
 0.0
 0.0
 0.0
 2.200552233321759
 0.0
 0.9746952635560502
 0.0
 0.0
 3.0
 0.7994477666782411
 0.0
 3.0
 0.0
 0.0
 0.0
 0.0
 0.0
 0.0
 7.11908916101383
 0.0
 0.0
 0.03896936822771807
 3.0
 1.203514987964882
 1.796485012035118
 0.0
 0.8809108389861711
 0.0
 3.0
 0.0
 2.2482750813174874
 0.0
 0.0
 0.0
 0.0
 0.0
 0.0
 0.0
 0.7778261709126406
 1.2207869036378642
 0.0
 0.0
 3.0
 0.0
 0.0
 1.796485012035118
 0.0
 3.0
 0.0
 0.0
 0.0
 0.0
 0.0
 0.0
 0.0
 0.0
 0.0
 0.0
 0.0
 0.0
 0.0
 0.0
 0.0
 0.0
 0.0
 0.0
 0.0
 3.2035149879648817
 0.0
 0.0
 1.7792130963621358
x_lj_opt: 1-dimensional DenseAxisArray{Float64,1,...} with index sets:
    Dimension 1, [(15, 30), (15, 29), (15, 23), (15, 3), (14, 28), (14, 27), (14, 10), (14, 24), (13, 26), (13, 25)  …  (3, 6), (3, 5), (3, 29), (2, 4), (2, 3), (2, 1), (2, 5), (1, 2), (1, 1), (1, 14)]
And data, a 53-element Vector{Float64}:
 2.0
 0.0
 0.0
 1.0
 0.19657115816153375
 0.8170934736222346
 0.0
 0.0
 2.0
 1.0
 0.0
 1.6540744653794741
 1.0
 0.34592553462052594
 1.5473335249520193
 0.0
 0.0
 0.0
 0.345925534620526
 1.106740940427455
 0.0
 2.0
 1.0
 0.0
 0.0
 0.0
 5.335501321803497
 2.664498678196504
 0.0
 0.0
 1.9098125047512544
 0.9127737595139914
 0.17741373573475433
 2.0
 6.0
 0.0
 2.0
 1.0
 0.0
 0.0
 0.0
 0.0
 0.0
 0.0
 0.0
 0.0
 0.33332074040597415
 0.0
 0.0
 2.666679259594026
 2.0
 1.0261012522301278
 0.0
q_opt: 1-dimensional DenseAxisArray{Float64,1,...} with index sets:
    Dimension 1, [(43, 15), (43, 14), (44, 15), (44, 13), (44, 3), (40, 14), (40, 2), (41, 14), (42, 6), (37, 13)  …  (4, 13), (5, 2), (5, 7), (5, 9), (6, 11), (1, 1), (1, 6), (1, 3), (2, 1), (2, 15)]
And data, a 71-element Vector{Float64}:
 0.0
 0.0
 0.0
 0.733517411107253
 0.0
 0.9615559554848602
 0.0
 0.0
 0.375
 0.266482588892747
 0.0
 1.0
 0.0
 0.0
 0.0
 0.0
 0.0
 0.0
 0.8898861451267287
 0.0
 0.0
 0.038444044515139886
 1.0
 0.40117166265496074
 0.22456062650438974
 0.0
 0.1101138548732714
 0.0
 1.0
 1.0
 0.7429609566634922
 0.0
 0.0
 0.0
 0.0
 0.0
 0.0
 0.0
 0.2570390433365079
 0.40692896787928806
 0.0
 0.0
 1.0
 0.0
 0.0
 0.5988283373450393
 0.0
 1.0
 0.0
 0.0
 0.0
 0.0
 0.0
 1.0
 0.0
 1.0
 0.0
 0.0
 0.0
 0.0
 0.0
 0.0
 0.0
 0.0
 0.0
 0.0
 0.0
 0.4004393734956102
 0.0
 0.0
 0.5930710321207119
