
PROBLEM STATISTICS
  Objective sense = Min
  # Variables = 572
  # Bin-Int Variables = 0
  # Constraints = 621
  # NL Constraints = 261
  # Linear Constraints = 360
  # Detected convex constraints = 0
  # Detected nonlinear terms = 261
  # Variables involved in nonlinear terms = 124
  # Potential variables for partitioning = 124
SUB-SOLVERS USED BY ALPINE
  NLP local solver = Knitro
  MIP solver = Gurobi
ALPINE CONFIGURATION
  Maximum iterations (lower-bounding MIPs) =  1
  Relative global optimality gap = 0.01%
  Potential variables chosen for partitioning = All
  Discretization ratio = 10
  Bound-tightening presolve = false
PRESOLVE 
  Doing local search

Feasible solution found during presolve: [1.3431343854911713, 0.0, 0.0, 0.6568656145088287, 0.0, 0.0, 0.0, 0.0, 0.0, 0.0, 0.0, 0.0, 0.0, 0.0, 0.0, 0.0, 2.0, 0.0, 0.0, 1.0, 0.0, 0.0, 0.0, 0.0, 0.0, 0.0, 0.0, 0.0, 0.0, 1.3759870836635077, 0.8251213383843361, 0.0, 0.0, 0.0, 0.0, 3.624012916336493, 2.1731689022177365, 0.0, 0.0, 0.0, 0.0, 0.0, 0.0, 0.0, 0.0, 0.0, 0.0, 0.0, 0.0, 1.1884426150010938, 1.2485356344541485, 0.0, 0.0, 0.0, 0.0, 0.0, 0.0, 0.0, 0.0, 2.0, 1.0, 0.0, 0.0, 0.0, 0.0, 0.0, 0.0, 0.0, 0.0, 0.0, 0.0, 0.04689345196013107, 0.1406803558803932, 0.0, 0.75, 2.25, 0.0, 0.5670993576786468, 1.7012980730359404, 0.0, 0.0, 0.0, 0.0, 0.0, 0.0, 0.0, 0.0, 0.0, 0.0, 0.0, 0.0, 0.0, 0.6360071903612222, 1.9080215710836668, 0.0, 0.0, 0.0, 0.0, 0.0, 0.0, 0.0, 0.3221037746003365, 0.3198797422352601, 0.652467956406781, 0.424398773989273, 0.4214684245693631, 0.8596813281989867, 0.0, 0.0, 0.0, 0.0, 0.0, 0.0, 0.0, 0.0, 0.0, 0.0, 0.0, 3.0351361612091465, 2.241312621021232, 0.0, 0.0, 0.0, 1.5666500574774014, 1.1569011602922203, 0.0, 0.0, 0.0, 0.0, 0.0, 0.0, 0.0, 0.0, 0.0, 0.0, 0.0, 0.0, 0.0, 0.0, 0.0, 0.0, 0.0, 0.0, 0.0, 0.0, 0.0, 0.0, 0.0, 0.0, 0.0, 0.0, 0.0, 0.0, 0.487735046190275, 0.24386752309513762, 0.0, 0.0, 1.512264953809725, 0.7561324769048627, 0.0, 0.0, 0.0, 0.0, 0.0, 0.0, 0.0, 0.0, 0.0, 0.0, 0.0, 0.0, 0.0, 0.0, 1.0, 0.0, 0.0, 0.0, 2.0, 0.0, 0.0, 0.0, 0.0, 0.0, 0.0, 0.0, 0.0, 0.0, 0.0, 0.0, 0.0, 0.0, 0.0, 0.0, 0.0, 0.0, 0.0, 0.0, 0.0, 0.0, 0.0, 0.0, 0.0, 0.0, 0.0, 0.0, 0.0, 1.5118074108226836, 0.7559037054113418, 0.0, 0.48819258917731645, 0.2440962945886582, 0.0, 0.0, 0.0, 0.0, 0.0, 0.0, 0.0, 0.0, 0.0, 0.0, 0.0, 0.0, 0.0, 0.0, 0.0, 0.0, 0.0, 0.0, 0.0, 0.0, 0.0, 0.0, 0.0, 0.0, 0.0, 0.0, 0.0, 0.0, 0.0, 0.0, 0.0, 0.0, 0.0, 0.0, 0.0, 0.0, 0.0, 0.0, 0.0, 0.0, 0.0, 0.0, 0.0, 0.0, 0.0, 0.0, 1.8366449027800031, 3.001709759397928, 0.0, 1.0, 0.0, 0.0, 0.0, 2.2677111162340253, 2.2011084220478434, 0.0, 0.0, 0.0, 0.18757380784052427, 0.7322888837659747, 0.0, 0.0, 0.0, 0.0, 3.0, 0.0, 0.0, 0.0, 5.2764487822303785, 0.0, 0.0, 0.0, 3.0, 0.7316025692854127, 2.2683974307145873, 0.0, 2.723551217769622, 0.0, 3.0, 0.0, 1.3431343854911713, 0.0, 0.0, 0.0, 0.0, 0.0, 0.0, 0.0, 0.6568656145088287, 0.0, 0.0, 0.0, 3.0, 0.0, 0.0, 2.2683974307145878, 0.0, 1.2944514732423775, 0.0, 0.0, 0.0, 0.0, 0.0, 0.0, 2.4369782494552426, 0.0, 0.0, 5.797181818554229, 0.0, 0.0, 0.0, 0.0, 0.0, 1.7055485267576227, 0.0, 0.0, 0.0, 2.544028761444889, 0.0, 0.0, 5.838354662177931, 1.8366449027800031, 3.001709759397928, 0.0, 1.0, 0.0, 0.0, 0.0, 0.0, 2.0, 1.0, 0.0, 0.0, 0.0, 0.0, 1.0, 0.0, 0.0, 0.0, 2.0, 0.0, 0.0, 2.0, 1.0, 0.0, 0.0, 0.0, 4.601786218686548, 3.3982137813134523, 0.0, 0.0, 0.7465025485896095, 0.741348166804623, 1.5121492846057676, 2.0, 6.0, 0.0, 2.0, 1.0, 0.0, 0.0, 1.1884426150010938, 1.2485356344541485, 0.0, 0.0, 5.0, 2.998290240602072, 2.0, 0.0, 0.0, 1.0, 2.0, 0.0, 0.0, 0.0, 0.9999999999999999, 1.6792909383588375, 0.0, 0.16335509721999686, 0.0, 1.6579252804216593, 0.0, 0.0, 0.0, 0.0, 0.0, 0.0, 0.0, 0.0, 0.0, 0.0, 0.0, 0.21946512239074434, 0.0, 0.0, 0.0, 0.0, 0.0, 0.0, 0.0, 0.0, 2.0, 0.3420747195783408, 0.0, 0.0, 0.0, 0.0, 0.0, 0.0, 0.0, 0.0, 0.0, 0.0, 0.0, 0.0, 0.0, 0.0, 0.32070906164116253, 0.0, 0.0, 0.0, 0.0, 0.0, 0.0, 0.0, 0.0, 0.0, 0.0, 0.0, 0.0, 0.0, 1.398213781313452, 0.258651833195377, 2.0, 0.0, 0.0, 0.0, 0.0, 6.0, 0.0, 0.0, 0.0, 0.0, 0.7805348776092557, 0.0, 0.0, 0.0, 0.0, 0.0, 0.0, 0.0, 0.8115573849989062, 0.0, 0.0, 0.0, 0.0, 0.0, 0.0, 0.0, 0.0, 0.0, 0.0, 0.0, 0.0, 0.0, 0.0, 1.3532505842323985, 0.0, 0.0, 0.0, 0.0, 0.0, 0.0, 0.0, 0.0, 0.0, 0.0, 0.0, 0.0, 1.0352704340419518, 0.0, 0.0, 0.0, 0.0, 0.21822701736843872, 0.0, 0.0, 4.487850715394233, 0.0, 0.0, 0.0, 0.0, 0.0, 0.7559037054113418, 0.27519741673270154, 0.0, 0.0, 0.0, 0.023446725980065534, 0.24409629458865822, 0.0, 0.0, 0.0, 0.0, 0.375, 0.0, 0.0, 0.0, 0.6595560977787973, 0.0, 0.0, 0.0, 1.0, 0.2438675230951375, 0.2835496788393234, 0.0, 0.34044390222120274, 0.0, 1.0, 1.0, 0.6715671927455856, 0.0, 0.0, 1.0, 0.0, 0.0, 0.0, 0.0, 0.32843280725441437, 0.0, 0.0, 0.0, 1.0, 0.0, 0.0, 0.7561324769048625, 0.0, 0.43148382441412586, 0.0, 0.0, 0.0, 0.0, 1.0, 0.0, 1.0, 0.0, 0.0, 0.7248025832672985, 0.0, 0.0, 0.0, 0.0, 0.0, 0.5685161755858742, 0.0, 0.0, 0.0, 0.3180035951806111, 0.0, 0.0, 1.0]  :with objective: -596.5066107095884

  Local solver returns a feasible point with value -596.5066
disc:  333  :[0.0, 1.6366449027800032, 2.0]
disc:  334  :[0.0, 2.401709759397928, 3.601709759397928, 6.0]
disc:  335  :[0.0, 0.1, 1.0]
disc:  336  :[0.0, 0.9, 1.0]
disc:  337  :[0.0, 0.2, 2.0]
disc:  338  :[0.0, 0.1, 1.0]
disc:  339  :[0.0, 0.2, 2.0]
disc:  340  :[0.0, 0.2, 2.0]
disc:  341  :[0.0, 1.8, 2.0]
disc:  342  :[0.0, 0.9, 1.0]
disc:  343  :[0.0, 0.2, 2.0]
disc:  344  :[0.0, 0.2, 2.0]
disc:  345  :[0.0, 0.1, 1.0]
disc:  346  :[0.0, 0.3, 3.0]
disc:  347  :[0.0, 0.8, 1.2, 2.0]
disc:  348  :[0.0, 0.6, 6.0]
disc:  349  :[0.0, 0.2, 2.0]
disc:  350  :[0.0, 0.1, 1.0]
disc:  351  :[0.0, 1.8, 2.0]
disc:  352  :[0.0, 0.6, 6.0]
disc:  353  :[0.0, 0.1, 1.0]
disc:  354  :[0.0, 1.8, 2.0]
disc:  355  :[0.0, 0.9, 1.0]
disc:  356  :[0.0, 0.2, 2.0]
disc:  357  :[0.0, 0.1, 1.0]
disc:  358  :[0.0, 0.2, 2.0]
disc:  359  :[0.0, 4.001786218686548, 5.201786218686547, 6.0]
disc:  360  :[0.0, 2.798213781313452, 3.9982137813134524, 6.0]
disc:  361  :[0.0, 0.2, 2.0]
disc:  362  :[0.0, 0.1, 1.0]
disc:  363  :[0.0, 0.5465025485896096, 0.9465025485896095, 2.0]
disc:  364  :[0.0, 0.641348166804623, 0.841348166804623, 1.0]
disc:  365  :[0.0, 1.2121492846057675, 1.8121492846057676, 3.0]
disc:  366  :[0.0, 1.8, 2.0]
disc:  367  :[0.0, 5.4, 6.0]
disc:  368  :[0.0, 0.2, 2.0]
disc:  369  :[0.0, 1.8, 2.0]
disc:  370  :[0.0, 0.9, 1.0]
disc:  371  :[0.0, 0.2, 2.0]
disc:  372  :[0.0, 0.2, 2.0]
disc:  373  :[0.0, 0.9884426150010939, 1.3884426150010938, 2.0]
disc:  374  :[0.0, 0.6485356344541485, 1.8485356344541484, 6.0]
disc:  375  :[0.0, 0.2, 2.0]
disc:  376  :[0.0, 0.2, 2.0]
disc:  377  :[0.0, 4.4, 5.6, 6.0]
disc:  378  :[0.0, 2.398290240602072, 3.598290240602072, 6.0]
disc:  379  :[0.0, 1.8, 2.0]
disc:  380  :[0.0, 0.1, 1.0]
disc:  381  :[0.0, 0.3, 3.0]
disc:  382  :[0.0, 0.7, 1.3, 3.0]
disc:  383  :[0.0, 1.8, 2.0]
disc:  384  :[0.0, 0.6, 6.0]
disc:  385  :[0.0, 0.2, 2.0]
disc:  502  :[0.0, 0.1, 1.0]
disc:  503  :[0.0, 0.1, 1.0]
disc:  504  :[0.0, 0.1, 1.0]
disc:  505  :[0.0, 0.6559037054113418, 0.8559037054113418, 1.0]
disc:  506  :[0.0, 0.17519741673270153, 0.37519741673270157, 1.0]
disc:  507  :[0.0, 0.1, 1.0]
disc:  508  :[0.0, 0.1, 1.0]
disc:  509  :[0.0, 0.1, 1.0]
disc:  510  :[0.0, 0.12344672598006554, 1.0]
disc:  511  :[0.0, 0.14409629458865822, 0.3440962945886582, 1.0]
disc:  512  :[0.0, 0.1, 1.0]
disc:  513  :[0.0, 0.1, 1.0]
disc:  514  :[0.0, 0.1, 1.0]
disc:  515  :[0.0, 0.1, 1.0]
disc:  516  :[0.0, 0.275, 0.475, 1.0]
disc:  517  :[0.0, 0.1, 1.0]
disc:  518  :[0.0, 0.1, 1.0]
disc:  519  :[0.0, 0.1, 1.0]
disc:  520  :[0.0, 0.5595560977787973, 0.7595560977787973, 1.0]
disc:  521  :[0.0, 0.1, 1.0]
disc:  522  :[0.0, 0.1, 1.0]
disc:  523  :[0.0, 0.1, 1.0]
disc:  524  :[0.0, 0.9, 1.0]
disc:  525  :[0.0, 0.1438675230951375, 0.3438675230951375, 1.0]
disc:  526  :[0.0, 0.1835496788393234, 0.38354967883932345, 1.0]
disc:  527  :[0.0, 0.1, 1.0]
disc:  528  :[0.0, 0.24044390222120274, 0.4404439022212028, 1.0]
disc:  529  :[0.0, 0.1, 1.0]
disc:  530  :[0.0, 0.9, 1.0]
disc:  531  :[0.0, 0.9, 1.0]
disc:  532  :[0.0, 0.5715671927455857, 0.7715671927455856, 1.0]
disc:  533  :[0.0, 0.1, 1.0]
disc:  534  :[0.0, 0.1, 1.0]
disc:  535  :[0.0, 0.9, 1.0]
disc:  536  :[0.0, 0.1, 1.0]
disc:  537  :[0.0, 0.1, 1.0]
disc:  538  :[0.0, 0.1, 1.0]
disc:  539  :[0.0, 0.1, 1.0]
disc:  540  :[0.0, 0.22843280725441437, 0.42843280725441435, 1.0]
disc:  541  :[0.0, 0.1, 1.0]
disc:  542  :[0.0, 0.1, 1.0]
disc:  543  :[0.0, 0.1, 1.0]
disc:  544  :[0.0, 0.9, 1.0]
disc:  545  :[0.0, 0.1, 1.0]
disc:  546  :[0.0, 0.1, 1.0]
disc:  547  :[0.0, 0.6561324769048625, 0.8561324769048625, 1.0]
disc:  548  :[0.0, 0.1, 1.0]
disc:  549  :[0.0, 0.3314838244141258, 0.5314838244141259, 1.0]
disc:  550  :[0.0, 0.1, 1.0]
disc:  551  :[0.0, 0.1, 1.0]
disc:  552  :[0.0, 0.1, 1.0]
disc:  553  :[0.0, 0.1, 1.0]
disc:  554  :[0.0, 0.9, 1.0]
disc:  555  :[0.0, 0.1, 1.0]
disc:  556  :[0.0, 0.9, 1.0]
disc:  557  :[0.0, 0.1, 1.0]
disc:  558  :[0.0, 0.1, 1.0]
disc:  559  :[0.0, 0.6248025832672985, 0.8248025832672985, 1.0]
disc:  560  :[0.0, 0.1, 1.0]
disc:  561  :[0.0, 0.1, 1.0]
disc:  562  :[0.0, 0.1, 1.0]
disc:  563  :[0.0, 0.1, 1.0]
disc:  564  :[0.0, 0.1, 1.0]
disc:  565  :[0.0, 0.4685161755858742, 0.6685161755858742, 1.0]
disc:  566  :[0.0, 0.1, 1.0]
disc:  567  :[0.0, 0.1, 1.0]
disc:  568  :[0.0, 0.1, 1.0]
disc:  569  :[0.0, 0.2180035951806111, 0.41800359518061114, 1.0]
disc:  570  :[0.0, 0.1, 1.0]
disc:  571  :[0.0, 0.1, 1.0]
disc:  572  :[0.0, 0.9, 1.0]
  Completed presolve in 11.65s
LOWER-BOUNDING ITERATIONS
====================================================================================================
| Iter   | Incumbent       | Best Incumbent      | Lower Bound        | Gap (%)         | Time      
| finish | -596.5066       | -596.5066           | -630.3561          | 5.675           | 31.97s           
Final UBD: -596.5066107095884
Final LBD: -630.3561275495539
====================================================================================================

*** Alpine ended with status OTHER_LIMIT ***

 Total time for local solves: 9.3s

 Total time for solving max-min problems: 0.0s

 Total time excluding max-min time: 31.97s

presolve objective value: -596.5066107095884
w_opt: 1-dimensional DenseAxisArray{Float64,1,...} with index sets:
    Dimension 1, [(25, 1, 2), (25, 1, 1), (25, 1, 14), (20, 1, 2), (20, 1, 1), (20, 1, 14), (1, 1, 2), (1, 1, 1), (1, 1, 14), (2, 1, 2)  …  (20, 15, 23), (20, 15, 3), (8, 15, 30), (8, 15, 29), (8, 15, 23), (8, 15, 3), (2, 15, 30), (2, 15, 29), (2, 15, 23), (2, 15, 3)]
And data, a 261-element Vector{Float64}:
 1.3431343854911713
 0.0
 0.0
 0.6568656145088287
 0.0
 0.0
 0.0
 0.0
 0.0
 0.0
 0.0
 0.0
 0.0
 0.0
 0.0
 0.0
 2.0
 0.0
 0.0
 1.0
 0.0
 0.0
 0.0
 0.0
 0.0
 0.0
 0.0
 0.0
 0.0
 1.3759870836635077
 0.8251213383843361
 0.0
 0.0
 0.0
 0.0
 3.624012916336493
 2.1731689022177365
 0.0
 0.0
 0.0
 0.0
 0.0
 0.0
 0.0
 0.0
 0.0
 0.0
 0.0
 0.0
 1.1884426150010938
 1.2485356344541485
 0.0
 0.0
 0.0
 0.0
 0.0
 0.0
 0.0
 0.0
 2.0
 1.0
 0.0
 0.0
 0.0
 0.0
 0.0
 0.0
 0.0
 0.0
 0.0
 0.0
 0.04689345196013107
 0.1406803558803932
 0.0
 0.75
 2.25
 0.0
 0.5670993576786468
 1.7012980730359404
 0.0
 0.0
 0.0
 0.0
 0.0
 0.0
 0.0
 0.0
 0.0
 0.0
 0.0
 0.0
 0.0
 0.6360071903612222
 1.9080215710836668
 0.0
 0.0
 0.0
 0.0
 0.0
 0.0
 0.0
 0.3221037746003365
 0.3198797422352601
 0.652467956406781
 0.424398773989273
 0.4214684245693631
 0.8596813281989867
 0.0
 0.0
 0.0
 0.0
 0.0
 0.0
 0.0
 0.0
 0.0
 0.0
 0.0
 3.0351361612091465
 2.241312621021232
 0.0
 0.0
 0.0
 1.5666500574774014
 1.1569011602922203
 0.0
 0.0
 0.0
 0.0
 0.0
 0.0
 0.0
 0.0
 0.0
 0.0
 0.0
 0.0
 0.0
 0.0
 0.0
 0.0
 0.0
 0.0
 0.0
 0.0
 0.0
 0.0
 0.0
 0.0
 0.0
 0.0
 0.0
 0.0
 0.487735046190275
 0.24386752309513762
 0.0
 0.0
 1.512264953809725
 0.7561324769048627
 0.0
 0.0
 0.0
 0.0
 0.0
 0.0
 0.0
 0.0
 0.0
 0.0
 0.0
 0.0
 0.0
 0.0
 1.0
 0.0
 0.0
 0.0
 2.0
 0.0
 0.0
 0.0
 0.0
 0.0
 0.0
 0.0
 0.0
 0.0
 0.0
 0.0
 0.0
 0.0
 0.0
 0.0
 0.0
 0.0
 0.0
 0.0
 0.0
 0.0
 0.0
 0.0
 0.0
 0.0
 0.0
 0.0
 0.0
 1.5118074108226836
 0.7559037054113418
 0.0
 0.48819258917731645
 0.2440962945886582
 0.0
 0.0
 0.0
 0.0
 0.0
 0.0
 0.0
 0.0
 0.0
 0.0
 0.0
 0.0
 0.0
 0.0
 0.0
 0.0
 0.0
 0.0
 0.0
 0.0
 0.0
 0.0
 0.0
 0.0
 0.0
 0.0
 0.0
 0.0
 0.0
 0.0
 0.0
 0.0
 0.0
 0.0
 0.0
 0.0
 0.0
 0.0
 0.0
 0.0
 0.0
 0.0
 0.0
 0.0
 0.0
 0.0
 1.8366449027800031
 3.001709759397928
 0.0
 1.0
x_ij_opt: 1-dimensional DenseAxisArray{Float64,1,...} with index sets:
    Dimension 1, [(43, 30), (43, 22), (43, 6), (44, 22), (45, 30), (45, 29), (45, 28), (45, 24), (45, 23), (40, 29)  …  (5, 7), (5, 14), (6, 4), (6, 3), (1, 14), (1, 10), (1, 23), (1, 1), (3, 2), (3, 1)]
And data, a 116-element Vector{Float64}:
 0.0
 0.9999999999999999
 1.6792909383588375
 0.0
 0.16335509721999686
 0.0
 1.6579252804216593
 0.0
 0.0
 0.0
 0.0
 0.0
 0.0
 0.0
 0.0
 0.0
 0.0
 0.0
 0.21946512239074434
 0.0
 0.0
 0.0
 0.0
 0.0
 0.0
 0.0
 0.0
 2.0
 0.3420747195783408
 0.0
 0.0
 0.0
 0.0
 0.0
 0.0
 0.0
 0.0
 0.0
 0.0
 0.0
 0.0
 0.0
 0.0
 0.32070906164116253
 0.0
 0.0
 0.0
 0.0
 0.0
 0.0
 0.0
 0.0
 0.0
 0.0
 0.0
 0.0
 0.0
 1.398213781313452
 0.258651833195377
 2.0
 0.0
 0.0
 0.0
 0.0
 6.0
 0.0
 0.0
 0.0
 0.0
 0.7805348776092557
 0.0
 0.0
 0.0
 0.0
 0.0
 0.0
 0.0
 0.8115573849989062
 0.0
 0.0
 0.0
 0.0
 0.0
 0.0
 0.0
 0.0
 0.0
 0.0
 0.0
 0.0
 0.0
 0.0
 1.3532505842323985
 0.0
 0.0
 0.0
 0.0
 0.0
 0.0
 0.0
 0.0
 0.0
 0.0
 0.0
 0.0
 1.0352704340419518
 0.0
 0.0
 0.0
 0.0
 0.21822701736843872
 0.0
 0.0
 4.487850715394233
 0.0
 0.0
x_il_opt: 1-dimensional DenseAxisArray{Float64,1,...} with index sets:
    Dimension 1, [(43, 15), (43, 14), (44, 15), (44, 13), (44, 3), (40, 14), (40, 2), (41, 14), (42, 6), (37, 13)  …  (4, 13), (5, 2), (5, 7), (5, 9), (6, 11), (1, 1), (1, 6), (1, 3), (2, 1), (2, 15)]
And data, a 71-element Vector{Float64}:
 0.0
 0.0
 0.0
 2.2677111162340253
 2.2011084220478434
 0.0
 0.0
 0.0
 0.18757380784052427
 0.7322888837659747
 0.0
 0.0
 0.0
 0.0
 3.0
 0.0
 0.0
 0.0
 5.2764487822303785
 0.0
 0.0
 0.0
 3.0
 0.7316025692854127
 2.2683974307145873
 0.0
 2.723551217769622
 0.0
 3.0
 0.0
 1.3431343854911713
 0.0
 0.0
 0.0
 0.0
 0.0
 0.0
 0.0
 0.6568656145088287
 0.0
 0.0
 0.0
 3.0
 0.0
 0.0
 2.2683974307145878
 0.0
 1.2944514732423775
 0.0
 0.0
 0.0
 0.0
 0.0
 0.0
 2.4369782494552426
 0.0
 0.0
 5.797181818554229
 0.0
 0.0
 0.0
 0.0
 0.0
 1.7055485267576227
 0.0
 0.0
 0.0
 2.544028761444889
 0.0
 0.0
 5.838354662177931
x_lj_opt: 1-dimensional DenseAxisArray{Float64,1,...} with index sets:
    Dimension 1, [(15, 30), (15, 29), (15, 23), (15, 3), (14, 28), (14, 27), (14, 10), (14, 24), (13, 26), (13, 25)  …  (3, 6), (3, 5), (3, 29), (2, 4), (2, 3), (2, 1), (2, 5), (1, 2), (1, 1), (1, 14)]
And data, a 53-element Vector{Float64}:
 1.8366449027800031
 3.001709759397928
 0.0
 1.0
 0.0
 0.0
 0.0
 0.0
 2.0
 1.0
 0.0
 0.0
 0.0
 0.0
 1.0
 0.0
 0.0
 0.0
 2.0
 0.0
 0.0
 2.0
 1.0
 0.0
 0.0
 0.0
 4.601786218686548
 3.3982137813134523
 0.0
 0.0
 0.7465025485896095
 0.741348166804623
 1.5121492846057676
 2.0
 6.0
 0.0
 2.0
 1.0
 0.0
 0.0
 1.1884426150010938
 1.2485356344541485
 0.0
 0.0
 5.0
 2.998290240602072
 2.0
 0.0
 0.0
 1.0
 2.0
 0.0
 0.0
q_opt: 1-dimensional DenseAxisArray{Float64,1,...} with index sets:
    Dimension 1, [(43, 15), (43, 14), (44, 15), (44, 13), (44, 3), (40, 14), (40, 2), (41, 14), (42, 6), (37, 13)  …  (4, 13), (5, 2), (5, 7), (5, 9), (6, 11), (1, 1), (1, 6), (1, 3), (2, 1), (2, 15)]
And data, a 71-element Vector{Float64}:
 0.0
 0.0
 0.0
 0.7559037054113418
 0.27519741673270154
 0.0
 0.0
 0.0
 0.023446725980065534
 0.24409629458865822
 0.0
 0.0
 0.0
 0.0
 0.375
 0.0
 0.0
 0.0
 0.6595560977787973
 0.0
 0.0
 0.0
 1.0
 0.2438675230951375
 0.2835496788393234
 0.0
 0.34044390222120274
 0.0
 1.0
 1.0
 0.6715671927455856
 0.0
 0.0
 1.0
 0.0
 0.0
 0.0
 0.0
 0.32843280725441437
 0.0
 0.0
 0.0
 1.0
 0.0
 0.0
 0.7561324769048625
 0.0
 0.43148382441412586
 0.0
 0.0
 0.0
 0.0
 1.0
 0.0
 1.0
 0.0
 0.0
 0.7248025832672985
 0.0
 0.0
 0.0
 0.0
 0.0
 0.5685161755858742
 0.0
 0.0
 0.0
 0.3180035951806111
 0.0
 0.0
 1.0
