
PROBLEM STATISTICS
  Objective sense = Min
  # Variables = 572
  # Bin-Int Variables = 0
  # Constraints = 621
  # NL Constraints = 261
  # Linear Constraints = 360
  # Detected convex constraints = 0
  # Detected nonlinear terms = 261
  # Variables involved in nonlinear terms = 124
  # Potential variables for partitioning = 124
SUB-SOLVERS USED BY ALPINE
  NLP local solver = Knitro
  MIP solver = Gurobi
ALPINE CONFIGURATION
  Maximum iterations (lower-bounding MIPs) =  1
  Relative global optimality gap = 0.01%
  Potential variables chosen for partitioning = All
  Discretization ratio = 10
  Bound-tightening presolve = false
PRESOLVE 
  Doing local search

Feasible solution found during presolve: [1.1091384247685845, 0.7919596662985762, 0.0, 0.8908615752314156, 0.6361031410355292, 0.0, 0.0, 0.0, 0.0, 0.0, 0.0, 0.0, 0.0, 0.0, 0.0, 0.0, 2.0, 0.0, 0.0, 0.9999999999999998, 0.0, 0.0, 0.0, 0.0, 0.0, 0.0, 0.0, 0.0, 0.0, 1.9629704724666788, 1.0426144940558226, 0.0, 0.0, 0.0, 0.0, 1.7816501460816765, 0.9463077981540866, 0.0, 0.0, 0.0, 0.0, 1.2553793814516443, 0.6667837122356597, 0.0, 0.0, 0.0, 0.0, 0.0, 0.0, 0.0, 0.0, 0.0, 0.0, 0.0, 0.0, 0.0, 0.0, 0.0, 0.0, 2.0, 1.0, 0.0, 0.0, 0.0, 0.0, 0.0, 0.0, 0.0, 0.0, 0.0, 0.0, 0.7017533731936803, 2.105260119581041, 0.0, 0.07024891409553877, 0.2107467422866163, 0.0, 0.5606975927259634, 1.6820927781778903, 0.0, 0.0, 0.0, 0.0, 0.0, 0.0, 0.0, 0.0, 0.0, 0.0, 0.0, 0.0, 0.0, 0.6673001199848174, 2.001900359954452, 0.0, 0.0, 0.0, 0.0, 0.0, 0.0, 0.0, 0.8404695224054919, 0.8600552392267918, 1.2994752383677164, 0.0, 0.0, 0.0, 0.0, 0.0, 0.0, 0.0, 0.0, 0.0, 0.0, 0.0, 0.0, 0.0, 0.0, 5.1648288590721885, 2.2361422621651665, 0.0, 0.0, 0.0, 0.4180372534589351, 0.18099162530370896, 0.0, 0.0, 0.0, 0.0, 0.0, 0.0, 0.0, 0.0, 0.0, 0.0, 0.0, 0.0, 0.0, 0.0, 0.0, 0.0, 0.0, 0.0, 0.0, 0.0, 0.0, 0.0, 0.5418232606907551, 0.0, 0.0, 0.0, 0.0, 0.0, 0.5048064193974308, 0.2524032096987154, 0.0, 0.0, 1.4951935806025693, 0.7475967903012847, 0.0, 0.0, 0.0, 0.0, 0.0, 0.0, 0.0, 0.0, 0.0, 0.0, 0.0, 0.0, 0.0, 0.0, 1.6218038158565697, 0.0, 0.0, 0.0, 0.5517654625082704, 0.0, 0.0, 0.0, 0.0, 0.0, 0.0, 0.0, 0.0, 0.0, 0.0, 0.0, 0.0, 0.0, 0.0, 0.0, 0.0, 1.4482345374917298, 0.9264758105716832, 0.6252896519365868, 0.0, 0.0, 0.0, 0.0, 0.0, 0.0, 0.0, 0.0, 0.0, 1.4200138009146421, 0.7100069004573211, 0.0, 0.5799861990853579, 0.28999309954267893, 0.0, 0.0, 0.0, 0.0, 0.0, 0.0, 0.0, 0.0, 0.0, 0.0, 0.0, 0.0, 0.0, 0.0, 0.14238682635413988, 0.5381933412113535, 0.0, 0.0, 0.0, 0.0, 0.0, 0.0, 0.0, 0.0, 0.0, 0.0, 0.0, 0.0, 0.0, 0.0, 0.0, 0.0, 0.0, 0.0, 0.0, 0.0, 0.0, 0.0, 0.48952824671607537, 0.0, 0.0, 0.2447641233580377, 0.0, 0.0, 0.0, 0.0, 1.5104717532839247, 0.0, 0.0, 0.7552358766419623, 0.0, 0.0, 0.0, 2.130020701371963, 3.005584966522501, 0.6805801675654934, 0.0, 0.0, 2.807013492774721, 0.8699792986280367, 0.0, 3.0, 0.0, 0.0, 0.28099565638215507, 0.0, 0.0, 0.0, 7.400971121237355, 0.0, 0.0, 0.0, 3.0, 0.7572096290961461, 2.2427903709038537, 0.0, 0.5990288787626441, 0.0, 2.173569278364841, 0.5418232606907551, 1.9010980910671607, 0.0, 0.0, 0.0, 0.0, 0.0, 0.0, 0.0, 1.5269647162669449, 0.7342923700741131, 0.0, 0.0, 3.0, 0.0, 0.0, 2.242790370903854, 0.0, 3.0, 0.0, 0.0, 0.0, 0.0, 0.0, 0.0, 0.0, 0.0, 0.0, 2.727957944235763, 0.0, 0.0, 0.0, 0.0, 0.0, 0.0, 0.0, 0.0, 0.0, 2.6692004799392697, 1.922163093687304, 0.0, 2.265707629925887, 2.0, 0.0, 0.0, 1.0, 0.14238682635413988, 0.5381933412113535, 0.0, 0.0, 2.0, 1.0, 0.0, 1.4482345374917298, 0.9264758105716832, 0.6252896519365868, 1.6218038158565697, 0.0, 0.0, 0.0, 0.5517654625082704, 0.0, 0.0, 2.0, 1.0, 0.5418232606907551, 0.0, 0.0, 5.582866112531124, 2.4171338874688755, 0.0, 0.0, 0.8404695224054919, 0.8600552392267918, 1.2994752383677164, 2.0, 6.0, 0.0, 2.0, 1.0, 0.0, 0.0, 0.0, 0.0, 0.0, 0.0, 5.0, 2.6557060044455687, 2.0, 0.0, 0.0, 0.9999999999999998, 2.0, 1.4280628073341053, 0.0, 0.0, 0.3781961841434302, 1.4009711212373543, 0.0, 0.0, 0.0, 1.85761317364586, 0.0, 0.0, 0.0, 0.0, 0.0, 0.0, 0.0, 0.0, 0.0, 0.0, 0.0, 0.26125708634105776, 0.0, 0.0, 0.0, 0.0, 0.0, 0.0, 0.0, 0.0, 2.0, 0.0, 2.719004343617845, 0.0, 0.0, 0.0, 0.0, 0.0, 0.0, 0.0, 0.0, 0.0, 0.0, 0.0, 0.0, 0.0, 0.5990288787626455, 0.0, 0.0, 0.0, 0.0, 0.0, 0.0, 0.0, 0.0, 0.0, 0.0, 0.0, 0.8264307216351588, 0.0, 0.41713388746887614, 0.13994476077320822, 1.458176739309245, 0.0, 0.0, 0.0, 0.0, 6.0, 0.0, 0.0, 0.0, 0.0, 0.7387429136589422, 0.0, 0.0, 0.0, 0.0, 0.0, 0.0, 0.4618066587886465, 0.6904773776251827, 0.0, 0.0, 0.0, 0.0, 0.0, 0.0, 0.0, 0.0, 0.0, 0.0, 0.0, 0.0, 0.0, 1.3095226223748173, 0.5324009755317765, 0.0, 0.0, 0.0, 0.0, 0.0, 0.0, 0.0, 0.0, 0.0, 0.0, 0.0, 0.0, 1.096880194947577, 0.0, 0.0, 0.0, 0.0, 0.06265028264693112, 0.0, 0.07352418942831687, 3.272461954298178, 0.0, 0.0, 0.0, 0.0, 0.0, 0.7100069004573211, 0.3925940944933357, 1.0, 0.0, 0.0, 0.3508766865968401, 0.28999309954267893, 0.0, 1.0, 0.0, 0.0, 0.035124457047769383, 0.0, 0.0, 0.0, 0.9251213901546694, 0.0, 0.0, 0.0, 1.0, 0.2524032096987154, 0.2803487963629817, 0.0, 0.07487860984533051, 0.0, 1.0, 1.0, 0.5545692123842922, 0.0, 0.0, 0.0, 0.0, 0.0, 0.0, 0.0, 0.44543078761570776, 0.24476412335803768, 0.0, 0.0, 1.0, 0.0, 0.0, 0.7475967903012847, 0.0, 1.0, 0.0, 0.0, 0.0, 0.0, 0.0, 0.0, 0.0, 1.0, 0.0, 0.3563300292163353, 0.0, 0.0, 0.0, 0.0, 0.0, 0.0, 0.0, 0.0, 0.0, 0.3336500599924087, 0.25107587629032885, 0.0, 0.7552358766419623]  :with objective: -606.1640383424323

  Local solver returns a feasible point with value -606.164
disc:  333  :[0.0, 1.8, 2.0]
disc:  334  :[0.0, 0.6, 6.0]
disc:  335  :[0.0, 0.1, 1.0]
disc:  336  :[0.0, 0.9, 1.0]
disc:  337  :[0.0, 0.34238682635413986, 2.0]
disc:  338  :[0.0, 0.43819334121135356, 0.6381933412113535, 1.0]
disc:  339  :[0.0, 0.2, 2.0]
disc:  340  :[0.0, 0.2, 2.0]
disc:  341  :[0.0, 1.8, 2.0]
disc:  342  :[0.0, 0.9, 1.0]
disc:  343  :[0.0, 0.2, 2.0]
disc:  344  :[0.0, 1.2482345374917299, 1.6482345374917298, 2.0]
disc:  345  :[0.0, 0.8264758105716832, 1.0]
disc:  346  :[0.0, 0.3252896519365868, 0.9252896519365867, 3.0]
disc:  347  :[0.0, 1.4218038158565698, 1.8218038158565697, 2.0]
disc:  348  :[0.0, 0.6, 6.0]
disc:  349  :[0.0, 0.2, 2.0]
disc:  350  :[0.0, 0.1, 1.0]
disc:  351  :[0.0, 0.3517654625082704, 0.7517654625082704, 2.0]
disc:  352  :[0.0, 0.6, 6.0]
disc:  353  :[0.0, 0.1, 1.0]
disc:  354  :[0.0, 1.8, 2.0]
disc:  355  :[0.0, 0.9, 1.0]
disc:  356  :[0.0, 0.34182326069075514, 0.7418232606907551, 2.0]
disc:  357  :[0.0, 0.1, 1.0]
disc:  358  :[0.0, 0.2, 2.0]
disc:  359  :[0.0, 4.982866112531124, 6.0]
disc:  360  :[0.0, 1.8171338874688754, 3.0171338874688756, 6.0]
disc:  361  :[0.0, 0.2, 2.0]
disc:  362  :[0.0, 0.1, 1.0]
disc:  363  :[0.0, 0.6404695224054919, 1.0404695224054918, 2.0]
disc:  364  :[0.0, 0.7600552392267919, 0.9600552392267918, 1.0]
disc:  365  :[0.0, 0.9994752383677163, 1.5994752383677164, 3.0]
disc:  366  :[0.0, 1.8, 2.0]
disc:  367  :[0.0, 5.4, 6.0]
disc:  368  :[0.0, 0.2, 2.0]
disc:  369  :[0.0, 1.8, 2.0]
disc:  370  :[0.0, 0.9, 1.0]
disc:  371  :[0.0, 0.2, 2.0]
disc:  372  :[0.0, 0.2, 2.0]
disc:  373  :[0.0, 0.2, 2.0]
disc:  374  :[0.0, 0.6, 6.0]
disc:  375  :[0.0, 0.2, 2.0]
disc:  376  :[0.0, 0.2, 2.0]
disc:  377  :[0.0, 4.4, 5.6, 6.0]
disc:  378  :[0.0, 2.0557060044455686, 3.255706004445569, 6.0]
disc:  379  :[0.0, 1.8, 2.0]
disc:  380  :[0.0, 0.1, 1.0]
disc:  381  :[0.0, 0.3, 3.0]
disc:  382  :[0.0, 0.6999999999999997, 1.2999999999999998, 3.0]
disc:  383  :[0.0, 1.8, 2.0]
disc:  384  :[0.0, 0.8280628073341053, 2.028062807334105, 6.0]
disc:  385  :[0.0, 0.2, 2.0]
disc:  502  :[0.0, 0.1, 1.0]
disc:  503  :[0.0, 0.1, 1.0]
disc:  504  :[0.0, 0.1, 1.0]
disc:  505  :[0.0, 0.6100069004573211, 0.810006900457321, 1.0]
disc:  506  :[0.0, 0.29259409449333573, 0.4925940944933357, 1.0]
disc:  507  :[0.0, 0.9, 1.0]
disc:  508  :[0.0, 0.1, 1.0]
disc:  509  :[0.0, 0.1, 1.0]
disc:  510  :[0.0, 0.25087668659684015, 0.4508766865968401, 1.0]
disc:  511  :[0.0, 0.18999309954267893, 0.3899930995426789, 1.0]
disc:  512  :[0.0, 0.1, 1.0]
disc:  513  :[0.0, 0.9, 1.0]
disc:  514  :[0.0, 0.1, 1.0]
disc:  515  :[0.0, 0.1, 1.0]
disc:  516  :[0.0, 0.13512445704776938, 1.0]
disc:  517  :[0.0, 0.1, 1.0]
disc:  518  :[0.0, 0.1, 1.0]
disc:  519  :[0.0, 0.1, 1.0]
disc:  520  :[0.0, 0.8251213901546695, 1.0]
disc:  521  :[0.0, 0.1, 1.0]
disc:  522  :[0.0, 0.1, 1.0]
disc:  523  :[0.0, 0.1, 1.0]
disc:  524  :[0.0, 0.9, 1.0]
disc:  525  :[0.0, 0.15240320969871538, 0.3524032096987154, 1.0]
disc:  526  :[0.0, 0.1803487963629817, 0.3803487963629817, 1.0]
disc:  527  :[0.0, 0.1, 1.0]
disc:  528  :[0.0, 0.17487860984533052, 1.0]
disc:  529  :[0.0, 0.1, 1.0]
disc:  530  :[0.0, 0.9, 1.0]
disc:  531  :[0.0, 0.9, 1.0]
disc:  532  :[0.0, 0.45456921238429226, 0.6545692123842922, 1.0]
disc:  533  :[0.0, 0.1, 1.0]
disc:  534  :[0.0, 0.1, 1.0]
disc:  535  :[0.0, 0.1, 1.0]
disc:  536  :[0.0, 0.1, 1.0]
disc:  537  :[0.0, 0.1, 1.0]
disc:  538  :[0.0, 0.1, 1.0]
disc:  539  :[0.0, 0.1, 1.0]
disc:  540  :[0.0, 0.3454307876157078, 0.5454307876157077, 1.0]
disc:  541  :[0.0, 0.14476412335803768, 0.3447641233580377, 1.0]
disc:  542  :[0.0, 0.1, 1.0]
disc:  543  :[0.0, 0.1, 1.0]
disc:  544  :[0.0, 0.9, 1.0]
disc:  545  :[0.0, 0.1, 1.0]
disc:  546  :[0.0, 0.1, 1.0]
disc:  547  :[0.0, 0.6475967903012847, 0.8475967903012847, 1.0]
disc:  548  :[0.0, 0.1, 1.0]
disc:  549  :[0.0, 0.9, 1.0]
disc:  550  :[0.0, 0.1, 1.0]
disc:  551  :[0.0, 0.1, 1.0]
disc:  552  :[0.0, 0.1, 1.0]
disc:  553  :[0.0, 0.1, 1.0]
disc:  554  :[0.0, 0.1, 1.0]
disc:  555  :[0.0, 0.1, 1.0]
disc:  556  :[0.0, 0.1, 1.0]
disc:  557  :[0.0, 0.9, 1.0]
disc:  558  :[0.0, 0.1, 1.0]
disc:  559  :[0.0, 0.2563300292163353, 0.45633002921633525, 1.0]
disc:  560  :[0.0, 0.1, 1.0]
disc:  561  :[0.0, 0.1, 1.0]
disc:  562  :[0.0, 0.1, 1.0]
disc:  563  :[0.0, 0.1, 1.0]
disc:  564  :[0.0, 0.1, 1.0]
disc:  565  :[0.0, 0.1, 1.0]
disc:  566  :[0.0, 0.1, 1.0]
disc:  567  :[0.0, 0.1, 1.0]
disc:  568  :[0.0, 0.1, 1.0]
disc:  569  :[0.0, 0.2336500599924087, 0.4336500599924087, 1.0]
disc:  570  :[0.0, 0.15107587629032884, 0.3510758762903289, 1.0]
disc:  571  :[0.0, 0.1, 1.0]
disc:  572  :[0.0, 0.6552358766419624, 0.8552358766419623, 1.0]
  Completed presolve in 11.35s
LOWER-BOUNDING ITERATIONS
====================================================================================================
| Iter   | Incumbent       | Best Incumbent      | Lower Bound        | Gap (%)         | Time      
| finish | -606.164        | -606.164            | -620.3604          | 2.342           | 29.47s           
Final UBD: -606.1640383424323
Final LBD: -620.3603949507273
====================================================================================================

*** Alpine ended with status OTHER_LIMIT ***

 Total time for local solves: 8.99s

 Total time for solving max-min problems: 0.0s

 Total time excluding max-min time: 29.47s

presolve objective value: -606.1640383424323
w_opt: 1-dimensional DenseAxisArray{Float64,1,...} with index sets:
    Dimension 1, [(25, 1, 2), (25, 1, 1), (25, 1, 14), (20, 1, 2), (20, 1, 1), (20, 1, 14), (1, 1, 2), (1, 1, 1), (1, 1, 14), (2, 1, 2)  …  (20, 15, 23), (20, 15, 3), (8, 15, 30), (8, 15, 29), (8, 15, 23), (8, 15, 3), (2, 15, 30), (2, 15, 29), (2, 15, 23), (2, 15, 3)]
And data, a 261-element Vector{Float64}:
 1.1091384247685845
 0.7919596662985762
 0.0
 0.8908615752314156
 0.6361031410355292
 0.0
 0.0
 0.0
 0.0
 0.0
 0.0
 0.0
 0.0
 0.0
 0.0
 0.0
 2.0
 0.0
 0.0
 0.9999999999999998
 0.0
 0.0
 0.0
 0.0
 0.0
 0.0
 0.0
 0.0
 0.0
 1.9629704724666788
 1.0426144940558226
 0.0
 0.0
 0.0
 0.0
 1.7816501460816765
 0.9463077981540866
 0.0
 0.0
 0.0
 0.0
 1.2553793814516443
 0.6667837122356597
 0.0
 0.0
 0.0
 0.0
 0.0
 0.0
 0.0
 0.0
 0.0
 0.0
 0.0
 0.0
 0.0
 0.0
 0.0
 0.0
 2.0
 1.0
 0.0
 0.0
 0.0
 0.0
 0.0
 0.0
 0.0
 0.0
 0.0
 0.0
 0.7017533731936803
 2.105260119581041
 0.0
 0.07024891409553877
 0.2107467422866163
 0.0
 0.5606975927259634
 1.6820927781778903
 0.0
 0.0
 0.0
 0.0
 0.0
 0.0
 0.0
 0.0
 0.0
 0.0
 0.0
 0.0
 0.0
 0.6673001199848174
 2.001900359954452
 0.0
 0.0
 0.0
 0.0
 0.0
 0.0
 0.0
 0.8404695224054919
 0.8600552392267918
 1.2994752383677164
 0.0
 0.0
 0.0
 0.0
 0.0
 0.0
 0.0
 0.0
 0.0
 0.0
 0.0
 0.0
 0.0
 0.0
 5.1648288590721885
 2.2361422621651665
 0.0
 0.0
 0.0
 0.4180372534589351
 0.18099162530370896
 0.0
 0.0
 0.0
 0.0
 0.0
 0.0
 0.0
 0.0
 0.0
 0.0
 0.0
 0.0
 0.0
 0.0
 0.0
 0.0
 0.0
 0.0
 0.0
 0.0
 0.0
 0.0
 0.5418232606907551
 0.0
 0.0
 0.0
 0.0
 0.0
 0.5048064193974308
 0.2524032096987154
 0.0
 0.0
 1.4951935806025693
 0.7475967903012847
 0.0
 0.0
 0.0
 0.0
 0.0
 0.0
 0.0
 0.0
 0.0
 0.0
 0.0
 0.0
 0.0
 0.0
 1.6218038158565697
 0.0
 0.0
 0.0
 0.5517654625082704
 0.0
 0.0
 0.0
 0.0
 0.0
 0.0
 0.0
 0.0
 0.0
 0.0
 0.0
 0.0
 0.0
 0.0
 0.0
 0.0
 1.4482345374917298
 0.9264758105716832
 0.6252896519365868
 0.0
 0.0
 0.0
 0.0
 0.0
 0.0
 0.0
 0.0
 0.0
 1.4200138009146421
 0.7100069004573211
 0.0
 0.5799861990853579
 0.28999309954267893
 0.0
 0.0
 0.0
 0.0
 0.0
 0.0
 0.0
 0.0
 0.0
 0.0
 0.0
 0.0
 0.0
 0.0
 0.14238682635413988
 0.5381933412113535
 0.0
 0.0
 0.0
 0.0
 0.0
 0.0
 0.0
 0.0
 0.0
 0.0
 0.0
 0.0
 0.0
 0.0
 0.0
 0.0
 0.0
 0.0
 0.0
 0.0
 0.0
 0.0
 0.48952824671607537
 0.0
 0.0
 0.2447641233580377
 0.0
 0.0
 0.0
 0.0
 1.5104717532839247
 0.0
 0.0
 0.7552358766419623
x_ij_opt: 1-dimensional DenseAxisArray{Float64,1,...} with index sets:
    Dimension 1, [(43, 30), (43, 22), (43, 6), (44, 22), (45, 30), (45, 29), (45, 28), (45, 24), (45, 23), (40, 29)  …  (5, 7), (5, 14), (6, 4), (6, 3), (1, 14), (1, 10), (1, 23), (1, 1), (3, 2), (3, 1)]
And data, a 116-element Vector{Float64}:
 0.0
 0.3781961841434302
 1.4009711212373543
 0.0
 0.0
 0.0
 1.85761317364586
 0.0
 0.0
 0.0
 0.0
 0.0
 0.0
 0.0
 0.0
 0.0
 0.0
 0.0
 0.26125708634105776
 0.0
 0.0
 0.0
 0.0
 0.0
 0.0
 0.0
 0.0
 2.0
 0.0
 2.719004343617845
 0.0
 0.0
 0.0
 0.0
 0.0
 0.0
 0.0
 0.0
 0.0
 0.0
 0.0
 0.0
 0.0
 0.5990288787626455
 0.0
 0.0
 0.0
 0.0
 0.0
 0.0
 0.0
 0.0
 0.0
 0.0
 0.0
 0.8264307216351588
 0.0
 0.41713388746887614
 0.13994476077320822
 1.458176739309245
 0.0
 0.0
 0.0
 0.0
 6.0
 0.0
 0.0
 0.0
 0.0
 0.7387429136589422
 0.0
 0.0
 0.0
 0.0
 0.0
 0.0
 0.4618066587886465
 0.6904773776251827
 0.0
 0.0
 0.0
 0.0
 0.0
 0.0
 0.0
 0.0
 0.0
 0.0
 0.0
 0.0
 0.0
 1.3095226223748173
 0.5324009755317765
 0.0
 0.0
 0.0
 0.0
 0.0
 0.0
 0.0
 0.0
 0.0
 0.0
 0.0
 0.0
 1.096880194947577
 0.0
 0.0
 0.0
 0.0
 0.06265028264693112
 0.0
 0.07352418942831687
 3.272461954298178
 0.0
 0.0
x_il_opt: 1-dimensional DenseAxisArray{Float64,1,...} with index sets:
    Dimension 1, [(43, 15), (43, 14), (44, 15), (44, 13), (44, 3), (40, 14), (40, 2), (41, 14), (42, 6), (37, 13)  …  (4, 13), (5, 2), (5, 7), (5, 9), (6, 11), (1, 1), (1, 6), (1, 3), (2, 1), (2, 15)]
And data, a 71-element Vector{Float64}:
 0.0
 0.0
 0.0
 2.130020701371963
 3.005584966522501
 0.6805801675654934
 0.0
 0.0
 2.807013492774721
 0.8699792986280367
 0.0
 3.0
 0.0
 0.0
 0.28099565638215507
 0.0
 0.0
 0.0
 7.400971121237355
 0.0
 0.0
 0.0
 3.0
 0.7572096290961461
 2.2427903709038537
 0.0
 0.5990288787626441
 0.0
 2.173569278364841
 0.5418232606907551
 1.9010980910671607
 0.0
 0.0
 0.0
 0.0
 0.0
 0.0
 0.0
 1.5269647162669449
 0.7342923700741131
 0.0
 0.0
 3.0
 0.0
 0.0
 2.242790370903854
 0.0
 3.0
 0.0
 0.0
 0.0
 0.0
 0.0
 0.0
 0.0
 0.0
 0.0
 2.727957944235763
 0.0
 0.0
 0.0
 0.0
 0.0
 0.0
 0.0
 0.0
 0.0
 2.6692004799392697
 1.922163093687304
 0.0
 2.265707629925887
x_lj_opt: 1-dimensional DenseAxisArray{Float64,1,...} with index sets:
    Dimension 1, [(15, 30), (15, 29), (15, 23), (15, 3), (14, 28), (14, 27), (14, 10), (14, 24), (13, 26), (13, 25)  …  (3, 6), (3, 5), (3, 29), (2, 4), (2, 3), (2, 1), (2, 5), (1, 2), (1, 1), (1, 14)]
And data, a 53-element Vector{Float64}:
 2.0
 0.0
 0.0
 1.0
 0.14238682635413988
 0.5381933412113535
 0.0
 0.0
 2.0
 1.0
 0.0
 1.4482345374917298
 0.9264758105716832
 0.6252896519365868
 1.6218038158565697
 0.0
 0.0
 0.0
 0.5517654625082704
 0.0
 0.0
 2.0
 1.0
 0.5418232606907551
 0.0
 0.0
 5.582866112531124
 2.4171338874688755
 0.0
 0.0
 0.8404695224054919
 0.8600552392267918
 1.2994752383677164
 2.0
 6.0
 0.0
 2.0
 1.0
 0.0
 0.0
 0.0
 0.0
 0.0
 0.0
 5.0
 2.6557060044455687
 2.0
 0.0
 0.0
 0.9999999999999998
 2.0
 1.4280628073341053
 0.0
q_opt: 1-dimensional DenseAxisArray{Float64,1,...} with index sets:
    Dimension 1, [(43, 15), (43, 14), (44, 15), (44, 13), (44, 3), (40, 14), (40, 2), (41, 14), (42, 6), (37, 13)  …  (4, 13), (5, 2), (5, 7), (5, 9), (6, 11), (1, 1), (1, 6), (1, 3), (2, 1), (2, 15)]
And data, a 71-element Vector{Float64}:
 0.0
 0.0
 0.0
 0.7100069004573211
 0.3925940944933357
 1.0
 0.0
 0.0
 0.3508766865968401
 0.28999309954267893
 0.0
 1.0
 0.0
 0.0
 0.035124457047769383
 0.0
 0.0
 0.0
 0.9251213901546694
 0.0
 0.0
 0.0
 1.0
 0.2524032096987154
 0.2803487963629817
 0.0
 0.07487860984533051
 0.0
 1.0
 1.0
 0.5545692123842922
 0.0
 0.0
 0.0
 0.0
 0.0
 0.0
 0.0
 0.44543078761570776
 0.24476412335803768
 0.0
 0.0
 1.0
 0.0
 0.0
 0.7475967903012847
 0.0
 1.0
 0.0
 0.0
 0.0
 0.0
 0.0
 0.0
 0.0
 1.0
 0.0
 0.3563300292163353
 0.0
 0.0
 0.0
 0.0
 0.0
 0.0
 0.0
 0.0
 0.0
 0.3336500599924087
 0.25107587629032885
 0.0
 0.7552358766419623
