
PROBLEM STATISTICS
  Objective sense = Min
  # Variables = 572
  # Bin-Int Variables = 0
  # Constraints = 621
  # NL Constraints = 261
  # Linear Constraints = 360
  # Detected convex constraints = 0
  # Detected nonlinear terms = 261
  # Variables involved in nonlinear terms = 124
  # Potential variables for partitioning = 124
SUB-SOLVERS USED BY ALPINE
  NLP local solver = Knitro
  MIP solver = Gurobi
ALPINE CONFIGURATION
  Maximum iterations (lower-bounding MIPs) =  1
  Relative global optimality gap = 0.01%
  Potential variables chosen for partitioning = All
  Discretization ratio = 10
  Bound-tightening presolve = false
PRESOLVE 
  Doing local search

Feasible solution found during presolve: [0.0, 0.0, 0.0, 0.0, 0.0, 0.0, 0.0, 0.0, 0.0, 0.0, 0.0, 0.0, 0.0, 0.0, 0.0, 0.0, 2.0, 0.0, 0.0, 1.0, 0.0, 0.0, 0.0, 0.0, 0.0, 0.0, 0.0, 0.0, 0.0, 1.4577510647699667, 0.6759831535653767, 0.0, 0.0, 0.0, 0.0, 3.5422489352300346, 1.6425991129893285, 0.0, 0.0, 0.0, 0.0, 0.0, 0.0, 0.0, 0.0, 0.0, 0.0, 0.0, 0.0, 0.0, 0.0, 0.0, 0.0, 0.0, 0.0, 0.0, 0.0, 0.0, 0.0, 1.8272638663278984, 1.0, 0.0, 0.0, 0.0, 0.0, 0.0, 0.0, 0.0, 0.0, 0.0, 0.0, 0.19953090522075798, 0.5985927156622741, 0.0, 0.7500000000000001, 2.25, 0.0, 0.551110305447026, 1.6533309163410776, 0.0, 0.0, 0.0, 0.0, 0.0, 0.0, 0.0, 0.0, 0.0, 0.0, 0.0, 0.0, 0.0, 0.499358789332216, 1.498076367996648, 0.0, 0.0, 0.0, 0.0, 0.0, 0.0, 0.0, 2.0, 0.9500228122833968, 0.0, 0.0, 0.0, 0.0, 0.0, 0.0, 0.0, 0.0, 0.0, 0.0, 0.0, 0.0, 0.0, 0.0, 0.0, 1.6673468412452588, 3.7733751550117014, 0.0, 0.0, 0.0, 0.7843084242027305, 1.7749695795403104, 0.0, 0.0, 0.0, 0.0, 0.0, 0.0, 0.0, 0.0, 0.0, 0.0, 0.0, 0.0, 0.0, 0.0, 0.0, 0.0, 0.0, 0.0, 0.0, 0.0, 0.0, 0.0, 0.0, 0.0, 0.0, 0.0, 0.0, 0.0, 0.530372518807931, 0.2651862594039656, 0.0, 0.0, 1.4696274811920689, 0.7348137405960348, 0.0, 0.0, 0.0, 0.0, 0.0, 0.0, 0.0, 0.0, 0.0, 0.0, 0.0, 0.0, 0.0, 0.0, 2.0, 0.0, 0.0, 0.0, 0.5483447345520116, 0.0, 0.0, 0.0, 0.0, 0.0, 0.0, 0.0, 0.0, 0.0, 0.0, 0.0, 0.0, 0.0, 0.0, 0.0, 0.0, 1.4516552654479884, 0.9974351573288641, 0.5509095772231475, 0.0, 0.0, 0.0, 0.0, 0.0, 0.0, 0.0, 0.0, 0.0, 1.610144526085355, 0.14369799085630947, 0.6613742721863685, 0.0, 0.0, 0.0, 0.0, 0.0, 0.0, 0.3898554739146449, 0.03479280736498251, 0.16013492959234002, 0.0, 0.0, 0.0, 0.0, 0.0, 0.0, 0.0, 0.4003461059589749, 0.60317985015543, 0.0, 0.0, 0.0, 0.0, 0.0, 0.0, 0.0, 0.0, 0.0, 0.0, 0.0, 0.0, 0.0, 0.0, 0.0, 0.0, 0.0, 0.0, 0.0, 0.0, 0.0, 0.0, 0.0, 0.0, 0.0, 0.0, 0.0, 0.0, 0.0, 0.0, 1.1828312931177754, 3.1305081562221484, 0.0, 1.0, 0.0, 0.0, 0.0, 2.415216789128033, 2.1337342183353436, 1.0035259561144048, 0.0, 0.0, 0.7981236208830321, 0.0, 0.0, 3.0, 0.0, 0.0, 3.0, 0.0, 0.0, 0.0, 5.44072199625696, 0.0, 0.0, 0.0, 3.0, 0.7955587782118967, 2.2044412217881035, 0.0, 2.5592780037430405, 0.0, 2.5483447345520114, 0.0, 0.0, 0.5847832108719674, 0.0, 0.0, 0.0, 0.0, 0.0, 0.0, 0.0, 0.0, 0.0, 0.0, 2.8272638663278986, 0.0, 0.0, 2.2044412217881035, 0.0, 2.9500228122833967, 0.0, 0.0, 0.0, 0.0, 0.0, 0.0, 0.0, 0.0, 0.0, 5.184848048219363, 0.0, 0.0, 0.0, 0.0, 0.0, 0.0, 0.0, 0.0, 0.0, 1.997435157328864, 0.0, 0.0, 5.313339449339924, 1.1828312931177754, 3.1305081562221484, 0.0, 1.0, 0.4003461059589749, 0.60317985015543, 0.0, 0.0, 2.0, 0.17849079822129196, 0.8215092017787083, 1.4516552654479884, 0.9974351573288641, 0.5509095772231475, 2.0, 0.0, 0.0, 0.0, 0.5483447345520116, 0.0, 0.0, 2.0, 1.0, 0.0, 0.0, 0.0, 2.451655265447989, 5.548344734552011, 0.0, 0.0, 2.0, 0.9500228122833968, 0.0, 2.0, 6.0, 0.0, 1.8272638663278984, 1.0, 0.0, 0.0, 0.0, 0.0, 0.0, 0.0, 5.0, 2.3185822665547047, 2.0, 0.0, 0.0, 1.0, 0.0, 0.0, 0.0, 0.0, 0.0, 1.627217010927385, 0.0, 0.8171687068822246, 0.0, 1.5996538940410252, 0.0, 0.0, 0.0, 0.0, 0.0, 0.0, 0.0, 0.0, 0.0, 0.0, 0.0, 0.31502653281902554, 0.0, 0.0, 0.0, 0.0, 0.0, 0.0, 0.24212416736223305, 0.0, 2.0, 0.0, 0.0, 0.0, 0.0, 0.0, 0.0, 0.0, 0.0, 0.0, 0.0, 0.0, 0.0, 0.0, 0.0, 1.1784907982212918, 0.3727829890726151, 0.0, 0.0, 0.0, 0.0, 0.0, 0.0, 0.0, 0.0, 0.0, 0.0, 0.0, 0.4516552654479884, 0.0, 2.080009636502897, 0.04997718771660324, 2.0, 0.0, 0.0, 0.0, 0.0, 6.0, 0.0, 1.4683350980491139, 0.0, 0.0, 0.6849734671809744, 0.0, 0.0, 0.0, 0.0, 0.0, 0.0, 0.39682014984457, 0.7386653053740139, 0.0, 0.0, 0.0, 0.0, 0.0, 0.0, 0.0, 0.0, 0.0, 0.17273613367210156, 0.0, 0.0, 0.0, 1.2613346946259862, 0.0, 0.0, 0.0, 0.0, 0.0, 0.579385034416475, 0.0, 0.0, 0.0, 0.0, 0.0, 0.0, 0.0, 0.0, 0.0, 0.0, 0.0, 0.0, 0.0, 0.0, 0.0025648426711359046, 6.0, 0.0, 0.0, 0.0, 0.0, 0.0, 0.8050722630426775, 0.29155021295399336, 1.0, 0.0, 0.0, 0.09976545261037902, 0.0, 0.0, 1.0, 0.0, 0.0, 0.375, 0.0, 0.0, 0.0, 0.6800902495321199, 0.0, 0.0, 0.0, 1.0, 0.2651862594039655, 0.27555515272351294, 0.0, 0.31990975046788006, 0.0, 1.0, 0.0, 0.0, 0.19492773695732246, 1.0, 0.0, 0.0, 0.0, 0.0, 0.0, 0.0, 0.0, 0.0, 0.0, 1.0, 0.0, 0.0, 0.7348137405960344, 0.0, 1.0, 0.0, 0.0, 0.0, 0.0, 0.0, 0.0, 0.0, 1.0, 0.0, 0.7084497870460069, 0.0, 0.0, 0.0, 0.0, 0.0, 0.0, 0.0, 0.0, 0.0, 0.249679394666108, 0.0, 1.0, 1.0]  :with objective: -621.2868551753301

  Local solver returns a feasible point with value -621.2869
disc:  333  :[0.0, 0.9828312931177754, 1.3828312931177753, 2.0]
disc:  334  :[0.0, 2.5305081562221483, 3.7305081562221485, 6.0]
disc:  335  :[0.0, 0.1, 1.0]
disc:  336  :[0.0, 0.9, 1.0]
disc:  337  :[0.0, 0.2003461059589749, 0.600346105958975, 2.0]
disc:  338  :[0.0, 0.50317985015543, 0.7031798501554299, 1.0]
disc:  339  :[0.0, 0.2, 2.0]
disc:  340  :[0.0, 0.2, 2.0]
disc:  341  :[0.0, 1.8, 2.0]
disc:  342  :[0.0, 0.07849079822129196, 0.27849079822129197, 1.0]
disc:  343  :[0.0, 0.6215092017787083, 1.0215092017787084, 2.0]
disc:  344  :[0.0, 1.2516552654479884, 1.6516552654479884, 2.0]
disc:  345  :[0.0, 0.8974351573288641, 1.0]
disc:  346  :[0.0, 0.2509095772231475, 0.8509095772231474, 3.0]
disc:  347  :[0.0, 1.8, 2.0]
disc:  348  :[0.0, 0.6, 6.0]
disc:  349  :[0.0, 0.2, 2.0]
disc:  350  :[0.0, 0.1, 1.0]
disc:  351  :[0.0, 0.3483447345520116, 0.7483447345520116, 2.0]
disc:  352  :[0.0, 0.6, 6.0]
disc:  353  :[0.0, 0.1, 1.0]
disc:  354  :[0.0, 1.8, 2.0]
disc:  355  :[0.0, 0.9, 1.0]
disc:  356  :[0.0, 0.2, 2.0]
disc:  357  :[0.0, 0.1, 1.0]
disc:  358  :[0.0, 0.2, 2.0]
disc:  359  :[0.0, 1.851655265447989, 3.051655265447989, 6.0]
disc:  360  :[0.0, 4.948344734552012, 6.0]
disc:  361  :[0.0, 0.2, 2.0]
disc:  362  :[0.0, 0.1, 1.0]
disc:  363  :[0.0, 1.8, 2.0]
disc:  364  :[0.0, 0.8500228122833968, 1.0]
disc:  365  :[0.0, 0.3, 3.0]
disc:  366  :[0.0, 1.8, 2.0]
disc:  367  :[0.0, 5.4, 6.0]
disc:  368  :[0.0, 0.2, 2.0]
disc:  369  :[0.0, 1.6272638663278984, 2.0]
disc:  370  :[0.0, 0.9, 1.0]
disc:  371  :[0.0, 0.2, 2.0]
disc:  372  :[0.0, 0.2, 2.0]
disc:  373  :[0.0, 0.2, 2.0]
disc:  374  :[0.0, 0.6, 6.0]
disc:  375  :[0.0, 0.2, 2.0]
disc:  376  :[0.0, 0.2, 2.0]
disc:  377  :[0.0, 4.4, 5.6, 6.0]
disc:  378  :[0.0, 1.7185822665547046, 2.9185822665547048, 6.0]
disc:  379  :[0.0, 1.8, 2.0]
disc:  380  :[0.0, 0.1, 1.0]
disc:  381  :[0.0, 0.3, 3.0]
disc:  382  :[0.0, 0.7, 1.3, 3.0]
disc:  383  :[0.0, 0.2, 2.0]
disc:  384  :[0.0, 0.6, 6.0]
disc:  385  :[0.0, 0.2, 2.0]
disc:  502  :[0.0, 0.1, 1.0]
disc:  503  :[0.0, 0.1, 1.0]
disc:  504  :[0.0, 0.1, 1.0]
disc:  505  :[0.0, 0.7050722630426776, 0.9050722630426775, 1.0]
disc:  506  :[0.0, 0.19155021295399335, 0.3915502129539934, 1.0]
disc:  507  :[0.0, 0.9, 1.0]
disc:  508  :[0.0, 0.1, 1.0]
disc:  509  :[0.0, 0.1, 1.0]
disc:  510  :[0.0, 0.19976545261037904, 1.0]
disc:  511  :[0.0, 0.1, 1.0]
disc:  512  :[0.0, 0.1, 1.0]
disc:  513  :[0.0, 0.9, 1.0]
disc:  514  :[0.0, 0.1, 1.0]
disc:  515  :[0.0, 0.1, 1.0]
disc:  516  :[0.0, 0.275, 0.475, 1.0]
disc:  517  :[0.0, 0.1, 1.0]
disc:  518  :[0.0, 0.1, 1.0]
disc:  519  :[0.0, 0.1, 1.0]
disc:  520  :[0.0, 0.58009024953212, 0.7800902495321199, 1.0]
disc:  521  :[0.0, 0.1, 1.0]
disc:  522  :[0.0, 0.1, 1.0]
disc:  523  :[0.0, 0.1, 1.0]
disc:  524  :[0.0, 0.9, 1.0]
disc:  525  :[0.0, 0.1651862594039655, 0.36518625940396554, 1.0]
disc:  526  :[0.0, 0.17555515272351294, 0.3755551527235129, 1.0]
disc:  527  :[0.0, 0.1, 1.0]
disc:  528  :[0.0, 0.21990975046788006, 0.41990975046788004, 1.0]
disc:  529  :[0.0, 0.1, 1.0]
disc:  530  :[0.0, 0.9, 1.0]
disc:  531  :[0.0, 0.1, 1.0]
disc:  532  :[0.0, 0.1, 1.0]
disc:  533  :[0.0, 0.09492773695732246, 0.29492773695732244, 1.0]
disc:  534  :[0.0, 0.9, 1.0]
disc:  535  :[0.0, 0.1, 1.0]
disc:  536  :[0.0, 0.1, 1.0]
disc:  537  :[0.0, 0.1, 1.0]
disc:  538  :[0.0, 0.1, 1.0]
disc:  539  :[0.0, 0.1, 1.0]
disc:  540  :[0.0, 0.1, 1.0]
disc:  541  :[0.0, 0.1, 1.0]
disc:  542  :[0.0, 0.1, 1.0]
disc:  543  :[0.0, 0.1, 1.0]
disc:  544  :[0.0, 0.9, 1.0]
disc:  545  :[0.0, 0.1, 1.0]
disc:  546  :[0.0, 0.1, 1.0]
disc:  547  :[0.0, 0.6348137405960345, 0.8348137405960344, 1.0]
disc:  548  :[0.0, 0.1, 1.0]
disc:  549  :[0.0, 0.9, 1.0]
disc:  550  :[0.0, 0.1, 1.0]
disc:  551  :[0.0, 0.1, 1.0]
disc:  552  :[0.0, 0.1, 1.0]
disc:  553  :[0.0, 0.1, 1.0]
disc:  554  :[0.0, 0.1, 1.0]
disc:  555  :[0.0, 0.1, 1.0]
disc:  556  :[0.0, 0.1, 1.0]
disc:  557  :[0.0, 0.9, 1.0]
disc:  558  :[0.0, 0.1, 1.0]
disc:  559  :[0.0, 0.6084497870460069, 0.8084497870460069, 1.0]
disc:  560  :[0.0, 0.1, 1.0]
disc:  561  :[0.0, 0.1, 1.0]
disc:  562  :[0.0, 0.1, 1.0]
disc:  563  :[0.0, 0.1, 1.0]
disc:  564  :[0.0, 0.1, 1.0]
disc:  565  :[0.0, 0.1, 1.0]
disc:  566  :[0.0, 0.1, 1.0]
disc:  567  :[0.0, 0.1, 1.0]
disc:  568  :[0.0, 0.1, 1.0]
disc:  569  :[0.0, 0.149679394666108, 0.349679394666108, 1.0]
disc:  570  :[0.0, 0.1, 1.0]
disc:  571  :[0.0, 0.9, 1.0]
disc:  572  :[0.0, 0.9, 1.0]
  Completed presolve in 7.14s
LOWER-BOUNDING ITERATIONS
====================================================================================================
| Iter   | Incumbent       | Best Incumbent      | Lower Bound        | Gap (%)         | Time      
| finish | -621.2869       | -621.2869           | -637.0648          | 2.54            | 20.95s           
Final UBD: -621.2868551753301
Final LBD: -637.0647661754867
====================================================================================================

*** Alpine ended with status OTHER_LIMIT ***

 Total time for local solves: 4.82s

 Total time for solving max-min problems: 0.0s

 Total time excluding max-min time: 20.95s

presolve objective value: -621.2868551753301
w_opt: 1-dimensional DenseAxisArray{Float64,1,...} with index sets:
    Dimension 1, [(25, 1, 2), (25, 1, 1), (25, 1, 14), (20, 1, 2), (20, 1, 1), (20, 1, 14), (1, 1, 2), (1, 1, 1), (1, 1, 14), (2, 1, 2)  …  (20, 15, 23), (20, 15, 3), (8, 15, 30), (8, 15, 29), (8, 15, 23), (8, 15, 3), (2, 15, 30), (2, 15, 29), (2, 15, 23), (2, 15, 3)]
And data, a 261-element Vector{Float64}:
 0.0
 0.0
 0.0
 0.0
 0.0
 0.0
 0.0
 0.0
 0.0
 0.0
 0.0
 0.0
 0.0
 0.0
 0.0
 0.0
 2.0
 0.0
 0.0
 1.0
 0.0
 0.0
 0.0
 0.0
 0.0
 0.0
 0.0
 0.0
 0.0
 1.4577510647699667
 0.6759831535653767
 0.0
 0.0
 0.0
 0.0
 3.5422489352300346
 1.6425991129893285
 0.0
 0.0
 0.0
 0.0
 0.0
 0.0
 0.0
 0.0
 0.0
 0.0
 0.0
 0.0
 0.0
 0.0
 0.0
 0.0
 0.0
 0.0
 0.0
 0.0
 0.0
 0.0
 1.8272638663278984
 1.0
 0.0
 0.0
 0.0
 0.0
 0.0
 0.0
 0.0
 0.0
 0.0
 0.0
 0.19953090522075798
 0.5985927156622741
 0.0
 0.7500000000000001
 2.25
 0.0
 0.551110305447026
 1.6533309163410776
 0.0
 0.0
 0.0
 0.0
 0.0
 0.0
 0.0
 0.0
 0.0
 0.0
 0.0
 0.0
 0.0
 0.499358789332216
 1.498076367996648
 0.0
 0.0
 0.0
 0.0
 0.0
 0.0
 0.0
 2.0
 0.9500228122833968
 0.0
 0.0
 0.0
 0.0
 0.0
 0.0
 0.0
 0.0
 0.0
 0.0
 0.0
 0.0
 0.0
 0.0
 0.0
 1.6673468412452588
 3.7733751550117014
 0.0
 0.0
 0.0
 0.7843084242027305
 1.7749695795403104
 0.0
 0.0
 0.0
 0.0
 0.0
 0.0
 0.0
 0.0
 0.0
 0.0
 0.0
 0.0
 0.0
 0.0
 0.0
 0.0
 0.0
 0.0
 0.0
 0.0
 0.0
 0.0
 0.0
 0.0
 0.0
 0.0
 0.0
 0.0
 0.530372518807931
 0.2651862594039656
 0.0
 0.0
 1.4696274811920689
 0.7348137405960348
 0.0
 0.0
 0.0
 0.0
 0.0
 0.0
 0.0
 0.0
 0.0
 0.0
 0.0
 0.0
 0.0
 0.0
 2.0
 0.0
 0.0
 0.0
 0.5483447345520116
 0.0
 0.0
 0.0
 0.0
 0.0
 0.0
 0.0
 0.0
 0.0
 0.0
 0.0
 0.0
 0.0
 0.0
 0.0
 0.0
 1.4516552654479884
 0.9974351573288641
 0.5509095772231475
 0.0
 0.0
 0.0
 0.0
 0.0
 0.0
 0.0
 0.0
 0.0
 1.610144526085355
 0.14369799085630947
 0.6613742721863685
 0.0
 0.0
 0.0
 0.0
 0.0
 0.0
 0.3898554739146449
 0.03479280736498251
 0.16013492959234002
 0.0
 0.0
 0.0
 0.0
 0.0
 0.0
 0.0
 0.4003461059589749
 0.60317985015543
 0.0
 0.0
 0.0
 0.0
 0.0
 0.0
 0.0
 0.0
 0.0
 0.0
 0.0
 0.0
 0.0
 0.0
 0.0
 0.0
 0.0
 0.0
 0.0
 0.0
 0.0
 0.0
 0.0
 0.0
 0.0
 0.0
 0.0
 0.0
 0.0
 0.0
 1.1828312931177754
 3.1305081562221484
 0.0
 1.0
x_ij_opt: 1-dimensional DenseAxisArray{Float64,1,...} with index sets:
    Dimension 1, [(43, 30), (43, 22), (43, 6), (44, 22), (45, 30), (45, 29), (45, 28), (45, 24), (45, 23), (40, 29)  …  (5, 7), (5, 14), (6, 4), (6, 3), (1, 14), (1, 10), (1, 23), (1, 1), (3, 2), (3, 1)]
And data, a 116-element Vector{Float64}:
 0.0
 0.0
 1.627217010927385
 0.0
 0.8171687068822246
 0.0
 1.5996538940410252
 0.0
 0.0
 0.0
 0.0
 0.0
 0.0
 0.0
 0.0
 0.0
 0.0
 0.0
 0.31502653281902554
 0.0
 0.0
 0.0
 0.0
 0.0
 0.0
 0.24212416736223305
 0.0
 2.0
 0.0
 0.0
 0.0
 0.0
 0.0
 0.0
 0.0
 0.0
 0.0
 0.0
 0.0
 0.0
 0.0
 0.0
 1.1784907982212918
 0.3727829890726151
 0.0
 0.0
 0.0
 0.0
 0.0
 0.0
 0.0
 0.0
 0.0
 0.0
 0.0
 0.4516552654479884
 0.0
 2.080009636502897
 0.04997718771660324
 2.0
 0.0
 0.0
 0.0
 0.0
 6.0
 0.0
 1.4683350980491139
 0.0
 0.0
 0.6849734671809744
 0.0
 0.0
 0.0
 0.0
 0.0
 0.0
 0.39682014984457
 0.7386653053740139
 0.0
 0.0
 0.0
 0.0
 0.0
 0.0
 0.0
 0.0
 0.0
 0.17273613367210156
 0.0
 0.0
 0.0
 1.2613346946259862
 0.0
 0.0
 0.0
 0.0
 0.0
 0.579385034416475
 0.0
 0.0
 0.0
 0.0
 0.0
 0.0
 0.0
 0.0
 0.0
 0.0
 0.0
 0.0
 0.0
 0.0
 0.0025648426711359046
 6.0
 0.0
 0.0
x_il_opt: 1-dimensional DenseAxisArray{Float64,1,...} with index sets:
    Dimension 1, [(43, 15), (43, 14), (44, 15), (44, 13), (44, 3), (40, 14), (40, 2), (41, 14), (42, 6), (37, 13)  …  (4, 13), (5, 2), (5, 7), (5, 9), (6, 11), (1, 1), (1, 6), (1, 3), (2, 1), (2, 15)]
And data, a 71-element Vector{Float64}:
 0.0
 0.0
 0.0
 2.415216789128033
 2.1337342183353436
 1.0035259561144048
 0.0
 0.0
 0.7981236208830321
 0.0
 0.0
 3.0
 0.0
 0.0
 3.0
 0.0
 0.0
 0.0
 5.44072199625696
 0.0
 0.0
 0.0
 3.0
 0.7955587782118967
 2.2044412217881035
 0.0
 2.5592780037430405
 0.0
 2.5483447345520114
 0.0
 0.0
 0.5847832108719674
 0.0
 0.0
 0.0
 0.0
 0.0
 0.0
 0.0
 0.0
 0.0
 0.0
 2.8272638663278986
 0.0
 0.0
 2.2044412217881035
 0.0
 2.9500228122833967
 0.0
 0.0
 0.0
 0.0
 0.0
 0.0
 0.0
 0.0
 0.0
 5.184848048219363
 0.0
 0.0
 0.0
 0.0
 0.0
 0.0
 0.0
 0.0
 0.0
 1.997435157328864
 0.0
 0.0
 5.313339449339924
x_lj_opt: 1-dimensional DenseAxisArray{Float64,1,...} with index sets:
    Dimension 1, [(15, 30), (15, 29), (15, 23), (15, 3), (14, 28), (14, 27), (14, 10), (14, 24), (13, 26), (13, 25)  …  (3, 6), (3, 5), (3, 29), (2, 4), (2, 3), (2, 1), (2, 5), (1, 2), (1, 1), (1, 14)]
And data, a 53-element Vector{Float64}:
 1.1828312931177754
 3.1305081562221484
 0.0
 1.0
 0.4003461059589749
 0.60317985015543
 0.0
 0.0
 2.0
 0.17849079822129196
 0.8215092017787083
 1.4516552654479884
 0.9974351573288641
 0.5509095772231475
 2.0
 0.0
 0.0
 0.0
 0.5483447345520116
 0.0
 0.0
 2.0
 1.0
 0.0
 0.0
 0.0
 2.451655265447989
 5.548344734552011
 0.0
 0.0
 2.0
 0.9500228122833968
 0.0
 2.0
 6.0
 0.0
 1.8272638663278984
 1.0
 0.0
 0.0
 0.0
 0.0
 0.0
 0.0
 5.0
 2.3185822665547047
 2.0
 0.0
 0.0
 1.0
 0.0
 0.0
 0.0
q_opt: 1-dimensional DenseAxisArray{Float64,1,...} with index sets:
    Dimension 1, [(43, 15), (43, 14), (44, 15), (44, 13), (44, 3), (40, 14), (40, 2), (41, 14), (42, 6), (37, 13)  …  (4, 13), (5, 2), (5, 7), (5, 9), (6, 11), (1, 1), (1, 6), (1, 3), (2, 1), (2, 15)]
And data, a 71-element Vector{Float64}:
 0.0
 0.0
 0.0
 0.8050722630426775
 0.29155021295399336
 1.0
 0.0
 0.0
 0.09976545261037902
 0.0
 0.0
 1.0
 0.0
 0.0
 0.375
 0.0
 0.0
 0.0
 0.6800902495321199
 0.0
 0.0
 0.0
 1.0
 0.2651862594039655
 0.27555515272351294
 0.0
 0.31990975046788006
 0.0
 1.0
 0.0
 0.0
 0.19492773695732246
 1.0
 0.0
 0.0
 0.0
 0.0
 0.0
 0.0
 0.0
 0.0
 0.0
 1.0
 0.0
 0.0
 0.7348137405960344
 0.0
 1.0
 0.0
 0.0
 0.0
 0.0
 0.0
 0.0
 0.0
 1.0
 0.0
 0.7084497870460069
 0.0
 0.0
 0.0
 0.0
 0.0
 0.0
 0.0
 0.0
 0.0
 0.249679394666108
 0.0
 1.0
 1.0
