
PROBLEM STATISTICS
  Objective sense = Min
  # Variables = 572
  # Bin-Int Variables = 0
  # Constraints = 621
  # NL Constraints = 261
  # Linear Constraints = 360
  # Detected convex constraints = 0
  # Detected nonlinear terms = 261
  # Variables involved in nonlinear terms = 124
  # Potential variables for partitioning = 124
SUB-SOLVERS USED BY ALPINE
  NLP local solver = Knitro
  MIP solver = Gurobi
ALPINE CONFIGURATION
  Maximum iterations (lower-bounding MIPs) =  1
  Relative global optimality gap = 0.01%
  Potential variables chosen for partitioning = All
  Discretization ratio = 10
  Bound-tightening presolve = false
PRESOLVE 
  Doing local search

Feasible solution found during presolve: [1.1008566724812965, 1.606419449576325, 0.0, 0.8991433275187034, 1.3120702861592193, 0.0, 0.0, 0.0, 0.0, 0.0, 0.0, 0.0, 0.0, 0.0, 0.0, 0.0, 1.9580570875425038, 0.0, 0.46662928483653754, 0.5753136276209588, 0.0, 0.0, 0.0, 0.0, 0.0, 0.0, 0.0, 0.0, 0.33807982989650837, 3.3887512721744275, 1.270694711666771, 0.0, 0.0, 0.0, 0.0, 0.0, 0.0, 0.0, 0.0, 0.0, 0.20311570164777723, 2.0359351002046138, 0.7634233844099015, 0.0, 0.0, 0.0, 0.0, 0.0, 0.0, 1.0432610990058113, 0.20185802550094262, 0.04194291245749609, 0.0, 0.0, 0.0, 0.0, 0.0, 0.0, 0.0, 2.0, 1.0, 0.0, 0.0, 0.0, 0.0, 0.0, 0.0, 0.0, 0.0, 0.0, 0.0, 0.75, 2.25, 0.0, 0.022198299393901822, 0.06659489818170547, 0.0, 0.5397644604861416, 1.6192933814584247, 0.0, 0.0, 0.0, 0.0, 0.0, 0.0, 0.0, 0.0, 0.0, 0.0, 0.0, 0.0, 0.0, 0.6880372401199565, 2.0641117203598696, 0.0, 0.0, 0.0, 0.0, 0.0, 0.0, 0.0, 1.6640230019433357, 0.8255435076994118, 0.5104334903572525, 0.0, 0.0, 0.0, 0.0, 0.0, 0.0, 0.0, 0.0, 0.0, 0.0, 0.0, 0.0, 0.0, 0.0, 5.552190840358746, 1.9995850792809857, 0.0, 0.0, 0.0, 0.32954177399946316, 0.11868230636080522, 0.0, 0.0, 0.0, 0.0, 0.0, 0.0, 0.0, 0.0, 0.0, 0.0, 0.0, 0.0, 0.0, 0.0, 0.0, 0.0, 0.0, 0.0, 0.0, 0.0, 0.0, 0.0, 0.0, 0.0, 0.0, 0.0, 0.06113297337494596, 0.0, 0.5606281053702891, 0.28031405268514453, 0.0, 0.0, 1.439371894629711, 0.7196859473148555, 0.0, 0.0, 0.0, 0.0, 0.0, 0.0, 0.0, 0.0, 0.0, 0.0, 0.0, 0.0, 0.0, 0.0, 0.0, 0.0, 0.0, 0.0, 0.0, 0.0, 0.0, 0.0, 0.0, 0.0, 0.0, 0.0, 0.0, 0.0, 0.0, 0.0, 0.0, 0.0, 0.0, 0.0, 0.0, 1.822477912980215, 1.0, 0.1775220870197849, 0.0, 0.0, 0.0, 0.0, 0.0, 0.0, 0.0, 0.0, 0.0, 1.49396412384315, 0.746982061921575, 0.0, 0.5060358761568501, 0.25301793807842504, 0.0, 0.0, 0.0, 0.0, 0.0, 0.0, 0.0, 0.0, 0.0, 0.0, 0.0, 0.0, 0.0, 0.0, 0.344148120951435, 0.5968245363298142, 0.0, 0.0, 0.0, 0.0, 0.0, 0.0, 0.0, 0.0, 0.0, 0.0, 0.0, 0.0, 0.0, 0.0, 0.0, 0.0, 0.0, 0.0, 0.0, 0.0, 0.0, 0.0, 0.0, 0.0, 0.0, 0.0, 0.0, 0.0, 0.0, 0.0, 2.0, 0.8771530144791496, 0.0, 1.0, 0.0, 0.0, 0.0, 2.240946185764725, 4.997525813737706, 0.9409726572812492, 0.0, 0.0, 3.0, 0.7590538142352752, 0.0, 3.0, 0.0, 0.0, 0.08879319757560729, 0.0, 0.0, 0.0, 7.551775919639732, 0.0, 0.0, 0.0, 3.0, 0.8409421580554336, 2.1590578419445663, 0.0, 0.4482240803602684, 0.0, 0.0, 0.0, 2.7072761220576216, 0.0, 0.0, 0.0, 0.0, 0.0, 0.0, 0.0, 2.2112136136779226, 0.0, 0.0, 0.0, 3.0, 0.0, 0.0, 2.1590578419445663, 0.0, 3.0, 0.0, 0.0, 0.0, 0.0, 0.0, 0.0, 1.28706203696425, 0.0, 0.0, 0.0, 0.0, 0.0, 0.0, 0.0, 0.0, 0.0, 0.06113297337494596, 0.0, 0.0, 2.752148960479826, 3.0024741862622926, 0.0, 3.8771530144791497, 2.0, 0.8771530144791496, 0.0, 1.0, 0.344148120951435, 0.5968245363298142, 0.0, 0.0, 2.0, 1.0, 0.0, 1.822477912980215, 1.0, 0.1775220870197848, 0.0, 0.0, 0.0, 0.0, 0.0, 0.0, 0.0, 2.0, 1.0, 0.06113297337494596, 0.0, 0.0, 5.881732614358209, 2.118267385641791, 0.0, 0.0, 1.6640230019433357, 0.8255435076994118, 0.5104334903572525, 2.0, 6.0, 0.0, 2.0, 1.0, 0.0, 0.0, 1.043261099005811, 0.2018580255009426, 0.04194291245749608, 0.5411955315442856, 5.424686372379042, 2.0341180960766727, 1.9580570875425038, 0.0, 0.46662928483653754, 0.5753136276209588, 2.0, 2.9184897357355446, 0.0, 0.0, 1.885217634755944, 1.0105803880954456, 0.0, 0.0, 0.0, 1.655851879048565, 0.0, 0.0, 0.0, 0.0, 0.0, 0.0, 0.0, 0.0, 0.0, 0.0, 0.0, 0.21121361367792252, 0.0, 0.0, 0.0, 0.0, 0.0, 0.0, 0.0, 0.0, 2.0, 0.0, 2.9112068024243927, 0.0, 0.0, 0.0, 0.0, 0.0, 0.0, 0.0, 0.0, 0.0, 0.0, 0.0, 0.0, 0.0, 0.44822408036026823, 0.0, 0.0, 0.11478236524405597, 0.0, 0.0, 0.0, 0.0, 0.0, 0.0, 0.0, 0.0, 3.0, 0.0, 0.11826738564179036, 0.17445649230058824, 1.938867026625054, 0.0, 0.0, 0.0, 0.17752208701978495, 6.0, 0.0, 0.0, 0.0, 0.0, 0.7887863863220774, 0.0, 0.0, 0.0, 0.0, 0.0, 0.0, 0.40317546367018575, 0.9567389009941887, 0.0, 0.0, 0.0, 0.0, 0.0, 0.0, 0.0, 0.0, 0.0, 0.0, 0.0, 0.0, 0.0, 0.0, 0.6798745888572661, 0.0, 0.0, 0.0, 0.0, 0.0, 0.0, 0.0, 0.0, 0.0, 0.0, 0.0, 0.0, 0.19504763386944804, 0.0, 0.0, 0.0, 0.0, 0.14092936418721602, 0.0, 0.0, 2.1044474890706653, 0.0, 0.0, 0.0, 0.0, 0.0, 0.746982061921575, 0.6246907267172134, 1.0, 0.0, 0.0, 0.375, 0.25301793807842504, 0.0, 1.0, 0.0, 0.0, 0.011099149696950911, 0.0, 0.0, 0.0, 0.9439719899549665, 0.0, 0.0, 0.0, 1.0, 0.28031405268514453, 0.2698822302430708, 0.0, 0.05602801004503355, 0.0, 0.0, 0.0, 0.5504283362406482, 0.0, 0.0, 0.0, 0.0, 0.0, 0.0, 0.0, 0.4495716637593517, 0.0, 0.0, 0.0, 1.0, 0.0, 0.0, 0.7196859473148555, 0.0, 1.0, 0.0, 0.0, 0.0, 0.0, 0.0, 0.0, 1.0, 0.0, 0.0, 0.0, 0.0, 0.0, 0.0, 0.0, 0.0, 0.0, 1.0, 1.0, 0.0, 0.34401862005997824, 0.37530927328278657, 0.0, 1.0]  :with objective: -622.3724324546973

  Local solver returns a feasible point with value -622.3724
disc:  333  :[0.0, 1.8, 2.0]
disc:  334  :[0.0, 0.27715301447914964, 1.4771530144791496, 6.0]
disc:  335  :[0.0, 0.1, 1.0]
disc:  336  :[0.0, 0.9, 1.0]
disc:  337  :[0.0, 0.14414812095143498, 0.5441481209514349, 2.0]
disc:  338  :[0.0, 0.49682453632981427, 0.6968245363298142, 1.0]
disc:  339  :[0.0, 0.2, 2.0]
disc:  340  :[0.0, 0.2, 2.0]
disc:  341  :[0.0, 1.8, 2.0]
disc:  342  :[0.0, 0.9, 1.0]
disc:  343  :[0.0, 0.2, 2.0]
disc:  344  :[0.0, 1.6224779129802152, 2.0]
disc:  345  :[0.0, 0.9, 1.0]
disc:  346  :[0.0, 0.4775220870197848, 3.0]
disc:  347  :[0.0, 0.2, 2.0]
disc:  348  :[0.0, 0.6, 6.0]
disc:  349  :[0.0, 0.2, 2.0]
disc:  350  :[0.0, 0.1, 1.0]
disc:  351  :[0.0, 0.2, 2.0]
disc:  352  :[0.0, 0.6, 6.0]
disc:  353  :[0.0, 0.1, 1.0]
disc:  354  :[0.0, 1.8, 2.0]
disc:  355  :[0.0, 0.9, 1.0]
disc:  356  :[0.0, 0.26113297337494595, 2.0]
disc:  357  :[0.0, 0.1, 1.0]
disc:  358  :[0.0, 0.2, 2.0]
disc:  359  :[0.0, 5.2817326143582095, 6.0]
disc:  360  :[0.0, 1.5182673856417908, 2.718267385641791, 6.0]
disc:  361  :[0.0, 0.2, 2.0]
disc:  362  :[0.0, 0.1, 1.0]
disc:  363  :[0.0, 1.4640230019433358, 1.8640230019433357, 2.0]
disc:  364  :[0.0, 0.7255435076994118, 0.9255435076994117, 1.0]
disc:  365  :[0.0, 0.2104334903572525, 0.8104334903572525, 3.0]
disc:  366  :[0.0, 1.8, 2.0]
disc:  367  :[0.0, 5.4, 6.0]
disc:  368  :[0.0, 0.2, 2.0]
disc:  369  :[0.0, 1.8, 2.0]
disc:  370  :[0.0, 0.9, 1.0]
disc:  371  :[0.0, 0.2, 2.0]
disc:  372  :[0.0, 0.2, 2.0]
disc:  373  :[0.0, 0.8432610990058111, 1.243261099005811, 2.0]
disc:  374  :[0.0, 0.8018580255009425, 6.0]
disc:  375  :[0.0, 0.2419429124574961, 2.0]
disc:  376  :[0.0, 0.34119553154428556, 0.7411955315442855, 2.0]
disc:  377  :[0.0, 4.824686372379042, 6.0]
disc:  378  :[0.0, 1.4341180960766726, 2.634118096076673, 6.0]
disc:  379  :[0.0, 1.758057087542504, 2.0]
disc:  380  :[0.0, 0.1, 1.0]
disc:  381  :[0.0, 0.16662928483653755, 0.7666292848365375, 3.0]
disc:  382  :[0.0, 0.27531362762095885, 0.8753136276209588, 3.0]
disc:  383  :[0.0, 1.8, 2.0]
disc:  384  :[0.0, 2.3184897357355445, 3.5184897357355447, 6.0]
disc:  385  :[0.0, 0.2, 2.0]
disc:  502  :[0.0, 0.1, 1.0]
disc:  503  :[0.0, 0.1, 1.0]
disc:  504  :[0.0, 0.1, 1.0]
disc:  505  :[0.0, 0.646982061921575, 0.846982061921575, 1.0]
disc:  506  :[0.0, 0.5246907267172134, 0.7246907267172134, 1.0]
disc:  507  :[0.0, 0.9, 1.0]
disc:  508  :[0.0, 0.1, 1.0]
disc:  509  :[0.0, 0.1, 1.0]
disc:  510  :[0.0, 0.275, 0.475, 1.0]
disc:  511  :[0.0, 0.15301793807842504, 0.3530179380784251, 1.0]
disc:  512  :[0.0, 0.1, 1.0]
disc:  513  :[0.0, 0.9, 1.0]
disc:  514  :[0.0, 0.1, 1.0]
disc:  515  :[0.0, 0.1, 1.0]
disc:  516  :[0.0, 0.11109914969695092, 1.0]
disc:  517  :[0.0, 0.1, 1.0]
disc:  518  :[0.0, 0.1, 1.0]
disc:  519  :[0.0, 0.1, 1.0]
disc:  520  :[0.0, 0.8439719899549665, 1.0]
disc:  521  :[0.0, 0.1, 1.0]
disc:  522  :[0.0, 0.1, 1.0]
disc:  523  :[0.0, 0.1, 1.0]
disc:  524  :[0.0, 0.9, 1.0]
disc:  525  :[0.0, 0.18031405268514453, 0.3803140526851445, 1.0]
disc:  526  :[0.0, 0.16988223024307078, 0.36988223024307076, 1.0]
disc:  527  :[0.0, 0.1, 1.0]
disc:  528  :[0.0, 0.15602801004503355, 1.0]
disc:  529  :[0.0, 0.1, 1.0]
disc:  530  :[0.0, 0.1, 1.0]
disc:  531  :[0.0, 0.1, 1.0]
disc:  532  :[0.0, 0.45042833624064826, 0.6504283362406482, 1.0]
disc:  533  :[0.0, 0.1, 1.0]
disc:  534  :[0.0, 0.1, 1.0]
disc:  535  :[0.0, 0.1, 1.0]
disc:  536  :[0.0, 0.1, 1.0]
disc:  537  :[0.0, 0.1, 1.0]
disc:  538  :[0.0, 0.1, 1.0]
disc:  539  :[0.0, 0.1, 1.0]
disc:  540  :[0.0, 0.34957166375935167, 0.5495716637593517, 1.0]
disc:  541  :[0.0, 0.1, 1.0]
disc:  542  :[0.0, 0.1, 1.0]
disc:  543  :[0.0, 0.1, 1.0]
disc:  544  :[0.0, 0.9, 1.0]
disc:  545  :[0.0, 0.1, 1.0]
disc:  546  :[0.0, 0.1, 1.0]
disc:  547  :[0.0, 0.6196859473148555, 0.8196859473148554, 1.0]
disc:  548  :[0.0, 0.1, 1.0]
disc:  549  :[0.0, 0.9, 1.0]
disc:  550  :[0.0, 0.1, 1.0]
disc:  551  :[0.0, 0.1, 1.0]
disc:  552  :[0.0, 0.1, 1.0]
disc:  553  :[0.0, 0.1, 1.0]
disc:  554  :[0.0, 0.1, 1.0]
disc:  555  :[0.0, 0.1, 1.0]
disc:  556  :[0.0, 0.9, 1.0]
disc:  557  :[0.0, 0.1, 1.0]
disc:  558  :[0.0, 0.1, 1.0]
disc:  559  :[0.0, 0.1, 1.0]
disc:  560  :[0.0, 0.1, 1.0]
disc:  561  :[0.0, 0.1, 1.0]
disc:  562  :[0.0, 0.1, 1.0]
disc:  563  :[0.0, 0.1, 1.0]
disc:  564  :[0.0, 0.1, 1.0]
disc:  565  :[0.0, 0.1, 1.0]
disc:  566  :[0.0, 0.9, 1.0]
disc:  567  :[0.0, 0.9, 1.0]
disc:  568  :[0.0, 0.1, 1.0]
disc:  569  :[0.0, 0.24401862005997824, 0.4440186200599783, 1.0]
disc:  570  :[0.0, 0.27530927328278654, 0.4753092732827866, 1.0]
disc:  571  :[0.0, 0.1, 1.0]
disc:  572  :[0.0, 0.9, 1.0]
  Completed presolve in 11.1s
LOWER-BOUNDING ITERATIONS
====================================================================================================
| Iter   | Incumbent       | Best Incumbent      | Lower Bound        | Gap (%)         | Time      
| finish | -622.3724       | -622.3724           | -629.2344          | 1.103           | 33.58s           
Final UBD: -622.3724324546973
Final LBD: -629.2344360628238
====================================================================================================

*** Alpine ended with status OTHER_LIMIT ***

 Total time for local solves: 8.77s

 Total time for solving max-min problems: 0.0s

 Total time excluding max-min time: 33.58s

presolve objective value: -622.3724324546973
w_opt: 1-dimensional DenseAxisArray{Float64,1,...} with index sets:
    Dimension 1, [(25, 1, 2), (25, 1, 1), (25, 1, 14), (20, 1, 2), (20, 1, 1), (20, 1, 14), (1, 1, 2), (1, 1, 1), (1, 1, 14), (2, 1, 2)  …  (20, 15, 23), (20, 15, 3), (8, 15, 30), (8, 15, 29), (8, 15, 23), (8, 15, 3), (2, 15, 30), (2, 15, 29), (2, 15, 23), (2, 15, 3)]
And data, a 261-element Vector{Float64}:
 1.1008566724812965
 1.606419449576325
 0.0
 0.8991433275187034
 1.3120702861592193
 0.0
 0.0
 0.0
 0.0
 0.0
 0.0
 0.0
 0.0
 0.0
 0.0
 0.0
 1.9580570875425038
 0.0
 0.46662928483653754
 0.5753136276209588
 0.0
 0.0
 0.0
 0.0
 0.0
 0.0
 0.0
 0.0
 0.33807982989650837
 3.3887512721744275
 1.270694711666771
 0.0
 0.0
 0.0
 0.0
 0.0
 0.0
 0.0
 0.0
 0.0
 0.20311570164777723
 2.0359351002046138
 0.7634233844099015
 0.0
 0.0
 0.0
 0.0
 0.0
 0.0
 1.0432610990058113
 0.20185802550094262
 0.04194291245749609
 0.0
 0.0
 0.0
 0.0
 0.0
 0.0
 0.0
 2.0
 1.0
 0.0
 0.0
 0.0
 0.0
 0.0
 0.0
 0.0
 0.0
 0.0
 0.0
 0.75
 2.25
 0.0
 0.022198299393901822
 0.06659489818170547
 0.0
 0.5397644604861416
 1.6192933814584247
 0.0
 0.0
 0.0
 0.0
 0.0
 0.0
 0.0
 0.0
 0.0
 0.0
 0.0
 0.0
 0.0
 0.6880372401199565
 2.0641117203598696
 0.0
 0.0
 0.0
 0.0
 0.0
 0.0
 0.0
 1.6640230019433357
 0.8255435076994118
 0.5104334903572525
 0.0
 0.0
 0.0
 0.0
 0.0
 0.0
 0.0
 0.0
 0.0
 0.0
 0.0
 0.0
 0.0
 0.0
 5.552190840358746
 1.9995850792809857
 0.0
 0.0
 0.0
 0.32954177399946316
 0.11868230636080522
 0.0
 0.0
 0.0
 0.0
 0.0
 0.0
 0.0
 0.0
 0.0
 0.0
 0.0
 0.0
 0.0
 0.0
 0.0
 0.0
 0.0
 0.0
 0.0
 0.0
 0.0
 0.0
 0.0
 0.0
 0.0
 0.0
 0.06113297337494596
 0.0
 0.5606281053702891
 0.28031405268514453
 0.0
 0.0
 1.439371894629711
 0.7196859473148555
 0.0
 0.0
 0.0
 0.0
 0.0
 0.0
 0.0
 0.0
 0.0
 0.0
 0.0
 0.0
 0.0
 0.0
 0.0
 0.0
 0.0
 0.0
 0.0
 0.0
 0.0
 0.0
 0.0
 0.0
 0.0
 0.0
 0.0
 0.0
 0.0
 0.0
 0.0
 0.0
 0.0
 0.0
 0.0
 1.822477912980215
 1.0
 0.1775220870197849
 0.0
 0.0
 0.0
 0.0
 0.0
 0.0
 0.0
 0.0
 0.0
 1.49396412384315
 0.746982061921575
 0.0
 0.5060358761568501
 0.25301793807842504
 0.0
 0.0
 0.0
 0.0
 0.0
 0.0
 0.0
 0.0
 0.0
 0.0
 0.0
 0.0
 0.0
 0.0
 0.344148120951435
 0.5968245363298142
 0.0
 0.0
 0.0
 0.0
 0.0
 0.0
 0.0
 0.0
 0.0
 0.0
 0.0
 0.0
 0.0
 0.0
 0.0
 0.0
 0.0
 0.0
 0.0
 0.0
 0.0
 0.0
 0.0
 0.0
 0.0
 0.0
 0.0
 0.0
 0.0
 0.0
 2.0
 0.8771530144791496
 0.0
 1.0
x_ij_opt: 1-dimensional DenseAxisArray{Float64,1,...} with index sets:
    Dimension 1, [(43, 30), (43, 22), (43, 6), (44, 22), (45, 30), (45, 29), (45, 28), (45, 24), (45, 23), (40, 29)  …  (5, 7), (5, 14), (6, 4), (6, 3), (1, 14), (1, 10), (1, 23), (1, 1), (3, 2), (3, 1)]
And data, a 116-element Vector{Float64}:
 0.0
 1.885217634755944
 1.0105803880954456
 0.0
 0.0
 0.0
 1.655851879048565
 0.0
 0.0
 0.0
 0.0
 0.0
 0.0
 0.0
 0.0
 0.0
 0.0
 0.0
 0.21121361367792252
 0.0
 0.0
 0.0
 0.0
 0.0
 0.0
 0.0
 0.0
 2.0
 0.0
 2.9112068024243927
 0.0
 0.0
 0.0
 0.0
 0.0
 0.0
 0.0
 0.0
 0.0
 0.0
 0.0
 0.0
 0.0
 0.44822408036026823
 0.0
 0.0
 0.11478236524405597
 0.0
 0.0
 0.0
 0.0
 0.0
 0.0
 0.0
 0.0
 3.0
 0.0
 0.11826738564179036
 0.17445649230058824
 1.938867026625054
 0.0
 0.0
 0.0
 0.17752208701978495
 6.0
 0.0
 0.0
 0.0
 0.0
 0.7887863863220774
 0.0
 0.0
 0.0
 0.0
 0.0
 0.0
 0.40317546367018575
 0.9567389009941887
 0.0
 0.0
 0.0
 0.0
 0.0
 0.0
 0.0
 0.0
 0.0
 0.0
 0.0
 0.0
 0.0
 0.0
 0.6798745888572661
 0.0
 0.0
 0.0
 0.0
 0.0
 0.0
 0.0
 0.0
 0.0
 0.0
 0.0
 0.0
 0.19504763386944804
 0.0
 0.0
 0.0
 0.0
 0.14092936418721602
 0.0
 0.0
 2.1044474890706653
 0.0
 0.0
x_il_opt: 1-dimensional DenseAxisArray{Float64,1,...} with index sets:
    Dimension 1, [(43, 15), (43, 14), (44, 15), (44, 13), (44, 3), (40, 14), (40, 2), (41, 14), (42, 6), (37, 13)  …  (4, 13), (5, 2), (5, 7), (5, 9), (6, 11), (1, 1), (1, 6), (1, 3), (2, 1), (2, 15)]
And data, a 71-element Vector{Float64}:
 0.0
 0.0
 0.0
 2.240946185764725
 4.997525813737706
 0.9409726572812492
 0.0
 0.0
 3.0
 0.7590538142352752
 0.0
 3.0
 0.0
 0.0
 0.08879319757560729
 0.0
 0.0
 0.0
 7.551775919639732
 0.0
 0.0
 0.0
 3.0
 0.8409421580554336
 2.1590578419445663
 0.0
 0.4482240803602684
 0.0
 0.0
 0.0
 2.7072761220576216
 0.0
 0.0
 0.0
 0.0
 0.0
 0.0
 0.0
 2.2112136136779226
 0.0
 0.0
 0.0
 3.0
 0.0
 0.0
 2.1590578419445663
 0.0
 3.0
 0.0
 0.0
 0.0
 0.0
 0.0
 0.0
 1.28706203696425
 0.0
 0.0
 0.0
 0.0
 0.0
 0.0
 0.0
 0.0
 0.0
 0.06113297337494596
 0.0
 0.0
 2.752148960479826
 3.0024741862622926
 0.0
 3.8771530144791497
x_lj_opt: 1-dimensional DenseAxisArray{Float64,1,...} with index sets:
    Dimension 1, [(15, 30), (15, 29), (15, 23), (15, 3), (14, 28), (14, 27), (14, 10), (14, 24), (13, 26), (13, 25)  …  (3, 6), (3, 5), (3, 29), (2, 4), (2, 3), (2, 1), (2, 5), (1, 2), (1, 1), (1, 14)]
And data, a 53-element Vector{Float64}:
 2.0
 0.8771530144791496
 0.0
 1.0
 0.344148120951435
 0.5968245363298142
 0.0
 0.0
 2.0
 1.0
 0.0
 1.822477912980215
 1.0
 0.1775220870197848
 0.0
 0.0
 0.0
 0.0
 0.0
 0.0
 0.0
 2.0
 1.0
 0.06113297337494596
 0.0
 0.0
 5.881732614358209
 2.118267385641791
 0.0
 0.0
 1.6640230019433357
 0.8255435076994118
 0.5104334903572525
 2.0
 6.0
 0.0
 2.0
 1.0
 0.0
 0.0
 1.043261099005811
 0.2018580255009426
 0.04194291245749608
 0.5411955315442856
 5.424686372379042
 2.0341180960766727
 1.9580570875425038
 0.0
 0.46662928483653754
 0.5753136276209588
 2.0
 2.9184897357355446
 0.0
q_opt: 1-dimensional DenseAxisArray{Float64,1,...} with index sets:
    Dimension 1, [(43, 15), (43, 14), (44, 15), (44, 13), (44, 3), (40, 14), (40, 2), (41, 14), (42, 6), (37, 13)  …  (4, 13), (5, 2), (5, 7), (5, 9), (6, 11), (1, 1), (1, 6), (1, 3), (2, 1), (2, 15)]
And data, a 71-element Vector{Float64}:
 0.0
 0.0
 0.0
 0.746982061921575
 0.6246907267172134
 1.0
 0.0
 0.0
 0.375
 0.25301793807842504
 0.0
 1.0
 0.0
 0.0
 0.011099149696950911
 0.0
 0.0
 0.0
 0.9439719899549665
 0.0
 0.0
 0.0
 1.0
 0.28031405268514453
 0.2698822302430708
 0.0
 0.05602801004503355
 0.0
 0.0
 0.0
 0.5504283362406482
 0.0
 0.0
 0.0
 0.0
 0.0
 0.0
 0.0
 0.4495716637593517
 0.0
 0.0
 0.0
 1.0
 0.0
 0.0
 0.7196859473148555
 0.0
 1.0
 0.0
 0.0
 0.0
 0.0
 0.0
 0.0
 1.0
 0.0
 0.0
 0.0
 0.0
 0.0
 0.0
 0.0
 0.0
 0.0
 1.0
 1.0
 0.0
 0.34401862005997824
 0.37530927328278657
 0.0
 1.0
