
PROBLEM STATISTICS
  Objective sense = Min
  # Variables = 572
  # Bin-Int Variables = 0
  # Constraints = 621
  # NL Constraints = 261
  # Linear Constraints = 360
  # Detected convex constraints = 0
  # Detected nonlinear terms = 261
  # Variables involved in nonlinear terms = 124
  # Potential variables for partitioning = 124
SUB-SOLVERS USED BY ALPINE
  NLP local solver = Knitro
  MIP solver = Gurobi
ALPINE CONFIGURATION
  Maximum iterations (lower-bounding MIPs) =  1
  Relative global optimality gap = 0.01%
  Potential variables chosen for partitioning = All
  Discretization ratio = 10
  Bound-tightening presolve = false
PRESOLVE 
  Doing local search

Feasible solution found during presolve: [0.9958903404442667, 1.2020577535526205, 0.0, 1.0041096595557333, 1.211978621208044, 0.0, 0.0, 0.0, 0.0, 0.0, 0.0, 0.0, 0.0, 0.0, 0.0, 0.0, 1.7677675384235054, 0.0, 0.0, 1.2322324615764944, 0.0, 0.0, 0.0, 0.0, 0.0, 0.0, 0.0, 0.0, 0.0, 2.622249696028995, 1.7777126341748126, 0.0, 0.0, 0.0, 0.0, 0.0, 0.0, 0.0, 0.0, 0.0, 0.0, 2.145517842394511, 1.4545198274016813, 0.26799085748217294, 0.7146962623354096, 0.0, 0.0, 0.0, 0.0, 0.673548352336687, 1.7962645981280385, 0.0, 0.0, 0.0, 0.0, 0.0, 0.0, 0.0, 0.0, 2.0, 1.0, 0.0, 0.0, 0.0, 0.0, 0.0, 0.0, 0.0, 0.0, 0.0, 0.0, 0.4213283000566806, 1.2639849001700418, 0.0, 0.75, 2.25, 0.0, 0.48088303899410595, 1.442649116982318, 0.0, 0.0, 0.0, 0.0, 0.0, 0.0, 0.0, 0.0, 0.0, 0.0, 0.0, 0.0, 0.0, 0.3477886609492137, 1.0433659828476411, 0.0, 0.0, 0.0, 0.0, 0.0, 0.0, 0.0, 1.4868371368280264, 0.9360069243395908, 0.5771559388323825, 0.0, 0.0, 0.0, 0.0, 0.0, 0.0, 0.0, 0.0, 0.0, 0.0, 0.0, 0.0, 0.0, 0.0, 4.920335371967024, 2.560303750856889, 0.0, 0.0, 0.0, 0.34160579769027294, 0.17775507948581493, 0.0, 0.0, 0.0, 0.0, 0.0, 0.0, 0.0, 0.0, 0.0, 0.0, 0.0, 0.0, 0.0, 0.0, 0.0, 0.0, 0.0, 0.0, 0.0, 0.0, 0.0, 0.0, 0.0, 0.0, 0.0, 0.0, 0.22663913579336264, 0.0, 0.7176452293490506, 0.3588226146745253, 0.0, 0.0, 1.2823547706509495, 0.6411773853254747, 0.0, 0.0, 0.0, 0.0, 0.0, 0.0, 0.0, 0.0, 0.0, 0.0, 0.0, 0.0, 0.0, 0.0, 1.7967444440830014, 0.0, 0.0, 0.0, 0.45227524672314967, 0.0, 0.0, 0.0, 0.0, 0.0, 0.0, 0.0, 0.0, 0.0, 0.0, 0.0, 0.0, 0.0, 0.0, 0.0, 0.0, 1.5477247532768503, 1.0, 0.4522752467231497, 0.0, 0.0, 0.0, 0.0, 0.0, 0.0, 0.0, 0.0, 0.0, 1.5627383439851075, 0.7813691719925538, 0.0, 0.4372616560148924, 0.2186308280074462, 0.0, 0.0, 0.0, 0.0, 0.0, 0.0, 0.0, 0.0, 0.0, 0.0, 0.0, 0.0, 0.0, 0.0, 0.3112790453013327, 0.658456954665083, 0.0, 0.0, 0.0, 0.0, 0.0, 0.0, 0.0, 0.0, 0.0, 0.0, 0.0, 0.0, 0.0, 0.0, 0.0, 0.0, 0.0, 0.0, 0.0, 0.0, 0.0, 0.0, 0.0, 0.0, 0.0, 0.0, 0.0, 0.0, 0.0, 0.0, 2.0, 2.315492291700356, 0.0, 1.0, 0.0, 0.0, 0.0, 2.344107515977661, 4.399962330203808, 0.9697359999664157, 0.0, 0.0, 1.6853132002267224, 0.6558924840223386, 0.0, 3.0, 0.0, 0.0, 3.0, 0.0, 0.0, 0.0, 7.480639122823913, 0.0, 0.9826871198175825, 0.0, 3.0, 1.076467844023576, 1.9235321559764238, 0.0, 0.5193608771760878, 0.0, 2.2490196908061515, 0.0, 2.197948093996887, 0.0, 0.0, 0.0, 0.0, 0.0, 0.0, 0.0, 2.216088280763777, 0.0, 0.0, 0.0, 3.0, 0.0, 0.0, 1.9235321559764242, 0.0, 3.0, 0.0, 0.0, 0.0, 0.0, 0.0, 0.0, 2.4698129504647257, 0.0, 0.0, 0.0, 0.0, 0.0, 0.0, 0.0, 0.0, 0.0, 0.22663913579336264, 0.0, 0.0, 1.3911546437968547, 3.6000376697961927, 0.0, 5.315492291700356, 2.0, 2.315492291700356, 0.0, 1.0, 0.3112790453013327, 0.658456954665083, 0.0, 0.0, 2.0, 1.0, 0.0, 1.5477247532768503, 1.0, 0.4522752467231497, 1.7967444440830014, 0.0, 0.0, 0.0, 0.45227524672314967, 0.0, 0.0, 2.0, 1.0, 0.22663913579336264, 0.0, 0.0, 5.261941169657297, 2.7380588303427036, 0.0, 0.0, 1.4868371368280264, 0.9360069243395908, 0.5771559388323825, 2.0, 6.0, 0.0, 2.0, 1.0, 0.0, 0.0, 0.9415392098188599, 2.510960860463448, 0.0, 0.0, 4.767767538423506, 3.232232461576494, 1.7677675384235054, 0.0, 0.0, 1.2322324615764944, 2.0, 2.414036374760664, 0.0, 0.0, 0.2032555559169987, 1.480639122823913, 0.0, 0.0, 0.0, 1.6887209546986675, 0.0, 0.0, 0.0, 0.0, 0.0, 0.0, 0.0, 0.0, 0.0, 0.0, 0.0, 0.21608828076377729, 0.0, 0.0, 0.0, 0.0, 0.0, 0.0, 0.0, 0.0, 2.0, 0.0, 0.0, 0.0, 0.0, 0.0, 0.0, 0.0, 0.0, 0.0, 0.0, 0.0, 0.0, 0.0, 0.0, 0.0, 0.5193608771760871, 0.0, 0.0, 0.0, 0.0, 0.0, 0.0, 0.0, 0.0, 0.0, 0.0, 0.0, 0.7509803091938485, 0.0, 0.7380588303427033, 0.06399307566040925, 1.7733608642066374, 0.0, 0.0, 0.0, 0.0, 6.0, 0.0, 0.0, 0.0, 0.0, 0.7839117192362227, 0.0, 0.0, 0.0, 0.0, 0.0, 0.0, 0.3415430453349169, 1.0584607901811403, 0.0, 0.0, 0.0, 0.0, 0.0, 0.0, 0.0, 0.0, 0.0, 0.0, 0.0, 0.0, 0.0, 0.0, 0.0, 0.0, 0.0, 0.0, 0.0, 0.0, 0.0, 0.0, 0.0, 0.0, 0.0, 0.0, 0.0, 0.5131628631719733, 0.0, 0.0, 0.23223246157649463, 0.0, 0.0, 0.0, 0.0, 3.008807686406953, 0.0, 0.0, 0.0, 0.0, 0.0, 0.7813691719925537, 0.549995291275476, 1.0, 0.0, 0.0, 0.2106641500283403, 0.2186308280074462, 0.0, 1.0, 0.0, 0.0, 0.375, 0.0, 0.0, 0.0, 0.9350798903529891, 0.0, 0.2846305864773608, 0.0, 1.0, 0.3588226146745253, 0.24044151949705297, 0.0, 0.06492010964701098, 0.0, 1.0, 0.0, 0.49794517022213336, 0.0, 0.0, 0.0, 0.0, 0.0, 0.0, 0.0, 0.5020548297778666, 0.0, 0.0, 0.0, 1.0, 0.0, 0.0, 0.6411773853254747, 0.0, 1.0, 0.0, 0.0, 0.0, 0.0, 0.0, 0.0, 0.7153694135226393, 0.0, 0.0, 0.0, 0.0, 0.0, 0.0, 0.0, 0.0, 0.0, 1.0, 0.0, 0.0, 0.17389433047460684, 0.450004708724524, 0.0, 1.0]  :with objective: -624.8471463754765

  Local solver returns a feasible point with value -624.8471
disc:  333  :[0.0, 1.8, 2.0]
disc:  334  :[0.0, 1.715492291700356, 2.9154922917003563, 6.0]
disc:  335  :[0.0, 0.1, 1.0]
disc:  336  :[0.0, 0.9, 1.0]
disc:  337  :[0.0, 0.1112790453013327, 0.5112790453013327, 2.0]
disc:  338  :[0.0, 0.558456954665083, 0.758456954665083, 1.0]
disc:  339  :[0.0, 0.2, 2.0]
disc:  340  :[0.0, 0.2, 2.0]
disc:  341  :[0.0, 1.8, 2.0]
disc:  342  :[0.0, 0.9, 1.0]
disc:  343  :[0.0, 0.2, 2.0]
disc:  344  :[0.0, 1.3477247532768504, 1.7477247532768503, 2.0]
disc:  345  :[0.0, 0.9, 1.0]
disc:  346  :[0.0, 0.15227524672314974, 0.7522752467231497, 3.0]
disc:  347  :[0.0, 1.5967444440830014, 1.9967444440830013, 2.0]
disc:  348  :[0.0, 0.6, 6.0]
disc:  349  :[0.0, 0.2, 2.0]
disc:  350  :[0.0, 0.1, 1.0]
disc:  351  :[0.0, 0.25227524672314966, 0.6522752467231496, 2.0]
disc:  352  :[0.0, 0.6, 6.0]
disc:  353  :[0.0, 0.1, 1.0]
disc:  354  :[0.0, 1.8, 2.0]
disc:  355  :[0.0, 0.9, 1.0]
disc:  356  :[0.0, 0.026639135793362634, 0.42663913579336266, 2.0]
disc:  357  :[0.0, 0.1, 1.0]
disc:  358  :[0.0, 0.2, 2.0]
disc:  359  :[0.0, 4.661941169657298, 5.861941169657297, 6.0]
disc:  360  :[0.0, 2.1380588303427035, 3.3380588303427037, 6.0]
disc:  361  :[0.0, 0.2, 2.0]
disc:  362  :[0.0, 0.1, 1.0]
disc:  363  :[0.0, 1.2868371368280265, 1.6868371368280264, 2.0]
disc:  364  :[0.0, 0.8360069243395908, 1.0]
disc:  365  :[0.0, 0.2771559388323825, 0.8771559388323824, 3.0]
disc:  366  :[0.0, 1.8, 2.0]
disc:  367  :[0.0, 5.4, 6.0]
disc:  368  :[0.0, 0.2, 2.0]
disc:  369  :[0.0, 1.8, 2.0]
disc:  370  :[0.0, 0.9, 1.0]
disc:  371  :[0.0, 0.2, 2.0]
disc:  372  :[0.0, 0.2, 2.0]
disc:  373  :[0.0, 0.7415392098188598, 1.14153920981886, 2.0]
disc:  374  :[0.0, 1.9109608604634478, 3.110960860463448, 6.0]
disc:  375  :[0.0, 0.2, 2.0]
disc:  376  :[0.0, 0.2, 2.0]
disc:  377  :[0.0, 4.167767538423506, 5.3677675384235055, 6.0]
disc:  378  :[0.0, 2.632232461576494, 3.832232461576494, 6.0]
disc:  379  :[0.0, 1.5677675384235055, 1.9677675384235054, 2.0]
disc:  380  :[0.0, 0.1, 1.0]
disc:  381  :[0.0, 0.3, 3.0]
disc:  382  :[0.0, 0.9322324615764943, 1.5322324615764944, 3.0]
disc:  383  :[0.0, 1.8, 2.0]
disc:  384  :[0.0, 1.814036374760664, 3.014036374760664, 6.0]
disc:  385  :[0.0, 0.2, 2.0]
disc:  502  :[0.0, 0.1, 1.0]
disc:  503  :[0.0, 0.1, 1.0]
disc:  504  :[0.0, 0.1, 1.0]
disc:  505  :[0.0, 0.6813691719925538, 0.8813691719925537, 1.0]
disc:  506  :[0.0, 0.449995291275476, 0.649995291275476, 1.0]
disc:  507  :[0.0, 0.9, 1.0]
disc:  508  :[0.0, 0.1, 1.0]
disc:  509  :[0.0, 0.1, 1.0]
disc:  510  :[0.0, 0.11066415002834029, 0.3106641500283403, 1.0]
disc:  511  :[0.0, 0.1186308280074462, 0.31863082800744624, 1.0]
disc:  512  :[0.0, 0.1, 1.0]
disc:  513  :[0.0, 0.9, 1.0]
disc:  514  :[0.0, 0.1, 1.0]
disc:  515  :[0.0, 0.1, 1.0]
disc:  516  :[0.0, 0.275, 0.475, 1.0]
disc:  517  :[0.0, 0.1, 1.0]
disc:  518  :[0.0, 0.1, 1.0]
disc:  519  :[0.0, 0.1, 1.0]
disc:  520  :[0.0, 0.8350798903529891, 1.0]
disc:  521  :[0.0, 0.1, 1.0]
disc:  522  :[0.0, 0.18463058647736078, 0.3846305864773608, 1.0]
disc:  523  :[0.0, 0.1, 1.0]
disc:  524  :[0.0, 0.9, 1.0]
disc:  525  :[0.0, 0.2588226146745253, 0.45882261467452534, 1.0]
disc:  526  :[0.0, 0.14044151949705297, 0.340441519497053, 1.0]
disc:  527  :[0.0, 0.1, 1.0]
disc:  528  :[0.0, 0.16492010964701098, 1.0]
disc:  529  :[0.0, 0.1, 1.0]
disc:  530  :[0.0, 0.9, 1.0]
disc:  531  :[0.0, 0.1, 1.0]
disc:  532  :[0.0, 0.3979451702221334, 0.5979451702221333, 1.0]
disc:  533  :[0.0, 0.1, 1.0]
disc:  534  :[0.0, 0.1, 1.0]
disc:  535  :[0.0, 0.1, 1.0]
disc:  536  :[0.0, 0.1, 1.0]
disc:  537  :[0.0, 0.1, 1.0]
disc:  538  :[0.0, 0.1, 1.0]
disc:  539  :[0.0, 0.1, 1.0]
disc:  540  :[0.0, 0.40205482977786666, 0.6020548297778666, 1.0]
disc:  541  :[0.0, 0.1, 1.0]
disc:  542  :[0.0, 0.1, 1.0]
disc:  543  :[0.0, 0.1, 1.0]
disc:  544  :[0.0, 0.9, 1.0]
disc:  545  :[0.0, 0.1, 1.0]
disc:  546  :[0.0, 0.1, 1.0]
disc:  547  :[0.0, 0.5411773853254748, 0.7411773853254747, 1.0]
disc:  548  :[0.0, 0.1, 1.0]
disc:  549  :[0.0, 0.9, 1.0]
disc:  550  :[0.0, 0.1, 1.0]
disc:  551  :[0.0, 0.1, 1.0]
disc:  552  :[0.0, 0.1, 1.0]
disc:  553  :[0.0, 0.1, 1.0]
disc:  554  :[0.0, 0.1, 1.0]
disc:  555  :[0.0, 0.1, 1.0]
disc:  556  :[0.0, 0.6153694135226393, 0.8153694135226393, 1.0]
disc:  557  :[0.0, 0.1, 1.0]
disc:  558  :[0.0, 0.1, 1.0]
disc:  559  :[0.0, 0.1, 1.0]
disc:  560  :[0.0, 0.1, 1.0]
disc:  561  :[0.0, 0.1, 1.0]
disc:  562  :[0.0, 0.1, 1.0]
disc:  563  :[0.0, 0.1, 1.0]
disc:  564  :[0.0, 0.1, 1.0]
disc:  565  :[0.0, 0.1, 1.0]
disc:  566  :[0.0, 0.9, 1.0]
disc:  567  :[0.0, 0.1, 1.0]
disc:  568  :[0.0, 0.1, 1.0]
disc:  569  :[0.0, 0.07389433047460683, 0.2738943304746069, 1.0]
disc:  570  :[0.0, 0.35000470872452405, 0.550004708724524, 1.0]
disc:  571  :[0.0, 0.1, 1.0]
disc:  572  :[0.0, 0.9, 1.0]
  Completed presolve in 8.66s
LOWER-BOUNDING ITERATIONS
====================================================================================================
| Iter   | Incumbent       | Best Incumbent      | Lower Bound        | Gap (%)         | Time      
| finish | -624.8471       | -624.8471           | -630.2647          | 0.867           | 23.47s           
Final UBD: -624.8471463754765
Final LBD: -630.2646854129349
====================================================================================================

*** Alpine ended with status OTHER_LIMIT ***

 Total time for local solves: 6.23s

 Total time for solving max-min problems: 0.0s

 Total time excluding max-min time: 23.47s

presolve objective value: -624.8471463754765
w_opt: 1-dimensional DenseAxisArray{Float64,1,...} with index sets:
    Dimension 1, [(25, 1, 2), (25, 1, 1), (25, 1, 14), (20, 1, 2), (20, 1, 1), (20, 1, 14), (1, 1, 2), (1, 1, 1), (1, 1, 14), (2, 1, 2)  …  (20, 15, 23), (20, 15, 3), (8, 15, 30), (8, 15, 29), (8, 15, 23), (8, 15, 3), (2, 15, 30), (2, 15, 29), (2, 15, 23), (2, 15, 3)]
And data, a 261-element Vector{Float64}:
 0.9958903404442667
 1.2020577535526205
 0.0
 1.0041096595557333
 1.211978621208044
 0.0
 0.0
 0.0
 0.0
 0.0
 0.0
 0.0
 0.0
 0.0
 0.0
 0.0
 1.7677675384235054
 0.0
 0.0
 1.2322324615764944
 0.0
 0.0
 0.0
 0.0
 0.0
 0.0
 0.0
 0.0
 0.0
 2.622249696028995
 1.7777126341748126
 0.0
 0.0
 0.0
 0.0
 0.0
 0.0
 0.0
 0.0
 0.0
 0.0
 2.145517842394511
 1.4545198274016813
 0.26799085748217294
 0.7146962623354096
 0.0
 0.0
 0.0
 0.0
 0.673548352336687
 1.7962645981280385
 0.0
 0.0
 0.0
 0.0
 0.0
 0.0
 0.0
 0.0
 2.0
 1.0
 0.0
 0.0
 0.0
 0.0
 0.0
 0.0
 0.0
 0.0
 0.0
 0.0
 0.4213283000566806
 1.2639849001700418
 0.0
 0.75
 2.25
 0.0
 0.48088303899410595
 1.442649116982318
 0.0
 0.0
 0.0
 0.0
 0.0
 0.0
 0.0
 0.0
 0.0
 0.0
 0.0
 0.0
 0.0
 0.3477886609492137
 1.0433659828476411
 0.0
 0.0
 0.0
 0.0
 0.0
 0.0
 0.0
 1.4868371368280264
 0.9360069243395908
 0.5771559388323825
 0.0
 0.0
 0.0
 0.0
 0.0
 0.0
 0.0
 0.0
 0.0
 0.0
 0.0
 0.0
 0.0
 0.0
 4.920335371967024
 2.560303750856889
 0.0
 0.0
 0.0
 0.34160579769027294
 0.17775507948581493
 0.0
 0.0
 0.0
 0.0
 0.0
 0.0
 0.0
 0.0
 0.0
 0.0
 0.0
 0.0
 0.0
 0.0
 0.0
 0.0
 0.0
 0.0
 0.0
 0.0
 0.0
 0.0
 0.0
 0.0
 0.0
 0.0
 0.22663913579336264
 0.0
 0.7176452293490506
 0.3588226146745253
 0.0
 0.0
 1.2823547706509495
 0.6411773853254747
 0.0
 0.0
 0.0
 0.0
 0.0
 0.0
 0.0
 0.0
 0.0
 0.0
 0.0
 0.0
 0.0
 0.0
 1.7967444440830014
 0.0
 0.0
 0.0
 0.45227524672314967
 0.0
 0.0
 0.0
 0.0
 0.0
 0.0
 0.0
 0.0
 0.0
 0.0
 0.0
 0.0
 0.0
 0.0
 0.0
 0.0
 1.5477247532768503
 1.0
 0.4522752467231497
 0.0
 0.0
 0.0
 0.0
 0.0
 0.0
 0.0
 0.0
 0.0
 1.5627383439851075
 0.7813691719925538
 0.0
 0.4372616560148924
 0.2186308280074462
 0.0
 0.0
 0.0
 0.0
 0.0
 0.0
 0.0
 0.0
 0.0
 0.0
 0.0
 0.0
 0.0
 0.0
 0.3112790453013327
 0.658456954665083
 0.0
 0.0
 0.0
 0.0
 0.0
 0.0
 0.0
 0.0
 0.0
 0.0
 0.0
 0.0
 0.0
 0.0
 0.0
 0.0
 0.0
 0.0
 0.0
 0.0
 0.0
 0.0
 0.0
 0.0
 0.0
 0.0
 0.0
 0.0
 0.0
 0.0
 2.0
 2.315492291700356
 0.0
 1.0
x_ij_opt: 1-dimensional DenseAxisArray{Float64,1,...} with index sets:
    Dimension 1, [(43, 30), (43, 22), (43, 6), (44, 22), (45, 30), (45, 29), (45, 28), (45, 24), (45, 23), (40, 29)  …  (5, 7), (5, 14), (6, 4), (6, 3), (1, 14), (1, 10), (1, 23), (1, 1), (3, 2), (3, 1)]
And data, a 116-element Vector{Float64}:
 0.0
 0.2032555559169987
 1.480639122823913
 0.0
 0.0
 0.0
 1.6887209546986675
 0.0
 0.0
 0.0
 0.0
 0.0
 0.0
 0.0
 0.0
 0.0
 0.0
 0.0
 0.21608828076377729
 0.0
 0.0
 0.0
 0.0
 0.0
 0.0
 0.0
 0.0
 2.0
 0.0
 0.0
 0.0
 0.0
 0.0
 0.0
 0.0
 0.0
 0.0
 0.0
 0.0
 0.0
 0.0
 0.0
 0.0
 0.5193608771760871
 0.0
 0.0
 0.0
 0.0
 0.0
 0.0
 0.0
 0.0
 0.0
 0.0
 0.0
 0.7509803091938485
 0.0
 0.7380588303427033
 0.06399307566040925
 1.7733608642066374
 0.0
 0.0
 0.0
 0.0
 6.0
 0.0
 0.0
 0.0
 0.0
 0.7839117192362227
 0.0
 0.0
 0.0
 0.0
 0.0
 0.0
 0.3415430453349169
 1.0584607901811403
 0.0
 0.0
 0.0
 0.0
 0.0
 0.0
 0.0
 0.0
 0.0
 0.0
 0.0
 0.0
 0.0
 0.0
 0.0
 0.0
 0.0
 0.0
 0.0
 0.0
 0.0
 0.0
 0.0
 0.0
 0.0
 0.0
 0.0
 0.5131628631719733
 0.0
 0.0
 0.23223246157649463
 0.0
 0.0
 0.0
 0.0
 3.008807686406953
 0.0
 0.0
x_il_opt: 1-dimensional DenseAxisArray{Float64,1,...} with index sets:
    Dimension 1, [(43, 15), (43, 14), (44, 15), (44, 13), (44, 3), (40, 14), (40, 2), (41, 14), (42, 6), (37, 13)  …  (4, 13), (5, 2), (5, 7), (5, 9), (6, 11), (1, 1), (1, 6), (1, 3), (2, 1), (2, 15)]
And data, a 71-element Vector{Float64}:
 0.0
 0.0
 0.0
 2.344107515977661
 4.399962330203808
 0.9697359999664157
 0.0
 0.0
 1.6853132002267224
 0.6558924840223386
 0.0
 3.0
 0.0
 0.0
 3.0
 0.0
 0.0
 0.0
 7.480639122823913
 0.0
 0.9826871198175825
 0.0
 3.0
 1.076467844023576
 1.9235321559764238
 0.0
 0.5193608771760878
 0.0
 2.2490196908061515
 0.0
 2.197948093996887
 0.0
 0.0
 0.0
 0.0
 0.0
 0.0
 0.0
 2.216088280763777
 0.0
 0.0
 0.0
 3.0
 0.0
 0.0
 1.9235321559764242
 0.0
 3.0
 0.0
 0.0
 0.0
 0.0
 0.0
 0.0
 2.4698129504647257
 0.0
 0.0
 0.0
 0.0
 0.0
 0.0
 0.0
 0.0
 0.0
 0.22663913579336264
 0.0
 0.0
 1.3911546437968547
 3.6000376697961927
 0.0
 5.315492291700356
x_lj_opt: 1-dimensional DenseAxisArray{Float64,1,...} with index sets:
    Dimension 1, [(15, 30), (15, 29), (15, 23), (15, 3), (14, 28), (14, 27), (14, 10), (14, 24), (13, 26), (13, 25)  …  (3, 6), (3, 5), (3, 29), (2, 4), (2, 3), (2, 1), (2, 5), (1, 2), (1, 1), (1, 14)]
And data, a 53-element Vector{Float64}:
 2.0
 2.315492291700356
 0.0
 1.0
 0.3112790453013327
 0.658456954665083
 0.0
 0.0
 2.0
 1.0
 0.0
 1.5477247532768503
 1.0
 0.4522752467231497
 1.7967444440830014
 0.0
 0.0
 0.0
 0.45227524672314967
 0.0
 0.0
 2.0
 1.0
 0.22663913579336264
 0.0
 0.0
 5.261941169657297
 2.7380588303427036
 0.0
 0.0
 1.4868371368280264
 0.9360069243395908
 0.5771559388323825
 2.0
 6.0
 0.0
 2.0
 1.0
 0.0
 0.0
 0.9415392098188599
 2.510960860463448
 0.0
 0.0
 4.767767538423506
 3.232232461576494
 1.7677675384235054
 0.0
 0.0
 1.2322324615764944
 2.0
 2.414036374760664
 0.0
q_opt: 1-dimensional DenseAxisArray{Float64,1,...} with index sets:
    Dimension 1, [(43, 15), (43, 14), (44, 15), (44, 13), (44, 3), (40, 14), (40, 2), (41, 14), (42, 6), (37, 13)  …  (4, 13), (5, 2), (5, 7), (5, 9), (6, 11), (1, 1), (1, 6), (1, 3), (2, 1), (2, 15)]
And data, a 71-element Vector{Float64}:
 0.0
 0.0
 0.0
 0.7813691719925537
 0.549995291275476
 1.0
 0.0
 0.0
 0.2106641500283403
 0.2186308280074462
 0.0
 1.0
 0.0
 0.0
 0.375
 0.0
 0.0
 0.0
 0.9350798903529891
 0.0
 0.2846305864773608
 0.0
 1.0
 0.3588226146745253
 0.24044151949705297
 0.0
 0.06492010964701098
 0.0
 1.0
 0.0
 0.49794517022213336
 0.0
 0.0
 0.0
 0.0
 0.0
 0.0
 0.0
 0.5020548297778666
 0.0
 0.0
 0.0
 1.0
 0.0
 0.0
 0.6411773853254747
 0.0
 1.0
 0.0
 0.0
 0.0
 0.0
 0.0
 0.0
 0.7153694135226393
 0.0
 0.0
 0.0
 0.0
 0.0
 0.0
 0.0
 0.0
 0.0
 1.0
 0.0
 0.0
 0.17389433047460684
 0.450004708724524
 0.0
 1.0
