
PROBLEM STATISTICS
  Objective sense = Min
  # Variables = 572
  # Bin-Int Variables = 0
  # Constraints = 621
  # NL Constraints = 261
  # Linear Constraints = 360
  # Detected convex constraints = 0
  # Detected nonlinear terms = 261
  # Variables involved in nonlinear terms = 124
  # Potential variables for partitioning = 124
SUB-SOLVERS USED BY ALPINE
  NLP local solver = Knitro
  MIP solver = Gurobi
ALPINE CONFIGURATION
  Maximum iterations (lower-bounding MIPs) =  1
  Relative global optimality gap = 0.01%
  Potential variables chosen for partitioning = All
  Discretization ratio = 10
  Bound-tightening presolve = false
PRESOLVE 
  Doing local search

Feasible solution found during presolve: [0.8521436063766304, 0.7913410364324367, 0.0, 1.1478563936233694, 1.0659539793625412, 0.0, 0.0, 0.0, 0.0, 0.0, 0.0, 0.0, 0.0, 0.0, 0.0, 0.0, 2.0, 0.0, 0.0, 1.0, 0.0, 0.0, 0.0, 0.0, 0.0, 0.0, 0.0, 0.0, 0.0, 2.9746100444755856, 1.228232076337918, 0.0, 0.0, 0.0, 0.0, 0.12200353081701079, 0.05037589725558536, 0.0, 0.0, 0.0, 0.0, 1.903386424707404, 0.7859182297973876, 0.0, 0.0, 0.0, 0.0, 0.0, 0.0, 1.1598904118413857, 1.3530323064862886, 0.0, 0.0, 0.0, 0.0, 0.0, 0.0, 0.0, 0.0, 2.0, 1.0, 0.0, 0.0, 0.0, 0.0, 0.0, 0.0, 0.0, 0.0, 0.0, 0.0, 0.09481303819692921, 0.28443911459078763, 0.0, 0.75, 2.25, 0.0, 0.5674689679019325, 1.7024069037057974, 0.0, 0.0, 0.0, 0.0, 0.0, 0.0, 0.0, 0.0, 0.0, 0.0, 0.0, 0.0, 0.0, 0.5877179939011385, 1.7631539817034156, 0.0, 0.0, 0.0, 0.0, 0.0, 0.0, 0.0, 0.6856380851141494, 0.703712130623321, 1.0243970586875792, 0.16652828587943436, 0.17091812343790105, 0.24880631625761543, 0.0, 0.0, 0.0, 0.0, 0.0, 0.0, 0.0, 0.0, 0.0, 0.0, 0.0, 3.153393562544995, 2.1365873099856576, 0.0, 0.0, 0.0, 1.61546082620285, 1.0945583012664966, 0.0, 0.0, 0.0, 0.0, 0.0, 0.0, 0.0, 0.0, 0.0, 0.0, 0.0, 0.0, 0.0, 0.0, 0.0, 0.0, 0.0, 0.0, 0.0, 0.0, 0.0, 0.0, 0.0, 0.0, 0.0, 0.0, 0.04062413160228754, 0.0, 0.4867494189281802, 0.2433747094640901, 0.0, 0.0, 1.5132505810718198, 0.7566252905359099, 0.0, 0.0, 0.0, 0.0, 0.0, 0.0, 0.0, 0.0, 0.0, 0.0, 0.0, 0.0, 0.0, 0.0, 2.0, 0.0, 0.0, 0.0, 0.3933381001594024, 0.0, 0.0, 0.0, 0.0, 0.0, 0.0, 0.0, 0.0, 0.0, 0.0, 0.0, 0.0, 0.0, 0.0, 0.0, 0.0, 1.6066618998405975, 1.0, 0.39333810015940274, 0.0, 0.0, 0.0, 0.0, 0.0, 0.0, 0.0, 0.0, 0.0, 1.561833305947845, 0.7809166529739225, 0.0, 0.43816669405215497, 0.21908334702607749, 0.0, 0.0, 0.0, 0.0, 0.0, 0.0, 0.0, 0.0, 0.0, 0.0, 0.0, 0.0, 0.0, 0.0, 0.5301069064796425, 0.6246671714979379, 0.0, 0.0, 0.0, 0.0, 0.0, 0.0, 0.0, 0.0, 0.0, 0.0, 0.0, 0.0, 0.0, 0.0, 0.0, 0.0, 0.0, 0.0, 0.0, 0.0, 0.0, 0.0, 0.0, 0.0, 0.0, 0.0, 0.0, 0.0, 0.0, 0.0, 1.1897214386554154, 3.542135696449707, 0.0, 0.9619106734942033, 0.0, 0.0, 0.0, 2.3427499589217677, 4.202842120813504, 1.1547740779775806, 0.0, 0.0, 0.37925215278771685, 0.6572500410782325, 0.0, 3.0, 0.0, 0.0, 3.0, 0.0, 0.0, 0.0, 5.289980872530652, 0.0, 0.0, 0.0, 3.0, 0.7301241283922703, 2.26987587160773, 0.0, 2.7100191274693466, 0.0, 2.3933381001594025, 0.0, 1.6434846428090673, 0.0, 0.0, 0.0, 0.0, 0.0, 0.0, 0.0, 2.2138103729859107, 0.0, 0.0, 0.0, 3.0, 0.0, 0.0, 2.26987587160773, 0.0, 2.4137472744250497, 0.0, 0.0, 0.0, 0.0, 0.0, 0.0, 2.5129227183276743, 0.0, 0.0, 0.17237942807259612, 0.0, 0.0, 0.0, 0.0, 0.0, 0.5862527255749508, 0.04062413160228754, 0.0, 0.0, 2.350871975604554, 2.6893046545047916, 0.0, 5.6937678085993255, 1.1897214386554154, 3.542135696449707, 0.0, 0.9619106734942033, 0.5301069064796425, 0.6246671714979379, 0.0, 0.0, 2.0, 1.0, 0.0, 1.6066618998405975, 1.0, 0.39333810015940274, 2.0, 0.0, 0.0, 0.0, 0.3933381001594024, 0.0, 0.0, 2.0, 1.0, 0.04062413160228754, 0.0, 0.0, 4.768854388747845, 3.231145611252155, 0.0, 0.0, 0.8521663709935836, 0.8746302540612222, 1.2732033749451945, 2.0, 6.0, 0.0, 2.0, 1.0, 0.0, 0.0, 1.1598904118413857, 1.3530323064862886, 0.0, 0.0, 5.0, 2.0645262033908907, 2.0, 0.0, 0.0, 1.0, 2.0, 1.8572950157949781, 0.0, 0.0, 0.0, 1.6194018004935258, 0.0, 0.8102785613445849, 0.0, 1.4698930935203576, 0.0, 0.0, 0.0, 0.0, 0.0, 0.0, 0.0, 0.0, 0.0, 0.0, 0.0, 0.21381037298591052, 0.0, 0.0, 0.0, 0.0, 0.0, 0.0, 0.0, 0.0, 2.0, 0.0, 0.0, 0.0, 0.0, 0.0, 0.0, 0.0, 0.0, 0.0, 0.0, 0.0, 0.0, 0.0, 0.0, 0.0, 0.3805981995064744, 0.0, 0.0, 0.0, 0.0, 0.0, 0.0, 0.0, 0.0, 0.0, 0.0, 0.0, 0.6066618998405973, 0.0, 1.2311456112521548, 0.12536974593877792, 1.9593758683977125, 0.0, 0.0, 0.0, 0.0, 6.0, 0.0, 0.0, 0.0, 0.0, 0.7861896270140895, 0.0, 0.0, 0.0, 0.0, 0.0, 0.0, 0.3753328285020621, 0.8401095881586144, 0.0, 0.0, 0.0, 0.0, 0.0, 0.0, 0.0, 0.0, 0.0, 0.0, 0.0, 0.0, 0.0, 0.0, 0.8091601824209598, 0.0, 0.0, 0.0, 0.0, 0.0, 0.0, 0.038089326505796633, 0.0, 0.0, 0.0, 0.0, 0.0, 1.0575118683755904, 0.0, 0.0, 0.0, 0.0, 0.09032176063082586, 0.0, 0.0, 2.869501609259828, 0.0, 0.0, 0.0, 0.0, 0.0, 0.7809166529739225, 0.5949220088951171, 1.0, 0.0, 0.0, 0.047406519098464606, 0.21908334702607749, 0.0, 1.0, 0.0, 0.0, 0.375, 0.0, 0.0, 0.0, 0.6612476090663315, 0.0, 0.0, 0.0, 1.0, 0.2433747094640901, 0.28373448395096623, 0.0, 0.3387523909336683, 0.0, 1.0, 0.0, 0.4260718031883152, 0.0, 0.0, 0.0, 0.0, 0.0, 0.0, 0.0, 0.5739281968116847, 0.0, 0.0, 0.0, 1.0, 0.0, 0.0, 0.7566252905359099, 0.0, 0.8045824248083497, 0.0, 0.0, 0.0, 0.0, 0.0, 0.0, 1.0, 0.0, 0.0, 0.024400706163402158, 0.0, 0.0, 0.0, 0.0, 0.0, 0.19541757519165026, 1.0, 0.0, 0.0, 0.2938589969505693, 0.3806772849414808, 0.0, 1.0]  :with objective: -624.3879577544077

  Local solver returns a feasible point with value -624.388
disc:  333  :[0.0, 0.9897214386554154, 1.3897214386554153, 2.0]
disc:  334  :[0.0, 2.9421356964497067, 4.1421356964497065, 6.0]
disc:  335  :[0.0, 0.1, 1.0]
disc:  336  :[0.0, 0.8619106734942034, 1.0]
disc:  337  :[0.0, 0.3301069064796425, 0.7301069064796426, 2.0]
disc:  338  :[0.0, 0.524667171497938, 0.7246671714979379, 1.0]
disc:  339  :[0.0, 0.2, 2.0]
disc:  340  :[0.0, 0.2, 2.0]
disc:  341  :[0.0, 1.8, 2.0]
disc:  342  :[0.0, 0.9, 1.0]
disc:  343  :[0.0, 0.2, 2.0]
disc:  344  :[0.0, 1.4066618998405975, 1.8066618998405974, 2.0]
disc:  345  :[0.0, 0.9, 1.0]
disc:  346  :[0.0, 0.09333810015940275, 0.6933381001594028, 3.0]
disc:  347  :[0.0, 1.8, 2.0]
disc:  348  :[0.0, 0.6, 6.0]
disc:  349  :[0.0, 0.2, 2.0]
disc:  350  :[0.0, 0.1, 1.0]
disc:  351  :[0.0, 0.1933381001594024, 0.5933381001594025, 2.0]
disc:  352  :[0.0, 0.6, 6.0]
disc:  353  :[0.0, 0.1, 1.0]
disc:  354  :[0.0, 1.8, 2.0]
disc:  355  :[0.0, 0.9, 1.0]
disc:  356  :[0.0, 0.24062413160228754, 2.0]
disc:  357  :[0.0, 0.1, 1.0]
disc:  358  :[0.0, 0.2, 2.0]
disc:  359  :[0.0, 4.168854388747845, 5.368854388747844, 6.0]
disc:  360  :[0.0, 2.6311456112521547, 3.831145611252155, 6.0]
disc:  361  :[0.0, 0.2, 2.0]
disc:  362  :[0.0, 0.1, 1.0]
disc:  363  :[0.0, 0.6521663709935837, 1.0521663709935836, 2.0]
disc:  364  :[0.0, 0.7746302540612222, 0.9746302540612222, 1.0]
disc:  365  :[0.0, 0.9732033749451945, 1.5732033749451946, 3.0]
disc:  366  :[0.0, 1.8, 2.0]
disc:  367  :[0.0, 5.4, 6.0]
disc:  368  :[0.0, 0.2, 2.0]
disc:  369  :[0.0, 1.8, 2.0]
disc:  370  :[0.0, 0.9, 1.0]
disc:  371  :[0.0, 0.2, 2.0]
disc:  372  :[0.0, 0.2, 2.0]
disc:  373  :[0.0, 0.9598904118413858, 1.3598904118413857, 2.0]
disc:  374  :[0.0, 0.7530323064862886, 1.9530323064862887, 6.0]
disc:  375  :[0.0, 0.2, 2.0]
disc:  376  :[0.0, 0.2, 2.0]
disc:  377  :[0.0, 4.4, 5.6, 6.0]
disc:  378  :[0.0, 1.4645262033908906, 2.6645262033908907, 6.0]
disc:  379  :[0.0, 1.8, 2.0]
disc:  380  :[0.0, 0.1, 1.0]
disc:  381  :[0.0, 0.3, 3.0]
disc:  382  :[0.0, 0.7, 1.3, 3.0]
disc:  383  :[0.0, 1.8, 2.0]
disc:  384  :[0.0, 1.2572950157949783, 2.457295015794978, 6.0]
disc:  385  :[0.0, 0.2, 2.0]
disc:  502  :[0.0, 0.1, 1.0]
disc:  503  :[0.0, 0.1, 1.0]
disc:  504  :[0.0, 0.1, 1.0]
disc:  505  :[0.0, 0.6809166529739226, 0.8809166529739225, 1.0]
disc:  506  :[0.0, 0.49492200889511717, 0.6949220088951171, 1.0]
disc:  507  :[0.0, 0.9, 1.0]
disc:  508  :[0.0, 0.1, 1.0]
disc:  509  :[0.0, 0.1, 1.0]
disc:  510  :[0.0, 0.1474065190984646, 1.0]
disc:  511  :[0.0, 0.11908334702607748, 0.3190833470260775, 1.0]
disc:  512  :[0.0, 0.1, 1.0]
disc:  513  :[0.0, 0.9, 1.0]
disc:  514  :[0.0, 0.1, 1.0]
disc:  515  :[0.0, 0.1, 1.0]
disc:  516  :[0.0, 0.275, 0.475, 1.0]
disc:  517  :[0.0, 0.1, 1.0]
disc:  518  :[0.0, 0.1, 1.0]
disc:  519  :[0.0, 0.1, 1.0]
disc:  520  :[0.0, 0.5612476090663315, 0.7612476090663315, 1.0]
disc:  521  :[0.0, 0.1, 1.0]
disc:  522  :[0.0, 0.1, 1.0]
disc:  523  :[0.0, 0.1, 1.0]
disc:  524  :[0.0, 0.9, 1.0]
disc:  525  :[0.0, 0.1433747094640901, 0.3433747094640901, 1.0]
disc:  526  :[0.0, 0.18373448395096623, 0.3837344839509662, 1.0]
disc:  527  :[0.0, 0.1, 1.0]
disc:  528  :[0.0, 0.23875239093366832, 0.43875239093366836, 1.0]
disc:  529  :[0.0, 0.1, 1.0]
disc:  530  :[0.0, 0.9, 1.0]
disc:  531  :[0.0, 0.1, 1.0]
disc:  532  :[0.0, 0.3260718031883152, 0.5260718031883153, 1.0]
disc:  533  :[0.0, 0.1, 1.0]
disc:  534  :[0.0, 0.1, 1.0]
disc:  535  :[0.0, 0.1, 1.0]
disc:  536  :[0.0, 0.1, 1.0]
disc:  537  :[0.0, 0.1, 1.0]
disc:  538  :[0.0, 0.1, 1.0]
disc:  539  :[0.0, 0.1, 1.0]
disc:  540  :[0.0, 0.47392819681168474, 0.6739281968116847, 1.0]
disc:  541  :[0.0, 0.1, 1.0]
disc:  542  :[0.0, 0.1, 1.0]
disc:  543  :[0.0, 0.1, 1.0]
disc:  544  :[0.0, 0.9, 1.0]
disc:  545  :[0.0, 0.1, 1.0]
disc:  546  :[0.0, 0.1, 1.0]
disc:  547  :[0.0, 0.6566252905359099, 0.8566252905359099, 1.0]
disc:  548  :[0.0, 0.1, 1.0]
disc:  549  :[0.0, 0.7045824248083498, 0.9045824248083497, 1.0]
disc:  550  :[0.0, 0.1, 1.0]
disc:  551  :[0.0, 0.1, 1.0]
disc:  552  :[0.0, 0.1, 1.0]
disc:  553  :[0.0, 0.1, 1.0]
disc:  554  :[0.0, 0.1, 1.0]
disc:  555  :[0.0, 0.1, 1.0]
disc:  556  :[0.0, 0.9, 1.0]
disc:  557  :[0.0, 0.1, 1.0]
disc:  558  :[0.0, 0.1, 1.0]
disc:  559  :[0.0, 0.12440070616340217, 1.0]
disc:  560  :[0.0, 0.1, 1.0]
disc:  561  :[0.0, 0.1, 1.0]
disc:  562  :[0.0, 0.1, 1.0]
disc:  563  :[0.0, 0.1, 1.0]
disc:  564  :[0.0, 0.1, 1.0]
disc:  565  :[0.0, 0.09541757519165026, 0.29541757519165024, 1.0]
disc:  566  :[0.0, 0.9, 1.0]
disc:  567  :[0.0, 0.1, 1.0]
disc:  568  :[0.0, 0.1, 1.0]
disc:  569  :[0.0, 0.19385899695056927, 0.39385899695056925, 1.0]
disc:  570  :[0.0, 0.2806772849414808, 0.48067728494148076, 1.0]
disc:  571  :[0.0, 0.1, 1.0]
disc:  572  :[0.0, 0.9, 1.0]
  Completed presolve in 8.38s
LOWER-BOUNDING ITERATIONS
====================================================================================================
| Iter   | Incumbent       | Best Incumbent      | Lower Bound        | Gap (%)         | Time      
| finish | -624.388        | -624.388            | -629.7625          | 0.861           | 26.6s            
Final UBD: -624.3879577544077
Final LBD: -629.7624786888205
====================================================================================================

*** Alpine ended with status OTHER_LIMIT ***

 Total time for local solves: 5.96s

 Total time for solving max-min problems: 0.0s

 Total time excluding max-min time: 26.6s

presolve objective value: -624.3879577544077
w_opt: 1-dimensional DenseAxisArray{Float64,1,...} with index sets:
    Dimension 1, [(25, 1, 2), (25, 1, 1), (25, 1, 14), (20, 1, 2), (20, 1, 1), (20, 1, 14), (1, 1, 2), (1, 1, 1), (1, 1, 14), (2, 1, 2)  …  (20, 15, 23), (20, 15, 3), (8, 15, 30), (8, 15, 29), (8, 15, 23), (8, 15, 3), (2, 15, 30), (2, 15, 29), (2, 15, 23), (2, 15, 3)]
And data, a 261-element Vector{Float64}:
 0.8521436063766304
 0.7913410364324367
 0.0
 1.1478563936233694
 1.0659539793625412
 0.0
 0.0
 0.0
 0.0
 0.0
 0.0
 0.0
 0.0
 0.0
 0.0
 0.0
 2.0
 0.0
 0.0
 1.0
 0.0
 0.0
 0.0
 0.0
 0.0
 0.0
 0.0
 0.0
 0.0
 2.9746100444755856
 1.228232076337918
 0.0
 0.0
 0.0
 0.0
 0.12200353081701079
 0.05037589725558536
 0.0
 0.0
 0.0
 0.0
 1.903386424707404
 0.7859182297973876
 0.0
 0.0
 0.0
 0.0
 0.0
 0.0
 1.1598904118413857
 1.3530323064862886
 0.0
 0.0
 0.0
 0.0
 0.0
 0.0
 0.0
 0.0
 2.0
 1.0
 0.0
 0.0
 0.0
 0.0
 0.0
 0.0
 0.0
 0.0
 0.0
 0.0
 0.09481303819692921
 0.28443911459078763
 0.0
 0.75
 2.25
 0.0
 0.5674689679019325
 1.7024069037057974
 0.0
 0.0
 0.0
 0.0
 0.0
 0.0
 0.0
 0.0
 0.0
 0.0
 0.0
 0.0
 0.0
 0.5877179939011385
 1.7631539817034156
 0.0
 0.0
 0.0
 0.0
 0.0
 0.0
 0.0
 0.6856380851141494
 0.703712130623321
 1.0243970586875792
 0.16652828587943436
 0.17091812343790105
 0.24880631625761543
 0.0
 0.0
 0.0
 0.0
 0.0
 0.0
 0.0
 0.0
 0.0
 0.0
 0.0
 3.153393562544995
 2.1365873099856576
 0.0
 0.0
 0.0
 1.61546082620285
 1.0945583012664966
 0.0
 0.0
 0.0
 0.0
 0.0
 0.0
 0.0
 0.0
 0.0
 0.0
 0.0
 0.0
 0.0
 0.0
 0.0
 0.0
 0.0
 0.0
 0.0
 0.0
 0.0
 0.0
 0.0
 0.0
 0.0
 0.0
 0.04062413160228754
 0.0
 0.4867494189281802
 0.2433747094640901
 0.0
 0.0
 1.5132505810718198
 0.7566252905359099
 0.0
 0.0
 0.0
 0.0
 0.0
 0.0
 0.0
 0.0
 0.0
 0.0
 0.0
 0.0
 0.0
 0.0
 2.0
 0.0
 0.0
 0.0
 0.3933381001594024
 0.0
 0.0
 0.0
 0.0
 0.0
 0.0
 0.0
 0.0
 0.0
 0.0
 0.0
 0.0
 0.0
 0.0
 0.0
 0.0
 1.6066618998405975
 1.0
 0.39333810015940274
 0.0
 0.0
 0.0
 0.0
 0.0
 0.0
 0.0
 0.0
 0.0
 1.561833305947845
 0.7809166529739225
 0.0
 0.43816669405215497
 0.21908334702607749
 0.0
 0.0
 0.0
 0.0
 0.0
 0.0
 0.0
 0.0
 0.0
 0.0
 0.0
 0.0
 0.0
 0.0
 0.5301069064796425
 0.6246671714979379
 0.0
 0.0
 0.0
 0.0
 0.0
 0.0
 0.0
 0.0
 0.0
 0.0
 0.0
 0.0
 0.0
 0.0
 0.0
 0.0
 0.0
 0.0
 0.0
 0.0
 0.0
 0.0
 0.0
 0.0
 0.0
 0.0
 0.0
 0.0
 0.0
 0.0
 1.1897214386554154
 3.542135696449707
 0.0
 0.9619106734942033
x_ij_opt: 1-dimensional DenseAxisArray{Float64,1,...} with index sets:
    Dimension 1, [(43, 30), (43, 22), (43, 6), (44, 22), (45, 30), (45, 29), (45, 28), (45, 24), (45, 23), (40, 29)  …  (5, 7), (5, 14), (6, 4), (6, 3), (1, 14), (1, 10), (1, 23), (1, 1), (3, 2), (3, 1)]
And data, a 116-element Vector{Float64}:
 0.0
 0.0
 1.6194018004935258
 0.0
 0.8102785613445849
 0.0
 1.4698930935203576
 0.0
 0.0
 0.0
 0.0
 0.0
 0.0
 0.0
 0.0
 0.0
 0.0
 0.0
 0.21381037298591052
 0.0
 0.0
 0.0
 0.0
 0.0
 0.0
 0.0
 0.0
 2.0
 0.0
 0.0
 0.0
 0.0
 0.0
 0.0
 0.0
 0.0
 0.0
 0.0
 0.0
 0.0
 0.0
 0.0
 0.0
 0.3805981995064744
 0.0
 0.0
 0.0
 0.0
 0.0
 0.0
 0.0
 0.0
 0.0
 0.0
 0.0
 0.6066618998405973
 0.0
 1.2311456112521548
 0.12536974593877792
 1.9593758683977125
 0.0
 0.0
 0.0
 0.0
 6.0
 0.0
 0.0
 0.0
 0.0
 0.7861896270140895
 0.0
 0.0
 0.0
 0.0
 0.0
 0.0
 0.3753328285020621
 0.8401095881586144
 0.0
 0.0
 0.0
 0.0
 0.0
 0.0
 0.0
 0.0
 0.0
 0.0
 0.0
 0.0
 0.0
 0.0
 0.8091601824209598
 0.0
 0.0
 0.0
 0.0
 0.0
 0.0
 0.038089326505796633
 0.0
 0.0
 0.0
 0.0
 0.0
 1.0575118683755904
 0.0
 0.0
 0.0
 0.0
 0.09032176063082586
 0.0
 0.0
 2.869501609259828
 0.0
 0.0
x_il_opt: 1-dimensional DenseAxisArray{Float64,1,...} with index sets:
    Dimension 1, [(43, 15), (43, 14), (44, 15), (44, 13), (44, 3), (40, 14), (40, 2), (41, 14), (42, 6), (37, 13)  …  (4, 13), (5, 2), (5, 7), (5, 9), (6, 11), (1, 1), (1, 6), (1, 3), (2, 1), (2, 15)]
And data, a 71-element Vector{Float64}:
 0.0
 0.0
 0.0
 2.3427499589217677
 4.202842120813504
 1.1547740779775806
 0.0
 0.0
 0.37925215278771685
 0.6572500410782325
 0.0
 3.0
 0.0
 0.0
 3.0
 0.0
 0.0
 0.0
 5.289980872530652
 0.0
 0.0
 0.0
 3.0
 0.7301241283922703
 2.26987587160773
 0.0
 2.7100191274693466
 0.0
 2.3933381001594025
 0.0
 1.6434846428090673
 0.0
 0.0
 0.0
 0.0
 0.0
 0.0
 0.0
 2.2138103729859107
 0.0
 0.0
 0.0
 3.0
 0.0
 0.0
 2.26987587160773
 0.0
 2.4137472744250497
 0.0
 0.0
 0.0
 0.0
 0.0
 0.0
 2.5129227183276743
 0.0
 0.0
 0.17237942807259612
 0.0
 0.0
 0.0
 0.0
 0.0
 0.5862527255749508
 0.04062413160228754
 0.0
 0.0
 2.350871975604554
 2.6893046545047916
 0.0
 5.6937678085993255
x_lj_opt: 1-dimensional DenseAxisArray{Float64,1,...} with index sets:
    Dimension 1, [(15, 30), (15, 29), (15, 23), (15, 3), (14, 28), (14, 27), (14, 10), (14, 24), (13, 26), (13, 25)  …  (3, 6), (3, 5), (3, 29), (2, 4), (2, 3), (2, 1), (2, 5), (1, 2), (1, 1), (1, 14)]
And data, a 53-element Vector{Float64}:
 1.1897214386554154
 3.542135696449707
 0.0
 0.9619106734942033
 0.5301069064796425
 0.6246671714979379
 0.0
 0.0
 2.0
 1.0
 0.0
 1.6066618998405975
 1.0
 0.39333810015940274
 2.0
 0.0
 0.0
 0.0
 0.3933381001594024
 0.0
 0.0
 2.0
 1.0
 0.04062413160228754
 0.0
 0.0
 4.768854388747845
 3.231145611252155
 0.0
 0.0
 0.8521663709935836
 0.8746302540612222
 1.2732033749451945
 2.0
 6.0
 0.0
 2.0
 1.0
 0.0
 0.0
 1.1598904118413857
 1.3530323064862886
 0.0
 0.0
 5.0
 2.0645262033908907
 2.0
 0.0
 0.0
 1.0
 2.0
 1.8572950157949781
 0.0
q_opt: 1-dimensional DenseAxisArray{Float64,1,...} with index sets:
    Dimension 1, [(43, 15), (43, 14), (44, 15), (44, 13), (44, 3), (40, 14), (40, 2), (41, 14), (42, 6), (37, 13)  …  (4, 13), (5, 2), (5, 7), (5, 9), (6, 11), (1, 1), (1, 6), (1, 3), (2, 1), (2, 15)]
And data, a 71-element Vector{Float64}:
 0.0
 0.0
 0.0
 0.7809166529739225
 0.5949220088951171
 1.0
 0.0
 0.0
 0.047406519098464606
 0.21908334702607749
 0.0
 1.0
 0.0
 0.0
 0.375
 0.0
 0.0
 0.0
 0.6612476090663315
 0.0
 0.0
 0.0
 1.0
 0.2433747094640901
 0.28373448395096623
 0.0
 0.3387523909336683
 0.0
 1.0
 0.0
 0.4260718031883152
 0.0
 0.0
 0.0
 0.0
 0.0
 0.0
 0.0
 0.5739281968116847
 0.0
 0.0
 0.0
 1.0
 0.0
 0.0
 0.7566252905359099
 0.0
 0.8045824248083497
 0.0
 0.0
 0.0
 0.0
 0.0
 0.0
 1.0
 0.0
 0.0
 0.024400706163402158
 0.0
 0.0
 0.0
 0.0
 0.0
 0.19541757519165026
 1.0
 0.0
 0.0
 0.2938589969505693
 0.3806772849414808
 0.0
 1.0
