
PROBLEM STATISTICS
  Objective sense = Min
  # Variables = 572
  # Bin-Int Variables = 0
  # Constraints = 621
  # NL Constraints = 261
  # Linear Constraints = 360
  # Detected convex constraints = 0
  # Detected nonlinear terms = 261
  # Variables involved in nonlinear terms = 124
  # Potential variables for partitioning = 124
SUB-SOLVERS USED BY ALPINE
  NLP local solver = Knitro
  MIP solver = Gurobi
ALPINE CONFIGURATION
  Maximum iterations (lower-bounding MIPs) =  1
  Relative global optimality gap = 0.01%
  Potential variables chosen for partitioning = All
  Discretization ratio = 10
  Bound-tightening presolve = false
PRESOLVE 
  Doing local search

Feasible solution found during presolve: [1.171463598803725, 0.0, 0.0, 0.828536401196275, 0.0, 0.0, 0.0, 0.0, 0.0, 0.0, 0.0, 0.0, 0.0, 0.0, 0.0, 0.0, 2.0, 0.0, 0.1866459001793363, 0.8133540998206638, 0.0, 0.0, 0.0, 0.0, 0.0, 0.0, 0.0, 0.0, 0.0, 1.23428595792694, 0.6352565108902655, 0.0, 0.0, 0.0, 0.0, 3.9523599422523965, 2.034182087686301, 0.0, 0.0, 0.0, 0.0, 0.0, 0.0, 0.0, 0.0, 0.0, 0.0, 0.0, 0.0, 1.23968129043309, 1.3903590164050263, 0.0, 0.0, 0.0, 0.0, 0.0, 0.0, 0.0, 0.0, 2.0, 1.0, 0.0, 0.0, 0.0, 0.0, 0.0, 0.0, 0.0, 0.0, 0.0, 0.0, 0.75, 2.25, 0.0, 0.029179432749658583, 0.08753829824897574, 0.0, 0.5678965164978822, 1.7036895494936466, 0.0, 0.0, 0.0, 0.0, 0.0, 0.0, 0.0, 0.0, 0.0, 0.0, 0.0, 0.0, 0.0, 0.652924050752459, 1.9587721522573776, 0.0, 0.0, 0.0, 0.0, 0.0, 0.0, 0.0, 1.6588061359356083, 0.9124952407151414, 0.4286986233492506, 0.0, 0.0, 0.0, 0.0, 0.0, 0.0, 0.0, 0.0, 0.0, 0.0, 0.0, 0.0, 0.0, 0.0, 2.890149437671538, 2.109850562328461, 0.0, 0.0, 0.0, 1.7340896626029234, 1.2659103373970768, 0.0, 0.0, 0.0, 0.0, 0.0, 0.0, 0.0, 0.0, 0.0, 0.0, 0.0, 0.0, 0.0, 0.0, 0.0, 0.0, 0.0, 0.0, 0.0, 0.0, 0.0, 0.0, 0.3652707421858785, 0.0, 0.0, 0.0, 0.3087418051681505, 0.0, 0.4856092893389807, 0.24280464466949034, 0.0, 0.0, 1.5143907106610195, 0.7571953553305097, 0.0, 0.0, 0.0, 0.0, 0.0, 0.0, 0.0, 0.0, 0.0, 0.0, 0.0, 0.0, 0.0, 0.0, 1.742052210693846, 0.0, 0.0, 0.0, 0.44363081190331716, 0.0, 0.0, 0.0, 0.0, 0.0, 0.0, 0.0, 0.0, 0.0, 0.0, 0.0, 0.0, 0.0, 0.0, 0.0, 0.0, 1.5563691880966828, 0.9963516794812488, 0.44727913242206857, 0.0, 0.0, 0.0, 0.0, 0.0, 0.0, 0.0, 0.0, 0.0, 1.4941628990719196, 0.7470814495359598, 0.0, 0.5058371009280803, 0.25291855046404016, 0.0, 0.0, 0.0, 0.0, 0.0, 0.0, 0.0, 0.0, 0.0, 0.0, 0.0, 0.0, 0.0, 0.0, 0.29491090303134654, 0.5453410939556028, 0.0, 0.0, 0.0, 0.0, 0.0, 0.0, 0.0, 0.0, 0.0, 0.0, 0.0, 0.0, 0.0, 0.0, 0.0, 0.0, 0.0, 0.0, 0.0, 0.0, 0.0, 0.0, 0.7473771024229646, 0.0, 0.0, 0.3736885512114823, 0.0, 0.0, 0.0, 0.0, 1.2526228975770353, 0.0, 0.0, 0.6263114487885176, 0.0, 0.0, 0.0, 2.2412443486078795, 1.8695424688172055, 0.8402519969869493, 0.0, 0.0, 3.0, 0.7587556513921205, 0.0, 3.0, 0.0, 0.0, 0.11671773099863432, 0.0, 0.0, 0.0, 4.999999999999999, 0.0, 0.0, 0.0, 3.0, 0.728413934008471, 2.271586065991529, 0.0, 3.0, 0.0, 2.1856830225971633, 0.3652707421858785, 1.171463598803725, 0.0, 0.0, 0.0, 0.0, 0.0, 0.0, 0.0, 0.828536401196275, 1.121065653634447, 0.0, 0.0, 3.0, 0.0, 0.0, 2.2715860659915292, 0.0, 3.0, 0.0, 0.0, 0.0, 0.0, 0.0, 0.0, 2.6300403068381164, 0.0, 0.0, 5.986542029938697, 0.0, 0.0, 0.0, 0.0, 0.0, 0.0, 0.3087418051681505, 0.0, 0.0, 2.6116962030098363, 0.0, 0.0, 1.8789343463655528, 2.0, 0.0, 0.0, 1.0, 0.29491090303134654, 0.5453410939556028, 0.0, 0.0, 2.0, 1.0, 0.0, 1.5563691880966828, 0.9963516794812488, 0.44727913242206835, 1.742052210693846, 0.0, 0.0, 0.0, 0.44363081190331716, 0.0, 0.0, 2.0, 1.0, 0.674012547354029, 0.0, 0.0, 4.624239100274462, 3.3757608997255377, 0.0, 0.0, 1.6588061359356083, 0.9124952407151414, 0.4286986233492506, 2.0, 6.0, 0.0, 2.0, 1.0, 0.0, 0.0, 1.23968129043309, 1.3903590164050263, 0.0, 0.0, 5.186645900179337, 2.6694385985765665, 2.0, 0.0, 0.1866459001793363, 0.8133540998206638, 2.0, 0.0, 0.0, 0.0, 0.257947789306154, 1.3913091402397846, 0.0, 0.0, 0.0, 1.7050890969686534, 0.0, 0.0, 0.0, 0.0, 0.0, 0.0, 0.0, 0.0, 0.0, 0.0, 0.0, 0.232218890636269, 0.0, 0.0, 0.0, 0.0, 0.0, 0.0, 0.0, 0.0, 2.0, 0.0, 2.8832822690013655, 0.0, 0.0, 0.0, 0.0, 0.0, 0.0, 0.0, 0.0, 0.0, 0.0, 0.0, 0.0, 0.0, 0.6086908597602153, 0.0, 0.0, 0.0, 0.0, 0.0, 0.0, 0.0, 0.0, 0.0, 0.0, 0.0, 0.8143169774028366, 0.0, 1.375760899725538, 0.08750475928485868, 1.325987452645971, 0.0, 0.0, 0.0, 0.0, 6.0, 0.0, 0.0, 0.0, 0.0, 0.767781109363731, 0.0, 0.0, 0.0, 0.0, 0.0, 0.0, 0.45465890604439724, 0.76031870956691, 0.0, 0.0, 0.0, 0.0, 0.0, 0.0, 0.0, 0.0, 0.0, 0.0, 0.0, 0.0, 0.0, 0.0, 0.41956310646659967, 0.0, 0.0, 0.0, 0.0, 0.0, 0.0, 0.0, 0.0, 0.0, 0.0, 0.0, 0.0, 0.34119386406439167, 0.0, 0.0, 0.0, 0.0, 0.0, 0.0, 0.003648320518751216, 5.384655476471413, 0.0, 0.0, 0.0, 0.0, 0.0, 0.7470814495359598, 0.23797382387030944, 1.0, 0.0, 0.0, 0.375, 0.25291855046404016, 0.0, 1.0, 0.0, 0.0, 0.01458971637482929, 0.0, 0.0, 0.0, 0.6249999999999999, 0.0, 0.0, 0.0, 1.0, 0.24280464466949034, 0.2839482582489411, 0.0, 0.37500000000000006, 0.0, 1.0, 0.5419346325522008, 0.5857317994018625, 0.0, 0.0, 0.0, 0.0, 0.0, 0.0, 0.0, 0.4142682005981375, 0.3736885512114823, 0.0, 0.0, 1.0, 0.0, 0.0, 0.7571953553305097, 0.0, 1.0, 0.0, 0.0, 0.0, 0.0, 0.0, 0.0, 1.0, 0.0, 0.0, 0.7620261761296906, 0.0, 0.0, 0.0, 0.0, 0.0, 0.0, 0.4580653674477993, 0.0, 0.0, 0.32646202537622954, 0.0, 0.0, 0.6263114487885176]  :with objective: -615.5082566252441

  Local solver returns a feasible point with value -615.5083
disc:  333  :[0.0, 1.8, 2.0]
disc:  334  :[0.0, 0.6, 6.0]
disc:  335  :[0.0, 0.1, 1.0]
disc:  336  :[0.0, 0.9, 1.0]
disc:  337  :[0.0, 0.09491090303134653, 0.49491090303134655, 2.0]
disc:  338  :[0.0, 0.44534109395560284, 0.6453410939556028, 1.0]
disc:  339  :[0.0, 0.2, 2.0]
disc:  340  :[0.0, 0.2, 2.0]
disc:  341  :[0.0, 1.8, 2.0]
disc:  342  :[0.0, 0.9, 1.0]
disc:  343  :[0.0, 0.2, 2.0]
disc:  344  :[0.0, 1.3563691880966828, 1.7563691880966827, 2.0]
disc:  345  :[0.0, 0.8963516794812488, 1.0]
disc:  346  :[0.0, 0.14727913242206836, 0.7472791324220683, 3.0]
disc:  347  :[0.0, 1.5420522106938461, 1.942052210693846, 2.0]
disc:  348  :[0.0, 0.6, 6.0]
disc:  349  :[0.0, 0.2, 2.0]
disc:  350  :[0.0, 0.1, 1.0]
disc:  351  :[0.0, 0.24363081190331715, 0.6436308119033172, 2.0]
disc:  352  :[0.0, 0.6, 6.0]
disc:  353  :[0.0, 0.1, 1.0]
disc:  354  :[0.0, 1.8, 2.0]
disc:  355  :[0.0, 0.9, 1.0]
disc:  356  :[0.0, 0.47401254735402903, 0.874012547354029, 2.0]
disc:  357  :[0.0, 0.1, 1.0]
disc:  358  :[0.0, 0.2, 2.0]
disc:  359  :[0.0, 4.024239100274462, 5.2242391002744615, 6.0]
disc:  360  :[0.0, 2.7757608997255376, 3.975760899725538, 6.0]
disc:  361  :[0.0, 0.2, 2.0]
disc:  362  :[0.0, 0.1, 1.0]
disc:  363  :[0.0, 1.4588061359356084, 1.8588061359356083, 2.0]
disc:  364  :[0.0, 0.8124952407151415, 1.0]
disc:  365  :[0.0, 0.12869862334925058, 0.7286986233492505, 3.0]
disc:  366  :[0.0, 1.8, 2.0]
disc:  367  :[0.0, 5.4, 6.0]
disc:  368  :[0.0, 0.2, 2.0]
disc:  369  :[0.0, 1.8, 2.0]
disc:  370  :[0.0, 0.9, 1.0]
disc:  371  :[0.0, 0.2, 2.0]
disc:  372  :[0.0, 0.2, 2.0]
disc:  373  :[0.0, 1.03968129043309, 1.43968129043309, 2.0]
disc:  374  :[0.0, 0.7903590164050264, 1.9903590164050264, 6.0]
disc:  375  :[0.0, 0.2, 2.0]
disc:  376  :[0.0, 0.2, 2.0]
disc:  377  :[0.0, 4.586645900179337, 5.786645900179336, 6.0]
disc:  378  :[0.0, 2.0694385985765664, 3.2694385985765666, 6.0]
disc:  379  :[0.0, 1.8, 2.0]
disc:  380  :[0.0, 0.1, 1.0]
disc:  381  :[0.0, 0.4866459001793363, 3.0]
disc:  382  :[0.0, 0.5133540998206638, 1.1133540998206637, 3.0]
disc:  383  :[0.0, 1.8, 2.0]
disc:  384  :[0.0, 0.6, 6.0]
disc:  385  :[0.0, 0.2, 2.0]
disc:  502  :[0.0, 0.1, 1.0]
disc:  503  :[0.0, 0.1, 1.0]
disc:  504  :[0.0, 0.1, 1.0]
disc:  505  :[0.0, 0.6470814495359598, 0.8470814495359598, 1.0]
disc:  506  :[0.0, 0.13797382387030943, 0.33797382387030944, 1.0]
disc:  507  :[0.0, 0.9, 1.0]
disc:  508  :[0.0, 0.1, 1.0]
disc:  509  :[0.0, 0.1, 1.0]
disc:  510  :[0.0, 0.275, 0.475, 1.0]
disc:  511  :[0.0, 0.15291855046404015, 0.3529185504640402, 1.0]
disc:  512  :[0.0, 0.1, 1.0]
disc:  513  :[0.0, 0.9, 1.0]
disc:  514  :[0.0, 0.1, 1.0]
disc:  515  :[0.0, 0.1, 1.0]
disc:  516  :[0.0, 0.1145897163748293, 1.0]
disc:  517  :[0.0, 0.1, 1.0]
disc:  518  :[0.0, 0.1, 1.0]
disc:  519  :[0.0, 0.1, 1.0]
disc:  520  :[0.0, 0.5249999999999999, 0.7249999999999999, 1.0]
disc:  521  :[0.0, 0.1, 1.0]
disc:  522  :[0.0, 0.1, 1.0]
disc:  523  :[0.0, 0.1, 1.0]
disc:  524  :[0.0, 0.9, 1.0]
disc:  525  :[0.0, 0.14280464466949033, 0.34280464466949034, 1.0]
disc:  526  :[0.0, 0.1839482582489411, 0.3839482582489411, 1.0]
disc:  527  :[0.0, 0.1, 1.0]
disc:  528  :[0.0, 0.275, 0.4750000000000001, 1.0]
disc:  529  :[0.0, 0.1, 1.0]
disc:  530  :[0.0, 0.9, 1.0]
disc:  531  :[0.0, 0.4419346325522008, 0.6419346325522007, 1.0]
disc:  532  :[0.0, 0.4857317994018625, 0.6857317994018625, 1.0]
disc:  533  :[0.0, 0.1, 1.0]
disc:  534  :[0.0, 0.1, 1.0]
disc:  535  :[0.0, 0.1, 1.0]
disc:  536  :[0.0, 0.1, 1.0]
disc:  537  :[0.0, 0.1, 1.0]
disc:  538  :[0.0, 0.1, 1.0]
disc:  539  :[0.0, 0.1, 1.0]
disc:  540  :[0.0, 0.31426820059813754, 0.5142682005981375, 1.0]
disc:  541  :[0.0, 0.2736885512114823, 0.47368855121148234, 1.0]
disc:  542  :[0.0, 0.1, 1.0]
disc:  543  :[0.0, 0.1, 1.0]
disc:  544  :[0.0, 0.9, 1.0]
disc:  545  :[0.0, 0.1, 1.0]
disc:  546  :[0.0, 0.1, 1.0]
disc:  547  :[0.0, 0.6571953553305098, 0.8571953553305097, 1.0]
disc:  548  :[0.0, 0.1, 1.0]
disc:  549  :[0.0, 0.9, 1.0]
disc:  550  :[0.0, 0.1, 1.0]
disc:  551  :[0.0, 0.1, 1.0]
disc:  552  :[0.0, 0.1, 1.0]
disc:  553  :[0.0, 0.1, 1.0]
disc:  554  :[0.0, 0.1, 1.0]
disc:  555  :[0.0, 0.1, 1.0]
disc:  556  :[0.0, 0.9, 1.0]
disc:  557  :[0.0, 0.1, 1.0]
disc:  558  :[0.0, 0.1, 1.0]
disc:  559  :[0.0, 0.6620261761296906, 0.8620261761296906, 1.0]
disc:  560  :[0.0, 0.1, 1.0]
disc:  561  :[0.0, 0.1, 1.0]
disc:  562  :[0.0, 0.1, 1.0]
disc:  563  :[0.0, 0.1, 1.0]
disc:  564  :[0.0, 0.1, 1.0]
disc:  565  :[0.0, 0.1, 1.0]
disc:  566  :[0.0, 0.35806536744779927, 0.5580653674477993, 1.0]
disc:  567  :[0.0, 0.1, 1.0]
disc:  568  :[0.0, 0.1, 1.0]
disc:  569  :[0.0, 0.22646202537622953, 0.42646202537622957, 1.0]
disc:  570  :[0.0, 0.1, 1.0]
disc:  571  :[0.0, 0.1, 1.0]
disc:  572  :[0.0, 0.5263114487885177, 0.7263114487885176, 1.0]
  Completed presolve in 7.57s
LOWER-BOUNDING ITERATIONS
====================================================================================================
| Iter   | Incumbent       | Best Incumbent      | Lower Bound        | Gap (%)         | Time      
| finish | -615.5083       | -615.5083           | -633.2342          | 2.88            | 18.59s           
Final UBD: -615.5082566252441
Final LBD: -633.2342370959318
====================================================================================================

*** Alpine ended with status OTHER_LIMIT ***

 Total time for local solves: 5.2s

 Total time for solving max-min problems: 0.0s

 Total time excluding max-min time: 18.59s

presolve objective value: -615.5082566252441
w_opt: 1-dimensional DenseAxisArray{Float64,1,...} with index sets:
    Dimension 1, [(25, 1, 2), (25, 1, 1), (25, 1, 14), (20, 1, 2), (20, 1, 1), (20, 1, 14), (1, 1, 2), (1, 1, 1), (1, 1, 14), (2, 1, 2)  …  (20, 15, 23), (20, 15, 3), (8, 15, 30), (8, 15, 29), (8, 15, 23), (8, 15, 3), (2, 15, 30), (2, 15, 29), (2, 15, 23), (2, 15, 3)]
And data, a 261-element Vector{Float64}:
 1.171463598803725
 0.0
 0.0
 0.828536401196275
 0.0
 0.0
 0.0
 0.0
 0.0
 0.0
 0.0
 0.0
 0.0
 0.0
 0.0
 0.0
 2.0
 0.0
 0.1866459001793363
 0.8133540998206638
 0.0
 0.0
 0.0
 0.0
 0.0
 0.0
 0.0
 0.0
 0.0
 1.23428595792694
 0.6352565108902655
 0.0
 0.0
 0.0
 0.0
 3.9523599422523965
 2.034182087686301
 0.0
 0.0
 0.0
 0.0
 0.0
 0.0
 0.0
 0.0
 0.0
 0.0
 0.0
 0.0
 1.23968129043309
 1.3903590164050263
 0.0
 0.0
 0.0
 0.0
 0.0
 0.0
 0.0
 0.0
 2.0
 1.0
 0.0
 0.0
 0.0
 0.0
 0.0
 0.0
 0.0
 0.0
 0.0
 0.0
 0.75
 2.25
 0.0
 0.029179432749658583
 0.08753829824897574
 0.0
 0.5678965164978822
 1.7036895494936466
 0.0
 0.0
 0.0
 0.0
 0.0
 0.0
 0.0
 0.0
 0.0
 0.0
 0.0
 0.0
 0.0
 0.652924050752459
 1.9587721522573776
 0.0
 0.0
 0.0
 0.0
 0.0
 0.0
 0.0
 1.6588061359356083
 0.9124952407151414
 0.4286986233492506
 0.0
 0.0
 0.0
 0.0
 0.0
 0.0
 0.0
 0.0
 0.0
 0.0
 0.0
 0.0
 0.0
 0.0
 2.890149437671538
 2.109850562328461
 0.0
 0.0
 0.0
 1.7340896626029234
 1.2659103373970768
 0.0
 0.0
 0.0
 0.0
 0.0
 0.0
 0.0
 0.0
 0.0
 0.0
 0.0
 0.0
 0.0
 0.0
 0.0
 0.0
 0.0
 0.0
 0.0
 0.0
 0.0
 0.0
 0.3652707421858785
 0.0
 0.0
 0.0
 0.3087418051681505
 0.0
 0.4856092893389807
 0.24280464466949034
 0.0
 0.0
 1.5143907106610195
 0.7571953553305097
 0.0
 0.0
 0.0
 0.0
 0.0
 0.0
 0.0
 0.0
 0.0
 0.0
 0.0
 0.0
 0.0
 0.0
 1.742052210693846
 0.0
 0.0
 0.0
 0.44363081190331716
 0.0
 0.0
 0.0
 0.0
 0.0
 0.0
 0.0
 0.0
 0.0
 0.0
 0.0
 0.0
 0.0
 0.0
 0.0
 0.0
 1.5563691880966828
 0.9963516794812488
 0.44727913242206857
 0.0
 0.0
 0.0
 0.0
 0.0
 0.0
 0.0
 0.0
 0.0
 1.4941628990719196
 0.7470814495359598
 0.0
 0.5058371009280803
 0.25291855046404016
 0.0
 0.0
 0.0
 0.0
 0.0
 0.0
 0.0
 0.0
 0.0
 0.0
 0.0
 0.0
 0.0
 0.0
 0.29491090303134654
 0.5453410939556028
 0.0
 0.0
 0.0
 0.0
 0.0
 0.0
 0.0
 0.0
 0.0
 0.0
 0.0
 0.0
 0.0
 0.0
 0.0
 0.0
 0.0
 0.0
 0.0
 0.0
 0.0
 0.0
 0.7473771024229646
 0.0
 0.0
 0.3736885512114823
 0.0
 0.0
 0.0
 0.0
 1.2526228975770353
 0.0
 0.0
 0.6263114487885176
x_ij_opt: 1-dimensional DenseAxisArray{Float64,1,...} with index sets:
    Dimension 1, [(43, 30), (43, 22), (43, 6), (44, 22), (45, 30), (45, 29), (45, 28), (45, 24), (45, 23), (40, 29)  …  (5, 7), (5, 14), (6, 4), (6, 3), (1, 14), (1, 10), (1, 23), (1, 1), (3, 2), (3, 1)]
And data, a 116-element Vector{Float64}:
 0.0
 0.257947789306154
 1.3913091402397846
 0.0
 0.0
 0.0
 1.7050890969686534
 0.0
 0.0
 0.0
 0.0
 0.0
 0.0
 0.0
 0.0
 0.0
 0.0
 0.0
 0.232218890636269
 0.0
 0.0
 0.0
 0.0
 0.0
 0.0
 0.0
 0.0
 2.0
 0.0
 2.8832822690013655
 0.0
 0.0
 0.0
 0.0
 0.0
 0.0
 0.0
 0.0
 0.0
 0.0
 0.0
 0.0
 0.0
 0.6086908597602153
 0.0
 0.0
 0.0
 0.0
 0.0
 0.0
 0.0
 0.0
 0.0
 0.0
 0.0
 0.8143169774028366
 0.0
 1.375760899725538
 0.08750475928485868
 1.325987452645971
 0.0
 0.0
 0.0
 0.0
 6.0
 0.0
 0.0
 0.0
 0.0
 0.767781109363731
 0.0
 0.0
 0.0
 0.0
 0.0
 0.0
 0.45465890604439724
 0.76031870956691
 0.0
 0.0
 0.0
 0.0
 0.0
 0.0
 0.0
 0.0
 0.0
 0.0
 0.0
 0.0
 0.0
 0.0
 0.41956310646659967
 0.0
 0.0
 0.0
 0.0
 0.0
 0.0
 0.0
 0.0
 0.0
 0.0
 0.0
 0.0
 0.34119386406439167
 0.0
 0.0
 0.0
 0.0
 0.0
 0.0
 0.003648320518751216
 5.384655476471413
 0.0
 0.0
x_il_opt: 1-dimensional DenseAxisArray{Float64,1,...} with index sets:
    Dimension 1, [(43, 15), (43, 14), (44, 15), (44, 13), (44, 3), (40, 14), (40, 2), (41, 14), (42, 6), (37, 13)  …  (4, 13), (5, 2), (5, 7), (5, 9), (6, 11), (1, 1), (1, 6), (1, 3), (2, 1), (2, 15)]
And data, a 71-element Vector{Float64}:
 0.0
 0.0
 0.0
 2.2412443486078795
 1.8695424688172055
 0.8402519969869493
 0.0
 0.0
 3.0
 0.7587556513921205
 0.0
 3.0
 0.0
 0.0
 0.11671773099863432
 0.0
 0.0
 0.0
 4.999999999999999
 0.0
 0.0
 0.0
 3.0
 0.728413934008471
 2.271586065991529
 0.0
 3.0
 0.0
 2.1856830225971633
 0.3652707421858785
 1.171463598803725
 0.0
 0.0
 0.0
 0.0
 0.0
 0.0
 0.0
 0.828536401196275
 1.121065653634447
 0.0
 0.0
 3.0
 0.0
 0.0
 2.2715860659915292
 0.0
 3.0
 0.0
 0.0
 0.0
 0.0
 0.0
 0.0
 2.6300403068381164
 0.0
 0.0
 5.986542029938697
 0.0
 0.0
 0.0
 0.0
 0.0
 0.0
 0.3087418051681505
 0.0
 0.0
 2.6116962030098363
 0.0
 0.0
 1.8789343463655528
x_lj_opt: 1-dimensional DenseAxisArray{Float64,1,...} with index sets:
    Dimension 1, [(15, 30), (15, 29), (15, 23), (15, 3), (14, 28), (14, 27), (14, 10), (14, 24), (13, 26), (13, 25)  …  (3, 6), (3, 5), (3, 29), (2, 4), (2, 3), (2, 1), (2, 5), (1, 2), (1, 1), (1, 14)]
And data, a 53-element Vector{Float64}:
 2.0
 0.0
 0.0
 1.0
 0.29491090303134654
 0.5453410939556028
 0.0
 0.0
 2.0
 1.0
 0.0
 1.5563691880966828
 0.9963516794812488
 0.44727913242206835
 1.742052210693846
 0.0
 0.0
 0.0
 0.44363081190331716
 0.0
 0.0
 2.0
 1.0
 0.674012547354029
 0.0
 0.0
 4.624239100274462
 3.3757608997255377
 0.0
 0.0
 1.6588061359356083
 0.9124952407151414
 0.4286986233492506
 2.0
 6.0
 0.0
 2.0
 1.0
 0.0
 0.0
 1.23968129043309
 1.3903590164050263
 0.0
 0.0
 5.186645900179337
 2.6694385985765665
 2.0
 0.0
 0.1866459001793363
 0.8133540998206638
 2.0
 0.0
 0.0
q_opt: 1-dimensional DenseAxisArray{Float64,1,...} with index sets:
    Dimension 1, [(43, 15), (43, 14), (44, 15), (44, 13), (44, 3), (40, 14), (40, 2), (41, 14), (42, 6), (37, 13)  …  (4, 13), (5, 2), (5, 7), (5, 9), (6, 11), (1, 1), (1, 6), (1, 3), (2, 1), (2, 15)]
And data, a 71-element Vector{Float64}:
 0.0
 0.0
 0.0
 0.7470814495359598
 0.23797382387030944
 1.0
 0.0
 0.0
 0.375
 0.25291855046404016
 0.0
 1.0
 0.0
 0.0
 0.01458971637482929
 0.0
 0.0
 0.0
 0.6249999999999999
 0.0
 0.0
 0.0
 1.0
 0.24280464466949034
 0.2839482582489411
 0.0
 0.37500000000000006
 0.0
 1.0
 0.5419346325522008
 0.5857317994018625
 0.0
 0.0
 0.0
 0.0
 0.0
 0.0
 0.0
 0.4142682005981375
 0.3736885512114823
 0.0
 0.0
 1.0
 0.0
 0.0
 0.7571953553305097
 0.0
 1.0
 0.0
 0.0
 0.0
 0.0
 0.0
 0.0
 1.0
 0.0
 0.0
 0.7620261761296906
 0.0
 0.0
 0.0
 0.0
 0.0
 0.0
 0.4580653674477993
 0.0
 0.0
 0.32646202537622954
 0.0
 0.0
 0.6263114487885176
