
PROBLEM STATISTICS
  Objective sense = Min
  # Variables = 572
  # Bin-Int Variables = 0
  # Constraints = 621
  # NL Constraints = 261
  # Linear Constraints = 360
  # Detected convex constraints = 0
  # Detected nonlinear terms = 261
  # Variables involved in nonlinear terms = 124
  # Potential variables for partitioning = 124
SUB-SOLVERS USED BY ALPINE
  NLP local solver = Knitro
  MIP solver = Gurobi
ALPINE CONFIGURATION
  Maximum iterations (lower-bounding MIPs) =  1
  Relative global optimality gap = 0.01%
  Potential variables chosen for partitioning = All
  Discretization ratio = 10
  Bound-tightening presolve = false
PRESOLVE 
  Doing local search

Feasible solution found during presolve: [1.1320861071687716, 1.7771766074380277, 0.0, 0.8679138928312283, 1.3624725697479014, 0.0, 0.0, 0.0, 0.0, 0.0, 0.0, 0.0, 0.0, 0.0, 0.0, 0.0, 2.0, 0.0, 0.0, 1.0000000000000002, 0.0, 0.0, 0.0, 0.0, 0.0, 0.0, 0.0, 0.0, 0.0, 2.952253867455031, 1.7713523204730186, 0.0, 0.0, 0.0, 0.0, 0.0, 0.0, 0.0, 0.0, 0.0, 0.0, 2.0477461325449693, 1.2286476795269814, 0.0, 0.0, 0.0, 0.0, 0.0, 0.0, 1.1255893819048266, 1.0195070758040683, 0.0, 0.0, 0.0, 0.0, 0.0, 0.0, 0.0, 0.0, 1.96308423026344, 1.0, 0.0, 0.0, 0.0, 0.0, 0.0, 0.0, 0.0, 0.0, 0.0, 0.0, 0.011828575332942967, 0.03548572599882889, 0.0, 0.75, 2.25, 0.0, 0.5289864286156548, 1.5869592858469646, 0.0, 0.0, 0.0, 0.0, 0.0, 0.0, 0.0, 0.0, 0.0, 0.0, 0.0, 0.0, 0.0, 0.709184996051402, 2.127554988154206, 0.0, 0.0, 0.0, 0.0, 0.0, 0.0, 0.0, 1.0976201775662597, 0.9288952033421113, 0.9734846190916289, 0.0, 0.0, 0.0, 0.0, 0.0, 0.0, 0.0, 0.0, 0.0, 0.0, 0.0, 0.0, 0.0, 0.0, 5.543538890120021, 1.8721109068908122, 0.0, 0.0, 0.0, 0.43682862114466753, 0.14752158184449948, 0.0, 0.0, 0.0, 0.0, 0.0, 0.0, 0.0, 0.0, 0.0, 0.0, 0.0, 0.0, 0.0, 0.0, 0.0, 0.0, 0.0, 0.0, 0.0, 0.0, 0.0, 0.0, 0.0, 0.0, 0.0, 0.0, 0.0, 0.0, 0.5893695236915871, 0.29468476184579356, 0.0, 0.0, 1.4106304763084128, 0.7053152381542064, 0.0, 0.0, 0.0, 0.0, 0.0, 0.0, 0.0, 0.0, 0.0, 0.0, 0.0, 0.0, 0.0, 0.0, 1.588152579316466, 0.0, 0.0, 0.0, 0.21575652218536023, 0.0, 0.0, 0.0, 0.0, 0.0, 0.0, 0.0, 0.0, 0.0, 0.0, 0.0, 0.0, 0.0, 0.0, 0.0, 0.0, 1.7842434778146399, 1.0, 0.21575652218535996, 0.0, 0.0, 0.0, 0.0, 0.0, 0.0, 0.0, 0.0, 0.0, 1.520328405535858, 0.760164202767929, 0.0, 0.47967159446414226, 0.23983579723207113, 0.0, 0.0, 0.0, 0.0, 0.0, 0.0, 0.0, 0.0, 0.0, 0.0, 0.0, 0.0, 0.0, 0.0, 0.4969559892918342, 0.6841451979053156, 0.0, 0.0, 0.0, 0.0, 0.0, 0.0, 0.0, 0.0, 0.0, 0.0, 0.0, 0.0, 0.0, 0.0, 0.0, 0.0, 0.0, 0.0, 0.0, 0.0, 0.0, 0.0, 0.0, 0.0, 0.0, 0.0, 0.0, 0.0, 0.0, 0.0, 1.8061156570092336, 2.7842434778146403, 0.0, 1.0, 0.0, 0.0, 0.0, 2.2804926083037866, 4.723606187928049, 1.1811011871971497, 0.0, 0.0, 0.047314301331771856, 0.7195073916962134, 0.0, 3.0, 0.0, 0.0, 3.0, 0.0, 0.0, 0.0, 7.4156497970108335, 0.0, 0.0, 0.0, 3.0, 0.8840542855373807, 2.1159457144626193, 0.0, 0.584350202989167, 0.0, 1.8039091015018265, 0.0, 2.9092627146067995, 0.0, 0.0, 0.0, 0.0, 0.0, 0.0, 0.0, 2.23038646257913, 0.0, 0.0, 0.0, 2.9630842302634397, 0.0, 0.0, 2.1159457144626193, 0.0, 3.0, 0.0, 0.0, 0.0, 0.0, 0.0, 0.0, 2.145096457708895, 0.0, 0.0, 0.0, 0.0, 0.0, 0.0, 0.0, 0.0, 0.0, 0.0, 0.0, 0.0, 2.836739984205608, 3.2763938120719507, 0.0, 5.590359134823873, 1.8061156570092336, 2.7842434778146403, 0.0, 1.0, 0.4969559892918342, 0.6841451979053156, 0.0, 0.0, 2.0, 1.0, 0.0, 1.7842434778146399, 1.0, 0.2157565221853602, 1.588152579316466, 0.0, 0.0, 0.0, 0.21575652218536023, 0.0, 0.0, 2.0, 1.0, 0.0, 0.0, 0.0, 5.980367511264689, 2.0196324887353114, 0.0, 0.0, 1.0976201775662597, 0.9288952033421113, 0.9734846190916289, 2.0, 6.0, 0.0, 1.96308423026344, 1.0, 0.0, 0.0, 1.1255893819048266, 1.0195070758040683, 0.0, 0.0, 5.0, 2.9999999999999996, 2.0, 0.0, 0.0, 1.0000000000000002, 2.0, 3.1396491771859294, 0.0, 0.0, 0.411847420683534, 1.415649797010833, 0.0, 0.1938843429907665, 0.0, 1.503044010708166, 0.0, 0.0, 0.0, 0.0, 0.0, 0.0, 0.0, 0.0, 0.0, 0.0, 0.0, 0.23038646257912995, 0.0, 0.0, 0.0, 0.0, 0.0, 0.0, 0.0, 0.0, 2.0, 0.0, 0.0, 0.0, 0.0, 0.0, 0.0, 0.0, 0.0, 0.0, 0.0, 0.0, 0.0, 0.0, 0.0, 0.0, 0.5843502029891668, 0.0, 0.0, 0.0, 0.0, 0.0, 0.0, 0.0, 0.0, 0.0, 0.0, 0.0, 1.1960908984981737, 0.0, 0.019632488735311118, 0.07110479665788974, 2.0, 0.0, 0.0, 0.0, 0.0, 6.0, 0.0, 0.0, 0.0, 0.0, 0.76961353742087, 0.0, 0.0, 0.0, 0.0, 0.0, 0.0, 0.3158548020946844, 0.8744106180951734, 0.0, 0.0, 0.0, 0.0, 0.0, 0.0, 0.0, 0.0, 0.0, 0.03691576973656019, 0.0, 0.0, 0.0, 0.0, 1.7647695369624463, 0.0, 0.0, 0.0, 0.0, 0.0, 0.0, 0.0, 0.0, 0.0, 0.0, 0.0, 0.0, 0.9023798224337402, 0.0, 0.0, 0.0, 0.0, 0.0, 0.0, 0.0, 1.8868662037224415, 0.0, 0.0, 0.0, 0.0, 0.0, 0.760164202767929, 0.5904507734910062, 1.0, 0.0, 0.0, 0.005914287666471482, 0.23983579723207113, 0.0, 1.0, 0.0, 0.0, 0.375, 0.0, 0.0, 0.0, 0.9269562246263542, 0.0, 0.0, 0.0, 1.0, 0.29468476184579356, 0.2644932143078274, 0.0, 0.07304377537364587, 0.0, 1.0, 1.0, 0.5660430535843858, 0.0, 0.0, 0.0, 0.0, 0.0, 0.0, 0.0, 0.43395694641561416, 0.0, 0.0, 0.0, 1.0, 0.0, 0.0, 0.7053152381542064, 0.0, 1.0, 0.0, 0.0, 0.0, 0.0, 0.0, 0.0, 1.0, 0.0, 0.0, 0.0, 0.0, 0.0, 0.0, 0.0, 0.0, 0.0, 0.0, 0.0, 0.0, 0.354592498025701, 0.40954922650899384, 0.0, 1.0]  :with objective: -625.8366809621212

  Local solver returns a feasible point with value -625.8367
disc:  333  :[0.0, 1.6061156570092336, 2.0]
disc:  334  :[0.0, 2.1842434778146402, 3.3842434778146404, 6.0]
disc:  335  :[0.0, 0.1, 1.0]
disc:  336  :[0.0, 0.9, 1.0]
disc:  337  :[0.0, 0.2969559892918342, 0.6969559892918342, 2.0]
disc:  338  :[0.0, 0.5841451979053156, 0.7841451979053156, 1.0]
disc:  339  :[0.0, 0.2, 2.0]
disc:  340  :[0.0, 0.2, 2.0]
disc:  341  :[0.0, 1.8, 2.0]
disc:  342  :[0.0, 0.9, 1.0]
disc:  343  :[0.0, 0.2, 2.0]
disc:  344  :[0.0, 1.58424347781464, 1.9842434778146398, 2.0]
disc:  345  :[0.0, 0.9, 1.0]
disc:  346  :[0.0, 0.5157565221853602, 3.0]
disc:  347  :[0.0, 1.388152579316466, 1.7881525793164659, 2.0]
disc:  348  :[0.0, 0.6, 6.0]
disc:  349  :[0.0, 0.2, 2.0]
disc:  350  :[0.0, 0.1, 1.0]
disc:  351  :[0.0, 0.015756522185360222, 0.41575652218536024, 2.0]
disc:  352  :[0.0, 0.6, 6.0]
disc:  353  :[0.0, 0.1, 1.0]
disc:  354  :[0.0, 1.8, 2.0]
disc:  355  :[0.0, 0.9, 1.0]
disc:  356  :[0.0, 0.2, 2.0]
disc:  357  :[0.0, 0.1, 1.0]
disc:  358  :[0.0, 0.2, 2.0]
disc:  359  :[0.0, 5.380367511264689, 6.0]
disc:  360  :[0.0, 1.4196324887353113, 2.6196324887353115, 6.0]
disc:  361  :[0.0, 0.2, 2.0]
disc:  362  :[0.0, 0.1, 1.0]
disc:  363  :[0.0, 0.8976201775662598, 1.2976201775662597, 2.0]
disc:  364  :[0.0, 0.8288952033421113, 1.0]
disc:  365  :[0.0, 0.6734846190916288, 1.273484619091629, 3.0]
disc:  366  :[0.0, 1.8, 2.0]
disc:  367  :[0.0, 5.4, 6.0]
disc:  368  :[0.0, 0.2, 2.0]
disc:  369  :[0.0, 1.76308423026344, 2.0]
disc:  370  :[0.0, 0.9, 1.0]
disc:  371  :[0.0, 0.2, 2.0]
disc:  372  :[0.0, 0.2, 2.0]
disc:  373  :[0.0, 0.9255893819048266, 1.3255893819048266, 2.0]
disc:  374  :[0.0, 0.4195070758040683, 1.6195070758040684, 6.0]
disc:  375  :[0.0, 0.2, 2.0]
disc:  376  :[0.0, 0.2, 2.0]
disc:  377  :[0.0, 4.4, 5.6, 6.0]
disc:  378  :[0.0, 2.3999999999999995, 3.5999999999999996, 6.0]
disc:  379  :[0.0, 1.8, 2.0]
disc:  380  :[0.0, 0.1, 1.0]
disc:  381  :[0.0, 0.3, 3.0]
disc:  382  :[0.0, 0.7000000000000002, 1.3000000000000003, 3.0]
disc:  383  :[0.0, 1.8, 2.0]
disc:  384  :[0.0, 2.5396491771859293, 3.7396491771859295, 6.0]
disc:  385  :[0.0, 0.2, 2.0]
disc:  502  :[0.0, 0.1, 1.0]
disc:  503  :[0.0, 0.1, 1.0]
disc:  504  :[0.0, 0.1, 1.0]
disc:  505  :[0.0, 0.660164202767929, 0.8601642027679289, 1.0]
disc:  506  :[0.0, 0.4904507734910062, 0.6904507734910061, 1.0]
disc:  507  :[0.0, 0.9, 1.0]
disc:  508  :[0.0, 0.1, 1.0]
disc:  509  :[0.0, 0.1, 1.0]
disc:  510  :[0.0, 0.10591428766647148, 1.0]
disc:  511  :[0.0, 0.13983579723207112, 0.33983579723207114, 1.0]
disc:  512  :[0.0, 0.1, 1.0]
disc:  513  :[0.0, 0.9, 1.0]
disc:  514  :[0.0, 0.1, 1.0]
disc:  515  :[0.0, 0.1, 1.0]
disc:  516  :[0.0, 0.275, 0.475, 1.0]
disc:  517  :[0.0, 0.1, 1.0]
disc:  518  :[0.0, 0.1, 1.0]
disc:  519  :[0.0, 0.1, 1.0]
disc:  520  :[0.0, 0.8269562246263542, 1.0]
disc:  521  :[0.0, 0.1, 1.0]
disc:  522  :[0.0, 0.1, 1.0]
disc:  523  :[0.0, 0.1, 1.0]
disc:  524  :[0.0, 0.9, 1.0]
disc:  525  :[0.0, 0.19468476184579356, 0.3946847618457936, 1.0]
disc:  526  :[0.0, 0.1644932143078274, 0.36449321430782744, 1.0]
disc:  527  :[0.0, 0.1, 1.0]
disc:  528  :[0.0, 0.17304377537364588, 1.0]
disc:  529  :[0.0, 0.1, 1.0]
disc:  530  :[0.0, 0.9, 1.0]
disc:  531  :[0.0, 0.9, 1.0]
disc:  532  :[0.0, 0.4660430535843858, 0.6660430535843858, 1.0]
disc:  533  :[0.0, 0.1, 1.0]
disc:  534  :[0.0, 0.1, 1.0]
disc:  535  :[0.0, 0.1, 1.0]
disc:  536  :[0.0, 0.1, 1.0]
disc:  537  :[0.0, 0.1, 1.0]
disc:  538  :[0.0, 0.1, 1.0]
disc:  539  :[0.0, 0.1, 1.0]
disc:  540  :[0.0, 0.33395694641561413, 0.5339569464156142, 1.0]
disc:  541  :[0.0, 0.1, 1.0]
disc:  542  :[0.0, 0.1, 1.0]
disc:  543  :[0.0, 0.1, 1.0]
disc:  544  :[0.0, 0.9, 1.0]
disc:  545  :[0.0, 0.1, 1.0]
disc:  546  :[0.0, 0.1, 1.0]
disc:  547  :[0.0, 0.6053152381542064, 0.8053152381542064, 1.0]
disc:  548  :[0.0, 0.1, 1.0]
disc:  549  :[0.0, 0.9, 1.0]
disc:  550  :[0.0, 0.1, 1.0]
disc:  551  :[0.0, 0.1, 1.0]
disc:  552  :[0.0, 0.1, 1.0]
disc:  553  :[0.0, 0.1, 1.0]
disc:  554  :[0.0, 0.1, 1.0]
disc:  555  :[0.0, 0.1, 1.0]
disc:  556  :[0.0, 0.9, 1.0]
disc:  557  :[0.0, 0.1, 1.0]
disc:  558  :[0.0, 0.1, 1.0]
disc:  559  :[0.0, 0.1, 1.0]
disc:  560  :[0.0, 0.1, 1.0]
disc:  561  :[0.0, 0.1, 1.0]
disc:  562  :[0.0, 0.1, 1.0]
disc:  563  :[0.0, 0.1, 1.0]
disc:  564  :[0.0, 0.1, 1.0]
disc:  565  :[0.0, 0.1, 1.0]
disc:  566  :[0.0, 0.1, 1.0]
disc:  567  :[0.0, 0.1, 1.0]
disc:  568  :[0.0, 0.1, 1.0]
disc:  569  :[0.0, 0.25459249802570094, 0.454592498025701, 1.0]
disc:  570  :[0.0, 0.30954922650899386, 0.5095492265089938, 1.0]
disc:  571  :[0.0, 0.1, 1.0]
disc:  572  :[0.0, 0.9, 1.0]
  Completed presolve in 14.4s
LOWER-BOUNDING ITERATIONS
====================================================================================================
| Iter   | Incumbent       | Best Incumbent      | Lower Bound        | Gap (%)         | Time      
| finish | -625.8367       | -625.8367           | -628.55            | 0.434           | 28.33s           
Final UBD: -625.8366809621212
Final LBD: -628.5500407476596
====================================================================================================

*** Alpine ended with status OTHER_LIMIT ***

 Total time for local solves: 12.16s

 Total time for solving max-min problems: 0.0s

 Total time excluding max-min time: 28.33s

presolve objective value: -625.8366809621212
w_opt: 1-dimensional DenseAxisArray{Float64,1,...} with index sets:
    Dimension 1, [(25, 1, 2), (25, 1, 1), (25, 1, 14), (20, 1, 2), (20, 1, 1), (20, 1, 14), (1, 1, 2), (1, 1, 1), (1, 1, 14), (2, 1, 2)  …  (20, 15, 23), (20, 15, 3), (8, 15, 30), (8, 15, 29), (8, 15, 23), (8, 15, 3), (2, 15, 30), (2, 15, 29), (2, 15, 23), (2, 15, 3)]
And data, a 261-element Vector{Float64}:
 1.1320861071687716
 1.7771766074380277
 0.0
 0.8679138928312283
 1.3624725697479014
 0.0
 0.0
 0.0
 0.0
 0.0
 0.0
 0.0
 0.0
 0.0
 0.0
 0.0
 2.0
 0.0
 0.0
 1.0000000000000002
 0.0
 0.0
 0.0
 0.0
 0.0
 0.0
 0.0
 0.0
 0.0
 2.952253867455031
 1.7713523204730186
 0.0
 0.0
 0.0
 0.0
 0.0
 0.0
 0.0
 0.0
 0.0
 0.0
 2.0477461325449693
 1.2286476795269814
 0.0
 0.0
 0.0
 0.0
 0.0
 0.0
 1.1255893819048266
 1.0195070758040683
 0.0
 0.0
 0.0
 0.0
 0.0
 0.0
 0.0
 0.0
 1.96308423026344
 1.0
 0.0
 0.0
 0.0
 0.0
 0.0
 0.0
 0.0
 0.0
 0.0
 0.0
 0.011828575332942967
 0.03548572599882889
 0.0
 0.75
 2.25
 0.0
 0.5289864286156548
 1.5869592858469646
 0.0
 0.0
 0.0
 0.0
 0.0
 0.0
 0.0
 0.0
 0.0
 0.0
 0.0
 0.0
 0.0
 0.709184996051402
 2.127554988154206
 0.0
 0.0
 0.0
 0.0
 0.0
 0.0
 0.0
 1.0976201775662597
 0.9288952033421113
 0.9734846190916289
 0.0
 0.0
 0.0
 0.0
 0.0
 0.0
 0.0
 0.0
 0.0
 0.0
 0.0
 0.0
 0.0
 0.0
 5.543538890120021
 1.8721109068908122
 0.0
 0.0
 0.0
 0.43682862114466753
 0.14752158184449948
 0.0
 0.0
 0.0
 0.0
 0.0
 0.0
 0.0
 0.0
 0.0
 0.0
 0.0
 0.0
 0.0
 0.0
 0.0
 0.0
 0.0
 0.0
 0.0
 0.0
 0.0
 0.0
 0.0
 0.0
 0.0
 0.0
 0.0
 0.0
 0.5893695236915871
 0.29468476184579356
 0.0
 0.0
 1.4106304763084128
 0.7053152381542064
 0.0
 0.0
 0.0
 0.0
 0.0
 0.0
 0.0
 0.0
 0.0
 0.0
 0.0
 0.0
 0.0
 0.0
 1.588152579316466
 0.0
 0.0
 0.0
 0.21575652218536023
 0.0
 0.0
 0.0
 0.0
 0.0
 0.0
 0.0
 0.0
 0.0
 0.0
 0.0
 0.0
 0.0
 0.0
 0.0
 0.0
 1.7842434778146399
 1.0
 0.21575652218535996
 0.0
 0.0
 0.0
 0.0
 0.0
 0.0
 0.0
 0.0
 0.0
 1.520328405535858
 0.760164202767929
 0.0
 0.47967159446414226
 0.23983579723207113
 0.0
 0.0
 0.0
 0.0
 0.0
 0.0
 0.0
 0.0
 0.0
 0.0
 0.0
 0.0
 0.0
 0.0
 0.4969559892918342
 0.6841451979053156
 0.0
 0.0
 0.0
 0.0
 0.0
 0.0
 0.0
 0.0
 0.0
 0.0
 0.0
 0.0
 0.0
 0.0
 0.0
 0.0
 0.0
 0.0
 0.0
 0.0
 0.0
 0.0
 0.0
 0.0
 0.0
 0.0
 0.0
 0.0
 0.0
 0.0
 1.8061156570092336
 2.7842434778146403
 0.0
 1.0
x_ij_opt: 1-dimensional DenseAxisArray{Float64,1,...} with index sets:
    Dimension 1, [(43, 30), (43, 22), (43, 6), (44, 22), (45, 30), (45, 29), (45, 28), (45, 24), (45, 23), (40, 29)  …  (5, 7), (5, 14), (6, 4), (6, 3), (1, 14), (1, 10), (1, 23), (1, 1), (3, 2), (3, 1)]
And data, a 116-element Vector{Float64}:
 0.0
 0.411847420683534
 1.415649797010833
 0.0
 0.1938843429907665
 0.0
 1.503044010708166
 0.0
 0.0
 0.0
 0.0
 0.0
 0.0
 0.0
 0.0
 0.0
 0.0
 0.0
 0.23038646257912995
 0.0
 0.0
 0.0
 0.0
 0.0
 0.0
 0.0
 0.0
 2.0
 0.0
 0.0
 0.0
 0.0
 0.0
 0.0
 0.0
 0.0
 0.0
 0.0
 0.0
 0.0
 0.0
 0.0
 0.0
 0.5843502029891668
 0.0
 0.0
 0.0
 0.0
 0.0
 0.0
 0.0
 0.0
 0.0
 0.0
 0.0
 1.1960908984981737
 0.0
 0.019632488735311118
 0.07110479665788974
 2.0
 0.0
 0.0
 0.0
 0.0
 6.0
 0.0
 0.0
 0.0
 0.0
 0.76961353742087
 0.0
 0.0
 0.0
 0.0
 0.0
 0.0
 0.3158548020946844
 0.8744106180951734
 0.0
 0.0
 0.0
 0.0
 0.0
 0.0
 0.0
 0.0
 0.0
 0.03691576973656019
 0.0
 0.0
 0.0
 0.0
 1.7647695369624463
 0.0
 0.0
 0.0
 0.0
 0.0
 0.0
 0.0
 0.0
 0.0
 0.0
 0.0
 0.0
 0.9023798224337402
 0.0
 0.0
 0.0
 0.0
 0.0
 0.0
 0.0
 1.8868662037224415
 0.0
 0.0
x_il_opt: 1-dimensional DenseAxisArray{Float64,1,...} with index sets:
    Dimension 1, [(43, 15), (43, 14), (44, 15), (44, 13), (44, 3), (40, 14), (40, 2), (41, 14), (42, 6), (37, 13)  …  (4, 13), (5, 2), (5, 7), (5, 9), (6, 11), (1, 1), (1, 6), (1, 3), (2, 1), (2, 15)]
And data, a 71-element Vector{Float64}:
 0.0
 0.0
 0.0
 2.2804926083037866
 4.723606187928049
 1.1811011871971497
 0.0
 0.0
 0.047314301331771856
 0.7195073916962134
 0.0
 3.0
 0.0
 0.0
 3.0
 0.0
 0.0
 0.0
 7.4156497970108335
 0.0
 0.0
 0.0
 3.0
 0.8840542855373807
 2.1159457144626193
 0.0
 0.584350202989167
 0.0
 1.8039091015018265
 0.0
 2.9092627146067995
 0.0
 0.0
 0.0
 0.0
 0.0
 0.0
 0.0
 2.23038646257913
 0.0
 0.0
 0.0
 2.9630842302634397
 0.0
 0.0
 2.1159457144626193
 0.0
 3.0
 0.0
 0.0
 0.0
 0.0
 0.0
 0.0
 2.145096457708895
 0.0
 0.0
 0.0
 0.0
 0.0
 0.0
 0.0
 0.0
 0.0
 0.0
 0.0
 0.0
 2.836739984205608
 3.2763938120719507
 0.0
 5.590359134823873
x_lj_opt: 1-dimensional DenseAxisArray{Float64,1,...} with index sets:
    Dimension 1, [(15, 30), (15, 29), (15, 23), (15, 3), (14, 28), (14, 27), (14, 10), (14, 24), (13, 26), (13, 25)  …  (3, 6), (3, 5), (3, 29), (2, 4), (2, 3), (2, 1), (2, 5), (1, 2), (1, 1), (1, 14)]
And data, a 53-element Vector{Float64}:
 1.8061156570092336
 2.7842434778146403
 0.0
 1.0
 0.4969559892918342
 0.6841451979053156
 0.0
 0.0
 2.0
 1.0
 0.0
 1.7842434778146399
 1.0
 0.2157565221853602
 1.588152579316466
 0.0
 0.0
 0.0
 0.21575652218536023
 0.0
 0.0
 2.0
 1.0
 0.0
 0.0
 0.0
 5.980367511264689
 2.0196324887353114
 0.0
 0.0
 1.0976201775662597
 0.9288952033421113
 0.9734846190916289
 2.0
 6.0
 0.0
 1.96308423026344
 1.0
 0.0
 0.0
 1.1255893819048266
 1.0195070758040683
 0.0
 0.0
 5.0
 2.9999999999999996
 2.0
 0.0
 0.0
 1.0000000000000002
 2.0
 3.1396491771859294
 0.0
q_opt: 1-dimensional DenseAxisArray{Float64,1,...} with index sets:
    Dimension 1, [(43, 15), (43, 14), (44, 15), (44, 13), (44, 3), (40, 14), (40, 2), (41, 14), (42, 6), (37, 13)  …  (4, 13), (5, 2), (5, 7), (5, 9), (6, 11), (1, 1), (1, 6), (1, 3), (2, 1), (2, 15)]
And data, a 71-element Vector{Float64}:
 0.0
 0.0
 0.0
 0.760164202767929
 0.5904507734910062
 1.0
 0.0
 0.0
 0.005914287666471482
 0.23983579723207113
 0.0
 1.0
 0.0
 0.0
 0.375
 0.0
 0.0
 0.0
 0.9269562246263542
 0.0
 0.0
 0.0
 1.0
 0.29468476184579356
 0.2644932143078274
 0.0
 0.07304377537364587
 0.0
 1.0
 1.0
 0.5660430535843858
 0.0
 0.0
 0.0
 0.0
 0.0
 0.0
 0.0
 0.43395694641561416
 0.0
 0.0
 0.0
 1.0
 0.0
 0.0
 0.7053152381542064
 0.0
 1.0
 0.0
 0.0
 0.0
 0.0
 0.0
 0.0
 1.0
 0.0
 0.0
 0.0
 0.0
 0.0
 0.0
 0.0
 0.0
 0.0
 0.0
 0.0
 0.0
 0.354592498025701
 0.40954922650899384
 0.0
 1.0
