
PROBLEM STATISTICS
  Objective sense = Min
  # Variables = 572
  # Bin-Int Variables = 0
  # Constraints = 621
  # NL Constraints = 261
  # Linear Constraints = 360
  # Detected convex constraints = 0
  # Detected nonlinear terms = 261
  # Variables involved in nonlinear terms = 124
  # Potential variables for partitioning = 124
SUB-SOLVERS USED BY ALPINE
  NLP local solver = Knitro
  MIP solver = Gurobi
ALPINE CONFIGURATION
  Maximum iterations (lower-bounding MIPs) =  1
  Relative global optimality gap = 0.01%
  Potential variables chosen for partitioning = All
  Discretization ratio = 10
  Bound-tightening presolve = false
PRESOLVE 
  Doing local search

Feasible solution found during presolve: [1.7280703039012222, 0.0, 0.0, 0.27192969609877793, 0.0, 0.0, 0.0, 0.0, 0.0, 0.0, 0.0, 0.0, 0.0, 0.0, 0.0, 0.0, 1.0890946089171116, 0.0, 0.0, 1.9109053910828886, 0.0, 0.0, 0.0, 0.0, 0.0, 0.0, 0.0, 0.0, 0.43204455903872724, 1.104854357792282, 0.6246639002931922, 0.0, 0.0, 0.0, 1.1669635497833162, 2.984240251124829, 1.687233381967653, 0.0, 0.0, 0.0, 0.0, 0.0, 0.0, 0.0, 0.0, 0.0, 0.0, 0.0, 0.0, 0.0, 0.0, 0.0, 0.0, 0.0, 0.0, 0.0, 0.0, 0.0, 0.0, 1.9561974098689545, 1.0, 0.0, 0.0, 0.0, 0.0, 0.0, 0.0, 0.0, 0.0, 0.0, 0.0, 0.06786952867255784, 0.2036085860176725, 0.0, 0.75, 2.25, 0.0, 0.5055745846226364, 1.5167237538679093, 0.0, 0.0, 0.0, 0.0, 0.0, 0.0, 0.0, 0.0, 0.0, 0.0, 0.0, 0.0, 0.0, 0.6765558867048059, 2.0296676601144177, 0.0, 0.0, 0.0, 0.0, 0.0, 0.0, 0.0, 1.449092598030308, 0.8244980360317394, 0.7264093659379527, 0.0, 0.0, 0.0, 0.0, 0.0, 0.0, 0.0, 0.0, 0.0, 0.0, 0.0, 0.0, 0.0, 0.0, 4.848804039239351, 3.061843585572463, 0.0, 0.0, 0.0, 0.05476822863013194, 0.03458414655805352, 0.0, 0.0, 0.0, 0.0, 0.0, 0.0, 0.0, 0.0, 0.0, 0.0, 0.0, 0.0, 0.0, 0.0, 0.0, 0.0, 0.0, 0.0, 0.0, 0.0, 0.0, 0.0, 0.0, 0.0, 0.0, 0.0, 0.03622303425866133, 0.0, 0.6518011076729697, 0.3259005538364849, 0.0, 0.0, 1.3481988923270303, 0.6740994461635151, 0.0, 0.0, 0.0, 0.0, 0.0, 0.0, 0.0, 0.0, 0.0, 0.0, 0.0, 0.0, 0.0, 0.0, 0.9999999999999999, 0.0, 0.0, 0.0, 2.0, 0.0, 0.0, 0.0, 0.0, 0.0, 0.0, 0.0, 0.0, 0.0, 0.0, 0.0, 0.0, 0.0, 0.0, 0.0, 0.0, 0.0, 0.0, 0.0, 0.0, 0.0, 0.0, 0.0, 0.0, 0.0, 0.0, 0.0, 0.0, 1.326713902062729, 0.6633569510313645, 0.0, 0.6732860979372709, 0.33664304896863545, 0.0, 0.0, 0.0, 0.0, 0.0, 0.0, 0.0, 0.0, 0.0, 0.0, 0.0, 0.0, 0.0, 0.0, 0.6748424808512348, 0.6813035525186908, 0.0, 0.0, 0.0, 0.0, 0.0, 0.0, 0.0, 0.0, 0.0, 0.0, 0.0, 0.0, 0.0, 0.0, 0.0, 0.0, 0.0, 0.0, 0.0, 0.0, 0.0, 0.0, 0.0, 0.0, 0.0, 0.0, 0.0, 0.0, 0.0, 0.0, 1.5268083358175375, 3.6881027177391545, 0.0, 1.0, 0.0, 0.0, 0.0, 1.9900708530940934, 2.1615628171242016, 1.3561460333699256, 0.0, 0.0, 0.27147811469023037, 1.0099291469059064, 0.0, 0.0, 0.0, 0.0, 3.0, 0.0, 0.0, 0.0, 7.910647624811814, 0.0, 0.0, 0.0, 3.0, 0.9777016615094547, 2.0222983384905455, 0.0, 0.08935237518818548, 0.0, 3.0, 0.0, 1.7280703039012222, 0.0, 0.0, 0.0, 0.0, 0.0, 0.0, 0.0, 0.27192969609877793, 0.0, 0.0, 0.0, 2.9561974098689543, 0.0, 0.0, 2.0222983384905455, 0.0, 3.0, 0.0, 0.0, 0.0, 0.0, 0.0, 0.0, 0.0, 0.0, 0.0, 5.838437182875798, 0.0, 0.0, 0.0, 0.0, 0.0, 0.0, 0.03622303425866133, 0.0, 0.0, 2.7062235468192237, 0.0, 0.0, 6.214911053556692, 1.5268083358175375, 3.6881027177391545, 0.0, 1.0, 0.6748424808512348, 0.6813035525186908, 0.0, 0.0, 2.0, 1.0, 0.0, 0.0, 0.0, 0.0, 0.9999999999999999, 0.0, 0.0, 0.0, 2.0, 0.0, 0.0, 2.0, 1.0, 0.03622303425866133, 0.0, 0.0, 4.903572267869483, 3.0964277321305165, 0.0, 0.0, 1.449092598030308, 0.8244980360317394, 0.7264093659379527, 2.0, 6.0, 0.0, 1.9561974098689545, 1.0, 0.0, 0.0, 0.0, 0.0, 0.0, 1.5990081088220436, 4.089094608917112, 2.3118972822608455, 1.0890946089171116, 0.0, 0.0, 1.9109053910828886, 2.0, 0.0, 0.0, 0.0, 1.0000000000000002, 0.3116395159897704, 0.0, 0.4731916641824625, 0.0, 1.3251575191487652, 0.0, 0.0, 0.0, 0.0, 0.0, 0.0, 0.0, 0.0, 0.0, 0.0, 0.0, 0.3324572232978073, 0.0, 0.0, 0.0, 0.0, 0.0, 0.0, 0.0, 0.0, 2.0, 0.0, 0.0, 0.0, 0.0, 0.0, 0.0, 0.0, 0.0, 0.0, 0.0, 0.0, 0.0, 0.0, 0.0, 0.0, 0.08935237518818609, 0.0, 0.0, 0.0, 0.0, 0.0, 0.0, 0.0, 0.0, 0.0, 0.0, 0.0, 0.0, 0.0, 1.0964277321305174, 0.1755019639682606, 1.9637769657413386, 0.0, 0.0, 0.0, 0.0, 6.0, 0.0, 0.0, 0.0, 0.0, 0.6675427767021926, 0.0, 0.0, 0.0, 0.0, 0.0, 0.0, 0.3186964474813093, 0.3891613276778949, 0.0, 0.0, 0.0, 0.0, 0.0, 0.0, 0.0, 0.0, 0.0, 0.04380259013104548, 0.0, 0.0, 0.9109053910828884, 1.610838672322105, 0.0, 0.0, 0.0, 0.0, 0.0, 0.0, 0.0, 0.0, 0.0, 0.0, 0.0, 0.0, 0.0, 0.5307215828509619, 0.0, 0.0, 0.0, 0.0, 0.020185819118729693, 0.0, 0.0, 5.273590634062047, 0.0, 0.0, 0.0, 0.0, 0.0, 0.6633569510313645, 0.2701953521405252, 1.0, 0.0, 0.0, 0.033934764336278754, 0.33664304896863545, 0.0, 0.0, 0.0, 0.0, 0.375, 0.0, 0.0, 0.0, 0.9888309531014768, 0.0, 0.0, 0.0, 1.0, 0.32590055383648486, 0.2527872923113182, 0.0, 0.011169046898523185, 0.0, 1.0, 0.0, 0.8640351519506111, 0.0, 0.0, 1.0, 0.0, 0.0, 0.0, 0.0, 0.13596484804938896, 0.0, 0.0, 0.0, 1.0, 0.0, 0.0, 0.6740994461635151, 0.0, 1.0, 0.0, 0.0, 0.0, 0.0, 0.0, 0.0, 0.0, 1.0, 0.0, 0.7298046478594747, 0.0, 0.0, 0.0, 0.0, 0.0, 0.0, 1.0, 0.0, 0.0, 0.33827794335240297, 0.0, 0.0, 1.0]  :with objective: -600.4042430209266

  Local solver returns a feasible point with value -600.4042
disc:  333  :[0.0, 1.3268083358175375, 1.7268083358175375, 2.0]
disc:  334  :[0.0, 3.0881027177391545, 4.288102717739155, 6.0]
disc:  335  :[0.0, 0.1, 1.0]
disc:  336  :[0.0, 0.9, 1.0]
disc:  337  :[0.0, 0.47484248085123476, 0.8748424808512347, 2.0]
disc:  338  :[0.0, 0.5813035525186908, 0.7813035525186908, 1.0]
disc:  339  :[0.0, 0.2, 2.0]
disc:  340  :[0.0, 0.2, 2.0]
disc:  341  :[0.0, 1.8, 2.0]
disc:  342  :[0.0, 0.9, 1.0]
disc:  343  :[0.0, 0.2, 2.0]
disc:  344  :[0.0, 0.2, 2.0]
disc:  345  :[0.0, 0.1, 1.0]
disc:  346  :[0.0, 0.3, 3.0]
disc:  347  :[0.0, 0.7999999999999998, 1.2, 2.0]
disc:  348  :[0.0, 0.6, 6.0]
disc:  349  :[0.0, 0.2, 2.0]
disc:  350  :[0.0, 0.1, 1.0]
disc:  351  :[0.0, 1.8, 2.0]
disc:  352  :[0.0, 0.6, 6.0]
disc:  353  :[0.0, 0.1, 1.0]
disc:  354  :[0.0, 1.8, 2.0]
disc:  355  :[0.0, 0.9, 1.0]
disc:  356  :[0.0, 0.23622303425866134, 2.0]
disc:  357  :[0.0, 0.1, 1.0]
disc:  358  :[0.0, 0.2, 2.0]
disc:  359  :[0.0, 4.303572267869483, 5.503572267869482, 6.0]
disc:  360  :[0.0, 2.4964277321305164, 3.6964277321305166, 6.0]
disc:  361  :[0.0, 0.2, 2.0]
disc:  362  :[0.0, 0.1, 1.0]
disc:  363  :[0.0, 1.249092598030308, 1.649092598030308, 2.0]
disc:  364  :[0.0, 0.7244980360317395, 0.9244980360317394, 1.0]
disc:  365  :[0.0, 0.4264093659379527, 1.0264093659379527, 3.0]
disc:  366  :[0.0, 1.8, 2.0]
disc:  367  :[0.0, 5.4, 6.0]
disc:  368  :[0.0, 0.2, 2.0]
disc:  369  :[0.0, 1.7561974098689546, 2.0]
disc:  370  :[0.0, 0.9, 1.0]
disc:  371  :[0.0, 0.2, 2.0]
disc:  372  :[0.0, 0.2, 2.0]
disc:  373  :[0.0, 0.2, 2.0]
disc:  374  :[0.0, 0.6, 6.0]
disc:  375  :[0.0, 0.2, 2.0]
disc:  376  :[0.0, 1.3990081088220436, 1.7990081088220435, 2.0]
disc:  377  :[0.0, 3.4890946089171115, 4.689094608917111, 6.0]
disc:  378  :[0.0, 1.7118972822608454, 2.9118972822608455, 6.0]
disc:  379  :[0.0, 0.8890946089171117, 1.2890946089171116, 2.0]
disc:  380  :[0.0, 0.1, 1.0]
disc:  381  :[0.0, 0.3, 3.0]
disc:  382  :[0.0, 1.6109053910828885, 2.2109053910828886, 3.0]
disc:  383  :[0.0, 1.8, 2.0]
disc:  384  :[0.0, 0.6, 6.0]
disc:  385  :[0.0, 0.2, 2.0]
disc:  502  :[0.0, 0.1, 1.0]
disc:  503  :[0.0, 0.1, 1.0]
disc:  504  :[0.0, 0.1, 1.0]
disc:  505  :[0.0, 0.5633569510313645, 0.7633569510313645, 1.0]
disc:  506  :[0.0, 0.1701953521405252, 0.37019535214052524, 1.0]
disc:  507  :[0.0, 0.9, 1.0]
disc:  508  :[0.0, 0.1, 1.0]
disc:  509  :[0.0, 0.1, 1.0]
disc:  510  :[0.0, 0.13393476433627877, 1.0]
disc:  511  :[0.0, 0.23664304896863544, 0.4366430489686355, 1.0]
disc:  512  :[0.0, 0.1, 1.0]
disc:  513  :[0.0, 0.1, 1.0]
disc:  514  :[0.0, 0.1, 1.0]
disc:  515  :[0.0, 0.1, 1.0]
disc:  516  :[0.0, 0.275, 0.475, 1.0]
disc:  517  :[0.0, 0.1, 1.0]
disc:  518  :[0.0, 0.1, 1.0]
disc:  519  :[0.0, 0.1, 1.0]
disc:  520  :[0.0, 0.8888309531014769, 1.0]
disc:  521  :[0.0, 0.1, 1.0]
disc:  522  :[0.0, 0.1, 1.0]
disc:  523  :[0.0, 0.1, 1.0]
disc:  524  :[0.0, 0.9, 1.0]
disc:  525  :[0.0, 0.22590055383648486, 0.42590055383648484, 1.0]
disc:  526  :[0.0, 0.15278729231131818, 0.3527872923113182, 1.0]
disc:  527  :[0.0, 0.1, 1.0]
disc:  528  :[0.0, 0.1111690468985232, 1.0]
disc:  529  :[0.0, 0.1, 1.0]
disc:  530  :[0.0, 0.9, 1.0]
disc:  531  :[0.0, 0.1, 1.0]
disc:  532  :[0.0, 0.7640351519506111, 0.9640351519506111, 1.0]
disc:  533  :[0.0, 0.1, 1.0]
disc:  534  :[0.0, 0.1, 1.0]
disc:  535  :[0.0, 0.9, 1.0]
disc:  536  :[0.0, 0.1, 1.0]
disc:  537  :[0.0, 0.1, 1.0]
disc:  538  :[0.0, 0.1, 1.0]
disc:  539  :[0.0, 0.1, 1.0]
disc:  540  :[0.0, 0.03596484804938896, 0.23596484804938897, 1.0]
disc:  541  :[0.0, 0.1, 1.0]
disc:  542  :[0.0, 0.1, 1.0]
disc:  543  :[0.0, 0.1, 1.0]
disc:  544  :[0.0, 0.9, 1.0]
disc:  545  :[0.0, 0.1, 1.0]
disc:  546  :[0.0, 0.1, 1.0]
disc:  547  :[0.0, 0.5740994461635152, 0.7740994461635151, 1.0]
disc:  548  :[0.0, 0.1, 1.0]
disc:  549  :[0.0, 0.9, 1.0]
disc:  550  :[0.0, 0.1, 1.0]
disc:  551  :[0.0, 0.1, 1.0]
disc:  552  :[0.0, 0.1, 1.0]
disc:  553  :[0.0, 0.1, 1.0]
disc:  554  :[0.0, 0.1, 1.0]
disc:  555  :[0.0, 0.1, 1.0]
disc:  556  :[0.0, 0.1, 1.0]
disc:  557  :[0.0, 0.9, 1.0]
disc:  558  :[0.0, 0.1, 1.0]
disc:  559  :[0.0, 0.6298046478594748, 0.8298046478594747, 1.0]
disc:  560  :[0.0, 0.1, 1.0]
disc:  561  :[0.0, 0.1, 1.0]
disc:  562  :[0.0, 0.1, 1.0]
disc:  563  :[0.0, 0.1, 1.0]
disc:  564  :[0.0, 0.1, 1.0]
disc:  565  :[0.0, 0.1, 1.0]
disc:  566  :[0.0, 0.9, 1.0]
disc:  567  :[0.0, 0.1, 1.0]
disc:  568  :[0.0, 0.1, 1.0]
disc:  569  :[0.0, 0.23827794335240296, 0.438277943352403, 1.0]
disc:  570  :[0.0, 0.1, 1.0]
disc:  571  :[0.0, 0.1, 1.0]
disc:  572  :[0.0, 0.9, 1.0]
  Completed presolve in 11.75s
LOWER-BOUNDING ITERATIONS
====================================================================================================
| Iter   | Incumbent       | Best Incumbent      | Lower Bound        | Gap (%)         | Time      
| finish | -600.4042       | -600.4042           | -638.7601          | 6.388           | 28.55s           
Final UBD: -600.4042430209266
Final LBD: -638.7601441190842
====================================================================================================

*** Alpine ended with status OTHER_LIMIT ***

 Total time for local solves: 9.44s

 Total time for solving max-min problems: 0.0s

 Total time excluding max-min time: 28.55s

presolve objective value: -600.4042430209266
w_opt: 1-dimensional DenseAxisArray{Float64,1,...} with index sets:
    Dimension 1, [(25, 1, 2), (25, 1, 1), (25, 1, 14), (20, 1, 2), (20, 1, 1), (20, 1, 14), (1, 1, 2), (1, 1, 1), (1, 1, 14), (2, 1, 2)  …  (20, 15, 23), (20, 15, 3), (8, 15, 30), (8, 15, 29), (8, 15, 23), (8, 15, 3), (2, 15, 30), (2, 15, 29), (2, 15, 23), (2, 15, 3)]
And data, a 261-element Vector{Float64}:
 1.7280703039012222
 0.0
 0.0
 0.27192969609877793
 0.0
 0.0
 0.0
 0.0
 0.0
 0.0
 0.0
 0.0
 0.0
 0.0
 0.0
 0.0
 1.0890946089171116
 0.0
 0.0
 1.9109053910828886
 0.0
 0.0
 0.0
 0.0
 0.0
 0.0
 0.0
 0.0
 0.43204455903872724
 1.104854357792282
 0.6246639002931922
 0.0
 0.0
 0.0
 1.1669635497833162
 2.984240251124829
 1.687233381967653
 0.0
 0.0
 0.0
 0.0
 0.0
 0.0
 0.0
 0.0
 0.0
 0.0
 0.0
 0.0
 0.0
 0.0
 0.0
 0.0
 0.0
 0.0
 0.0
 0.0
 0.0
 0.0
 1.9561974098689545
 1.0
 0.0
 0.0
 0.0
 0.0
 0.0
 0.0
 0.0
 0.0
 0.0
 0.0
 0.06786952867255784
 0.2036085860176725
 0.0
 0.75
 2.25
 0.0
 0.5055745846226364
 1.5167237538679093
 0.0
 0.0
 0.0
 0.0
 0.0
 0.0
 0.0
 0.0
 0.0
 0.0
 0.0
 0.0
 0.0
 0.6765558867048059
 2.0296676601144177
 0.0
 0.0
 0.0
 0.0
 0.0
 0.0
 0.0
 1.449092598030308
 0.8244980360317394
 0.7264093659379527
 0.0
 0.0
 0.0
 0.0
 0.0
 0.0
 0.0
 0.0
 0.0
 0.0
 0.0
 0.0
 0.0
 0.0
 4.848804039239351
 3.061843585572463
 0.0
 0.0
 0.0
 0.05476822863013194
 0.03458414655805352
 0.0
 0.0
 0.0
 0.0
 0.0
 0.0
 0.0
 0.0
 0.0
 0.0
 0.0
 0.0
 0.0
 0.0
 0.0
 0.0
 0.0
 0.0
 0.0
 0.0
 0.0
 0.0
 0.0
 0.0
 0.0
 0.0
 0.03622303425866133
 0.0
 0.6518011076729697
 0.3259005538364849
 0.0
 0.0
 1.3481988923270303
 0.6740994461635151
 0.0
 0.0
 0.0
 0.0
 0.0
 0.0
 0.0
 0.0
 0.0
 0.0
 0.0
 0.0
 0.0
 0.0
 0.9999999999999999
 0.0
 0.0
 0.0
 2.0
 0.0
 0.0
 0.0
 0.0
 0.0
 0.0
 0.0
 0.0
 0.0
 0.0
 0.0
 0.0
 0.0
 0.0
 0.0
 0.0
 0.0
 0.0
 0.0
 0.0
 0.0
 0.0
 0.0
 0.0
 0.0
 0.0
 0.0
 0.0
 1.326713902062729
 0.6633569510313645
 0.0
 0.6732860979372709
 0.33664304896863545
 0.0
 0.0
 0.0
 0.0
 0.0
 0.0
 0.0
 0.0
 0.0
 0.0
 0.0
 0.0
 0.0
 0.0
 0.6748424808512348
 0.6813035525186908
 0.0
 0.0
 0.0
 0.0
 0.0
 0.0
 0.0
 0.0
 0.0
 0.0
 0.0
 0.0
 0.0
 0.0
 0.0
 0.0
 0.0
 0.0
 0.0
 0.0
 0.0
 0.0
 0.0
 0.0
 0.0
 0.0
 0.0
 0.0
 0.0
 0.0
 1.5268083358175375
 3.6881027177391545
 0.0
 1.0
x_ij_opt: 1-dimensional DenseAxisArray{Float64,1,...} with index sets:
    Dimension 1, [(43, 30), (43, 22), (43, 6), (44, 22), (45, 30), (45, 29), (45, 28), (45, 24), (45, 23), (40, 29)  …  (5, 7), (5, 14), (6, 4), (6, 3), (1, 14), (1, 10), (1, 23), (1, 1), (3, 2), (3, 1)]
And data, a 116-element Vector{Float64}:
 0.0
 1.0000000000000002
 0.3116395159897704
 0.0
 0.4731916641824625
 0.0
 1.3251575191487652
 0.0
 0.0
 0.0
 0.0
 0.0
 0.0
 0.0
 0.0
 0.0
 0.0
 0.0
 0.3324572232978073
 0.0
 0.0
 0.0
 0.0
 0.0
 0.0
 0.0
 0.0
 2.0
 0.0
 0.0
 0.0
 0.0
 0.0
 0.0
 0.0
 0.0
 0.0
 0.0
 0.0
 0.0
 0.0
 0.0
 0.0
 0.08935237518818609
 0.0
 0.0
 0.0
 0.0
 0.0
 0.0
 0.0
 0.0
 0.0
 0.0
 0.0
 0.0
 0.0
 1.0964277321305174
 0.1755019639682606
 1.9637769657413386
 0.0
 0.0
 0.0
 0.0
 6.0
 0.0
 0.0
 0.0
 0.0
 0.6675427767021926
 0.0
 0.0
 0.0
 0.0
 0.0
 0.0
 0.3186964474813093
 0.3891613276778949
 0.0
 0.0
 0.0
 0.0
 0.0
 0.0
 0.0
 0.0
 0.0
 0.04380259013104548
 0.0
 0.0
 0.9109053910828884
 1.610838672322105
 0.0
 0.0
 0.0
 0.0
 0.0
 0.0
 0.0
 0.0
 0.0
 0.0
 0.0
 0.0
 0.0
 0.5307215828509619
 0.0
 0.0
 0.0
 0.0
 0.020185819118729693
 0.0
 0.0
 5.273590634062047
 0.0
 0.0
x_il_opt: 1-dimensional DenseAxisArray{Float64,1,...} with index sets:
    Dimension 1, [(43, 15), (43, 14), (44, 15), (44, 13), (44, 3), (40, 14), (40, 2), (41, 14), (42, 6), (37, 13)  …  (4, 13), (5, 2), (5, 7), (5, 9), (6, 11), (1, 1), (1, 6), (1, 3), (2, 1), (2, 15)]
And data, a 71-element Vector{Float64}:
 0.0
 0.0
 0.0
 1.9900708530940934
 2.1615628171242016
 1.3561460333699256
 0.0
 0.0
 0.27147811469023037
 1.0099291469059064
 0.0
 0.0
 0.0
 0.0
 3.0
 0.0
 0.0
 0.0
 7.910647624811814
 0.0
 0.0
 0.0
 3.0
 0.9777016615094547
 2.0222983384905455
 0.0
 0.08935237518818548
 0.0
 3.0
 0.0
 1.7280703039012222
 0.0
 0.0
 0.0
 0.0
 0.0
 0.0
 0.0
 0.27192969609877793
 0.0
 0.0
 0.0
 2.9561974098689543
 0.0
 0.0
 2.0222983384905455
 0.0
 3.0
 0.0
 0.0
 0.0
 0.0
 0.0
 0.0
 0.0
 0.0
 0.0
 5.838437182875798
 0.0
 0.0
 0.0
 0.0
 0.0
 0.0
 0.03622303425866133
 0.0
 0.0
 2.7062235468192237
 0.0
 0.0
 6.214911053556692
x_lj_opt: 1-dimensional DenseAxisArray{Float64,1,...} with index sets:
    Dimension 1, [(15, 30), (15, 29), (15, 23), (15, 3), (14, 28), (14, 27), (14, 10), (14, 24), (13, 26), (13, 25)  …  (3, 6), (3, 5), (3, 29), (2, 4), (2, 3), (2, 1), (2, 5), (1, 2), (1, 1), (1, 14)]
And data, a 53-element Vector{Float64}:
 1.5268083358175375
 3.6881027177391545
 0.0
 1.0
 0.6748424808512348
 0.6813035525186908
 0.0
 0.0
 2.0
 1.0
 0.0
 0.0
 0.0
 0.0
 0.9999999999999999
 0.0
 0.0
 0.0
 2.0
 0.0
 0.0
 2.0
 1.0
 0.03622303425866133
 0.0
 0.0
 4.903572267869483
 3.0964277321305165
 0.0
 0.0
 1.449092598030308
 0.8244980360317394
 0.7264093659379527
 2.0
 6.0
 0.0
 1.9561974098689545
 1.0
 0.0
 0.0
 0.0
 0.0
 0.0
 1.5990081088220436
 4.089094608917112
 2.3118972822608455
 1.0890946089171116
 0.0
 0.0
 1.9109053910828886
 2.0
 0.0
 0.0
q_opt: 1-dimensional DenseAxisArray{Float64,1,...} with index sets:
    Dimension 1, [(43, 15), (43, 14), (44, 15), (44, 13), (44, 3), (40, 14), (40, 2), (41, 14), (42, 6), (37, 13)  …  (4, 13), (5, 2), (5, 7), (5, 9), (6, 11), (1, 1), (1, 6), (1, 3), (2, 1), (2, 15)]
And data, a 71-element Vector{Float64}:
 0.0
 0.0
 0.0
 0.6633569510313645
 0.2701953521405252
 1.0
 0.0
 0.0
 0.033934764336278754
 0.33664304896863545
 0.0
 0.0
 0.0
 0.0
 0.375
 0.0
 0.0
 0.0
 0.9888309531014768
 0.0
 0.0
 0.0
 1.0
 0.32590055383648486
 0.2527872923113182
 0.0
 0.011169046898523185
 0.0
 1.0
 0.0
 0.8640351519506111
 0.0
 0.0
 1.0
 0.0
 0.0
 0.0
 0.0
 0.13596484804938896
 0.0
 0.0
 0.0
 1.0
 0.0
 0.0
 0.6740994461635151
 0.0
 1.0
 0.0
 0.0
 0.0
 0.0
 0.0
 0.0
 0.0
 1.0
 0.0
 0.7298046478594747
 0.0
 0.0
 0.0
 0.0
 0.0
 0.0
 1.0
 0.0
 0.0
 0.33827794335240297
 0.0
 0.0
 1.0
