
PROBLEM STATISTICS
  Objective sense = Min
  # Variables = 572
  # Bin-Int Variables = 0
  # Constraints = 621
  # NL Constraints = 261
  # Linear Constraints = 360
  # Detected convex constraints = 0
  # Detected nonlinear terms = 261
  # Variables involved in nonlinear terms = 124
  # Potential variables for partitioning = 124
SUB-SOLVERS USED BY ALPINE
  NLP local solver = Knitro
  MIP solver = Gurobi
ALPINE CONFIGURATION
  Maximum iterations (lower-bounding MIPs) =  1
  Relative global optimality gap = 0.01%
  Potential variables chosen for partitioning = All
  Discretization ratio = 10
  Bound-tightening presolve = false
PRESOLVE 
  Doing local search

Feasible solution found during presolve: [1.4556014208315249, 1.5443985791684753, 0.0, 0.5443985791684751, 0.5776089389146334, 0.0, 0.0, 0.0, 0.0, 0.0, 0.0, 0.0, 0.0, 0.0, 0.0, 0.0, 2.0, 0.0, 0.0, 1.0, 0.0, 0.0, 0.0, 0.0, 0.0, 0.0, 0.0, 0.0, 0.051283820742005305, 2.538167200487041, 1.4716164995502188, 0.0, 0.0, 0.0, 0.02771622369492619, 1.3717466617342486, 0.7953317733456229, 0.0, 0.0, 0.0, 0.022025255890337367, 1.0900861377787106, 0.6320264267768887, 0.368867710943885, 1.2157129630490293, 0.0, 0.0, 0.0, 0.0, 0.6358393396284306, 2.0955971603608647, 0.0, 0.0, 0.0, 0.0, 0.0, 0.0, 0.0, 0.0, 2.0, 1.0, 0.0, 0.0, 0.0, 0.0, 0.0, 0.0, 0.0, 0.0, 0.0, 0.0, 0.5253053374103049, 1.575916012230915, 0.0, 0.06223729192155941, 0.1867118757646784, 0.0, 0.496974886650782, 1.4909246599523458, 0.0, 0.0, 0.0, 0.0, 0.0, 0.0, 0.0, 0.0, 0.0, 0.0, 0.0, 0.0, 0.0, 0.9154824840173538, 2.746447452052062, 0.0, 0.0, 0.0, 0.0, 0.0, 0.0, 0.0, 0.7435215889987359, 0.8003282486786903, 1.4561501623225737, 0.0, 0.0, 0.0, 0.0, 0.0, 0.0, 0.0, 0.0, 0.0, 0.0, 0.0, 0.0, 0.0, 0.0, 3.8911605747799203, 1.1675610504868492, 0.0, 0.12949247443979012, 0.0, 2.1088394252200797, 0.6327671981918399, 0.0, 0.07017927688151958, 0.0, 0.0, 0.0, 0.0, 0.0, 0.0, 0.0, 0.0, 0.0, 0.0, 0.0, 0.0, 0.0, 0.0, 0.0, 0.0, 0.0, 0.0, 0.0, 0.0, 0.0, 0.0, 0.0, 0.0, 0.0, 0.0, 0.6747336355979147, 0.3373668177989573, 0.0, 0.0, 1.3252663644020855, 0.6626331822010427, 0.0, 0.0, 0.0, 0.0, 0.0, 0.0, 0.0, 0.0, 0.0, 0.0, 0.0, 0.0, 0.0, 0.0, 1.7616639040750752, 0.0, 0.0, 0.0, 0.34997446801350746, 0.0, 0.0, 0.0, 0.0, 0.0, 0.0, 0.0, 0.0, 0.0, 0.0, 0.0, 0.0, 0.0, 0.0, 0.0, 0.0, 1.6500255319864925, 1.0, 0.3499744680135077, 0.0, 0.0, 0.0, 0.0, 0.0, 0.0, 0.0, 0.0, 0.0, 1.542423642891238, 0.771211821445619, 0.0, 0.45757635710876227, 0.22878817855438113, 0.0, 0.0, 0.0, 0.0, 0.0, 0.0, 0.0, 0.0, 0.0, 0.0, 0.06877750905316311, 0.2854413951341148, 0.0, 0.0, 0.1721739094362538, 0.7145586048658852, 0.0, 0.0, 0.0, 0.0, 0.0, 0.0, 0.0, 0.0, 0.0, 0.0, 0.0, 0.0, 0.0, 0.0, 0.0, 0.0, 0.0, 0.0, 0.0, 0.0, 0.0, 0.0, 0.7305965052169362, 0.0, 0.0, 0.3652982526084681, 0.0, 0.0, 0.0, 0.0, 1.269403494783064, 0.0, 0.0, 0.6347017473915318, 0.0, 0.3542189041872779, 0.0, 2.3136354643368566, 4.0610675207792655, 0.886732514302139, 0.0, 0.0, 2.1012213496412198, 0.6863645356631434, 0.0, 3.0, 0.0, 0.0, 0.24894916768623782, 0.0, 0.0, 0.0, 5.18821409970656, 0.0, 1.5845806739929142, 0.0, 3.0, 1.0121004533968718, 1.987899546603128, 0.0, 2.8117859002934393, 0.0, 2.111638372088583, 0.0, 3.0, 0.0, 0.0, 0.0, 0.0, 0.0, 0.0, 0.0, 1.1220075180831086, 1.0958947578254041, 0.0, 0.0, 3.0, 0.0, 0.0, 1.9878995466031282, 0.0, 3.0, 0.0, 0.0, 0.0, 0.0, 0.0, 0.0, 2.7314364999892953, 0.0, 0.0, 2.1947946587747977, 0.0, 0.0, 0.0, 0.0, 0.0, 0.0, 0.0, 0.0, 0.0, 3.6619299360694155, 1.7441378204459368, 0.0, 1.9041052421745956, 2.0, 0.0, 0.0, 1.0, 0.2409514184894169, 1.0, 0.0, 0.0, 2.0, 1.0, 0.0, 1.6500255319864925, 1.0, 0.3499744680135077, 1.7616639040750752, 0.0, 0.0, 0.0, 0.34997446801350746, 0.0, 0.0, 2.0, 1.0, 0.0, 0.0, 0.0, 6.0, 1.8003282486786893, 0.0, 0.1996717513213097, 0.7435215889987359, 0.8003282486786903, 1.4561501623225737, 2.0, 6.0, 0.0, 2.0, 1.0, 0.0, 0.0, 1.0047070505723157, 3.311310123409894, 0.0, 0.10102530032726885, 5.0, 2.8989746996727304, 2.0, 0.0, 0.0, 1.0, 2.0, 2.122007518083109, 0.0, 0.0, 0.23833609592492477, 1.3884939276013917, 0.0, 0.0, 0.0, 1.7590485815105832, 0.0, 0.0, 0.0, 0.0, 0.0, 0.0, 0.0, 0.0, 0.0, 0.0, 0.0, 0.21790227590851266, 0.0, 0.0, 0.0, 0.0, 0.0, 0.0, 0.0, 0.0, 2.0, 0.0, 2.751050832313762, 0.0, 0.0, 0.0, 0.0, 0.0, 0.0, 0.0, 0.0, 0.0, 0.0, 0.0, 0.0, 0.0, 0.5104807720713397, 0.0, 0.0, 0.0, 0.0, 0.0, 0.0, 0.0, 0.0, 0.0, 0.0, 0.0, 0.8883616279114167, 0.0, 0.0, 0.0, 2.0, 0.0, 0.0, 0.0, 0.0, 6.0, 0.0, 0.0, 0.0, 0.0, 0.7820977240914874, 0.0, 0.0, 0.0, 0.0, 0.0, 0.0, 0.0, 0.9952929494276844, 0.0, 0.0, 0.0, 0.0, 0.0, 0.0, 0.0, 0.0, 0.0, 0.0, 0.0, 0.0, 0.0, 0.0, 0.0, 0.0, 0.0, 0.0, 0.0, 0.0, 0.0, 0.0, 0.0, 0.0, 0.0, 0.0, 0.0, 1.0843884871109342, 0.0, 0.0, 0.0, 0.0, 0.1720899238903301, 0.0, 0.0, 2.4218423195943175, 0.0, 0.0, 0.0, 0.2854413951341148, 0.0, 0.771211821445619, 0.5076334400974082, 0.7145586048658853, 0.0, 0.0, 0.26265266870515247, 0.22878817855438113, 0.0, 1.0, 0.0, 0.0, 0.031118645960779727, 0.0, 0.0, 0.0, 0.64852676246332, 0.0, 0.36713956643756535, 0.0, 1.0, 0.33736681779895733, 0.24848744332539094, 0.0, 0.35147323753667997, 0.0, 1.0, 0.0, 0.7278007104157624, 0.0, 1.0, 0.0, 0.0, 0.0, 0.0, 0.0, 0.27219928958423756, 0.3652982526084681, 0.0, 0.0, 1.0, 0.0, 0.0, 0.6626331822010427, 0.0, 1.0, 0.0, 0.0, 0.0, 0.0, 0.0, 0.0, 0.6328604335624347, 0.0, 0.0, 0.2743493323468497, 0.0, 0.0, 0.0, 0.0, 0.0, 0.0, 0.0, 0.0, 0.0, 0.4577412420086769, 0.2180172275557421, 0.0, 0.634701747391532]  :with objective: -611.7993625478268

  Local solver returns a feasible point with value -611.7994
disc:  333  :[0.0, 1.8, 2.0]
disc:  334  :[0.0, 0.6, 6.0]
disc:  335  :[0.0, 0.1, 1.0]
disc:  336  :[0.0, 0.9, 1.0]
disc:  337  :[0.0, 0.040951418489416885, 0.4409514184894169, 2.0]
disc:  338  :[0.0, 0.9, 1.0]
disc:  339  :[0.0, 0.2, 2.0]
disc:  340  :[0.0, 0.2, 2.0]
disc:  341  :[0.0, 1.8, 2.0]
disc:  342  :[0.0, 0.9, 1.0]
disc:  343  :[0.0, 0.2, 2.0]
disc:  344  :[0.0, 1.4500255319864925, 1.8500255319864924, 2.0]
disc:  345  :[0.0, 0.9, 1.0]
disc:  346  :[0.0, 0.04997446801350769, 0.6499744680135077, 3.0]
disc:  347  :[0.0, 1.5616639040750753, 1.9616639040750752, 2.0]
disc:  348  :[0.0, 0.6, 6.0]
disc:  349  :[0.0, 0.2, 2.0]
disc:  350  :[0.0, 0.1, 1.0]
disc:  351  :[0.0, 0.14997446801350744, 0.5499744680135075, 2.0]
disc:  352  :[0.0, 0.6, 6.0]
disc:  353  :[0.0, 0.1, 1.0]
disc:  354  :[0.0, 1.8, 2.0]
disc:  355  :[0.0, 0.9, 1.0]
disc:  356  :[0.0, 0.2, 2.0]
disc:  357  :[0.0, 0.1, 1.0]
disc:  358  :[0.0, 0.2, 2.0]
disc:  359  :[0.0, 5.4, 6.0]
disc:  360  :[0.0, 1.2003282486786895, 2.400328248678689, 6.0]
disc:  361  :[0.0, 0.2, 2.0]
disc:  362  :[0.0, 0.0996717513213097, 0.29967175132130974, 1.0]
disc:  363  :[0.0, 0.5435215889987359, 0.9435215889987358, 2.0]
disc:  364  :[0.0, 0.7003282486786904, 0.9003282486786903, 1.0]
disc:  365  :[0.0, 1.1561501623225736, 1.7561501623225737, 3.0]
disc:  366  :[0.0, 1.8, 2.0]
disc:  367  :[0.0, 5.4, 6.0]
disc:  368  :[0.0, 0.2, 2.0]
disc:  369  :[0.0, 1.8, 2.0]
disc:  370  :[0.0, 0.9, 1.0]
disc:  371  :[0.0, 0.2, 2.0]
disc:  372  :[0.0, 0.2, 2.0]
disc:  373  :[0.0, 0.8047070505723157, 1.2047070505723156, 2.0]
disc:  374  :[0.0, 2.711310123409894, 3.911310123409894, 6.0]
disc:  375  :[0.0, 0.2, 2.0]
disc:  376  :[0.0, 0.3010253003272689, 2.0]
disc:  377  :[0.0, 4.4, 5.6, 6.0]
disc:  378  :[0.0, 2.2989746996727303, 3.4989746996727304, 6.0]
disc:  379  :[0.0, 1.8, 2.0]
disc:  380  :[0.0, 0.1, 1.0]
disc:  381  :[0.0, 0.3, 3.0]
disc:  382  :[0.0, 0.7, 1.3, 3.0]
disc:  383  :[0.0, 1.8, 2.0]
disc:  384  :[0.0, 1.5220075180831087, 2.722007518083109, 6.0]
disc:  385  :[0.0, 0.2, 2.0]
disc:  502  :[0.0, 0.1, 1.0]
disc:  503  :[0.0, 0.1854413951341148, 0.3854413951341148, 1.0]
disc:  504  :[0.0, 0.1, 1.0]
disc:  505  :[0.0, 0.671211821445619, 0.8712118214456189, 1.0]
disc:  506  :[0.0, 0.4076334400974082, 0.6076334400974082, 1.0]
disc:  507  :[0.0, 0.6145586048658853, 0.8145586048658853, 1.0]
disc:  508  :[0.0, 0.1, 1.0]
disc:  509  :[0.0, 0.1, 1.0]
disc:  510  :[0.0, 0.16265266870515246, 0.36265266870515245, 1.0]
disc:  511  :[0.0, 0.12878817855438113, 0.32878817855438114, 1.0]
disc:  512  :[0.0, 0.1, 1.0]
disc:  513  :[0.0, 0.9, 1.0]
disc:  514  :[0.0, 0.1, 1.0]
disc:  515  :[0.0, 0.1, 1.0]
disc:  516  :[0.0, 0.13111864596077974, 1.0]
disc:  517  :[0.0, 0.1, 1.0]
disc:  518  :[0.0, 0.1, 1.0]
disc:  519  :[0.0, 0.1, 1.0]
disc:  520  :[0.0, 0.54852676246332, 0.74852676246332, 1.0]
disc:  521  :[0.0, 0.1, 1.0]
disc:  522  :[0.0, 0.2671395664375653, 0.4671395664375654, 1.0]
disc:  523  :[0.0, 0.1, 1.0]
disc:  524  :[0.0, 0.9, 1.0]
disc:  525  :[0.0, 0.23736681779895732, 0.43736681779895736, 1.0]
disc:  526  :[0.0, 0.14848744332539093, 0.34848744332539094, 1.0]
disc:  527  :[0.0, 0.1, 1.0]
disc:  528  :[0.0, 0.25147323753667994, 0.45147323753668, 1.0]
disc:  529  :[0.0, 0.1, 1.0]
disc:  530  :[0.0, 0.9, 1.0]
disc:  531  :[0.0, 0.1, 1.0]
disc:  532  :[0.0, 0.6278007104157625, 0.8278007104157624, 1.0]
disc:  533  :[0.0, 0.1, 1.0]
disc:  534  :[0.0, 0.9, 1.0]
disc:  535  :[0.0, 0.1, 1.0]
disc:  536  :[0.0, 0.1, 1.0]
disc:  537  :[0.0, 0.1, 1.0]
disc:  538  :[0.0, 0.1, 1.0]
disc:  539  :[0.0, 0.1, 1.0]
disc:  540  :[0.0, 0.17219928958423755, 0.37219928958423754, 1.0]
disc:  541  :[0.0, 0.26529825260846807, 0.46529825260846813, 1.0]
disc:  542  :[0.0, 0.1, 1.0]
disc:  543  :[0.0, 0.1, 1.0]
disc:  544  :[0.0, 0.9, 1.0]
disc:  545  :[0.0, 0.1, 1.0]
disc:  546  :[0.0, 0.1, 1.0]
disc:  547  :[0.0, 0.5626331822010427, 0.7626331822010427, 1.0]
disc:  548  :[0.0, 0.1, 1.0]
disc:  549  :[0.0, 0.9, 1.0]
disc:  550  :[0.0, 0.1, 1.0]
disc:  551  :[0.0, 0.1, 1.0]
disc:  552  :[0.0, 0.1, 1.0]
disc:  553  :[0.0, 0.1, 1.0]
disc:  554  :[0.0, 0.1, 1.0]
disc:  555  :[0.0, 0.1, 1.0]
disc:  556  :[0.0, 0.5328604335624347, 0.7328604335624347, 1.0]
disc:  557  :[0.0, 0.1, 1.0]
disc:  558  :[0.0, 0.1, 1.0]
disc:  559  :[0.0, 0.1743493323468497, 0.37434933234684975, 1.0]
disc:  560  :[0.0, 0.1, 1.0]
disc:  561  :[0.0, 0.1, 1.0]
disc:  562  :[0.0, 0.1, 1.0]
disc:  563  :[0.0, 0.1, 1.0]
disc:  564  :[0.0, 0.1, 1.0]
disc:  565  :[0.0, 0.1, 1.0]
disc:  566  :[0.0, 0.1, 1.0]
disc:  567  :[0.0, 0.1, 1.0]
disc:  568  :[0.0, 0.1, 1.0]
disc:  569  :[0.0, 0.35774124200867685, 0.5577412420086769, 1.0]
disc:  570  :[0.0, 0.1180172275557421, 0.31801722755574213, 1.0]
disc:  571  :[0.0, 0.1, 1.0]
disc:  572  :[0.0, 0.534701747391532, 0.7347017473915319, 1.0]
  Completed presolve in 11.71s
LOWER-BOUNDING ITERATIONS
====================================================================================================
| Iter   | Incumbent       | Best Incumbent      | Lower Bound        | Gap (%)         | Time      
| finish | -611.7994       | -611.7994           | -630.7899          | 3.104           | 37.26s           
Final UBD: -611.7993625478268
Final LBD: -630.7899253900737
====================================================================================================

*** Alpine ended with status OTHER_LIMIT ***

 Total time for local solves: 9.36s

 Total time for solving max-min problems: 0.0s

 Total time excluding max-min time: 37.26s

presolve objective value: -611.7993625478268
w_opt: 1-dimensional DenseAxisArray{Float64,1,...} with index sets:
    Dimension 1, [(25, 1, 2), (25, 1, 1), (25, 1, 14), (20, 1, 2), (20, 1, 1), (20, 1, 14), (1, 1, 2), (1, 1, 1), (1, 1, 14), (2, 1, 2)  …  (20, 15, 23), (20, 15, 3), (8, 15, 30), (8, 15, 29), (8, 15, 23), (8, 15, 3), (2, 15, 30), (2, 15, 29), (2, 15, 23), (2, 15, 3)]
And data, a 261-element Vector{Float64}:
 1.4556014208315249
 1.5443985791684753
 0.0
 0.5443985791684751
 0.5776089389146334
 0.0
 0.0
 0.0
 0.0
 0.0
 0.0
 0.0
 0.0
 0.0
 0.0
 0.0
 2.0
 0.0
 0.0
 1.0
 0.0
 0.0
 0.0
 0.0
 0.0
 0.0
 0.0
 0.0
 0.051283820742005305
 2.538167200487041
 1.4716164995502188
 0.0
 0.0
 0.0
 0.02771622369492619
 1.3717466617342486
 0.7953317733456229
 0.0
 0.0
 0.0
 0.022025255890337367
 1.0900861377787106
 0.6320264267768887
 0.368867710943885
 1.2157129630490293
 0.0
 0.0
 0.0
 0.0
 0.6358393396284306
 2.0955971603608647
 0.0
 0.0
 0.0
 0.0
 0.0
 0.0
 0.0
 0.0
 2.0
 1.0
 0.0
 0.0
 0.0
 0.0
 0.0
 0.0
 0.0
 0.0
 0.0
 0.0
 0.5253053374103049
 1.575916012230915
 0.0
 0.06223729192155941
 0.1867118757646784
 0.0
 0.496974886650782
 1.4909246599523458
 0.0
 0.0
 0.0
 0.0
 0.0
 0.0
 0.0
 0.0
 0.0
 0.0
 0.0
 0.0
 0.0
 0.9154824840173538
 2.746447452052062
 0.0
 0.0
 0.0
 0.0
 0.0
 0.0
 0.0
 0.7435215889987359
 0.8003282486786903
 1.4561501623225737
 0.0
 0.0
 0.0
 0.0
 0.0
 0.0
 0.0
 0.0
 0.0
 0.0
 0.0
 0.0
 0.0
 0.0
 3.8911605747799203
 1.1675610504868492
 0.0
 0.12949247443979012
 0.0
 2.1088394252200797
 0.6327671981918399
 0.0
 0.07017927688151958
 0.0
 0.0
 0.0
 0.0
 0.0
 0.0
 0.0
 0.0
 0.0
 0.0
 0.0
 0.0
 0.0
 0.0
 0.0
 0.0
 0.0
 0.0
 0.0
 0.0
 0.0
 0.0
 0.0
 0.0
 0.0
 0.0
 0.6747336355979147
 0.3373668177989573
 0.0
 0.0
 1.3252663644020855
 0.6626331822010427
 0.0
 0.0
 0.0
 0.0
 0.0
 0.0
 0.0
 0.0
 0.0
 0.0
 0.0
 0.0
 0.0
 0.0
 1.7616639040750752
 0.0
 0.0
 0.0
 0.34997446801350746
 0.0
 0.0
 0.0
 0.0
 0.0
 0.0
 0.0
 0.0
 0.0
 0.0
 0.0
 0.0
 0.0
 0.0
 0.0
 0.0
 1.6500255319864925
 1.0
 0.3499744680135077
 0.0
 0.0
 0.0
 0.0
 0.0
 0.0
 0.0
 0.0
 0.0
 1.542423642891238
 0.771211821445619
 0.0
 0.45757635710876227
 0.22878817855438113
 0.0
 0.0
 0.0
 0.0
 0.0
 0.0
 0.0
 0.0
 0.0
 0.0
 0.06877750905316311
 0.2854413951341148
 0.0
 0.0
 0.1721739094362538
 0.7145586048658852
 0.0
 0.0
 0.0
 0.0
 0.0
 0.0
 0.0
 0.0
 0.0
 0.0
 0.0
 0.0
 0.0
 0.0
 0.0
 0.0
 0.0
 0.0
 0.0
 0.0
 0.0
 0.0
 0.7305965052169362
 0.0
 0.0
 0.3652982526084681
 0.0
 0.0
 0.0
 0.0
 1.269403494783064
 0.0
 0.0
 0.6347017473915318
x_ij_opt: 1-dimensional DenseAxisArray{Float64,1,...} with index sets:
    Dimension 1, [(43, 30), (43, 22), (43, 6), (44, 22), (45, 30), (45, 29), (45, 28), (45, 24), (45, 23), (40, 29)  …  (5, 7), (5, 14), (6, 4), (6, 3), (1, 14), (1, 10), (1, 23), (1, 1), (3, 2), (3, 1)]
And data, a 116-element Vector{Float64}:
 0.0
 0.23833609592492477
 1.3884939276013917
 0.0
 0.0
 0.0
 1.7590485815105832
 0.0
 0.0
 0.0
 0.0
 0.0
 0.0
 0.0
 0.0
 0.0
 0.0
 0.0
 0.21790227590851266
 0.0
 0.0
 0.0
 0.0
 0.0
 0.0
 0.0
 0.0
 2.0
 0.0
 2.751050832313762
 0.0
 0.0
 0.0
 0.0
 0.0
 0.0
 0.0
 0.0
 0.0
 0.0
 0.0
 0.0
 0.0
 0.5104807720713397
 0.0
 0.0
 0.0
 0.0
 0.0
 0.0
 0.0
 0.0
 0.0
 0.0
 0.0
 0.8883616279114167
 0.0
 0.0
 0.0
 2.0
 0.0
 0.0
 0.0
 0.0
 6.0
 0.0
 0.0
 0.0
 0.0
 0.7820977240914874
 0.0
 0.0
 0.0
 0.0
 0.0
 0.0
 0.0
 0.9952929494276844
 0.0
 0.0
 0.0
 0.0
 0.0
 0.0
 0.0
 0.0
 0.0
 0.0
 0.0
 0.0
 0.0
 0.0
 0.0
 0.0
 0.0
 0.0
 0.0
 0.0
 0.0
 0.0
 0.0
 0.0
 0.0
 0.0
 0.0
 1.0843884871109342
 0.0
 0.0
 0.0
 0.0
 0.1720899238903301
 0.0
 0.0
 2.4218423195943175
 0.0
 0.0
x_il_opt: 1-dimensional DenseAxisArray{Float64,1,...} with index sets:
    Dimension 1, [(43, 15), (43, 14), (44, 15), (44, 13), (44, 3), (40, 14), (40, 2), (41, 14), (42, 6), (37, 13)  …  (4, 13), (5, 2), (5, 7), (5, 9), (6, 11), (1, 1), (1, 6), (1, 3), (2, 1), (2, 15)]
And data, a 71-element Vector{Float64}:
 0.0
 0.3542189041872779
 0.0
 2.3136354643368566
 4.0610675207792655
 0.886732514302139
 0.0
 0.0
 2.1012213496412198
 0.6863645356631434
 0.0
 3.0
 0.0
 0.0
 0.24894916768623782
 0.0
 0.0
 0.0
 5.18821409970656
 0.0
 1.5845806739929142
 0.0
 3.0
 1.0121004533968718
 1.987899546603128
 0.0
 2.8117859002934393
 0.0
 2.111638372088583
 0.0
 3.0
 0.0
 0.0
 0.0
 0.0
 0.0
 0.0
 0.0
 1.1220075180831086
 1.0958947578254041
 0.0
 0.0
 3.0
 0.0
 0.0
 1.9878995466031282
 0.0
 3.0
 0.0
 0.0
 0.0
 0.0
 0.0
 0.0
 2.7314364999892953
 0.0
 0.0
 2.1947946587747977
 0.0
 0.0
 0.0
 0.0
 0.0
 0.0
 0.0
 0.0
 0.0
 3.6619299360694155
 1.7441378204459368
 0.0
 1.9041052421745956
x_lj_opt: 1-dimensional DenseAxisArray{Float64,1,...} with index sets:
    Dimension 1, [(15, 30), (15, 29), (15, 23), (15, 3), (14, 28), (14, 27), (14, 10), (14, 24), (13, 26), (13, 25)  …  (3, 6), (3, 5), (3, 29), (2, 4), (2, 3), (2, 1), (2, 5), (1, 2), (1, 1), (1, 14)]
And data, a 53-element Vector{Float64}:
 2.0
 0.0
 0.0
 1.0
 0.2409514184894169
 1.0
 0.0
 0.0
 2.0
 1.0
 0.0
 1.6500255319864925
 1.0
 0.3499744680135077
 1.7616639040750752
 0.0
 0.0
 0.0
 0.34997446801350746
 0.0
 0.0
 2.0
 1.0
 0.0
 0.0
 0.0
 6.0
 1.8003282486786893
 0.0
 0.1996717513213097
 0.7435215889987359
 0.8003282486786903
 1.4561501623225737
 2.0
 6.0
 0.0
 2.0
 1.0
 0.0
 0.0
 1.0047070505723157
 3.311310123409894
 0.0
 0.10102530032726885
 5.0
 2.8989746996727304
 2.0
 0.0
 0.0
 1.0
 2.0
 2.122007518083109
 0.0
q_opt: 1-dimensional DenseAxisArray{Float64,1,...} with index sets:
    Dimension 1, [(43, 15), (43, 14), (44, 15), (44, 13), (44, 3), (40, 14), (40, 2), (41, 14), (42, 6), (37, 13)  …  (4, 13), (5, 2), (5, 7), (5, 9), (6, 11), (1, 1), (1, 6), (1, 3), (2, 1), (2, 15)]
And data, a 71-element Vector{Float64}:
 0.0
 0.2854413951341148
 0.0
 0.771211821445619
 0.5076334400974082
 0.7145586048658853
 0.0
 0.0
 0.26265266870515247
 0.22878817855438113
 0.0
 1.0
 0.0
 0.0
 0.031118645960779727
 0.0
 0.0
 0.0
 0.64852676246332
 0.0
 0.36713956643756535
 0.0
 1.0
 0.33736681779895733
 0.24848744332539094
 0.0
 0.35147323753667997
 0.0
 1.0
 0.0
 0.7278007104157624
 0.0
 1.0
 0.0
 0.0
 0.0
 0.0
 0.0
 0.27219928958423756
 0.3652982526084681
 0.0
 0.0
 1.0
 0.0
 0.0
 0.6626331822010427
 0.0
 1.0
 0.0
 0.0
 0.0
 0.0
 0.0
 0.0
 0.6328604335624347
 0.0
 0.0
 0.2743493323468497
 0.0
 0.0
 0.0
 0.0
 0.0
 0.0
 0.0
 0.0
 0.0
 0.4577412420086769
 0.2180172275557421
 0.0
 0.634701747391532
