
PROBLEM STATISTICS
  Objective sense = Min
  # Variables = 572
  # Bin-Int Variables = 0
  # Constraints = 621
  # NL Constraints = 261
  # Linear Constraints = 360
  # Detected convex constraints = 0
  # Detected nonlinear terms = 261
  # Variables involved in nonlinear terms = 124
  # Potential variables for partitioning = 124
SUB-SOLVERS USED BY ALPINE
  NLP local solver = Knitro
  MIP solver = Gurobi
ALPINE CONFIGURATION
  Maximum iterations (lower-bounding MIPs) =  1
  Relative global optimality gap = 0.01%
  Potential variables chosen for partitioning = All
  Discretization ratio = 10
  Bound-tightening presolve = false
PRESOLVE 
  Doing local search

Feasible solution found during presolve: [1.2130865466092282, 0.0772872483042098, 0.0, 0.7869134533907719, 0.05013523201302739, 0.0, 0.0, 0.0, 0.0, 0.0, 0.0, 0.0, 0.0, 0.0, 0.0, 0.0, 2.0, 0.0, 0.0, 0.9999999999999999, 0.0, 0.0, 0.0, 0.0, 0.0, 0.0, 0.0, 0.0, 0.39793505584859257, 1.765933803600949, 0.6616252263119772, 0.0, 0.0, 0.0, 0.7287636206169569, 3.234066196399051, 1.2116760972224743, 0.0, 0.0, 0.0, 0.0, 0.0, 0.0, 0.0, 0.0, 0.0, 0.0, 0.0, 0.0, 1.50193295371516, 2.2689159967302444, 0.0, 0.0, 0.0, 0.0, 0.0, 0.0, 0.0, 0.0, 2.0, 1.0, 0.0, 0.0, 0.0, 0.0, 0.0, 0.0, 0.0, 0.0, 0.0, 0.0, 0.6215749446146968, 1.864724833844091, 0.0, 0.0, 0.0, 0.0, 0.48549068480009094, 1.456472054400273, 0.0, 0.0, 0.0, 0.0, 0.0, 0.0, 0.0, 0.0, 0.0, 0.0, 0.0, 0.0, 0.0, 0.8929343705852121, 2.678803111755636, 0.0, 0.0, 0.0, 0.0, 0.0, 0.0, 0.0, 0.08586437594137017, 0.09533718520189308, 0.24278582560283732, 0.5216846594226624, 0.5792384379096351, 1.4750895159216018, 0.0, 0.0, 0.0, 0.0, 0.0, 0.0, 0.2088332698828154, 0.15311196621279372, 0.0, 0.0, 0.0, 2.676040587493378, 1.9620141764110126, 0.0, 0.0, 0.0, 1.730924314425716, 1.2690756855742837, 0.0, 0.0, 0.0, 0.0, 0.0, 0.0, 0.0, 0.0, 0.0, 0.0, 0.0, 0.0, 0.0, 0.0, 0.0, 0.0, 0.0, 0.0, 0.0, 0.0, 0.0, 0.0, 0.0, 0.0, 0.0, 0.0, 0.0, 0.0, 0.7053581738664243, 0.3526790869332122, 0.0, 0.0, 1.2946418261335757, 0.647320913066788, 0.0, 0.0, 0.0, 0.0, 0.0, 0.0, 0.0, 0.0, 0.0, 0.0, 0.0, 0.0, 0.0, 0.0, 2.0, 0.0, 0.0, 0.0, 0.653117824928335, 0.0, 0.0, 0.0, 0.0, 0.0, 0.0, 0.0, 0.0, 0.0, 0.0, 0.0, 0.0, 0.0, 0.0, 0.0, 0.0, 1.346882175071665, 0.961798339050771, 0.691319485877564, 0.0, 0.0, 0.0, 0.0, 0.0, 0.0, 0.0, 0.0, 0.0, 1.4896325108601398, 0.7448162554300696, 0.0, 0.5103674891398603, 0.25518374456993004, 0.0, 0.0, 0.0, 0.0, 0.0, 0.0, 0.0, 0.0, 0.0, 0.0, 0.0, 0.0, 0.0, 0.0, 0.5404631321071133, 0.7259371203862425, 0.0, 0.0, 0.0, 0.0, 0.0, 0.0, 0.0, 0.0, 0.0, 0.0, 0.0, 0.0, 0.0, 0.0, 0.0, 0.0, 0.0, 0.0, 0.0, 0.0, 0.0, 0.0, 0.3052691443388013, 0.06645391648685707, 0.0, 0.15263457216940066, 0.0, 0.0, 0.0, 0.0, 1.6947308556611986, 0.36892527410112813, 0.0, 0.8473654278305993, 0.0, 0.0, 0.0, 2.2344487662902095, 2.8254940857615187, 1.2664002524933557, 0.0, 0.0, 2.486299778458788, 0.7655512337097902, 0.0, 3.0, 0.0, 0.0, 0.0, 0.0, 0.36194523609560914, 0.0, 4.638054763904391, 0.0, 0.0, 0.0, 3.0, 1.0580372607996362, 1.9419627392003638, 0.0, 3.0, 0.0, 2.653117824928335, 0.0, 1.2903737949134382, 0.0, 0.0, 0.0, 0.0, 0.0, 0.0, 0.0, 0.8370486854037993, 0.524357632995059, 0.0, 0.0, 3.0, 0.0, 0.0, 1.9419627392003636, 0.0, 0.4239873867461006, 0.0, 0.0, 0.0, 0.0, 0.0, 0.0, 3.7708489504454046, 0.0, 0.0, 5.174505914238482, 0.0, 0.0, 0.0, 0.0, 0.0, 2.576012613253899, 0.0, 0.0, 0.0, 3.5717374823408483, 0.0, 0.0, 2.9110215575929264, 2.0, 0.4353791905879852, 0.0, 1.0, 0.5404631321071133, 0.7259371203862425, 0.0, 0.0, 2.0, 1.0, 0.0, 1.346882175071665, 0.961798339050771, 0.691319485877564, 2.0, 0.0, 0.0, 0.0, 0.653117824928335, 0.0, 0.0, 2.0, 1.0, 0.0, 0.0, 0.0, 4.615798171801909, 3.38420182819809, 0.0, 0.0, 0.6075490353640326, 0.6745756231115284, 1.7178753415244392, 2.0, 6.0, 0.0, 2.0, 1.0, 0.0, 0.0, 1.50193295371516, 2.2689159967302444, 0.0, 1.1266986764655493, 5.0, 1.8733013235344513, 2.0, 0.0, 0.0, 0.9999999999999999, 2.0, 0.12742248031723719, 0.0, 0.0, 0.0, 0.6082808321233675, 0.0, 0.0, 0.0, 1.4595368678928868, 0.0, 0.0, 0.0, 0.0, 0.0, 0.0, 0.0, 0.0, 0.0, 0.0, 0.0, 0.22834916432155855, 0.0, 0.0, 0.0, 0.0, 0.0, 0.0, 0.0, 0.0, 2.0, 0.0, 3.0, 0.0, 0.0, 0.0, 0.0, 0.0, 0.0, 0.0, 0.0, 0.0, 0.0, 0.0, 0.0, 0.0, 0.26502049141108314, 0.0, 0.0, 0.0, 0.0, 0.0, 0.0, 0.0, 0.0, 0.0, 0.0, 0.0, 0.34688217507166513, 0.0, 1.3842018281980906, 0.3254243768884716, 2.0, 0.0, 0.0, 0.0, 0.0, 6.0, 0.0, 0.0, 0.0, 0.0, 0.7716508356784415, 0.0, 0.0, 0.0, 0.0, 0.0, 0.0, 0.27406287961375747, 0.49806704628484005, 0.0, 0.0, 0.0, 0.0, 0.0, 0.0, 0.0, 0.0, 0.0, 0.0, 0.0, 0.0, 0.0, 0.0, 0.0, 0.0, 0.0, 0.0, 0.0, 0.0, 0.0, 0.0, 0.0, 0.0, 0.0, 0.0, 0.0, 1.1570922860843686, 0.0, 0.0, 0.0, 0.0, 0.23535867855159892, 0.0, 0.03820166094922906, 4.154702178158324, 0.0, 0.0, 0.0, 0.0, 0.0, 0.7448162554300699, 0.35318676072018984, 1.0, 0.0, 0.0, 0.3107874723073485, 0.25518374456993015, 0.0, 1.0, 0.0, 0.0, 0.0, 0.0, 0.04524315451195114, 0.0, 0.5797568454880488, 0.0, 0.0, 0.0, 1.0, 0.35267908693321215, 0.24274534240004547, 0.0, 0.375, 0.0, 1.0, 0.0, 0.6065432733046141, 0.0, 0.0, 0.0, 0.0, 0.0, 0.0, 0.0, 0.39345672669538595, 0.15263457216940066, 0.0, 0.0, 1.0, 0.0, 0.0, 0.6473209130667879, 0.0, 0.14132912891536684, 0.0, 0.0, 0.0, 0.0, 0.0, 0.0, 1.0, 0.0, 0.0, 0.6468132392798103, 0.0, 0.0, 0.0, 0.0, 0.0, 0.8586708710846331, 1.0, 0.0, 0.0, 0.44646718529260604, 0.0, 0.0, 0.8473654278305993]  :with objective: -620.5321477589596

  Local solver returns a feasible point with value -620.5321
disc:  333  :[0.0, 1.8, 2.0]
disc:  334  :[0.0, 1.0353791905879852, 6.0]
disc:  335  :[0.0, 0.1, 1.0]
disc:  336  :[0.0, 0.9, 1.0]
disc:  337  :[0.0, 0.34046313210711326, 0.7404631321071133, 2.0]
disc:  338  :[0.0, 0.6259371203862425, 0.8259371203862425, 1.0]
disc:  339  :[0.0, 0.2, 2.0]
disc:  340  :[0.0, 0.2, 2.0]
disc:  341  :[0.0, 1.8, 2.0]
disc:  342  :[0.0, 0.9, 1.0]
disc:  343  :[0.0, 0.2, 2.0]
disc:  344  :[0.0, 1.1468821750716651, 1.546882175071665, 2.0]
disc:  345  :[0.0, 0.861798339050771, 1.0]
disc:  346  :[0.0, 0.391319485877564, 0.991319485877564, 3.0]
disc:  347  :[0.0, 1.8, 2.0]
disc:  348  :[0.0, 0.6, 6.0]
disc:  349  :[0.0, 0.2, 2.0]
disc:  350  :[0.0, 0.1, 1.0]
disc:  351  :[0.0, 0.453117824928335, 0.8531178249283351, 2.0]
disc:  352  :[0.0, 0.6, 6.0]
disc:  353  :[0.0, 0.1, 1.0]
disc:  354  :[0.0, 1.8, 2.0]
disc:  355  :[0.0, 0.9, 1.0]
disc:  356  :[0.0, 0.2, 2.0]
disc:  357  :[0.0, 0.1, 1.0]
disc:  358  :[0.0, 0.2, 2.0]
disc:  359  :[0.0, 4.01579817180191, 5.215798171801909, 6.0]
disc:  360  :[0.0, 2.78420182819809, 3.98420182819809, 6.0]
disc:  361  :[0.0, 0.2, 2.0]
disc:  362  :[0.0, 0.1, 1.0]
disc:  363  :[0.0, 0.4075490353640326, 0.8075490353640327, 2.0]
disc:  364  :[0.0, 0.5745756231115284, 0.7745756231115284, 1.0]
disc:  365  :[0.0, 1.4178753415244392, 2.017875341524439, 3.0]
disc:  366  :[0.0, 1.8, 2.0]
disc:  367  :[0.0, 5.4, 6.0]
disc:  368  :[0.0, 0.2, 2.0]
disc:  369  :[0.0, 1.8, 2.0]
disc:  370  :[0.0, 0.9, 1.0]
disc:  371  :[0.0, 0.2, 2.0]
disc:  372  :[0.0, 0.2, 2.0]
disc:  373  :[0.0, 1.30193295371516, 1.70193295371516, 2.0]
disc:  374  :[0.0, 1.6689159967302443, 2.8689159967302444, 6.0]
disc:  375  :[0.0, 0.2, 2.0]
disc:  376  :[0.0, 0.9266986764655494, 1.3266986764655493, 2.0]
disc:  377  :[0.0, 4.4, 5.6, 6.0]
disc:  378  :[0.0, 1.2733013235344512, 2.4733013235344514, 6.0]
disc:  379  :[0.0, 1.8, 2.0]
disc:  380  :[0.0, 0.1, 1.0]
disc:  381  :[0.0, 0.3, 3.0]
disc:  382  :[0.0, 0.7, 1.2999999999999998, 3.0]
disc:  383  :[0.0, 1.8, 2.0]
disc:  384  :[0.0, 0.7274224803172371, 6.0]
disc:  385  :[0.0, 0.2, 2.0]
disc:  502  :[0.0, 0.1, 1.0]
disc:  503  :[0.0, 0.1, 1.0]
disc:  504  :[0.0, 0.1, 1.0]
disc:  505  :[0.0, 0.6448162554300699, 0.8448162554300699, 1.0]
disc:  506  :[0.0, 0.25318676072018986, 0.4531867607201898, 1.0]
disc:  507  :[0.0, 0.9, 1.0]
disc:  508  :[0.0, 0.1, 1.0]
disc:  509  :[0.0, 0.1, 1.0]
disc:  510  :[0.0, 0.21078747230734848, 0.41078747230734847, 1.0]
disc:  511  :[0.0, 0.15518374456993014, 0.3551837445699302, 1.0]
disc:  512  :[0.0, 0.1, 1.0]
disc:  513  :[0.0, 0.9, 1.0]
disc:  514  :[0.0, 0.1, 1.0]
disc:  515  :[0.0, 0.1, 1.0]
disc:  516  :[0.0, 0.1, 1.0]
disc:  517  :[0.0, 0.1, 1.0]
disc:  518  :[0.0, 0.14524315451195113, 1.0]
disc:  519  :[0.0, 0.1, 1.0]
disc:  520  :[0.0, 0.47975684548804887, 0.6797568454880488, 1.0]
disc:  521  :[0.0, 0.1, 1.0]
disc:  522  :[0.0, 0.1, 1.0]
disc:  523  :[0.0, 0.1, 1.0]
disc:  524  :[0.0, 0.9, 1.0]
disc:  525  :[0.0, 0.25267908693321217, 0.4526790869332121, 1.0]
disc:  526  :[0.0, 0.14274534240004547, 0.3427453424000455, 1.0]
disc:  527  :[0.0, 0.1, 1.0]
disc:  528  :[0.0, 0.275, 0.475, 1.0]
disc:  529  :[0.0, 0.1, 1.0]
disc:  530  :[0.0, 0.9, 1.0]
disc:  531  :[0.0, 0.1, 1.0]
disc:  532  :[0.0, 0.5065432733046141, 0.7065432733046141, 1.0]
disc:  533  :[0.0, 0.1, 1.0]
disc:  534  :[0.0, 0.1, 1.0]
disc:  535  :[0.0, 0.1, 1.0]
disc:  536  :[0.0, 0.1, 1.0]
disc:  537  :[0.0, 0.1, 1.0]
disc:  538  :[0.0, 0.1, 1.0]
disc:  539  :[0.0, 0.1, 1.0]
disc:  540  :[0.0, 0.2934567266953859, 0.493456726695386, 1.0]
disc:  541  :[0.0, 0.05263457216940065, 0.25263457216940066, 1.0]
disc:  542  :[0.0, 0.1, 1.0]
disc:  543  :[0.0, 0.1, 1.0]
disc:  544  :[0.0, 0.9, 1.0]
disc:  545  :[0.0, 0.1, 1.0]
disc:  546  :[0.0, 0.1, 1.0]
disc:  547  :[0.0, 0.5473209130667879, 0.7473209130667878, 1.0]
disc:  548  :[0.0, 0.1, 1.0]
disc:  549  :[0.0, 0.04132912891536683, 0.24132912891536684, 1.0]
disc:  550  :[0.0, 0.1, 1.0]
disc:  551  :[0.0, 0.1, 1.0]
disc:  552  :[0.0, 0.1, 1.0]
disc:  553  :[0.0, 0.1, 1.0]
disc:  554  :[0.0, 0.1, 1.0]
disc:  555  :[0.0, 0.1, 1.0]
disc:  556  :[0.0, 0.9, 1.0]
disc:  557  :[0.0, 0.1, 1.0]
disc:  558  :[0.0, 0.1, 1.0]
disc:  559  :[0.0, 0.5468132392798103, 0.7468132392798102, 1.0]
disc:  560  :[0.0, 0.1, 1.0]
disc:  561  :[0.0, 0.1, 1.0]
disc:  562  :[0.0, 0.1, 1.0]
disc:  563  :[0.0, 0.1, 1.0]
disc:  564  :[0.0, 0.1, 1.0]
disc:  565  :[0.0, 0.7586708710846332, 0.9586708710846331, 1.0]
disc:  566  :[0.0, 0.9, 1.0]
disc:  567  :[0.0, 0.1, 1.0]
disc:  568  :[0.0, 0.1, 1.0]
disc:  569  :[0.0, 0.346467185292606, 0.5464671852926061, 1.0]
disc:  570  :[0.0, 0.1, 1.0]
disc:  571  :[0.0, 0.1, 1.0]
disc:  572  :[0.0, 0.7473654278305993, 0.9473654278305993, 1.0]
  Completed presolve in 9.49s
LOWER-BOUNDING ITERATIONS
====================================================================================================
| Iter   | Incumbent       | Best Incumbent      | Lower Bound        | Gap (%)         | Time      
| finish | -620.5321       | -620.5321           | -625.4235          | 0.788           | 29.9s            
Final UBD: -620.5321477589596
Final LBD: -625.4235036863505
====================================================================================================

*** Alpine ended with status OTHER_LIMIT ***

 Total time for local solves: 7.21s

 Total time for solving max-min problems: 0.0s

 Total time excluding max-min time: 29.9s

presolve objective value: -620.5321477589596
w_opt: 1-dimensional DenseAxisArray{Float64,1,...} with index sets:
    Dimension 1, [(25, 1, 2), (25, 1, 1), (25, 1, 14), (20, 1, 2), (20, 1, 1), (20, 1, 14), (1, 1, 2), (1, 1, 1), (1, 1, 14), (2, 1, 2)  …  (20, 15, 23), (20, 15, 3), (8, 15, 30), (8, 15, 29), (8, 15, 23), (8, 15, 3), (2, 15, 30), (2, 15, 29), (2, 15, 23), (2, 15, 3)]
And data, a 261-element Vector{Float64}:
 1.2130865466092282
 0.0772872483042098
 0.0
 0.7869134533907719
 0.05013523201302739
 0.0
 0.0
 0.0
 0.0
 0.0
 0.0
 0.0
 0.0
 0.0
 0.0
 0.0
 2.0
 0.0
 0.0
 0.9999999999999999
 0.0
 0.0
 0.0
 0.0
 0.0
 0.0
 0.0
 0.0
 0.39793505584859257
 1.765933803600949
 0.6616252263119772
 0.0
 0.0
 0.0
 0.7287636206169569
 3.234066196399051
 1.2116760972224743
 0.0
 0.0
 0.0
 0.0
 0.0
 0.0
 0.0
 0.0
 0.0
 0.0
 0.0
 0.0
 1.50193295371516
 2.2689159967302444
 0.0
 0.0
 0.0
 0.0
 0.0
 0.0
 0.0
 0.0
 2.0
 1.0
 0.0
 0.0
 0.0
 0.0
 0.0
 0.0
 0.0
 0.0
 0.0
 0.0
 0.6215749446146968
 1.864724833844091
 0.0
 0.0
 0.0
 0.0
 0.48549068480009094
 1.456472054400273
 0.0
 0.0
 0.0
 0.0
 0.0
 0.0
 0.0
 0.0
 0.0
 0.0
 0.0
 0.0
 0.0
 0.8929343705852121
 2.678803111755636
 0.0
 0.0
 0.0
 0.0
 0.0
 0.0
 0.0
 0.08586437594137017
 0.09533718520189308
 0.24278582560283732
 0.5216846594226624
 0.5792384379096351
 1.4750895159216018
 0.0
 0.0
 0.0
 0.0
 0.0
 0.0
 0.2088332698828154
 0.15311196621279372
 0.0
 0.0
 0.0
 2.676040587493378
 1.9620141764110126
 0.0
 0.0
 0.0
 1.730924314425716
 1.2690756855742837
 0.0
 0.0
 0.0
 0.0
 0.0
 0.0
 0.0
 0.0
 0.0
 0.0
 0.0
 0.0
 0.0
 0.0
 0.0
 0.0
 0.0
 0.0
 0.0
 0.0
 0.0
 0.0
 0.0
 0.0
 0.0
 0.0
 0.0
 0.0
 0.7053581738664243
 0.3526790869332122
 0.0
 0.0
 1.2946418261335757
 0.647320913066788
 0.0
 0.0
 0.0
 0.0
 0.0
 0.0
 0.0
 0.0
 0.0
 0.0
 0.0
 0.0
 0.0
 0.0
 2.0
 0.0
 0.0
 0.0
 0.653117824928335
 0.0
 0.0
 0.0
 0.0
 0.0
 0.0
 0.0
 0.0
 0.0
 0.0
 0.0
 0.0
 0.0
 0.0
 0.0
 0.0
 1.346882175071665
 0.961798339050771
 0.691319485877564
 0.0
 0.0
 0.0
 0.0
 0.0
 0.0
 0.0
 0.0
 0.0
 1.4896325108601398
 0.7448162554300696
 0.0
 0.5103674891398603
 0.25518374456993004
 0.0
 0.0
 0.0
 0.0
 0.0
 0.0
 0.0
 0.0
 0.0
 0.0
 0.0
 0.0
 0.0
 0.0
 0.5404631321071133
 0.7259371203862425
 0.0
 0.0
 0.0
 0.0
 0.0
 0.0
 0.0
 0.0
 0.0
 0.0
 0.0
 0.0
 0.0
 0.0
 0.0
 0.0
 0.0
 0.0
 0.0
 0.0
 0.0
 0.0
 0.3052691443388013
 0.06645391648685707
 0.0
 0.15263457216940066
 0.0
 0.0
 0.0
 0.0
 1.6947308556611986
 0.36892527410112813
 0.0
 0.8473654278305993
x_ij_opt: 1-dimensional DenseAxisArray{Float64,1,...} with index sets:
    Dimension 1, [(43, 30), (43, 22), (43, 6), (44, 22), (45, 30), (45, 29), (45, 28), (45, 24), (45, 23), (40, 29)  …  (5, 7), (5, 14), (6, 4), (6, 3), (1, 14), (1, 10), (1, 23), (1, 1), (3, 2), (3, 1)]
And data, a 116-element Vector{Float64}:
 0.0
 0.0
 0.6082808321233675
 0.0
 0.0
 0.0
 1.4595368678928868
 0.0
 0.0
 0.0
 0.0
 0.0
 0.0
 0.0
 0.0
 0.0
 0.0
 0.0
 0.22834916432155855
 0.0
 0.0
 0.0
 0.0
 0.0
 0.0
 0.0
 0.0
 2.0
 0.0
 3.0
 0.0
 0.0
 0.0
 0.0
 0.0
 0.0
 0.0
 0.0
 0.0
 0.0
 0.0
 0.0
 0.0
 0.26502049141108314
 0.0
 0.0
 0.0
 0.0
 0.0
 0.0
 0.0
 0.0
 0.0
 0.0
 0.0
 0.34688217507166513
 0.0
 1.3842018281980906
 0.3254243768884716
 2.0
 0.0
 0.0
 0.0
 0.0
 6.0
 0.0
 0.0
 0.0
 0.0
 0.7716508356784415
 0.0
 0.0
 0.0
 0.0
 0.0
 0.0
 0.27406287961375747
 0.49806704628484005
 0.0
 0.0
 0.0
 0.0
 0.0
 0.0
 0.0
 0.0
 0.0
 0.0
 0.0
 0.0
 0.0
 0.0
 0.0
 0.0
 0.0
 0.0
 0.0
 0.0
 0.0
 0.0
 0.0
 0.0
 0.0
 0.0
 0.0
 1.1570922860843686
 0.0
 0.0
 0.0
 0.0
 0.23535867855159892
 0.0
 0.03820166094922906
 4.154702178158324
 0.0
 0.0
x_il_opt: 1-dimensional DenseAxisArray{Float64,1,...} with index sets:
    Dimension 1, [(43, 15), (43, 14), (44, 15), (44, 13), (44, 3), (40, 14), (40, 2), (41, 14), (42, 6), (37, 13)  …  (4, 13), (5, 2), (5, 7), (5, 9), (6, 11), (1, 1), (1, 6), (1, 3), (2, 1), (2, 15)]
And data, a 71-element Vector{Float64}:
 0.0
 0.0
 0.0
 2.2344487662902095
 2.8254940857615187
 1.2664002524933557
 0.0
 0.0
 2.486299778458788
 0.7655512337097902
 0.0
 3.0
 0.0
 0.0
 0.0
 0.0
 0.36194523609560914
 0.0
 4.638054763904391
 0.0
 0.0
 0.0
 3.0
 1.0580372607996362
 1.9419627392003638
 0.0
 3.0
 0.0
 2.653117824928335
 0.0
 1.2903737949134382
 0.0
 0.0
 0.0
 0.0
 0.0
 0.0
 0.0
 0.8370486854037993
 0.524357632995059
 0.0
 0.0
 3.0
 0.0
 0.0
 1.9419627392003636
 0.0
 0.4239873867461006
 0.0
 0.0
 0.0
 0.0
 0.0
 0.0
 3.7708489504454046
 0.0
 0.0
 5.174505914238482
 0.0
 0.0
 0.0
 0.0
 0.0
 2.576012613253899
 0.0
 0.0
 0.0
 3.5717374823408483
 0.0
 0.0
 2.9110215575929264
x_lj_opt: 1-dimensional DenseAxisArray{Float64,1,...} with index sets:
    Dimension 1, [(15, 30), (15, 29), (15, 23), (15, 3), (14, 28), (14, 27), (14, 10), (14, 24), (13, 26), (13, 25)  …  (3, 6), (3, 5), (3, 29), (2, 4), (2, 3), (2, 1), (2, 5), (1, 2), (1, 1), (1, 14)]
And data, a 53-element Vector{Float64}:
 2.0
 0.4353791905879852
 0.0
 1.0
 0.5404631321071133
 0.7259371203862425
 0.0
 0.0
 2.0
 1.0
 0.0
 1.346882175071665
 0.961798339050771
 0.691319485877564
 2.0
 0.0
 0.0
 0.0
 0.653117824928335
 0.0
 0.0
 2.0
 1.0
 0.0
 0.0
 0.0
 4.615798171801909
 3.38420182819809
 0.0
 0.0
 0.6075490353640326
 0.6745756231115284
 1.7178753415244392
 2.0
 6.0
 0.0
 2.0
 1.0
 0.0
 0.0
 1.50193295371516
 2.2689159967302444
 0.0
 1.1266986764655493
 5.0
 1.8733013235344513
 2.0
 0.0
 0.0
 0.9999999999999999
 2.0
 0.12742248031723719
 0.0
q_opt: 1-dimensional DenseAxisArray{Float64,1,...} with index sets:
    Dimension 1, [(43, 15), (43, 14), (44, 15), (44, 13), (44, 3), (40, 14), (40, 2), (41, 14), (42, 6), (37, 13)  …  (4, 13), (5, 2), (5, 7), (5, 9), (6, 11), (1, 1), (1, 6), (1, 3), (2, 1), (2, 15)]
And data, a 71-element Vector{Float64}:
 0.0
 0.0
 0.0
 0.7448162554300699
 0.35318676072018984
 1.0
 0.0
 0.0
 0.3107874723073485
 0.25518374456993015
 0.0
 1.0
 0.0
 0.0
 0.0
 0.0
 0.04524315451195114
 0.0
 0.5797568454880488
 0.0
 0.0
 0.0
 1.0
 0.35267908693321215
 0.24274534240004547
 0.0
 0.375
 0.0
 1.0
 0.0
 0.6065432733046141
 0.0
 0.0
 0.0
 0.0
 0.0
 0.0
 0.0
 0.39345672669538595
 0.15263457216940066
 0.0
 0.0
 1.0
 0.0
 0.0
 0.6473209130667879
 0.0
 0.14132912891536684
 0.0
 0.0
 0.0
 0.0
 0.0
 0.0
 1.0
 0.0
 0.0
 0.6468132392798103
 0.0
 0.0
 0.0
 0.0
 0.0
 0.8586708710846331
 1.0
 0.0
 0.0
 0.44646718529260604
 0.0
 0.0
 0.8473654278305993
