
PROBLEM STATISTICS
  Objective sense = Min
  # Variables = 572
  # Bin-Int Variables = 0
  # Constraints = 621
  # NL Constraints = 261
  # Linear Constraints = 360
  # Detected convex constraints = 0
  # Detected nonlinear terms = 261
  # Variables involved in nonlinear terms = 124
  # Potential variables for partitioning = 124
SUB-SOLVERS USED BY ALPINE
  NLP local solver = Knitro
  MIP solver = Gurobi
ALPINE CONFIGURATION
  Maximum iterations (lower-bounding MIPs) =  1
  Relative global optimality gap = 0.01%
  Potential variables chosen for partitioning = All
  Discretization ratio = 10
  Bound-tightening presolve = false
PRESOLVE 
  Doing local search

Feasible solution found during presolve: [1.7091682352596023, 0.11892724397131771, 0.0, 0.2908317647403977, 0.02023663880848843, 0.0, 0.0, 0.0, 0.0, 0.0, 0.0, 0.0, 0.0, 0.0, 0.0, 0.0, 1.9651751736478045, 0.0, 0.0, 1.0348248263521955, 0.0, 0.0, 0.0, 0.0, 0.0, 0.0, 0.0, 0.0, 0.0, 1.0267463473189067, 0.6275700647477052, 0.0, 0.0, 0.0, 0.0, 3.9384288263288973, 2.4072547616044897, 0.0, 0.0, 0.0, 0.0, 0.0, 0.0, 0.0, 0.0, 0.0, 0.0, 0.0, 0.0, 0.0, 0.0, 0.0, 0.0, 0.0, 0.0, 0.0, 0.0, 0.0, 0.0, 2.0, 1.0, 0.0, 0.0, 0.0, 0.0, 0.0, 0.0, 0.0, 0.0, 0.0, 0.0, 0.26135787607398114, 0.7840736282219432, 0.0, 0.75, 2.25, 0.0, 0.4535125112648433, 1.36053753379453, 0.0, 0.0, 0.0, 0.0, 0.0, 0.0, 0.0, 0.0, 0.0, 0.0, 0.0, 0.0, 0.0, 0.5351296126611755, 1.6053888379835266, 0.0, 0.0, 0.0, 0.0, 0.0, 0.0, 0.0, 2.0, 0.8642982887698967, 0.0, 0.0, 0.0, 0.0, 0.0, 0.0, 0.0, 0.0, 0.0, 0.0, 0.0, 0.0, 0.0, 0.0, 0.0, 4.440965079121884, 2.7164024098740467, 0.0, 0.0, 0.0, 0.5228321113391395, 0.3198003996649297, 0.0, 0.0, 0.0, 0.0, 0.0, 0.0, 0.0, 0.0, 0.0, 0.0, 0.0, 0.0, 0.0, 0.0, 0.0, 0.0, 0.0, 0.0, 0.0, 0.0, 0.0, 0.0, 0.0, 0.0, 0.0, 0.0, 0.23073314809560583, 0.0, 0.7906333032937513, 0.3953166516468756, 0.0, 0.0, 1.2093666967062489, 0.6046833483531244, 0.0, 0.0, 0.0, 0.0, 0.0, 0.0, 0.0, 0.0, 0.0, 0.0, 0.0, 0.0, 0.0, 0.0, 1.605137670308431, 0.0, 0.0, 0.0, 0.39586935828857095, 0.0, 0.0, 0.0, 0.0, 0.0, 0.0, 0.0, 0.0, 0.0, 0.0, 0.0, 0.0, 0.0, 0.0, 0.0, 0.0, 1.6041306417114292, 1.0, 0.3958693582885706, 0.0, 0.0, 0.0, 0.0, 0.0, 0.0, 0.0, 0.0, 0.0, 1.5072664350428757, 0.7536332175214377, 0.0, 0.4927335649571242, 0.24636678247856206, 0.0, 0.0, 0.0, 0.0, 0.0, 0.0, 0.0, 0.0, 0.0, 0.0, 0.0, 0.0, 0.0, 0.0, 0.31390606692511364, 0.9116919479045249, 0.0, 0.0, 0.0, 0.0, 0.0, 0.0, 0.0, 0.0, 0.0, 0.0, 0.0, 0.0, 0.0, 0.0, 0.0, 0.0, 0.0, 0.0, 0.0, 0.0, 0.0, 0.0, 0.11687462445926115, 0.15014332614555315, 0.0, 0.05843731222963056, 0.0, 0.0, 0.0, 0.0, 1.8831253755407389, 2.419162489213681, 0.0, 0.9415626877703694, 0.0, 0.0, 0.0, 2.2608996525643135, 1.6543164120666118, 1.2255980148296386, 0.0, 0.0, 1.0454315042959241, 0.7391003474356863, 0.0, 3.0, 0.0, 0.0, 3.0, 0.0, 0.0, 0.0, 7.157367488995931, 0.0, 0.0, 0.0, 3.0, 1.185949954940627, 1.8140500450593733, 0.0, 0.8426325110040692, 0.0, 2.001007028597002, 0.0, 1.8280954792309199, 0.0, 0.0, 0.0, 0.0, 0.0, 0.0, 0.0, 0.3110684035488861, 0.32545526283444487, 0.0, 0.0, 3.0, 0.0, 0.0, 1.8140500450593733, 0.0, 2.8642982887698967, 0.0, 0.0, 0.0, 0.0, 0.0, 0.0, 0.0, 0.0, 0.0, 6.3456835879333875, 0.0, 0.0, 0.0, 0.0, 0.0, 0.0, 0.23073314809560583, 0.0, 0.0, 2.140518450644702, 0.0, 0.0, 5.24385055252479, 2.0, 2.5693058153592343, 0.0, 1.0, 0.31390606692511364, 0.9116919479045249, 0.0, 0.0, 2.0, 1.0, 0.0, 1.6041306417114292, 1.0, 0.39586935828857056, 1.605137670308431, 0.0, 0.0, 0.0, 0.39586935828857095, 0.0, 0.0, 2.0, 1.0, 0.23073314809560583, 0.0, 0.0, 4.963797190461023, 3.0362028095389766, 0.0, 0.0, 2.0, 0.8642982887698967, 0.0, 2.0, 6.0, 0.0, 2.0, 1.0, 0.0, 0.0, 0.0, 0.0, 0.0, 0.0, 4.965175173647805, 3.034824826352195, 1.9651751736478045, 0.0, 0.0, 1.0348248263521955, 2.0, 0.13916388277980615, 0.0, 0.0, 0.3948623296915689, 1.1573674889959311, 0.0, 0.0, 0.0, 1.6860939330748863, 0.0, 0.0, 0.0, 0.0, 0.0, 0.0, 0.0, 0.0, 0.0, 0.0, 0.0, 0.25374770264668967, 0.0, 0.001354567864896445, 0.0, 0.0, 0.0, 0.0, 0.0, 0.0, 2.0, 0.0, 0.0, 0.0, 0.0, 0.0, 0.0, 0.0, 0.0, 0.0, 0.0, 0.0, 0.0, 0.0, 0.0, 0.0, 0.8426325110040692, 0.0, 0.0, 0.0, 0.0, 0.0, 0.0, 0.0, 0.0, 0.0, 0.0, 0.0, 0.998992971402998, 0.0, 1.0362028095389766, 0.1357017112301034, 1.7692668519043941, 0.0, 0.0, 0.0, 0.0, 6.0, 0.0, 0.0, 0.0, 0.0, 0.7462522973533103, 0.0, 0.0, 0.0, 0.0, 0.0, 0.0, 0.08830805209547515, 0.9073006791796795, 0.0, 0.0, 0.0, 0.0, 0.0, 0.0, 0.0, 0.0, 0.0, 0.0, 0.0, 0.0, 0.0, 1.0926993208203206, 0.0, 0.0, 0.0, 0.0, 0.0, 0.0, 0.0, 0.0, 0.0, 0.0, 0.0, 0.0, 0.0, 0.0, 0.0, 0.0, 0.03482482635219574, 0.0, 0.0, 0.0, 0.0, 5.859481549355298, 0.0, 0.0, 0.0, 0.0, 0.0, 0.7536332175214379, 0.20678955150832648, 1.0, 0.0, 0.0, 0.13067893803699052, 0.2463667824785621, 0.0, 1.0, 0.0, 0.0, 0.375, 0.0, 0.0, 0.0, 0.8946709361244913, 0.0, 0.0, 0.0, 1.0, 0.3953166516468756, 0.22675625563242166, 0.0, 0.10532906387550865, 0.0, 1.0, 0.0, 0.8545841176298011, 0.0, 0.0, 0.0, 0.0, 0.0, 0.0, 0.0, 0.14541588237019884, 0.05843731222963058, 0.0, 0.0, 1.0, 0.0, 0.0, 0.6046833483531244, 0.0, 1.0, 0.0, 0.0, 0.0, 0.0, 0.0, 0.0, 0.0, 1.0, 0.0, 0.7932104484916734, 0.0, 0.0, 0.0, 0.0, 0.0, 0.0, 1.0, 0.0, 0.0, 0.26756480633058777, 0.0, 0.0, 0.9415626877703694]  :with objective: -631.8525643991644

  Local solver returns a feasible point with value -631.8526
disc:  333  :[0.0, 1.8, 2.0]
disc:  334  :[0.0, 1.9693058153592342, 3.1693058153592344, 6.0]
disc:  335  :[0.0, 0.1, 1.0]
disc:  336  :[0.0, 0.9, 1.0]
disc:  337  :[0.0, 0.11390606692511362, 0.5139060669251136, 2.0]
disc:  338  :[0.0, 0.8116919479045249, 1.0]
disc:  339  :[0.0, 0.2, 2.0]
disc:  340  :[0.0, 0.2, 2.0]
disc:  341  :[0.0, 1.8, 2.0]
disc:  342  :[0.0, 0.9, 1.0]
disc:  343  :[0.0, 0.2, 2.0]
disc:  344  :[0.0, 1.4041306417114292, 1.8041306417114291, 2.0]
disc:  345  :[0.0, 0.9, 1.0]
disc:  346  :[0.0, 0.09586935828857057, 0.6958693582885705, 3.0]
disc:  347  :[0.0, 1.405137670308431, 1.805137670308431, 2.0]
disc:  348  :[0.0, 0.6, 6.0]
disc:  349  :[0.0, 0.2, 2.0]
disc:  350  :[0.0, 0.1, 1.0]
disc:  351  :[0.0, 0.19586935828857094, 0.595869358288571, 2.0]
disc:  352  :[0.0, 0.6, 6.0]
disc:  353  :[0.0, 0.1, 1.0]
disc:  354  :[0.0, 1.8, 2.0]
disc:  355  :[0.0, 0.9, 1.0]
disc:  356  :[0.0, 0.030733148095605817, 0.4307331480956058, 2.0]
disc:  357  :[0.0, 0.1, 1.0]
disc:  358  :[0.0, 0.2, 2.0]
disc:  359  :[0.0, 4.363797190461024, 5.563797190461023, 6.0]
disc:  360  :[0.0, 2.4362028095389765, 3.6362028095389767, 6.0]
disc:  361  :[0.0, 0.2, 2.0]
disc:  362  :[0.0, 0.1, 1.0]
disc:  363  :[0.0, 1.8, 2.0]
disc:  364  :[0.0, 0.7642982887698967, 0.9642982887698966, 1.0]
disc:  365  :[0.0, 0.3, 3.0]
disc:  366  :[0.0, 1.8, 2.0]
disc:  367  :[0.0, 5.4, 6.0]
disc:  368  :[0.0, 0.2, 2.0]
disc:  369  :[0.0, 1.8, 2.0]
disc:  370  :[0.0, 0.9, 1.0]
disc:  371  :[0.0, 0.2, 2.0]
disc:  372  :[0.0, 0.2, 2.0]
disc:  373  :[0.0, 0.2, 2.0]
disc:  374  :[0.0, 0.6, 6.0]
disc:  375  :[0.0, 0.2, 2.0]
disc:  376  :[0.0, 0.2, 2.0]
disc:  377  :[0.0, 4.365175173647805, 5.565175173647805, 6.0]
disc:  378  :[0.0, 2.434824826352195, 3.634824826352195, 6.0]
disc:  379  :[0.0, 1.7651751736478045, 2.0]
disc:  380  :[0.0, 0.1, 1.0]
disc:  381  :[0.0, 0.3, 3.0]
disc:  382  :[0.0, 0.7348248263521955, 1.3348248263521956, 3.0]
disc:  383  :[0.0, 1.8, 2.0]
disc:  384  :[0.0, 0.7391638827798062, 6.0]
disc:  385  :[0.0, 0.2, 2.0]
disc:  502  :[0.0, 0.1, 1.0]
disc:  503  :[0.0, 0.1, 1.0]
disc:  504  :[0.0, 0.1, 1.0]
disc:  505  :[0.0, 0.6536332175214379, 0.8536332175214378, 1.0]
disc:  506  :[0.0, 0.10678955150832647, 0.3067895515083265, 1.0]
disc:  507  :[0.0, 0.9, 1.0]
disc:  508  :[0.0, 0.1, 1.0]
disc:  509  :[0.0, 0.1, 1.0]
disc:  510  :[0.0, 0.03067893803699051, 0.23067893803699052, 1.0]
disc:  511  :[0.0, 0.1463667824785621, 0.3463667824785621, 1.0]
disc:  512  :[0.0, 0.1, 1.0]
disc:  513  :[0.0, 0.9, 1.0]
disc:  514  :[0.0, 0.1, 1.0]
disc:  515  :[0.0, 0.1, 1.0]
disc:  516  :[0.0, 0.275, 0.475, 1.0]
disc:  517  :[0.0, 0.1, 1.0]
disc:  518  :[0.0, 0.1, 1.0]
disc:  519  :[0.0, 0.1, 1.0]
disc:  520  :[0.0, 0.7946709361244914, 0.9946709361244913, 1.0]
disc:  521  :[0.0, 0.1, 1.0]
disc:  522  :[0.0, 0.1, 1.0]
disc:  523  :[0.0, 0.1, 1.0]
disc:  524  :[0.0, 0.9, 1.0]
disc:  525  :[0.0, 0.2953166516468756, 0.49531665164687566, 1.0]
disc:  526  :[0.0, 0.12675625563242165, 0.32675625563242167, 1.0]
disc:  527  :[0.0, 0.1, 1.0]
disc:  528  :[0.0, 0.005329063875508647, 0.20532906387550864, 1.0]
disc:  529  :[0.0, 0.1, 1.0]
disc:  530  :[0.0, 0.9, 1.0]
disc:  531  :[0.0, 0.1, 1.0]
disc:  532  :[0.0, 0.7545841176298012, 0.9545841176298011, 1.0]
disc:  533  :[0.0, 0.1, 1.0]
disc:  534  :[0.0, 0.1, 1.0]
disc:  535  :[0.0, 0.1, 1.0]
disc:  536  :[0.0, 0.1, 1.0]
disc:  537  :[0.0, 0.1, 1.0]
disc:  538  :[0.0, 0.1, 1.0]
disc:  539  :[0.0, 0.1, 1.0]
disc:  540  :[0.0, 0.045415882370198835, 0.24541588237019885, 1.0]
disc:  541  :[0.0, 0.1584373122296306, 1.0]
disc:  542  :[0.0, 0.1, 1.0]
disc:  543  :[0.0, 0.1, 1.0]
disc:  544  :[0.0, 0.9, 1.0]
disc:  545  :[0.0, 0.1, 1.0]
disc:  546  :[0.0, 0.1, 1.0]
disc:  547  :[0.0, 0.5046833483531245, 0.7046833483531244, 1.0]
disc:  548  :[0.0, 0.1, 1.0]
disc:  549  :[0.0, 0.9, 1.0]
disc:  550  :[0.0, 0.1, 1.0]
disc:  551  :[0.0, 0.1, 1.0]
disc:  552  :[0.0, 0.1, 1.0]
disc:  553  :[0.0, 0.1, 1.0]
disc:  554  :[0.0, 0.1, 1.0]
disc:  555  :[0.0, 0.1, 1.0]
disc:  556  :[0.0, 0.1, 1.0]
disc:  557  :[0.0, 0.9, 1.0]
disc:  558  :[0.0, 0.1, 1.0]
disc:  559  :[0.0, 0.6932104484916735, 0.8932104484916734, 1.0]
disc:  560  :[0.0, 0.1, 1.0]
disc:  561  :[0.0, 0.1, 1.0]
disc:  562  :[0.0, 0.1, 1.0]
disc:  563  :[0.0, 0.1, 1.0]
disc:  564  :[0.0, 0.1, 1.0]
disc:  565  :[0.0, 0.1, 1.0]
disc:  566  :[0.0, 0.9, 1.0]
disc:  567  :[0.0, 0.1, 1.0]
disc:  568  :[0.0, 0.1, 1.0]
disc:  569  :[0.0, 0.16756480633058776, 0.36756480633058775, 1.0]
disc:  570  :[0.0, 0.1, 1.0]
disc:  571  :[0.0, 0.1, 1.0]
disc:  572  :[0.0, 0.8415626877703695, 1.0]
  Completed presolve in 7.67s
LOWER-BOUNDING ITERATIONS
====================================================================================================
| Iter   | Incumbent       | Best Incumbent      | Lower Bound        | Gap (%)         | Time      
| finish | -631.8526       | -631.8526           | -637.2636          | 0.856           | 21.66s           
Final UBD: -631.8525643991644
Final LBD: -637.2635991505155
====================================================================================================

*** Alpine ended with status OTHER_LIMIT ***

 Total time for local solves: 5.31s

 Total time for solving max-min problems: 0.0s

 Total time excluding max-min time: 21.66s

presolve objective value: -631.8525643991644
w_opt: 1-dimensional DenseAxisArray{Float64,1,...} with index sets:
    Dimension 1, [(25, 1, 2), (25, 1, 1), (25, 1, 14), (20, 1, 2), (20, 1, 1), (20, 1, 14), (1, 1, 2), (1, 1, 1), (1, 1, 14), (2, 1, 2)  …  (20, 15, 23), (20, 15, 3), (8, 15, 30), (8, 15, 29), (8, 15, 23), (8, 15, 3), (2, 15, 30), (2, 15, 29), (2, 15, 23), (2, 15, 3)]
And data, a 261-element Vector{Float64}:
 1.7091682352596023
 0.11892724397131771
 0.0
 0.2908317647403977
 0.02023663880848843
 0.0
 0.0
 0.0
 0.0
 0.0
 0.0
 0.0
 0.0
 0.0
 0.0
 0.0
 1.9651751736478045
 0.0
 0.0
 1.0348248263521955
 0.0
 0.0
 0.0
 0.0
 0.0
 0.0
 0.0
 0.0
 0.0
 1.0267463473189067
 0.6275700647477052
 0.0
 0.0
 0.0
 0.0
 3.9384288263288973
 2.4072547616044897
 0.0
 0.0
 0.0
 0.0
 0.0
 0.0
 0.0
 0.0
 0.0
 0.0
 0.0
 0.0
 0.0
 0.0
 0.0
 0.0
 0.0
 0.0
 0.0
 0.0
 0.0
 0.0
 2.0
 1.0
 0.0
 0.0
 0.0
 0.0
 0.0
 0.0
 0.0
 0.0
 0.0
 0.0
 0.26135787607398114
 0.7840736282219432
 0.0
 0.75
 2.25
 0.0
 0.4535125112648433
 1.36053753379453
 0.0
 0.0
 0.0
 0.0
 0.0
 0.0
 0.0
 0.0
 0.0
 0.0
 0.0
 0.0
 0.0
 0.5351296126611755
 1.6053888379835266
 0.0
 0.0
 0.0
 0.0
 0.0
 0.0
 0.0
 2.0
 0.8642982887698967
 0.0
 0.0
 0.0
 0.0
 0.0
 0.0
 0.0
 0.0
 0.0
 0.0
 0.0
 0.0
 0.0
 0.0
 0.0
 4.440965079121884
 2.7164024098740467
 0.0
 0.0
 0.0
 0.5228321113391395
 0.3198003996649297
 0.0
 0.0
 0.0
 0.0
 0.0
 0.0
 0.0
 0.0
 0.0
 0.0
 0.0
 0.0
 0.0
 0.0
 0.0
 0.0
 0.0
 0.0
 0.0
 0.0
 0.0
 0.0
 0.0
 0.0
 0.0
 0.0
 0.23073314809560583
 0.0
 0.7906333032937513
 0.3953166516468756
 0.0
 0.0
 1.2093666967062489
 0.6046833483531244
 0.0
 0.0
 0.0
 0.0
 0.0
 0.0
 0.0
 0.0
 0.0
 0.0
 0.0
 0.0
 0.0
 0.0
 1.605137670308431
 0.0
 0.0
 0.0
 0.39586935828857095
 0.0
 0.0
 0.0
 0.0
 0.0
 0.0
 0.0
 0.0
 0.0
 0.0
 0.0
 0.0
 0.0
 0.0
 0.0
 0.0
 1.6041306417114292
 1.0
 0.3958693582885706
 0.0
 0.0
 0.0
 0.0
 0.0
 0.0
 0.0
 0.0
 0.0
 1.5072664350428757
 0.7536332175214377
 0.0
 0.4927335649571242
 0.24636678247856206
 0.0
 0.0
 0.0
 0.0
 0.0
 0.0
 0.0
 0.0
 0.0
 0.0
 0.0
 0.0
 0.0
 0.0
 0.31390606692511364
 0.9116919479045249
 0.0
 0.0
 0.0
 0.0
 0.0
 0.0
 0.0
 0.0
 0.0
 0.0
 0.0
 0.0
 0.0
 0.0
 0.0
 0.0
 0.0
 0.0
 0.0
 0.0
 0.0
 0.0
 0.11687462445926115
 0.15014332614555315
 0.0
 0.05843731222963056
 0.0
 0.0
 0.0
 0.0
 1.8831253755407389
 2.419162489213681
 0.0
 0.9415626877703694
x_ij_opt: 1-dimensional DenseAxisArray{Float64,1,...} with index sets:
    Dimension 1, [(43, 30), (43, 22), (43, 6), (44, 22), (45, 30), (45, 29), (45, 28), (45, 24), (45, 23), (40, 29)  …  (5, 7), (5, 14), (6, 4), (6, 3), (1, 14), (1, 10), (1, 23), (1, 1), (3, 2), (3, 1)]
And data, a 116-element Vector{Float64}:
 0.0
 0.3948623296915689
 1.1573674889959311
 0.0
 0.0
 0.0
 1.6860939330748863
 0.0
 0.0
 0.0
 0.0
 0.0
 0.0
 0.0
 0.0
 0.0
 0.0
 0.0
 0.25374770264668967
 0.0
 0.001354567864896445
 0.0
 0.0
 0.0
 0.0
 0.0
 0.0
 2.0
 0.0
 0.0
 0.0
 0.0
 0.0
 0.0
 0.0
 0.0
 0.0
 0.0
 0.0
 0.0
 0.0
 0.0
 0.0
 0.8426325110040692
 0.0
 0.0
 0.0
 0.0
 0.0
 0.0
 0.0
 0.0
 0.0
 0.0
 0.0
 0.998992971402998
 0.0
 1.0362028095389766
 0.1357017112301034
 1.7692668519043941
 0.0
 0.0
 0.0
 0.0
 6.0
 0.0
 0.0
 0.0
 0.0
 0.7462522973533103
 0.0
 0.0
 0.0
 0.0
 0.0
 0.0
 0.08830805209547515
 0.9073006791796795
 0.0
 0.0
 0.0
 0.0
 0.0
 0.0
 0.0
 0.0
 0.0
 0.0
 0.0
 0.0
 0.0
 1.0926993208203206
 0.0
 0.0
 0.0
 0.0
 0.0
 0.0
 0.0
 0.0
 0.0
 0.0
 0.0
 0.0
 0.0
 0.0
 0.0
 0.0
 0.03482482635219574
 0.0
 0.0
 0.0
 0.0
 5.859481549355298
 0.0
 0.0
x_il_opt: 1-dimensional DenseAxisArray{Float64,1,...} with index sets:
    Dimension 1, [(43, 15), (43, 14), (44, 15), (44, 13), (44, 3), (40, 14), (40, 2), (41, 14), (42, 6), (37, 13)  …  (4, 13), (5, 2), (5, 7), (5, 9), (6, 11), (1, 1), (1, 6), (1, 3), (2, 1), (2, 15)]
And data, a 71-element Vector{Float64}:
 0.0
 0.0
 0.0
 2.2608996525643135
 1.6543164120666118
 1.2255980148296386
 0.0
 0.0
 1.0454315042959241
 0.7391003474356863
 0.0
 3.0
 0.0
 0.0
 3.0
 0.0
 0.0
 0.0
 7.157367488995931
 0.0
 0.0
 0.0
 3.0
 1.185949954940627
 1.8140500450593733
 0.0
 0.8426325110040692
 0.0
 2.001007028597002
 0.0
 1.8280954792309199
 0.0
 0.0
 0.0
 0.0
 0.0
 0.0
 0.0
 0.3110684035488861
 0.32545526283444487
 0.0
 0.0
 3.0
 0.0
 0.0
 1.8140500450593733
 0.0
 2.8642982887698967
 0.0
 0.0
 0.0
 0.0
 0.0
 0.0
 0.0
 0.0
 0.0
 6.3456835879333875
 0.0
 0.0
 0.0
 0.0
 0.0
 0.0
 0.23073314809560583
 0.0
 0.0
 2.140518450644702
 0.0
 0.0
 5.24385055252479
x_lj_opt: 1-dimensional DenseAxisArray{Float64,1,...} with index sets:
    Dimension 1, [(15, 30), (15, 29), (15, 23), (15, 3), (14, 28), (14, 27), (14, 10), (14, 24), (13, 26), (13, 25)  …  (3, 6), (3, 5), (3, 29), (2, 4), (2, 3), (2, 1), (2, 5), (1, 2), (1, 1), (1, 14)]
And data, a 53-element Vector{Float64}:
 2.0
 2.5693058153592343
 0.0
 1.0
 0.31390606692511364
 0.9116919479045249
 0.0
 0.0
 2.0
 1.0
 0.0
 1.6041306417114292
 1.0
 0.39586935828857056
 1.605137670308431
 0.0
 0.0
 0.0
 0.39586935828857095
 0.0
 0.0
 2.0
 1.0
 0.23073314809560583
 0.0
 0.0
 4.963797190461023
 3.0362028095389766
 0.0
 0.0
 2.0
 0.8642982887698967
 0.0
 2.0
 6.0
 0.0
 2.0
 1.0
 0.0
 0.0
 0.0
 0.0
 0.0
 0.0
 4.965175173647805
 3.034824826352195
 1.9651751736478045
 0.0
 0.0
 1.0348248263521955
 2.0
 0.13916388277980615
 0.0
q_opt: 1-dimensional DenseAxisArray{Float64,1,...} with index sets:
    Dimension 1, [(43, 15), (43, 14), (44, 15), (44, 13), (44, 3), (40, 14), (40, 2), (41, 14), (42, 6), (37, 13)  …  (4, 13), (5, 2), (5, 7), (5, 9), (6, 11), (1, 1), (1, 6), (1, 3), (2, 1), (2, 15)]
And data, a 71-element Vector{Float64}:
 0.0
 0.0
 0.0
 0.7536332175214379
 0.20678955150832648
 1.0
 0.0
 0.0
 0.13067893803699052
 0.2463667824785621
 0.0
 1.0
 0.0
 0.0
 0.375
 0.0
 0.0
 0.0
 0.8946709361244913
 0.0
 0.0
 0.0
 1.0
 0.3953166516468756
 0.22675625563242166
 0.0
 0.10532906387550865
 0.0
 1.0
 0.0
 0.8545841176298011
 0.0
 0.0
 0.0
 0.0
 0.0
 0.0
 0.0
 0.14541588237019884
 0.05843731222963058
 0.0
 0.0
 1.0
 0.0
 0.0
 0.6046833483531244
 0.0
 1.0
 0.0
 0.0
 0.0
 0.0
 0.0
 0.0
 0.0
 1.0
 0.0
 0.7932104484916734
 0.0
 0.0
 0.0
 0.0
 0.0
 0.0
 1.0
 0.0
 0.0
 0.26756480633058777
 0.0
 0.0
 0.9415626877703694
