
PROBLEM STATISTICS
  Objective sense = Min
  # Variables = 572
  # Bin-Int Variables = 0
  # Constraints = 621
  # NL Constraints = 261
  # Linear Constraints = 360
  # Detected convex constraints = 0
  # Detected nonlinear terms = 261
  # Variables involved in nonlinear terms = 124
  # Potential variables for partitioning = 124
SUB-SOLVERS USED BY ALPINE
  NLP local solver = Knitro
  MIP solver = Gurobi
ALPINE CONFIGURATION
  Maximum iterations (lower-bounding MIPs) =  1
  Relative global optimality gap = 0.01%
  Potential variables chosen for partitioning = All
  Discretization ratio = 10
  Bound-tightening presolve = false
PRESOLVE 
  Doing local search

Feasible solution found during presolve: [1.6272434045321031, 0.0, 0.0, 0.37275659546789686, 0.0, 0.0, 0.0, 0.0, 0.0, 0.0, 0.0, 0.0, 0.32813090005510065, 0.0, 0.0, 0.16406545002755035, 1.6718690999448993, 0.0, 0.0, 0.8359345499724496, 0.0, 0.0, 0.0, 0.0, 0.0, 0.0, 0.0, 0.0, 0.0, 0.9294459156867403, 0.5415404372072253, 0.0, 0.0, 0.0, 0.0, 4.07055408431326, 2.371702969791318, 0.0, 0.0, 0.0, 0.0, 0.0, 0.0, 0.0, 0.0, 0.0, 0.0, 0.0, 0.0, 0.0, 0.0, 0.0, 0.0, 0.0, 0.0, 0.0, 0.0, 0.0, 0.0, 2.0, 1.0, 0.0, 0.0, 0.0, 0.0, 0.0, 0.0, 0.0, 0.0, 0.0, 0.0, 0.05500292519869789, 0.1650087755960937, 0.0, 0.75, 2.25, 0.0, 0.5459194032090017, 1.637758209627005, 0.0, 0.0, 0.0, 0.0, 0.0, 0.0, 0.0, 0.0, 0.0, 0.0, 0.0, 0.0, 0.0, 0.6490776715923003, 1.9472330147769012, 0.0, 0.0, 0.0, 0.0, 0.0, 0.0, 0.0, 1.4938059890521562, 0.9098833245786421, 0.5963106863692018, 0.0, 0.0, 0.0, 0.0, 0.0, 0.0, 0.0, 0.0, 0.0, 0.0, 0.0, 0.0, 0.0, 0.0, 3.368256197585033, 2.3438474205356554, 0.0, 0.0, 0.0, 1.3491038823684285, 0.938792499510884, 0.0, 0.0, 0.0, 0.0, 0.0, 0.0, 0.0, 0.0, 0.0, 0.0, 0.0, 0.0, 0.0, 0.0, 0.0, 0.0, 0.0, 0.0, 0.0, 0.0, 0.0, 0.0, 0.0, 0.0, 0.0, 0.0, 0.04850954591712595, 0.0, 0.5442149247759955, 0.27210746238799777, 0.0, 0.0, 1.4557850752240045, 0.7278925376120023, 0.0, 0.0, 0.0, 0.0, 0.0, 0.0, 0.0, 0.0, 0.0, 0.0, 0.0, 0.0, 0.0, 0.0, 1.5386644622004135, 0.0, 0.0, 0.0, 0.31629929031611886, 0.0, 0.0, 0.0, 0.0, 0.0, 0.0, 0.0, 0.0, 0.0, 0.0, 0.0, 0.0, 0.0, 0.0, 0.0, 0.0, 1.6837007096838812, 1.0, 0.3162992903161185, 0.0, 0.0, 0.0, 0.0, 0.0, 0.0, 0.0, 0.0, 0.0, 1.576618021012046, 0.7883090105060229, 0.0, 0.42338197898795427, 0.21169098949397713, 0.0, 0.0, 0.0, 0.0, 0.0, 0.0, 0.0, 0.0, 0.0, 0.0, 0.0, 0.0, 0.0, 0.0, 0.5159567124758638, 0.6022840207430271, 0.0, 0.0, 0.0, 0.0, 0.0, 0.0, 0.0, 0.0, 0.0, 0.0, 0.0, 0.0, 0.0, 0.0, 0.0, 0.0, 0.0, 0.0, 0.0, 0.0, 0.0, 0.0, 0.0, 0.0, 0.0, 0.0, 0.0, 0.0, 0.0, 0.0, 1.6512997152735536, 2.770457302685339, 0.0, 1.0, 0.0, 0.0, 0.0, 2.364927031518069, 1.4709863528939655, 1.118240733218891, 0.492196350082651, 0.0, 0.2200117007947916, 0.6350729684819314, 0.0, 3.0, 0.0, 0.0, 3.0, 0.0, 0.0, 0.0, 5.712103618120688, 0.0, 0.0, 0.0, 2.507803649917349, 0.8163223871639933, 2.1836776128360067, 0.0, 2.287896381879312, 0.0, 1.8549637525165323, 0.0, 1.6272434045321031, 0.0, 0.0, 0.0, 0.0, 0.0, 0.0, 0.0, 0.37275659546789686, 0.0, 0.0, 0.0, 3.0, 0.0, 0.0, 2.1836776128360067, 0.0, 3.0, 0.0, 0.0, 0.0, 0.0, 0.0, 0.0, 0.0, 0.0, 0.0, 6.442257054104578, 0.0, 0.0, 0.0, 0.0, 0.0, 0.0, 0.04850954591712595, 0.0, 0.0, 2.596310686369202, 0.0, 0.0, 5.421757017958893, 1.6512997152735536, 2.770457302685339, 0.0, 1.0, 0.5159567124758638, 0.6022840207430271, 0.0, 0.0, 2.0, 1.0, 0.0, 1.6837007096838812, 1.0, 0.3162992903161185, 1.5386644622004135, 0.0, 0.0, 0.0, 0.31629929031611886, 0.0, 0.0, 2.0, 1.0, 0.04850954591712595, 0.0, 0.0, 4.717360079953461, 3.282639920046539, 0.0, 0.0, 1.4938059890521562, 0.9098833245786422, 0.5963106863692018, 2.0, 6.0, 0.0, 2.0, 1.0, 0.0, 0.0, 0.0, 0.0, 0.0, 0.0, 5.0, 2.913243406998543, 2.0, 0.0, 0.0, 1.0000000000000002, 2.0, 0.0, 0.0, 0.0, 0.4613355377995865, 1.5244222522254531, 0.0, 0.3487002847264463, 0.0, 1.484043287524136, 0.0, 0.0, 0.0, 0.0, 0.0, 0.0, 0.0, 0.0, 0.0, 0.0, 0.0, 0.20185918869129799, 0.0, 0.0, 0.0, 0.0, 0.0, 0.0, 0.0, 0.0, 2.0, 0.0, 0.0, 0.0, 0.0, 0.0, 0.0, 0.0, 0.0, 0.0, 0.0, 0.0, 0.0, 0.0, 0.0, 0.0, 0.4755777477745469, 0.0, 0.0, 0.0, 0.0, 0.0, 0.0, 0.0, 0.0, 0.0, 0.0, 0.0, 1.1450362474834674, 0.0, 1.2826399200465386, 0.09011667542135784, 1.9514904540828741, 0.0, 0.0, 0.0, 0.0, 6.0, 0.0, 0.0, 0.0, 0.0, 0.7981408113087021, 0.0, 0.0, 0.0, 0.0, 0.0, 0.0, 0.3977159792569729, 0.6315507950678783, 0.0, 0.0, 0.0, 0.0, 0.0, 0.0, 0.0, 0.0, 0.0, 0.0, 0.0, 0.0, 0.0, 1.368449204932122, 1.1233289517978051, 0.0, 0.0, 0.0, 0.0, 0.0, 0.0, 0.0, 0.0, 0.0, 0.0, 0.0, 0.0, 0.5061940109478437, 0.0, 0.0, 0.0, 0.0, 0.0, 0.0, 0.0, 5.403689313630799, 0.0, 0.0, 0.0, 0.0, 0.0, 0.788309010506023, 0.18588918313734806, 1.0, 0.16406545002755032, 0.0, 0.02750146259934895, 0.21169098949397713, 0.0, 1.0, 0.0, 0.0, 0.375, 0.0, 0.0, 0.0, 0.714012952265086, 0.0, 0.0, 0.0, 0.8359345499724496, 0.27210746238799777, 0.27295970160450084, 0.0, 0.28598704773491407, 0.0, 1.0, 0.0, 0.8136217022660516, 0.0, 0.0, 0.0, 0.0, 0.0, 0.0, 0.0, 0.18637829773394843, 0.0, 0.0, 0.0, 1.0, 0.0, 0.0, 0.7278925376120022, 0.0, 1.0, 0.0, 0.0, 0.0, 0.0, 0.0, 0.0, 0.0, 1.0, 0.0, 0.814110816862652, 0.0, 0.0, 0.0, 0.0, 0.0, 0.0, 1.0, 0.0, 0.0, 0.3245388357961502, 0.0, 0.0, 1.0]  :with objective: -621.1340898222503

  Local solver returns a feasible point with value -621.1341
disc:  333  :[0.0, 1.4512997152735536, 1.8512997152735535, 2.0]
disc:  334  :[0.0, 2.170457302685339, 3.370457302685339, 6.0]
disc:  335  :[0.0, 0.1, 1.0]
disc:  336  :[0.0, 0.9, 1.0]
disc:  337  :[0.0, 0.3159567124758638, 0.7159567124758639, 2.0]
disc:  338  :[0.0, 0.5022840207430271, 0.7022840207430271, 1.0]
disc:  339  :[0.0, 0.2, 2.0]
disc:  340  :[0.0, 0.2, 2.0]
disc:  341  :[0.0, 1.8, 2.0]
disc:  342  :[0.0, 0.9, 1.0]
disc:  343  :[0.0, 0.2, 2.0]
disc:  344  :[0.0, 1.4837007096838812, 1.8837007096838811, 2.0]
disc:  345  :[0.0, 0.9, 1.0]
disc:  346  :[0.0, 0.016299290316118487, 0.6162992903161184, 3.0]
disc:  347  :[0.0, 1.3386644622004136, 1.7386644622004135, 2.0]
disc:  348  :[0.0, 0.6, 6.0]
disc:  349  :[0.0, 0.2, 2.0]
disc:  350  :[0.0, 0.1, 1.0]
disc:  351  :[0.0, 0.11629929031611885, 0.5162992903161189, 2.0]
disc:  352  :[0.0, 0.6, 6.0]
disc:  353  :[0.0, 0.1, 1.0]
disc:  354  :[0.0, 1.8, 2.0]
disc:  355  :[0.0, 0.9, 1.0]
disc:  356  :[0.0, 0.24850954591712596, 2.0]
disc:  357  :[0.0, 0.1, 1.0]
disc:  358  :[0.0, 0.2, 2.0]
disc:  359  :[0.0, 4.117360079953461, 5.317360079953461, 6.0]
disc:  360  :[0.0, 2.682639920046539, 3.882639920046539, 6.0]
disc:  361  :[0.0, 0.2, 2.0]
disc:  362  :[0.0, 0.1, 1.0]
disc:  363  :[0.0, 1.2938059890521563, 1.6938059890521562, 2.0]
disc:  364  :[0.0, 0.8098833245786422, 1.0]
disc:  365  :[0.0, 0.2963106863692018, 0.8963106863692019, 3.0]
disc:  366  :[0.0, 1.8, 2.0]
disc:  367  :[0.0, 5.4, 6.0]
disc:  368  :[0.0, 0.2, 2.0]
disc:  369  :[0.0, 1.8, 2.0]
disc:  370  :[0.0, 0.9, 1.0]
disc:  371  :[0.0, 0.2, 2.0]
disc:  372  :[0.0, 0.2, 2.0]
disc:  373  :[0.0, 0.2, 2.0]
disc:  374  :[0.0, 0.6, 6.0]
disc:  375  :[0.0, 0.2, 2.0]
disc:  376  :[0.0, 0.2, 2.0]
disc:  377  :[0.0, 4.4, 5.6, 6.0]
disc:  378  :[0.0, 2.313243406998543, 3.513243406998543, 6.0]
disc:  379  :[0.0, 1.8, 2.0]
disc:  380  :[0.0, 0.1, 1.0]
disc:  381  :[0.0, 0.3, 3.0]
disc:  382  :[0.0, 0.7000000000000002, 1.3000000000000003, 3.0]
disc:  383  :[0.0, 1.8, 2.0]
disc:  384  :[0.0, 0.6, 6.0]
disc:  385  :[0.0, 0.2, 2.0]
disc:  502  :[0.0, 0.1, 1.0]
disc:  503  :[0.0, 0.1, 1.0]
disc:  504  :[0.0, 0.1, 1.0]
disc:  505  :[0.0, 0.688309010506023, 0.888309010506023, 1.0]
disc:  506  :[0.0, 0.08588918313734806, 0.28588918313734807, 1.0]
disc:  507  :[0.0, 0.9, 1.0]
disc:  508  :[0.0, 0.06406545002755032, 0.26406545002755033, 1.0]
disc:  509  :[0.0, 0.1, 1.0]
disc:  510  :[0.0, 0.12750146259934897, 1.0]
disc:  511  :[0.0, 0.11169098949397713, 0.3116909894939771, 1.0]
disc:  512  :[0.0, 0.1, 1.0]
disc:  513  :[0.0, 0.9, 1.0]
disc:  514  :[0.0, 0.1, 1.0]
disc:  515  :[0.0, 0.1, 1.0]
disc:  516  :[0.0, 0.275, 0.475, 1.0]
disc:  517  :[0.0, 0.1, 1.0]
disc:  518  :[0.0, 0.1, 1.0]
disc:  519  :[0.0, 0.1, 1.0]
disc:  520  :[0.0, 0.614012952265086, 0.814012952265086, 1.0]
disc:  521  :[0.0, 0.1, 1.0]
disc:  522  :[0.0, 0.1, 1.0]
disc:  523  :[0.0, 0.1, 1.0]
disc:  524  :[0.0, 0.7359345499724497, 0.9359345499724496, 1.0]
disc:  525  :[0.0, 0.17210746238799776, 0.37210746238799774, 1.0]
disc:  526  :[0.0, 0.17295970160450083, 0.37295970160450087, 1.0]
disc:  527  :[0.0, 0.1, 1.0]
disc:  528  :[0.0, 0.18598704773491406, 0.3859870477349141, 1.0]
disc:  529  :[0.0, 0.1, 1.0]
disc:  530  :[0.0, 0.9, 1.0]
disc:  531  :[0.0, 0.1, 1.0]
disc:  532  :[0.0, 0.7136217022660516, 0.9136217022660515, 1.0]
disc:  533  :[0.0, 0.1, 1.0]
disc:  534  :[0.0, 0.1, 1.0]
disc:  535  :[0.0, 0.1, 1.0]
disc:  536  :[0.0, 0.1, 1.0]
disc:  537  :[0.0, 0.1, 1.0]
disc:  538  :[0.0, 0.1, 1.0]
disc:  539  :[0.0, 0.1, 1.0]
disc:  540  :[0.0, 0.08637829773394842, 0.2863782977339484, 1.0]
disc:  541  :[0.0, 0.1, 1.0]
disc:  542  :[0.0, 0.1, 1.0]
disc:  543  :[0.0, 0.1, 1.0]
disc:  544  :[0.0, 0.9, 1.0]
disc:  545  :[0.0, 0.1, 1.0]
disc:  546  :[0.0, 0.1, 1.0]
disc:  547  :[0.0, 0.6278925376120023, 0.8278925376120022, 1.0]
disc:  548  :[0.0, 0.1, 1.0]
disc:  549  :[0.0, 0.9, 1.0]
disc:  550  :[0.0, 0.1, 1.0]
disc:  551  :[0.0, 0.1, 1.0]
disc:  552  :[0.0, 0.1, 1.0]
disc:  553  :[0.0, 0.1, 1.0]
disc:  554  :[0.0, 0.1, 1.0]
disc:  555  :[0.0, 0.1, 1.0]
disc:  556  :[0.0, 0.1, 1.0]
disc:  557  :[0.0, 0.9, 1.0]
disc:  558  :[0.0, 0.1, 1.0]
disc:  559  :[0.0, 0.714110816862652, 0.9141108168626519, 1.0]
disc:  560  :[0.0, 0.1, 1.0]
disc:  561  :[0.0, 0.1, 1.0]
disc:  562  :[0.0, 0.1, 1.0]
disc:  563  :[0.0, 0.1, 1.0]
disc:  564  :[0.0, 0.1, 1.0]
disc:  565  :[0.0, 0.1, 1.0]
disc:  566  :[0.0, 0.9, 1.0]
disc:  567  :[0.0, 0.1, 1.0]
disc:  568  :[0.0, 0.1, 1.0]
disc:  569  :[0.0, 0.22453883579615022, 0.42453883579615026, 1.0]
disc:  570  :[0.0, 0.1, 1.0]
disc:  571  :[0.0, 0.1, 1.0]
disc:  572  :[0.0, 0.9, 1.0]
  Completed presolve in 7.38s
LOWER-BOUNDING ITERATIONS
====================================================================================================
| Iter   | Incumbent       | Best Incumbent      | Lower Bound        | Gap (%)         | Time      
| finish | -621.1341       | -621.1341           | -630.9792          | 1.585           | 19.68s           
Final UBD: -621.1340898222503
Final LBD: -630.9792447298071
====================================================================================================

*** Alpine ended with status OTHER_LIMIT ***

 Total time for local solves: 5.04s

 Total time for solving max-min problems: 0.0s

 Total time excluding max-min time: 19.68s

presolve objective value: -621.1340898222503
w_opt: 1-dimensional DenseAxisArray{Float64,1,...} with index sets:
    Dimension 1, [(25, 1, 2), (25, 1, 1), (25, 1, 14), (20, 1, 2), (20, 1, 1), (20, 1, 14), (1, 1, 2), (1, 1, 1), (1, 1, 14), (2, 1, 2)  …  (20, 15, 23), (20, 15, 3), (8, 15, 30), (8, 15, 29), (8, 15, 23), (8, 15, 3), (2, 15, 30), (2, 15, 29), (2, 15, 23), (2, 15, 3)]
And data, a 261-element Vector{Float64}:
 1.6272434045321031
 0.0
 0.0
 0.37275659546789686
 0.0
 0.0
 0.0
 0.0
 0.0
 0.0
 0.0
 0.0
 0.32813090005510065
 0.0
 0.0
 0.16406545002755035
 1.6718690999448993
 0.0
 0.0
 0.8359345499724496
 0.0
 0.0
 0.0
 0.0
 0.0
 0.0
 0.0
 0.0
 0.0
 0.9294459156867403
 0.5415404372072253
 0.0
 0.0
 0.0
 0.0
 4.07055408431326
 2.371702969791318
 0.0
 0.0
 0.0
 0.0
 0.0
 0.0
 0.0
 0.0
 0.0
 0.0
 0.0
 0.0
 0.0
 0.0
 0.0
 0.0
 0.0
 0.0
 0.0
 0.0
 0.0
 0.0
 2.0
 1.0
 0.0
 0.0
 0.0
 0.0
 0.0
 0.0
 0.0
 0.0
 0.0
 0.0
 0.05500292519869789
 0.1650087755960937
 0.0
 0.75
 2.25
 0.0
 0.5459194032090017
 1.637758209627005
 0.0
 0.0
 0.0
 0.0
 0.0
 0.0
 0.0
 0.0
 0.0
 0.0
 0.0
 0.0
 0.0
 0.6490776715923003
 1.9472330147769012
 0.0
 0.0
 0.0
 0.0
 0.0
 0.0
 0.0
 1.4938059890521562
 0.9098833245786421
 0.5963106863692018
 0.0
 0.0
 0.0
 0.0
 0.0
 0.0
 0.0
 0.0
 0.0
 0.0
 0.0
 0.0
 0.0
 0.0
 3.368256197585033
 2.3438474205356554
 0.0
 0.0
 0.0
 1.3491038823684285
 0.938792499510884
 0.0
 0.0
 0.0
 0.0
 0.0
 0.0
 0.0
 0.0
 0.0
 0.0
 0.0
 0.0
 0.0
 0.0
 0.0
 0.0
 0.0
 0.0
 0.0
 0.0
 0.0
 0.0
 0.0
 0.0
 0.0
 0.0
 0.04850954591712595
 0.0
 0.5442149247759955
 0.27210746238799777
 0.0
 0.0
 1.4557850752240045
 0.7278925376120023
 0.0
 0.0
 0.0
 0.0
 0.0
 0.0
 0.0
 0.0
 0.0
 0.0
 0.0
 0.0
 0.0
 0.0
 1.5386644622004135
 0.0
 0.0
 0.0
 0.31629929031611886
 0.0
 0.0
 0.0
 0.0
 0.0
 0.0
 0.0
 0.0
 0.0
 0.0
 0.0
 0.0
 0.0
 0.0
 0.0
 0.0
 1.6837007096838812
 1.0
 0.3162992903161185
 0.0
 0.0
 0.0
 0.0
 0.0
 0.0
 0.0
 0.0
 0.0
 1.576618021012046
 0.7883090105060229
 0.0
 0.42338197898795427
 0.21169098949397713
 0.0
 0.0
 0.0
 0.0
 0.0
 0.0
 0.0
 0.0
 0.0
 0.0
 0.0
 0.0
 0.0
 0.0
 0.5159567124758638
 0.6022840207430271
 0.0
 0.0
 0.0
 0.0
 0.0
 0.0
 0.0
 0.0
 0.0
 0.0
 0.0
 0.0
 0.0
 0.0
 0.0
 0.0
 0.0
 0.0
 0.0
 0.0
 0.0
 0.0
 0.0
 0.0
 0.0
 0.0
 0.0
 0.0
 0.0
 0.0
 1.6512997152735536
 2.770457302685339
 0.0
 1.0
x_ij_opt: 1-dimensional DenseAxisArray{Float64,1,...} with index sets:
    Dimension 1, [(43, 30), (43, 22), (43, 6), (44, 22), (45, 30), (45, 29), (45, 28), (45, 24), (45, 23), (40, 29)  …  (5, 7), (5, 14), (6, 4), (6, 3), (1, 14), (1, 10), (1, 23), (1, 1), (3, 2), (3, 1)]
And data, a 116-element Vector{Float64}:
 0.0
 0.4613355377995865
 1.5244222522254531
 0.0
 0.3487002847264463
 0.0
 1.484043287524136
 0.0
 0.0
 0.0
 0.0
 0.0
 0.0
 0.0
 0.0
 0.0
 0.0
 0.0
 0.20185918869129799
 0.0
 0.0
 0.0
 0.0
 0.0
 0.0
 0.0
 0.0
 2.0
 0.0
 0.0
 0.0
 0.0
 0.0
 0.0
 0.0
 0.0
 0.0
 0.0
 0.0
 0.0
 0.0
 0.0
 0.0
 0.4755777477745469
 0.0
 0.0
 0.0
 0.0
 0.0
 0.0
 0.0
 0.0
 0.0
 0.0
 0.0
 1.1450362474834674
 0.0
 1.2826399200465386
 0.09011667542135784
 1.9514904540828741
 0.0
 0.0
 0.0
 0.0
 6.0
 0.0
 0.0
 0.0
 0.0
 0.7981408113087021
 0.0
 0.0
 0.0
 0.0
 0.0
 0.0
 0.3977159792569729
 0.6315507950678783
 0.0
 0.0
 0.0
 0.0
 0.0
 0.0
 0.0
 0.0
 0.0
 0.0
 0.0
 0.0
 0.0
 1.368449204932122
 1.1233289517978051
 0.0
 0.0
 0.0
 0.0
 0.0
 0.0
 0.0
 0.0
 0.0
 0.0
 0.0
 0.0
 0.5061940109478437
 0.0
 0.0
 0.0
 0.0
 0.0
 0.0
 0.0
 5.403689313630799
 0.0
 0.0
x_il_opt: 1-dimensional DenseAxisArray{Float64,1,...} with index sets:
    Dimension 1, [(43, 15), (43, 14), (44, 15), (44, 13), (44, 3), (40, 14), (40, 2), (41, 14), (42, 6), (37, 13)  …  (4, 13), (5, 2), (5, 7), (5, 9), (6, 11), (1, 1), (1, 6), (1, 3), (2, 1), (2, 15)]
And data, a 71-element Vector{Float64}:
 0.0
 0.0
 0.0
 2.364927031518069
 1.4709863528939655
 1.118240733218891
 0.492196350082651
 0.0
 0.2200117007947916
 0.6350729684819314
 0.0
 3.0
 0.0
 0.0
 3.0
 0.0
 0.0
 0.0
 5.712103618120688
 0.0
 0.0
 0.0
 2.507803649917349
 0.8163223871639933
 2.1836776128360067
 0.0
 2.287896381879312
 0.0
 1.8549637525165323
 0.0
 1.6272434045321031
 0.0
 0.0
 0.0
 0.0
 0.0
 0.0
 0.0
 0.37275659546789686
 0.0
 0.0
 0.0
 3.0
 0.0
 0.0
 2.1836776128360067
 0.0
 3.0
 0.0
 0.0
 0.0
 0.0
 0.0
 0.0
 0.0
 0.0
 0.0
 6.442257054104578
 0.0
 0.0
 0.0
 0.0
 0.0
 0.0
 0.04850954591712595
 0.0
 0.0
 2.596310686369202
 0.0
 0.0
 5.421757017958893
x_lj_opt: 1-dimensional DenseAxisArray{Float64,1,...} with index sets:
    Dimension 1, [(15, 30), (15, 29), (15, 23), (15, 3), (14, 28), (14, 27), (14, 10), (14, 24), (13, 26), (13, 25)  …  (3, 6), (3, 5), (3, 29), (2, 4), (2, 3), (2, 1), (2, 5), (1, 2), (1, 1), (1, 14)]
And data, a 53-element Vector{Float64}:
 1.6512997152735536
 2.770457302685339
 0.0
 1.0
 0.5159567124758638
 0.6022840207430271
 0.0
 0.0
 2.0
 1.0
 0.0
 1.6837007096838812
 1.0
 0.3162992903161185
 1.5386644622004135
 0.0
 0.0
 0.0
 0.31629929031611886
 0.0
 0.0
 2.0
 1.0
 0.04850954591712595
 0.0
 0.0
 4.717360079953461
 3.282639920046539
 0.0
 0.0
 1.4938059890521562
 0.9098833245786422
 0.5963106863692018
 2.0
 6.0
 0.0
 2.0
 1.0
 0.0
 0.0
 0.0
 0.0
 0.0
 0.0
 5.0
 2.913243406998543
 2.0
 0.0
 0.0
 1.0000000000000002
 2.0
 0.0
 0.0
q_opt: 1-dimensional DenseAxisArray{Float64,1,...} with index sets:
    Dimension 1, [(43, 15), (43, 14), (44, 15), (44, 13), (44, 3), (40, 14), (40, 2), (41, 14), (42, 6), (37, 13)  …  (4, 13), (5, 2), (5, 7), (5, 9), (6, 11), (1, 1), (1, 6), (1, 3), (2, 1), (2, 15)]
And data, a 71-element Vector{Float64}:
 0.0
 0.0
 0.0
 0.788309010506023
 0.18588918313734806
 1.0
 0.16406545002755032
 0.0
 0.02750146259934895
 0.21169098949397713
 0.0
 1.0
 0.0
 0.0
 0.375
 0.0
 0.0
 0.0
 0.714012952265086
 0.0
 0.0
 0.0
 0.8359345499724496
 0.27210746238799777
 0.27295970160450084
 0.0
 0.28598704773491407
 0.0
 1.0
 0.0
 0.8136217022660516
 0.0
 0.0
 0.0
 0.0
 0.0
 0.0
 0.0
 0.18637829773394843
 0.0
 0.0
 0.0
 1.0
 0.0
 0.0
 0.7278925376120022
 0.0
 1.0
 0.0
 0.0
 0.0
 0.0
 0.0
 0.0
 0.0
 1.0
 0.0
 0.814110816862652
 0.0
 0.0
 0.0
 0.0
 0.0
 0.0
 1.0
 0.0
 0.0
 0.3245388357961502
 0.0
 0.0
 1.0
