
PROBLEM STATISTICS
  Objective sense = Min
  # Variables = 572
  # Bin-Int Variables = 0
  # Constraints = 621
  # NL Constraints = 261
  # Linear Constraints = 360
  # Detected convex constraints = 0
  # Detected nonlinear terms = 261
  # Variables involved in nonlinear terms = 124
  # Potential variables for partitioning = 124
SUB-SOLVERS USED BY ALPINE
  NLP local solver = Knitro
  MIP solver = Gurobi
ALPINE CONFIGURATION
  Maximum iterations (lower-bounding MIPs) =  1
  Relative global optimality gap = 0.01%
  Potential variables chosen for partitioning = All
  Discretization ratio = 10
  Bound-tightening presolve = false
PRESOLVE 
  Doing local search

Feasible solution found during presolve: [1.5741866169832248, 0.0, 0.0, 0.42581338301677535, 0.0, 0.0, 0.0, 0.0, 0.0, 0.0, 0.0, 0.0, 0.0, 0.0, 0.0, 0.0, 2.0, 0.0, 0.0, 0.9999999999999998, 0.0, 0.0, 0.0, 0.0, 0.0, 0.0, 0.0, 0.0, 0.0, 1.1468381958873557, 0.6881029175324133, 0.0, 0.0, 0.0, 0.0, 3.853161804112644, 2.311897082467586, 0.0, 0.0, 0.0, 0.0, 0.0, 0.0, 0.0, 1.0116384765847566, 0.0, 0.0, 0.0, 0.0, 0.0, 0.0, 0.0, 0.0, 0.0, 0.0, 0.0, 0.0, 0.0, 0.0, 2.0, 1.0, 0.0, 0.0, 0.0, 0.0, 0.0, 0.0, 0.0, 0.0, 0.0, 0.0, 0.04299546918457961, 0.12898640755373894, 0.0, 0.7499999999999998, 2.2500000000000004, 0.0, 0.5794283746803298, 1.7382851240409902, 0.0, 0.0, 0.0, 0.0, 0.0, 0.0, 0.0, 0.0, 0.0, 0.0, 0.0, 0.0, 0.0, 0.6275761561350899, 1.8827284684052707, 0.0, 0.0, 0.0, 0.0, 0.0, 0.0, 0.0, 0.438378367901649, 0.3934067687599465, 0.8230784815209437, 0.3563306880320959, 0.3197760538680725, 0.6690296399172924, 0.0, 0.0, 0.0, 0.0, 0.0, 0.0, 0.0, 0.0, 0.0, 0.0, 0.0, 4.058227564589985, 3.485077149648727, 0.0, 0.0, 0.0, 0.24569780321830847, 0.2109974825429801, 0.0, 0.0, 0.0, 0.0, 0.0, 0.0, 0.0, 0.0, 0.0, 0.0, 0.0, 0.0, 0.0, 0.0, 0.0, 0.0, 0.0, 0.0, 0.0, 0.0, 0.0, 0.0, 0.0, 0.0, 0.0, 0.0, 0.0, 0.0, 0.4548576675191198, 0.22742883375955988, 0.0, 0.0, 1.5451423324808802, 0.77257116624044, 0.0, 0.0, 0.0, 0.0, 0.0, 0.0, 0.0, 0.0, 0.0, 0.0, 0.0, 0.0, 0.0, 0.0, 1.3627324062815185, 0.0, 0.0, 0.0, 0.34498070249494495, 0.0, 0.0, 0.0, 0.0, 0.0, 0.0, 0.0, 0.0, 0.0, 0.0, 0.0, 0.0, 0.0, 0.0, 0.0, 0.0, 1.655019297505055, 1.0, 0.34498070249494506, 0.0, 0.0, 0.0, 0.0, 0.0, 0.0, 0.0, 0.0, 0.0, 1.4866199618422768, 0.7433099809211385, 0.0, 0.513380038157723, 0.2566900190788615, 0.0, 0.0, 0.0, 0.0, 0.0, 0.0, 0.0, 0.0, 0.0, 0.0, 0.0, 0.0, 0.0, 0.0, 0.550485576958538, 0.5187992728822711, 0.0, 0.0, 0.0, 0.0, 0.0, 0.0, 0.0, 0.0, 0.0, 0.0, 0.0, 0.0, 0.0, 0.0, 0.0, 0.0, 0.0, 0.0, 0.0, 0.0, 0.0, 0.0, 0.0, 0.0, 0.0, 0.0, 0.0, 0.0, 0.0, 0.0, 2.0, 2.6550192975050555, 0.0, 1.0, 0.0, 0.0, 0.0, 2.229929942763415, 1.8349411134197688, 1.069284849840809, 0.0, 0.0, 0.17198187673831855, 0.7700700572365846, 0.0, 3.0, 0.0, 0.0, 3.0, 0.0, 0.0, 0.0, 7.543304714238712, 0.0, 1.0116384765847566, 0.0, 3.0, 0.6822865012786797, 2.31771349872132, 0.0, 0.4566952857612886, 0.0, 1.7077131087764634, 0.0, 1.5741866169832248, 0.0, 0.0, 0.0, 0.0, 0.0, 0.0, 0.0, 0.42581338301677535, 0.0, 0.0, 0.0, 3.0, 0.0, 0.0, 2.31771349872132, 0.0, 1.6548636181825391, 0.0, 0.0, 0.0, 0.0, 0.0, 0.0, 0.0, 0.0, 0.0, 6.16505888658023, 0.0, 0.0, 0.0, 0.0, 0.0, 1.3451363818174606, 0.0, 0.0, 0.0, 2.510304624540361, 0.0, 0.0, 5.6550192975050555, 2.0, 2.6550192975050555, 0.0, 1.0, 0.550485576958538, 0.5187992728822711, 0.0, 0.0, 2.0, 1.0, 0.0, 1.655019297505055, 1.0, 0.34498070249494506, 1.3627324062815185, 0.0, 0.0, 0.0, 0.34498070249494495, 0.0, 0.0, 2.0, 1.0, 0.0, 0.0, 0.0, 4.303925367808294, 3.696074632191707, 0.0, 0.0, 0.794709055933745, 0.7131828226280187, 1.4921081214382361, 2.0, 6.0, 0.0, 2.0, 1.0, 0.0, 0.0, 0.0, 1.0116384765847566, 0.0, 0.0, 5.0, 2.9999999999999996, 2.0, 0.0, 0.0, 0.9999999999999998, 2.0, 0.0, 0.0, 0.0, 0.6372675937184816, 1.5609003185214172, 0.0, 0.0, 0.0, 1.449514423041462, 0.0, 0.0, 0.0, 0.0, 0.0, 0.0, 0.0, 0.0, 0.0, 0.0, 0.0, 0.23981828715260756, 0.0, 0.0, 0.0, 0.0, 0.0, 0.0, 0.0, 0.0, 2.0, 0.0, 0.0, 0.0, 0.0, 0.0, 0.0, 0.0, 0.0, 0.0, 0.0, 0.0, 0.0, 0.0, 0.0, 0.0, 0.4390996814785828, 0.0, 0.0, 0.0, 0.0, 0.0, 0.0, 0.0, 0.0, 0.0, 0.0, 0.0, 1.2922868912235363, 0.0, 1.1389962056447938, 0.2868171773719813, 2.0, 0.0, 0.0, 0.0, 0.0, 6.0, 0.0, 0.5570784265469128, 0.0, 0.0, 0.7601817128473924, 0.0, 0.0, 0.0, 0.0, 0.0, 0.0, 0.4812007271177289, 0.6535954564316402, 0.0, 0.0, 0.0, 0.0, 0.0, 0.0, 0.0, 0.0, 0.0, 0.0, 0.0, 0.0, 0.0, 1.3464045435683598, 0.0, 0.0, 0.0, 0.0, 0.0, 0.0, 0.0, 0.0, 0.0, 0.0, 0.0, 0.0, 0.0, 0.9280943241832104, 0.0, 0.0, 0.0, 0.0, 0.2771966198830447, 0.0, 0.0, 4.507891878561764, 0.0, 0.0, 0.0, 0.0, 0.0, 0.7433099809211384, 0.22936763917747113, 1.0, 0.0, 0.0, 0.02149773459228982, 0.2566900190788615, 0.0, 1.0, 0.0, 0.0, 0.37500000000000006, 0.0, 0.0, 0.0, 0.942913089279839, 0.0, 1.0, 0.0, 1.0, 0.2274288337595599, 0.289714187340165, 0.0, 0.057086910720161074, 0.0, 1.0, 1.0, 0.7870933084916124, 0.0, 0.0, 0.0, 0.0, 0.0, 0.0, 0.0, 0.21290669150838767, 0.0, 0.0, 0.0, 1.0, 0.0, 0.0, 0.7725711662404401, 0.0, 0.5516212060608464, 0.0, 0.0, 0.0, 0.0, 0.0, 0.0, 0.0, 0.0, 0.0, 0.7706323608225288, 0.0, 0.0, 0.0, 0.0, 0.0, 0.44837879393915353, 0.0, 0.0, 0.0, 0.3137880780675451, 0.0, 0.0, 1.0]  :with objective: -624.5479453441214

  Local solver returns a feasible point with value -624.5479
disc:  333  :[0.0, 1.8, 2.0]
disc:  334  :[0.0, 2.0550192975050554, 3.2550192975050556, 6.0]
disc:  335  :[0.0, 0.1, 1.0]
disc:  336  :[0.0, 0.9, 1.0]
disc:  337  :[0.0, 0.35048557695853794, 0.7504855769585379, 2.0]
disc:  338  :[0.0, 0.41879927288227115, 0.6187992728822711, 1.0]
disc:  339  :[0.0, 0.2, 2.0]
disc:  340  :[0.0, 0.2, 2.0]
disc:  341  :[0.0, 1.8, 2.0]
disc:  342  :[0.0, 0.9, 1.0]
disc:  343  :[0.0, 0.2, 2.0]
disc:  344  :[0.0, 1.455019297505055, 1.855019297505055, 2.0]
disc:  345  :[0.0, 0.9, 1.0]
disc:  346  :[0.0, 0.04498070249494507, 0.644980702494945, 3.0]
disc:  347  :[0.0, 1.1627324062815185, 1.5627324062815184, 2.0]
disc:  348  :[0.0, 0.6, 6.0]
disc:  349  :[0.0, 0.2, 2.0]
disc:  350  :[0.0, 0.1, 1.0]
disc:  351  :[0.0, 0.14498070249494494, 0.5449807024949449, 2.0]
disc:  352  :[0.0, 0.6, 6.0]
disc:  353  :[0.0, 0.1, 1.0]
disc:  354  :[0.0, 1.8, 2.0]
disc:  355  :[0.0, 0.9, 1.0]
disc:  356  :[0.0, 0.2, 2.0]
disc:  357  :[0.0, 0.1, 1.0]
disc:  358  :[0.0, 0.2, 2.0]
disc:  359  :[0.0, 3.7039253678082935, 4.903925367808293, 6.0]
disc:  360  :[0.0, 3.0960746321917068, 4.296074632191707, 6.0]
disc:  361  :[0.0, 0.2, 2.0]
disc:  362  :[0.0, 0.1, 1.0]
disc:  363  :[0.0, 0.5947090559337449, 0.994709055933745, 2.0]
disc:  364  :[0.0, 0.6131828226280187, 0.8131828226280187, 1.0]
disc:  365  :[0.0, 1.192108121438236, 1.7921081214382362, 3.0]
disc:  366  :[0.0, 1.8, 2.0]
disc:  367  :[0.0, 5.4, 6.0]
disc:  368  :[0.0, 0.2, 2.0]
disc:  369  :[0.0, 1.8, 2.0]
disc:  370  :[0.0, 0.9, 1.0]
disc:  371  :[0.0, 0.2, 2.0]
disc:  372  :[0.0, 0.2, 2.0]
disc:  373  :[0.0, 0.2, 2.0]
disc:  374  :[0.0, 0.4116384765847566, 1.6116384765847567, 6.0]
disc:  375  :[0.0, 0.2, 2.0]
disc:  376  :[0.0, 0.2, 2.0]
disc:  377  :[0.0, 4.4, 5.6, 6.0]
disc:  378  :[0.0, 2.3999999999999995, 3.5999999999999996, 6.0]
disc:  379  :[0.0, 1.8, 2.0]
disc:  380  :[0.0, 0.1, 1.0]
disc:  381  :[0.0, 0.3, 3.0]
disc:  382  :[0.0, 0.6999999999999997, 1.2999999999999998, 3.0]
disc:  383  :[0.0, 1.8, 2.0]
disc:  384  :[0.0, 0.6, 6.0]
disc:  385  :[0.0, 0.2, 2.0]
disc:  502  :[0.0, 0.1, 1.0]
disc:  503  :[0.0, 0.1, 1.0]
disc:  504  :[0.0, 0.1, 1.0]
disc:  505  :[0.0, 0.6433099809211384, 0.8433099809211384, 1.0]
disc:  506  :[0.0, 0.12936763917747113, 0.32936763917747114, 1.0]
disc:  507  :[0.0, 0.9, 1.0]
disc:  508  :[0.0, 0.1, 1.0]
disc:  509  :[0.0, 0.1, 1.0]
disc:  510  :[0.0, 0.12149773459228982, 1.0]
disc:  511  :[0.0, 0.15669001907886151, 0.35669001907886155, 1.0]
disc:  512  :[0.0, 0.1, 1.0]
disc:  513  :[0.0, 0.9, 1.0]
disc:  514  :[0.0, 0.1, 1.0]
disc:  515  :[0.0, 0.1, 1.0]
disc:  516  :[0.0, 0.275, 0.4750000000000001, 1.0]
disc:  517  :[0.0, 0.1, 1.0]
disc:  518  :[0.0, 0.1, 1.0]
disc:  519  :[0.0, 0.1, 1.0]
disc:  520  :[0.0, 0.842913089279839, 1.0]
disc:  521  :[0.0, 0.1, 1.0]
disc:  522  :[0.0, 0.9, 1.0]
disc:  523  :[0.0, 0.1, 1.0]
disc:  524  :[0.0, 0.9, 1.0]
disc:  525  :[0.0, 0.1274288337595599, 0.3274288337595599, 1.0]
disc:  526  :[0.0, 0.189714187340165, 0.38971418734016505, 1.0]
disc:  527  :[0.0, 0.1, 1.0]
disc:  528  :[0.0, 0.15708691072016107, 1.0]
disc:  529  :[0.0, 0.1, 1.0]
disc:  530  :[0.0, 0.9, 1.0]
disc:  531  :[0.0, 0.9, 1.0]
disc:  532  :[0.0, 0.6870933084916124, 0.8870933084916124, 1.0]
disc:  533  :[0.0, 0.1, 1.0]
disc:  534  :[0.0, 0.1, 1.0]
disc:  535  :[0.0, 0.1, 1.0]
disc:  536  :[0.0, 0.1, 1.0]
disc:  537  :[0.0, 0.1, 1.0]
disc:  538  :[0.0, 0.1, 1.0]
disc:  539  :[0.0, 0.1, 1.0]
disc:  540  :[0.0, 0.11290669150838767, 0.3129066915083877, 1.0]
disc:  541  :[0.0, 0.1, 1.0]
disc:  542  :[0.0, 0.1, 1.0]
disc:  543  :[0.0, 0.1, 1.0]
disc:  544  :[0.0, 0.9, 1.0]
disc:  545  :[0.0, 0.1, 1.0]
disc:  546  :[0.0, 0.1, 1.0]
disc:  547  :[0.0, 0.6725711662404401, 0.8725711662404401, 1.0]
disc:  548  :[0.0, 0.1, 1.0]
disc:  549  :[0.0, 0.45162120606084644, 0.6516212060608464, 1.0]
disc:  550  :[0.0, 0.1, 1.0]
disc:  551  :[0.0, 0.1, 1.0]
disc:  552  :[0.0, 0.1, 1.0]
disc:  553  :[0.0, 0.1, 1.0]
disc:  554  :[0.0, 0.1, 1.0]
disc:  555  :[0.0, 0.1, 1.0]
disc:  556  :[0.0, 0.1, 1.0]
disc:  557  :[0.0, 0.1, 1.0]
disc:  558  :[0.0, 0.1, 1.0]
disc:  559  :[0.0, 0.6706323608225289, 0.8706323608225288, 1.0]
disc:  560  :[0.0, 0.1, 1.0]
disc:  561  :[0.0, 0.1, 1.0]
disc:  562  :[0.0, 0.1, 1.0]
disc:  563  :[0.0, 0.1, 1.0]
disc:  564  :[0.0, 0.1, 1.0]
disc:  565  :[0.0, 0.3483787939391535, 0.5483787939391536, 1.0]
disc:  566  :[0.0, 0.1, 1.0]
disc:  567  :[0.0, 0.1, 1.0]
disc:  568  :[0.0, 0.1, 1.0]
disc:  569  :[0.0, 0.2137880780675451, 0.41378807806754514, 1.0]
disc:  570  :[0.0, 0.1, 1.0]
disc:  571  :[0.0, 0.1, 1.0]
disc:  572  :[0.0, 0.9, 1.0]
  Completed presolve in 8.45s
LOWER-BOUNDING ITERATIONS
====================================================================================================
| Iter   | Incumbent       | Best Incumbent      | Lower Bound        | Gap (%)         | Time      
| finish | -624.5479       | -624.5479           | -630.864           | 1.011           | 18.47s           
Final UBD: -624.5479453441214
Final LBD: -630.8640377697318
====================================================================================================

*** Alpine ended with status OTHER_LIMIT ***

 Total time for local solves: 6.27s

 Total time for solving max-min problems: 0.0s

 Total time excluding max-min time: 18.47s

presolve objective value: -624.5479453441214
w_opt: 1-dimensional DenseAxisArray{Float64,1,...} with index sets:
    Dimension 1, [(25, 1, 2), (25, 1, 1), (25, 1, 14), (20, 1, 2), (20, 1, 1), (20, 1, 14), (1, 1, 2), (1, 1, 1), (1, 1, 14), (2, 1, 2)  …  (20, 15, 23), (20, 15, 3), (8, 15, 30), (8, 15, 29), (8, 15, 23), (8, 15, 3), (2, 15, 30), (2, 15, 29), (2, 15, 23), (2, 15, 3)]
And data, a 261-element Vector{Float64}:
 1.5741866169832248
 0.0
 0.0
 0.42581338301677535
 0.0
 0.0
 0.0
 0.0
 0.0
 0.0
 0.0
 0.0
 0.0
 0.0
 0.0
 0.0
 2.0
 0.0
 0.0
 0.9999999999999998
 0.0
 0.0
 0.0
 0.0
 0.0
 0.0
 0.0
 0.0
 0.0
 1.1468381958873557
 0.6881029175324133
 0.0
 0.0
 0.0
 0.0
 3.853161804112644
 2.311897082467586
 0.0
 0.0
 0.0
 0.0
 0.0
 0.0
 0.0
 1.0116384765847566
 0.0
 0.0
 0.0
 0.0
 0.0
 0.0
 0.0
 0.0
 0.0
 0.0
 0.0
 0.0
 0.0
 0.0
 2.0
 1.0
 0.0
 0.0
 0.0
 0.0
 0.0
 0.0
 0.0
 0.0
 0.0
 0.0
 0.04299546918457961
 0.12898640755373894
 0.0
 0.7499999999999998
 2.2500000000000004
 0.0
 0.5794283746803298
 1.7382851240409902
 0.0
 0.0
 0.0
 0.0
 0.0
 0.0
 0.0
 0.0
 0.0
 0.0
 0.0
 0.0
 0.0
 0.6275761561350899
 1.8827284684052707
 0.0
 0.0
 0.0
 0.0
 0.0
 0.0
 0.0
 0.438378367901649
 0.3934067687599465
 0.8230784815209437
 0.3563306880320959
 0.3197760538680725
 0.6690296399172924
 0.0
 0.0
 0.0
 0.0
 0.0
 0.0
 0.0
 0.0
 0.0
 0.0
 0.0
 4.058227564589985
 3.485077149648727
 0.0
 0.0
 0.0
 0.24569780321830847
 0.2109974825429801
 0.0
 0.0
 0.0
 0.0
 0.0
 0.0
 0.0
 0.0
 0.0
 0.0
 0.0
 0.0
 0.0
 0.0
 0.0
 0.0
 0.0
 0.0
 0.0
 0.0
 0.0
 0.0
 0.0
 0.0
 0.0
 0.0
 0.0
 0.0
 0.4548576675191198
 0.22742883375955988
 0.0
 0.0
 1.5451423324808802
 0.77257116624044
 0.0
 0.0
 0.0
 0.0
 0.0
 0.0
 0.0
 0.0
 0.0
 0.0
 0.0
 0.0
 0.0
 0.0
 1.3627324062815185
 0.0
 0.0
 0.0
 0.34498070249494495
 0.0
 0.0
 0.0
 0.0
 0.0
 0.0
 0.0
 0.0
 0.0
 0.0
 0.0
 0.0
 0.0
 0.0
 0.0
 0.0
 1.655019297505055
 1.0
 0.34498070249494506
 0.0
 0.0
 0.0
 0.0
 0.0
 0.0
 0.0
 0.0
 0.0
 1.4866199618422768
 0.7433099809211385
 0.0
 0.513380038157723
 0.2566900190788615
 0.0
 0.0
 0.0
 0.0
 0.0
 0.0
 0.0
 0.0
 0.0
 0.0
 0.0
 0.0
 0.0
 0.0
 0.550485576958538
 0.5187992728822711
 0.0
 0.0
 0.0
 0.0
 0.0
 0.0
 0.0
 0.0
 0.0
 0.0
 0.0
 0.0
 0.0
 0.0
 0.0
 0.0
 0.0
 0.0
 0.0
 0.0
 0.0
 0.0
 0.0
 0.0
 0.0
 0.0
 0.0
 0.0
 0.0
 0.0
 2.0
 2.6550192975050555
 0.0
 1.0
x_ij_opt: 1-dimensional DenseAxisArray{Float64,1,...} with index sets:
    Dimension 1, [(43, 30), (43, 22), (43, 6), (44, 22), (45, 30), (45, 29), (45, 28), (45, 24), (45, 23), (40, 29)  …  (5, 7), (5, 14), (6, 4), (6, 3), (1, 14), (1, 10), (1, 23), (1, 1), (3, 2), (3, 1)]
And data, a 116-element Vector{Float64}:
 0.0
 0.6372675937184816
 1.5609003185214172
 0.0
 0.0
 0.0
 1.449514423041462
 0.0
 0.0
 0.0
 0.0
 0.0
 0.0
 0.0
 0.0
 0.0
 0.0
 0.0
 0.23981828715260756
 0.0
 0.0
 0.0
 0.0
 0.0
 0.0
 0.0
 0.0
 2.0
 0.0
 0.0
 0.0
 0.0
 0.0
 0.0
 0.0
 0.0
 0.0
 0.0
 0.0
 0.0
 0.0
 0.0
 0.0
 0.4390996814785828
 0.0
 0.0
 0.0
 0.0
 0.0
 0.0
 0.0
 0.0
 0.0
 0.0
 0.0
 1.2922868912235363
 0.0
 1.1389962056447938
 0.2868171773719813
 2.0
 0.0
 0.0
 0.0
 0.0
 6.0
 0.0
 0.5570784265469128
 0.0
 0.0
 0.7601817128473924
 0.0
 0.0
 0.0
 0.0
 0.0
 0.0
 0.4812007271177289
 0.6535954564316402
 0.0
 0.0
 0.0
 0.0
 0.0
 0.0
 0.0
 0.0
 0.0
 0.0
 0.0
 0.0
 0.0
 1.3464045435683598
 0.0
 0.0
 0.0
 0.0
 0.0
 0.0
 0.0
 0.0
 0.0
 0.0
 0.0
 0.0
 0.0
 0.9280943241832104
 0.0
 0.0
 0.0
 0.0
 0.2771966198830447
 0.0
 0.0
 4.507891878561764
 0.0
 0.0
x_il_opt: 1-dimensional DenseAxisArray{Float64,1,...} with index sets:
    Dimension 1, [(43, 15), (43, 14), (44, 15), (44, 13), (44, 3), (40, 14), (40, 2), (41, 14), (42, 6), (37, 13)  …  (4, 13), (5, 2), (5, 7), (5, 9), (6, 11), (1, 1), (1, 6), (1, 3), (2, 1), (2, 15)]
And data, a 71-element Vector{Float64}:
 0.0
 0.0
 0.0
 2.229929942763415
 1.8349411134197688
 1.069284849840809
 0.0
 0.0
 0.17198187673831855
 0.7700700572365846
 0.0
 3.0
 0.0
 0.0
 3.0
 0.0
 0.0
 0.0
 7.543304714238712
 0.0
 1.0116384765847566
 0.0
 3.0
 0.6822865012786797
 2.31771349872132
 0.0
 0.4566952857612886
 0.0
 1.7077131087764634
 0.0
 1.5741866169832248
 0.0
 0.0
 0.0
 0.0
 0.0
 0.0
 0.0
 0.42581338301677535
 0.0
 0.0
 0.0
 3.0
 0.0
 0.0
 2.31771349872132
 0.0
 1.6548636181825391
 0.0
 0.0
 0.0
 0.0
 0.0
 0.0
 0.0
 0.0
 0.0
 6.16505888658023
 0.0
 0.0
 0.0
 0.0
 0.0
 1.3451363818174606
 0.0
 0.0
 0.0
 2.510304624540361
 0.0
 0.0
 5.6550192975050555
x_lj_opt: 1-dimensional DenseAxisArray{Float64,1,...} with index sets:
    Dimension 1, [(15, 30), (15, 29), (15, 23), (15, 3), (14, 28), (14, 27), (14, 10), (14, 24), (13, 26), (13, 25)  …  (3, 6), (3, 5), (3, 29), (2, 4), (2, 3), (2, 1), (2, 5), (1, 2), (1, 1), (1, 14)]
And data, a 53-element Vector{Float64}:
 2.0
 2.6550192975050555
 0.0
 1.0
 0.550485576958538
 0.5187992728822711
 0.0
 0.0
 2.0
 1.0
 0.0
 1.655019297505055
 1.0
 0.34498070249494506
 1.3627324062815185
 0.0
 0.0
 0.0
 0.34498070249494495
 0.0
 0.0
 2.0
 1.0
 0.0
 0.0
 0.0
 4.303925367808294
 3.696074632191707
 0.0
 0.0
 0.794709055933745
 0.7131828226280187
 1.4921081214382361
 2.0
 6.0
 0.0
 2.0
 1.0
 0.0
 0.0
 0.0
 1.0116384765847566
 0.0
 0.0
 5.0
 2.9999999999999996
 2.0
 0.0
 0.0
 0.9999999999999998
 2.0
 0.0
 0.0
q_opt: 1-dimensional DenseAxisArray{Float64,1,...} with index sets:
    Dimension 1, [(43, 15), (43, 14), (44, 15), (44, 13), (44, 3), (40, 14), (40, 2), (41, 14), (42, 6), (37, 13)  …  (4, 13), (5, 2), (5, 7), (5, 9), (6, 11), (1, 1), (1, 6), (1, 3), (2, 1), (2, 15)]
And data, a 71-element Vector{Float64}:
 0.0
 0.0
 0.0
 0.7433099809211384
 0.22936763917747113
 1.0
 0.0
 0.0
 0.02149773459228982
 0.2566900190788615
 0.0
 1.0
 0.0
 0.0
 0.37500000000000006
 0.0
 0.0
 0.0
 0.942913089279839
 0.0
 1.0
 0.0
 1.0
 0.2274288337595599
 0.289714187340165
 0.0
 0.057086910720161074
 0.0
 1.0
 1.0
 0.7870933084916124
 0.0
 0.0
 0.0
 0.0
 0.0
 0.0
 0.0
 0.21290669150838767
 0.0
 0.0
 0.0
 1.0
 0.0
 0.0
 0.7725711662404401
 0.0
 0.5516212060608464
 0.0
 0.0
 0.0
 0.0
 0.0
 0.0
 0.0
 0.0
 0.0
 0.7706323608225288
 0.0
 0.0
 0.0
 0.0
 0.0
 0.44837879393915353
 0.0
 0.0
 0.0
 0.3137880780675451
 0.0
 0.0
 1.0
