
PROBLEM STATISTICS
  Objective sense = Min
  # Variables = 572
  # Bin-Int Variables = 0
  # Constraints = 621
  # NL Constraints = 261
  # Linear Constraints = 360
  # Detected convex constraints = 0
  # Detected nonlinear terms = 261
  # Variables involved in nonlinear terms = 124
  # Potential variables for partitioning = 124
SUB-SOLVERS USED BY ALPINE
  NLP local solver = Knitro
  MIP solver = Gurobi
ALPINE CONFIGURATION
  Maximum iterations (lower-bounding MIPs) =  1
  Relative global optimality gap = 0.01%
  Potential variables chosen for partitioning = All
  Discretization ratio = 10
  Bound-tightening presolve = false
PRESOLVE 
  Doing local search

Feasible solution found during presolve: [1.192504693692658, 0.0, 0.0, 0.8074953063073421, 0.0, 0.0, 0.0, 0.0, 0.0, 0.0, 0.0, 0.0, 0.0, 0.0, 0.0, 0.0, 2.0, 0.0, 0.0, 0.9999999999999998, 0.0, 0.0, 0.0, 0.0, 0.0, 0.0, 0.0, 0.0, 0.0, 1.280989696943822, 0.7685938181662932, 0.0, 0.0, 0.0, 0.0, 3.719010303056178, 2.231406181833707, 0.0, 0.0, 0.0, 0.0, 0.0, 0.0, 0.0, 0.0, 0.0, 0.0, 0.0, 0.0, 0.0, 0.0, 0.0, 0.0, 0.0, 0.0, 0.0, 0.0, 0.0, 0.0, 2.0, 1.0, 0.0, 0.0, 0.0, 0.0, 0.0, 0.0, 0.0, 0.0, 0.0, 0.0, 0.0705138224569825, 0.2115414673709475, 0.0, 0.7499999999999999, 2.25, 0.0, 0.5247173407600507, 1.5741520222801517, 0.0, 0.0, 0.0, 0.0, 0.0, 0.0, 0.0, 0.0, 0.0, 0.0, 0.0, 0.0, 0.0, 0.654768836782967, 1.9643065103489001, 0.0, 0.0, 0.0, 0.0, 0.0, 0.0, 0.0, 1.2625874452906352, 0.9067915997364642, 0.6817205997539522, 0.06593937165363356, 0.04735772443361483, 0.03560325913170019, 0.0, 0.0, 0.0, 0.0, 0.0, 0.0, 0.0, 0.0, 0.0, 0.0, 0.0, 2.9278863134765203, 3.9764960348375715, 0.0, 0.0, 0.0, 0.46460983261706845, 0.6310078190688385, 0.0, 0.0, 0.0, 0.0, 0.0, 0.0, 0.0, 0.0, 0.0, 0.0, 0.0, 0.0, 0.0, 0.0, 0.0, 0.0, 0.0, 0.0, 0.0, 0.0, 0.0, 0.0, 0.0, 0.0, 0.0, 0.0, 0.15954060765001576, 0.0, 0.6007537579731984, 0.3003768789865992, 0.0, 0.0, 1.3992462420268017, 0.6996231210134009, 0.0, 0.0, 0.0, 0.0, 0.0, 0.0, 0.0, 0.0, 0.0, 0.0, 0.0, 0.0, 0.0, 0.0, 1.6783775817673086, 0.0, 0.0, 0.0, 0.5728163716948579, 0.0, 0.0, 0.0, 0.0, 0.0, 0.0, 0.0, 0.0, 0.0, 0.0, 0.0, 0.0, 0.0, 0.0, 0.0, 0.0, 1.427183628305142, 0.9017514882462159, 0.6710648834486422, 0.0, 0.0, 0.0, 0.0, 0.0, 0.0, 0.0, 0.0, 0.0, 1.4198010640209517, 0.7099005320104759, 0.0, 0.5801989359790485, 0.29009946798952424, 0.0, 0.0, 0.0, 0.0, 0.0, 0.0, 0.0, 0.0, 0.0, 0.0, 0.0, 0.0, 0.0, 0.0, 0.18677507384972597, 0.5775487161339183, 0.0, 0.0, 0.0, 0.0, 0.0, 0.0, 0.0, 0.0, 0.0, 0.0, 0.0, 0.0, 0.0, 0.0, 0.0, 0.0, 0.0, 0.0, 0.0, 0.0, 0.0, 0.0, 0.0, 0.0, 0.0, 0.0, 0.0, 0.0, 0.0, 0.0, 2.0, 2.328935116551357, 0.0, 1.0, 0.0, 0.0, 0.0, 2.1297015960314276, 2.049583515110115, 0.7643237899836444, 0.0, 0.0, 0.28205528982793, 0.8702984039685727, 0.0, 3.0, 0.0, 0.0, 3.0, 0.0, 0.0, 0.0, 6.904382348314092, 0.0, 0.0, 0.0, 3.0, 0.9011306369597974, 2.0988693630402024, 0.0, 1.095617651685907, 0.0, 2.2511939534621663, 0.0, 1.192504693692658, 0.0, 0.0, 0.0, 0.0, 0.0, 0.0, 0.0, 0.8074953063073421, 0.0, 0.0, 0.0, 3.0, 0.0, 0.0, 2.0988693630402024, 0.0, 2.8510996447810513, 0.0, 0.0, 0.0, 0.0, 0.0, 0.0, 0.0, 0.0, 0.0, 5.950416484889884, 0.0, 0.0, 0.0, 0.0, 0.0, 0.14890035521894857, 0.15954060765001576, 0.0, 0.0, 2.6190753471318673, 0.0, 0.0, 5.3289351165513565, 2.0, 2.328935116551357, 0.0, 1.0, 0.18677507384972597, 0.5775487161339183, 0.0, 0.0, 2.0, 1.0, 0.0, 1.427183628305142, 0.9017514882462159, 0.6710648834486422, 1.6783775817673086, 0.0, 0.0, 0.0, 0.5728163716948579, 0.0, 0.0, 2.0, 1.0, 0.15954060765001576, 0.0, 0.0, 3.3924961460935887, 4.607503853906411, 0.0, 0.0, 1.3285268169442688, 0.954149324170079, 0.7173238588856523, 2.0, 6.0, 0.0, 2.0, 1.0, 0.0, 0.0, 0.0, 0.0, 0.0, 0.0, 5.0, 3.0000000000000004, 2.0, 0.0, 0.0, 0.9999999999999998, 2.0, 0.0, 0.0, 0.0, 0.32162241823269144, 1.291916090811626, 0.0, 0.0, 0.0, 1.813224926150274, 0.0, 0.0, 0.0, 0.0, 0.0, 0.0, 0.0, 0.0, 0.0, 0.0, 0.0, 0.25810575261007274, 0.0, 0.0, 0.0, 0.0, 0.0, 0.0, 0.0, 0.0, 2.0, 0.0, 0.0, 0.0, 0.0, 0.0, 0.0, 0.0, 0.0, 0.0, 0.0, 0.0, 0.0, 0.0, 0.0, 0.0, 0.708083909188374, 0.0, 0.0, 0.0, 0.0, 0.0, 0.0, 0.0, 0.0, 0.0, 0.0, 0.0, 0.7488060465378338, 0.0, 1.761644630477421, 0.04585067582992101, 1.8404593923499843, 0.0, 0.0, 0.0, 0.0, 6.0, 0.0, 0.8458592234289894, 0.0, 0.0, 0.7418942473899274, 0.0, 0.0, 0.0, 0.0, 0.0, 0.0, 0.42245128386608166, 0.983072324694847, 0.0, 0.0, 0.0, 0.0, 0.0, 0.0, 0.0, 0.0, 0.0, 0.0, 0.0, 0.0, 0.0, 1.016927675305153, 0.0, 0.0, 0.0, 0.0, 0.0, 0.0, 0.0, 0.0, 0.0, 0.0, 0.0, 0.0, 0.0, 0.6714731830557314, 0.0, 0.0, 0.0, 0.0, 0.0, 0.0, 0.09824851175378414, 5.282676141114347, 0.0, 0.0, 0.0, 0.0, 0.0, 0.7099005320104759, 0.2561979393887644, 1.0, 0.0, 0.0, 0.03525691122849125, 0.29009946798952424, 0.0, 1.0, 0.0, 0.0, 0.375, 0.0, 0.0, 0.0, 0.8630477935392615, 0.0, 0.0, 0.0, 1.0, 0.3003768789865992, 0.2623586703800253, 0.0, 0.13695220646073838, 0.0, 1.0, 0.0, 0.596252346846329, 0.0, 0.0, 0.0, 0.0, 0.0, 0.0, 0.0, 0.40374765315367106, 0.0, 0.0, 0.0, 1.0, 0.0, 0.0, 0.6996231210134009, 0.0, 0.9503665482603505, 0.0, 0.0, 0.0, 0.0, 0.0, 0.0, 0.0, 1.0, 0.0, 0.7438020606112355, 0.0, 0.0, 0.0, 0.0, 0.0, 0.049633451739649524, 1.0, 0.0, 0.0, 0.3273844183914834, 0.0, 0.0, 1.0]  :with objective: -629.1258632721392

  Local solver returns a feasible point with value -629.1259
disc:  333  :[0.0, 1.8, 2.0]
disc:  334  :[0.0, 1.728935116551357, 2.928935116551357, 6.0]
disc:  335  :[0.0, 0.1, 1.0]
disc:  336  :[0.0, 0.9, 1.0]
disc:  337  :[0.0, 0.386775073849726, 2.0]
disc:  338  :[0.0, 0.47754871613391836, 0.6775487161339183, 1.0]
disc:  339  :[0.0, 0.2, 2.0]
disc:  340  :[0.0, 0.2, 2.0]
disc:  341  :[0.0, 1.8, 2.0]
disc:  342  :[0.0, 0.9, 1.0]
disc:  343  :[0.0, 0.2, 2.0]
disc:  344  :[0.0, 1.227183628305142, 1.627183628305142, 2.0]
disc:  345  :[0.0, 0.8017514882462159, 1.0]
disc:  346  :[0.0, 0.37106488344864225, 0.9710648834486422, 3.0]
disc:  347  :[0.0, 1.4783775817673086, 1.8783775817673085, 2.0]
disc:  348  :[0.0, 0.6, 6.0]
disc:  349  :[0.0, 0.2, 2.0]
disc:  350  :[0.0, 0.1, 1.0]
disc:  351  :[0.0, 0.3728163716948579, 0.772816371694858, 2.0]
disc:  352  :[0.0, 0.6, 6.0]
disc:  353  :[0.0, 0.1, 1.0]
disc:  354  :[0.0, 1.8, 2.0]
disc:  355  :[0.0, 0.9, 1.0]
disc:  356  :[0.0, 0.3595406076500158, 2.0]
disc:  357  :[0.0, 0.1, 1.0]
disc:  358  :[0.0, 0.2, 2.0]
disc:  359  :[0.0, 2.7924961460935886, 3.992496146093589, 6.0]
disc:  360  :[0.0, 4.007503853906411, 5.2075038539064105, 6.0]
disc:  361  :[0.0, 0.2, 2.0]
disc:  362  :[0.0, 0.1, 1.0]
disc:  363  :[0.0, 1.1285268169442688, 1.5285268169442687, 2.0]
disc:  364  :[0.0, 0.854149324170079, 1.0]
disc:  365  :[0.0, 0.4173238588856523, 1.0173238588856524, 3.0]
disc:  366  :[0.0, 1.8, 2.0]
disc:  367  :[0.0, 5.4, 6.0]
disc:  368  :[0.0, 0.2, 2.0]
disc:  369  :[0.0, 1.8, 2.0]
disc:  370  :[0.0, 0.9, 1.0]
disc:  371  :[0.0, 0.2, 2.0]
disc:  372  :[0.0, 0.2, 2.0]
disc:  373  :[0.0, 0.2, 2.0]
disc:  374  :[0.0, 0.6, 6.0]
disc:  375  :[0.0, 0.2, 2.0]
disc:  376  :[0.0, 0.2, 2.0]
disc:  377  :[0.0, 4.4, 5.6, 6.0]
disc:  378  :[0.0, 2.4000000000000004, 3.6000000000000005, 6.0]
disc:  379  :[0.0, 1.8, 2.0]
disc:  380  :[0.0, 0.1, 1.0]
disc:  381  :[0.0, 0.3, 3.0]
disc:  382  :[0.0, 0.6999999999999997, 1.2999999999999998, 3.0]
disc:  383  :[0.0, 1.8, 2.0]
disc:  384  :[0.0, 0.6, 6.0]
disc:  385  :[0.0, 0.2, 2.0]
disc:  502  :[0.0, 0.1, 1.0]
disc:  503  :[0.0, 0.1, 1.0]
disc:  504  :[0.0, 0.1, 1.0]
disc:  505  :[0.0, 0.6099005320104759, 0.8099005320104758, 1.0]
disc:  506  :[0.0, 0.1561979393887644, 0.35619793938876443, 1.0]
disc:  507  :[0.0, 0.9, 1.0]
disc:  508  :[0.0, 0.1, 1.0]
disc:  509  :[0.0, 0.1, 1.0]
disc:  510  :[0.0, 0.13525691122849126, 1.0]
disc:  511  :[0.0, 0.19009946798952423, 0.3900994679895242, 1.0]
disc:  512  :[0.0, 0.1, 1.0]
disc:  513  :[0.0, 0.9, 1.0]
disc:  514  :[0.0, 0.1, 1.0]
disc:  515  :[0.0, 0.1, 1.0]
disc:  516  :[0.0, 0.275, 0.475, 1.0]
disc:  517  :[0.0, 0.1, 1.0]
disc:  518  :[0.0, 0.1, 1.0]
disc:  519  :[0.0, 0.1, 1.0]
disc:  520  :[0.0, 0.7630477935392616, 0.9630477935392615, 1.0]
disc:  521  :[0.0, 0.1, 1.0]
disc:  522  :[0.0, 0.1, 1.0]
disc:  523  :[0.0, 0.1, 1.0]
disc:  524  :[0.0, 0.9, 1.0]
disc:  525  :[0.0, 0.2003768789865992, 0.40037687898659924, 1.0]
disc:  526  :[0.0, 0.1623586703800253, 0.36235867038002534, 1.0]
disc:  527  :[0.0, 0.1, 1.0]
disc:  528  :[0.0, 0.03695220646073838, 0.2369522064607384, 1.0]
disc:  529  :[0.0, 0.1, 1.0]
disc:  530  :[0.0, 0.9, 1.0]
disc:  531  :[0.0, 0.1, 1.0]
disc:  532  :[0.0, 0.496252346846329, 0.696252346846329, 1.0]
disc:  533  :[0.0, 0.1, 1.0]
disc:  534  :[0.0, 0.1, 1.0]
disc:  535  :[0.0, 0.1, 1.0]
disc:  536  :[0.0, 0.1, 1.0]
disc:  537  :[0.0, 0.1, 1.0]
disc:  538  :[0.0, 0.1, 1.0]
disc:  539  :[0.0, 0.1, 1.0]
disc:  540  :[0.0, 0.303747653153671, 0.5037476531536711, 1.0]
disc:  541  :[0.0, 0.1, 1.0]
disc:  542  :[0.0, 0.1, 1.0]
disc:  543  :[0.0, 0.1, 1.0]
disc:  544  :[0.0, 0.9, 1.0]
disc:  545  :[0.0, 0.1, 1.0]
disc:  546  :[0.0, 0.1, 1.0]
disc:  547  :[0.0, 0.5996231210134009, 0.7996231210134008, 1.0]
disc:  548  :[0.0, 0.1, 1.0]
disc:  549  :[0.0, 0.8503665482603505, 1.0]
disc:  550  :[0.0, 0.1, 1.0]
disc:  551  :[0.0, 0.1, 1.0]
disc:  552  :[0.0, 0.1, 1.0]
disc:  553  :[0.0, 0.1, 1.0]
disc:  554  :[0.0, 0.1, 1.0]
disc:  555  :[0.0, 0.1, 1.0]
disc:  556  :[0.0, 0.1, 1.0]
disc:  557  :[0.0, 0.9, 1.0]
disc:  558  :[0.0, 0.1, 1.0]
disc:  559  :[0.0, 0.6438020606112356, 0.8438020606112355, 1.0]
disc:  560  :[0.0, 0.1, 1.0]
disc:  561  :[0.0, 0.1, 1.0]
disc:  562  :[0.0, 0.1, 1.0]
disc:  563  :[0.0, 0.1, 1.0]
disc:  564  :[0.0, 0.1, 1.0]
disc:  565  :[0.0, 0.14963345173964954, 1.0]
disc:  566  :[0.0, 0.9, 1.0]
disc:  567  :[0.0, 0.1, 1.0]
disc:  568  :[0.0, 0.1, 1.0]
disc:  569  :[0.0, 0.2273844183914834, 0.42738441839148344, 1.0]
disc:  570  :[0.0, 0.1, 1.0]
disc:  571  :[0.0, 0.1, 1.0]
disc:  572  :[0.0, 0.9, 1.0]
  Completed presolve in 9.57s
LOWER-BOUNDING ITERATIONS
====================================================================================================
| Iter   | Incumbent       | Best Incumbent      | Lower Bound        | Gap (%)         | Time      
| finish | -629.1259       | -629.1259           | -633.971           | 0.77            | 17.8s            
Final UBD: -629.1258632721392
Final LBD: -633.9709648378928
====================================================================================================

*** Alpine ended with status OTHER_LIMIT ***

 Total time for local solves: 7.22s

 Total time for solving max-min problems: 0.0s

 Total time excluding max-min time: 17.8s

presolve objective value: -629.1258632721392
w_opt: 1-dimensional DenseAxisArray{Float64,1,...} with index sets:
    Dimension 1, [(25, 1, 2), (25, 1, 1), (25, 1, 14), (20, 1, 2), (20, 1, 1), (20, 1, 14), (1, 1, 2), (1, 1, 1), (1, 1, 14), (2, 1, 2)  …  (20, 15, 23), (20, 15, 3), (8, 15, 30), (8, 15, 29), (8, 15, 23), (8, 15, 3), (2, 15, 30), (2, 15, 29), (2, 15, 23), (2, 15, 3)]
And data, a 261-element Vector{Float64}:
 1.192504693692658
 0.0
 0.0
 0.8074953063073421
 0.0
 0.0
 0.0
 0.0
 0.0
 0.0
 0.0
 0.0
 0.0
 0.0
 0.0
 0.0
 2.0
 0.0
 0.0
 0.9999999999999998
 0.0
 0.0
 0.0
 0.0
 0.0
 0.0
 0.0
 0.0
 0.0
 1.280989696943822
 0.7685938181662932
 0.0
 0.0
 0.0
 0.0
 3.719010303056178
 2.231406181833707
 0.0
 0.0
 0.0
 0.0
 0.0
 0.0
 0.0
 0.0
 0.0
 0.0
 0.0
 0.0
 0.0
 0.0
 0.0
 0.0
 0.0
 0.0
 0.0
 0.0
 0.0
 0.0
 2.0
 1.0
 0.0
 0.0
 0.0
 0.0
 0.0
 0.0
 0.0
 0.0
 0.0
 0.0
 0.0705138224569825
 0.2115414673709475
 0.0
 0.7499999999999999
 2.25
 0.0
 0.5247173407600507
 1.5741520222801517
 0.0
 0.0
 0.0
 0.0
 0.0
 0.0
 0.0
 0.0
 0.0
 0.0
 0.0
 0.0
 0.0
 0.654768836782967
 1.9643065103489001
 0.0
 0.0
 0.0
 0.0
 0.0
 0.0
 0.0
 1.2625874452906352
 0.9067915997364642
 0.6817205997539522
 0.06593937165363356
 0.04735772443361483
 0.03560325913170019
 0.0
 0.0
 0.0
 0.0
 0.0
 0.0
 0.0
 0.0
 0.0
 0.0
 0.0
 2.9278863134765203
 3.9764960348375715
 0.0
 0.0
 0.0
 0.46460983261706845
 0.6310078190688385
 0.0
 0.0
 0.0
 0.0
 0.0
 0.0
 0.0
 0.0
 0.0
 0.0
 0.0
 0.0
 0.0
 0.0
 0.0
 0.0
 0.0
 0.0
 0.0
 0.0
 0.0
 0.0
 0.0
 0.0
 0.0
 0.0
 0.15954060765001576
 0.0
 0.6007537579731984
 0.3003768789865992
 0.0
 0.0
 1.3992462420268017
 0.6996231210134009
 0.0
 0.0
 0.0
 0.0
 0.0
 0.0
 0.0
 0.0
 0.0
 0.0
 0.0
 0.0
 0.0
 0.0
 1.6783775817673086
 0.0
 0.0
 0.0
 0.5728163716948579
 0.0
 0.0
 0.0
 0.0
 0.0
 0.0
 0.0
 0.0
 0.0
 0.0
 0.0
 0.0
 0.0
 0.0
 0.0
 0.0
 1.427183628305142
 0.9017514882462159
 0.6710648834486422
 0.0
 0.0
 0.0
 0.0
 0.0
 0.0
 0.0
 0.0
 0.0
 1.4198010640209517
 0.7099005320104759
 0.0
 0.5801989359790485
 0.29009946798952424
 0.0
 0.0
 0.0
 0.0
 0.0
 0.0
 0.0
 0.0
 0.0
 0.0
 0.0
 0.0
 0.0
 0.0
 0.18677507384972597
 0.5775487161339183
 0.0
 0.0
 0.0
 0.0
 0.0
 0.0
 0.0
 0.0
 0.0
 0.0
 0.0
 0.0
 0.0
 0.0
 0.0
 0.0
 0.0
 0.0
 0.0
 0.0
 0.0
 0.0
 0.0
 0.0
 0.0
 0.0
 0.0
 0.0
 0.0
 0.0
 2.0
 2.328935116551357
 0.0
 1.0
x_ij_opt: 1-dimensional DenseAxisArray{Float64,1,...} with index sets:
    Dimension 1, [(43, 30), (43, 22), (43, 6), (44, 22), (45, 30), (45, 29), (45, 28), (45, 24), (45, 23), (40, 29)  …  (5, 7), (5, 14), (6, 4), (6, 3), (1, 14), (1, 10), (1, 23), (1, 1), (3, 2), (3, 1)]
And data, a 116-element Vector{Float64}:
 0.0
 0.32162241823269144
 1.291916090811626
 0.0
 0.0
 0.0
 1.813224926150274
 0.0
 0.0
 0.0
 0.0
 0.0
 0.0
 0.0
 0.0
 0.0
 0.0
 0.0
 0.25810575261007274
 0.0
 0.0
 0.0
 0.0
 0.0
 0.0
 0.0
 0.0
 2.0
 0.0
 0.0
 0.0
 0.0
 0.0
 0.0
 0.0
 0.0
 0.0
 0.0
 0.0
 0.0
 0.0
 0.0
 0.0
 0.708083909188374
 0.0
 0.0
 0.0
 0.0
 0.0
 0.0
 0.0
 0.0
 0.0
 0.0
 0.0
 0.7488060465378338
 0.0
 1.761644630477421
 0.04585067582992101
 1.8404593923499843
 0.0
 0.0
 0.0
 0.0
 6.0
 0.0
 0.8458592234289894
 0.0
 0.0
 0.7418942473899274
 0.0
 0.0
 0.0
 0.0
 0.0
 0.0
 0.42245128386608166
 0.983072324694847
 0.0
 0.0
 0.0
 0.0
 0.0
 0.0
 0.0
 0.0
 0.0
 0.0
 0.0
 0.0
 0.0
 1.016927675305153
 0.0
 0.0
 0.0
 0.0
 0.0
 0.0
 0.0
 0.0
 0.0
 0.0
 0.0
 0.0
 0.0
 0.6714731830557314
 0.0
 0.0
 0.0
 0.0
 0.0
 0.0
 0.09824851175378414
 5.282676141114347
 0.0
 0.0
x_il_opt: 1-dimensional DenseAxisArray{Float64,1,...} with index sets:
    Dimension 1, [(43, 15), (43, 14), (44, 15), (44, 13), (44, 3), (40, 14), (40, 2), (41, 14), (42, 6), (37, 13)  …  (4, 13), (5, 2), (5, 7), (5, 9), (6, 11), (1, 1), (1, 6), (1, 3), (2, 1), (2, 15)]
And data, a 71-element Vector{Float64}:
 0.0
 0.0
 0.0
 2.1297015960314276
 2.049583515110115
 0.7643237899836444
 0.0
 0.0
 0.28205528982793
 0.8702984039685727
 0.0
 3.0
 0.0
 0.0
 3.0
 0.0
 0.0
 0.0
 6.904382348314092
 0.0
 0.0
 0.0
 3.0
 0.9011306369597974
 2.0988693630402024
 0.0
 1.095617651685907
 0.0
 2.2511939534621663
 0.0
 1.192504693692658
 0.0
 0.0
 0.0
 0.0
 0.0
 0.0
 0.0
 0.8074953063073421
 0.0
 0.0
 0.0
 3.0
 0.0
 0.0
 2.0988693630402024
 0.0
 2.8510996447810513
 0.0
 0.0
 0.0
 0.0
 0.0
 0.0
 0.0
 0.0
 0.0
 5.950416484889884
 0.0
 0.0
 0.0
 0.0
 0.0
 0.14890035521894857
 0.15954060765001576
 0.0
 0.0
 2.6190753471318673
 0.0
 0.0
 5.3289351165513565
x_lj_opt: 1-dimensional DenseAxisArray{Float64,1,...} with index sets:
    Dimension 1, [(15, 30), (15, 29), (15, 23), (15, 3), (14, 28), (14, 27), (14, 10), (14, 24), (13, 26), (13, 25)  …  (3, 6), (3, 5), (3, 29), (2, 4), (2, 3), (2, 1), (2, 5), (1, 2), (1, 1), (1, 14)]
And data, a 53-element Vector{Float64}:
 2.0
 2.328935116551357
 0.0
 1.0
 0.18677507384972597
 0.5775487161339183
 0.0
 0.0
 2.0
 1.0
 0.0
 1.427183628305142
 0.9017514882462159
 0.6710648834486422
 1.6783775817673086
 0.0
 0.0
 0.0
 0.5728163716948579
 0.0
 0.0
 2.0
 1.0
 0.15954060765001576
 0.0
 0.0
 3.3924961460935887
 4.607503853906411
 0.0
 0.0
 1.3285268169442688
 0.954149324170079
 0.7173238588856523
 2.0
 6.0
 0.0
 2.0
 1.0
 0.0
 0.0
 0.0
 0.0
 0.0
 0.0
 5.0
 3.0000000000000004
 2.0
 0.0
 0.0
 0.9999999999999998
 2.0
 0.0
 0.0
q_opt: 1-dimensional DenseAxisArray{Float64,1,...} with index sets:
    Dimension 1, [(43, 15), (43, 14), (44, 15), (44, 13), (44, 3), (40, 14), (40, 2), (41, 14), (42, 6), (37, 13)  …  (4, 13), (5, 2), (5, 7), (5, 9), (6, 11), (1, 1), (1, 6), (1, 3), (2, 1), (2, 15)]
And data, a 71-element Vector{Float64}:
 0.0
 0.0
 0.0
 0.7099005320104759
 0.2561979393887644
 1.0
 0.0
 0.0
 0.03525691122849125
 0.29009946798952424
 0.0
 1.0
 0.0
 0.0
 0.375
 0.0
 0.0
 0.0
 0.8630477935392615
 0.0
 0.0
 0.0
 1.0
 0.3003768789865992
 0.2623586703800253
 0.0
 0.13695220646073838
 0.0
 1.0
 0.0
 0.596252346846329
 0.0
 0.0
 0.0
 0.0
 0.0
 0.0
 0.0
 0.40374765315367106
 0.0
 0.0
 0.0
 1.0
 0.0
 0.0
 0.6996231210134009
 0.0
 0.9503665482603505
 0.0
 0.0
 0.0
 0.0
 0.0
 0.0
 0.0
 1.0
 0.0
 0.7438020606112355
 0.0
 0.0
 0.0
 0.0
 0.0
 0.049633451739649524
 1.0
 0.0
 0.0
 0.3273844183914834
 0.0
 0.0
 1.0
