
PROBLEM STATISTICS
  Objective sense = Min
  # Variables = 572
  # Bin-Int Variables = 0
  # Constraints = 621
  # NL Constraints = 261
  # Linear Constraints = 360
  # Detected convex constraints = 0
  # Detected nonlinear terms = 261
  # Variables involved in nonlinear terms = 124
  # Potential variables for partitioning = 124
SUB-SOLVERS USED BY ALPINE
  NLP local solver = Knitro
  MIP solver = Gurobi
ALPINE CONFIGURATION
  Maximum iterations (lower-bounding MIPs) =  1
  Relative global optimality gap = 0.01%
  Potential variables chosen for partitioning = All
  Discretization ratio = 10
  Bound-tightening presolve = false
PRESOLVE 
  Doing local search

Feasible solution found during presolve: [0.8302070780771106, 0.747318319536849, 0.0, 1.1697929219228895, 1.0529995511991006, 0.0, 0.0, 0.0, 0.0, 0.0, 0.0, 0.0, 0.0, 0.0, 0.0, 0.0, 0.4254634169734498, 0.0, 0.0, 2.5745365830265503, 0.0, 0.0, 0.0, 0.0, 0.0, 0.0, 0.0, 0.0, 0.0, 0.0, 0.0, 0.0, 0.0, 0.0, 0.0, 0.0, 0.0, 0.0, 0.0, 0.0, 0.0, 0.0, 0.0, 0.0, 0.0, 0.0, 0.0, 0.0, 0.0, 0.0, 0.0, 0.0, 0.0, 0.0, 0.0, 0.0, 0.0, 0.0, 0.0, 2.0, 1.0, 0.0, 0.0, 0.0, 0.0, 0.0, 0.0, 0.0, 0.0, 0.0, 0.0, 0.02991327696313671, 0.08973983088941011, 0.0, 0.7500000000000001, 2.25, 0.0, 0.5374992966063714, 1.6124978898191138, 0.0, 0.0, 0.0, 0.0, 0.0, 0.0, 0.0, 0.0, 0.0, 0.0, 0.0, 0.0, 0.0, 0.6825874264304925, 2.0477622792914767, 0.0, 0.0, 0.0, 0.0, 0.0, 0.0, 0.0, 0.9642900630650298, 0.8939161504944307, 1.1417937864405394, 0.0, 0.0, 0.0, 0.0, 0.0, 0.0, 0.0, 0.0, 0.0, 0.0, 0.0, 0.0, 0.0, 0.0, 2.4175336996151353, 2.5824663003848642, 0.0, 0.0, 0.0, 1.4505202197690814, 1.5494797802309188, 0.0, 0.0, 0.0, 0.0, 0.0, 0.0, 0.0, 0.0, 0.0, 0.0, 0.0, 0.0, 0.0, 0.0, 0.0, 0.0, 0.0, 0.0, 0.0, 0.0, 0.0, 0.0, 0.0, 0.0, 0.0, 0.0, 0.010775201387861949, 0.0, 0.5666685423830098, 0.2833342711915049, 0.0, 0.0, 1.4333314576169902, 0.7166657288084951, 0.0, 0.0, 0.0, 0.0, 0.0, 0.0, 0.0, 0.0, 0.0, 0.0, 0.0, 0.0, 0.0, 0.0, 1.4590119490577145, 0.0, 0.0, 0.0, 0.5316455353085472, 1.009342515633738, 0.0, 0.0, 0.0, 0.0, 0.0, 0.0, 0.0, 0.0, 0.0, 0.0, 0.0, 0.0, 0.0, 0.0, 0.0, 1.4683544646914528, 0.9134132072613632, 0.618232328047184, 0.0, 0.0, 0.0, 0.0, 0.0, 0.0, 0.0, 0.0, 0.0, 1.49259341718879, 0.746296708594395, 0.0, 0.5074065828112101, 0.25370329140560505, 0.0, 0.0, 0.0, 0.0, 0.0, 0.0, 0.0, 0.0, 0.0, 0.0, 0.0, 0.0, 0.0, 0.0, 0.2269310215225971, 0.46348106541136896, 0.0, 0.0, 0.0, 0.0, 0.0, 0.0, 0.20145642944183423, 0.4114520788087757, 0.0, 0.0, 0.0, 0.0, 0.0, 0.0, 0.0, 0.0, 0.0, 0.0, 0.0, 0.0, 0.0, 0.0, 0.0, 0.0, 0.0, 0.0, 0.0, 0.0, 0.0, 0.0, 2.0, 1.334939383011515, 0.0, 1.0, 0.0, 0.0, 0.0, 2.2388901257831852, 0.0, 0.6904120869339662, 0.0, 0.0, 0.11965310785254682, 0.7611098742168151, 0.0, 3.0, 0.0, 0.0, 3.0, 0.0, 0.0, 0.0, 4.999999999999999, 0.0, 0.0, 0.6129085082506099, 3.0, 0.8500028135745147, 2.149997186425485, 0.0, 3.0, 0.0, 3.0, 0.0, 1.5775253976139594, 0.0, 0.0, 0.0, 0.0, 0.0, 0.0, 0.0, 2.22279247312199, 0.0, 0.0, 0.0, 3.0, 0.0, 0.0, 2.149997186425485, 0.0, 3.0, 0.0, 0.0, 0.0, 0.0, 0.0, 0.0, 0.0, 0.0, 0.0, 0.0, 0.0, 0.0, 0.0, 0.0, 0.0, 0.0, 0.010775201387861949, 0.0, 0.0, 2.7303497057219692, 0.0, 0.0, 4.334939383011515, 2.0, 1.334939383011515, 0.0, 1.0, 0.4283874509644313, 0.8749331442201447, 0.0, 0.0, 2.0, 1.0, 0.0, 1.4683544646914528, 0.9134132072613632, 0.618232328047184, 1.4590119490577145, 0.0, 0.0, 0.0, 0.5316455353085472, 1.009342515633738, 0.0, 2.0, 1.0, 0.010775201387861949, 0.0, 0.0, 3.8680539193842174, 4.1319460806157835, 0.0, 0.0, 0.9642900630650297, 0.8939161504944307, 1.1417937864405394, 2.0, 6.0, 0.0, 2.0, 1.0, 0.0, 0.0, 0.0, 0.0, 0.0, 0.0, 0.0, 0.0, 0.4254634169734498, 0.0, 0.0, 2.5745365830265503, 2.0, 1.8003178707359497, 0.0, 0.0, 0.5409880509422855, 1.5339976103008548, 0.0, 0.0, 0.0, 1.5716125490355688, 0.0, 0.0, 2.309587913066034, 0.0, 0.0, 0.0, 0.0, 0.0, 0.0, 0.0, 0.0, 0.22279247312199024, 0.0, 0.0, 0.0, 0.0, 0.0, 0.0, 0.0, 0.0, 2.0, 0.0, 0.0, 0.0, 0.0, 0.0, 0.0, 0.0, 0.0, 0.0, 0.0, 0.0, 0.0, 0.0, 0.0, 0.0, 0.4660023896991455, 0.0, 0.0, 0.0, 0.0, 0.0, 0.0, 0.0, 0.0, 0.0, 0.0, 0.0, 0.0, 0.0, 1.316390752880471, 0.10608384950556941, 1.989224798612138, 0.0, 0.0, 0.0, 0.0, 6.0, 0.0, 0.8155553277353125, 0.0, 0.0, 0.7772075268780098, 0.0, 0.0, 0.0, 0.0, 0.0, 0.0, 0.12506685577985532, 0.6013060863150376, 0.0, 0.0, 0.0, 0.0, 0.0, 0.0, 0.0, 0.0, 0.0, 0.0, 0.0, 0.0, 0.45978189757737536, 1.3986939136849625, 1.207964120819, 0.0, 0.0, 0.0, 0.0, 0.0, 0.0, 0.0, 0.0, 0.0, 0.0, 0.0, 0.0, 0.9813437963279584, 0.0, 0.0, 0.0, 0.0, 0.05436614060701195, 0.0, 0.08658679273863684, 3.057888342823511, 0.0, 0.0, 0.0, 0.0, 0.0, 0.746296708594395, 0.0, 0.5297331212940666, 0.0, 0.0, 0.014956638481568352, 0.25370329140560505, 0.0, 1.0, 0.0, 0.0, 0.37499999999999994, 0.0, 0.0, 0.0, 0.6249999999999999, 0.0, 0.0, 0.4702668787059334, 1.0, 0.2833342711915049, 0.26874964830318565, 0.0, 0.375, 0.0, 1.0, 0.0, 0.4151035390385553, 0.0, 0.0, 0.0, 0.0, 0.0, 0.0, 0.0, 0.5848964609614448, 0.0, 0.0, 0.0, 1.0, 0.0, 0.0, 0.7166657288084951, 0.0, 1.0, 0.0, 0.0, 0.0, 0.0, 0.0, 1.0, 0.0, 1.0, 0.0, 0.0, 0.0, 0.0, 0.0, 0.0, 0.0, 0.0, 1.0, 0.0, 0.0, 0.34129371321524615, 0.0, 0.0, 1.0]  :with objective: -565.9810653907509

  Local solver returns a feasible point with value -565.9811
disc:  333  :[0.0, 1.8, 2.0]
disc:  334  :[0.0, 0.7349393830115151, 1.934939383011515, 6.0]
disc:  335  :[0.0, 0.1, 1.0]
disc:  336  :[0.0, 0.9, 1.0]
disc:  337  :[0.0, 0.2283874509644313, 0.6283874509644314, 2.0]
disc:  338  :[0.0, 0.7749331442201447, 0.9749331442201447, 1.0]
disc:  339  :[0.0, 0.2, 2.0]
disc:  340  :[0.0, 0.2, 2.0]
disc:  341  :[0.0, 1.8, 2.0]
disc:  342  :[0.0, 0.9, 1.0]
disc:  343  :[0.0, 0.2, 2.0]
disc:  344  :[0.0, 1.2683544646914529, 1.6683544646914528, 2.0]
disc:  345  :[0.0, 0.8134132072613632, 1.0]
disc:  346  :[0.0, 0.318232328047184, 0.918232328047184, 3.0]
disc:  347  :[0.0, 1.2590119490577145, 1.6590119490577144, 2.0]
disc:  348  :[0.0, 0.6, 6.0]
disc:  349  :[0.0, 0.2, 2.0]
disc:  350  :[0.0, 0.1, 1.0]
disc:  351  :[0.0, 0.3316455353085472, 0.7316455353085471, 2.0]
disc:  352  :[0.0, 0.4093425156337379, 1.6093425156337378, 6.0]
disc:  353  :[0.0, 0.1, 1.0]
disc:  354  :[0.0, 1.8, 2.0]
disc:  355  :[0.0, 0.9, 1.0]
disc:  356  :[0.0, 0.21077520138786196, 2.0]
disc:  357  :[0.0, 0.1, 1.0]
disc:  358  :[0.0, 0.2, 2.0]
disc:  359  :[0.0, 3.2680539193842173, 4.468053919384217, 6.0]
disc:  360  :[0.0, 3.5319460806157834, 4.731946080615783, 6.0]
disc:  361  :[0.0, 0.2, 2.0]
disc:  362  :[0.0, 0.1, 1.0]
disc:  363  :[0.0, 0.7642900630650298, 1.1642900630650297, 2.0]
disc:  364  :[0.0, 0.7939161504944308, 0.9939161504944307, 1.0]
disc:  365  :[0.0, 0.8417937864405394, 1.4417937864405395, 3.0]
disc:  366  :[0.0, 1.8, 2.0]
disc:  367  :[0.0, 5.4, 6.0]
disc:  368  :[0.0, 0.2, 2.0]
disc:  369  :[0.0, 1.8, 2.0]
disc:  370  :[0.0, 0.9, 1.0]
disc:  371  :[0.0, 0.2, 2.0]
disc:  372  :[0.0, 0.2, 2.0]
disc:  373  :[0.0, 0.2, 2.0]
disc:  374  :[0.0, 0.6, 6.0]
disc:  375  :[0.0, 0.2, 2.0]
disc:  376  :[0.0, 0.2, 2.0]
disc:  377  :[0.0, 0.6, 6.0]
disc:  378  :[0.0, 0.6, 6.0]
disc:  379  :[0.0, 0.2254634169734498, 0.6254634169734499, 2.0]
disc:  380  :[0.0, 0.1, 1.0]
disc:  381  :[0.0, 0.3, 3.0]
disc:  382  :[0.0, 2.2745365830265505, 2.87453658302655, 3.0]
disc:  383  :[0.0, 1.8, 2.0]
disc:  384  :[0.0, 1.2003178707359496, 2.40031787073595, 6.0]
disc:  385  :[0.0, 0.2, 2.0]
disc:  502  :[0.0, 0.1, 1.0]
disc:  503  :[0.0, 0.1, 1.0]
disc:  504  :[0.0, 0.1, 1.0]
disc:  505  :[0.0, 0.646296708594395, 0.846296708594395, 1.0]
disc:  506  :[0.0, 0.1, 1.0]
disc:  507  :[0.0, 0.4297331212940666, 0.6297331212940666, 1.0]
disc:  508  :[0.0, 0.1, 1.0]
disc:  509  :[0.0, 0.1, 1.0]
disc:  510  :[0.0, 0.11495663848156835, 1.0]
disc:  511  :[0.0, 0.15370329140560504, 0.3537032914056051, 1.0]
disc:  512  :[0.0, 0.1, 1.0]
disc:  513  :[0.0, 0.9, 1.0]
disc:  514  :[0.0, 0.1, 1.0]
disc:  515  :[0.0, 0.1, 1.0]
disc:  516  :[0.0, 0.2749999999999999, 0.475, 1.0]
disc:  517  :[0.0, 0.1, 1.0]
disc:  518  :[0.0, 0.1, 1.0]
disc:  519  :[0.0, 0.1, 1.0]
disc:  520  :[0.0, 0.5249999999999999, 0.7249999999999999, 1.0]
disc:  521  :[0.0, 0.1, 1.0]
disc:  522  :[0.0, 0.1, 1.0]
disc:  523  :[0.0, 0.37026687870593344, 0.5702668787059334, 1.0]
disc:  524  :[0.0, 0.9, 1.0]
disc:  525  :[0.0, 0.1833342711915049, 0.38333427119150487, 1.0]
disc:  526  :[0.0, 0.16874964830318565, 0.3687496483031857, 1.0]
disc:  527  :[0.0, 0.1, 1.0]
disc:  528  :[0.0, 0.275, 0.475, 1.0]
disc:  529  :[0.0, 0.1, 1.0]
disc:  530  :[0.0, 0.9, 1.0]
disc:  531  :[0.0, 0.1, 1.0]
disc:  532  :[0.0, 0.31510353903855526, 0.5151035390385553, 1.0]
disc:  533  :[0.0, 0.1, 1.0]
disc:  534  :[0.0, 0.1, 1.0]
disc:  535  :[0.0, 0.1, 1.0]
disc:  536  :[0.0, 0.1, 1.0]
disc:  537  :[0.0, 0.1, 1.0]
disc:  538  :[0.0, 0.1, 1.0]
disc:  539  :[0.0, 0.1, 1.0]
disc:  540  :[0.0, 0.4848964609614448, 0.6848964609614447, 1.0]
disc:  541  :[0.0, 0.1, 1.0]
disc:  542  :[0.0, 0.1, 1.0]
disc:  543  :[0.0, 0.1, 1.0]
disc:  544  :[0.0, 0.9, 1.0]
disc:  545  :[0.0, 0.1, 1.0]
disc:  546  :[0.0, 0.1, 1.0]
disc:  547  :[0.0, 0.6166657288084951, 0.8166657288084951, 1.0]
disc:  548  :[0.0, 0.1, 1.0]
disc:  549  :[0.0, 0.9, 1.0]
disc:  550  :[0.0, 0.1, 1.0]
disc:  551  :[0.0, 0.1, 1.0]
disc:  552  :[0.0, 0.1, 1.0]
disc:  553  :[0.0, 0.1, 1.0]
disc:  554  :[0.0, 0.1, 1.0]
disc:  555  :[0.0, 0.9, 1.0]
disc:  556  :[0.0, 0.1, 1.0]
disc:  557  :[0.0, 0.9, 1.0]
disc:  558  :[0.0, 0.1, 1.0]
disc:  559  :[0.0, 0.1, 1.0]
disc:  560  :[0.0, 0.1, 1.0]
disc:  561  :[0.0, 0.1, 1.0]
disc:  562  :[0.0, 0.1, 1.0]
disc:  563  :[0.0, 0.1, 1.0]
disc:  564  :[0.0, 0.1, 1.0]
disc:  565  :[0.0, 0.1, 1.0]
disc:  566  :[0.0, 0.9, 1.0]
disc:  567  :[0.0, 0.1, 1.0]
disc:  568  :[0.0, 0.1, 1.0]
disc:  569  :[0.0, 0.24129371321524615, 0.44129371321524613, 1.0]
disc:  570  :[0.0, 0.1, 1.0]
disc:  571  :[0.0, 0.1, 1.0]
disc:  572  :[0.0, 0.9, 1.0]
  Completed presolve in 8.17s
LOWER-BOUNDING ITERATIONS
====================================================================================================
| Iter   | Incumbent       | Best Incumbent      | Lower Bound        | Gap (%)         | Time      
| finish | -565.9811       | -565.9811           | -632.3727          | 11.73           | 18.67s           
Final UBD: -565.9810653907509
Final LBD: -632.3726527765932
====================================================================================================

*** Alpine ended with status OTHER_LIMIT ***

 Total time for local solves: 6.0s

 Total time for solving max-min problems: 0.0s

 Total time excluding max-min time: 18.67s

presolve objective value: -565.9810653907509
w_opt: 1-dimensional DenseAxisArray{Float64,1,...} with index sets:
    Dimension 1, [(25, 1, 2), (25, 1, 1), (25, 1, 14), (20, 1, 2), (20, 1, 1), (20, 1, 14), (1, 1, 2), (1, 1, 1), (1, 1, 14), (2, 1, 2)  …  (20, 15, 23), (20, 15, 3), (8, 15, 30), (8, 15, 29), (8, 15, 23), (8, 15, 3), (2, 15, 30), (2, 15, 29), (2, 15, 23), (2, 15, 3)]
And data, a 261-element Vector{Float64}:
 0.8302070780771106
 0.747318319536849
 0.0
 1.1697929219228895
 1.0529995511991006
 0.0
 0.0
 0.0
 0.0
 0.0
 0.0
 0.0
 0.0
 0.0
 0.0
 0.0
 0.4254634169734498
 0.0
 0.0
 2.5745365830265503
 0.0
 0.0
 0.0
 0.0
 0.0
 0.0
 0.0
 0.0
 0.0
 0.0
 0.0
 0.0
 0.0
 0.0
 0.0
 0.0
 0.0
 0.0
 0.0
 0.0
 0.0
 0.0
 0.0
 0.0
 0.0
 0.0
 0.0
 0.0
 0.0
 0.0
 0.0
 0.0
 0.0
 0.0
 0.0
 0.0
 0.0
 0.0
 0.0
 2.0
 1.0
 0.0
 0.0
 0.0
 0.0
 0.0
 0.0
 0.0
 0.0
 0.0
 0.0
 0.02991327696313671
 0.08973983088941011
 0.0
 0.7500000000000001
 2.25
 0.0
 0.5374992966063714
 1.6124978898191138
 0.0
 0.0
 0.0
 0.0
 0.0
 0.0
 0.0
 0.0
 0.0
 0.0
 0.0
 0.0
 0.0
 0.6825874264304925
 2.0477622792914767
 0.0
 0.0
 0.0
 0.0
 0.0
 0.0
 0.0
 0.9642900630650298
 0.8939161504944307
 1.1417937864405394
 0.0
 0.0
 0.0
 0.0
 0.0
 0.0
 0.0
 0.0
 0.0
 0.0
 0.0
 0.0
 0.0
 0.0
 2.4175336996151353
 2.5824663003848642
 0.0
 0.0
 0.0
 1.4505202197690814
 1.5494797802309188
 0.0
 0.0
 0.0
 0.0
 0.0
 0.0
 0.0
 0.0
 0.0
 0.0
 0.0
 0.0
 0.0
 0.0
 0.0
 0.0
 0.0
 0.0
 0.0
 0.0
 0.0
 0.0
 0.0
 0.0
 0.0
 0.0
 0.010775201387861949
 0.0
 0.5666685423830098
 0.2833342711915049
 0.0
 0.0
 1.4333314576169902
 0.7166657288084951
 0.0
 0.0
 0.0
 0.0
 0.0
 0.0
 0.0
 0.0
 0.0
 0.0
 0.0
 0.0
 0.0
 0.0
 1.4590119490577145
 0.0
 0.0
 0.0
 0.5316455353085472
 1.009342515633738
 0.0
 0.0
 0.0
 0.0
 0.0
 0.0
 0.0
 0.0
 0.0
 0.0
 0.0
 0.0
 0.0
 0.0
 0.0
 1.4683544646914528
 0.9134132072613632
 0.618232328047184
 0.0
 0.0
 0.0
 0.0
 0.0
 0.0
 0.0
 0.0
 0.0
 1.49259341718879
 0.746296708594395
 0.0
 0.5074065828112101
 0.25370329140560505
 0.0
 0.0
 0.0
 0.0
 0.0
 0.0
 0.0
 0.0
 0.0
 0.0
 0.0
 0.0
 0.0
 0.0
 0.2269310215225971
 0.46348106541136896
 0.0
 0.0
 0.0
 0.0
 0.0
 0.0
 0.20145642944183423
 0.4114520788087757
 0.0
 0.0
 0.0
 0.0
 0.0
 0.0
 0.0
 0.0
 0.0
 0.0
 0.0
 0.0
 0.0
 0.0
 0.0
 0.0
 0.0
 0.0
 0.0
 0.0
 0.0
 0.0
 2.0
 1.334939383011515
 0.0
 1.0
x_ij_opt: 1-dimensional DenseAxisArray{Float64,1,...} with index sets:
    Dimension 1, [(43, 30), (43, 22), (43, 6), (44, 22), (45, 30), (45, 29), (45, 28), (45, 24), (45, 23), (40, 29)  …  (5, 7), (5, 14), (6, 4), (6, 3), (1, 14), (1, 10), (1, 23), (1, 1), (3, 2), (3, 1)]
And data, a 116-element Vector{Float64}:
 0.0
 0.5409880509422855
 1.5339976103008548
 0.0
 0.0
 0.0
 1.5716125490355688
 0.0
 0.0
 2.309587913066034
 0.0
 0.0
 0.0
 0.0
 0.0
 0.0
 0.0
 0.0
 0.22279247312199024
 0.0
 0.0
 0.0
 0.0
 0.0
 0.0
 0.0
 0.0
 2.0
 0.0
 0.0
 0.0
 0.0
 0.0
 0.0
 0.0
 0.0
 0.0
 0.0
 0.0
 0.0
 0.0
 0.0
 0.0
 0.4660023896991455
 0.0
 0.0
 0.0
 0.0
 0.0
 0.0
 0.0
 0.0
 0.0
 0.0
 0.0
 0.0
 0.0
 1.316390752880471
 0.10608384950556941
 1.989224798612138
 0.0
 0.0
 0.0
 0.0
 6.0
 0.0
 0.8155553277353125
 0.0
 0.0
 0.7772075268780098
 0.0
 0.0
 0.0
 0.0
 0.0
 0.0
 0.12506685577985532
 0.6013060863150376
 0.0
 0.0
 0.0
 0.0
 0.0
 0.0
 0.0
 0.0
 0.0
 0.0
 0.0
 0.0
 0.45978189757737536
 1.3986939136849625
 1.207964120819
 0.0
 0.0
 0.0
 0.0
 0.0
 0.0
 0.0
 0.0
 0.0
 0.0
 0.0
 0.0
 0.9813437963279584
 0.0
 0.0
 0.0
 0.0
 0.05436614060701195
 0.0
 0.08658679273863684
 3.057888342823511
 0.0
 0.0
x_il_opt: 1-dimensional DenseAxisArray{Float64,1,...} with index sets:
    Dimension 1, [(43, 15), (43, 14), (44, 15), (44, 13), (44, 3), (40, 14), (40, 2), (41, 14), (42, 6), (37, 13)  …  (4, 13), (5, 2), (5, 7), (5, 9), (6, 11), (1, 1), (1, 6), (1, 3), (2, 1), (2, 15)]
And data, a 71-element Vector{Float64}:
 0.0
 0.0
 0.0
 2.2388901257831852
 0.0
 0.6904120869339662
 0.0
 0.0
 0.11965310785254682
 0.7611098742168151
 0.0
 3.0
 0.0
 0.0
 3.0
 0.0
 0.0
 0.0
 4.999999999999999
 0.0
 0.0
 0.6129085082506099
 3.0
 0.8500028135745147
 2.149997186425485
 0.0
 3.0
 0.0
 3.0
 0.0
 1.5775253976139594
 0.0
 0.0
 0.0
 0.0
 0.0
 0.0
 0.0
 2.22279247312199
 0.0
 0.0
 0.0
 3.0
 0.0
 0.0
 2.149997186425485
 0.0
 3.0
 0.0
 0.0
 0.0
 0.0
 0.0
 0.0
 0.0
 0.0
 0.0
 0.0
 0.0
 0.0
 0.0
 0.0
 0.0
 0.0
 0.010775201387861949
 0.0
 0.0
 2.7303497057219692
 0.0
 0.0
 4.334939383011515
x_lj_opt: 1-dimensional DenseAxisArray{Float64,1,...} with index sets:
    Dimension 1, [(15, 30), (15, 29), (15, 23), (15, 3), (14, 28), (14, 27), (14, 10), (14, 24), (13, 26), (13, 25)  …  (3, 6), (3, 5), (3, 29), (2, 4), (2, 3), (2, 1), (2, 5), (1, 2), (1, 1), (1, 14)]
And data, a 53-element Vector{Float64}:
 2.0
 1.334939383011515
 0.0
 1.0
 0.4283874509644313
 0.8749331442201447
 0.0
 0.0
 2.0
 1.0
 0.0
 1.4683544646914528
 0.9134132072613632
 0.618232328047184
 1.4590119490577145
 0.0
 0.0
 0.0
 0.5316455353085472
 1.009342515633738
 0.0
 2.0
 1.0
 0.010775201387861949
 0.0
 0.0
 3.8680539193842174
 4.1319460806157835
 0.0
 0.0
 0.9642900630650297
 0.8939161504944307
 1.1417937864405394
 2.0
 6.0
 0.0
 2.0
 1.0
 0.0
 0.0
 0.0
 0.0
 0.0
 0.0
 0.0
 0.0
 0.4254634169734498
 0.0
 0.0
 2.5745365830265503
 2.0
 1.8003178707359497
 0.0
q_opt: 1-dimensional DenseAxisArray{Float64,1,...} with index sets:
    Dimension 1, [(43, 15), (43, 14), (44, 15), (44, 13), (44, 3), (40, 14), (40, 2), (41, 14), (42, 6), (37, 13)  …  (4, 13), (5, 2), (5, 7), (5, 9), (6, 11), (1, 1), (1, 6), (1, 3), (2, 1), (2, 15)]
And data, a 71-element Vector{Float64}:
 0.0
 0.0
 0.0
 0.746296708594395
 0.0
 0.5297331212940666
 0.0
 0.0
 0.014956638481568352
 0.25370329140560505
 0.0
 1.0
 0.0
 0.0
 0.37499999999999994
 0.0
 0.0
 0.0
 0.6249999999999999
 0.0
 0.0
 0.4702668787059334
 1.0
 0.2833342711915049
 0.26874964830318565
 0.0
 0.375
 0.0
 1.0
 0.0
 0.4151035390385553
 0.0
 0.0
 0.0
 0.0
 0.0
 0.0
 0.0
 0.5848964609614448
 0.0
 0.0
 0.0
 1.0
 0.0
 0.0
 0.7166657288084951
 0.0
 1.0
 0.0
 0.0
 0.0
 0.0
 0.0
 1.0
 0.0
 1.0
 0.0
 0.0
 0.0
 0.0
 0.0
 0.0
 0.0
 0.0
 1.0
 0.0
 0.0
 0.34129371321524615
 0.0
 0.0
 1.0
