
PROBLEM STATISTICS
  Objective sense = Min
  # Variables = 572
  # Bin-Int Variables = 0
  # Constraints = 621
  # NL Constraints = 261
  # Linear Constraints = 360
  # Detected convex constraints = 0
  # Detected nonlinear terms = 261
  # Variables involved in nonlinear terms = 124
  # Potential variables for partitioning = 124
SUB-SOLVERS USED BY ALPINE
  NLP local solver = Knitro
  MIP solver = Gurobi
ALPINE CONFIGURATION
  Maximum iterations (lower-bounding MIPs) =  1
  Relative global optimality gap = 0.01%
  Potential variables chosen for partitioning = All
  Discretization ratio = 10
  Bound-tightening presolve = false
PRESOLVE 
  Doing local search

Feasible solution found during presolve: [1.4486690116143093, 0.0, 0.0, 0.5513309883856907, 0.0, 0.0, 0.0, 0.0, 0.0, 0.0, 0.0, 0.0, 0.0, 0.0, 0.0, 0.0, 1.990840708507661, 0.0, 0.0, 1.0091592914923393, 0.0, 0.0, 0.0, 0.0, 0.0, 0.0, 0.0, 0.0, 0.0, 1.2010817777204905, 0.7241758658233088, 0.0, 0.0, 0.0, 0.0, 3.78975893078717, 2.2849834256690316, 0.0, 0.0, 0.0, 0.0, 0.0, 0.0, 0.24396386028299039, 0.8878655305270073, 0.002040912915614537, 0.0, 0.0, 0.0, 0.8509070148201413, 3.0967332918330244, 0.0071183785767244545, 0.0, 0.0, 0.0, 0.0, 0.0, 0.0, 0.0, 2.0, 1.0, 0.0, 0.0, 0.0, 0.0, 0.0, 0.0, 0.0, 0.0, 0.0, 0.0, 0.1817707377981779, 0.5453122133945335, 0.0, 0.75, 2.2499999999999996, 0.0, 0.5576936863804155, 1.6730810591412462, 0.0, 0.0, 0.0, 0.0, 0.0, 0.0, 0.0, 0.0, 0.0, 0.0, 0.0, 0.0, 0.0, 0.5105355758214067, 1.5316067274642198, 0.0, 0.0, 0.0, 0.0, 0.0, 0.0, 0.0, 1.9329306044996855, 0.8335553658255883, 0.2335140296747262, 0.0, 0.0, 0.0, 0.0, 0.0, 0.0, 0.0, 0.0, 0.0, 0.0, 0.0, 0.0, 0.0, 0.0, 4.022068170305803, 1.340689390101934, 0.0, 0.0, 0.0, 1.9779318296941966, 0.6593106098980653, 0.0, 0.0, 0.0, 0.0, 0.0, 0.0, 0.0, 0.0, 0.0, 0.0, 0.0, 0.0, 0.0, 0.0, 0.0, 0.0, 0.0, 0.0, 0.0, 0.0, 0.0, 0.0, 1.384886354211279, 0.0, 0.0, 0.0, 0.46317844730954844, 0.0, 0.5128168363188923, 0.25640841815944615, 0.0, 0.0, 1.487183163681108, 0.743591581840554, 0.0, 0.0, 0.0, 0.0, 0.0, 0.0, 0.0, 0.0, 0.0, 0.0, 0.0, 0.0, 0.0, 0.0, 2.0, 0.0, 0.0, 0.0, 0.9845988223600317, 0.0, 0.0, 0.0, 0.0, 0.0, 0.0, 0.0, 0.0, 0.0, 0.0, 0.0, 0.0, 0.0, 0.0, 0.0, 0.0, 1.0154011776399683, 0.8756976691112152, 1.1089011532488167, 0.0, 0.0, 0.0, 0.0, 0.0, 0.0, 0.0, 0.0, 0.0, 1.4728769853184307, 0.7364384926592155, 0.0, 0.5271230146815692, 0.2635615073407846, 0.0, 0.0, 0.0, 0.0, 0.0, 0.0, 0.0, 0.0, 0.0, 0.0, 0.0, 0.0, 0.0, 0.0, 0.42469432283360825, 0.5547459704886498, 0.0, 0.0, 0.0, 0.0, 0.0, 0.0, 0.0, 0.0, 0.0, 0.0, 0.0, 0.0, 0.0, 0.0, 0.0, 0.0, 0.0, 0.0, 0.0, 0.0, 0.0, 0.0, 0.0, 0.0, 0.0, 0.0, 0.0, 0.0, 0.0, 0.0, 2.0, 1.881939555258843, 0.0, 1.0, 0.0, 0.0, 0.0, 2.209315477977646, 1.9252576435437991, 0.9794402933222581, 0.0, 0.0, 0.7270829511927115, 0.7906845220223537, 0.0, 3.0, 0.0, 0.0, 3.0, 0.0, 0.0, 0.0, 5.362757560407737, 0.0, 1.1338703037256121, 0.0, 3.0, 0.7692252544783384, 2.2307747455216616, 0.0, 2.637242439592262, 0.0, 2.9845988223600317, 1.384886354211279, 1.4486690116143093, 0.0, 0.0, 0.0, 0.0, 0.0, 0.0, 0.0, 0.5513309883856907, 0.0, 0.0, 0.0, 3.0, 0.0, 0.0, 2.230774745521662, 0.0, 3.0, 0.0, 0.0, 0.0, 0.0, 0.0, 0.0, 3.95475868522989, 0.0, 0.0, 6.074742356456201, 0.0, 0.0, 0.0, 0.0, 0.0, 0.0, 0.46317844730954844, 0.0, 0.0, 2.0421423032856265, 0.0, 0.0, 4.881939555258843, 2.0, 1.881939555258843, 0.0, 1.0, 0.42469432283360825, 0.5547459704886498, 0.0, 0.0, 2.0, 1.0, 0.0, 1.0154011776399683, 0.8756976691112152, 1.1089011532488167, 2.0, 0.0, 0.0, 0.0, 0.9845988223600317, 0.0, 0.0, 2.0, 1.0, 1.8480648015208274, 0.0, 0.0, 6.0, 1.9999999999999998, 0.0, 0.0, 1.9329306044996855, 0.8335553658255883, 0.2335140296747262, 2.0, 6.0, 0.0, 2.0, 1.0, 0.0, 0.0, 1.0948708751031317, 3.984598822360032, 0.009159291492338992, 0.0, 4.990840708507661, 3.0091592914923404, 1.990840708507661, 0.0, 0.0, 1.0091592914923393, 2.0, 0.0, 0.0, 0.0, 0.0, 1.54541901813676, 0.0, 0.0, 0.0, 1.5753056771663918, 0.0, 0.0, 0.0, 0.0, 0.0, 0.0, 0.0, 0.0, 0.0, 0.0, 0.0, 0.2186087056694983, 0.0, 0.0, 0.0, 0.0, 0.0, 0.0, 0.0, 0.0, 2.0, 0.0, 0.0, 0.0, 0.0, 0.0, 0.0, 0.0, 0.0, 0.0, 0.0, 0.0, 0.0, 0.0, 0.0, 0.0, 0.45458098186324014, 0.0, 0.0, 0.0, 0.0, 0.0, 0.0, 0.0, 0.0, 0.0, 0.0, 0.0, 0.015401177639968405, 0.0, 0.0, 0.16644463417441177, 0.1519351984791727, 0.0, 0.0, 0.0, 0.0, 6.0, 0.0, 0.0, 0.0, 0.0, 0.7813912943305018, 0.0, 0.0, 0.0, 0.0, 0.0, 0.0, 0.44525402951135024, 0.9051291248968683, 0.0, 0.0, 0.0, 0.0, 0.0, 0.0, 0.0, 0.0, 0.0, 0.0, 0.0, 0.0, 0.0, 0.0, 0.0, 0.0, 0.0, 0.0, 0.0, 0.0, 0.0, 0.0, 0.0, 0.0, 0.0, 0.0, 0.0, 0.0, 0.0, 0.0, 0.0, 0.0, 0.06706939550031475, 0.0, 0.12430233088878483, 5.766485970325274, 0.0, 0.0, 0.0, 0.0, 0.0, 0.7364384926592153, 0.2406572054429749, 1.0, 0.0, 0.0, 0.09088536889908895, 0.2635615073407846, 0.0, 1.0, 0.0, 0.0, 0.375, 0.0, 0.0, 0.0, 0.6703446950509672, 0.0, 0.22282432187266843, 0.0, 1.0, 0.25640841815944615, 0.27884684319020775, 0.0, 0.3296553049490327, 0.0, 1.0, 0.7493711005542744, 0.7243345058071546, 0.0, 0.0, 0.0, 0.0, 0.0, 0.0, 0.0, 0.27566549419284536, 0.0, 0.0, 0.0, 1.0, 0.0, 0.0, 0.743591581840554, 0.0, 1.0, 0.0, 0.0, 0.0, 0.0, 0.0, 0.0, 0.7771756781273315, 0.0, 0.0, 0.759342794557025, 0.0, 0.0, 0.0, 0.0, 0.0, 0.0, 0.25062889944572564, 0.0, 0.0, 0.2552677879107033, 0.0, 0.0, 1.0]  :with objective: -631.931517437118

  Local solver returns a feasible point with value -631.9315
disc:  333  :[0.0, 1.8, 2.0]
disc:  334  :[0.0, 1.2819395552588428, 2.481939555258843, 6.0]
disc:  335  :[0.0, 0.1, 1.0]
disc:  336  :[0.0, 0.9, 1.0]
disc:  337  :[0.0, 0.22469432283360824, 0.6246943228336083, 2.0]
disc:  338  :[0.0, 0.45474597048864984, 0.6547459704886498, 1.0]
disc:  339  :[0.0, 0.2, 2.0]
disc:  340  :[0.0, 0.2, 2.0]
disc:  341  :[0.0, 1.8, 2.0]
disc:  342  :[0.0, 0.9, 1.0]
disc:  343  :[0.0, 0.2, 2.0]
disc:  344  :[0.0, 0.8154011776399683, 1.2154011776399682, 2.0]
disc:  345  :[0.0, 0.7756976691112152, 0.9756976691112151, 1.0]
disc:  346  :[0.0, 0.8089011532488166, 1.4089011532488167, 3.0]
disc:  347  :[0.0, 1.8, 2.0]
disc:  348  :[0.0, 0.6, 6.0]
disc:  349  :[0.0, 0.2, 2.0]
disc:  350  :[0.0, 0.1, 1.0]
disc:  351  :[0.0, 0.7845988223600318, 1.1845988223600317, 2.0]
disc:  352  :[0.0, 0.6, 6.0]
disc:  353  :[0.0, 0.1, 1.0]
disc:  354  :[0.0, 1.8, 2.0]
disc:  355  :[0.0, 0.9, 1.0]
disc:  356  :[0.0, 1.6480648015208275, 2.0]
disc:  357  :[0.0, 0.1, 1.0]
disc:  358  :[0.0, 0.2, 2.0]
disc:  359  :[0.0, 5.4, 6.0]
disc:  360  :[0.0, 1.4, 2.5999999999999996, 6.0]
disc:  361  :[0.0, 0.2, 2.0]
disc:  362  :[0.0, 0.1, 1.0]
disc:  363  :[0.0, 1.7329306044996855, 2.0]
disc:  364  :[0.0, 0.7335553658255883, 0.9335553658255883, 1.0]
disc:  365  :[0.0, 0.5335140296747262, 3.0]
disc:  366  :[0.0, 1.8, 2.0]
disc:  367  :[0.0, 5.4, 6.0]
disc:  368  :[0.0, 0.2, 2.0]
disc:  369  :[0.0, 1.8, 2.0]
disc:  370  :[0.0, 0.9, 1.0]
disc:  371  :[0.0, 0.2, 2.0]
disc:  372  :[0.0, 0.2, 2.0]
disc:  373  :[0.0, 0.8948708751031318, 1.2948708751031317, 2.0]
disc:  374  :[0.0, 3.384598822360032, 4.584598822360032, 6.0]
disc:  375  :[0.0, 0.209159291492339, 2.0]
disc:  376  :[0.0, 0.2, 2.0]
disc:  377  :[0.0, 4.390840708507661, 5.590840708507661, 6.0]
disc:  378  :[0.0, 2.4091592914923403, 3.6091592914923405, 6.0]
disc:  379  :[0.0, 1.790840708507661, 2.0]
disc:  380  :[0.0, 0.1, 1.0]
disc:  381  :[0.0, 0.3, 3.0]
disc:  382  :[0.0, 0.7091592914923392, 1.3091592914923393, 3.0]
disc:  383  :[0.0, 1.8, 2.0]
disc:  384  :[0.0, 0.6, 6.0]
disc:  385  :[0.0, 0.2, 2.0]
disc:  502  :[0.0, 0.1, 1.0]
disc:  503  :[0.0, 0.1, 1.0]
disc:  504  :[0.0, 0.1, 1.0]
disc:  505  :[0.0, 0.6364384926592154, 0.8364384926592153, 1.0]
disc:  506  :[0.0, 0.1406572054429749, 0.3406572054429749, 1.0]
disc:  507  :[0.0, 0.9, 1.0]
disc:  508  :[0.0, 0.1, 1.0]
disc:  509  :[0.0, 0.1, 1.0]
disc:  510  :[0.0, 0.19088536889908897, 1.0]
disc:  511  :[0.0, 0.1635615073407846, 0.36356150734078463, 1.0]
disc:  512  :[0.0, 0.1, 1.0]
disc:  513  :[0.0, 0.9, 1.0]
disc:  514  :[0.0, 0.1, 1.0]
disc:  515  :[0.0, 0.1, 1.0]
disc:  516  :[0.0, 0.275, 0.475, 1.0]
disc:  517  :[0.0, 0.1, 1.0]
disc:  518  :[0.0, 0.1, 1.0]
disc:  519  :[0.0, 0.1, 1.0]
disc:  520  :[0.0, 0.5703446950509672, 0.7703446950509671, 1.0]
disc:  521  :[0.0, 0.1, 1.0]
disc:  522  :[0.0, 0.12282432187266842, 0.3228243218726684, 1.0]
disc:  523  :[0.0, 0.1, 1.0]
disc:  524  :[0.0, 0.9, 1.0]
disc:  525  :[0.0, 0.15640841815944614, 0.3564084181594461, 1.0]
disc:  526  :[0.0, 0.17884684319020774, 0.3788468431902078, 1.0]
disc:  527  :[0.0, 0.1, 1.0]
disc:  528  :[0.0, 0.22965530494903272, 0.4296553049490327, 1.0]
disc:  529  :[0.0, 0.1, 1.0]
disc:  530  :[0.0, 0.9, 1.0]
disc:  531  :[0.0, 0.6493711005542744, 0.8493711005542743, 1.0]
disc:  532  :[0.0, 0.6243345058071547, 0.8243345058071546, 1.0]
disc:  533  :[0.0, 0.1, 1.0]
disc:  534  :[0.0, 0.1, 1.0]
disc:  535  :[0.0, 0.1, 1.0]
disc:  536  :[0.0, 0.1, 1.0]
disc:  537  :[0.0, 0.1, 1.0]
disc:  538  :[0.0, 0.1, 1.0]
disc:  539  :[0.0, 0.1, 1.0]
disc:  540  :[0.0, 0.17566549419284536, 0.37566549419284534, 1.0]
disc:  541  :[0.0, 0.1, 1.0]
disc:  542  :[0.0, 0.1, 1.0]
disc:  543  :[0.0, 0.1, 1.0]
disc:  544  :[0.0, 0.9, 1.0]
disc:  545  :[0.0, 0.1, 1.0]
disc:  546  :[0.0, 0.1, 1.0]
disc:  547  :[0.0, 0.643591581840554, 0.8435915818405539, 1.0]
disc:  548  :[0.0, 0.1, 1.0]
disc:  549  :[0.0, 0.9, 1.0]
disc:  550  :[0.0, 0.1, 1.0]
disc:  551  :[0.0, 0.1, 1.0]
disc:  552  :[0.0, 0.1, 1.0]
disc:  553  :[0.0, 0.1, 1.0]
disc:  554  :[0.0, 0.1, 1.0]
disc:  555  :[0.0, 0.1, 1.0]
disc:  556  :[0.0, 0.6771756781273315, 0.8771756781273314, 1.0]
disc:  557  :[0.0, 0.1, 1.0]
disc:  558  :[0.0, 0.1, 1.0]
disc:  559  :[0.0, 0.659342794557025, 0.859342794557025, 1.0]
disc:  560  :[0.0, 0.1, 1.0]
disc:  561  :[0.0, 0.1, 1.0]
disc:  562  :[0.0, 0.1, 1.0]
disc:  563  :[0.0, 0.1, 1.0]
disc:  564  :[0.0, 0.1, 1.0]
disc:  565  :[0.0, 0.1, 1.0]
disc:  566  :[0.0, 0.15062889944572563, 0.3506288994457256, 1.0]
disc:  567  :[0.0, 0.1, 1.0]
disc:  568  :[0.0, 0.1, 1.0]
disc:  569  :[0.0, 0.1552677879107033, 0.35526778791070335, 1.0]
disc:  570  :[0.0, 0.1, 1.0]
disc:  571  :[0.0, 0.1, 1.0]
disc:  572  :[0.0, 0.9, 1.0]
  Completed presolve in 33.51s
LOWER-BOUNDING ITERATIONS
====================================================================================================
| Iter   | Incumbent       | Best Incumbent      | Lower Bound        | Gap (%)         | Time      
| finish | -631.9315       | -631.9315           | -633.1133          | 0.187           | 44.0s            
Final UBD: -631.931517437118
Final LBD: -633.1132905108166
====================================================================================================

*** Alpine ended with status OTHER_LIMIT ***

 Total time for local solves: 31.3s

 Total time for solving max-min problems: 0.0s

 Total time excluding max-min time: 44.0s

presolve objective value: -631.931517437118
w_opt: 1-dimensional DenseAxisArray{Float64,1,...} with index sets:
    Dimension 1, [(25, 1, 2), (25, 1, 1), (25, 1, 14), (20, 1, 2), (20, 1, 1), (20, 1, 14), (1, 1, 2), (1, 1, 1), (1, 1, 14), (2, 1, 2)  …  (20, 15, 23), (20, 15, 3), (8, 15, 30), (8, 15, 29), (8, 15, 23), (8, 15, 3), (2, 15, 30), (2, 15, 29), (2, 15, 23), (2, 15, 3)]
And data, a 261-element Vector{Float64}:
 1.4486690116143093
 0.0
 0.0
 0.5513309883856907
 0.0
 0.0
 0.0
 0.0
 0.0
 0.0
 0.0
 0.0
 0.0
 0.0
 0.0
 0.0
 1.990840708507661
 0.0
 0.0
 1.0091592914923393
 0.0
 0.0
 0.0
 0.0
 0.0
 0.0
 0.0
 0.0
 0.0
 1.2010817777204905
 0.7241758658233088
 0.0
 0.0
 0.0
 0.0
 3.78975893078717
 2.2849834256690316
 0.0
 0.0
 0.0
 0.0
 0.0
 0.0
 0.24396386028299039
 0.8878655305270073
 0.002040912915614537
 0.0
 0.0
 0.0
 0.8509070148201413
 3.0967332918330244
 0.0071183785767244545
 0.0
 0.0
 0.0
 0.0
 0.0
 0.0
 0.0
 2.0
 1.0
 0.0
 0.0
 0.0
 0.0
 0.0
 0.0
 0.0
 0.0
 0.0
 0.0
 0.1817707377981779
 0.5453122133945335
 0.0
 0.75
 2.2499999999999996
 0.0
 0.5576936863804155
 1.6730810591412462
 0.0
 0.0
 0.0
 0.0
 0.0
 0.0
 0.0
 0.0
 0.0
 0.0
 0.0
 0.0
 0.0
 0.5105355758214067
 1.5316067274642198
 0.0
 0.0
 0.0
 0.0
 0.0
 0.0
 0.0
 1.9329306044996855
 0.8335553658255883
 0.2335140296747262
 0.0
 0.0
 0.0
 0.0
 0.0
 0.0
 0.0
 0.0
 0.0
 0.0
 0.0
 0.0
 0.0
 0.0
 4.022068170305803
 1.340689390101934
 0.0
 0.0
 0.0
 1.9779318296941966
 0.6593106098980653
 0.0
 0.0
 0.0
 0.0
 0.0
 0.0
 0.0
 0.0
 0.0
 0.0
 0.0
 0.0
 0.0
 0.0
 0.0
 0.0
 0.0
 0.0
 0.0
 0.0
 0.0
 0.0
 1.384886354211279
 0.0
 0.0
 0.0
 0.46317844730954844
 0.0
 0.5128168363188923
 0.25640841815944615
 0.0
 0.0
 1.487183163681108
 0.743591581840554
 0.0
 0.0
 0.0
 0.0
 0.0
 0.0
 0.0
 0.0
 0.0
 0.0
 0.0
 0.0
 0.0
 0.0
 2.0
 0.0
 0.0
 0.0
 0.9845988223600317
 0.0
 0.0
 0.0
 0.0
 0.0
 0.0
 0.0
 0.0
 0.0
 0.0
 0.0
 0.0
 0.0
 0.0
 0.0
 0.0
 1.0154011776399683
 0.8756976691112152
 1.1089011532488167
 0.0
 0.0
 0.0
 0.0
 0.0
 0.0
 0.0
 0.0
 0.0
 1.4728769853184307
 0.7364384926592155
 0.0
 0.5271230146815692
 0.2635615073407846
 0.0
 0.0
 0.0
 0.0
 0.0
 0.0
 0.0
 0.0
 0.0
 0.0
 0.0
 0.0
 0.0
 0.0
 0.42469432283360825
 0.5547459704886498
 0.0
 0.0
 0.0
 0.0
 0.0
 0.0
 0.0
 0.0
 0.0
 0.0
 0.0
 0.0
 0.0
 0.0
 0.0
 0.0
 0.0
 0.0
 0.0
 0.0
 0.0
 0.0
 0.0
 0.0
 0.0
 0.0
 0.0
 0.0
 0.0
 0.0
 2.0
 1.881939555258843
 0.0
 1.0
x_ij_opt: 1-dimensional DenseAxisArray{Float64,1,...} with index sets:
    Dimension 1, [(43, 30), (43, 22), (43, 6), (44, 22), (45, 30), (45, 29), (45, 28), (45, 24), (45, 23), (40, 29)  …  (5, 7), (5, 14), (6, 4), (6, 3), (1, 14), (1, 10), (1, 23), (1, 1), (3, 2), (3, 1)]
And data, a 116-element Vector{Float64}:
 0.0
 0.0
 1.54541901813676
 0.0
 0.0
 0.0
 1.5753056771663918
 0.0
 0.0
 0.0
 0.0
 0.0
 0.0
 0.0
 0.0
 0.0
 0.0
 0.0
 0.2186087056694983
 0.0
 0.0
 0.0
 0.0
 0.0
 0.0
 0.0
 0.0
 2.0
 0.0
 0.0
 0.0
 0.0
 0.0
 0.0
 0.0
 0.0
 0.0
 0.0
 0.0
 0.0
 0.0
 0.0
 0.0
 0.45458098186324014
 0.0
 0.0
 0.0
 0.0
 0.0
 0.0
 0.0
 0.0
 0.0
 0.0
 0.0
 0.015401177639968405
 0.0
 0.0
 0.16644463417441177
 0.1519351984791727
 0.0
 0.0
 0.0
 0.0
 6.0
 0.0
 0.0
 0.0
 0.0
 0.7813912943305018
 0.0
 0.0
 0.0
 0.0
 0.0
 0.0
 0.44525402951135024
 0.9051291248968683
 0.0
 0.0
 0.0
 0.0
 0.0
 0.0
 0.0
 0.0
 0.0
 0.0
 0.0
 0.0
 0.0
 0.0
 0.0
 0.0
 0.0
 0.0
 0.0
 0.0
 0.0
 0.0
 0.0
 0.0
 0.0
 0.0
 0.0
 0.0
 0.0
 0.0
 0.0
 0.0
 0.06706939550031475
 0.0
 0.12430233088878483
 5.766485970325274
 0.0
 0.0
x_il_opt: 1-dimensional DenseAxisArray{Float64,1,...} with index sets:
    Dimension 1, [(43, 15), (43, 14), (44, 15), (44, 13), (44, 3), (40, 14), (40, 2), (41, 14), (42, 6), (37, 13)  …  (4, 13), (5, 2), (5, 7), (5, 9), (6, 11), (1, 1), (1, 6), (1, 3), (2, 1), (2, 15)]
And data, a 71-element Vector{Float64}:
 0.0
 0.0
 0.0
 2.209315477977646
 1.9252576435437991
 0.9794402933222581
 0.0
 0.0
 0.7270829511927115
 0.7906845220223537
 0.0
 3.0
 0.0
 0.0
 3.0
 0.0
 0.0
 0.0
 5.362757560407737
 0.0
 1.1338703037256121
 0.0
 3.0
 0.7692252544783384
 2.2307747455216616
 0.0
 2.637242439592262
 0.0
 2.9845988223600317
 1.384886354211279
 1.4486690116143093
 0.0
 0.0
 0.0
 0.0
 0.0
 0.0
 0.0
 0.5513309883856907
 0.0
 0.0
 0.0
 3.0
 0.0
 0.0
 2.230774745521662
 0.0
 3.0
 0.0
 0.0
 0.0
 0.0
 0.0
 0.0
 3.95475868522989
 0.0
 0.0
 6.074742356456201
 0.0
 0.0
 0.0
 0.0
 0.0
 0.0
 0.46317844730954844
 0.0
 0.0
 2.0421423032856265
 0.0
 0.0
 4.881939555258843
x_lj_opt: 1-dimensional DenseAxisArray{Float64,1,...} with index sets:
    Dimension 1, [(15, 30), (15, 29), (15, 23), (15, 3), (14, 28), (14, 27), (14, 10), (14, 24), (13, 26), (13, 25)  …  (3, 6), (3, 5), (3, 29), (2, 4), (2, 3), (2, 1), (2, 5), (1, 2), (1, 1), (1, 14)]
And data, a 53-element Vector{Float64}:
 2.0
 1.881939555258843
 0.0
 1.0
 0.42469432283360825
 0.5547459704886498
 0.0
 0.0
 2.0
 1.0
 0.0
 1.0154011776399683
 0.8756976691112152
 1.1089011532488167
 2.0
 0.0
 0.0
 0.0
 0.9845988223600317
 0.0
 0.0
 2.0
 1.0
 1.8480648015208274
 0.0
 0.0
 6.0
 1.9999999999999998
 0.0
 0.0
 1.9329306044996855
 0.8335553658255883
 0.2335140296747262
 2.0
 6.0
 0.0
 2.0
 1.0
 0.0
 0.0
 1.0948708751031317
 3.984598822360032
 0.009159291492338992
 0.0
 4.990840708507661
 3.0091592914923404
 1.990840708507661
 0.0
 0.0
 1.0091592914923393
 2.0
 0.0
 0.0
q_opt: 1-dimensional DenseAxisArray{Float64,1,...} with index sets:
    Dimension 1, [(43, 15), (43, 14), (44, 15), (44, 13), (44, 3), (40, 14), (40, 2), (41, 14), (42, 6), (37, 13)  …  (4, 13), (5, 2), (5, 7), (5, 9), (6, 11), (1, 1), (1, 6), (1, 3), (2, 1), (2, 15)]
And data, a 71-element Vector{Float64}:
 0.0
 0.0
 0.0
 0.7364384926592153
 0.2406572054429749
 1.0
 0.0
 0.0
 0.09088536889908895
 0.2635615073407846
 0.0
 1.0
 0.0
 0.0
 0.375
 0.0
 0.0
 0.0
 0.6703446950509672
 0.0
 0.22282432187266843
 0.0
 1.0
 0.25640841815944615
 0.27884684319020775
 0.0
 0.3296553049490327
 0.0
 1.0
 0.7493711005542744
 0.7243345058071546
 0.0
 0.0
 0.0
 0.0
 0.0
 0.0
 0.0
 0.27566549419284536
 0.0
 0.0
 0.0
 1.0
 0.0
 0.0
 0.743591581840554
 0.0
 1.0
 0.0
 0.0
 0.0
 0.0
 0.0
 0.0
 0.7771756781273315
 0.0
 0.0
 0.759342794557025
 0.0
 0.0
 0.0
 0.0
 0.0
 0.0
 0.25062889944572564
 0.0
 0.0
 0.2552677879107033
 0.0
 0.0
 1.0
