
PROBLEM STATISTICS
  Objective sense = Min
  # Variables = 572
  # Bin-Int Variables = 0
  # Constraints = 621
  # NL Constraints = 261
  # Linear Constraints = 360
  # Detected convex constraints = 0
  # Detected nonlinear terms = 261
  # Variables involved in nonlinear terms = 124
  # Potential variables for partitioning = 124
SUB-SOLVERS USED BY ALPINE
  NLP local solver = Knitro
  MIP solver = Gurobi
ALPINE CONFIGURATION
  Maximum iterations (lower-bounding MIPs) =  1
  Relative global optimality gap = 0.01%
  Potential variables chosen for partitioning = All
  Discretization ratio = 10
  Bound-tightening presolve = false
PRESOLVE 
  Doing local search

Feasible solution found during presolve: [1.1125883703514163, 1.4281309379250628, 0.0, 0.8874116296485837, 1.1390915425220065, 0.0, 0.0, 0.0, 0.0, 0.0, 0.0, 0.0, 0.0, 0.0, 0.0, 0.0, 2.0, 0.0, 0.0, 0.9999999999999999, 0.0, 0.0, 0.0, 0.0, 0.0, 0.0, 0.0, 0.0, 0.7465511495568717, 3.159153360857295, 1.1489408669575056, 0.0, 0.0, 0.0, 0.0, 0.0, 0.0, 0.0, 0.0, 0.0, 0.4350172396306052, 1.8408466391427045, 0.6694907438550175, 0.0, 0.0, 0.0, 0.0, 0.0, 0.0, 0.0, 0.0, 0.0, 0.0, 0.0, 0.0, 0.0, 0.0, 0.0, 0.0, 2.0, 1.0, 0.0, 0.0, 0.0, 0.0, 0.0, 0.0, 0.0, 0.0, 0.0, 0.0, 0.6695601585171369, 2.0086804755514107, 0.0, 0.0, 0.0, 0.0, 0.5395253407905839, 1.6185760223717516, 0.0, 0.0, 0.0, 0.0, 0.0, 0.0, 0.0, 0.0, 0.0, 0.0, 0.0, 0.0, 0.0, 0.7909145006922792, 2.3727435020768377, 0.0, 0.0, 0.0, 0.0, 0.0, 0.0, 0.0, 0.7751772053687067, 0.8919920121408351, 1.2311527777858298, 0.02719451864297334, 0.03129257831054186, 0.04319090775111271, 0.0, 0.0, 0.0, 0.0, 0.0, 0.0, 0.0, 0.0, 0.0, 0.0, 0.0, 4.337509313886285, 1.6295416517673451, 0.0, 0.0, 0.0, 1.4777710834828917, 0.5551779508634788, 0.0, 0.0, 0.0, 0.0, 0.0, 0.0, 0.0, 0.0, 0.0, 0.0, 0.0, 0.0, 0.0, 0.0, 0.0, 0.0, 0.0, 0.0, 0.0, 0.0, 0.0, 0.0, 0.3825652821748972, 0.0, 0.0, 0.0, 0.0, 0.0, 0.5612657578917761, 0.28063287894588806, 0.0, 0.0, 1.438734242108224, 0.719367121054112, 0.0, 0.0, 0.0, 0.0, 0.0, 0.0, 0.0, 0.0, 0.0, 0.0, 0.0, 0.0, 0.0, 0.0, 2.0, 0.0, 0.0, 0.0, 0.4270044062590024, 0.0, 0.0, 0.0, 0.0, 0.0, 0.0, 0.0, 0.0, 0.0, 0.0, 0.0, 0.0, 0.0, 0.0, 0.0, 0.0, 1.5729955937409976, 1.0, 0.42700440625900243, 0.0, 0.0, 0.0, 0.0, 0.0, 0.0, 0.0, 0.0, 0.0, 1.4384575615249875, 0.7192287807624937, 0.0, 0.5615424384750126, 0.2807712192375063, 0.0, 0.0, 0.0, 0.0, 0.0, 0.0, 0.0, 0.0, 0.0, 0.0, 0.0, 0.0, 0.0, 0.0, 0.49393669468010054, 0.6720244883527055, 0.0, 0.0, 0.0, 0.0, 0.0, 0.0, 0.0, 0.0, 0.0, 0.0, 0.0, 0.0, 0.0, 0.0, 0.0, 0.0, 0.0, 0.0, 0.0, 0.0, 0.0, 0.0, 0.13461166151201986, 0.050786555729564635, 0.0, 0.06730583075600993, 0.0, 0.0, 0.0, 0.0, 1.8653883384879804, 0.7037774271989095, 0.0, 0.9326941692439901, 0.0, 0.0, 0.0, 2.157686342287481, 5.054645377371672, 1.165961183032806, 0.0, 0.0, 2.6782406340685476, 0.8423136577125189, 0.0, 3.0, 0.0, 0.0, 0.0, 0.0, 0.0, 0.0, 5.9670509656536295, 0.0, 0.0, 0.0, 3.0, 0.8418986368376642, 2.1581013631623356, 0.0, 2.0329490343463705, 0.0, 2.4270044062590026, 0.3825652821748972, 2.5407193082764796, 0.0, 0.0, 0.0, 0.0, 0.0, 0.0, 0.0, 2.02650317217059, 0.2527040479975944, 0.0, 0.0, 3.0, 0.0, 0.0, 2.158101363162336, 0.0, 2.8983219952953716, 0.0, 0.0, 0.0, 0.0, 0.0, 0.0, 0.0, 0.0, 0.0, 0.0, 0.0, 0.0, 0.0, 0.0, 0.0, 0.10167800470462791, 0.0, 0.0, 0.0, 3.163658002769117, 2.9453546226283276, 0.0, 3.50185993493088, 2.0, 0.754563982928474, 0.0, 1.0, 0.49393669468010054, 0.6720244883527055, 0.0, 0.0, 2.0, 1.0, 0.0, 1.5729955937409976, 1.0, 0.42700440625900243, 2.0, 0.0, 0.0, 0.0, 0.4270044062590024, 0.0, 0.0, 2.0, 1.0, 0.3825652821748972, 0.0, 0.0, 5.815280397369176, 2.1847196026308238, 0.0, 0.0, 0.8023717240116801, 0.923284590451377, 1.2743436855369425, 2.0, 6.0, 0.0, 2.0, 1.0, 0.0, 0.0, 0.0, 0.0, 0.0, 1.1815683891874769, 5.0, 1.8184316108125231, 2.0, 0.0, 0.0, 0.9999999999999999, 2.0, 2.5672224804470694, 0.0, 0.0, 0.0, 0.5227535820143606, 0.0, 0.0, 0.0, 1.5060633053198995, 0.0, 0.0, 0.0, 0.0, 0.0, 0.0, 0.0, 0.0, 0.0, 0.0, 0.0, 0.2792072201681844, 0.0, 0.322700914823298, 0.0, 0.0, 0.0, 0.0, 0.0, 0.0, 2.0, 0.0, 3.0, 0.0, 0.0, 0.0, 0.0, 0.0, 0.0, 0.0, 0.0, 0.0, 0.0, 0.0, 0.0, 0.0, 0.2956780287981625, 0.0, 0.0, 0.0, 0.0, 0.0, 0.0, 0.0, 0.0, 0.0, 0.0, 0.0, 0.5729955937409974, 0.0, 0.0, 0.07671540954862327, 1.6174347178251027, 0.0, 0.0, 0.0, 0.0, 6.0, 0.0, 0.18471960263082393, 0.0, 0.0, 0.7207927798318157, 0.0, 0.0, 0.0, 0.0, 0.0, 0.0, 0.3279755116472946, 0.5509565209525615, 0.0, 0.0, 0.0, 0.0, 0.0, 0.0, 0.0, 0.0, 0.0, 0.0, 0.0, 0.0, 0.0, 1.4490434790474387, 0.3348352195450454, 0.0, 0.0, 0.0, 0.0, 0.0, 0.0, 0.0, 0.0, 0.0, 0.0, 0.0, 0.0, 1.1423738205784544, 0.0, 0.0, 0.0, 0.0, 0.055254455409865455, 0.0, 0.0, 1.8357329191926905, 0.0, 0.0, 0.0, 0.0, 0.0, 0.7192287807624937, 0.631830672171459, 1.0, 0.0, 0.0, 0.33478007925856845, 0.2807712192375063, 0.0, 1.0, 0.0, 0.0, 0.0, 0.0, 0.0, 0.0, 0.7458813707067037, 0.0, 0.0, 0.0, 1.0, 0.28063287894588806, 0.26976267039529195, 0.0, 0.2541186292932963, 0.0, 1.0, 1.0, 0.5562941851757082, 0.0, 0.0, 0.0, 0.0, 0.0, 0.0, 0.0, 0.44370581482429183, 0.06730583075600993, 0.0, 0.0, 1.0, 0.0, 0.0, 0.719367121054112, 0.0, 0.966107331765124, 0.0, 0.0, 0.0, 0.0, 0.0, 0.0, 0.0, 1.0, 0.0, 0.0, 0.0, 0.0, 0.0, 0.0, 0.0, 0.033892668234875974, 0.0, 0.0, 0.0, 0.3954572503461396, 0.3681693278285409, 0.0, 0.9326941692439902]  :with objective: -617.7460567031972

  Local solver returns a feasible point with value -617.7461
disc:  333  :[0.0, 1.8, 2.0]
disc:  334  :[0.0, 0.15456398292847406, 1.354563982928474, 6.0]
disc:  335  :[0.0, 0.1, 1.0]
disc:  336  :[0.0, 0.9, 1.0]
disc:  337  :[0.0, 0.29393669468010053, 0.6939366946801006, 2.0]
disc:  338  :[0.0, 0.5720244883527055, 0.7720244883527054, 1.0]
disc:  339  :[0.0, 0.2, 2.0]
disc:  340  :[0.0, 0.2, 2.0]
disc:  341  :[0.0, 1.8, 2.0]
disc:  342  :[0.0, 0.9, 1.0]
disc:  343  :[0.0, 0.2, 2.0]
disc:  344  :[0.0, 1.3729955937409977, 1.7729955937409976, 2.0]
disc:  345  :[0.0, 0.9, 1.0]
disc:  346  :[0.0, 0.12700440625900244, 0.7270044062590024, 3.0]
disc:  347  :[0.0, 1.8, 2.0]
disc:  348  :[0.0, 0.6, 6.0]
disc:  349  :[0.0, 0.2, 2.0]
disc:  350  :[0.0, 0.1, 1.0]
disc:  351  :[0.0, 0.22700440625900237, 0.6270044062590023, 2.0]
disc:  352  :[0.0, 0.6, 6.0]
disc:  353  :[0.0, 0.1, 1.0]
disc:  354  :[0.0, 1.8, 2.0]
disc:  355  :[0.0, 0.9, 1.0]
disc:  356  :[0.0, 0.1825652821748972, 0.5825652821748972, 2.0]
disc:  357  :[0.0, 0.1, 1.0]
disc:  358  :[0.0, 0.2, 2.0]
disc:  359  :[0.0, 5.215280397369177, 6.0]
disc:  360  :[0.0, 1.5847196026308237, 2.784719602630824, 6.0]
disc:  361  :[0.0, 0.2, 2.0]
disc:  362  :[0.0, 0.1, 1.0]
disc:  363  :[0.0, 0.6023717240116802, 1.00237172401168, 2.0]
disc:  364  :[0.0, 0.823284590451377, 1.0]
disc:  365  :[0.0, 0.9743436855369425, 1.5743436855369426, 3.0]
disc:  366  :[0.0, 1.8, 2.0]
disc:  367  :[0.0, 5.4, 6.0]
disc:  368  :[0.0, 0.2, 2.0]
disc:  369  :[0.0, 1.8, 2.0]
disc:  370  :[0.0, 0.9, 1.0]
disc:  371  :[0.0, 0.2, 2.0]
disc:  372  :[0.0, 0.2, 2.0]
disc:  373  :[0.0, 0.2, 2.0]
disc:  374  :[0.0, 0.6, 6.0]
disc:  375  :[0.0, 0.2, 2.0]
disc:  376  :[0.0, 0.9815683891874769, 1.3815683891874768, 2.0]
disc:  377  :[0.0, 4.4, 5.6, 6.0]
disc:  378  :[0.0, 1.218431610812523, 2.4184316108125232, 6.0]
disc:  379  :[0.0, 1.8, 2.0]
disc:  380  :[0.0, 0.1, 1.0]
disc:  381  :[0.0, 0.3, 3.0]
disc:  382  :[0.0, 0.7, 1.2999999999999998, 3.0]
disc:  383  :[0.0, 1.8, 2.0]
disc:  384  :[0.0, 1.9672224804470693, 3.1672224804470694, 6.0]
disc:  385  :[0.0, 0.2, 2.0]
disc:  502  :[0.0, 0.1, 1.0]
disc:  503  :[0.0, 0.1, 1.0]
disc:  504  :[0.0, 0.1, 1.0]
disc:  505  :[0.0, 0.6192287807624938, 0.8192287807624937, 1.0]
disc:  506  :[0.0, 0.5318306721714591, 0.731830672171459, 1.0]
disc:  507  :[0.0, 0.9, 1.0]
disc:  508  :[0.0, 0.1, 1.0]
disc:  509  :[0.0, 0.1, 1.0]
disc:  510  :[0.0, 0.23478007925856845, 0.43478007925856843, 1.0]
disc:  511  :[0.0, 0.1807712192375063, 0.38077121923750634, 1.0]
disc:  512  :[0.0, 0.1, 1.0]
disc:  513  :[0.0, 0.9, 1.0]
disc:  514  :[0.0, 0.1, 1.0]
disc:  515  :[0.0, 0.1, 1.0]
disc:  516  :[0.0, 0.1, 1.0]
disc:  517  :[0.0, 0.1, 1.0]
disc:  518  :[0.0, 0.1, 1.0]
disc:  519  :[0.0, 0.1, 1.0]
disc:  520  :[0.0, 0.6458813707067037, 0.8458813707067037, 1.0]
disc:  521  :[0.0, 0.1, 1.0]
disc:  522  :[0.0, 0.1, 1.0]
disc:  523  :[0.0, 0.1, 1.0]
disc:  524  :[0.0, 0.9, 1.0]
disc:  525  :[0.0, 0.18063287894588806, 0.38063287894588804, 1.0]
disc:  526  :[0.0, 0.16976267039529194, 0.369762670395292, 1.0]
disc:  527  :[0.0, 0.1, 1.0]
disc:  528  :[0.0, 0.1541186292932963, 0.3541186292932963, 1.0]
disc:  529  :[0.0, 0.1, 1.0]
disc:  530  :[0.0, 0.9, 1.0]
disc:  531  :[0.0, 0.9, 1.0]
disc:  532  :[0.0, 0.4562941851757082, 0.6562941851757081, 1.0]
disc:  533  :[0.0, 0.1, 1.0]
disc:  534  :[0.0, 0.1, 1.0]
disc:  535  :[0.0, 0.1, 1.0]
disc:  536  :[0.0, 0.1, 1.0]
disc:  537  :[0.0, 0.1, 1.0]
disc:  538  :[0.0, 0.1, 1.0]
disc:  539  :[0.0, 0.1, 1.0]
disc:  540  :[0.0, 0.34370581482429186, 0.5437058148242918, 1.0]
disc:  541  :[0.0, 0.16730583075600994, 1.0]
disc:  542  :[0.0, 0.1, 1.0]
disc:  543  :[0.0, 0.1, 1.0]
disc:  544  :[0.0, 0.9, 1.0]
disc:  545  :[0.0, 0.1, 1.0]
disc:  546  :[0.0, 0.1, 1.0]
disc:  547  :[0.0, 0.6193671210541121, 0.819367121054112, 1.0]
disc:  548  :[0.0, 0.1, 1.0]
disc:  549  :[0.0, 0.866107331765124, 1.0]
disc:  550  :[0.0, 0.1, 1.0]
disc:  551  :[0.0, 0.1, 1.0]
disc:  552  :[0.0, 0.1, 1.0]
disc:  553  :[0.0, 0.1, 1.0]
disc:  554  :[0.0, 0.1, 1.0]
disc:  555  :[0.0, 0.1, 1.0]
disc:  556  :[0.0, 0.1, 1.0]
disc:  557  :[0.0, 0.9, 1.0]
disc:  558  :[0.0, 0.1, 1.0]
disc:  559  :[0.0, 0.1, 1.0]
disc:  560  :[0.0, 0.1, 1.0]
disc:  561  :[0.0, 0.1, 1.0]
disc:  562  :[0.0, 0.1, 1.0]
disc:  563  :[0.0, 0.1, 1.0]
disc:  564  :[0.0, 0.1, 1.0]
disc:  565  :[0.0, 0.13389266823487597, 1.0]
disc:  566  :[0.0, 0.1, 1.0]
disc:  567  :[0.0, 0.1, 1.0]
disc:  568  :[0.0, 0.1, 1.0]
disc:  569  :[0.0, 0.29545725034613957, 0.49545725034613963, 1.0]
disc:  570  :[0.0, 0.26816932782854086, 0.4681693278285409, 1.0]
disc:  571  :[0.0, 0.1, 1.0]
disc:  572  :[0.0, 0.8326941692439902, 1.0]
  Completed presolve in 38.95s
LOWER-BOUNDING ITERATIONS
====================================================================================================
| Iter   | Incumbent       | Best Incumbent      | Lower Bound        | Gap (%)         | Time      
| finish | -617.7461       | -617.7461           | -625.5695          | 1.266           | 62.65s           
Final UBD: -617.7460567031972
Final LBD: -625.5695209258581
====================================================================================================

*** Alpine ended with status OTHER_LIMIT ***

 Total time for local solves: 36.47s

 Total time for solving max-min problems: 0.0s

 Total time excluding max-min time: 62.65s

presolve objective value: -617.7460567031972
w_opt: 1-dimensional DenseAxisArray{Float64,1,...} with index sets:
    Dimension 1, [(25, 1, 2), (25, 1, 1), (25, 1, 14), (20, 1, 2), (20, 1, 1), (20, 1, 14), (1, 1, 2), (1, 1, 1), (1, 1, 14), (2, 1, 2)  …  (20, 15, 23), (20, 15, 3), (8, 15, 30), (8, 15, 29), (8, 15, 23), (8, 15, 3), (2, 15, 30), (2, 15, 29), (2, 15, 23), (2, 15, 3)]
And data, a 261-element Vector{Float64}:
 1.1125883703514163
 1.4281309379250628
 0.0
 0.8874116296485837
 1.1390915425220065
 0.0
 0.0
 0.0
 0.0
 0.0
 0.0
 0.0
 0.0
 0.0
 0.0
 0.0
 2.0
 0.0
 0.0
 0.9999999999999999
 0.0
 0.0
 0.0
 0.0
 0.0
 0.0
 0.0
 0.0
 0.7465511495568717
 3.159153360857295
 1.1489408669575056
 0.0
 0.0
 0.0
 0.0
 0.0
 0.0
 0.0
 0.0
 0.0
 0.4350172396306052
 1.8408466391427045
 0.6694907438550175
 0.0
 0.0
 0.0
 0.0
 0.0
 0.0
 0.0
 0.0
 0.0
 0.0
 0.0
 0.0
 0.0
 0.0
 0.0
 0.0
 2.0
 1.0
 0.0
 0.0
 0.0
 0.0
 0.0
 0.0
 0.0
 0.0
 0.0
 0.0
 0.6695601585171369
 2.0086804755514107
 0.0
 0.0
 0.0
 0.0
 0.5395253407905839
 1.6185760223717516
 0.0
 0.0
 0.0
 0.0
 0.0
 0.0
 0.0
 0.0
 0.0
 0.0
 0.0
 0.0
 0.0
 0.7909145006922792
 2.3727435020768377
 0.0
 0.0
 0.0
 0.0
 0.0
 0.0
 0.0
 0.7751772053687067
 0.8919920121408351
 1.2311527777858298
 0.02719451864297334
 0.03129257831054186
 0.04319090775111271
 0.0
 0.0
 0.0
 0.0
 0.0
 0.0
 0.0
 0.0
 0.0
 0.0
 0.0
 4.337509313886285
 1.6295416517673451
 0.0
 0.0
 0.0
 1.4777710834828917
 0.5551779508634788
 0.0
 0.0
 0.0
 0.0
 0.0
 0.0
 0.0
 0.0
 0.0
 0.0
 0.0
 0.0
 0.0
 0.0
 0.0
 0.0
 0.0
 0.0
 0.0
 0.0
 0.0
 0.0
 0.3825652821748972
 0.0
 0.0
 0.0
 0.0
 0.0
 0.5612657578917761
 0.28063287894588806
 0.0
 0.0
 1.438734242108224
 0.719367121054112
 0.0
 0.0
 0.0
 0.0
 0.0
 0.0
 0.0
 0.0
 0.0
 0.0
 0.0
 0.0
 0.0
 0.0
 2.0
 0.0
 0.0
 0.0
 0.4270044062590024
 0.0
 0.0
 0.0
 0.0
 0.0
 0.0
 0.0
 0.0
 0.0
 0.0
 0.0
 0.0
 0.0
 0.0
 0.0
 0.0
 1.5729955937409976
 1.0
 0.42700440625900243
 0.0
 0.0
 0.0
 0.0
 0.0
 0.0
 0.0
 0.0
 0.0
 1.4384575615249875
 0.7192287807624937
 0.0
 0.5615424384750126
 0.2807712192375063
 0.0
 0.0
 0.0
 0.0
 0.0
 0.0
 0.0
 0.0
 0.0
 0.0
 0.0
 0.0
 0.0
 0.0
 0.49393669468010054
 0.6720244883527055
 0.0
 0.0
 0.0
 0.0
 0.0
 0.0
 0.0
 0.0
 0.0
 0.0
 0.0
 0.0
 0.0
 0.0
 0.0
 0.0
 0.0
 0.0
 0.0
 0.0
 0.0
 0.0
 0.13461166151201986
 0.050786555729564635
 0.0
 0.06730583075600993
 0.0
 0.0
 0.0
 0.0
 1.8653883384879804
 0.7037774271989095
 0.0
 0.9326941692439901
x_ij_opt: 1-dimensional DenseAxisArray{Float64,1,...} with index sets:
    Dimension 1, [(43, 30), (43, 22), (43, 6), (44, 22), (45, 30), (45, 29), (45, 28), (45, 24), (45, 23), (40, 29)  …  (5, 7), (5, 14), (6, 4), (6, 3), (1, 14), (1, 10), (1, 23), (1, 1), (3, 2), (3, 1)]
And data, a 116-element Vector{Float64}:
 0.0
 0.0
 0.5227535820143606
 0.0
 0.0
 0.0
 1.5060633053198995
 0.0
 0.0
 0.0
 0.0
 0.0
 0.0
 0.0
 0.0
 0.0
 0.0
 0.0
 0.2792072201681844
 0.0
 0.322700914823298
 0.0
 0.0
 0.0
 0.0
 0.0
 0.0
 2.0
 0.0
 3.0
 0.0
 0.0
 0.0
 0.0
 0.0
 0.0
 0.0
 0.0
 0.0
 0.0
 0.0
 0.0
 0.0
 0.2956780287981625
 0.0
 0.0
 0.0
 0.0
 0.0
 0.0
 0.0
 0.0
 0.0
 0.0
 0.0
 0.5729955937409974
 0.0
 0.0
 0.07671540954862327
 1.6174347178251027
 0.0
 0.0
 0.0
 0.0
 6.0
 0.0
 0.18471960263082393
 0.0
 0.0
 0.7207927798318157
 0.0
 0.0
 0.0
 0.0
 0.0
 0.0
 0.3279755116472946
 0.5509565209525615
 0.0
 0.0
 0.0
 0.0
 0.0
 0.0
 0.0
 0.0
 0.0
 0.0
 0.0
 0.0
 0.0
 1.4490434790474387
 0.3348352195450454
 0.0
 0.0
 0.0
 0.0
 0.0
 0.0
 0.0
 0.0
 0.0
 0.0
 0.0
 0.0
 1.1423738205784544
 0.0
 0.0
 0.0
 0.0
 0.055254455409865455
 0.0
 0.0
 1.8357329191926905
 0.0
 0.0
x_il_opt: 1-dimensional DenseAxisArray{Float64,1,...} with index sets:
    Dimension 1, [(43, 15), (43, 14), (44, 15), (44, 13), (44, 3), (40, 14), (40, 2), (41, 14), (42, 6), (37, 13)  …  (4, 13), (5, 2), (5, 7), (5, 9), (6, 11), (1, 1), (1, 6), (1, 3), (2, 1), (2, 15)]
And data, a 71-element Vector{Float64}:
 0.0
 0.0
 0.0
 2.157686342287481
 5.054645377371672
 1.165961183032806
 0.0
 0.0
 2.6782406340685476
 0.8423136577125189
 0.0
 3.0
 0.0
 0.0
 0.0
 0.0
 0.0
 0.0
 5.9670509656536295
 0.0
 0.0
 0.0
 3.0
 0.8418986368376642
 2.1581013631623356
 0.0
 2.0329490343463705
 0.0
 2.4270044062590026
 0.3825652821748972
 2.5407193082764796
 0.0
 0.0
 0.0
 0.0
 0.0
 0.0
 0.0
 2.02650317217059
 0.2527040479975944
 0.0
 0.0
 3.0
 0.0
 0.0
 2.158101363162336
 0.0
 2.8983219952953716
 0.0
 0.0
 0.0
 0.0
 0.0
 0.0
 0.0
 0.0
 0.0
 0.0
 0.0
 0.0
 0.0
 0.0
 0.0
 0.10167800470462791
 0.0
 0.0
 0.0
 3.163658002769117
 2.9453546226283276
 0.0
 3.50185993493088
x_lj_opt: 1-dimensional DenseAxisArray{Float64,1,...} with index sets:
    Dimension 1, [(15, 30), (15, 29), (15, 23), (15, 3), (14, 28), (14, 27), (14, 10), (14, 24), (13, 26), (13, 25)  …  (3, 6), (3, 5), (3, 29), (2, 4), (2, 3), (2, 1), (2, 5), (1, 2), (1, 1), (1, 14)]
And data, a 53-element Vector{Float64}:
 2.0
 0.754563982928474
 0.0
 1.0
 0.49393669468010054
 0.6720244883527055
 0.0
 0.0
 2.0
 1.0
 0.0
 1.5729955937409976
 1.0
 0.42700440625900243
 2.0
 0.0
 0.0
 0.0
 0.4270044062590024
 0.0
 0.0
 2.0
 1.0
 0.3825652821748972
 0.0
 0.0
 5.815280397369176
 2.1847196026308238
 0.0
 0.0
 0.8023717240116801
 0.923284590451377
 1.2743436855369425
 2.0
 6.0
 0.0
 2.0
 1.0
 0.0
 0.0
 0.0
 0.0
 0.0
 1.1815683891874769
 5.0
 1.8184316108125231
 2.0
 0.0
 0.0
 0.9999999999999999
 2.0
 2.5672224804470694
 0.0
q_opt: 1-dimensional DenseAxisArray{Float64,1,...} with index sets:
    Dimension 1, [(43, 15), (43, 14), (44, 15), (44, 13), (44, 3), (40, 14), (40, 2), (41, 14), (42, 6), (37, 13)  …  (4, 13), (5, 2), (5, 7), (5, 9), (6, 11), (1, 1), (1, 6), (1, 3), (2, 1), (2, 15)]
And data, a 71-element Vector{Float64}:
 0.0
 0.0
 0.0
 0.7192287807624937
 0.631830672171459
 1.0
 0.0
 0.0
 0.33478007925856845
 0.2807712192375063
 0.0
 1.0
 0.0
 0.0
 0.0
 0.0
 0.0
 0.0
 0.7458813707067037
 0.0
 0.0
 0.0
 1.0
 0.28063287894588806
 0.26976267039529195
 0.0
 0.2541186292932963
 0.0
 1.0
 1.0
 0.5562941851757082
 0.0
 0.0
 0.0
 0.0
 0.0
 0.0
 0.0
 0.44370581482429183
 0.06730583075600993
 0.0
 0.0
 1.0
 0.0
 0.0
 0.719367121054112
 0.0
 0.966107331765124
 0.0
 0.0
 0.0
 0.0
 0.0
 0.0
 0.0
 1.0
 0.0
 0.0
 0.0
 0.0
 0.0
 0.0
 0.0
 0.033892668234875974
 0.0
 0.0
 0.0
 0.3954572503461396
 0.3681693278285409
 0.0
 0.9326941692439902
