
PROBLEM STATISTICS
  Objective sense = Min
  # Variables = 572
  # Bin-Int Variables = 0
  # Constraints = 621
  # NL Constraints = 261
  # Linear Constraints = 360
  # Detected convex constraints = 0
  # Detected nonlinear terms = 261
  # Variables involved in nonlinear terms = 124
  # Potential variables for partitioning = 124
SUB-SOLVERS USED BY ALPINE
  NLP local solver = Knitro
  MIP solver = Gurobi
ALPINE CONFIGURATION
  Maximum iterations (lower-bounding MIPs) =  1
  Relative global optimality gap = 0.01%
  Potential variables chosen for partitioning = All
  Discretization ratio = 10
  Bound-tightening presolve = false
PRESOLVE 
  Doing local search

Feasible solution found during presolve: [0.0, 0.0, 0.0, 0.0, 0.0, 0.0, 0.0, 0.0, 0.0, 0.0, 0.0, 0.0, 0.0, 0.0, 0.0, 0.0, 0.0, 0.0, 0.0, 3.0, 0.0, 0.0, 0.0, 0.0, 0.0, 0.0, 0.0, 0.0, 0.0, 0.0, 0.0, 0.0, 0.0, 0.0, 0.0, 0.0, 0.0, 0.0, 0.0, 0.0, 0.0, 0.0, 0.0, 0.0, 0.0, 0.0, 0.0, 0.0, 0.0, 1.470547590206721, 2.103109273543859, 0.2921990459804386, 0.0, 0.0, 0.0, 0.0, 0.0, 0.0, 0.0, 2.0, 1.0, 0.0, 0.0, 0.0, 0.0, 0.0, 0.0, 0.0, 0.0, 0.0, 0.0, 0.0, 0.0, 0.0, 0.5181433131820032, 1.5544299395460097, 0.0, 0.47879664463650934, 1.436389933909528, 0.0, 0.0, 0.0, 0.0, 0.0, 0.0, 0.0, 0.0, 0.0, 0.0, 0.0, 0.0, 0.0, 1.0030600421814873, 3.0091801265444618, 0.0, 0.0, 0.0, 0.0, 0.0, 0.0, 0.0, 0.7768806868534287, 0.7269569655726147, 1.0986213523710235, 0.1186731167854584, 0.11104697327825021, 0.1678209051392244, 0.0, 0.0, 0.0, 0.0, 0.0, 0.0, 0.10907168917029815, 0.10358984509314169, 0.0, 0.0, 0.0, 2.4553716067946136, 2.331966858941946, 0.0, 0.0, 0.0, 1.5386659775789475, 1.4613340224210527, 0.0, 0.0, 0.0, 0.0, 0.0, 0.0, 0.0, 0.0, 0.0, 0.0, 0.0, 0.0, 0.0, 0.0, 0.0, 0.0, 0.0, 0.0, 0.0, 0.0, 0.0, 0.0, 0.2512186949017969, 0.0, 0.0, 0.0, 0.22019828260589483, 0.0, 0.7232089476359751, 0.36160447381798755, 0.0, 0.0, 1.276791052364025, 0.6383955261820125, 0.0, 0.0, 0.0, 0.0, 0.0, 0.0, 0.0, 0.0, 0.0, 0.0, 0.0, 0.0, 0.0, 0.0, 0.41546301988526807, 0.0, 0.0, 0.0, 2.0, 0.5845369801147319, 0.0, 0.0, 0.0, 0.0, 0.0, 0.0, 0.0, 0.0, 0.0, 0.0, 0.0, 0.0, 0.0, 0.0, 0.0, 0.0, 0.0, 3.0, 0.0, 0.0, 0.0, 0.0, 0.0, 0.0, 0.0, 0.0, 0.0, 1.5400703216713814, 0.6734933104084099, 0.09654185042728074, 0.0, 0.0, 0.0, 0.0, 0.0, 0.0, 0.45992967832861864, 0.20113338803675268, 0.028831451127556727, 0.0, 0.0, 0.0, 0.0, 0.0, 0.0, 0.0, 0.24709771248021825, 0.5786363380773214, 0.0, 0.0, 0.0, 0.0, 0.0, 0.0, 0.0, 0.0, 0.0, 0.0, 0.0, 0.0, 0.0, 0.0, 0.0, 0.0, 0.0, 0.0, 0.0, 0.0, 0.0, 0.0, 0.7117630022684174, 0.5939577327754977, 0.0, 0.3558815011342087, 0.0, 0.0, 0.0, 0.0, 1.2882369977315828, 1.0750184036140884, 0.0, 0.6441184988657914, 0.0, 0.0, 0.0, 2.310105482507072, 0.0, 0.8257340505575397, 0.0, 0.0, 0.0, 0.0, 0.0, 3.0, 0.0, 0.0, 2.072573252728013, 0.0, 0.21266153426343984, 0.0, 4.78733846573656, 0.0, 0.0, 0.0, 3.0, 1.0848134214539626, 1.9151865785460374, 0.0, 3.0, 0.0, 3.0, 0.2512186949017969, 0.0, 0.6898945174929281, 0.0, 0.0, 0.0, 0.0, 0.0, 0.0, 0.0, 1.661602236178124, 0.0, 0.0, 3.0, 0.0, 0.0, 1.9151865785460374, 0.0, 2.602459004797067, 0.0, 0.0, 0.0, 0.0, 0.0, 0.0, 3.865855909731019, 0.0, 0.0, 0.0, 0.0, 0.0, 0.0, 0.0, 0.0, 0.397540995202933, 0.22019828260589483, 0.0, 0.0, 4.012240168725949, 0.0, 0.0, 3.007373900211462, 2.0, 1.668976136389586, 0.0, 1.0, 0.24709771248021825, 0.5786363380773214, 0.0, 0.0, 2.0, 0.8746266984451626, 0.12537330155483736, 0.0, 0.0, 3.0, 0.41546301988526807, 0.0, 0.0, 0.0, 2.0, 0.5845369801147319, 0.0, 2.0, 1.0, 0.4714169775076917, 0.0, 0.0, 4.10310927354386, 3.8968907264561405, 0.0, 0.0, 0.895553803638887, 0.8380039388508649, 1.2664422575102479, 2.0, 6.0, 0.0, 2.0, 1.0, 0.0, 0.0, 1.470547590206721, 2.103109273543859, 0.2921990459804386, 0.0, 0.0, 0.0, 0.0, 0.0, 0.0, 3.0, 0.0, 0.0, 0.0, 0.0, 1.584536980114732, 1.4686032822405422, 0.0, 0.0, 0.0, 1.7529022875197817, 0.0, 0.0, 1.3310238636104137, 0.0, 0.0, 0.0, 0.0, 0.0, 0.0, 0.0, 0.0, 0.3075296804579148, 0.0, 2.6924703195420854, 0.0, 0.0, 0.0, 0.0, 0.0, 0.0, 2.0, 0.0, 0.0, 0.0, 0.0, 0.0, 0.0, 0.0, 0.0, 0.0, 0.0, 0.0, 0.0, 0.0, 0.0, 0.9690065874931784, 0.5313967177594577, 0.0, 0.0, 0.0, 0.0, 0.0, 0.0, 0.0, 0.0, 0.0, 0.0, 0.0, 0.0, 0.0, 1.8968907264561399, 0.16199606114913512, 1.5285830224923085, 0.0, 0.0, 0.0, 0.0, 6.0, 0.0, 0.0, 0.0, 0.0, 0.6924703195420852, 0.0, 0.0, 0.0, 0.0, 0.0, 0.0, 0.42136366192267855, 0.5294524097932789, 0.0, 0.0, 0.0, 0.0, 0.0, 0.0, 0.0, 0.0, 0.0, 0.0, 0.0, 0.0, 0.0, 0.0, 0.0, 0.0, 0.0, 0.0, 0.0, 0.12537330155483742, 0.0, 0.0, 0.0, 0.0, 0.0, 0.0, 0.0, 0.9566727759547401, 0.0, 0.0, 1.7078009540195613, 0.0, 0.14777342040637306, 0.0, 0.0, 2.041087422947666, 0.9056201109519844, 0.0, 0.0, 0.0, 0.0, 0.7700351608356907, 0.0, 1.0, 0.0, 0.0, 0.0, 0.0, 0.0, 1.0, 0.0, 0.0, 0.2590716565910016, 0.0, 0.02658269178292998, 0.0, 0.59841730821707, 0.0, 0.0, 0.0, 1.0, 0.36160447381798755, 0.23939832231825467, 0.0, 0.375, 0.0, 1.0, 0.5329012464293311, 0.0, 0.22996483916430932, 0.0, 0.0, 0.0, 0.0, 0.0, 0.0, 0.0, 0.3558815011342087, 0.0, 0.0, 1.0, 0.0, 0.0, 0.6383955261820125, 0.0, 0.8674863349323556, 0.0, 0.0, 0.0, 0.0, 0.0, 1.0, 1.0, 0.0, 0.0, 0.0, 0.0, 0.0, 0.0, 0.0, 0.0, 0.13251366506764434, 0.4670987535706689, 0.0, 0.0, 0.5015300210907436, 0.0, 1.0, 0.6441184988657914]  :with objective: -572.7061933301462

  Local solver returns a feasible point with value -572.7062
disc:  333  :[0.0, 1.8, 2.0]
disc:  334  :[0.0, 1.068976136389586, 2.268976136389586, 6.0]
disc:  335  :[0.0, 0.1, 1.0]
disc:  336  :[0.0, 0.9, 1.0]
disc:  337  :[0.0, 0.04709771248021824, 0.44709771248021823, 2.0]
disc:  338  :[0.0, 0.4786363380773214, 0.6786363380773214, 1.0]
disc:  339  :[0.0, 0.2, 2.0]
disc:  340  :[0.0, 0.2, 2.0]
disc:  341  :[0.0, 1.8, 2.0]
disc:  342  :[0.0, 0.7746266984451626, 0.9746266984451626, 1.0]
disc:  343  :[0.0, 0.32537330155483735, 2.0]
disc:  344  :[0.0, 0.2, 2.0]
disc:  345  :[0.0, 0.1, 1.0]
disc:  346  :[0.0, 2.7, 3.0]
disc:  347  :[0.0, 0.21546301988526806, 0.6154630198852681, 2.0]
disc:  348  :[0.0, 0.6, 6.0]
disc:  349  :[0.0, 0.2, 2.0]
disc:  350  :[0.0, 0.1, 1.0]
disc:  351  :[0.0, 1.8, 2.0]
disc:  352  :[0.0, 1.1845369801147319, 6.0]
disc:  353  :[0.0, 0.1, 1.0]
disc:  354  :[0.0, 1.8, 2.0]
disc:  355  :[0.0, 0.9, 1.0]
disc:  356  :[0.0, 0.27141697750769167, 0.6714169775076917, 2.0]
disc:  357  :[0.0, 0.1, 1.0]
disc:  358  :[0.0, 0.2, 2.0]
disc:  359  :[0.0, 3.5031092735438603, 4.70310927354386, 6.0]
disc:  360  :[0.0, 3.2968907264561405, 4.49689072645614, 6.0]
disc:  361  :[0.0, 0.2, 2.0]
disc:  362  :[0.0, 0.1, 1.0]
disc:  363  :[0.0, 0.6955538036388871, 1.095553803638887, 2.0]
disc:  364  :[0.0, 0.7380039388508649, 0.9380039388508649, 1.0]
disc:  365  :[0.0, 0.9664422575102478, 1.566442257510248, 3.0]
disc:  366  :[0.0, 1.8, 2.0]
disc:  367  :[0.0, 5.4, 6.0]
disc:  368  :[0.0, 0.2, 2.0]
disc:  369  :[0.0, 1.8, 2.0]
disc:  370  :[0.0, 0.9, 1.0]
disc:  371  :[0.0, 0.2, 2.0]
disc:  372  :[0.0, 0.2, 2.0]
disc:  373  :[0.0, 1.2705475902067211, 1.670547590206721, 2.0]
disc:  374  :[0.0, 1.503109273543859, 2.703109273543859, 6.0]
disc:  375  :[0.0, 0.0921990459804386, 0.4921990459804386, 2.0]
disc:  376  :[0.0, 0.2, 2.0]
disc:  377  :[0.0, 0.6, 6.0]
disc:  378  :[0.0, 0.6, 6.0]
disc:  379  :[0.0, 0.2, 2.0]
disc:  380  :[0.0, 0.1, 1.0]
disc:  381  :[0.0, 0.3, 3.0]
disc:  382  :[0.0, 2.7, 3.0]
disc:  383  :[0.0, 0.2, 2.0]
disc:  384  :[0.0, 0.6, 6.0]
disc:  385  :[0.0, 0.2, 2.0]
disc:  502  :[0.0, 0.1, 1.0]
disc:  503  :[0.0, 0.1, 1.0]
disc:  504  :[0.0, 0.1, 1.0]
disc:  505  :[0.0, 0.6700351608356907, 0.8700351608356907, 1.0]
disc:  506  :[0.0, 0.1, 1.0]
disc:  507  :[0.0, 0.9, 1.0]
disc:  508  :[0.0, 0.1, 1.0]
disc:  509  :[0.0, 0.1, 1.0]
disc:  510  :[0.0, 0.1, 1.0]
disc:  511  :[0.0, 0.1, 1.0]
disc:  512  :[0.0, 0.1, 1.0]
disc:  513  :[0.0, 0.9, 1.0]
disc:  514  :[0.0, 0.1, 1.0]
disc:  515  :[0.0, 0.1, 1.0]
disc:  516  :[0.0, 0.15907165659100161, 0.3590716565910016, 1.0]
disc:  517  :[0.0, 0.1, 1.0]
disc:  518  :[0.0, 0.12658269178293, 1.0]
disc:  519  :[0.0, 0.1, 1.0]
disc:  520  :[0.0, 0.49841730821707, 0.6984173082170699, 1.0]
disc:  521  :[0.0, 0.1, 1.0]
disc:  522  :[0.0, 0.1, 1.0]
disc:  523  :[0.0, 0.1, 1.0]
disc:  524  :[0.0, 0.9, 1.0]
disc:  525  :[0.0, 0.26160447381798757, 0.4616044738179875, 1.0]
disc:  526  :[0.0, 0.13939832231825466, 0.3393983223182547, 1.0]
disc:  527  :[0.0, 0.1, 1.0]
disc:  528  :[0.0, 0.275, 0.475, 1.0]
disc:  529  :[0.0, 0.1, 1.0]
disc:  530  :[0.0, 0.9, 1.0]
disc:  531  :[0.0, 0.43290124642933114, 0.6329012464293311, 1.0]
disc:  532  :[0.0, 0.1, 1.0]
disc:  533  :[0.0, 0.12996483916430931, 0.3299648391643093, 1.0]
disc:  534  :[0.0, 0.1, 1.0]
disc:  535  :[0.0, 0.1, 1.0]
disc:  536  :[0.0, 0.1, 1.0]
disc:  537  :[0.0, 0.1, 1.0]
disc:  538  :[0.0, 0.1, 1.0]
disc:  539  :[0.0, 0.1, 1.0]
disc:  540  :[0.0, 0.1, 1.0]
disc:  541  :[0.0, 0.2558815011342087, 0.45588150113420867, 1.0]
disc:  542  :[0.0, 0.1, 1.0]
disc:  543  :[0.0, 0.1, 1.0]
disc:  544  :[0.0, 0.9, 1.0]
disc:  545  :[0.0, 0.1, 1.0]
disc:  546  :[0.0, 0.1, 1.0]
disc:  547  :[0.0, 0.5383955261820125, 0.7383955261820124, 1.0]
disc:  548  :[0.0, 0.1, 1.0]
disc:  549  :[0.0, 0.7674863349323556, 0.9674863349323556, 1.0]
disc:  550  :[0.0, 0.1, 1.0]
disc:  551  :[0.0, 0.1, 1.0]
disc:  552  :[0.0, 0.1, 1.0]
disc:  553  :[0.0, 0.1, 1.0]
disc:  554  :[0.0, 0.1, 1.0]
disc:  555  :[0.0, 0.9, 1.0]
disc:  556  :[0.0, 0.9, 1.0]
disc:  557  :[0.0, 0.1, 1.0]
disc:  558  :[0.0, 0.1, 1.0]
disc:  559  :[0.0, 0.1, 1.0]
disc:  560  :[0.0, 0.1, 1.0]
disc:  561  :[0.0, 0.1, 1.0]
disc:  562  :[0.0, 0.1, 1.0]
disc:  563  :[0.0, 0.1, 1.0]
disc:  564  :[0.0, 0.1, 1.0]
disc:  565  :[0.0, 0.03251366506764433, 0.23251366506764434, 1.0]
disc:  566  :[0.0, 0.3670987535706689, 0.5670987535706689, 1.0]
disc:  567  :[0.0, 0.1, 1.0]
disc:  568  :[0.0, 0.1, 1.0]
disc:  569  :[0.0, 0.40153002109074365, 0.6015300210907436, 1.0]
disc:  570  :[0.0, 0.1, 1.0]
disc:  571  :[0.0, 0.9, 1.0]
disc:  572  :[0.0, 0.5441184988657914, 0.7441184988657914, 1.0]
  Completed presolve in 20.72s
LOWER-BOUNDING ITERATIONS
====================================================================================================
| Iter   | Incumbent       | Best Incumbent      | Lower Bound        | Gap (%)         | Time      
| finish | -572.7062       | -572.7062           | -636.5158          | 11.142          | 31.92s           
Final UBD: -572.7061933301462
Final LBD: -636.5158026463353
====================================================================================================

*** Alpine ended with status OTHER_LIMIT ***

 Total time for local solves: 18.23s

 Total time for solving max-min problems: 0.0s

 Total time excluding max-min time: 31.92s

presolve objective value: -572.7061933301462
w_opt: 1-dimensional DenseAxisArray{Float64,1,...} with index sets:
    Dimension 1, [(25, 1, 2), (25, 1, 1), (25, 1, 14), (20, 1, 2), (20, 1, 1), (20, 1, 14), (1, 1, 2), (1, 1, 1), (1, 1, 14), (2, 1, 2)  …  (20, 15, 23), (20, 15, 3), (8, 15, 30), (8, 15, 29), (8, 15, 23), (8, 15, 3), (2, 15, 30), (2, 15, 29), (2, 15, 23), (2, 15, 3)]
And data, a 261-element Vector{Float64}:
 0.0
 0.0
 0.0
 0.0
 0.0
 0.0
 0.0
 0.0
 0.0
 0.0
 0.0
 0.0
 0.0
 0.0
 0.0
 0.0
 0.0
 0.0
 0.0
 3.0
 0.0
 0.0
 0.0
 0.0
 0.0
 0.0
 0.0
 0.0
 0.0
 0.0
 0.0
 0.0
 0.0
 0.0
 0.0
 0.0
 0.0
 0.0
 0.0
 0.0
 0.0
 0.0
 0.0
 0.0
 0.0
 0.0
 0.0
 0.0
 0.0
 1.470547590206721
 2.103109273543859
 0.2921990459804386
 0.0
 0.0
 0.0
 0.0
 0.0
 0.0
 0.0
 2.0
 1.0
 0.0
 0.0
 0.0
 0.0
 0.0
 0.0
 0.0
 0.0
 0.0
 0.0
 0.0
 0.0
 0.0
 0.5181433131820032
 1.5544299395460097
 0.0
 0.47879664463650934
 1.436389933909528
 0.0
 0.0
 0.0
 0.0
 0.0
 0.0
 0.0
 0.0
 0.0
 0.0
 0.0
 0.0
 0.0
 1.0030600421814873
 3.0091801265444618
 0.0
 0.0
 0.0
 0.0
 0.0
 0.0
 0.0
 0.7768806868534287
 0.7269569655726147
 1.0986213523710235
 0.1186731167854584
 0.11104697327825021
 0.1678209051392244
 0.0
 0.0
 0.0
 0.0
 0.0
 0.0
 0.10907168917029815
 0.10358984509314169
 0.0
 0.0
 0.0
 2.4553716067946136
 2.331966858941946
 0.0
 0.0
 0.0
 1.5386659775789475
 1.4613340224210527
 0.0
 0.0
 0.0
 0.0
 0.0
 0.0
 0.0
 0.0
 0.0
 0.0
 0.0
 0.0
 0.0
 0.0
 0.0
 0.0
 0.0
 0.0
 0.0
 0.0
 0.0
 0.0
 0.2512186949017969
 0.0
 0.0
 0.0
 0.22019828260589483
 0.0
 0.7232089476359751
 0.36160447381798755
 0.0
 0.0
 1.276791052364025
 0.6383955261820125
 0.0
 0.0
 0.0
 0.0
 0.0
 0.0
 0.0
 0.0
 0.0
 0.0
 0.0
 0.0
 0.0
 0.0
 0.41546301988526807
 0.0
 0.0
 0.0
 2.0
 0.5845369801147319
 0.0
 0.0
 0.0
 0.0
 0.0
 0.0
 0.0
 0.0
 0.0
 0.0
 0.0
 0.0
 0.0
 0.0
 0.0
 0.0
 0.0
 3.0
 0.0
 0.0
 0.0
 0.0
 0.0
 0.0
 0.0
 0.0
 0.0
 1.5400703216713814
 0.6734933104084099
 0.09654185042728074
 0.0
 0.0
 0.0
 0.0
 0.0
 0.0
 0.45992967832861864
 0.20113338803675268
 0.028831451127556727
 0.0
 0.0
 0.0
 0.0
 0.0
 0.0
 0.0
 0.24709771248021825
 0.5786363380773214
 0.0
 0.0
 0.0
 0.0
 0.0
 0.0
 0.0
 0.0
 0.0
 0.0
 0.0
 0.0
 0.0
 0.0
 0.0
 0.0
 0.0
 0.0
 0.0
 0.0
 0.0
 0.0
 0.7117630022684174
 0.5939577327754977
 0.0
 0.3558815011342087
 0.0
 0.0
 0.0
 0.0
 1.2882369977315828
 1.0750184036140884
 0.0
 0.6441184988657914
x_ij_opt: 1-dimensional DenseAxisArray{Float64,1,...} with index sets:
    Dimension 1, [(43, 30), (43, 22), (43, 6), (44, 22), (45, 30), (45, 29), (45, 28), (45, 24), (45, 23), (40, 29)  …  (5, 7), (5, 14), (6, 4), (6, 3), (1, 14), (1, 10), (1, 23), (1, 1), (3, 2), (3, 1)]
And data, a 116-element Vector{Float64}:
 0.0
 1.584536980114732
 1.4686032822405422
 0.0
 0.0
 0.0
 1.7529022875197817
 0.0
 0.0
 1.3310238636104137
 0.0
 0.0
 0.0
 0.0
 0.0
 0.0
 0.0
 0.0
 0.3075296804579148
 0.0
 2.6924703195420854
 0.0
 0.0
 0.0
 0.0
 0.0
 0.0
 2.0
 0.0
 0.0
 0.0
 0.0
 0.0
 0.0
 0.0
 0.0
 0.0
 0.0
 0.0
 0.0
 0.0
 0.0
 0.9690065874931784
 0.5313967177594577
 0.0
 0.0
 0.0
 0.0
 0.0
 0.0
 0.0
 0.0
 0.0
 0.0
 0.0
 0.0
 0.0
 1.8968907264561399
 0.16199606114913512
 1.5285830224923085
 0.0
 0.0
 0.0
 0.0
 6.0
 0.0
 0.0
 0.0
 0.0
 0.6924703195420852
 0.0
 0.0
 0.0
 0.0
 0.0
 0.0
 0.42136366192267855
 0.5294524097932789
 0.0
 0.0
 0.0
 0.0
 0.0
 0.0
 0.0
 0.0
 0.0
 0.0
 0.0
 0.0
 0.0
 0.0
 0.0
 0.0
 0.0
 0.0
 0.0
 0.12537330155483742
 0.0
 0.0
 0.0
 0.0
 0.0
 0.0
 0.0
 0.9566727759547401
 0.0
 0.0
 1.7078009540195613
 0.0
 0.14777342040637306
 0.0
 0.0
 2.041087422947666
 0.9056201109519844
 0.0
x_il_opt: 1-dimensional DenseAxisArray{Float64,1,...} with index sets:
    Dimension 1, [(43, 15), (43, 14), (44, 15), (44, 13), (44, 3), (40, 14), (40, 2), (41, 14), (42, 6), (37, 13)  …  (4, 13), (5, 2), (5, 7), (5, 9), (6, 11), (1, 1), (1, 6), (1, 3), (2, 1), (2, 15)]
And data, a 71-element Vector{Float64}:
 0.0
 0.0
 0.0
 2.310105482507072
 0.0
 0.8257340505575397
 0.0
 0.0
 0.0
 0.0
 0.0
 3.0
 0.0
 0.0
 2.072573252728013
 0.0
 0.21266153426343984
 0.0
 4.78733846573656
 0.0
 0.0
 0.0
 3.0
 1.0848134214539626
 1.9151865785460374
 0.0
 3.0
 0.0
 3.0
 0.2512186949017969
 0.0
 0.6898945174929281
 0.0
 0.0
 0.0
 0.0
 0.0
 0.0
 0.0
 1.661602236178124
 0.0
 0.0
 3.0
 0.0
 0.0
 1.9151865785460374
 0.0
 2.602459004797067
 0.0
 0.0
 0.0
 0.0
 0.0
 0.0
 3.865855909731019
 0.0
 0.0
 0.0
 0.0
 0.0
 0.0
 0.0
 0.0
 0.397540995202933
 0.22019828260589483
 0.0
 0.0
 4.012240168725949
 0.0
 0.0
 3.007373900211462
x_lj_opt: 1-dimensional DenseAxisArray{Float64,1,...} with index sets:
    Dimension 1, [(15, 30), (15, 29), (15, 23), (15, 3), (14, 28), (14, 27), (14, 10), (14, 24), (13, 26), (13, 25)  …  (3, 6), (3, 5), (3, 29), (2, 4), (2, 3), (2, 1), (2, 5), (1, 2), (1, 1), (1, 14)]
And data, a 53-element Vector{Float64}:
 2.0
 1.668976136389586
 0.0
 1.0
 0.24709771248021825
 0.5786363380773214
 0.0
 0.0
 2.0
 0.8746266984451626
 0.12537330155483736
 0.0
 0.0
 3.0
 0.41546301988526807
 0.0
 0.0
 0.0
 2.0
 0.5845369801147319
 0.0
 2.0
 1.0
 0.4714169775076917
 0.0
 0.0
 4.10310927354386
 3.8968907264561405
 0.0
 0.0
 0.895553803638887
 0.8380039388508649
 1.2664422575102479
 2.0
 6.0
 0.0
 2.0
 1.0
 0.0
 0.0
 1.470547590206721
 2.103109273543859
 0.2921990459804386
 0.0
 0.0
 0.0
 0.0
 0.0
 0.0
 3.0
 0.0
 0.0
 0.0
q_opt: 1-dimensional DenseAxisArray{Float64,1,...} with index sets:
    Dimension 1, [(43, 15), (43, 14), (44, 15), (44, 13), (44, 3), (40, 14), (40, 2), (41, 14), (42, 6), (37, 13)  …  (4, 13), (5, 2), (5, 7), (5, 9), (6, 11), (1, 1), (1, 6), (1, 3), (2, 1), (2, 15)]
And data, a 71-element Vector{Float64}:
 0.0
 0.0
 0.0
 0.7700351608356907
 0.0
 1.0
 0.0
 0.0
 0.0
 0.0
 0.0
 1.0
 0.0
 0.0
 0.2590716565910016
 0.0
 0.02658269178292998
 0.0
 0.59841730821707
 0.0
 0.0
 0.0
 1.0
 0.36160447381798755
 0.23939832231825467
 0.0
 0.375
 0.0
 1.0
 0.5329012464293311
 0.0
 0.22996483916430932
 0.0
 0.0
 0.0
 0.0
 0.0
 0.0
 0.0
 0.3558815011342087
 0.0
 0.0
 1.0
 0.0
 0.0
 0.6383955261820125
 0.0
 0.8674863349323556
 0.0
 0.0
 0.0
 0.0
 0.0
 1.0
 1.0
 0.0
 0.0
 0.0
 0.0
 0.0
 0.0
 0.0
 0.0
 0.13251366506764434
 0.4670987535706689
 0.0
 0.0
 0.5015300210907436
 0.0
 1.0
 0.6441184988657914
