
PROBLEM STATISTICS
  Objective sense = Min
  # Variables = 572
  # Bin-Int Variables = 0
  # Constraints = 621
  # NL Constraints = 261
  # Linear Constraints = 360
  # Detected convex constraints = 0
  # Detected nonlinear terms = 261
  # Variables involved in nonlinear terms = 124
  # Potential variables for partitioning = 124
SUB-SOLVERS USED BY ALPINE
  NLP local solver = Knitro
  MIP solver = Gurobi
ALPINE CONFIGURATION
  Maximum iterations (lower-bounding MIPs) =  1
  Relative global optimality gap = 0.01%
  Potential variables chosen for partitioning = All
  Discretization ratio = 10
  Bound-tightening presolve = false
PRESOLVE 
  Doing local search

Feasible solution found during presolve: [1.2301816997496182, 0.0, 0.0, 0.7698183002503818, 0.0, 0.0, 0.0, 0.0, 0.0, 0.0, 0.0, 0.0, 0.0, 0.0, 0.0, 0.0, 2.0, 0.0, 0.20633986849065583, 0.7936601315093446, 0.0, 0.0, 0.0, 0.0, 0.0, 0.0, 0.0, 0.0, 0.0, 0.664329597020559, 0.21781612146109303, 0.0, 0.0, 0.0, 0.0, 4.5420102714700965, 1.4892051557014185, 0.0, 0.0, 0.0, 0.0, 0.0, 0.0, 0.0, 0.0, 0.0, 0.0, 0.0, 0.0, 1.1477152054906667, 1.324232445706177, 0.0, 0.0, 0.0, 0.0, 0.0, 0.0, 0.0, 0.0, 2.0, 1.0, 0.0, 0.0, 0.0, 0.0, 0.0, 0.0, 0.0, 0.0, 0.0, 0.0, 0.6924556025561031, 2.077366807668309, 0.0, 0.0, 0.0, 0.0, 0.47649735294868817, 1.4294920588460645, 0.0, 0.0, 0.0, 0.0, 0.0, 0.0, 0.0, 0.0, 0.0, 0.0, 0.0, 0.0, 0.0, 0.8310470444952087, 2.493141133485626, 0.0, 0.0, 0.0, 0.0, 0.0, 0.0, 0.0, 1.4350627996593528, 0.4108821526450393, 1.1540550476956077, 0.0, 0.0, 0.0, 0.0, 0.0, 0.0, 0.0, 0.0, 0.0, 0.0, 0.0, 0.0, 0.0, 0.0, 3.6018196714467337, 1.9776881178265857, 0.0, 0.0, 0.0, 1.5625350458224587, 0.857957164904222, 0.0, 0.0, 0.0, 0.0, 0.0, 0.0, 0.0, 0.0, 0.0, 0.0, 0.0, 0.0, 0.0, 0.0, 0.0, 0.0, 0.0, 0.0, 0.0, 0.0, 0.0, 0.0, 0.34505517016461384, 0.0, 0.0, 0.0, 0.0, 0.0, 0.7293403921368314, 0.3646701960684157, 0.0, 0.0, 1.2706596078631684, 0.6353298039315842, 0.0, 0.0, 0.0, 0.0, 0.0, 0.0, 0.0, 0.0, 0.0, 0.0, 0.0, 0.0, 0.0, 0.0, 1.7070212771625117, 0.0, 0.0, 0.0, 1.2929787228374883, 0.0, 0.0, 0.0, 0.0, 0.0, 0.0, 0.0, 0.0, 0.0, 0.0, 0.0, 0.0, 0.0, 0.0, 0.0, 0.0, 0.707021277162512, 1.0, 1.2929787228374883, 0.0, 0.0, 0.0, 0.0, 0.0, 0.0, 0.0, 0.0, 0.0, 1.5057816709012268, 0.7528908354506134, 0.0, 0.4942183290987732, 0.2471091645493866, 0.0, 0.0, 0.0, 0.0, 0.0, 0.0, 0.0, 0.0, 0.0, 0.0, 0.0, 0.0, 0.0, 0.0, 0.3513834202116442, 0.5794293952648897, 0.0, 0.0, 0.0, 0.0, 0.0, 0.0, 0.0, 0.0, 0.0, 0.0, 0.0, 0.0, 0.0, 0.0, 0.0, 0.0, 0.0, 0.0, 0.0, 0.0, 0.0, 0.0, 0.5520127861554162, 0.0, 0.0, 0.2760063930777081, 0.0, 0.0, 0.0, 0.0, 1.447987213844584, 0.0, 0.0, 0.7239936069222919, 0.0, 0.0, 0.0, 2.2586725063518402, 0.8821457184816521, 0.9308128154765338, 0.0, 0.0, 2.7698224102244127, 0.7413274936481599, 0.0, 3.0, 0.0, 0.0, 0.0, 0.0, 0.0, 0.0, 5.579507789273318, 0.0, 0.0, 0.0, 3.0, 1.094010588205247, 1.9059894117947527, 0.0, 2.420492210726681, 0.0, 3.0, 0.34505517016461384, 1.2301816997496182, 0.0, 0.0, 0.0, 0.0, 0.0, 0.0, 0.0, 0.7698183002503818, 0.8280191792331241, 0.0, 0.0, 3.0, 0.0, 0.0, 1.9059894117947527, 0.0, 3.0, 0.0, 0.0, 0.0, 0.0, 0.0, 0.0, 2.4719476511968437, 0.0, 0.0, 6.0312154271715155, 0.0, 0.0, 0.0, 0.0, 0.0, 0.0, 0.0, 0.0, 0.0, 3.324188177980835, 0.0, 0.0, 2.171980820766876, 2.0, 0.0, 0.0, 1.0, 0.3513834202116442, 0.5794293952648897, 0.0, 0.0, 2.0, 1.0, 0.0, 0.707021277162512, 1.0, 1.2929787228374883, 1.7070212771625117, 0.0, 0.0, 0.0, 1.2929787228374883, 0.0, 0.0, 2.0, 1.0, 0.34505517016461384, 0.0, 0.0, 5.164354717269192, 2.8356452827308076, 0.0, 0.0, 1.4350627996593528, 0.4108821526450393, 1.1540550476956077, 2.0, 6.0, 0.0, 2.0, 1.0, 0.0, 0.0, 1.1477152054906667, 1.324232445706177, 0.0, 0.0, 5.206339868490656, 1.7070212771625115, 2.0, 0.0, 0.20633986849065583, 0.7936601315093446, 2.0, 0.0, 0.0, 0.0, 0.2929787228374885, 1.4601605174395225, 0.0, 0.0, 0.0, 1.6486165797883559, 0.0, 0.0, 0.0, 0.0, 0.0, 0.0, 0.0, 0.0, 0.0, 0.0, 0.0, 0.22117639071290326, 0.0, 0.0, 0.0, 0.0, 0.0, 0.0, 0.0, 0.0, 2.0, 0.0, 3.0, 0.0, 0.0, 0.0, 0.0, 0.0, 0.0, 0.0, 0.0, 0.0, 0.0, 0.0, 0.0, 0.0, 0.5398394825604778, 0.0, 0.0, 0.0, 0.0, 0.0, 0.0, 0.0, 0.0, 0.0, 0.0, 0.0, 0.0, 0.0, 0.8356452827308075, 0.5891178473549605, 1.6549448298353862, 0.0, 0.0, 0.0, 0.0, 6.0, 0.0, 0.0, 0.0, 0.0, 0.7788236092870968, 0.0, 0.0, 0.0, 0.0, 0.0, 0.0, 0.42057060473511043, 0.8522847945093334, 0.0, 0.0, 0.0, 0.0, 0.0, 0.0, 0.0, 0.0, 0.0, 0.0, 0.0, 0.0, 0.0, 0.0, 1.8401222715630159, 0.0, 0.0, 0.0, 0.0, 0.0, 0.0, 0.0, 0.0, 0.0, 0.0, 0.0, 0.0, 0.5287304621352176, 0.0, 0.0, 0.0, 0.0, 0.03620673820542984, 0.0, 0.0, 4.639605083813736, 0.0, 0.0, 0.0, 0.0, 0.0, 0.7528908354506134, 0.12760012096812104, 1.0, 0.0, 0.0, 0.34622780127805153, 0.2471091645493866, 0.0, 1.0, 0.0, 0.0, 0.0, 0.0, 0.0, 0.0, 0.6974384736591649, 0.0, 0.0, 0.0, 1.0, 0.3646701960684157, 0.23824867647434408, 0.0, 0.3025615263408351, 0.0, 1.0, 1.0, 0.6150908498748091, 0.0, 0.0, 0.0, 0.0, 0.0, 0.0, 0.0, 0.3849091501251909, 0.2760063930777081, 0.0, 0.0, 1.0, 0.0, 0.0, 0.6353298039315842, 0.0, 1.0, 0.0, 0.0, 0.0, 0.0, 0.0, 0.0, 1.0, 0.0, 0.0, 0.8723998790318789, 0.0, 0.0, 0.0, 0.0, 0.0, 0.0, 0.0, 0.0, 0.0, 0.41552352224760436, 0.0, 0.0, 0.723993606922292]  :with objective: -610.2156388468181

  Local solver returns a feasible point with value -610.2156
disc:  333  :[0.0, 1.8, 2.0]
disc:  334  :[0.0, 0.6, 6.0]
disc:  335  :[0.0, 0.1, 1.0]
disc:  336  :[0.0, 0.9, 1.0]
disc:  337  :[0.0, 0.1513834202116442, 0.5513834202116442, 2.0]
disc:  338  :[0.0, 0.4794293952648897, 0.6794293952648897, 1.0]
disc:  339  :[0.0, 0.2, 2.0]
disc:  340  :[0.0, 0.2, 2.0]
disc:  341  :[0.0, 1.8, 2.0]
disc:  342  :[0.0, 0.9, 1.0]
disc:  343  :[0.0, 0.2, 2.0]
disc:  344  :[0.0, 0.507021277162512, 0.9070212771625119, 2.0]
disc:  345  :[0.0, 0.9, 1.0]
disc:  346  :[0.0, 0.9929787228374882, 1.5929787228374883, 3.0]
disc:  347  :[0.0, 1.5070212771625118, 1.9070212771625117, 2.0]
disc:  348  :[0.0, 0.6, 6.0]
disc:  349  :[0.0, 0.2, 2.0]
disc:  350  :[0.0, 0.1, 1.0]
disc:  351  :[0.0, 1.0929787228374883, 1.4929787228374882, 2.0]
disc:  352  :[0.0, 0.6, 6.0]
disc:  353  :[0.0, 0.1, 1.0]
disc:  354  :[0.0, 1.8, 2.0]
disc:  355  :[0.0, 0.9, 1.0]
disc:  356  :[0.0, 0.14505517016461383, 0.5450551701646138, 2.0]
disc:  357  :[0.0, 0.1, 1.0]
disc:  358  :[0.0, 0.2, 2.0]
disc:  359  :[0.0, 4.564354717269192, 5.764354717269192, 6.0]
disc:  360  :[0.0, 2.2356452827308075, 3.4356452827308077, 6.0]
disc:  361  :[0.0, 0.2, 2.0]
disc:  362  :[0.0, 0.1, 1.0]
disc:  363  :[0.0, 1.2350627996593528, 1.6350627996593528, 2.0]
disc:  364  :[0.0, 0.31088215264503927, 0.5108821526450393, 1.0]
disc:  365  :[0.0, 0.8540550476956077, 1.4540550476956078, 3.0]
disc:  366  :[0.0, 1.8, 2.0]
disc:  367  :[0.0, 5.4, 6.0]
disc:  368  :[0.0, 0.2, 2.0]
disc:  369  :[0.0, 1.8, 2.0]
disc:  370  :[0.0, 0.9, 1.0]
disc:  371  :[0.0, 0.2, 2.0]
disc:  372  :[0.0, 0.2, 2.0]
disc:  373  :[0.0, 0.9477152054906668, 1.3477152054906667, 2.0]
disc:  374  :[0.0, 0.724232445706177, 1.9242324457061768, 6.0]
disc:  375  :[0.0, 0.2, 2.0]
disc:  376  :[0.0, 0.2, 2.0]
disc:  377  :[0.0, 4.6063398684906565, 5.806339868490656, 6.0]
disc:  378  :[0.0, 1.1070212771625116, 2.3070212771625114, 6.0]
disc:  379  :[0.0, 1.8, 2.0]
disc:  380  :[0.0, 0.1, 1.0]
disc:  381  :[0.0, 0.5063398684906558, 3.0]
disc:  382  :[0.0, 0.49366013150934457, 1.0936601315093446, 3.0]
disc:  383  :[0.0, 1.8, 2.0]
disc:  384  :[0.0, 0.6, 6.0]
disc:  385  :[0.0, 0.2, 2.0]
disc:  502  :[0.0, 0.1, 1.0]
disc:  503  :[0.0, 0.1, 1.0]
disc:  504  :[0.0, 0.1, 1.0]
disc:  505  :[0.0, 0.6528908354506134, 0.8528908354506134, 1.0]
disc:  506  :[0.0, 0.027600120968121034, 0.22760012096812104, 1.0]
disc:  507  :[0.0, 0.9, 1.0]
disc:  508  :[0.0, 0.1, 1.0]
disc:  509  :[0.0, 0.1, 1.0]
disc:  510  :[0.0, 0.24622780127805152, 0.4462278012780515, 1.0]
disc:  511  :[0.0, 0.1471091645493866, 0.3471091645493866, 1.0]
disc:  512  :[0.0, 0.1, 1.0]
disc:  513  :[0.0, 0.9, 1.0]
disc:  514  :[0.0, 0.1, 1.0]
disc:  515  :[0.0, 0.1, 1.0]
disc:  516  :[0.0, 0.1, 1.0]
disc:  517  :[0.0, 0.1, 1.0]
disc:  518  :[0.0, 0.1, 1.0]
disc:  519  :[0.0, 0.1, 1.0]
disc:  520  :[0.0, 0.5974384736591649, 0.7974384736591649, 1.0]
disc:  521  :[0.0, 0.1, 1.0]
disc:  522  :[0.0, 0.1, 1.0]
disc:  523  :[0.0, 0.1, 1.0]
disc:  524  :[0.0, 0.9, 1.0]
disc:  525  :[0.0, 0.2646701960684157, 0.46467019606841575, 1.0]
disc:  526  :[0.0, 0.13824867647434408, 0.3382486764743441, 1.0]
disc:  527  :[0.0, 0.1, 1.0]
disc:  528  :[0.0, 0.2025615263408351, 0.4025615263408351, 1.0]
disc:  529  :[0.0, 0.1, 1.0]
disc:  530  :[0.0, 0.9, 1.0]
disc:  531  :[0.0, 0.9, 1.0]
disc:  532  :[0.0, 0.5150908498748091, 0.7150908498748091, 1.0]
disc:  533  :[0.0, 0.1, 1.0]
disc:  534  :[0.0, 0.1, 1.0]
disc:  535  :[0.0, 0.1, 1.0]
disc:  536  :[0.0, 0.1, 1.0]
disc:  537  :[0.0, 0.1, 1.0]
disc:  538  :[0.0, 0.1, 1.0]
disc:  539  :[0.0, 0.1, 1.0]
disc:  540  :[0.0, 0.2849091501251909, 0.48490915012519087, 1.0]
disc:  541  :[0.0, 0.17600639307770807, 0.3760063930777081, 1.0]
disc:  542  :[0.0, 0.1, 1.0]
disc:  543  :[0.0, 0.1, 1.0]
disc:  544  :[0.0, 0.9, 1.0]
disc:  545  :[0.0, 0.1, 1.0]
disc:  546  :[0.0, 0.1, 1.0]
disc:  547  :[0.0, 0.5353298039315842, 0.7353298039315842, 1.0]
disc:  548  :[0.0, 0.1, 1.0]
disc:  549  :[0.0, 0.9, 1.0]
disc:  550  :[0.0, 0.1, 1.0]
disc:  551  :[0.0, 0.1, 1.0]
disc:  552  :[0.0, 0.1, 1.0]
disc:  553  :[0.0, 0.1, 1.0]
disc:  554  :[0.0, 0.1, 1.0]
disc:  555  :[0.0, 0.1, 1.0]
disc:  556  :[0.0, 0.9, 1.0]
disc:  557  :[0.0, 0.1, 1.0]
disc:  558  :[0.0, 0.1, 1.0]
disc:  559  :[0.0, 0.7723998790318789, 0.9723998790318789, 1.0]
disc:  560  :[0.0, 0.1, 1.0]
disc:  561  :[0.0, 0.1, 1.0]
disc:  562  :[0.0, 0.1, 1.0]
disc:  563  :[0.0, 0.1, 1.0]
disc:  564  :[0.0, 0.1, 1.0]
disc:  565  :[0.0, 0.1, 1.0]
disc:  566  :[0.0, 0.1, 1.0]
disc:  567  :[0.0, 0.1, 1.0]
disc:  568  :[0.0, 0.1, 1.0]
disc:  569  :[0.0, 0.3155235222476044, 0.5155235222476043, 1.0]
disc:  570  :[0.0, 0.1, 1.0]
disc:  571  :[0.0, 0.1, 1.0]
disc:  572  :[0.0, 0.623993606922292, 0.823993606922292, 1.0]
  Completed presolve in 7.08s
LOWER-BOUNDING ITERATIONS
====================================================================================================
| Iter   | Incumbent       | Best Incumbent      | Lower Bound        | Gap (%)         | Time      
| finish | -610.2156       | -610.2156           | -627.0144          | 2.753           | 25.33s           
Final UBD: -610.2156388468181
Final LBD: -627.0143542308615
====================================================================================================

*** Alpine ended with status OTHER_LIMIT ***

 Total time for local solves: 4.69s

 Total time for solving max-min problems: 0.0s

 Total time excluding max-min time: 25.33s

presolve objective value: -610.2156388468181
w_opt: 1-dimensional DenseAxisArray{Float64,1,...} with index sets:
    Dimension 1, [(25, 1, 2), (25, 1, 1), (25, 1, 14), (20, 1, 2), (20, 1, 1), (20, 1, 14), (1, 1, 2), (1, 1, 1), (1, 1, 14), (2, 1, 2)  …  (20, 15, 23), (20, 15, 3), (8, 15, 30), (8, 15, 29), (8, 15, 23), (8, 15, 3), (2, 15, 30), (2, 15, 29), (2, 15, 23), (2, 15, 3)]
And data, a 261-element Vector{Float64}:
 1.2301816997496182
 0.0
 0.0
 0.7698183002503818
 0.0
 0.0
 0.0
 0.0
 0.0
 0.0
 0.0
 0.0
 0.0
 0.0
 0.0
 0.0
 2.0
 0.0
 0.20633986849065583
 0.7936601315093446
 0.0
 0.0
 0.0
 0.0
 0.0
 0.0
 0.0
 0.0
 0.0
 0.664329597020559
 0.21781612146109303
 0.0
 0.0
 0.0
 0.0
 4.5420102714700965
 1.4892051557014185
 0.0
 0.0
 0.0
 0.0
 0.0
 0.0
 0.0
 0.0
 0.0
 0.0
 0.0
 0.0
 1.1477152054906667
 1.324232445706177
 0.0
 0.0
 0.0
 0.0
 0.0
 0.0
 0.0
 0.0
 2.0
 1.0
 0.0
 0.0
 0.0
 0.0
 0.0
 0.0
 0.0
 0.0
 0.0
 0.0
 0.6924556025561031
 2.077366807668309
 0.0
 0.0
 0.0
 0.0
 0.47649735294868817
 1.4294920588460645
 0.0
 0.0
 0.0
 0.0
 0.0
 0.0
 0.0
 0.0
 0.0
 0.0
 0.0
 0.0
 0.0
 0.8310470444952087
 2.493141133485626
 0.0
 0.0
 0.0
 0.0
 0.0
 0.0
 0.0
 1.4350627996593528
 0.4108821526450393
 1.1540550476956077
 0.0
 0.0
 0.0
 0.0
 0.0
 0.0
 0.0
 0.0
 0.0
 0.0
 0.0
 0.0
 0.0
 0.0
 3.6018196714467337
 1.9776881178265857
 0.0
 0.0
 0.0
 1.5625350458224587
 0.857957164904222
 0.0
 0.0
 0.0
 0.0
 0.0
 0.0
 0.0
 0.0
 0.0
 0.0
 0.0
 0.0
 0.0
 0.0
 0.0
 0.0
 0.0
 0.0
 0.0
 0.0
 0.0
 0.0
 0.34505517016461384
 0.0
 0.0
 0.0
 0.0
 0.0
 0.7293403921368314
 0.3646701960684157
 0.0
 0.0
 1.2706596078631684
 0.6353298039315842
 0.0
 0.0
 0.0
 0.0
 0.0
 0.0
 0.0
 0.0
 0.0
 0.0
 0.0
 0.0
 0.0
 0.0
 1.7070212771625117
 0.0
 0.0
 0.0
 1.2929787228374883
 0.0
 0.0
 0.0
 0.0
 0.0
 0.0
 0.0
 0.0
 0.0
 0.0
 0.0
 0.0
 0.0
 0.0
 0.0
 0.0
 0.707021277162512
 1.0
 1.2929787228374883
 0.0
 0.0
 0.0
 0.0
 0.0
 0.0
 0.0
 0.0
 0.0
 1.5057816709012268
 0.7528908354506134
 0.0
 0.4942183290987732
 0.2471091645493866
 0.0
 0.0
 0.0
 0.0
 0.0
 0.0
 0.0
 0.0
 0.0
 0.0
 0.0
 0.0
 0.0
 0.0
 0.3513834202116442
 0.5794293952648897
 0.0
 0.0
 0.0
 0.0
 0.0
 0.0
 0.0
 0.0
 0.0
 0.0
 0.0
 0.0
 0.0
 0.0
 0.0
 0.0
 0.0
 0.0
 0.0
 0.0
 0.0
 0.0
 0.5520127861554162
 0.0
 0.0
 0.2760063930777081
 0.0
 0.0
 0.0
 0.0
 1.447987213844584
 0.0
 0.0
 0.7239936069222919
x_ij_opt: 1-dimensional DenseAxisArray{Float64,1,...} with index sets:
    Dimension 1, [(43, 30), (43, 22), (43, 6), (44, 22), (45, 30), (45, 29), (45, 28), (45, 24), (45, 23), (40, 29)  …  (5, 7), (5, 14), (6, 4), (6, 3), (1, 14), (1, 10), (1, 23), (1, 1), (3, 2), (3, 1)]
And data, a 116-element Vector{Float64}:
 0.0
 0.2929787228374885
 1.4601605174395225
 0.0
 0.0
 0.0
 1.6486165797883559
 0.0
 0.0
 0.0
 0.0
 0.0
 0.0
 0.0
 0.0
 0.0
 0.0
 0.0
 0.22117639071290326
 0.0
 0.0
 0.0
 0.0
 0.0
 0.0
 0.0
 0.0
 2.0
 0.0
 3.0
 0.0
 0.0
 0.0
 0.0
 0.0
 0.0
 0.0
 0.0
 0.0
 0.0
 0.0
 0.0
 0.0
 0.5398394825604778
 0.0
 0.0
 0.0
 0.0
 0.0
 0.0
 0.0
 0.0
 0.0
 0.0
 0.0
 0.0
 0.0
 0.8356452827308075
 0.5891178473549605
 1.6549448298353862
 0.0
 0.0
 0.0
 0.0
 6.0
 0.0
 0.0
 0.0
 0.0
 0.7788236092870968
 0.0
 0.0
 0.0
 0.0
 0.0
 0.0
 0.42057060473511043
 0.8522847945093334
 0.0
 0.0
 0.0
 0.0
 0.0
 0.0
 0.0
 0.0
 0.0
 0.0
 0.0
 0.0
 0.0
 0.0
 1.8401222715630159
 0.0
 0.0
 0.0
 0.0
 0.0
 0.0
 0.0
 0.0
 0.0
 0.0
 0.0
 0.0
 0.5287304621352176
 0.0
 0.0
 0.0
 0.0
 0.03620673820542984
 0.0
 0.0
 4.639605083813736
 0.0
 0.0
x_il_opt: 1-dimensional DenseAxisArray{Float64,1,...} with index sets:
    Dimension 1, [(43, 15), (43, 14), (44, 15), (44, 13), (44, 3), (40, 14), (40, 2), (41, 14), (42, 6), (37, 13)  …  (4, 13), (5, 2), (5, 7), (5, 9), (6, 11), (1, 1), (1, 6), (1, 3), (2, 1), (2, 15)]
And data, a 71-element Vector{Float64}:
 0.0
 0.0
 0.0
 2.2586725063518402
 0.8821457184816521
 0.9308128154765338
 0.0
 0.0
 2.7698224102244127
 0.7413274936481599
 0.0
 3.0
 0.0
 0.0
 0.0
 0.0
 0.0
 0.0
 5.579507789273318
 0.0
 0.0
 0.0
 3.0
 1.094010588205247
 1.9059894117947527
 0.0
 2.420492210726681
 0.0
 3.0
 0.34505517016461384
 1.2301816997496182
 0.0
 0.0
 0.0
 0.0
 0.0
 0.0
 0.0
 0.7698183002503818
 0.8280191792331241
 0.0
 0.0
 3.0
 0.0
 0.0
 1.9059894117947527
 0.0
 3.0
 0.0
 0.0
 0.0
 0.0
 0.0
 0.0
 2.4719476511968437
 0.0
 0.0
 6.0312154271715155
 0.0
 0.0
 0.0
 0.0
 0.0
 0.0
 0.0
 0.0
 0.0
 3.324188177980835
 0.0
 0.0
 2.171980820766876
x_lj_opt: 1-dimensional DenseAxisArray{Float64,1,...} with index sets:
    Dimension 1, [(15, 30), (15, 29), (15, 23), (15, 3), (14, 28), (14, 27), (14, 10), (14, 24), (13, 26), (13, 25)  …  (3, 6), (3, 5), (3, 29), (2, 4), (2, 3), (2, 1), (2, 5), (1, 2), (1, 1), (1, 14)]
And data, a 53-element Vector{Float64}:
 2.0
 0.0
 0.0
 1.0
 0.3513834202116442
 0.5794293952648897
 0.0
 0.0
 2.0
 1.0
 0.0
 0.707021277162512
 1.0
 1.2929787228374883
 1.7070212771625117
 0.0
 0.0
 0.0
 1.2929787228374883
 0.0
 0.0
 2.0
 1.0
 0.34505517016461384
 0.0
 0.0
 5.164354717269192
 2.8356452827308076
 0.0
 0.0
 1.4350627996593528
 0.4108821526450393
 1.1540550476956077
 2.0
 6.0
 0.0
 2.0
 1.0
 0.0
 0.0
 1.1477152054906667
 1.324232445706177
 0.0
 0.0
 5.206339868490656
 1.7070212771625115
 2.0
 0.0
 0.20633986849065583
 0.7936601315093446
 2.0
 0.0
 0.0
q_opt: 1-dimensional DenseAxisArray{Float64,1,...} with index sets:
    Dimension 1, [(43, 15), (43, 14), (44, 15), (44, 13), (44, 3), (40, 14), (40, 2), (41, 14), (42, 6), (37, 13)  …  (4, 13), (5, 2), (5, 7), (5, 9), (6, 11), (1, 1), (1, 6), (1, 3), (2, 1), (2, 15)]
And data, a 71-element Vector{Float64}:
 0.0
 0.0
 0.0
 0.7528908354506134
 0.12760012096812104
 1.0
 0.0
 0.0
 0.34622780127805153
 0.2471091645493866
 0.0
 1.0
 0.0
 0.0
 0.0
 0.0
 0.0
 0.0
 0.6974384736591649
 0.0
 0.0
 0.0
 1.0
 0.3646701960684157
 0.23824867647434408
 0.0
 0.3025615263408351
 0.0
 1.0
 1.0
 0.6150908498748091
 0.0
 0.0
 0.0
 0.0
 0.0
 0.0
 0.0
 0.3849091501251909
 0.2760063930777081
 0.0
 0.0
 1.0
 0.0
 0.0
 0.6353298039315842
 0.0
 1.0
 0.0
 0.0
 0.0
 0.0
 0.0
 0.0
 1.0
 0.0
 0.0
 0.8723998790318789
 0.0
 0.0
 0.0
 0.0
 0.0
 0.0
 0.0
 0.0
 0.0
 0.41552352224760436
 0.0
 0.0
 0.723993606922292
