
PROBLEM STATISTICS
  Objective sense = Min
  # Variables = 572
  # Bin-Int Variables = 0
  # Constraints = 621
  # NL Constraints = 261
  # Linear Constraints = 360
  # Detected convex constraints = 0
  # Detected nonlinear terms = 261
  # Variables involved in nonlinear terms = 124
  # Potential variables for partitioning = 124
SUB-SOLVERS USED BY ALPINE
  NLP local solver = Knitro
  MIP solver = Gurobi
ALPINE CONFIGURATION
  Maximum iterations (lower-bounding MIPs) =  1
  Relative global optimality gap = 0.01%
  Potential variables chosen for partitioning = All
  Discretization ratio = 10
  Bound-tightening presolve = false
PRESOLVE 
  Doing local search

Feasible solution found during presolve: [1.0353141688419962, 1.3790485565182389, 0.0, 0.9646858311580037, 1.284970922826299, 0.0, 0.0, 0.0, 0.0, 0.0, 0.0, 0.0, 0.0, 0.0, 0.0, 0.0, 2.0, 0.0, 0.0, 0.9999999999999999, 0.0, 0.0, 0.0, 0.0, 0.0, 0.0, 0.0, 0.0, 0.0, 2.546105623214284, 1.405128656125198, 0.0, 0.0, 0.0, 0.0, 0.0, 0.0, 0.0, 0.0, 0.0, 0.0, 2.453894376785716, 1.354239697084201, 0.2655800046235735, 0.9769962973133469, 0.0, 0.0, 0.0, 0.0, 0.8217526919440387, 3.023003702686653, 0.0, 0.0, 0.0, 0.0, 0.0, 0.0, 0.0, 0.0, 2.0, 1.0, 0.0, 0.0, 0.0, 0.0, 0.0, 0.0, 0.0, 0.0, 0.0, 0.0, 0.5063802841920324, 1.5191408525760972, 0.0, 0.7500000000000001, 2.2500000000000004, 0.0, 0.507528033971399, 1.522584101914197, 0.0, 0.0, 0.0, 0.0, 0.0, 0.0, 0.0, 0.0, 0.0, 0.0, 0.0, 0.0, 0.0, 0.23609168183656884, 0.7082750455097065, 0.0, 0.0, 0.0, 0.0, 0.0, 0.0, 0.0, 2.0, 0.9115186781283461, 0.088481321871654, 0.0, 0.0, 0.0, 0.0, 0.0, 0.0, 0.0, 0.0, 0.0, 0.0, 0.0, 0.0, 0.0, 0.0, 4.143739010031085, 1.3812463366770285, 0.0, 0.0, 0.0, 1.8562609899689146, 0.6187536633229715, 0.0, 0.0, 0.0, 0.0, 0.0, 0.0, 0.0, 0.0, 0.0, 0.0, 0.0, 0.0, 0.0, 0.0, 0.0, 0.0, 0.0, 0.0, 0.0, 0.0, 0.0, 0.0, 0.4971559527681108, 0.0, 0.0, 0.0, 0.3840827306968149, 0.0, 0.646591909409603, 0.32329595470480144, 0.0, 0.0, 1.353408090590397, 0.6767040452951985, 0.0, 0.0, 0.0, 0.0, 0.0, 0.0, 0.0, 0.0, 0.0, 0.0, 0.0, 0.0, 0.0, 0.0, 1.6800312591440165, 0.0, 0.0, 0.0, 1.3199687408559835, 0.0, 0.0, 0.0, 0.0, 0.0, 0.0, 0.0, 0.0, 0.0, 0.0, 0.0, 0.0, 0.0, 0.0, 0.0, 0.0, 0.6800312591440165, 1.0, 1.3199687408559835, 0.0, 0.0, 0.0, 0.0, 0.0, 0.0, 0.0, 0.0, 0.0, 1.440156945799705, 0.7200784728998523, 0.0, 0.5598430542002951, 0.27992152710014745, 0.0, 0.0, 0.0, 0.0, 0.0, 0.0, 0.0, 0.0, 0.0, 0.0, 0.0, 0.0, 0.0, 0.0, 0.4081228201338546, 0.6289225781081309, 0.0, 0.0, 0.0, 0.0, 0.0, 0.0, 0.0, 0.0, 0.0, 0.0, 0.0, 0.0, 0.0, 0.0, 0.0, 0.0, 0.0, 0.0, 0.0, 0.0, 0.0, 0.0, 0.0, 0.0, 0.0, 0.0, 0.0, 0.0, 0.0, 0.0, 2.0, 1.9206629059346172, 0.0, 1.0, 0.0, 0.0, 0.0, 2.1602354186995574, 3.951234279339482, 1.0370453982419856, 0.0, 0.0, 2.0255211367681296, 0.8397645813004426, 0.0, 3.0, 0.0, 0.0, 3.0, 0.0, 0.0, 0.0, 5.524985346708114, 0.0, 1.2425763019369205, 0.0, 3.0, 0.9698878641144044, 2.0301121358855956, 0.0, 2.475014653291886, 0.0, 3.0, 0.4971559527681108, 2.414362725360235, 0.0, 0.0, 0.0, 0.0, 0.0, 0.0, 0.0, 2.249656753984303, 0.0, 0.0, 0.0, 3.0, 0.0, 0.0, 2.030112135885595, 0.0, 3.0, 0.0, 0.0, 0.0, 0.0, 0.0, 0.0, 3.8447563946306915, 0.0, 0.0, 0.0, 0.0, 0.0, 0.0, 0.0, 0.0, 0.0, 0.3840827306968149, 0.0, 0.0, 0.9443667273462754, 3.808134073869917, 0.0, 4.920662905934617, 2.0, 1.9206629059346172, 0.0, 1.0, 0.4081228201338546, 0.6289225781081309, 0.0, 0.0, 2.0, 1.0, 0.0, 0.6800312591440165, 1.0, 1.3199687408559835, 1.6800312591440165, 0.0, 0.0, 0.0, 1.3199687408559835, 0.0, 0.0, 2.0, 1.0, 0.8812386834649257, 0.0, 0.0, 6.0, 2.0, 0.0, 0.0, 2.0, 0.9115186781283461, 0.088481321871654, 2.0, 6.0, 0.0, 2.0, 1.0, 0.0, 0.0, 1.0873326965676122, 4.0, 0.0, 0.0, 5.0, 2.759368353209399, 2.0, 0.0, 0.0, 0.9999999999999999, 2.0, 2.664019479344538, 0.0, 0.0, 0.3199687408559836, 1.5433690271804021, 0.0, 0.0, 0.0, 1.5918771798661455, 0.0, 0.0, 0.0, 0.0, 0.0, 0.0, 0.0, 0.0, 0.0, 0.0, 0.0, 0.290656774761651, 0.0, 0.0, 0.0, 0.0, 0.0, 0.0, 0.0, 0.0, 2.0, 0.0, 0.0, 0.0, 0.0, 0.0, 0.0, 0.0, 0.0, 0.0, 0.0, 0.0, 0.0, 0.0, 0.0, 0.0, 0.45663097281959875, 0.0, 0.0, 0.0, 0.0, 0.0, 0.0, 0.0, 0.0, 0.0, 0.0, 0.0, 0.0, 0.0, 0.0, 0.0884813218716539, 1.1187613165350745, 0.0, 0.0, 0.0, 0.0, 6.0, 0.0, 0.0, 0.0, 0.0, 0.7093432252383489, 0.0, 0.0, 0.0, 0.0, 0.0, 0.0, 0.3710774218918691, 0.9126673034323877, 0.0, 0.0, 0.0, 0.0, 0.0, 0.0, 0.0, 0.0, 0.0, 0.0, 0.0, 0.0, 0.0, 0.0, 0.0, 0.0, 0.0, 0.0, 0.0, 0.0, 0.0, 0.0, 0.0, 0.0, 0.0, 0.0, 0.0, 0.0, 0.0, 0.0, 0.0, 0.0, 0.0, 0.0, 0.0, 3.247499198783808, 0.0, 0.0, 0.0, 0.0, 0.0, 0.7200784728998525, 0.5092211246428567, 1.0, 0.0, 0.0, 0.2531901420960162, 0.27992152710014756, 0.0, 1.0, 0.0, 0.0, 0.37500000000000006, 0.0, 0.0, 0.0, 0.6906231683385142, 0.0, 0.24424907432833673, 0.0, 1.0, 0.3232959547048015, 0.2537640169856995, 0.0, 0.3093768316614858, 0.0, 1.0, 0.5641558434695045, 0.5176570844209981, 0.0, 0.0, 0.0, 0.0, 0.0, 0.0, 0.0, 0.48234291557900183, 0.0, 0.0, 0.0, 1.0, 0.0, 0.0, 0.6767040452951985, 0.0, 1.0, 0.0, 0.0, 0.0, 0.0, 0.0, 0.0, 0.7557509256716632, 0.0, 0.0, 0.0, 0.0, 0.0, 0.0, 0.0, 0.0, 0.0, 0.4358441565304956, 0.0, 0.0, 0.11804584091828442, 0.4907788753571432, 0.0, 1.0]  :with objective: -618.5017250646439

  Local solver returns a feasible point with value -618.5017
disc:  333  :[0.0, 1.8, 2.0]
disc:  334  :[0.0, 1.320662905934617, 2.5206629059346173, 6.0]
disc:  335  :[0.0, 0.1, 1.0]
disc:  336  :[0.0, 0.9, 1.0]
disc:  337  :[0.0, 0.20812282013385458, 0.6081228201338547, 2.0]
disc:  338  :[0.0, 0.5289225781081309, 0.7289225781081309, 1.0]
disc:  339  :[0.0, 0.2, 2.0]
disc:  340  :[0.0, 0.2, 2.0]
disc:  341  :[0.0, 1.8, 2.0]
disc:  342  :[0.0, 0.9, 1.0]
disc:  343  :[0.0, 0.2, 2.0]
disc:  344  :[0.0, 0.4800312591440165, 0.8800312591440165, 2.0]
disc:  345  :[0.0, 0.9, 1.0]
disc:  346  :[0.0, 1.0199687408559834, 1.6199687408559835, 3.0]
disc:  347  :[0.0, 1.4800312591440166, 1.8800312591440165, 2.0]
disc:  348  :[0.0, 0.6, 6.0]
disc:  349  :[0.0, 0.2, 2.0]
disc:  350  :[0.0, 0.1, 1.0]
disc:  351  :[0.0, 1.1199687408559835, 1.5199687408559834, 2.0]
disc:  352  :[0.0, 0.6, 6.0]
disc:  353  :[0.0, 0.1, 1.0]
disc:  354  :[0.0, 1.8, 2.0]
disc:  355  :[0.0, 0.9, 1.0]
disc:  356  :[0.0, 0.6812386834649258, 1.0812386834649257, 2.0]
disc:  357  :[0.0, 0.1, 1.0]
disc:  358  :[0.0, 0.2, 2.0]
disc:  359  :[0.0, 5.4, 6.0]
disc:  360  :[0.0, 1.4, 2.6, 6.0]
disc:  361  :[0.0, 0.2, 2.0]
disc:  362  :[0.0, 0.1, 1.0]
disc:  363  :[0.0, 1.8, 2.0]
disc:  364  :[0.0, 0.8115186781283461, 1.0]
disc:  365  :[0.0, 0.38848132187165396, 3.0]
disc:  366  :[0.0, 1.8, 2.0]
disc:  367  :[0.0, 5.4, 6.0]
disc:  368  :[0.0, 0.2, 2.0]
disc:  369  :[0.0, 1.8, 2.0]
disc:  370  :[0.0, 0.9, 1.0]
disc:  371  :[0.0, 0.2, 2.0]
disc:  372  :[0.0, 0.2, 2.0]
disc:  373  :[0.0, 0.8873326965676123, 1.2873326965676122, 2.0]
disc:  374  :[0.0, 3.4, 4.6, 6.0]
disc:  375  :[0.0, 0.2, 2.0]
disc:  376  :[0.0, 0.2, 2.0]
disc:  377  :[0.0, 4.4, 5.6, 6.0]
disc:  378  :[0.0, 2.159368353209399, 3.359368353209399, 6.0]
disc:  379  :[0.0, 1.8, 2.0]
disc:  380  :[0.0, 0.1, 1.0]
disc:  381  :[0.0, 0.3, 3.0]
disc:  382  :[0.0, 0.7, 1.2999999999999998, 3.0]
disc:  383  :[0.0, 1.8, 2.0]
disc:  384  :[0.0, 2.064019479344538, 3.264019479344538, 6.0]
disc:  385  :[0.0, 0.2, 2.0]
disc:  502  :[0.0, 0.1, 1.0]
disc:  503  :[0.0, 0.1, 1.0]
disc:  504  :[0.0, 0.1, 1.0]
disc:  505  :[0.0, 0.6200784728998525, 0.8200784728998525, 1.0]
disc:  506  :[0.0, 0.40922112464285676, 0.6092211246428567, 1.0]
disc:  507  :[0.0, 0.9, 1.0]
disc:  508  :[0.0, 0.1, 1.0]
disc:  509  :[0.0, 0.1, 1.0]
disc:  510  :[0.0, 0.1531901420960162, 0.3531901420960162, 1.0]
disc:  511  :[0.0, 0.17992152710014755, 0.3799215271001476, 1.0]
disc:  512  :[0.0, 0.1, 1.0]
disc:  513  :[0.0, 0.9, 1.0]
disc:  514  :[0.0, 0.1, 1.0]
disc:  515  :[0.0, 0.1, 1.0]
disc:  516  :[0.0, 0.275, 0.4750000000000001, 1.0]
disc:  517  :[0.0, 0.1, 1.0]
disc:  518  :[0.0, 0.1, 1.0]
disc:  519  :[0.0, 0.1, 1.0]
disc:  520  :[0.0, 0.5906231683385142, 0.7906231683385142, 1.0]
disc:  521  :[0.0, 0.1, 1.0]
disc:  522  :[0.0, 0.14424907432833672, 0.34424907432833673, 1.0]
disc:  523  :[0.0, 0.1, 1.0]
disc:  524  :[0.0, 0.9, 1.0]
disc:  525  :[0.0, 0.22329595470480149, 0.4232959547048015, 1.0]
disc:  526  :[0.0, 0.1537640169856995, 0.3537640169856995, 1.0]
disc:  527  :[0.0, 0.1, 1.0]
disc:  528  :[0.0, 0.20937683166148577, 0.40937683166148575, 1.0]
disc:  529  :[0.0, 0.1, 1.0]
disc:  530  :[0.0, 0.9, 1.0]
disc:  531  :[0.0, 0.46415584346950456, 0.6641558434695045, 1.0]
disc:  532  :[0.0, 0.41765708442099814, 0.6176570844209981, 1.0]
disc:  533  :[0.0, 0.1, 1.0]
disc:  534  :[0.0, 0.1, 1.0]
disc:  535  :[0.0, 0.1, 1.0]
disc:  536  :[0.0, 0.1, 1.0]
disc:  537  :[0.0, 0.1, 1.0]
disc:  538  :[0.0, 0.1, 1.0]
disc:  539  :[0.0, 0.1, 1.0]
disc:  540  :[0.0, 0.3823429155790018, 0.5823429155790019, 1.0]
disc:  541  :[0.0, 0.1, 1.0]
disc:  542  :[0.0, 0.1, 1.0]
disc:  543  :[0.0, 0.1, 1.0]
disc:  544  :[0.0, 0.9, 1.0]
disc:  545  :[0.0, 0.1, 1.0]
disc:  546  :[0.0, 0.1, 1.0]
disc:  547  :[0.0, 0.5767040452951985, 0.7767040452951984, 1.0]
disc:  548  :[0.0, 0.1, 1.0]
disc:  549  :[0.0, 0.9, 1.0]
disc:  550  :[0.0, 0.1, 1.0]
disc:  551  :[0.0, 0.1, 1.0]
disc:  552  :[0.0, 0.1, 1.0]
disc:  553  :[0.0, 0.1, 1.0]
disc:  554  :[0.0, 0.1, 1.0]
disc:  555  :[0.0, 0.1, 1.0]
disc:  556  :[0.0, 0.6557509256716633, 0.8557509256716632, 1.0]
disc:  557  :[0.0, 0.1, 1.0]
disc:  558  :[0.0, 0.1, 1.0]
disc:  559  :[0.0, 0.1, 1.0]
disc:  560  :[0.0, 0.1, 1.0]
disc:  561  :[0.0, 0.1, 1.0]
disc:  562  :[0.0, 0.1, 1.0]
disc:  563  :[0.0, 0.1, 1.0]
disc:  564  :[0.0, 0.1, 1.0]
disc:  565  :[0.0, 0.1, 1.0]
disc:  566  :[0.0, 0.3358441565304956, 0.5358441565304956, 1.0]
disc:  567  :[0.0, 0.1, 1.0]
disc:  568  :[0.0, 0.1, 1.0]
disc:  569  :[0.0, 0.018045840918284414, 0.21804584091828444, 1.0]
disc:  570  :[0.0, 0.3907788753571432, 0.5907788753571432, 1.0]
disc:  571  :[0.0, 0.1, 1.0]
disc:  572  :[0.0, 0.9, 1.0]
  Completed presolve in 26.8s
LOWER-BOUNDING ITERATIONS
====================================================================================================
| Iter   | Incumbent       | Best Incumbent      | Lower Bound        | Gap (%)         | Time      
| finish | -618.5017       | -618.5017           | -623.2912          | 0.774           | 52.39s           
Final UBD: -618.5017250646439
Final LBD: -623.2911799908736
====================================================================================================

*** Alpine ended with status OTHER_LIMIT ***

 Total time for local solves: 24.54s

 Total time for solving max-min problems: 0.0s

 Total time excluding max-min time: 52.39s

presolve objective value: -618.5017250646439
w_opt: 1-dimensional DenseAxisArray{Float64,1,...} with index sets:
    Dimension 1, [(25, 1, 2), (25, 1, 1), (25, 1, 14), (20, 1, 2), (20, 1, 1), (20, 1, 14), (1, 1, 2), (1, 1, 1), (1, 1, 14), (2, 1, 2)  …  (20, 15, 23), (20, 15, 3), (8, 15, 30), (8, 15, 29), (8, 15, 23), (8, 15, 3), (2, 15, 30), (2, 15, 29), (2, 15, 23), (2, 15, 3)]
And data, a 261-element Vector{Float64}:
 1.0353141688419962
 1.3790485565182389
 0.0
 0.9646858311580037
 1.284970922826299
 0.0
 0.0
 0.0
 0.0
 0.0
 0.0
 0.0
 0.0
 0.0
 0.0
 0.0
 2.0
 0.0
 0.0
 0.9999999999999999
 0.0
 0.0
 0.0
 0.0
 0.0
 0.0
 0.0
 0.0
 0.0
 2.546105623214284
 1.405128656125198
 0.0
 0.0
 0.0
 0.0
 0.0
 0.0
 0.0
 0.0
 0.0
 0.0
 2.453894376785716
 1.354239697084201
 0.2655800046235735
 0.9769962973133469
 0.0
 0.0
 0.0
 0.0
 0.8217526919440387
 3.023003702686653
 0.0
 0.0
 0.0
 0.0
 0.0
 0.0
 0.0
 0.0
 2.0
 1.0
 0.0
 0.0
 0.0
 0.0
 0.0
 0.0
 0.0
 0.0
 0.0
 0.0
 0.5063802841920324
 1.5191408525760972
 0.0
 0.7500000000000001
 2.2500000000000004
 0.0
 0.507528033971399
 1.522584101914197
 0.0
 0.0
 0.0
 0.0
 0.0
 0.0
 0.0
 0.0
 0.0
 0.0
 0.0
 0.0
 0.0
 0.23609168183656884
 0.7082750455097065
 0.0
 0.0
 0.0
 0.0
 0.0
 0.0
 0.0
 2.0
 0.9115186781283461
 0.088481321871654
 0.0
 0.0
 0.0
 0.0
 0.0
 0.0
 0.0
 0.0
 0.0
 0.0
 0.0
 0.0
 0.0
 0.0
 4.143739010031085
 1.3812463366770285
 0.0
 0.0
 0.0
 1.8562609899689146
 0.6187536633229715
 0.0
 0.0
 0.0
 0.0
 0.0
 0.0
 0.0
 0.0
 0.0
 0.0
 0.0
 0.0
 0.0
 0.0
 0.0
 0.0
 0.0
 0.0
 0.0
 0.0
 0.0
 0.0
 0.4971559527681108
 0.0
 0.0
 0.0
 0.3840827306968149
 0.0
 0.646591909409603
 0.32329595470480144
 0.0
 0.0
 1.353408090590397
 0.6767040452951985
 0.0
 0.0
 0.0
 0.0
 0.0
 0.0
 0.0
 0.0
 0.0
 0.0
 0.0
 0.0
 0.0
 0.0
 1.6800312591440165
 0.0
 0.0
 0.0
 1.3199687408559835
 0.0
 0.0
 0.0
 0.0
 0.0
 0.0
 0.0
 0.0
 0.0
 0.0
 0.0
 0.0
 0.0
 0.0
 0.0
 0.0
 0.6800312591440165
 1.0
 1.3199687408559835
 0.0
 0.0
 0.0
 0.0
 0.0
 0.0
 0.0
 0.0
 0.0
 1.440156945799705
 0.7200784728998523
 0.0
 0.5598430542002951
 0.27992152710014745
 0.0
 0.0
 0.0
 0.0
 0.0
 0.0
 0.0
 0.0
 0.0
 0.0
 0.0
 0.0
 0.0
 0.0
 0.4081228201338546
 0.6289225781081309
 0.0
 0.0
 0.0
 0.0
 0.0
 0.0
 0.0
 0.0
 0.0
 0.0
 0.0
 0.0
 0.0
 0.0
 0.0
 0.0
 0.0
 0.0
 0.0
 0.0
 0.0
 0.0
 0.0
 0.0
 0.0
 0.0
 0.0
 0.0
 0.0
 0.0
 2.0
 1.9206629059346172
 0.0
 1.0
x_ij_opt: 1-dimensional DenseAxisArray{Float64,1,...} with index sets:
    Dimension 1, [(43, 30), (43, 22), (43, 6), (44, 22), (45, 30), (45, 29), (45, 28), (45, 24), (45, 23), (40, 29)  …  (5, 7), (5, 14), (6, 4), (6, 3), (1, 14), (1, 10), (1, 23), (1, 1), (3, 2), (3, 1)]
And data, a 116-element Vector{Float64}:
 0.0
 0.3199687408559836
 1.5433690271804021
 0.0
 0.0
 0.0
 1.5918771798661455
 0.0
 0.0
 0.0
 0.0
 0.0
 0.0
 0.0
 0.0
 0.0
 0.0
 0.0
 0.290656774761651
 0.0
 0.0
 0.0
 0.0
 0.0
 0.0
 0.0
 0.0
 2.0
 0.0
 0.0
 0.0
 0.0
 0.0
 0.0
 0.0
 0.0
 0.0
 0.0
 0.0
 0.0
 0.0
 0.0
 0.0
 0.45663097281959875
 0.0
 0.0
 0.0
 0.0
 0.0
 0.0
 0.0
 0.0
 0.0
 0.0
 0.0
 0.0
 0.0
 0.0
 0.0884813218716539
 1.1187613165350745
 0.0
 0.0
 0.0
 0.0
 6.0
 0.0
 0.0
 0.0
 0.0
 0.7093432252383489
 0.0
 0.0
 0.0
 0.0
 0.0
 0.0
 0.3710774218918691
 0.9126673034323877
 0.0
 0.0
 0.0
 0.0
 0.0
 0.0
 0.0
 0.0
 0.0
 0.0
 0.0
 0.0
 0.0
 0.0
 0.0
 0.0
 0.0
 0.0
 0.0
 0.0
 0.0
 0.0
 0.0
 0.0
 0.0
 0.0
 0.0
 0.0
 0.0
 0.0
 0.0
 0.0
 0.0
 0.0
 0.0
 3.247499198783808
 0.0
 0.0
x_il_opt: 1-dimensional DenseAxisArray{Float64,1,...} with index sets:
    Dimension 1, [(43, 15), (43, 14), (44, 15), (44, 13), (44, 3), (40, 14), (40, 2), (41, 14), (42, 6), (37, 13)  …  (4, 13), (5, 2), (5, 7), (5, 9), (6, 11), (1, 1), (1, 6), (1, 3), (2, 1), (2, 15)]
And data, a 71-element Vector{Float64}:
 0.0
 0.0
 0.0
 2.1602354186995574
 3.951234279339482
 1.0370453982419856
 0.0
 0.0
 2.0255211367681296
 0.8397645813004426
 0.0
 3.0
 0.0
 0.0
 3.0
 0.0
 0.0
 0.0
 5.524985346708114
 0.0
 1.2425763019369205
 0.0
 3.0
 0.9698878641144044
 2.0301121358855956
 0.0
 2.475014653291886
 0.0
 3.0
 0.4971559527681108
 2.414362725360235
 0.0
 0.0
 0.0
 0.0
 0.0
 0.0
 0.0
 2.249656753984303
 0.0
 0.0
 0.0
 3.0
 0.0
 0.0
 2.030112135885595
 0.0
 3.0
 0.0
 0.0
 0.0
 0.0
 0.0
 0.0
 3.8447563946306915
 0.0
 0.0
 0.0
 0.0
 0.0
 0.0
 0.0
 0.0
 0.0
 0.3840827306968149
 0.0
 0.0
 0.9443667273462754
 3.808134073869917
 0.0
 4.920662905934617
x_lj_opt: 1-dimensional DenseAxisArray{Float64,1,...} with index sets:
    Dimension 1, [(15, 30), (15, 29), (15, 23), (15, 3), (14, 28), (14, 27), (14, 10), (14, 24), (13, 26), (13, 25)  …  (3, 6), (3, 5), (3, 29), (2, 4), (2, 3), (2, 1), (2, 5), (1, 2), (1, 1), (1, 14)]
And data, a 53-element Vector{Float64}:
 2.0
 1.9206629059346172
 0.0
 1.0
 0.4081228201338546
 0.6289225781081309
 0.0
 0.0
 2.0
 1.0
 0.0
 0.6800312591440165
 1.0
 1.3199687408559835
 1.6800312591440165
 0.0
 0.0
 0.0
 1.3199687408559835
 0.0
 0.0
 2.0
 1.0
 0.8812386834649257
 0.0
 0.0
 6.0
 2.0
 0.0
 0.0
 2.0
 0.9115186781283461
 0.088481321871654
 2.0
 6.0
 0.0
 2.0
 1.0
 0.0
 0.0
 1.0873326965676122
 4.0
 0.0
 0.0
 5.0
 2.759368353209399
 2.0
 0.0
 0.0
 0.9999999999999999
 2.0
 2.664019479344538
 0.0
q_opt: 1-dimensional DenseAxisArray{Float64,1,...} with index sets:
    Dimension 1, [(43, 15), (43, 14), (44, 15), (44, 13), (44, 3), (40, 14), (40, 2), (41, 14), (42, 6), (37, 13)  …  (4, 13), (5, 2), (5, 7), (5, 9), (6, 11), (1, 1), (1, 6), (1, 3), (2, 1), (2, 15)]
And data, a 71-element Vector{Float64}:
 0.0
 0.0
 0.0
 0.7200784728998525
 0.5092211246428567
 1.0
 0.0
 0.0
 0.2531901420960162
 0.27992152710014756
 0.0
 1.0
 0.0
 0.0
 0.37500000000000006
 0.0
 0.0
 0.0
 0.6906231683385142
 0.0
 0.24424907432833673
 0.0
 1.0
 0.3232959547048015
 0.2537640169856995
 0.0
 0.3093768316614858
 0.0
 1.0
 0.5641558434695045
 0.5176570844209981
 0.0
 0.0
 0.0
 0.0
 0.0
 0.0
 0.0
 0.48234291557900183
 0.0
 0.0
 0.0
 1.0
 0.0
 0.0
 0.6767040452951985
 0.0
 1.0
 0.0
 0.0
 0.0
 0.0
 0.0
 0.0
 0.7557509256716632
 0.0
 0.0
 0.0
 0.0
 0.0
 0.0
 0.0
 0.0
 0.0
 0.4358441565304956
 0.0
 0.0
 0.11804584091828442
 0.4907788753571432
 0.0
 1.0
