
PROBLEM STATISTICS
  Objective sense = Min
  # Variables = 572
  # Bin-Int Variables = 0
  # Constraints = 621
  # NL Constraints = 261
  # Linear Constraints = 360
  # Detected convex constraints = 0
  # Detected nonlinear terms = 261
  # Variables involved in nonlinear terms = 124
  # Potential variables for partitioning = 124
SUB-SOLVERS USED BY ALPINE
  NLP local solver = Knitro
  MIP solver = Gurobi
ALPINE CONFIGURATION
  Maximum iterations (lower-bounding MIPs) =  1
  Relative global optimality gap = 0.01%
  Potential variables chosen for partitioning = All
  Discretization ratio = 10
  Bound-tightening presolve = false
PRESOLVE 
  Doing local search

Feasible solution found during presolve: [1.1432334559302366, 1.8567665440697632, 0.0, 0.8567665440697633, 1.3915053367753125, 0.0, 0.0, 0.0, 0.0, 0.0, 0.0, 0.0, 0.0, 0.0, 0.0, 0.0, 2.0, 0.0, 0.8555025555605493, 0.1444974444394509, 0.0, 0.0, 0.0, 0.0, 0.0, 0.0, 0.0, 0.0, 0.6728746132612206, 3.787136972514722, 0.7141123246212626, 0.0, 0.0, 0.0, 0.0, 0.0, 0.0, 0.0, 0.0, 0.0, 0.3674941524099759, 2.0683655830458267, 0.39001635414699204, 0.0, 0.0, 0.0, 0.0, 0.0, 0.0, 0.0, 0.0, 0.0, 0.0, 0.0, 0.0, 0.0, 0.0, 0.0, 0.0, 1.96487726138067, 1.0, 0.0, 0.03512273861933006, 0.0, 0.0, 0.0, 0.0, 0.0, 0.0, 0.0, 0.0, 0.26013665373965045, 0.7804099612189513, 0.0, 0.7500000000000001, 2.25, 0.0, 0.5550205389876977, 1.6650616169630925, 0.0, 0.0, 0.0, 0.0, 0.0, 0.0, 0.0, 0.0, 0.0, 0.0, 0.0, 0.0, 0.0, 0.43484280727265184, 1.3045284218179554, 0.0, 0.0, 0.0, 0.0, 0.0, 0.0, 0.0, 2.0, 1.0, 0.0, 0.0, 0.0, 0.0, 0.0, 0.0, 0.0, 0.0, 0.0, 0.0, 0.0, 0.0, 0.0, 0.0, 0.0, 4.161463803636517, 2.412490148623598, 0.0, 0.0, 0.0, 0.9027198932460109, 0.5233261544938737, 0.0, 0.0, 0.0, 0.0, 0.0, 0.0, 0.0, 0.0, 0.0, 0.0, 0.0, 0.0, 0.0, 0.0, 0.0, 0.0, 0.0, 0.0, 0.0, 0.0, 0.0, 0.0, 0.0, 0.0, 0.0, 0.0, 0.0, 0.0, 0.5199452293661398, 0.2599726146830699, 0.0, 0.0, 1.4800547706338603, 0.7400273853169301, 0.0, 0.0, 0.0, 0.0, 0.0, 0.0, 0.0, 0.0, 0.0, 0.0, 0.0, 0.0, 0.0, 0.0, 0.0, 0.0, 0.0, 0.0, 0.0, 0.0, 0.0, 0.0, 0.0, 0.0, 0.0, 0.0, 0.0, 0.0, 0.0, 0.0, 0.0, 0.0, 0.0, 0.0, 0.0, 1.4924654451986437, 1.0, 0.5075345548013565, 0.0, 0.0, 0.0, 0.0, 0.0, 0.0, 0.0, 0.0, 0.0, 1.4408413570205287, 0.7204206785102644, 0.0, 0.5591586429794714, 0.2795793214897357, 0.0, 0.0, 0.0, 0.0, 0.0, 0.0, 0.0, 0.0, 0.0, 0.0, 0.0, 0.0, 0.0, 0.0, 0.593671025023375, 0.8474808023041194, 0.0, 0.0, 0.0, 0.0, 0.0, 0.0, 0.0, 0.0, 0.0, 0.0, 0.0, 0.0, 0.0, 0.0, 0.0, 0.0, 0.0, 0.0, 0.0, 0.0, 0.0, 0.0, 0.0, 0.0, 0.0, 0.0, 0.0, 0.0, 0.0, 0.0, 0.7960123133426898, 4.388336766430388, 0.0, 0.7383375704961195, 0.0, 0.0, 0.0, 2.161262035530793, 5.174123910397205, 1.4411518273274944, 0.0, 0.0, 1.0405466149586018, 0.838737964469207, 0.0, 3.0, 0.0, 0.0, 3.0, 0.0, 0.0, 0.0, 6.573953952260116, 0.0, 0.0, 0.0, 3.0, 0.7799178440492098, 2.22008215595079, 0.0, 1.4260460477398844, 0.0, 0.0, 0.0, 3.0, 0.0, 0.0, 0.0, 0.0, 0.0, 0.0, 0.0, 2.248271880845076, 0.0, 0.0, 0.0, 3.0, 0.0, 0.0, 2.2200821559507906, 0.0, 3.0, 0.0, 0.0, 0.0, 0.0, 0.0, 0.0, 0.0, 0.0, 0.0, 0.0, 0.0, 0.0, 0.0, 0.0, 0.0, 0.0, 0.0, 0.0, 0.0, 1.7393712290906072, 2.8258760896027946, 0.0, 5.922686650269197, 0.7960123133426898, 4.388336766430388, 0.0, 0.7383375704961195, 0.593671025023375, 0.8474808023041194, 0.0, 0.0, 2.0, 1.0, 0.0, 1.4924654451986437, 1.0, 0.5075345548013565, 0.0, 0.0, 0.0, 0.0, 0.0, 0.0, 0.0, 2.0, 1.0, 0.0, 0.0, 0.0, 5.0641836968825285, 2.9358163031174715, 0.0, 0.0, 2.0, 1.0, 0.0, 2.0, 6.0, 0.0, 1.96487726138067, 1.0, 0.0, 0.03512273861933006, 0.0, 0.0, 0.0, 1.0403687656711964, 5.855502555560549, 1.1041286787682547, 2.0, 0.0, 0.8555025555605493, 0.1444974444394509, 2.0, 3.2482718808450755, 0.0, 0.0, 1.3790836908071997, 0.6640156830120179, 0.0, 1.2039876866573103, 0.0, 1.406328974976625, 0.0, 0.0, 0.0, 0.0, 0.0, 0.0, 0.0, 0.0, 0.0, 0.0, 0.0, 0.24827188084507595, 0.0, 0.0, 0.0, 0.0, 0.0, 0.0, 0.0, 0.0, 2.0, 0.0, 0.0, 0.0, 0.0, 0.0, 0.0, 0.0, 0.0, 0.0, 0.0, 0.0, 0.0, 0.0, 0.0, 0.0, 0.2956155513167858, 0.0, 0.0, 0.5857935705734703, 0.0, 0.0, 0.0, 0.0, 0.0, 0.0, 0.0, 0.0, 3.0, 0.0, 0.0, 0.0, 2.0, 0.0, 0.0, 0.0, 0.5075345548013563, 6.0, 0.0, 0.9358163031174718, 0.0, 0.0, 0.7517281191549241, 0.0, 0.0, 0.0, 0.0, 0.0, 0.0, 0.1525191976958806, 0.8980322523281117, 0.0, 0.0, 0.0, 0.0, 0.0, 0.0, 0.0, 0.0, 0.0, 0.035122738619330185, 0.0, 0.0, 0.0, 1.1019677476718885, 0.0, 0.0, 0.0, 0.0, 0.0, 0.0, 0.0, 0.26166242950388047, 0.0, 0.0, 0.0, 0.0, 0.0, 0.0, 0.0, 0.0, 0.0, 0.0, 0.0, 0.0, 0.0, 1.8962255635943752, 0.0, 0.0, 0.0, 0.0, 0.0, 0.7204206785102644, 0.6467654887996507, 1.0, 0.0, 0.0, 0.13006832686982522, 0.2795793214897357, 0.0, 1.0, 0.0, 0.0, 0.37500000000000006, 0.0, 0.0, 0.0, 0.8217442440325143, 1.0, 0.0, 0.0, 1.0, 0.2599726146830699, 0.2775102694938488, 0.0, 0.17825575596748555, 0.0, 0.0, 1.0, 0.5716167279651183, 0.0, 0.0, 0.0, 0.0, 0.0, 0.0, 0.0, 0.42838327203488163, 0.0, 0.0, 0.0, 1.0, 0.0, 0.0, 0.7400273853169301, 0.0, 1.0, 0.0, 0.0, 0.0, 0.0, 0.0, 0.0, 0.0, 1.0, 0.0, 0.0, 0.0, 0.0, 0.0, 0.0, 0.0, 0.0, 0.0, 0.0, 0.0, 0.21742140363632592, 0.3532345112003493, 0.0, 1.0]  :with objective: -615.7484024163354

  Local solver returns a feasible point with value -615.7484
disc:  333  :[0.0, 0.5960123133426898, 0.9960123133426899, 2.0]
disc:  334  :[0.0, 3.788336766430388, 4.988336766430388, 6.0]
disc:  335  :[0.0, 0.1, 1.0]
disc:  336  :[0.0, 0.6383375704961195, 0.8383375704961195, 1.0]
disc:  337  :[0.0, 0.393671025023375, 0.7936710250233749, 2.0]
disc:  338  :[0.0, 0.7474808023041194, 0.9474808023041194, 1.0]
disc:  339  :[0.0, 0.2, 2.0]
disc:  340  :[0.0, 0.2, 2.0]
disc:  341  :[0.0, 1.8, 2.0]
disc:  342  :[0.0, 0.9, 1.0]
disc:  343  :[0.0, 0.2, 2.0]
disc:  344  :[0.0, 1.2924654451986437, 1.6924654451986436, 2.0]
disc:  345  :[0.0, 0.9, 1.0]
disc:  346  :[0.0, 0.20753455480135646, 0.8075345548013564, 3.0]
disc:  347  :[0.0, 0.2, 2.0]
disc:  348  :[0.0, 0.6, 6.0]
disc:  349  :[0.0, 0.2, 2.0]
disc:  350  :[0.0, 0.1, 1.0]
disc:  351  :[0.0, 0.2, 2.0]
disc:  352  :[0.0, 0.6, 6.0]
disc:  353  :[0.0, 0.1, 1.0]
disc:  354  :[0.0, 1.8, 2.0]
disc:  355  :[0.0, 0.9, 1.0]
disc:  356  :[0.0, 0.2, 2.0]
disc:  357  :[0.0, 0.1, 1.0]
disc:  358  :[0.0, 0.2, 2.0]
disc:  359  :[0.0, 4.464183696882529, 5.664183696882528, 6.0]
disc:  360  :[0.0, 2.3358163031174715, 3.5358163031174716, 6.0]
disc:  361  :[0.0, 0.2, 2.0]
disc:  362  :[0.0, 0.1, 1.0]
disc:  363  :[0.0, 1.8, 2.0]
disc:  364  :[0.0, 0.9, 1.0]
disc:  365  :[0.0, 0.3, 3.0]
disc:  366  :[0.0, 1.8, 2.0]
disc:  367  :[0.0, 5.4, 6.0]
disc:  368  :[0.0, 0.2, 2.0]
disc:  369  :[0.0, 1.76487726138067, 2.0]
disc:  370  :[0.0, 0.9, 1.0]
disc:  371  :[0.0, 0.2, 2.0]
disc:  372  :[0.0, 0.23512273861933009, 2.0]
disc:  373  :[0.0, 0.2, 2.0]
disc:  374  :[0.0, 0.6, 6.0]
disc:  375  :[0.0, 0.2, 2.0]
disc:  376  :[0.0, 0.8403687656711964, 1.2403687656711964, 2.0]
disc:  377  :[0.0, 5.2555025555605495, 6.0]
disc:  378  :[0.0, 0.5041286787682547, 1.7041286787682548, 6.0]
disc:  379  :[0.0, 1.8, 2.0]
disc:  380  :[0.0, 0.1, 1.0]
disc:  381  :[0.0, 0.5555025555605493, 1.1555025555605494, 3.0]
disc:  382  :[0.0, 0.4444974444394509, 3.0]
disc:  383  :[0.0, 1.8, 2.0]
disc:  384  :[0.0, 2.6482718808450754, 3.8482718808450755, 6.0]
disc:  385  :[0.0, 0.2, 2.0]
disc:  502  :[0.0, 0.1, 1.0]
disc:  503  :[0.0, 0.1, 1.0]
disc:  504  :[0.0, 0.1, 1.0]
disc:  505  :[0.0, 0.6204206785102644, 0.8204206785102643, 1.0]
disc:  506  :[0.0, 0.5467654887996507, 0.7467654887996507, 1.0]
disc:  507  :[0.0, 0.9, 1.0]
disc:  508  :[0.0, 0.1, 1.0]
disc:  509  :[0.0, 0.1, 1.0]
disc:  510  :[0.0, 0.030068326869825218, 0.23006832686982523, 1.0]
disc:  511  :[0.0, 0.17957932148973568, 0.3795793214897357, 1.0]
disc:  512  :[0.0, 0.1, 1.0]
disc:  513  :[0.0, 0.9, 1.0]
disc:  514  :[0.0, 0.1, 1.0]
disc:  515  :[0.0, 0.1, 1.0]
disc:  516  :[0.0, 0.275, 0.4750000000000001, 1.0]
disc:  517  :[0.0, 0.1, 1.0]
disc:  518  :[0.0, 0.1, 1.0]
disc:  519  :[0.0, 0.1, 1.0]
disc:  520  :[0.0, 0.7217442440325144, 0.9217442440325143, 1.0]
disc:  521  :[0.0, 0.9, 1.0]
disc:  522  :[0.0, 0.1, 1.0]
disc:  523  :[0.0, 0.1, 1.0]
disc:  524  :[0.0, 0.9, 1.0]
disc:  525  :[0.0, 0.15997261468306992, 0.35997261468306996, 1.0]
disc:  526  :[0.0, 0.17751026949384882, 0.3775102694938488, 1.0]
disc:  527  :[0.0, 0.1, 1.0]
disc:  528  :[0.0, 0.07825575596748555, 0.27825575596748553, 1.0]
disc:  529  :[0.0, 0.1, 1.0]
disc:  530  :[0.0, 0.1, 1.0]
disc:  531  :[0.0, 0.9, 1.0]
disc:  532  :[0.0, 0.47161672796511833, 0.6716167279651183, 1.0]
disc:  533  :[0.0, 0.1, 1.0]
disc:  534  :[0.0, 0.1, 1.0]
disc:  535  :[0.0, 0.1, 1.0]
disc:  536  :[0.0, 0.1, 1.0]
disc:  537  :[0.0, 0.1, 1.0]
disc:  538  :[0.0, 0.1, 1.0]
disc:  539  :[0.0, 0.1, 1.0]
disc:  540  :[0.0, 0.3283832720348816, 0.5283832720348817, 1.0]
disc:  541  :[0.0, 0.1, 1.0]
disc:  542  :[0.0, 0.1, 1.0]
disc:  543  :[0.0, 0.1, 1.0]
disc:  544  :[0.0, 0.9, 1.0]
disc:  545  :[0.0, 0.1, 1.0]
disc:  546  :[0.0, 0.1, 1.0]
disc:  547  :[0.0, 0.6400273853169302, 0.8400273853169301, 1.0]
disc:  548  :[0.0, 0.1, 1.0]
disc:  549  :[0.0, 0.9, 1.0]
disc:  550  :[0.0, 0.1, 1.0]
disc:  551  :[0.0, 0.1, 1.0]
disc:  552  :[0.0, 0.1, 1.0]
disc:  553  :[0.0, 0.1, 1.0]
disc:  554  :[0.0, 0.1, 1.0]
disc:  555  :[0.0, 0.1, 1.0]
disc:  556  :[0.0, 0.1, 1.0]
disc:  557  :[0.0, 0.9, 1.0]
disc:  558  :[0.0, 0.1, 1.0]
disc:  559  :[0.0, 0.1, 1.0]
disc:  560  :[0.0, 0.1, 1.0]
disc:  561  :[0.0, 0.1, 1.0]
disc:  562  :[0.0, 0.1, 1.0]
disc:  563  :[0.0, 0.1, 1.0]
disc:  564  :[0.0, 0.1, 1.0]
disc:  565  :[0.0, 0.1, 1.0]
disc:  566  :[0.0, 0.1, 1.0]
disc:  567  :[0.0, 0.1, 1.0]
disc:  568  :[0.0, 0.1, 1.0]
disc:  569  :[0.0, 0.11742140363632592, 0.3174214036363259, 1.0]
disc:  570  :[0.0, 0.25323451120034934, 0.4532345112003493, 1.0]
disc:  571  :[0.0, 0.1, 1.0]
disc:  572  :[0.0, 0.9, 1.0]
  Completed presolve in 9.01s
LOWER-BOUNDING ITERATIONS
====================================================================================================
| Iter   | Incumbent       | Best Incumbent      | Lower Bound        | Gap (%)         | Time      
| finish | -615.7484       | -615.7484           | -629.9481          | 2.306           | 27.0s            
Final UBD: -615.7484024163354
Final LBD: -629.9481165718436
====================================================================================================

*** Alpine ended with status OTHER_LIMIT ***

 Total time for local solves: 6.64s

 Total time for solving max-min problems: 0.0s

 Total time excluding max-min time: 27.0s

presolve objective value: -615.7484024163354
w_opt: 1-dimensional DenseAxisArray{Float64,1,...} with index sets:
    Dimension 1, [(25, 1, 2), (25, 1, 1), (25, 1, 14), (20, 1, 2), (20, 1, 1), (20, 1, 14), (1, 1, 2), (1, 1, 1), (1, 1, 14), (2, 1, 2)  …  (20, 15, 23), (20, 15, 3), (8, 15, 30), (8, 15, 29), (8, 15, 23), (8, 15, 3), (2, 15, 30), (2, 15, 29), (2, 15, 23), (2, 15, 3)]
And data, a 261-element Vector{Float64}:
 1.1432334559302366
 1.8567665440697632
 0.0
 0.8567665440697633
 1.3915053367753125
 0.0
 0.0
 0.0
 0.0
 0.0
 0.0
 0.0
 0.0
 0.0
 0.0
 0.0
 2.0
 0.0
 0.8555025555605493
 0.1444974444394509
 0.0
 0.0
 0.0
 0.0
 0.0
 0.0
 0.0
 0.0
 0.6728746132612206
 3.787136972514722
 0.7141123246212626
 0.0
 0.0
 0.0
 0.0
 0.0
 0.0
 0.0
 0.0
 0.0
 0.3674941524099759
 2.0683655830458267
 0.39001635414699204
 0.0
 0.0
 0.0
 0.0
 0.0
 0.0
 0.0
 0.0
 0.0
 0.0
 0.0
 0.0
 0.0
 0.0
 0.0
 0.0
 1.96487726138067
 1.0
 0.0
 0.03512273861933006
 0.0
 0.0
 0.0
 0.0
 0.0
 0.0
 0.0
 0.0
 0.26013665373965045
 0.7804099612189513
 0.0
 0.7500000000000001
 2.25
 0.0
 0.5550205389876977
 1.6650616169630925
 0.0
 0.0
 0.0
 0.0
 0.0
 0.0
 0.0
 0.0
 0.0
 0.0
 0.0
 0.0
 0.0
 0.43484280727265184
 1.3045284218179554
 0.0
 0.0
 0.0
 0.0
 0.0
 0.0
 0.0
 2.0
 1.0
 0.0
 0.0
 0.0
 0.0
 0.0
 0.0
 0.0
 0.0
 0.0
 0.0
 0.0
 0.0
 0.0
 0.0
 0.0
 4.161463803636517
 2.412490148623598
 0.0
 0.0
 0.0
 0.9027198932460109
 0.5233261544938737
 0.0
 0.0
 0.0
 0.0
 0.0
 0.0
 0.0
 0.0
 0.0
 0.0
 0.0
 0.0
 0.0
 0.0
 0.0
 0.0
 0.0
 0.0
 0.0
 0.0
 0.0
 0.0
 0.0
 0.0
 0.0
 0.0
 0.0
 0.0
 0.5199452293661398
 0.2599726146830699
 0.0
 0.0
 1.4800547706338603
 0.7400273853169301
 0.0
 0.0
 0.0
 0.0
 0.0
 0.0
 0.0
 0.0
 0.0
 0.0
 0.0
 0.0
 0.0
 0.0
 0.0
 0.0
 0.0
 0.0
 0.0
 0.0
 0.0
 0.0
 0.0
 0.0
 0.0
 0.0
 0.0
 0.0
 0.0
 0.0
 0.0
 0.0
 0.0
 0.0
 0.0
 1.4924654451986437
 1.0
 0.5075345548013565
 0.0
 0.0
 0.0
 0.0
 0.0
 0.0
 0.0
 0.0
 0.0
 1.4408413570205287
 0.7204206785102644
 0.0
 0.5591586429794714
 0.2795793214897357
 0.0
 0.0
 0.0
 0.0
 0.0
 0.0
 0.0
 0.0
 0.0
 0.0
 0.0
 0.0
 0.0
 0.0
 0.593671025023375
 0.8474808023041194
 0.0
 0.0
 0.0
 0.0
 0.0
 0.0
 0.0
 0.0
 0.0
 0.0
 0.0
 0.0
 0.0
 0.0
 0.0
 0.0
 0.0
 0.0
 0.0
 0.0
 0.0
 0.0
 0.0
 0.0
 0.0
 0.0
 0.0
 0.0
 0.0
 0.0
 0.7960123133426898
 4.388336766430388
 0.0
 0.7383375704961195
x_ij_opt: 1-dimensional DenseAxisArray{Float64,1,...} with index sets:
    Dimension 1, [(43, 30), (43, 22), (43, 6), (44, 22), (45, 30), (45, 29), (45, 28), (45, 24), (45, 23), (40, 29)  …  (5, 7), (5, 14), (6, 4), (6, 3), (1, 14), (1, 10), (1, 23), (1, 1), (3, 2), (3, 1)]
And data, a 116-element Vector{Float64}:
 0.0
 1.3790836908071997
 0.6640156830120179
 0.0
 1.2039876866573103
 0.0
 1.406328974976625
 0.0
 0.0
 0.0
 0.0
 0.0
 0.0
 0.0
 0.0
 0.0
 0.0
 0.0
 0.24827188084507595
 0.0
 0.0
 0.0
 0.0
 0.0
 0.0
 0.0
 0.0
 2.0
 0.0
 0.0
 0.0
 0.0
 0.0
 0.0
 0.0
 0.0
 0.0
 0.0
 0.0
 0.0
 0.0
 0.0
 0.0
 0.2956155513167858
 0.0
 0.0
 0.5857935705734703
 0.0
 0.0
 0.0
 0.0
 0.0
 0.0
 0.0
 0.0
 3.0
 0.0
 0.0
 0.0
 2.0
 0.0
 0.0
 0.0
 0.5075345548013563
 6.0
 0.0
 0.9358163031174718
 0.0
 0.0
 0.7517281191549241
 0.0
 0.0
 0.0
 0.0
 0.0
 0.0
 0.1525191976958806
 0.8980322523281117
 0.0
 0.0
 0.0
 0.0
 0.0
 0.0
 0.0
 0.0
 0.0
 0.035122738619330185
 0.0
 0.0
 0.0
 1.1019677476718885
 0.0
 0.0
 0.0
 0.0
 0.0
 0.0
 0.0
 0.26166242950388047
 0.0
 0.0
 0.0
 0.0
 0.0
 0.0
 0.0
 0.0
 0.0
 0.0
 0.0
 0.0
 0.0
 1.8962255635943752
 0.0
 0.0
x_il_opt: 1-dimensional DenseAxisArray{Float64,1,...} with index sets:
    Dimension 1, [(43, 15), (43, 14), (44, 15), (44, 13), (44, 3), (40, 14), (40, 2), (41, 14), (42, 6), (37, 13)  …  (4, 13), (5, 2), (5, 7), (5, 9), (6, 11), (1, 1), (1, 6), (1, 3), (2, 1), (2, 15)]
And data, a 71-element Vector{Float64}:
 0.0
 0.0
 0.0
 2.161262035530793
 5.174123910397205
 1.4411518273274944
 0.0
 0.0
 1.0405466149586018
 0.838737964469207
 0.0
 3.0
 0.0
 0.0
 3.0
 0.0
 0.0
 0.0
 6.573953952260116
 0.0
 0.0
 0.0
 3.0
 0.7799178440492098
 2.22008215595079
 0.0
 1.4260460477398844
 0.0
 0.0
 0.0
 3.0
 0.0
 0.0
 0.0
 0.0
 0.0
 0.0
 0.0
 2.248271880845076
 0.0
 0.0
 0.0
 3.0
 0.0
 0.0
 2.2200821559507906
 0.0
 3.0
 0.0
 0.0
 0.0
 0.0
 0.0
 0.0
 0.0
 0.0
 0.0
 0.0
 0.0
 0.0
 0.0
 0.0
 0.0
 0.0
 0.0
 0.0
 0.0
 1.7393712290906072
 2.8258760896027946
 0.0
 5.922686650269197
x_lj_opt: 1-dimensional DenseAxisArray{Float64,1,...} with index sets:
    Dimension 1, [(15, 30), (15, 29), (15, 23), (15, 3), (14, 28), (14, 27), (14, 10), (14, 24), (13, 26), (13, 25)  …  (3, 6), (3, 5), (3, 29), (2, 4), (2, 3), (2, 1), (2, 5), (1, 2), (1, 1), (1, 14)]
And data, a 53-element Vector{Float64}:
 0.7960123133426898
 4.388336766430388
 0.0
 0.7383375704961195
 0.593671025023375
 0.8474808023041194
 0.0
 0.0
 2.0
 1.0
 0.0
 1.4924654451986437
 1.0
 0.5075345548013565
 0.0
 0.0
 0.0
 0.0
 0.0
 0.0
 0.0
 2.0
 1.0
 0.0
 0.0
 0.0
 5.0641836968825285
 2.9358163031174715
 0.0
 0.0
 2.0
 1.0
 0.0
 2.0
 6.0
 0.0
 1.96487726138067
 1.0
 0.0
 0.03512273861933006
 0.0
 0.0
 0.0
 1.0403687656711964
 5.855502555560549
 1.1041286787682547
 2.0
 0.0
 0.8555025555605493
 0.1444974444394509
 2.0
 3.2482718808450755
 0.0
q_opt: 1-dimensional DenseAxisArray{Float64,1,...} with index sets:
    Dimension 1, [(43, 15), (43, 14), (44, 15), (44, 13), (44, 3), (40, 14), (40, 2), (41, 14), (42, 6), (37, 13)  …  (4, 13), (5, 2), (5, 7), (5, 9), (6, 11), (1, 1), (1, 6), (1, 3), (2, 1), (2, 15)]
And data, a 71-element Vector{Float64}:
 0.0
 0.0
 0.0
 0.7204206785102644
 0.6467654887996507
 1.0
 0.0
 0.0
 0.13006832686982522
 0.2795793214897357
 0.0
 1.0
 0.0
 0.0
 0.37500000000000006
 0.0
 0.0
 0.0
 0.8217442440325143
 1.0
 0.0
 0.0
 1.0
 0.2599726146830699
 0.2775102694938488
 0.0
 0.17825575596748555
 0.0
 0.0
 1.0
 0.5716167279651183
 0.0
 0.0
 0.0
 0.0
 0.0
 0.0
 0.0
 0.42838327203488163
 0.0
 0.0
 0.0
 1.0
 0.0
 0.0
 0.7400273853169301
 0.0
 1.0
 0.0
 0.0
 0.0
 0.0
 0.0
 0.0
 0.0
 1.0
 0.0
 0.0
 0.0
 0.0
 0.0
 0.0
 0.0
 0.0
 0.0
 0.0
 0.0
 0.21742140363632592
 0.3532345112003493
 0.0
 1.0
