
PROBLEM STATISTICS
  Objective sense = Min
  # Variables = 572
  # Bin-Int Variables = 0
  # Constraints = 621
  # NL Constraints = 261
  # Linear Constraints = 360
  # Detected convex constraints = 0
  # Detected nonlinear terms = 261
  # Variables involved in nonlinear terms = 124
  # Potential variables for partitioning = 124
SUB-SOLVERS USED BY ALPINE
  NLP local solver = Knitro
  MIP solver = Gurobi
ALPINE CONFIGURATION
  Maximum iterations (lower-bounding MIPs) =  1
  Relative global optimality gap = 0.01%
  Potential variables chosen for partitioning = All
  Discretization ratio = 10
  Bound-tightening presolve = false
PRESOLVE 
  Doing local search

Feasible solution found during presolve: [0.7819638567173604, 0.6286538555496843, 0.0, 1.2180361432826396, 0.9792308315731636, 0.0, 0.0, 0.0, 0.0, 0.0, 0.0, 0.0, 0.0, 0.0, 0.0, 0.0, 0.0, 0.0, 0.21135445193605187, 2.7886455480639483, 0.0, 0.0, 0.0, 0.0, 0.0, 0.0, 0.0, 0.0, 0.0, 0.0, 0.0, 0.0, 0.0, 0.0, 0.0, 3.2113544519360517, 1.532321063673645, 0.0, 0.0, 0.0, 0.0, 0.0, 0.0, 0.0, 0.0, 0.0, 0.0, 0.0, 0.0, 0.0, 0.0, 0.0, 0.0, 0.0, 0.0, 0.0, 0.0, 0.0, 0.0, 1.9173365475184512, 1.0, 0.0, 0.0, 0.0, 0.0, 0.0, 0.0, 0.0, 0.0, 0.0, 0.0, 0.017560038374784294, 0.05268011512435286, 0.0, 0.7499999999999998, 2.25, 0.0, 0.5501925639782829, 1.6505776919348487, 0.0, 0.0, 0.0, 0.0, 0.0, 0.0, 0.0, 0.0, 0.0, 0.0, 0.0, 0.0, 0.0, 0.682247397646933, 2.046742192940799, 0.0, 0.0, 0.0, 0.0, 0.0, 0.0, 0.0, 1.8668494899870849, 0.5679899137143812, 0.5651605962985338, 0.0, 0.0, 0.0, 0.0, 0.0, 0.0, 0.0, 0.0, 0.0, 0.0, 0.0, 0.0, 0.0, 0.0, 3.616773587031186, 3.767115299780761, 0.0, 0.0, 0.0, 0.3017833061972081, 0.314327806990845, 0.0, 0.0, 0.0, 0.0, 0.0, 0.0, 0.0, 0.0, 0.0, 0.0, 0.0, 0.0, 0.0, 0.0, 0.0, 0.0, 0.0, 0.0, 0.0, 0.0, 0.0, 0.0, 0.172706586493967, 0.0, 0.0, 0.0, 0.15863944758417237, 0.0, 0.5328198293912456, 0.2664099146956228, 0.0, 0.0, 1.4671801706087544, 0.7335900853043772, 0.0, 0.0, 0.0, 0.0, 0.0, 0.0, 0.0, 0.0, 0.0, 0.0, 0.0, 0.0, 0.0, 0.0, 1.0000000000000002, 0.0, 0.0, 0.0, 2.0, 0.0, 0.0, 0.0, 0.0, 0.0, 0.0, 0.0, 0.0, 0.0, 0.0, 0.0, 0.0, 0.0, 0.0, 0.0, 0.0, 0.0, 0.0, 0.0, 0.0, 0.0, 0.0, 0.0, 0.0, 0.0, 0.0, 0.0, 0.0, 1.5542348676423081, 0.7771174338211541, 0.0, 0.445765132357692, 0.222882566178846, 0.0, 0.0, 0.0, 0.0, 0.0, 0.0, 0.0, 0.0, 0.0, 0.0, 0.0, 0.0, 0.0, 0.0, 0.5720719939592676, 0.7799563082390767, 0.0, 0.0, 0.0, 0.0, 0.0, 0.0, 0.0, 0.0, 0.0, 0.0, 0.0, 0.0, 0.0, 0.0, 0.0, 0.0, 0.0, 0.0, 0.0, 0.0, 0.0, 0.0, 0.0, 0.0, 0.0, 0.0, 0.0, 0.0, 0.0, 0.0, 1.2430896797867104, 4.467678936326355, 0.0, 1.0, 0.0, 0.0, 0.0, 2.331352301463462, 0.0, 1.3520283021983444, 0.0, 0.0, 0.07024015349913715, 0.6686476985365379, 0.0, 0.0, 0.0, 0.0, 3.0, 0.0, 0.0, 0.0, 7.383888886811948, 0.0, 0.0, 0.0, 3.0, 0.7992297440868684, 2.2007702559131315, 0.0, 0.6161111131880531, 0.0, 3.0, 0.172706586493967, 1.4106177122670445, 0.0, 0.0, 0.0, 0.0, 0.0, 0.0, 0.0, 2.1972669748558036, 0.0, 0.0, 0.0, 2.917336547518451, 0.0, 0.0, 2.2007702559131315, 0.0, 3.0, 0.0, 0.0, 0.0, 0.0, 0.0, 0.0, 0.0, 0.0, 0.0, 4.743675515609697, 0.0, 0.0, 0.0, 0.0, 0.0, 0.0, 0.15863944758417237, 0.0, 0.0, 2.728989590587732, 0.0, 0.0, 6.710768616113066, 1.2430896797867104, 4.467678936326355, 0.0, 1.0, 0.5720719939592676, 0.7799563082390767, 0.0, 0.0, 2.0, 1.0, 0.0, 0.0, 0.0, 0.0, 1.0000000000000002, 0.0, 0.0, 0.0, 2.0, 0.0, 0.0, 2.0, 1.0, 0.33134603407813934, 0.0, 0.0, 3.918556893228394, 4.081443106771606, 0.0, 0.0, 1.8668494899870849, 0.5679899137143812, 0.5651605962985338, 2.0, 6.0, 0.0, 1.9173365475184512, 1.0, 0.0, 0.0, 0.0, 0.0, 0.0, 0.0, 3.2113544519360517, 1.532321063673645, 0.0, 0.0, 0.21135445193605187, 2.7886455480639483, 2.0, 1.607884687122848, 0.0, 0.0, 1.0, 1.3838888868119483, 0.0, 0.7569103202132896, 0.0, 1.4279280060407324, 0.0, 0.0, 0.0, 0.0, 0.0, 0.0, 0.0, 0.0, 0.0, 0.0, 0.0, 0.1972669748558032, 0.0, 0.0, 0.0, 0.0, 0.0, 0.0, 0.0, 0.0, 2.0, 0.0, 0.0, 0.0, 0.0, 0.0, 0.0, 0.0, 0.0, 0.0, 0.0, 0.0, 0.0, 0.0, 0.0, 0.0, 0.6161111131880517, 0.0, 0.0, 0.0, 0.0, 0.0, 0.0, 0.0, 0.0, 0.0, 0.0, 0.0, 0.0, 0.0, 0.9846656149533695, 0.43201008628561877, 1.6686539659218607, 0.0, 0.0, 0.0, 0.0, 6.0, 0.0, 1.0967774918182365, 0.0, 0.0, 0.8027330251441969, 0.0, 0.0, 0.0, 0.0, 0.0, 0.0, 0.2200436917609233, 0.45261373833617735, 0.0, 0.0, 0.0, 0.0, 0.0, 0.0, 0.0, 0.0, 0.0, 0.08266345248154827, 0.0, 0.0, 0.0, 1.5473862616638228, 1.9185568932283943, 0.0, 0.0, 0.0, 0.0, 0.0, 0.0, 0.0, 0.0, 0.0, 0.0, 0.0, 0.0, 0.13315051001291528, 0.0, 0.0, 0.0, 0.0, 0.0, 0.0, 0.0, 3.6156002646425667, 0.0, 0.0, 0.0, 0.0, 0.0, 0.7771174338211541, 0.0, 1.0, 0.0, 0.0, 0.008780019187392143, 0.222882566178846, 0.0, 0.0, 0.0, 0.0, 0.375, 0.0, 0.0, 0.0, 0.9229861108514934, 0.0, 0.0, 0.0, 1.0, 0.2664099146956228, 0.27509628198914143, 0.0, 0.07701388914850664, 0.0, 1.0, 0.52122726313736, 0.3909819283586802, 0.0, 0.0, 1.0, 0.0, 0.0, 0.0, 0.0, 0.6090180716413198, 0.0, 0.0, 0.0, 1.0, 0.0, 0.0, 0.7335900853043772, 0.0, 1.0, 0.0, 0.0, 0.0, 0.0, 0.0, 0.0, 0.0, 1.0, 0.0, 1.0, 0.0, 0.0, 0.0, 0.0, 0.0, 0.0, 0.47877273686264005, 0.0, 0.0, 0.3411236988234665, 0.0, 0.0, 1.0]  :with objective: -584.3313836856673

  Local solver returns a feasible point with value -584.3314
disc:  333  :[0.0, 1.0430896797867104, 1.4430896797867103, 2.0]
disc:  334  :[0.0, 3.8676789363263553, 5.067678936326355, 6.0]
disc:  335  :[0.0, 0.1, 1.0]
disc:  336  :[0.0, 0.9, 1.0]
disc:  337  :[0.0, 0.37207199395926754, 0.7720719939592675, 2.0]
disc:  338  :[0.0, 0.6799563082390767, 0.8799563082390767, 1.0]
disc:  339  :[0.0, 0.2, 2.0]
disc:  340  :[0.0, 0.2, 2.0]
disc:  341  :[0.0, 1.8, 2.0]
disc:  342  :[0.0, 0.9, 1.0]
disc:  343  :[0.0, 0.2, 2.0]
disc:  344  :[0.0, 0.2, 2.0]
disc:  345  :[0.0, 0.1, 1.0]
disc:  346  :[0.0, 0.3, 3.0]
disc:  347  :[0.0, 0.8000000000000003, 1.2000000000000002, 2.0]
disc:  348  :[0.0, 0.6, 6.0]
disc:  349  :[0.0, 0.2, 2.0]
disc:  350  :[0.0, 0.1, 1.0]
disc:  351  :[0.0, 1.8, 2.0]
disc:  352  :[0.0, 0.6, 6.0]
disc:  353  :[0.0, 0.1, 1.0]
disc:  354  :[0.0, 1.8, 2.0]
disc:  355  :[0.0, 0.9, 1.0]
disc:  356  :[0.0, 0.13134603407813933, 0.5313460340781393, 2.0]
disc:  357  :[0.0, 0.1, 1.0]
disc:  358  :[0.0, 0.2, 2.0]
disc:  359  :[0.0, 3.318556893228394, 4.518556893228394, 6.0]
disc:  360  :[0.0, 3.481443106771606, 4.681443106771606, 6.0]
disc:  361  :[0.0, 0.2, 2.0]
disc:  362  :[0.0, 0.1, 1.0]
disc:  363  :[0.0, 1.666849489987085, 2.0]
disc:  364  :[0.0, 0.46798991371438126, 0.6679899137143812, 1.0]
disc:  365  :[0.0, 0.2651605962985338, 0.8651605962985338, 3.0]
disc:  366  :[0.0, 1.8, 2.0]
disc:  367  :[0.0, 5.4, 6.0]
disc:  368  :[0.0, 0.2, 2.0]
disc:  369  :[0.0, 1.7173365475184512, 2.0]
disc:  370  :[0.0, 0.9, 1.0]
disc:  371  :[0.0, 0.2, 2.0]
disc:  372  :[0.0, 0.2, 2.0]
disc:  373  :[0.0, 0.2, 2.0]
disc:  374  :[0.0, 0.6, 6.0]
disc:  375  :[0.0, 0.2, 2.0]
disc:  376  :[0.0, 0.2, 2.0]
disc:  377  :[0.0, 2.6113544519360516, 3.811354451936052, 6.0]
disc:  378  :[0.0, 0.9323210636736451, 2.132321063673645, 6.0]
disc:  379  :[0.0, 0.2, 2.0]
disc:  380  :[0.0, 0.1, 1.0]
disc:  381  :[0.0, 0.5113544519360519, 3.0]
disc:  382  :[0.0, 2.4886455480639484, 3.0]
disc:  383  :[0.0, 1.8, 2.0]
disc:  384  :[0.0, 1.0078846871228482, 2.207884687122848, 6.0]
disc:  385  :[0.0, 0.2, 2.0]
disc:  502  :[0.0, 0.1, 1.0]
disc:  503  :[0.0, 0.1, 1.0]
disc:  504  :[0.0, 0.1, 1.0]
disc:  505  :[0.0, 0.6771174338211541, 0.877117433821154, 1.0]
disc:  506  :[0.0, 0.1, 1.0]
disc:  507  :[0.0, 0.9, 1.0]
disc:  508  :[0.0, 0.1, 1.0]
disc:  509  :[0.0, 0.1, 1.0]
disc:  510  :[0.0, 0.10878001918739215, 1.0]
disc:  511  :[0.0, 0.12288256617884599, 0.32288256617884603, 1.0]
disc:  512  :[0.0, 0.1, 1.0]
disc:  513  :[0.0, 0.1, 1.0]
disc:  514  :[0.0, 0.1, 1.0]
disc:  515  :[0.0, 0.1, 1.0]
disc:  516  :[0.0, 0.275, 0.475, 1.0]
disc:  517  :[0.0, 0.1, 1.0]
disc:  518  :[0.0, 0.1, 1.0]
disc:  519  :[0.0, 0.1, 1.0]
disc:  520  :[0.0, 0.8229861108514934, 1.0]
disc:  521  :[0.0, 0.1, 1.0]
disc:  522  :[0.0, 0.1, 1.0]
disc:  523  :[0.0, 0.1, 1.0]
disc:  524  :[0.0, 0.9, 1.0]
disc:  525  :[0.0, 0.1664099146956228, 0.3664099146956228, 1.0]
disc:  526  :[0.0, 0.17509628198914143, 0.37509628198914147, 1.0]
disc:  527  :[0.0, 0.1, 1.0]
disc:  528  :[0.0, 0.17701388914850663, 1.0]
disc:  529  :[0.0, 0.1, 1.0]
disc:  530  :[0.0, 0.9, 1.0]
disc:  531  :[0.0, 0.42122726313736003, 0.62122726313736, 1.0]
disc:  532  :[0.0, 0.2909819283586802, 0.49098192835868015, 1.0]
disc:  533  :[0.0, 0.1, 1.0]
disc:  534  :[0.0, 0.1, 1.0]
disc:  535  :[0.0, 0.9, 1.0]
disc:  536  :[0.0, 0.1, 1.0]
disc:  537  :[0.0, 0.1, 1.0]
disc:  538  :[0.0, 0.1, 1.0]
disc:  539  :[0.0, 0.1, 1.0]
disc:  540  :[0.0, 0.5090180716413198, 0.7090180716413198, 1.0]
disc:  541  :[0.0, 0.1, 1.0]
disc:  542  :[0.0, 0.1, 1.0]
disc:  543  :[0.0, 0.1, 1.0]
disc:  544  :[0.0, 0.9, 1.0]
disc:  545  :[0.0, 0.1, 1.0]
disc:  546  :[0.0, 0.1, 1.0]
disc:  547  :[0.0, 0.6335900853043772, 0.8335900853043772, 1.0]
disc:  548  :[0.0, 0.1, 1.0]
disc:  549  :[0.0, 0.9, 1.0]
disc:  550  :[0.0, 0.1, 1.0]
disc:  551  :[0.0, 0.1, 1.0]
disc:  552  :[0.0, 0.1, 1.0]
disc:  553  :[0.0, 0.1, 1.0]
disc:  554  :[0.0, 0.1, 1.0]
disc:  555  :[0.0, 0.1, 1.0]
disc:  556  :[0.0, 0.1, 1.0]
disc:  557  :[0.0, 0.9, 1.0]
disc:  558  :[0.0, 0.1, 1.0]
disc:  559  :[0.0, 0.9, 1.0]
disc:  560  :[0.0, 0.1, 1.0]
disc:  561  :[0.0, 0.1, 1.0]
disc:  562  :[0.0, 0.1, 1.0]
disc:  563  :[0.0, 0.1, 1.0]
disc:  564  :[0.0, 0.1, 1.0]
disc:  565  :[0.0, 0.1, 1.0]
disc:  566  :[0.0, 0.37877273686264, 0.5787727368626401, 1.0]
disc:  567  :[0.0, 0.1, 1.0]
disc:  568  :[0.0, 0.1, 1.0]
disc:  569  :[0.0, 0.2411236988234665, 0.44112369882346647, 1.0]
disc:  570  :[0.0, 0.1, 1.0]
disc:  571  :[0.0, 0.1, 1.0]
disc:  572  :[0.0, 0.9, 1.0]
  Completed presolve in 15.27s
LOWER-BOUNDING ITERATIONS
====================================================================================================
| Iter   | Incumbent       | Best Incumbent      | Lower Bound        | Gap (%)         | Time      
| finish | -584.3314       | -584.3314           | -625.9916          | 7.13            | 29.53s           
Final UBD: -584.3313836856673
Final LBD: -625.9916444264172
====================================================================================================

*** Alpine ended with status OTHER_LIMIT ***

 Total time for local solves: 13.0s

 Total time for solving max-min problems: 0.0s

 Total time excluding max-min time: 29.53s

presolve objective value: -584.3313836856673
w_opt: 1-dimensional DenseAxisArray{Float64,1,...} with index sets:
    Dimension 1, [(25, 1, 2), (25, 1, 1), (25, 1, 14), (20, 1, 2), (20, 1, 1), (20, 1, 14), (1, 1, 2), (1, 1, 1), (1, 1, 14), (2, 1, 2)  …  (20, 15, 23), (20, 15, 3), (8, 15, 30), (8, 15, 29), (8, 15, 23), (8, 15, 3), (2, 15, 30), (2, 15, 29), (2, 15, 23), (2, 15, 3)]
And data, a 261-element Vector{Float64}:
 0.7819638567173604
 0.6286538555496843
 0.0
 1.2180361432826396
 0.9792308315731636
 0.0
 0.0
 0.0
 0.0
 0.0
 0.0
 0.0
 0.0
 0.0
 0.0
 0.0
 0.0
 0.0
 0.21135445193605187
 2.7886455480639483
 0.0
 0.0
 0.0
 0.0
 0.0
 0.0
 0.0
 0.0
 0.0
 0.0
 0.0
 0.0
 0.0
 0.0
 0.0
 3.2113544519360517
 1.532321063673645
 0.0
 0.0
 0.0
 0.0
 0.0
 0.0
 0.0
 0.0
 0.0
 0.0
 0.0
 0.0
 0.0
 0.0
 0.0
 0.0
 0.0
 0.0
 0.0
 0.0
 0.0
 0.0
 1.9173365475184512
 1.0
 0.0
 0.0
 0.0
 0.0
 0.0
 0.0
 0.0
 0.0
 0.0
 0.0
 0.017560038374784294
 0.05268011512435286
 0.0
 0.7499999999999998
 2.25
 0.0
 0.5501925639782829
 1.6505776919348487
 0.0
 0.0
 0.0
 0.0
 0.0
 0.0
 0.0
 0.0
 0.0
 0.0
 0.0
 0.0
 0.0
 0.682247397646933
 2.046742192940799
 0.0
 0.0
 0.0
 0.0
 0.0
 0.0
 0.0
 1.8668494899870849
 0.5679899137143812
 0.5651605962985338
 0.0
 0.0
 0.0
 0.0
 0.0
 0.0
 0.0
 0.0
 0.0
 0.0
 0.0
 0.0
 0.0
 0.0
 3.616773587031186
 3.767115299780761
 0.0
 0.0
 0.0
 0.3017833061972081
 0.314327806990845
 0.0
 0.0
 0.0
 0.0
 0.0
 0.0
 0.0
 0.0
 0.0
 0.0
 0.0
 0.0
 0.0
 0.0
 0.0
 0.0
 0.0
 0.0
 0.0
 0.0
 0.0
 0.0
 0.172706586493967
 0.0
 0.0
 0.0
 0.15863944758417237
 0.0
 0.5328198293912456
 0.2664099146956228
 0.0
 0.0
 1.4671801706087544
 0.7335900853043772
 0.0
 0.0
 0.0
 0.0
 0.0
 0.0
 0.0
 0.0
 0.0
 0.0
 0.0
 0.0
 0.0
 0.0
 1.0000000000000002
 0.0
 0.0
 0.0
 2.0
 0.0
 0.0
 0.0
 0.0
 0.0
 0.0
 0.0
 0.0
 0.0
 0.0
 0.0
 0.0
 0.0
 0.0
 0.0
 0.0
 0.0
 0.0
 0.0
 0.0
 0.0
 0.0
 0.0
 0.0
 0.0
 0.0
 0.0
 0.0
 1.5542348676423081
 0.7771174338211541
 0.0
 0.445765132357692
 0.222882566178846
 0.0
 0.0
 0.0
 0.0
 0.0
 0.0
 0.0
 0.0
 0.0
 0.0
 0.0
 0.0
 0.0
 0.0
 0.5720719939592676
 0.7799563082390767
 0.0
 0.0
 0.0
 0.0
 0.0
 0.0
 0.0
 0.0
 0.0
 0.0
 0.0
 0.0
 0.0
 0.0
 0.0
 0.0
 0.0
 0.0
 0.0
 0.0
 0.0
 0.0
 0.0
 0.0
 0.0
 0.0
 0.0
 0.0
 0.0
 0.0
 1.2430896797867104
 4.467678936326355
 0.0
 1.0
x_ij_opt: 1-dimensional DenseAxisArray{Float64,1,...} with index sets:
    Dimension 1, [(43, 30), (43, 22), (43, 6), (44, 22), (45, 30), (45, 29), (45, 28), (45, 24), (45, 23), (40, 29)  …  (5, 7), (5, 14), (6, 4), (6, 3), (1, 14), (1, 10), (1, 23), (1, 1), (3, 2), (3, 1)]
And data, a 116-element Vector{Float64}:
 0.0
 1.0
 1.3838888868119483
 0.0
 0.7569103202132896
 0.0
 1.4279280060407324
 0.0
 0.0
 0.0
 0.0
 0.0
 0.0
 0.0
 0.0
 0.0
 0.0
 0.0
 0.1972669748558032
 0.0
 0.0
 0.0
 0.0
 0.0
 0.0
 0.0
 0.0
 2.0
 0.0
 0.0
 0.0
 0.0
 0.0
 0.0
 0.0
 0.0
 0.0
 0.0
 0.0
 0.0
 0.0
 0.0
 0.0
 0.6161111131880517
 0.0
 0.0
 0.0
 0.0
 0.0
 0.0
 0.0
 0.0
 0.0
 0.0
 0.0
 0.0
 0.0
 0.9846656149533695
 0.43201008628561877
 1.6686539659218607
 0.0
 0.0
 0.0
 0.0
 6.0
 0.0
 1.0967774918182365
 0.0
 0.0
 0.8027330251441969
 0.0
 0.0
 0.0
 0.0
 0.0
 0.0
 0.2200436917609233
 0.45261373833617735
 0.0
 0.0
 0.0
 0.0
 0.0
 0.0
 0.0
 0.0
 0.0
 0.08266345248154827
 0.0
 0.0
 0.0
 1.5473862616638228
 1.9185568932283943
 0.0
 0.0
 0.0
 0.0
 0.0
 0.0
 0.0
 0.0
 0.0
 0.0
 0.0
 0.0
 0.13315051001291528
 0.0
 0.0
 0.0
 0.0
 0.0
 0.0
 0.0
 3.6156002646425667
 0.0
 0.0
x_il_opt: 1-dimensional DenseAxisArray{Float64,1,...} with index sets:
    Dimension 1, [(43, 15), (43, 14), (44, 15), (44, 13), (44, 3), (40, 14), (40, 2), (41, 14), (42, 6), (37, 13)  …  (4, 13), (5, 2), (5, 7), (5, 9), (6, 11), (1, 1), (1, 6), (1, 3), (2, 1), (2, 15)]
And data, a 71-element Vector{Float64}:
 0.0
 0.0
 0.0
 2.331352301463462
 0.0
 1.3520283021983444
 0.0
 0.0
 0.07024015349913715
 0.6686476985365379
 0.0
 0.0
 0.0
 0.0
 3.0
 0.0
 0.0
 0.0
 7.383888886811948
 0.0
 0.0
 0.0
 3.0
 0.7992297440868684
 2.2007702559131315
 0.0
 0.6161111131880531
 0.0
 3.0
 0.172706586493967
 1.4106177122670445
 0.0
 0.0
 0.0
 0.0
 0.0
 0.0
 0.0
 2.1972669748558036
 0.0
 0.0
 0.0
 2.917336547518451
 0.0
 0.0
 2.2007702559131315
 0.0
 3.0
 0.0
 0.0
 0.0
 0.0
 0.0
 0.0
 0.0
 0.0
 0.0
 4.743675515609697
 0.0
 0.0
 0.0
 0.0
 0.0
 0.0
 0.15863944758417237
 0.0
 0.0
 2.728989590587732
 0.0
 0.0
 6.710768616113066
x_lj_opt: 1-dimensional DenseAxisArray{Float64,1,...} with index sets:
    Dimension 1, [(15, 30), (15, 29), (15, 23), (15, 3), (14, 28), (14, 27), (14, 10), (14, 24), (13, 26), (13, 25)  …  (3, 6), (3, 5), (3, 29), (2, 4), (2, 3), (2, 1), (2, 5), (1, 2), (1, 1), (1, 14)]
And data, a 53-element Vector{Float64}:
 1.2430896797867104
 4.467678936326355
 0.0
 1.0
 0.5720719939592676
 0.7799563082390767
 0.0
 0.0
 2.0
 1.0
 0.0
 0.0
 0.0
 0.0
 1.0000000000000002
 0.0
 0.0
 0.0
 2.0
 0.0
 0.0
 2.0
 1.0
 0.33134603407813934
 0.0
 0.0
 3.918556893228394
 4.081443106771606
 0.0
 0.0
 1.8668494899870849
 0.5679899137143812
 0.5651605962985338
 2.0
 6.0
 0.0
 1.9173365475184512
 1.0
 0.0
 0.0
 0.0
 0.0
 0.0
 0.0
 3.2113544519360517
 1.532321063673645
 0.0
 0.0
 0.21135445193605187
 2.7886455480639483
 2.0
 1.607884687122848
 0.0
q_opt: 1-dimensional DenseAxisArray{Float64,1,...} with index sets:
    Dimension 1, [(43, 15), (43, 14), (44, 15), (44, 13), (44, 3), (40, 14), (40, 2), (41, 14), (42, 6), (37, 13)  …  (4, 13), (5, 2), (5, 7), (5, 9), (6, 11), (1, 1), (1, 6), (1, 3), (2, 1), (2, 15)]
And data, a 71-element Vector{Float64}:
 0.0
 0.0
 0.0
 0.7771174338211541
 0.0
 1.0
 0.0
 0.0
 0.008780019187392143
 0.222882566178846
 0.0
 0.0
 0.0
 0.0
 0.375
 0.0
 0.0
 0.0
 0.9229861108514934
 0.0
 0.0
 0.0
 1.0
 0.2664099146956228
 0.27509628198914143
 0.0
 0.07701388914850664
 0.0
 1.0
 0.52122726313736
 0.3909819283586802
 0.0
 0.0
 1.0
 0.0
 0.0
 0.0
 0.0
 0.6090180716413198
 0.0
 0.0
 0.0
 1.0
 0.0
 0.0
 0.7335900853043772
 0.0
 1.0
 0.0
 0.0
 0.0
 0.0
 0.0
 0.0
 0.0
 1.0
 0.0
 1.0
 0.0
 0.0
 0.0
 0.0
 0.0
 0.0
 0.47877273686264005
 0.0
 0.0
 0.3411236988234665
 0.0
 0.0
 1.0
