
PROBLEM STATISTICS
  Objective sense = Min
  # Variables = 572
  # Bin-Int Variables = 0
  # Constraints = 621
  # NL Constraints = 261
  # Linear Constraints = 360
  # Detected convex constraints = 0
  # Detected nonlinear terms = 261
  # Variables involved in nonlinear terms = 124
  # Potential variables for partitioning = 124
SUB-SOLVERS USED BY ALPINE
  NLP local solver = Knitro
  MIP solver = Gurobi
ALPINE CONFIGURATION
  Maximum iterations (lower-bounding MIPs) =  1
  Relative global optimality gap = 0.01%
  Potential variables chosen for partitioning = All
  Discretization ratio = 10
  Bound-tightening presolve = false
PRESOLVE 
  Doing local search

Feasible solution found during presolve: [1.3817552542082325, 1.4857718227369119, 0.0, 0.6182447457917676, 0.664785330148, 0.0, 0.0, 0.0, 0.0, 0.0, 0.0, 0.0, 0.0, 0.0, 0.0, 0.0, 2.0, 0.0, 0.0, 0.9999999999999998, 0.0, 0.0, 0.0, 0.0, 0.0, 0.0, 0.0, 0.0, 0.15400486771991906, 3.2446227275635064, 1.7927687688181846, 0.0, 0.0, 0.0, 0.0, 0.0, 0.0, 0.0, 0.0, 0.0, 0.08331836004956396, 1.7553772724364933, 0.969908003412332, 0.31090053433171433, 1.2109595911346105, 0.0, 0.0, 0.0, 0.0, 0.741712086308299, 2.8889733711978214, 0.0, 0.0, 0.0, 0.0, 0.0, 0.0, 0.0, 0.0, 1.8793481756843367, 1.0, 0.0, 0.0, 0.0, 0.0, 0.0, 0.0, 0.0, 0.0, 0.0, 0.0, 0.030353528930243973, 0.09106058679073192, 0.0, 0.75, 2.25, 0.0, 0.5333770833807154, 1.6001312501421463, 0.0, 0.0, 0.0, 0.0, 0.0, 0.0, 0.0, 0.0, 0.0, 0.0, 0.0, 0.0, 0.0, 0.6862693876890407, 2.058808163067122, 0.0, 0.0, 0.0, 0.0, 0.0, 0.0, 0.0, 0.3961183819241145, 0.5629312320251332, 1.2410632633198533, 0.14401533487290466, 0.2046628825875778, 0.4512089052704167, 0.0, 0.0, 0.0, 0.0, 0.0, 0.0, 0.0, 0.0, 0.0, 0.0, 0.0, 4.253537557398867, 1.3470010843824343, 0.0, 0.0708447680838557, 0.0, 1.7464624426011328, 0.5530659532851332, 0.0, 0.029088194248577615, 0.0, 0.0, 0.0, 0.0, 0.0, 0.0, 0.0, 0.0, 0.0, 0.0, 0.0, 0.0, 0.0, 0.0, 0.0, 0.0, 0.0, 0.0, 0.0, 0.0, 0.0, 0.0, 0.0, 0.0, 0.0, 0.0, 0.577661110984759, 0.2888305554923795, 0.0, 0.0, 1.422338889015241, 0.7111694445076205, 0.0, 0.0, 0.0, 0.0, 0.0, 0.0, 0.0, 0.0, 0.0, 0.0, 0.0, 0.0, 0.0, 0.0, 1.3868723522648998, 0.0, 0.0, 0.0, 1.6131276477351002, 0.0, 0.0, 0.0, 0.0, 0.0, 0.0, 0.0, 0.0, 0.0, 0.0, 0.0, 0.0, 0.0, 0.0, 0.0, 0.0, 0.38687235226489974, 1.0, 1.6131276477351, 0.0, 0.0, 0.0, 0.0, 0.0, 0.0, 0.0, 0.0, 0.0, 1.487195385838579, 0.7435976929192893, 0.0, 0.5128046141614211, 0.2564023070807105, 0.0, 0.0, 0.0, 0.0, 0.0, 0.0, 0.0, 0.0, 0.0, 0.0, 0.0, 0.0, 0.0, 0.0, 0.0, 0.0, 0.0, 0.0, 0.0, 0.0, 0.0, 0.0, 0.1451357998270367, 0.8421949156191224, 0.0, 0.0, 0.0, 0.0, 0.0, 0.0, 0.0, 0.0, 0.0, 0.0, 0.0, 0.0, 0.0, 0.0, 0.40943826241943526, 0.33250390805930224, 0.0, 0.20471913120971763, 0.0, 0.0, 0.0, 0.0, 1.5905617375805647, 1.2916916719750808, 0.0, 0.7952808687902824, 0.0, 0.0, 0.0, 2.230793078757868, 5.19139636410161, 0.0, 0.0, 0.0, 0.1214141157209759, 0.7692069212421316, 0.0, 3.0, 0.0, 0.0, 3.0, 0.0, 0.0, 0.0, 5.6713834098651565, 0.0, 1.5218601254663249, 0.9873307154461591, 3.0, 0.8664916664771385, 2.1335083335228617, 0.0, 2.328616590134844, 0.0, 3.0, 0.0, 2.867527076945144, 0.0, 0.0, 0.0, 0.0, 0.0, 0.0, 0.0, 1.2830300759397677, 0.9466613016884551, 0.0, 0.0, 2.8793481756843367, 0.0, 0.0, 2.1335083335228617, 0.0, 2.200112877269101, 0.0, 0.0, 0.0, 0.0, 0.0, 0.0, 3.6306854575061207, 0.0, 0.0, 0.0, 0.0, 0.0, 0.0, 0.0, 0.0, 0.7998871227308992, 0.0, 0.0, 0.0, 2.7450775507561627, 2.8086036358983892, 0.0, 3.677534278345928, 2.0, 1.624195580034383, 0.0, 1.0, 0.1451357998270367, 0.8421949156191224, 0.0, 0.0, 2.0, 1.0, 0.0, 0.38687235226489974, 1.0, 1.6131276477351, 1.3868723522648998, 0.0, 0.0, 0.0, 1.6131276477351002, 0.0, 0.0, 2.0, 1.0, 0.0, 0.0, 0.0, 6.0, 1.9000670376675675, 0.0, 0.0999329623324333, 0.5401337167970192, 0.767594114612711, 1.69227216859027, 2.0, 6.0, 0.0, 1.8793481756843367, 1.0, 0.0, 0.0, 1.0526126206400135, 4.099932962332432, 0.0, 0.23732322776948303, 5.0, 2.7626767722305168, 2.0, 0.0, 0.0, 0.9999999999999998, 2.0, 2.1505571528849123, 0.0, 0.0, 0.6131276477351004, 1.4479231322871446, 0.0, 0.0, 0.0, 1.8548642001729634, 0.0, 0.0, 0.0, 0.0, 0.0, 0.0, 0.0, 0.0, 0.0, 0.0, 0.0, 0.22969137762822267, 0.0, 0.0, 0.0, 0.0, 0.0, 0.0, 0.0, 0.0, 2.0, 0.0, 0.0, 0.0, 0.0, 0.0, 0.0, 0.0, 0.0, 0.0, 0.0, 0.0, 0.0, 0.0, 0.0, 0.0, 0.31475363994337224, 0.0, 0.0, 0.0, 0.0, 0.0, 0.0, 0.0, 0.0, 0.0, 0.0, 0.0, 0.0, 0.0, 0.0, 0.1324729230548557, 2.0, 0.0, 0.0, 0.0, 0.0, 6.0, 0.0, 0.0, 0.0, 0.0, 0.7703086223717773, 0.0, 0.0, 0.0, 0.0, 0.0, 0.0, 0.15780508438087765, 0.9473873793599865, 0.0, 0.0, 0.0, 0.0, 0.0, 0.0, 0.0, 0.0, 0.0, 0.12065182431566336, 0.0, 0.0, 0.0, 0.0, 0.0, 0.0, 0.0, 0.0, 0.0, 0.0, 0.0, 0.0, 0.0, 0.0, 0.0, 0.0, 0.0, 1.2883203868112068, 0.0, 0.0, 0.0, 0.0, 0.171545896391774, 0.0, 0.0, 2.157170678524818, 0.0, 0.0, 0.0, 0.0, 0.0, 0.7435976929192895, 0.6489245455127013, 0.0, 0.0, 0.0, 0.015176764465121987, 0.25640230708071055, 0.0, 1.0, 0.0, 0.0, 0.375, 0.0, 0.0, 0.0, 0.7089229262331446, 0.0, 0.2953608271794038, 1.0, 1.0, 0.2888305554923795, 0.2666885416903577, 0.0, 0.2910770737668555, 0.0, 1.0, 1.0, 0.690877627104116, 0.0, 0.0, 0.0, 0.0, 0.0, 0.0, 0.0, 0.3091223728958838, 0.20471913120971763, 0.0, 0.0, 1.0, 0.0, 0.0, 0.7111694445076205, 0.0, 0.7333709590897002, 0.0, 0.0, 0.0, 0.0, 0.0, 0.0, 0.7046391728205962, 0.0, 0.0, 0.0, 0.0, 0.0, 0.0, 0.0, 0.0, 0.2666290409102997, 0.0, 0.0, 0.0, 0.34313469384452033, 0.35107545448729865, 0.0, 0.7952808687902824]  :with objective: -616.0141933751887

  Local solver returns a feasible point with value -616.0142
disc:  333  :[0.0, 1.8, 2.0]
disc:  334  :[0.0, 1.024195580034383, 2.224195580034383, 6.0]
disc:  335  :[0.0, 0.1, 1.0]
disc:  336  :[0.0, 0.9, 1.0]
disc:  337  :[0.0, 0.3451357998270367, 2.0]
disc:  338  :[0.0, 0.7421949156191224, 0.9421949156191224, 1.0]
disc:  339  :[0.0, 0.2, 2.0]
disc:  340  :[0.0, 0.2, 2.0]
disc:  341  :[0.0, 1.8, 2.0]
disc:  342  :[0.0, 0.9, 1.0]
disc:  343  :[0.0, 0.2, 2.0]
disc:  344  :[0.0, 0.18687235226489973, 0.5868723522648998, 2.0]
disc:  345  :[0.0, 0.9, 1.0]
disc:  346  :[0.0, 1.3131276477351, 1.9131276477351, 3.0]
disc:  347  :[0.0, 1.1868723522648998, 1.5868723522648998, 2.0]
disc:  348  :[0.0, 0.6, 6.0]
disc:  349  :[0.0, 0.2, 2.0]
disc:  350  :[0.0, 0.1, 1.0]
disc:  351  :[0.0, 1.4131276477351002, 1.8131276477351002, 2.0]
disc:  352  :[0.0, 0.6, 6.0]
disc:  353  :[0.0, 0.1, 1.0]
disc:  354  :[0.0, 1.8, 2.0]
disc:  355  :[0.0, 0.9, 1.0]
disc:  356  :[0.0, 0.2, 2.0]
disc:  357  :[0.0, 0.1, 1.0]
disc:  358  :[0.0, 0.2, 2.0]
disc:  359  :[0.0, 5.4, 6.0]
disc:  360  :[0.0, 1.3000670376675676, 2.5000670376675673, 6.0]
disc:  361  :[0.0, 0.2, 2.0]
disc:  362  :[0.0, 0.1999329623324333, 1.0]
disc:  363  :[0.0, 0.34013371679701915, 0.7401337167970192, 2.0]
disc:  364  :[0.0, 0.667594114612711, 0.867594114612711, 1.0]
disc:  365  :[0.0, 1.39227216859027, 1.99227216859027, 3.0]
disc:  366  :[0.0, 1.8, 2.0]
disc:  367  :[0.0, 5.4, 6.0]
disc:  368  :[0.0, 0.2, 2.0]
disc:  369  :[0.0, 1.6793481756843367, 2.0]
disc:  370  :[0.0, 0.9, 1.0]
disc:  371  :[0.0, 0.2, 2.0]
disc:  372  :[0.0, 0.2, 2.0]
disc:  373  :[0.0, 0.8526126206400135, 1.2526126206400134, 2.0]
disc:  374  :[0.0, 3.4999329623324322, 4.699932962332432, 6.0]
disc:  375  :[0.0, 0.2, 2.0]
disc:  376  :[0.0, 0.03732322776948302, 0.43732322776948307, 2.0]
disc:  377  :[0.0, 4.4, 5.6, 6.0]
disc:  378  :[0.0, 2.1626767722305167, 3.362676772230517, 6.0]
disc:  379  :[0.0, 1.8, 2.0]
disc:  380  :[0.0, 0.1, 1.0]
disc:  381  :[0.0, 0.3, 3.0]
disc:  382  :[0.0, 0.6999999999999997, 1.2999999999999998, 3.0]
disc:  383  :[0.0, 1.8, 2.0]
disc:  384  :[0.0, 1.5505571528849122, 2.7505571528849124, 6.0]
disc:  385  :[0.0, 0.2, 2.0]
disc:  502  :[0.0, 0.1, 1.0]
disc:  503  :[0.0, 0.1, 1.0]
disc:  504  :[0.0, 0.1, 1.0]
disc:  505  :[0.0, 0.6435976929192895, 0.8435976929192894, 1.0]
disc:  506  :[0.0, 0.5489245455127013, 0.7489245455127013, 1.0]
disc:  507  :[0.0, 0.1, 1.0]
disc:  508  :[0.0, 0.1, 1.0]
disc:  509  :[0.0, 0.1, 1.0]
disc:  510  :[0.0, 0.115176764465122, 1.0]
disc:  511  :[0.0, 0.15640230708071054, 0.3564023070807105, 1.0]
disc:  512  :[0.0, 0.1, 1.0]
disc:  513  :[0.0, 0.9, 1.0]
disc:  514  :[0.0, 0.1, 1.0]
disc:  515  :[0.0, 0.1, 1.0]
disc:  516  :[0.0, 0.275, 0.475, 1.0]
disc:  517  :[0.0, 0.1, 1.0]
disc:  518  :[0.0, 0.1, 1.0]
disc:  519  :[0.0, 0.1, 1.0]
disc:  520  :[0.0, 0.6089229262331446, 0.8089229262331445, 1.0]
disc:  521  :[0.0, 0.1, 1.0]
disc:  522  :[0.0, 0.1953608271794038, 0.3953608271794038, 1.0]
disc:  523  :[0.0, 0.9, 1.0]
disc:  524  :[0.0, 0.9, 1.0]
disc:  525  :[0.0, 0.1888305554923795, 0.38883055549237955, 1.0]
disc:  526  :[0.0, 0.1666885416903577, 0.3666885416903577, 1.0]
disc:  527  :[0.0, 0.1, 1.0]
disc:  528  :[0.0, 0.19107707376685548, 0.3910770737668555, 1.0]
disc:  529  :[0.0, 0.1, 1.0]
disc:  530  :[0.0, 0.9, 1.0]
disc:  531  :[0.0, 0.9, 1.0]
disc:  532  :[0.0, 0.5908776271041161, 0.790877627104116, 1.0]
disc:  533  :[0.0, 0.1, 1.0]
disc:  534  :[0.0, 0.1, 1.0]
disc:  535  :[0.0, 0.1, 1.0]
disc:  536  :[0.0, 0.1, 1.0]
disc:  537  :[0.0, 0.1, 1.0]
disc:  538  :[0.0, 0.1, 1.0]
disc:  539  :[0.0, 0.1, 1.0]
disc:  540  :[0.0, 0.20912237289588378, 0.4091223728958838, 1.0]
disc:  541  :[0.0, 0.10471913120971763, 0.3047191312097176, 1.0]
disc:  542  :[0.0, 0.1, 1.0]
disc:  543  :[0.0, 0.1, 1.0]
disc:  544  :[0.0, 0.9, 1.0]
disc:  545  :[0.0, 0.1, 1.0]
disc:  546  :[0.0, 0.1, 1.0]
disc:  547  :[0.0, 0.6111694445076206, 0.8111694445076205, 1.0]
disc:  548  :[0.0, 0.1, 1.0]
disc:  549  :[0.0, 0.6333709590897002, 0.8333709590897002, 1.0]
disc:  550  :[0.0, 0.1, 1.0]
disc:  551  :[0.0, 0.1, 1.0]
disc:  552  :[0.0, 0.1, 1.0]
disc:  553  :[0.0, 0.1, 1.0]
disc:  554  :[0.0, 0.1, 1.0]
disc:  555  :[0.0, 0.1, 1.0]
disc:  556  :[0.0, 0.6046391728205962, 0.8046391728205962, 1.0]
disc:  557  :[0.0, 0.1, 1.0]
disc:  558  :[0.0, 0.1, 1.0]
disc:  559  :[0.0, 0.1, 1.0]
disc:  560  :[0.0, 0.1, 1.0]
disc:  561  :[0.0, 0.1, 1.0]
disc:  562  :[0.0, 0.1, 1.0]
disc:  563  :[0.0, 0.1, 1.0]
disc:  564  :[0.0, 0.1, 1.0]
disc:  565  :[0.0, 0.1666290409102997, 0.3666290409102997, 1.0]
disc:  566  :[0.0, 0.1, 1.0]
disc:  567  :[0.0, 0.1, 1.0]
disc:  568  :[0.0, 0.1, 1.0]
disc:  569  :[0.0, 0.24313469384452033, 0.4431346938445203, 1.0]
disc:  570  :[0.0, 0.2510754544872986, 0.4510754544872987, 1.0]
disc:  571  :[0.0, 0.1, 1.0]
disc:  572  :[0.0, 0.6952808687902824, 0.8952808687902823, 1.0]
  Completed presolve in 8.55s
LOWER-BOUNDING ITERATIONS
====================================================================================================
| Iter   | Incumbent       | Best Incumbent      | Lower Bound        | Gap (%)         | Time      
| finish | -616.0142       | -616.0142           | -620.8319          | 0.782           | 32.5s            
Final UBD: -616.0141933751887
Final LBD: -620.8318811972453
====================================================================================================

*** Alpine ended with status OTHER_LIMIT ***

 Total time for local solves: 6.2s

 Total time for solving max-min problems: 0.0s

 Total time excluding max-min time: 32.5s

presolve objective value: -616.0141933751887
w_opt: 1-dimensional DenseAxisArray{Float64,1,...} with index sets:
    Dimension 1, [(25, 1, 2), (25, 1, 1), (25, 1, 14), (20, 1, 2), (20, 1, 1), (20, 1, 14), (1, 1, 2), (1, 1, 1), (1, 1, 14), (2, 1, 2)  …  (20, 15, 23), (20, 15, 3), (8, 15, 30), (8, 15, 29), (8, 15, 23), (8, 15, 3), (2, 15, 30), (2, 15, 29), (2, 15, 23), (2, 15, 3)]
And data, a 261-element Vector{Float64}:
 1.3817552542082325
 1.4857718227369119
 0.0
 0.6182447457917676
 0.664785330148
 0.0
 0.0
 0.0
 0.0
 0.0
 0.0
 0.0
 0.0
 0.0
 0.0
 0.0
 2.0
 0.0
 0.0
 0.9999999999999998
 0.0
 0.0
 0.0
 0.0
 0.0
 0.0
 0.0
 0.0
 0.15400486771991906
 3.2446227275635064
 1.7927687688181846
 0.0
 0.0
 0.0
 0.0
 0.0
 0.0
 0.0
 0.0
 0.0
 0.08331836004956396
 1.7553772724364933
 0.969908003412332
 0.31090053433171433
 1.2109595911346105
 0.0
 0.0
 0.0
 0.0
 0.741712086308299
 2.8889733711978214
 0.0
 0.0
 0.0
 0.0
 0.0
 0.0
 0.0
 0.0
 1.8793481756843367
 1.0
 0.0
 0.0
 0.0
 0.0
 0.0
 0.0
 0.0
 0.0
 0.0
 0.0
 0.030353528930243973
 0.09106058679073192
 0.0
 0.75
 2.25
 0.0
 0.5333770833807154
 1.6001312501421463
 0.0
 0.0
 0.0
 0.0
 0.0
 0.0
 0.0
 0.0
 0.0
 0.0
 0.0
 0.0
 0.0
 0.6862693876890407
 2.058808163067122
 0.0
 0.0
 0.0
 0.0
 0.0
 0.0
 0.0
 0.3961183819241145
 0.5629312320251332
 1.2410632633198533
 0.14401533487290466
 0.2046628825875778
 0.4512089052704167
 0.0
 0.0
 0.0
 0.0
 0.0
 0.0
 0.0
 0.0
 0.0
 0.0
 0.0
 4.253537557398867
 1.3470010843824343
 0.0
 0.0708447680838557
 0.0
 1.7464624426011328
 0.5530659532851332
 0.0
 0.029088194248577615
 0.0
 0.0
 0.0
 0.0
 0.0
 0.0
 0.0
 0.0
 0.0
 0.0
 0.0
 0.0
 0.0
 0.0
 0.0
 0.0
 0.0
 0.0
 0.0
 0.0
 0.0
 0.0
 0.0
 0.0
 0.0
 0.0
 0.577661110984759
 0.2888305554923795
 0.0
 0.0
 1.422338889015241
 0.7111694445076205
 0.0
 0.0
 0.0
 0.0
 0.0
 0.0
 0.0
 0.0
 0.0
 0.0
 0.0
 0.0
 0.0
 0.0
 1.3868723522648998
 0.0
 0.0
 0.0
 1.6131276477351002
 0.0
 0.0
 0.0
 0.0
 0.0
 0.0
 0.0
 0.0
 0.0
 0.0
 0.0
 0.0
 0.0
 0.0
 0.0
 0.0
 0.38687235226489974
 1.0
 1.6131276477351
 0.0
 0.0
 0.0
 0.0
 0.0
 0.0
 0.0
 0.0
 0.0
 1.487195385838579
 0.7435976929192893
 0.0
 0.5128046141614211
 0.2564023070807105
 0.0
 0.0
 0.0
 0.0
 0.0
 0.0
 0.0
 0.0
 0.0
 0.0
 0.0
 0.0
 0.0
 0.0
 0.0
 0.0
 0.0
 0.0
 0.0
 0.0
 0.0
 0.0
 0.1451357998270367
 0.8421949156191224
 0.0
 0.0
 0.0
 0.0
 0.0
 0.0
 0.0
 0.0
 0.0
 0.0
 0.0
 0.0
 0.0
 0.0
 0.40943826241943526
 0.33250390805930224
 0.0
 0.20471913120971763
 0.0
 0.0
 0.0
 0.0
 1.5905617375805647
 1.2916916719750808
 0.0
 0.7952808687902824
x_ij_opt: 1-dimensional DenseAxisArray{Float64,1,...} with index sets:
    Dimension 1, [(43, 30), (43, 22), (43, 6), (44, 22), (45, 30), (45, 29), (45, 28), (45, 24), (45, 23), (40, 29)  …  (5, 7), (5, 14), (6, 4), (6, 3), (1, 14), (1, 10), (1, 23), (1, 1), (3, 2), (3, 1)]
And data, a 116-element Vector{Float64}:
 0.0
 0.6131276477351004
 1.4479231322871446
 0.0
 0.0
 0.0
 1.8548642001729634
 0.0
 0.0
 0.0
 0.0
 0.0
 0.0
 0.0
 0.0
 0.0
 0.0
 0.0
 0.22969137762822267
 0.0
 0.0
 0.0
 0.0
 0.0
 0.0
 0.0
 0.0
 2.0
 0.0
 0.0
 0.0
 0.0
 0.0
 0.0
 0.0
 0.0
 0.0
 0.0
 0.0
 0.0
 0.0
 0.0
 0.0
 0.31475363994337224
 0.0
 0.0
 0.0
 0.0
 0.0
 0.0
 0.0
 0.0
 0.0
 0.0
 0.0
 0.0
 0.0
 0.0
 0.1324729230548557
 2.0
 0.0
 0.0
 0.0
 0.0
 6.0
 0.0
 0.0
 0.0
 0.0
 0.7703086223717773
 0.0
 0.0
 0.0
 0.0
 0.0
 0.0
 0.15780508438087765
 0.9473873793599865
 0.0
 0.0
 0.0
 0.0
 0.0
 0.0
 0.0
 0.0
 0.0
 0.12065182431566336
 0.0
 0.0
 0.0
 0.0
 0.0
 0.0
 0.0
 0.0
 0.0
 0.0
 0.0
 0.0
 0.0
 0.0
 0.0
 0.0
 0.0
 1.2883203868112068
 0.0
 0.0
 0.0
 0.0
 0.171545896391774
 0.0
 0.0
 2.157170678524818
 0.0
 0.0
x_il_opt: 1-dimensional DenseAxisArray{Float64,1,...} with index sets:
    Dimension 1, [(43, 15), (43, 14), (44, 15), (44, 13), (44, 3), (40, 14), (40, 2), (41, 14), (42, 6), (37, 13)  …  (4, 13), (5, 2), (5, 7), (5, 9), (6, 11), (1, 1), (1, 6), (1, 3), (2, 1), (2, 15)]
And data, a 71-element Vector{Float64}:
 0.0
 0.0
 0.0
 2.230793078757868
 5.19139636410161
 0.0
 0.0
 0.0
 0.1214141157209759
 0.7692069212421316
 0.0
 3.0
 0.0
 0.0
 3.0
 0.0
 0.0
 0.0
 5.6713834098651565
 0.0
 1.5218601254663249
 0.9873307154461591
 3.0
 0.8664916664771385
 2.1335083335228617
 0.0
 2.328616590134844
 0.0
 3.0
 0.0
 2.867527076945144
 0.0
 0.0
 0.0
 0.0
 0.0
 0.0
 0.0
 1.2830300759397677
 0.9466613016884551
 0.0
 0.0
 2.8793481756843367
 0.0
 0.0
 2.1335083335228617
 0.0
 2.200112877269101
 0.0
 0.0
 0.0
 0.0
 0.0
 0.0
 3.6306854575061207
 0.0
 0.0
 0.0
 0.0
 0.0
 0.0
 0.0
 0.0
 0.7998871227308992
 0.0
 0.0
 0.0
 2.7450775507561627
 2.8086036358983892
 0.0
 3.677534278345928
x_lj_opt: 1-dimensional DenseAxisArray{Float64,1,...} with index sets:
    Dimension 1, [(15, 30), (15, 29), (15, 23), (15, 3), (14, 28), (14, 27), (14, 10), (14, 24), (13, 26), (13, 25)  …  (3, 6), (3, 5), (3, 29), (2, 4), (2, 3), (2, 1), (2, 5), (1, 2), (1, 1), (1, 14)]
And data, a 53-element Vector{Float64}:
 2.0
 1.624195580034383
 0.0
 1.0
 0.1451357998270367
 0.8421949156191224
 0.0
 0.0
 2.0
 1.0
 0.0
 0.38687235226489974
 1.0
 1.6131276477351
 1.3868723522648998
 0.0
 0.0
 0.0
 1.6131276477351002
 0.0
 0.0
 2.0
 1.0
 0.0
 0.0
 0.0
 6.0
 1.9000670376675675
 0.0
 0.0999329623324333
 0.5401337167970192
 0.767594114612711
 1.69227216859027
 2.0
 6.0
 0.0
 1.8793481756843367
 1.0
 0.0
 0.0
 1.0526126206400135
 4.099932962332432
 0.0
 0.23732322776948303
 5.0
 2.7626767722305168
 2.0
 0.0
 0.0
 0.9999999999999998
 2.0
 2.1505571528849123
 0.0
q_opt: 1-dimensional DenseAxisArray{Float64,1,...} with index sets:
    Dimension 1, [(43, 15), (43, 14), (44, 15), (44, 13), (44, 3), (40, 14), (40, 2), (41, 14), (42, 6), (37, 13)  …  (4, 13), (5, 2), (5, 7), (5, 9), (6, 11), (1, 1), (1, 6), (1, 3), (2, 1), (2, 15)]
And data, a 71-element Vector{Float64}:
 0.0
 0.0
 0.0
 0.7435976929192895
 0.6489245455127013
 0.0
 0.0
 0.0
 0.015176764465121987
 0.25640230708071055
 0.0
 1.0
 0.0
 0.0
 0.375
 0.0
 0.0
 0.0
 0.7089229262331446
 0.0
 0.2953608271794038
 1.0
 1.0
 0.2888305554923795
 0.2666885416903577
 0.0
 0.2910770737668555
 0.0
 1.0
 1.0
 0.690877627104116
 0.0
 0.0
 0.0
 0.0
 0.0
 0.0
 0.0
 0.3091223728958838
 0.20471913120971763
 0.0
 0.0
 1.0
 0.0
 0.0
 0.7111694445076205
 0.0
 0.7333709590897002
 0.0
 0.0
 0.0
 0.0
 0.0
 0.0
 0.7046391728205962
 0.0
 0.0
 0.0
 0.0
 0.0
 0.0
 0.0
 0.0
 0.2666290409102997
 0.0
 0.0
 0.0
 0.34313469384452033
 0.35107545448729865
 0.0
 0.7952808687902824
