
PROBLEM STATISTICS
  Objective sense = Min
  # Variables = 572
  # Bin-Int Variables = 0
  # Constraints = 621
  # NL Constraints = 261
  # Linear Constraints = 360
  # Detected convex constraints = 0
  # Detected nonlinear terms = 261
  # Variables involved in nonlinear terms = 124
  # Potential variables for partitioning = 124
SUB-SOLVERS USED BY ALPINE
  NLP local solver = Knitro
  MIP solver = Gurobi
ALPINE CONFIGURATION
  Maximum iterations (lower-bounding MIPs) =  1
  Relative global optimality gap = 0.01%
  Potential variables chosen for partitioning = All
  Discretization ratio = 10
  Bound-tightening presolve = false
PRESOLVE 
  Doing local search

Feasible solution found during presolve: [0.8221505742653789, 0.7454808036981994, 0.0, 1.177849425734621, 1.06800890739107, 0.0, 0.0, 0.0, 0.0, 0.0, 0.0, 0.0, 0.0, 0.0, 0.0, 0.0, 1.2199231913352648, 0.0, 0.01516830413881258, 1.7649085045259227, 0.0, 0.0, 0.0, 0.0, 0.0, 0.0, 0.0, 0.0, 0.0, 1.1105696698273881, 0.6943606042443434, 0.0, 0.0, 0.0, 0.0, 3.12452182564669, 1.95354233216893, 0.0, 0.0, 0.0, 0.0, 0.0, 0.0, 0.0, 0.0, 0.0, 0.0, 0.0, 0.0, 0.0, 0.0, 0.0, 0.0, 0.0, 0.0, 0.0, 0.0, 0.0, 0.0, 1.9936197683827512, 1.0, 0.0, 0.0063802316172490315, 0.0, 0.0, 0.0, 0.0, 0.0, 0.0, 0.0, 0.0, 0.0, 0.0, 0.0, 0.541790629493551, 1.6253718884806527, 0.0, 0.5139935318213444, 1.5419805954640333, 0.0, 0.0, 0.0, 0.0, 0.0, 0.0, 0.0, 0.0, 0.0, 0.0, 0.0, 0.0, 0.0, 0.9442158386851046, 2.8326475160553137, 0.0, 0.0, 0.0, 0.0, 0.0, 0.0, 0.0, 0.9888035270836765, 0.6884065774073583, 0.5953150793526906, 0.3165331980450075, 0.22037091245481508, 0.1905707056564517, 0.0, 0.0, 0.0, 0.0, 0.0, 0.0, 0.0, 0.0, 0.0, 0.0, 0.0, 4.189464347474935, 2.5136786084849603, 0.0, 0.0, 0.0, 0.8105356525250659, 0.48632139151503934, 0.0, 0.0, 0.0, 0.0, 0.0, 0.0, 0.0, 0.0, 0.0, 0.0, 0.0, 0.0, 0.0, 0.0, 0.0, 0.0, 0.0, 0.0, 0.0, 0.0, 0.0, 0.0, 1.069982948398462, 0.0, 0.0, 0.0, 0.6807667297125539, 0.0, 0.629350581809748, 0.3146752909048742, 0.0, 0.0, 1.3706494181902522, 0.6853247090951259, 0.0, 0.0, 0.0, 0.0, 0.0, 0.0, 0.0, 0.0, 0.0, 0.0, 0.0, 0.0, 0.0, 0.0, 0.0, 0.0, 0.0, 0.0, 0.0, 0.0, 0.0, 0.0, 0.0, 0.0, 0.0, 0.0, 0.0, 0.0, 0.0, 0.0, 0.0, 0.0, 0.0, 0.0, 0.0, 1.5358401037808798, 0.9648862189692022, 0.49927367724991817, 0.0, 0.0, 0.0, 0.0, 0.0, 0.0, 0.0, 0.0, 0.0, 1.4710758085980997, 0.7355379042990501, 0.0, 0.5289241914019001, 0.2644620957009501, 0.0, 0.0, 0.0, 0.0, 0.0, 0.0, 0.0, 0.0, 0.0, 0.0, 0.0, 0.0, 0.0, 0.0, 0.27177810113036865, 0.4932669522553214, 0.0, 0.0, 0.0, 0.0, 0.0, 0.0, 0.0, 0.0, 0.0, 0.0, 0.0, 0.0, 0.0, 0.0, 0.0, 0.0, 0.0, 0.0, 0.0, 0.0, 0.0, 0.0, 0.0, 0.0, 0.0, 0.0, 0.0, 0.0, 0.0, 0.0, 1.5397024976472793, 2.8528233863368087, 0.0, 1.0, 0.0, 0.0, 0.0, 2.2066137128971497, 1.8049302740717317, 0.7650450533856901, 0.0, 0.0, 0.0, 0.7933862871028501, 0.0, 3.0, 0.0, 0.0, 2.167162517974204, 0.0, 0.0, 0.0, 6.703142955959895, 0.0, 0.0, 0.0, 3.0, 0.9440258727146221, 2.0559741272853778, 0.0, 1.2968570440401048, 0.0, 0.0, 1.069982948398462, 1.5676313779635782, 0.0, 0.0, 0.0, 0.0, 0.0, 0.0, 0.0, 2.2458583331256907, 0.0, 0.0, 0.0, 3.0, 0.0, 0.0, 2.055974127285378, 0.0, 2.2725251838437255, 0.0, 0.0, 0.0, 0.0, 0.0, 0.0, 0.0, 0.0, 0.0, 5.07806415781562, 0.0, 0.0, 0.0, 0.0, 0.0, 0.7274748161562743, 0.6807667297125539, 0.0, 0.0, 3.7768633547404185, 0.0, 0.0, 5.392525883984089, 1.5397024976472793, 2.8528233863368087, 0.0, 1.0, 0.27177810113036865, 0.4932669522553214, 0.0, 0.0, 2.0, 1.0, 0.0, 1.5358401037808798, 0.9648862189692022, 0.49927367724991817, 0.0, 0.0, 0.0, 0.0, 0.0, 0.0, 0.0, 2.0, 1.0, 1.750749678111016, 0.0, 0.0, 5.000000000000001, 2.9999999999999996, 0.0, 0.0, 1.305336725128684, 0.9087774898621738, 0.7858857850091423, 2.0, 6.0, 0.0, 1.9936197683827512, 1.0, 0.0, 0.0063802316172490315, 0.0, 0.0, 0.0, 0.0, 4.2350914954740775, 2.6479029364132733, 1.2199231913352648, 0.0, 0.01516830413881258, 1.7649085045259227, 2.0, 1.8134897110892692, 0.0, 0.0, 1.2785404542781384, 1.4535972175302911, 0.0, 0.4602975023527208, 0.0, 1.7282218988696314, 0.0, 0.0, 0.0, 0.0, 0.0, 0.0, 0.0, 0.0, 0.0, 0.0, 0.0, 0.245858333125691, 0.0, 0.0, 0.0, 0.0, 0.0, 0.0, 0.0, 0.0, 2.0, 0.0, 0.0, 0.0, 0.0, 0.0, 0.0, 0.0, 0.0, 0.0, 0.0, 0.0, 0.0, 0.0, 0.0, 0.0, 0.5464027824697087, 0.0, 0.0, 0.7150793141046127, 0.0, 0.0, 0.0, 0.0, 0.0, 0.0, 0.0, 0.0, 3.0, 0.0, 0.2711631635001317, 0.09122251013782805, 0.2492503218889841, 0.0, 0.0, 0.0, 0.46415989621912046, 6.0, 0.0, 0.7288368364998673, 0.0, 0.0, 0.7541416668743091, 0.0, 0.0, 0.0, 0.0, 0.0, 0.0, 0.5067330477446785, 0.8070413131509573, 0.0, 0.0, 0.0, 0.0, 0.0, 0.0, 0.0, 0.0, 0.0, 0.006380231617248778, 0.0, 0.0, 0.7800768086647353, 1.1929586868490427, 0.0, 0.0, 0.0, 0.0, 0.0, 0.0, 0.0, 0.0, 0.0, 0.0, 0.0, 0.0, 0.0, 0.694663274871316, 0.0, 0.0, 0.0, 0.0, 0.0, 0.0, 0.03511378103079787, 3.385456199762776, 0.0, 0.0, 0.0, 0.0, 0.0, 0.7355379042990499, 0.2622303841638894, 1.0, 0.0, 0.0, 0.0, 0.26446209570095003, 0.0, 1.0, 0.0, 0.0, 0.2708953147467754, 0.0, 0.0, 0.0, 0.8378928694949869, 1.0, 0.0, 0.0, 1.0, 0.314675290904874, 0.2569967659106722, 0.0, 0.16210713050501313, 0.0, 0.0, 0.6111570156351124, 0.4110752871326894, 0.0, 0.0, 0.0, 0.0, 0.0, 0.0, 0.0, 0.5889247128673105, 0.0, 0.0, 0.0, 1.0, 0.0, 0.0, 0.6853247090951261, 0.0, 0.7575083946145752, 0.0, 0.0, 0.0, 0.0, 0.0, 0.0, 0.0, 1.0, 0.0, 0.7377696158361107, 0.0, 0.0, 0.0, 0.0, 0.0, 0.24249160538542475, 0.3888429843648877, 0.0, 0.0, 0.4721079193425523, 0.0, 0.0, 1.0]  :with objective: -607.3760717526702

  Local solver returns a feasible point with value -607.3761
disc:  333  :[0.0, 1.3397024976472793, 1.7397024976472792, 2.0]
disc:  334  :[0.0, 2.2528233863368086, 3.4528233863368087, 6.0]
disc:  335  :[0.0, 0.1, 1.0]
disc:  336  :[0.0, 0.9, 1.0]
disc:  337  :[0.0, 0.07177810113036864, 0.47177810113036867, 2.0]
disc:  338  :[0.0, 0.3932669522553214, 0.5932669522553214, 1.0]
disc:  339  :[0.0, 0.2, 2.0]
disc:  340  :[0.0, 0.2, 2.0]
disc:  341  :[0.0, 1.8, 2.0]
disc:  342  :[0.0, 0.9, 1.0]
disc:  343  :[0.0, 0.2, 2.0]
disc:  344  :[0.0, 1.3358401037808798, 1.7358401037808797, 2.0]
disc:  345  :[0.0, 0.8648862189692023, 1.0]
disc:  346  :[0.0, 0.19927367724991818, 0.7992736772499182, 3.0]
disc:  347  :[0.0, 0.2, 2.0]
disc:  348  :[0.0, 0.6, 6.0]
disc:  349  :[0.0, 0.2, 2.0]
disc:  350  :[0.0, 0.1, 1.0]
disc:  351  :[0.0, 0.2, 2.0]
disc:  352  :[0.0, 0.6, 6.0]
disc:  353  :[0.0, 0.1, 1.0]
disc:  354  :[0.0, 1.8, 2.0]
disc:  355  :[0.0, 0.9, 1.0]
disc:  356  :[0.0, 1.550749678111016, 1.9507496781110159, 2.0]
disc:  357  :[0.0, 0.1, 1.0]
disc:  358  :[0.0, 0.2, 2.0]
disc:  359  :[0.0, 4.400000000000001, 5.6000000000000005, 6.0]
disc:  360  :[0.0, 2.3999999999999995, 3.5999999999999996, 6.0]
disc:  361  :[0.0, 0.2, 2.0]
disc:  362  :[0.0, 0.1, 1.0]
disc:  363  :[0.0, 1.105336725128684, 1.505336725128684, 2.0]
disc:  364  :[0.0, 0.8087774898621738, 1.0]
disc:  365  :[0.0, 0.4858857850091423, 1.0858857850091423, 3.0]
disc:  366  :[0.0, 1.8, 2.0]
disc:  367  :[0.0, 5.4, 6.0]
disc:  368  :[0.0, 0.2, 2.0]
disc:  369  :[0.0, 1.7936197683827513, 2.0]
disc:  370  :[0.0, 0.9, 1.0]
disc:  371  :[0.0, 0.2, 2.0]
disc:  372  :[0.0, 0.20638023161724905, 2.0]
disc:  373  :[0.0, 0.2, 2.0]
disc:  374  :[0.0, 0.6, 6.0]
disc:  375  :[0.0, 0.2, 2.0]
disc:  376  :[0.0, 0.2, 2.0]
disc:  377  :[0.0, 3.6350914954740774, 4.835091495474077, 6.0]
disc:  378  :[0.0, 2.0479029364132733, 3.2479029364132734, 6.0]
disc:  379  :[0.0, 1.0199231913352649, 1.4199231913352648, 2.0]
disc:  380  :[0.0, 0.1, 1.0]
disc:  381  :[0.0, 0.3151683041388126, 3.0]
disc:  382  :[0.0, 1.4649085045259227, 2.064908504525923, 3.0]
disc:  383  :[0.0, 1.8, 2.0]
disc:  384  :[0.0, 1.2134897110892693, 2.413489711089269, 6.0]
disc:  385  :[0.0, 0.2, 2.0]
disc:  502  :[0.0, 0.1, 1.0]
disc:  503  :[0.0, 0.1, 1.0]
disc:  504  :[0.0, 0.1, 1.0]
disc:  505  :[0.0, 0.6355379042990499, 0.8355379042990498, 1.0]
disc:  506  :[0.0, 0.16223038416388938, 0.3622303841638894, 1.0]
disc:  507  :[0.0, 0.9, 1.0]
disc:  508  :[0.0, 0.1, 1.0]
disc:  509  :[0.0, 0.1, 1.0]
disc:  510  :[0.0, 0.1, 1.0]
disc:  511  :[0.0, 0.16446209570095002, 0.36446209570095, 1.0]
disc:  512  :[0.0, 0.1, 1.0]
disc:  513  :[0.0, 0.9, 1.0]
disc:  514  :[0.0, 0.1, 1.0]
disc:  515  :[0.0, 0.1, 1.0]
disc:  516  :[0.0, 0.1708953147467754, 0.3708953147467754, 1.0]
disc:  517  :[0.0, 0.1, 1.0]
disc:  518  :[0.0, 0.1, 1.0]
disc:  519  :[0.0, 0.1, 1.0]
disc:  520  :[0.0, 0.7378928694949869, 0.9378928694949868, 1.0]
disc:  521  :[0.0, 0.9, 1.0]
disc:  522  :[0.0, 0.1, 1.0]
disc:  523  :[0.0, 0.1, 1.0]
disc:  524  :[0.0, 0.9, 1.0]
disc:  525  :[0.0, 0.214675290904874, 0.414675290904874, 1.0]
disc:  526  :[0.0, 0.15699676591067221, 0.3569967659106722, 1.0]
disc:  527  :[0.0, 0.1, 1.0]
disc:  528  :[0.0, 0.062107130505013125, 0.2621071305050131, 1.0]
disc:  529  :[0.0, 0.1, 1.0]
disc:  530  :[0.0, 0.1, 1.0]
disc:  531  :[0.0, 0.5111570156351124, 0.7111570156351124, 1.0]
disc:  532  :[0.0, 0.3110752871326894, 0.5110752871326895, 1.0]
disc:  533  :[0.0, 0.1, 1.0]
disc:  534  :[0.0, 0.1, 1.0]
disc:  535  :[0.0, 0.1, 1.0]
disc:  536  :[0.0, 0.1, 1.0]
disc:  537  :[0.0, 0.1, 1.0]
disc:  538  :[0.0, 0.1, 1.0]
disc:  539  :[0.0, 0.1, 1.0]
disc:  540  :[0.0, 0.48892471286731054, 0.6889247128673105, 1.0]
disc:  541  :[0.0, 0.1, 1.0]
disc:  542  :[0.0, 0.1, 1.0]
disc:  543  :[0.0, 0.1, 1.0]
disc:  544  :[0.0, 0.9, 1.0]
disc:  545  :[0.0, 0.1, 1.0]
disc:  546  :[0.0, 0.1, 1.0]
disc:  547  :[0.0, 0.5853247090951261, 0.7853247090951261, 1.0]
disc:  548  :[0.0, 0.1, 1.0]
disc:  549  :[0.0, 0.6575083946145752, 0.8575083946145752, 1.0]
disc:  550  :[0.0, 0.1, 1.0]
disc:  551  :[0.0, 0.1, 1.0]
disc:  552  :[0.0, 0.1, 1.0]
disc:  553  :[0.0, 0.1, 1.0]
disc:  554  :[0.0, 0.1, 1.0]
disc:  555  :[0.0, 0.1, 1.0]
disc:  556  :[0.0, 0.1, 1.0]
disc:  557  :[0.0, 0.9, 1.0]
disc:  558  :[0.0, 0.1, 1.0]
disc:  559  :[0.0, 0.6377696158361107, 0.8377696158361106, 1.0]
disc:  560  :[0.0, 0.1, 1.0]
disc:  561  :[0.0, 0.1, 1.0]
disc:  562  :[0.0, 0.1, 1.0]
disc:  563  :[0.0, 0.1, 1.0]
disc:  564  :[0.0, 0.1, 1.0]
disc:  565  :[0.0, 0.14249160538542474, 0.3424916053854248, 1.0]
disc:  566  :[0.0, 0.28884298436488764, 0.4888429843648877, 1.0]
disc:  567  :[0.0, 0.1, 1.0]
disc:  568  :[0.0, 0.1, 1.0]
disc:  569  :[0.0, 0.3721079193425523, 0.5721079193425523, 1.0]
disc:  570  :[0.0, 0.1, 1.0]
disc:  571  :[0.0, 0.1, 1.0]
disc:  572  :[0.0, 0.9, 1.0]
  Completed presolve in 10.36s
LOWER-BOUNDING ITERATIONS
====================================================================================================
| Iter   | Incumbent       | Best Incumbent      | Lower Bound        | Gap (%)         | Time      
| finish | -607.3761       | -607.3761           | -624.8684          | 2.88            | 33.37s           
Final UBD: -607.3760717526702
Final LBD: -624.8683779929388
====================================================================================================

*** Alpine ended with status OTHER_LIMIT ***

 Total time for local solves: 8.04s

 Total time for solving max-min problems: 0.0s

 Total time excluding max-min time: 33.37s

presolve objective value: -607.3760717526702
w_opt: 1-dimensional DenseAxisArray{Float64,1,...} with index sets:
    Dimension 1, [(25, 1, 2), (25, 1, 1), (25, 1, 14), (20, 1, 2), (20, 1, 1), (20, 1, 14), (1, 1, 2), (1, 1, 1), (1, 1, 14), (2, 1, 2)  …  (20, 15, 23), (20, 15, 3), (8, 15, 30), (8, 15, 29), (8, 15, 23), (8, 15, 3), (2, 15, 30), (2, 15, 29), (2, 15, 23), (2, 15, 3)]
And data, a 261-element Vector{Float64}:
 0.8221505742653789
 0.7454808036981994
 0.0
 1.177849425734621
 1.06800890739107
 0.0
 0.0
 0.0
 0.0
 0.0
 0.0
 0.0
 0.0
 0.0
 0.0
 0.0
 1.2199231913352648
 0.0
 0.01516830413881258
 1.7649085045259227
 0.0
 0.0
 0.0
 0.0
 0.0
 0.0
 0.0
 0.0
 0.0
 1.1105696698273881
 0.6943606042443434
 0.0
 0.0
 0.0
 0.0
 3.12452182564669
 1.95354233216893
 0.0
 0.0
 0.0
 0.0
 0.0
 0.0
 0.0
 0.0
 0.0
 0.0
 0.0
 0.0
 0.0
 0.0
 0.0
 0.0
 0.0
 0.0
 0.0
 0.0
 0.0
 0.0
 1.9936197683827512
 1.0
 0.0
 0.0063802316172490315
 0.0
 0.0
 0.0
 0.0
 0.0
 0.0
 0.0
 0.0
 0.0
 0.0
 0.0
 0.541790629493551
 1.6253718884806527
 0.0
 0.5139935318213444
 1.5419805954640333
 0.0
 0.0
 0.0
 0.0
 0.0
 0.0
 0.0
 0.0
 0.0
 0.0
 0.0
 0.0
 0.0
 0.9442158386851046
 2.8326475160553137
 0.0
 0.0
 0.0
 0.0
 0.0
 0.0
 0.0
 0.9888035270836765
 0.6884065774073583
 0.5953150793526906
 0.3165331980450075
 0.22037091245481508
 0.1905707056564517
 0.0
 0.0
 0.0
 0.0
 0.0
 0.0
 0.0
 0.0
 0.0
 0.0
 0.0
 4.189464347474935
 2.5136786084849603
 0.0
 0.0
 0.0
 0.8105356525250659
 0.48632139151503934
 0.0
 0.0
 0.0
 0.0
 0.0
 0.0
 0.0
 0.0
 0.0
 0.0
 0.0
 0.0
 0.0
 0.0
 0.0
 0.0
 0.0
 0.0
 0.0
 0.0
 0.0
 0.0
 1.069982948398462
 0.0
 0.0
 0.0
 0.6807667297125539
 0.0
 0.629350581809748
 0.3146752909048742
 0.0
 0.0
 1.3706494181902522
 0.6853247090951259
 0.0
 0.0
 0.0
 0.0
 0.0
 0.0
 0.0
 0.0
 0.0
 0.0
 0.0
 0.0
 0.0
 0.0
 0.0
 0.0
 0.0
 0.0
 0.0
 0.0
 0.0
 0.0
 0.0
 0.0
 0.0
 0.0
 0.0
 0.0
 0.0
 0.0
 0.0
 0.0
 0.0
 0.0
 0.0
 1.5358401037808798
 0.9648862189692022
 0.49927367724991817
 0.0
 0.0
 0.0
 0.0
 0.0
 0.0
 0.0
 0.0
 0.0
 1.4710758085980997
 0.7355379042990501
 0.0
 0.5289241914019001
 0.2644620957009501
 0.0
 0.0
 0.0
 0.0
 0.0
 0.0
 0.0
 0.0
 0.0
 0.0
 0.0
 0.0
 0.0
 0.0
 0.27177810113036865
 0.4932669522553214
 0.0
 0.0
 0.0
 0.0
 0.0
 0.0
 0.0
 0.0
 0.0
 0.0
 0.0
 0.0
 0.0
 0.0
 0.0
 0.0
 0.0
 0.0
 0.0
 0.0
 0.0
 0.0
 0.0
 0.0
 0.0
 0.0
 0.0
 0.0
 0.0
 0.0
 1.5397024976472793
 2.8528233863368087
 0.0
 1.0
x_ij_opt: 1-dimensional DenseAxisArray{Float64,1,...} with index sets:
    Dimension 1, [(43, 30), (43, 22), (43, 6), (44, 22), (45, 30), (45, 29), (45, 28), (45, 24), (45, 23), (40, 29)  …  (5, 7), (5, 14), (6, 4), (6, 3), (1, 14), (1, 10), (1, 23), (1, 1), (3, 2), (3, 1)]
And data, a 116-element Vector{Float64}:
 0.0
 1.2785404542781384
 1.4535972175302911
 0.0
 0.4602975023527208
 0.0
 1.7282218988696314
 0.0
 0.0
 0.0
 0.0
 0.0
 0.0
 0.0
 0.0
 0.0
 0.0
 0.0
 0.245858333125691
 0.0
 0.0
 0.0
 0.0
 0.0
 0.0
 0.0
 0.0
 2.0
 0.0
 0.0
 0.0
 0.0
 0.0
 0.0
 0.0
 0.0
 0.0
 0.0
 0.0
 0.0
 0.0
 0.0
 0.0
 0.5464027824697087
 0.0
 0.0
 0.7150793141046127
 0.0
 0.0
 0.0
 0.0
 0.0
 0.0
 0.0
 0.0
 3.0
 0.0
 0.2711631635001317
 0.09122251013782805
 0.2492503218889841
 0.0
 0.0
 0.0
 0.46415989621912046
 6.0
 0.0
 0.7288368364998673
 0.0
 0.0
 0.7541416668743091
 0.0
 0.0
 0.0
 0.0
 0.0
 0.0
 0.5067330477446785
 0.8070413131509573
 0.0
 0.0
 0.0
 0.0
 0.0
 0.0
 0.0
 0.0
 0.0
 0.006380231617248778
 0.0
 0.0
 0.7800768086647353
 1.1929586868490427
 0.0
 0.0
 0.0
 0.0
 0.0
 0.0
 0.0
 0.0
 0.0
 0.0
 0.0
 0.0
 0.0
 0.694663274871316
 0.0
 0.0
 0.0
 0.0
 0.0
 0.0
 0.03511378103079787
 3.385456199762776
 0.0
 0.0
x_il_opt: 1-dimensional DenseAxisArray{Float64,1,...} with index sets:
    Dimension 1, [(43, 15), (43, 14), (44, 15), (44, 13), (44, 3), (40, 14), (40, 2), (41, 14), (42, 6), (37, 13)  …  (4, 13), (5, 2), (5, 7), (5, 9), (6, 11), (1, 1), (1, 6), (1, 3), (2, 1), (2, 15)]
And data, a 71-element Vector{Float64}:
 0.0
 0.0
 0.0
 2.2066137128971497
 1.8049302740717317
 0.7650450533856901
 0.0
 0.0
 0.0
 0.7933862871028501
 0.0
 3.0
 0.0
 0.0
 2.167162517974204
 0.0
 0.0
 0.0
 6.703142955959895
 0.0
 0.0
 0.0
 3.0
 0.9440258727146221
 2.0559741272853778
 0.0
 1.2968570440401048
 0.0
 0.0
 1.069982948398462
 1.5676313779635782
 0.0
 0.0
 0.0
 0.0
 0.0
 0.0
 0.0
 2.2458583331256907
 0.0
 0.0
 0.0
 3.0
 0.0
 0.0
 2.055974127285378
 0.0
 2.2725251838437255
 0.0
 0.0
 0.0
 0.0
 0.0
 0.0
 0.0
 0.0
 0.0
 5.07806415781562
 0.0
 0.0
 0.0
 0.0
 0.0
 0.7274748161562743
 0.6807667297125539
 0.0
 0.0
 3.7768633547404185
 0.0
 0.0
 5.392525883984089
x_lj_opt: 1-dimensional DenseAxisArray{Float64,1,...} with index sets:
    Dimension 1, [(15, 30), (15, 29), (15, 23), (15, 3), (14, 28), (14, 27), (14, 10), (14, 24), (13, 26), (13, 25)  …  (3, 6), (3, 5), (3, 29), (2, 4), (2, 3), (2, 1), (2, 5), (1, 2), (1, 1), (1, 14)]
And data, a 53-element Vector{Float64}:
 1.5397024976472793
 2.8528233863368087
 0.0
 1.0
 0.27177810113036865
 0.4932669522553214
 0.0
 0.0
 2.0
 1.0
 0.0
 1.5358401037808798
 0.9648862189692022
 0.49927367724991817
 0.0
 0.0
 0.0
 0.0
 0.0
 0.0
 0.0
 2.0
 1.0
 1.750749678111016
 0.0
 0.0
 5.000000000000001
 2.9999999999999996
 0.0
 0.0
 1.305336725128684
 0.9087774898621738
 0.7858857850091423
 2.0
 6.0
 0.0
 1.9936197683827512
 1.0
 0.0
 0.0063802316172490315
 0.0
 0.0
 0.0
 0.0
 4.2350914954740775
 2.6479029364132733
 1.2199231913352648
 0.0
 0.01516830413881258
 1.7649085045259227
 2.0
 1.8134897110892692
 0.0
q_opt: 1-dimensional DenseAxisArray{Float64,1,...} with index sets:
    Dimension 1, [(43, 15), (43, 14), (44, 15), (44, 13), (44, 3), (40, 14), (40, 2), (41, 14), (42, 6), (37, 13)  …  (4, 13), (5, 2), (5, 7), (5, 9), (6, 11), (1, 1), (1, 6), (1, 3), (2, 1), (2, 15)]
And data, a 71-element Vector{Float64}:
 0.0
 0.0
 0.0
 0.7355379042990499
 0.2622303841638894
 1.0
 0.0
 0.0
 0.0
 0.26446209570095003
 0.0
 1.0
 0.0
 0.0
 0.2708953147467754
 0.0
 0.0
 0.0
 0.8378928694949869
 1.0
 0.0
 0.0
 1.0
 0.314675290904874
 0.2569967659106722
 0.0
 0.16210713050501313
 0.0
 0.0
 0.6111570156351124
 0.4110752871326894
 0.0
 0.0
 0.0
 0.0
 0.0
 0.0
 0.0
 0.5889247128673105
 0.0
 0.0
 0.0
 1.0
 0.0
 0.0
 0.6853247090951261
 0.0
 0.7575083946145752
 0.0
 0.0
 0.0
 0.0
 0.0
 0.0
 0.0
 1.0
 0.0
 0.7377696158361107
 0.0
 0.0
 0.0
 0.0
 0.0
 0.24249160538542475
 0.3888429843648877
 0.0
 0.0
 0.4721079193425523
 0.0
 0.0
 1.0
