
PROBLEM STATISTICS
  Objective sense = Min
  # Variables = 572
  # Bin-Int Variables = 0
  # Constraints = 621
  # NL Constraints = 261
  # Linear Constraints = 360
  # Detected convex constraints = 0
  # Detected nonlinear terms = 261
  # Variables involved in nonlinear terms = 124
  # Potential variables for partitioning = 124
SUB-SOLVERS USED BY ALPINE
  NLP local solver = Knitro
  MIP solver = Gurobi
ALPINE CONFIGURATION
  Maximum iterations (lower-bounding MIPs) =  1
  Relative global optimality gap = 0.01%
  Potential variables chosen for partitioning = All
  Discretization ratio = 10
  Bound-tightening presolve = false
PRESOLVE 
  Doing local search

Feasible solution found during presolve: [1.144965046921976, 0.0, 0.0, 0.8550349530780239, 0.0, 0.0, 0.0, 0.0, 0.0, 0.0, 0.0, 0.0, 0.0, 0.0, 0.0, 0.0, 1.1727525944384056, 0.0, 0.0, 1.8272474055615944, 0.0, 0.0, 0.0, 0.0, 0.0, 0.0, 0.0, 0.0, 0.0, 0.0, 0.0, 0.0, 0.0, 0.0, 0.0, 0.0, 0.0, 0.0, 0.0, 0.0, 0.0, 0.0, 0.0, 0.0, 0.0, 0.0, 0.0, 0.0, 0.0, 0.0, 0.0, 0.0, 0.0, 0.0, 0.0, 0.0, 0.0, 0.0, 0.0, 2.0, 1.0, 0.0, 0.0, 0.0, 0.0, 0.0, 0.0, 0.0, 0.0, 0.0, 0.0, 0.05791041252062712, 0.1737312375618814, 0.0, 0.75, 2.25, 0.0, 0.5585064760435788, 1.6755194281307366, 0.0, 0.0, 0.0, 0.0, 0.0, 0.0, 0.0, 0.0, 0.0, 0.0, 0.0, 0.0, 0.0, 0.6335831114357942, 1.900749334307382, 0.0, 0.0, 0.0, 0.0, 0.0, 0.0, 0.0, 1.9521433200304275, 0.46566755425682316, 0.5821891257127492, 0.0, 0.0, 0.0, 0.0, 0.0, 0.0, 0.0, 0.0, 0.0, 0.0, 0.0, 0.0, 0.0, 0.0, 3.056155563520202, 2.880949891519171, 0.0, 0.0, 0.0, 1.0618855750971479, 1.0010089698634796, 0.0, 0.0, 0.0, 0.0, 0.0, 0.0, 0.0, 0.0, 0.0, 0.0, 0.0, 0.0, 0.0, 0.0, 0.0, 0.0, 0.0, 0.0, 0.0, 0.0, 0.0, 0.0, 0.0, 0.0, 0.0, 0.0, 0.08248352922934564, 0.0, 0.510649397217123, 0.2553246986085615, 0.0, 0.0, 1.489350602782877, 0.7446753013914384, 0.0, 0.0, 0.0, 0.0, 0.0, 0.0, 0.0, 0.0, 0.0, 0.0, 0.0, 0.0, 0.0, 0.0, 1.0, 0.0, 0.0, 0.0, 2.0, 0.0, 0.0, 0.0, 0.0, 0.0, 0.0, 0.0, 0.0, 0.0, 0.0, 0.0, 0.0, 0.0, 0.0, 0.0, 0.0, 0.0, 0.0, 0.0, 0.0, 0.0, 0.0, 0.0, 0.0, 0.0, 0.0, 0.0, 0.0, 1.4359407582619825, 0.7179703791309913, 0.0, 0.5640592417380175, 0.28202962086900873, 0.0, 0.0, 0.0, 0.0, 0.0, 0.0, 0.0, 0.0, 0.0, 0.0, 0.0, 0.0, 0.0, 0.0, 0.0, 0.0, 0.0, 0.0, 0.0, 0.0, 0.0, 0.0, 0.0, 0.0, 0.0, 0.0, 0.0, 0.0, 0.0, 0.0, 0.0, 0.0, 0.0, 0.0, 0.0, 0.0, 0.0, 0.0, 0.4310986666343589, 0.0, 0.0, 0.21554933331717954, 0.0, 0.0, 0.0, 0.0, 1.568901333365641, 0.0, 0.0, 0.7844506666828205, 0.0, 0.0, 0.0, 2.153911137392974, 0.0, 0.0, 0.0, 0.0, 0.23164165008250856, 0.8460888626070263, 0.0, 0.0, 0.0, 0.0, 3.0, 0.0, 0.0, 0.0, 5.937105455039373, 0.0, 0.0, 0.0, 3.0, 0.7659740958256844, 2.2340259041743153, 0.0, 2.0628945449606273, 0.0, 3.0, 0.0, 1.144965046921976, 0.0, 0.0, 0.0, 0.0, 0.0, 0.0, 0.0, 0.8550349530780239, 0.6466479999515384, 0.0, 0.0, 3.0, 0.0, 0.0, 2.2340259041743153, 0.0, 3.0, 0.0, 0.0, 0.0, 0.0, 0.0, 0.0, 0.0, 0.0, 0.0, 0.0, 0.0, 0.0, 0.0, 0.0, 0.0, 0.0, 0.08248352922934564, 0.0, 0.0, 2.534332445743176, 0.0, 0.0, 2.3533520000484613, 2.0, 0.0, 0.0, 1.0, 0.0, 0.0, 0.0, 0.0, 2.0, 1.0, 0.0, 0.0, 0.0, 0.0, 1.0, 0.0, 0.0, 0.0, 2.0, 0.0, 0.0, 2.0, 1.0, 0.08248352922934564, 0.0, 0.0, 4.11804113861735, 3.8819588613826506, 0.0, 0.0, 1.9521433200304275, 0.46566755425682316, 0.5821891257127492, 2.0, 6.0, 0.0, 2.0, 1.0, 0.0, 0.0, 0.0, 0.0, 0.0, 0.0, 0.0, 0.0, 1.1727525944384056, 0.0, 0.0, 1.8272474055615944, 2.0, 0.0, 0.0, 0.0, 1.0000000000000002, 1.5862359395968262, 0.0, 0.0, 0.0, 1.9742996649023823, 0.0, 0.0, 0.0, 0.0, 0.0, 0.0, 0.0, 0.0, 0.0, 0.0, 0.0, 0.25115325413319456, 0.0, 0.0, 0.0, 0.0, 0.0, 0.0, 0.0, 0.0, 2.0, 0.0257003350976178, 0.0, 0.0, 0.0, 0.0, 0.0, 0.0, 0.0, 0.0, 0.0, 0.0, 0.0, 0.0, 0.0, 0.0, 0.4137640604031737, 0.0, 0.0, 0.0, 0.0, 0.0, 0.0, 0.0, 0.0, 0.0, 0.0, 0.0, 0.0, 0.0, 1.3207025073348453, 0.5343324457431784, 1.9175164707706545, 0.0, 0.0, 0.0, 0.0, 6.0, 0.0, 0.5612563540478045, 0.0, 0.0, 0.7488467458668054, 0.0, 0.0, 0.0, 0.0, 0.0, 0.0, 0.0, 0.9236280461947943, 0.0, 0.0, 0.0, 0.0, 0.0, 0.0, 0.0, 0.0, 0.0, 0.0, 0.0, 0.48490031146214596, 0.8272474055615945, 1.0763719538052057, 0.0, 0.0, 0.0, 0.0, 0.0, 0.0, 0.0, 0.0, 0.0, 0.0, 0.0, 0.0, 0.0, 0.0, 0.0, 0.0, 0.0, 0.0, 0.047856679969572574, 0.0, 0.0, 5.417810874287251, 0.0, 0.0, 0.0, 0.0, 0.0, 0.7179703791309913, 0.0, 0.0, 0.0, 0.0, 0.02895520626031357, 0.28202962086900873, 0.0, 0.0, 0.0, 0.0, 0.375, 0.0, 0.0, 0.0, 0.7421381818799216, 0.0, 0.0, 0.0, 1.0, 0.2553246986085615, 0.2792532380217894, 0.0, 0.2578618181200784, 0.0, 1.0, 0.0, 0.572482523460988, 0.0, 0.0, 1.0, 0.0, 0.0, 0.0, 0.0, 0.42751747653901195, 0.21554933331717946, 0.0, 0.0, 1.0, 0.0, 0.0, 0.7446753013914384, 0.0, 1.0, 0.0, 0.0, 0.0, 0.0, 1.0, 1.0, 0.0, 1.0, 0.0, 0.0, 0.0, 0.0, 0.0, 0.0, 0.0, 0.0, 1.0, 0.0, 0.0, 0.316791555717897, 0.0, 0.0, 0.7844506666828205]  :with objective: -542.4302829566723

  Local solver returns a feasible point with value -542.4303
disc:  333  :[0.0, 1.8, 2.0]
disc:  334  :[0.0, 0.6, 6.0]
disc:  335  :[0.0, 0.1, 1.0]
disc:  336  :[0.0, 0.9, 1.0]
disc:  337  :[0.0, 0.2, 2.0]
disc:  338  :[0.0, 0.1, 1.0]
disc:  339  :[0.0, 0.2, 2.0]
disc:  340  :[0.0, 0.2, 2.0]
disc:  341  :[0.0, 1.8, 2.0]
disc:  342  :[0.0, 0.9, 1.0]
disc:  343  :[0.0, 0.2, 2.0]
disc:  344  :[0.0, 0.2, 2.0]
disc:  345  :[0.0, 0.1, 1.0]
disc:  346  :[0.0, 0.3, 3.0]
disc:  347  :[0.0, 0.8, 1.2, 2.0]
disc:  348  :[0.0, 0.6, 6.0]
disc:  349  :[0.0, 0.2, 2.0]
disc:  350  :[0.0, 0.1, 1.0]
disc:  351  :[0.0, 1.8, 2.0]
disc:  352  :[0.0, 0.6, 6.0]
disc:  353  :[0.0, 0.1, 1.0]
disc:  354  :[0.0, 1.8, 2.0]
disc:  355  :[0.0, 0.9, 1.0]
disc:  356  :[0.0, 0.28248352922934566, 2.0]
disc:  357  :[0.0, 0.1, 1.0]
disc:  358  :[0.0, 0.2, 2.0]
disc:  359  :[0.0, 3.5180411386173502, 4.71804113861735, 6.0]
disc:  360  :[0.0, 3.2819588613826505, 4.48195886138265, 6.0]
disc:  361  :[0.0, 0.2, 2.0]
disc:  362  :[0.0, 0.1, 1.0]
disc:  363  :[0.0, 1.7521433200304275, 2.0]
disc:  364  :[0.0, 0.3656675542568232, 0.5656675542568231, 1.0]
disc:  365  :[0.0, 0.2821891257127492, 0.8821891257127492, 3.0]
disc:  366  :[0.0, 1.8, 2.0]
disc:  367  :[0.0, 5.4, 6.0]
disc:  368  :[0.0, 0.2, 2.0]
disc:  369  :[0.0, 1.8, 2.0]
disc:  370  :[0.0, 0.9, 1.0]
disc:  371  :[0.0, 0.2, 2.0]
disc:  372  :[0.0, 0.2, 2.0]
disc:  373  :[0.0, 0.2, 2.0]
disc:  374  :[0.0, 0.6, 6.0]
disc:  375  :[0.0, 0.2, 2.0]
disc:  376  :[0.0, 0.2, 2.0]
disc:  377  :[0.0, 0.6, 6.0]
disc:  378  :[0.0, 0.6, 6.0]
disc:  379  :[0.0, 0.9727525944384057, 1.3727525944384056, 2.0]
disc:  380  :[0.0, 0.1, 1.0]
disc:  381  :[0.0, 0.3, 3.0]
disc:  382  :[0.0, 1.5272474055615943, 2.127247405561594, 3.0]
disc:  383  :[0.0, 1.8, 2.0]
disc:  384  :[0.0, 0.6, 6.0]
disc:  385  :[0.0, 0.2, 2.0]
disc:  502  :[0.0, 0.1, 1.0]
disc:  503  :[0.0, 0.1, 1.0]
disc:  504  :[0.0, 0.1, 1.0]
disc:  505  :[0.0, 0.6179703791309913, 0.8179703791309912, 1.0]
disc:  506  :[0.0, 0.1, 1.0]
disc:  507  :[0.0, 0.1, 1.0]
disc:  508  :[0.0, 0.1, 1.0]
disc:  509  :[0.0, 0.1, 1.0]
disc:  510  :[0.0, 0.12895520626031357, 1.0]
disc:  511  :[0.0, 0.18202962086900873, 0.3820296208690087, 1.0]
disc:  512  :[0.0, 0.1, 1.0]
disc:  513  :[0.0, 0.1, 1.0]
disc:  514  :[0.0, 0.1, 1.0]
disc:  515  :[0.0, 0.1, 1.0]
disc:  516  :[0.0, 0.275, 0.475, 1.0]
disc:  517  :[0.0, 0.1, 1.0]
disc:  518  :[0.0, 0.1, 1.0]
disc:  519  :[0.0, 0.1, 1.0]
disc:  520  :[0.0, 0.6421381818799217, 0.8421381818799216, 1.0]
disc:  521  :[0.0, 0.1, 1.0]
disc:  522  :[0.0, 0.1, 1.0]
disc:  523  :[0.0, 0.1, 1.0]
disc:  524  :[0.0, 0.9, 1.0]
disc:  525  :[0.0, 0.1553246986085615, 0.35532469860856153, 1.0]
disc:  526  :[0.0, 0.1792532380217894, 0.37925323802178945, 1.0]
disc:  527  :[0.0, 0.1, 1.0]
disc:  528  :[0.0, 0.1578618181200784, 0.35786181812007845, 1.0]
disc:  529  :[0.0, 0.1, 1.0]
disc:  530  :[0.0, 0.9, 1.0]
disc:  531  :[0.0, 0.1, 1.0]
disc:  532  :[0.0, 0.47248252346098807, 0.672482523460988, 1.0]
disc:  533  :[0.0, 0.1, 1.0]
disc:  534  :[0.0, 0.1, 1.0]
disc:  535  :[0.0, 0.9, 1.0]
disc:  536  :[0.0, 0.1, 1.0]
disc:  537  :[0.0, 0.1, 1.0]
disc:  538  :[0.0, 0.1, 1.0]
disc:  539  :[0.0, 0.1, 1.0]
disc:  540  :[0.0, 0.327517476539012, 0.5275174765390119, 1.0]
disc:  541  :[0.0, 0.11554933331717945, 0.3155493333171795, 1.0]
disc:  542  :[0.0, 0.1, 1.0]
disc:  543  :[0.0, 0.1, 1.0]
disc:  544  :[0.0, 0.9, 1.0]
disc:  545  :[0.0, 0.1, 1.0]
disc:  546  :[0.0, 0.1, 1.0]
disc:  547  :[0.0, 0.6446753013914385, 0.8446753013914384, 1.0]
disc:  548  :[0.0, 0.1, 1.0]
disc:  549  :[0.0, 0.9, 1.0]
disc:  550  :[0.0, 0.1, 1.0]
disc:  551  :[0.0, 0.1, 1.0]
disc:  552  :[0.0, 0.1, 1.0]
disc:  553  :[0.0, 0.1, 1.0]
disc:  554  :[0.0, 0.9, 1.0]
disc:  555  :[0.0, 0.9, 1.0]
disc:  556  :[0.0, 0.1, 1.0]
disc:  557  :[0.0, 0.9, 1.0]
disc:  558  :[0.0, 0.1, 1.0]
disc:  559  :[0.0, 0.1, 1.0]
disc:  560  :[0.0, 0.1, 1.0]
disc:  561  :[0.0, 0.1, 1.0]
disc:  562  :[0.0, 0.1, 1.0]
disc:  563  :[0.0, 0.1, 1.0]
disc:  564  :[0.0, 0.1, 1.0]
disc:  565  :[0.0, 0.1, 1.0]
disc:  566  :[0.0, 0.9, 1.0]
disc:  567  :[0.0, 0.1, 1.0]
disc:  568  :[0.0, 0.1, 1.0]
disc:  569  :[0.0, 0.21679155571789702, 0.41679155571789706, 1.0]
disc:  570  :[0.0, 0.1, 1.0]
disc:  571  :[0.0, 0.1, 1.0]
disc:  572  :[0.0, 0.6844506666828205, 0.8844506666828205, 1.0]
  Completed presolve in 6.9s
LOWER-BOUNDING ITERATIONS
====================================================================================================
| Iter   | Incumbent       | Best Incumbent      | Lower Bound        | Gap (%)         | Time      
| finish | -542.4303       | -542.4303           | -632.6337          | 16.629          | 16.48s           
Final UBD: -542.4302829566723
Final LBD: -632.6336535329837
====================================================================================================

*** Alpine ended with status OTHER_LIMIT ***

 Total time for local solves: 4.66s

 Total time for solving max-min problems: 0.0s

 Total time excluding max-min time: 16.48s

presolve objective value: -542.4302829566723
w_opt: 1-dimensional DenseAxisArray{Float64,1,...} with index sets:
    Dimension 1, [(25, 1, 2), (25, 1, 1), (25, 1, 14), (20, 1, 2), (20, 1, 1), (20, 1, 14), (1, 1, 2), (1, 1, 1), (1, 1, 14), (2, 1, 2)  …  (20, 15, 23), (20, 15, 3), (8, 15, 30), (8, 15, 29), (8, 15, 23), (8, 15, 3), (2, 15, 30), (2, 15, 29), (2, 15, 23), (2, 15, 3)]
And data, a 261-element Vector{Float64}:
 1.144965046921976
 0.0
 0.0
 0.8550349530780239
 0.0
 0.0
 0.0
 0.0
 0.0
 0.0
 0.0
 0.0
 0.0
 0.0
 0.0
 0.0
 1.1727525944384056
 0.0
 0.0
 1.8272474055615944
 0.0
 0.0
 0.0
 0.0
 0.0
 0.0
 0.0
 0.0
 0.0
 0.0
 0.0
 0.0
 0.0
 0.0
 0.0
 0.0
 0.0
 0.0
 0.0
 0.0
 0.0
 0.0
 0.0
 0.0
 0.0
 0.0
 0.0
 0.0
 0.0
 0.0
 0.0
 0.0
 0.0
 0.0
 0.0
 0.0
 0.0
 0.0
 0.0
 2.0
 1.0
 0.0
 0.0
 0.0
 0.0
 0.0
 0.0
 0.0
 0.0
 0.0
 0.0
 0.05791041252062712
 0.1737312375618814
 0.0
 0.75
 2.25
 0.0
 0.5585064760435788
 1.6755194281307366
 0.0
 0.0
 0.0
 0.0
 0.0
 0.0
 0.0
 0.0
 0.0
 0.0
 0.0
 0.0
 0.0
 0.6335831114357942
 1.900749334307382
 0.0
 0.0
 0.0
 0.0
 0.0
 0.0
 0.0
 1.9521433200304275
 0.46566755425682316
 0.5821891257127492
 0.0
 0.0
 0.0
 0.0
 0.0
 0.0
 0.0
 0.0
 0.0
 0.0
 0.0
 0.0
 0.0
 0.0
 3.056155563520202
 2.880949891519171
 0.0
 0.0
 0.0
 1.0618855750971479
 1.0010089698634796
 0.0
 0.0
 0.0
 0.0
 0.0
 0.0
 0.0
 0.0
 0.0
 0.0
 0.0
 0.0
 0.0
 0.0
 0.0
 0.0
 0.0
 0.0
 0.0
 0.0
 0.0
 0.0
 0.0
 0.0
 0.0
 0.0
 0.08248352922934564
 0.0
 0.510649397217123
 0.2553246986085615
 0.0
 0.0
 1.489350602782877
 0.7446753013914384
 0.0
 0.0
 0.0
 0.0
 0.0
 0.0
 0.0
 0.0
 0.0
 0.0
 0.0
 0.0
 0.0
 0.0
 1.0
 0.0
 0.0
 0.0
 2.0
 0.0
 0.0
 0.0
 0.0
 0.0
 0.0
 0.0
 0.0
 0.0
 0.0
 0.0
 0.0
 0.0
 0.0
 0.0
 0.0
 0.0
 0.0
 0.0
 0.0
 0.0
 0.0
 0.0
 0.0
 0.0
 0.0
 0.0
 0.0
 1.4359407582619825
 0.7179703791309913
 0.0
 0.5640592417380175
 0.28202962086900873
 0.0
 0.0
 0.0
 0.0
 0.0
 0.0
 0.0
 0.0
 0.0
 0.0
 0.0
 0.0
 0.0
 0.0
 0.0
 0.0
 0.0
 0.0
 0.0
 0.0
 0.0
 0.0
 0.0
 0.0
 0.0
 0.0
 0.0
 0.0
 0.0
 0.0
 0.0
 0.0
 0.0
 0.0
 0.0
 0.0
 0.0
 0.0
 0.4310986666343589
 0.0
 0.0
 0.21554933331717954
 0.0
 0.0
 0.0
 0.0
 1.568901333365641
 0.0
 0.0
 0.7844506666828205
x_ij_opt: 1-dimensional DenseAxisArray{Float64,1,...} with index sets:
    Dimension 1, [(43, 30), (43, 22), (43, 6), (44, 22), (45, 30), (45, 29), (45, 28), (45, 24), (45, 23), (40, 29)  …  (5, 7), (5, 14), (6, 4), (6, 3), (1, 14), (1, 10), (1, 23), (1, 1), (3, 2), (3, 1)]
And data, a 116-element Vector{Float64}:
 0.0
 1.0000000000000002
 1.5862359395968262
 0.0
 0.0
 0.0
 1.9742996649023823
 0.0
 0.0
 0.0
 0.0
 0.0
 0.0
 0.0
 0.0
 0.0
 0.0
 0.0
 0.25115325413319456
 0.0
 0.0
 0.0
 0.0
 0.0
 0.0
 0.0
 0.0
 2.0
 0.0257003350976178
 0.0
 0.0
 0.0
 0.0
 0.0
 0.0
 0.0
 0.0
 0.0
 0.0
 0.0
 0.0
 0.0
 0.0
 0.4137640604031737
 0.0
 0.0
 0.0
 0.0
 0.0
 0.0
 0.0
 0.0
 0.0
 0.0
 0.0
 0.0
 0.0
 1.3207025073348453
 0.5343324457431784
 1.9175164707706545
 0.0
 0.0
 0.0
 0.0
 6.0
 0.0
 0.5612563540478045
 0.0
 0.0
 0.7488467458668054
 0.0
 0.0
 0.0
 0.0
 0.0
 0.0
 0.0
 0.9236280461947943
 0.0
 0.0
 0.0
 0.0
 0.0
 0.0
 0.0
 0.0
 0.0
 0.0
 0.0
 0.48490031146214596
 0.8272474055615945
 1.0763719538052057
 0.0
 0.0
 0.0
 0.0
 0.0
 0.0
 0.0
 0.0
 0.0
 0.0
 0.0
 0.0
 0.0
 0.0
 0.0
 0.0
 0.0
 0.0
 0.047856679969572574
 0.0
 0.0
 5.417810874287251
 0.0
 0.0
x_il_opt: 1-dimensional DenseAxisArray{Float64,1,...} with index sets:
    Dimension 1, [(43, 15), (43, 14), (44, 15), (44, 13), (44, 3), (40, 14), (40, 2), (41, 14), (42, 6), (37, 13)  …  (4, 13), (5, 2), (5, 7), (5, 9), (6, 11), (1, 1), (1, 6), (1, 3), (2, 1), (2, 15)]
And data, a 71-element Vector{Float64}:
 0.0
 0.0
 0.0
 2.153911137392974
 0.0
 0.0
 0.0
 0.0
 0.23164165008250856
 0.8460888626070263
 0.0
 0.0
 0.0
 0.0
 3.0
 0.0
 0.0
 0.0
 5.937105455039373
 0.0
 0.0
 0.0
 3.0
 0.7659740958256844
 2.2340259041743153
 0.0
 2.0628945449606273
 0.0
 3.0
 0.0
 1.144965046921976
 0.0
 0.0
 0.0
 0.0
 0.0
 0.0
 0.0
 0.8550349530780239
 0.6466479999515384
 0.0
 0.0
 3.0
 0.0
 0.0
 2.2340259041743153
 0.0
 3.0
 0.0
 0.0
 0.0
 0.0
 0.0
 0.0
 0.0
 0.0
 0.0
 0.0
 0.0
 0.0
 0.0
 0.0
 0.0
 0.0
 0.08248352922934564
 0.0
 0.0
 2.534332445743176
 0.0
 0.0
 2.3533520000484613
x_lj_opt: 1-dimensional DenseAxisArray{Float64,1,...} with index sets:
    Dimension 1, [(15, 30), (15, 29), (15, 23), (15, 3), (14, 28), (14, 27), (14, 10), (14, 24), (13, 26), (13, 25)  …  (3, 6), (3, 5), (3, 29), (2, 4), (2, 3), (2, 1), (2, 5), (1, 2), (1, 1), (1, 14)]
And data, a 53-element Vector{Float64}:
 2.0
 0.0
 0.0
 1.0
 0.0
 0.0
 0.0
 0.0
 2.0
 1.0
 0.0
 0.0
 0.0
 0.0
 1.0
 0.0
 0.0
 0.0
 2.0
 0.0
 0.0
 2.0
 1.0
 0.08248352922934564
 0.0
 0.0
 4.11804113861735
 3.8819588613826506
 0.0
 0.0
 1.9521433200304275
 0.46566755425682316
 0.5821891257127492
 2.0
 6.0
 0.0
 2.0
 1.0
 0.0
 0.0
 0.0
 0.0
 0.0
 0.0
 0.0
 0.0
 1.1727525944384056
 0.0
 0.0
 1.8272474055615944
 2.0
 0.0
 0.0
q_opt: 1-dimensional DenseAxisArray{Float64,1,...} with index sets:
    Dimension 1, [(43, 15), (43, 14), (44, 15), (44, 13), (44, 3), (40, 14), (40, 2), (41, 14), (42, 6), (37, 13)  …  (4, 13), (5, 2), (5, 7), (5, 9), (6, 11), (1, 1), (1, 6), (1, 3), (2, 1), (2, 15)]
And data, a 71-element Vector{Float64}:
 0.0
 0.0
 0.0
 0.7179703791309913
 0.0
 0.0
 0.0
 0.0
 0.02895520626031357
 0.28202962086900873
 0.0
 0.0
 0.0
 0.0
 0.375
 0.0
 0.0
 0.0
 0.7421381818799216
 0.0
 0.0
 0.0
 1.0
 0.2553246986085615
 0.2792532380217894
 0.0
 0.2578618181200784
 0.0
 1.0
 0.0
 0.572482523460988
 0.0
 0.0
 1.0
 0.0
 0.0
 0.0
 0.0
 0.42751747653901195
 0.21554933331717946
 0.0
 0.0
 1.0
 0.0
 0.0
 0.7446753013914384
 0.0
 1.0
 0.0
 0.0
 0.0
 0.0
 1.0
 1.0
 0.0
 1.0
 0.0
 0.0
 0.0
 0.0
 0.0
 0.0
 0.0
 0.0
 1.0
 0.0
 0.0
 0.316791555717897
 0.0
 0.0
 0.7844506666828205
