
PROBLEM STATISTICS
  Objective sense = Min
  # Variables = 572
  # Bin-Int Variables = 0
  # Constraints = 621
  # NL Constraints = 261
  # Linear Constraints = 360
  # Detected convex constraints = 0
  # Detected nonlinear terms = 261
  # Variables involved in nonlinear terms = 124
  # Potential variables for partitioning = 124
SUB-SOLVERS USED BY ALPINE
  NLP local solver = Knitro
  MIP solver = Gurobi
ALPINE CONFIGURATION
  Maximum iterations (lower-bounding MIPs) =  1
  Relative global optimality gap = 0.01%
  Potential variables chosen for partitioning = All
  Discretization ratio = 10
  Bound-tightening presolve = false
PRESOLVE 
  Doing local search

Feasible solution found during presolve: [1.064772586887498, 1.7977208285875628, 0.0, 0.8250299712788671, 1.3929486745264297, 0.0, 0.0, 0.0, 0.0, 0.0, 0.0, 0.0, 0.0, 0.0, 0.0, 0.0, 1.2315641678177318, 0.0, 0.0, 1.7684358321822684, 0.0, 0.0, 0.0, 0.0, 0.0, 0.0, 0.0, 0.0, 0.5721604833199785, 2.5467332552361235, 1.6958426647904734, 0.0, 0.0, 0.0, 0.0, 0.0, 0.0, 0.0, 0.0, 0.0, 0.3785216481832743, 1.6848309125816077, 1.1219110358885422, 0.0, 0.0, 0.0, 0.0, 0.0, 0.0, 0.0, 0.0, 0.0, 0.0, 0.0, 0.0, 0.0, 0.0, 0.0, 0.0, 1.8660199178050842, 1.0, 0.0, 0.0, 0.0, 0.0, 0.0, 0.0, 0.0, 0.0, 0.0, 0.0, 0.09438702695436502, 0.28316108086309427, 0.0, 0.7500000000000001, 2.25, 0.0, 0.47388084181361745, 1.4216425254408522, 0.0, 0.0, 0.0, 0.0, 0.0, 0.0, 0.0, 0.0, 0.0, 0.0, 0.0, 0.0, 0.0, 0.6817321312320174, 2.045196393696052, 0.0, 0.0, 0.0, 0.0, 0.0, 0.0, 0.0, 1.3540543786044588, 0.8624934154750606, 0.7834522059204805, 0.0, 0.0, 0.0, 0.0, 0.0, 0.0, 0.0, 0.0, 0.0, 0.0, 0.0, 0.0, 0.0, 0.0, 5.766968406715161, 1.9223228022383871, 0.0, 0.0, 0.0, 0.23303159328483844, 0.0776771977616128, 0.0, 0.0, 0.0, 0.0, 0.0, 0.0, 0.0, 0.0, 0.0, 0.0, 0.0, 0.0, 0.0, 0.0, 0.0, 0.0, 0.0, 0.0, 0.0, 0.0, 0.0, 0.0, 0.0, 0.0, 0.0, 0.0, 0.0, 0.0, 0.7363177551636868, 0.36815887758184335, 0.0, 0.0, 1.2636822448363132, 0.6318411224181565, 0.0, 0.0, 0.0, 0.0, 0.0, 0.0, 0.0, 0.0, 0.0, 0.0, 0.0, 0.0, 0.0, 0.0, 1.657301783302738, 0.0, 0.0, 0.0, 0.4941666681505361, 0.0, 0.0, 0.0, 0.0, 0.0, 0.0, 0.0, 0.0, 0.0, 0.0, 0.0, 0.0, 0.0, 0.0, 0.0, 0.0, 1.5058333318494639, 0.9746411710141565, 0.5195254971363797, 0.0, 0.0, 0.0, 0.0, 0.0, 0.0, 0.0, 0.0, 0.0, 1.5461140818349002, 0.6878681326168677, 0.08518890830058264, 0.45388591816509993, 0.20193442554949775, 0.02500853353305229, 0.0, 0.0, 0.0, 0.0, 0.0, 0.0, 0.0, 0.0, 0.0, 0.0, 0.0, 0.0, 0.0, 0.37768109689840845, 0.5537088210696092, 0.0, 0.0, 0.0, 0.0, 0.0, 0.0, 0.0, 0.0, 0.0, 0.0, 0.0, 0.0, 0.0, 0.0, 0.0, 0.0, 0.0, 0.0, 0.0, 0.0, 0.0, 0.0, 0.0, 0.0, 0.0, 0.0, 0.0, 0.0, 0.0, 0.0, 1.9542625305028771, 2.6627208021846047, 0.0, 1.0, 0.0, 0.0, 0.0, 2.3191711227523504, 4.814736403346576, 0.9313899179680176, 0.0, 0.0, 0.37754810781745923, 0.68082887724765, 0.0, 3.0, 0.0, 0.0, 3.0, 0.0, 0.0, 0.0, 7.689291208953549, 0.0, 0.0, 0.0, 3.0, 1.1044766327455302, 1.8955233672544698, 0.0, 0.3107087910464512, 0.0, 2.1514684514532743, 0.0, 2.8624934154750608, 0.0, 0.0, 0.0, 0.0, 0.0, 0.0, 0.0, 2.217978645805297, 0.0, 0.0, 0.0, 2.866019917805083, 0.0, 0.0, 1.8955233672544698, 0.0, 3.0, 0.0, 0.0, 0.0, 0.0, 0.0, 0.0, 0.0, 0.0, 0.0, 0.0, 0.0, 0.0, 0.0, 0.0, 0.0, 0.0, 0.0, 0.0, 0.0, 2.7269285249280695, 3.185263596653424, 0.0, 5.616983332687481, 1.9542625305028771, 2.6627208021846047, 0.0, 1.0, 0.37768109689840845, 0.5537088210696092, 0.0, 0.0, 2.0, 0.8898025581663654, 0.11019744183363492, 1.5058333318494639, 0.9746411710141565, 0.5195254971363797, 1.657301783302738, 0.0, 0.0, 0.0, 0.4941666681505361, 0.0, 0.0, 2.0, 1.0, 0.0, 0.0, 0.0, 6.0, 2.0, 0.0, 0.0, 1.3540543786044588, 0.8624934154750606, 0.7834522059204805, 2.0, 6.0, 0.0, 1.8660199178050862, 1.0, 0.0, 0.0, 0.0, 0.0, 0.0, 0.9506821315032528, 4.231564167817732, 2.817753700679016, 1.2315641678177318, 0.0, 0.0, 1.7684358321822684, 1.889802558166365, 3.1906695031139924, 0.0, 0.0, 0.3426982166972621, 0.7386090774502955, 0.0, 0.045737469497122846, 0.0, 1.6223189031015917, 0.0, 0.0, 0.0, 0.0, 0.0, 0.0, 0.0, 0.0, 0.0, 0.0, 0.0, 0.217978645805297, 0.0, 0.0, 0.0, 0.0, 0.0, 0.0, 0.0, 0.0, 2.0, 0.0, 0.0, 0.0, 0.0, 0.0, 0.0, 0.0, 0.0, 0.0, 0.0, 0.0, 0.0, 0.0, 0.0, 0.0, 0.31070879104645166, 0.0, 0.0, 0.0, 0.0, 0.0, 0.0, 0.0, 0.0, 0.0, 0.0, 0.0, 0.8485315485467256, 0.0, 0.0, 0.1375065845249394, 2.0, 0.0, 0.0, 0.0, 0.0, 6.0, 0.0, 0.0, 0.0, 0.0, 0.7820213541947031, 0.0, 0.0, 0.0, 0.0, 0.0, 0.0, 0.44629117893039094, 0.4501453626053121, 0.0, 0.0, 0.0, 0.0, 0.0, 0.0, 0.0, 0.0, 0.0, 0.13398008219491384, 0.0, 0.0, 0.7684358321822682, 1.549854637394688, 0.0, 0.0, 0.0, 0.0, 0.0, 0.11019744183363449, 0.0, 0.0, 0.0, 0.0, 0.0, 0.0, 0.0, 0.6093748629284048, 0.0, 0.0, 0.0, 0.0, 0.0365707584671365, 0.0, 0.025358828985843625, 2.025878290965527, 0.0, 0.0, 0.0, 0.0, 0.0, 0.7730570409174501, 0.601842050418322, 1.0, 0.0, 0.0, 0.04719351347718238, 0.22694295908254997, 0.0, 1.0, 0.0, 0.0, 0.37500000000000006, 0.0, 0.0, 0.0, 0.9611614011191936, 0.0, 0.0, 0.0, 1.0, 0.3681588775818434, 0.23694042090680872, 0.0, 0.0388385988808064, 0.0, 1.0, 1.0, 0.5634305987608695, 0.0, 0.0, 0.0, 0.0, 0.0, 0.0, 0.0, 0.4365694012391305, 0.0, 0.0, 0.0, 1.0, 0.0, 0.0, 0.6318411224181566, 0.0, 1.0, 0.0, 0.0, 0.0, 0.0, 0.0, 0.0, 0.0, 1.0, 0.0, 0.0, 0.0, 0.0, 0.0, 0.0, 0.0, 0.0, 0.0, 0.0, 0.0, 0.3408660656160087, 0.398157949581678, 0.0, 1.0]  :with objective: -619.8872897554032

  Local solver returns a feasible point with value -619.8873
disc:  333  :[0.0, 1.7542625305028772, 2.0]
disc:  334  :[0.0, 2.0627208021846046, 3.262720802184605, 6.0]
disc:  335  :[0.0, 0.1, 1.0]
disc:  336  :[0.0, 0.9, 1.0]
disc:  337  :[0.0, 0.17768109689840844, 0.5776810968984085, 2.0]
disc:  338  :[0.0, 0.4537088210696092, 0.6537088210696091, 1.0]
disc:  339  :[0.0, 0.2, 2.0]
disc:  340  :[0.0, 0.2, 2.0]
disc:  341  :[0.0, 1.8, 2.0]
disc:  342  :[0.0, 0.7898025581663655, 0.9898025581663654, 1.0]
disc:  343  :[0.0, 0.31019744183363496, 2.0]
disc:  344  :[0.0, 1.305833331849464, 1.7058333318494638, 2.0]
disc:  345  :[0.0, 0.8746411710141565, 1.0]
disc:  346  :[0.0, 0.21952549713637975, 0.8195254971363797, 3.0]
disc:  347  :[0.0, 1.457301783302738, 1.8573017833027379, 2.0]
disc:  348  :[0.0, 0.6, 6.0]
disc:  349  :[0.0, 0.2, 2.0]
disc:  350  :[0.0, 0.1, 1.0]
disc:  351  :[0.0, 0.2941666681505361, 0.6941666681505361, 2.0]
disc:  352  :[0.0, 0.6, 6.0]
disc:  353  :[0.0, 0.1, 1.0]
disc:  354  :[0.0, 1.8, 2.0]
disc:  355  :[0.0, 0.9, 1.0]
disc:  356  :[0.0, 0.2, 2.0]
disc:  357  :[0.0, 0.1, 1.0]
disc:  358  :[0.0, 0.2, 2.0]
disc:  359  :[0.0, 5.4, 6.0]
disc:  360  :[0.0, 1.4, 2.6, 6.0]
disc:  361  :[0.0, 0.2, 2.0]
disc:  362  :[0.0, 0.1, 1.0]
disc:  363  :[0.0, 1.1540543786044588, 1.5540543786044587, 2.0]
disc:  364  :[0.0, 0.7624934154750607, 0.9624934154750606, 1.0]
disc:  365  :[0.0, 0.4834522059204805, 1.0834522059204805, 3.0]
disc:  366  :[0.0, 1.8, 2.0]
disc:  367  :[0.0, 5.4, 6.0]
disc:  368  :[0.0, 0.2, 2.0]
disc:  369  :[0.0, 1.6660199178050863, 2.0]
disc:  370  :[0.0, 0.9, 1.0]
disc:  371  :[0.0, 0.2, 2.0]
disc:  372  :[0.0, 0.2, 2.0]
disc:  373  :[0.0, 0.2, 2.0]
disc:  374  :[0.0, 0.6, 6.0]
disc:  375  :[0.0, 0.2, 2.0]
disc:  376  :[0.0, 0.7506821315032528, 1.1506821315032527, 2.0]
disc:  377  :[0.0, 3.6315641678177317, 4.8315641678177315, 6.0]
disc:  378  :[0.0, 2.217753700679016, 3.417753700679016, 6.0]
disc:  379  :[0.0, 1.0315641678177319, 1.4315641678177318, 2.0]
disc:  380  :[0.0, 0.1, 1.0]
disc:  381  :[0.0, 0.3, 3.0]
disc:  382  :[0.0, 1.4684358321822684, 2.0684358321822685, 3.0]
disc:  383  :[0.0, 1.6898025581663652, 2.0]
disc:  384  :[0.0, 2.5906695031139924, 3.7906695031139925, 6.0]
disc:  385  :[0.0, 0.2, 2.0]
disc:  502  :[0.0, 0.1, 1.0]
disc:  503  :[0.0, 0.1, 1.0]
disc:  504  :[0.0, 0.1, 1.0]
disc:  505  :[0.0, 0.6730570409174501, 0.8730570409174501, 1.0]
disc:  506  :[0.0, 0.501842050418322, 0.7018420504183219, 1.0]
disc:  507  :[0.0, 0.9, 1.0]
disc:  508  :[0.0, 0.1, 1.0]
disc:  509  :[0.0, 0.1, 1.0]
disc:  510  :[0.0, 0.1471935134771824, 1.0]
disc:  511  :[0.0, 0.12694295908254996, 0.32694295908255, 1.0]
disc:  512  :[0.0, 0.1, 1.0]
disc:  513  :[0.0, 0.9, 1.0]
disc:  514  :[0.0, 0.1, 1.0]
disc:  515  :[0.0, 0.1, 1.0]
disc:  516  :[0.0, 0.275, 0.4750000000000001, 1.0]
disc:  517  :[0.0, 0.1, 1.0]
disc:  518  :[0.0, 0.1, 1.0]
disc:  519  :[0.0, 0.1, 1.0]
disc:  520  :[0.0, 0.8611614011191936, 1.0]
disc:  521  :[0.0, 0.1, 1.0]
disc:  522  :[0.0, 0.1, 1.0]
disc:  523  :[0.0, 0.1, 1.0]
disc:  524  :[0.0, 0.9, 1.0]
disc:  525  :[0.0, 0.2681588775818434, 0.4681588775818434, 1.0]
disc:  526  :[0.0, 0.13694042090680872, 0.33694042090680876, 1.0]
disc:  527  :[0.0, 0.1, 1.0]
disc:  528  :[0.0, 0.1388385988808064, 1.0]
disc:  529  :[0.0, 0.1, 1.0]
disc:  530  :[0.0, 0.9, 1.0]
disc:  531  :[0.0, 0.9, 1.0]
disc:  532  :[0.0, 0.46343059876086956, 0.6634305987608695, 1.0]
disc:  533  :[0.0, 0.1, 1.0]
disc:  534  :[0.0, 0.1, 1.0]
disc:  535  :[0.0, 0.1, 1.0]
disc:  536  :[0.0, 0.1, 1.0]
disc:  537  :[0.0, 0.1, 1.0]
disc:  538  :[0.0, 0.1, 1.0]
disc:  539  :[0.0, 0.1, 1.0]
disc:  540  :[0.0, 0.3365694012391305, 0.5365694012391306, 1.0]
disc:  541  :[0.0, 0.1, 1.0]
disc:  542  :[0.0, 0.1, 1.0]
disc:  543  :[0.0, 0.1, 1.0]
disc:  544  :[0.0, 0.9, 1.0]
disc:  545  :[0.0, 0.1, 1.0]
disc:  546  :[0.0, 0.1, 1.0]
disc:  547  :[0.0, 0.5318411224181566, 0.7318411224181566, 1.0]
disc:  548  :[0.0, 0.1, 1.0]
disc:  549  :[0.0, 0.9, 1.0]
disc:  550  :[0.0, 0.1, 1.0]
disc:  551  :[0.0, 0.1, 1.0]
disc:  552  :[0.0, 0.1, 1.0]
disc:  553  :[0.0, 0.1, 1.0]
disc:  554  :[0.0, 0.1, 1.0]
disc:  555  :[0.0, 0.1, 1.0]
disc:  556  :[0.0, 0.1, 1.0]
disc:  557  :[0.0, 0.9, 1.0]
disc:  558  :[0.0, 0.1, 1.0]
disc:  559  :[0.0, 0.1, 1.0]
disc:  560  :[0.0, 0.1, 1.0]
disc:  561  :[0.0, 0.1, 1.0]
disc:  562  :[0.0, 0.1, 1.0]
disc:  563  :[0.0, 0.1, 1.0]
disc:  564  :[0.0, 0.1, 1.0]
disc:  565  :[0.0, 0.1, 1.0]
disc:  566  :[0.0, 0.1, 1.0]
disc:  567  :[0.0, 0.1, 1.0]
disc:  568  :[0.0, 0.1, 1.0]
disc:  569  :[0.0, 0.24086606561600868, 0.4408660656160087, 1.0]
disc:  570  :[0.0, 0.29815794958167796, 0.49815794958167803, 1.0]
disc:  571  :[0.0, 0.1, 1.0]
disc:  572  :[0.0, 0.9, 1.0]
  Completed presolve in 6.41s
LOWER-BOUNDING ITERATIONS
====================================================================================================
| Iter   | Incumbent       | Best Incumbent      | Lower Bound        | Gap (%)         | Time      
| finish | -619.8873       | -619.8873           | -630.5283          | 1.717           | 20.69s           
Final UBD: -619.8872897554032
Final LBD: -630.528310743471
====================================================================================================

*** Alpine ended with status OTHER_LIMIT ***

 Total time for local solves: 3.92s

 Total time for solving max-min problems: 0.0s

 Total time excluding max-min time: 20.69s

presolve objective value: -619.8872897554032
w_opt: 1-dimensional DenseAxisArray{Float64,1,...} with index sets:
    Dimension 1, [(25, 1, 2), (25, 1, 1), (25, 1, 14), (20, 1, 2), (20, 1, 1), (20, 1, 14), (1, 1, 2), (1, 1, 1), (1, 1, 14), (2, 1, 2)  …  (20, 15, 23), (20, 15, 3), (8, 15, 30), (8, 15, 29), (8, 15, 23), (8, 15, 3), (2, 15, 30), (2, 15, 29), (2, 15, 23), (2, 15, 3)]
And data, a 261-element Vector{Float64}:
 1.064772586887498
 1.7977208285875628
 0.0
 0.8250299712788671
 1.3929486745264297
 0.0
 0.0
 0.0
 0.0
 0.0
 0.0
 0.0
 0.0
 0.0
 0.0
 0.0
 1.2315641678177318
 0.0
 0.0
 1.7684358321822684
 0.0
 0.0
 0.0
 0.0
 0.0
 0.0
 0.0
 0.0
 0.5721604833199785
 2.5467332552361235
 1.6958426647904734
 0.0
 0.0
 0.0
 0.0
 0.0
 0.0
 0.0
 0.0
 0.0
 0.3785216481832743
 1.6848309125816077
 1.1219110358885422
 0.0
 0.0
 0.0
 0.0
 0.0
 0.0
 0.0
 0.0
 0.0
 0.0
 0.0
 0.0
 0.0
 0.0
 0.0
 0.0
 1.8660199178050842
 1.0
 0.0
 0.0
 0.0
 0.0
 0.0
 0.0
 0.0
 0.0
 0.0
 0.0
 0.09438702695436502
 0.28316108086309427
 0.0
 0.7500000000000001
 2.25
 0.0
 0.47388084181361745
 1.4216425254408522
 0.0
 0.0
 0.0
 0.0
 0.0
 0.0
 0.0
 0.0
 0.0
 0.0
 0.0
 0.0
 0.0
 0.6817321312320174
 2.045196393696052
 0.0
 0.0
 0.0
 0.0
 0.0
 0.0
 0.0
 1.3540543786044588
 0.8624934154750606
 0.7834522059204805
 0.0
 0.0
 0.0
 0.0
 0.0
 0.0
 0.0
 0.0
 0.0
 0.0
 0.0
 0.0
 0.0
 0.0
 5.766968406715161
 1.9223228022383871
 0.0
 0.0
 0.0
 0.23303159328483844
 0.0776771977616128
 0.0
 0.0
 0.0
 0.0
 0.0
 0.0
 0.0
 0.0
 0.0
 0.0
 0.0
 0.0
 0.0
 0.0
 0.0
 0.0
 0.0
 0.0
 0.0
 0.0
 0.0
 0.0
 0.0
 0.0
 0.0
 0.0
 0.0
 0.0
 0.7363177551636868
 0.36815887758184335
 0.0
 0.0
 1.2636822448363132
 0.6318411224181565
 0.0
 0.0
 0.0
 0.0
 0.0
 0.0
 0.0
 0.0
 0.0
 0.0
 0.0
 0.0
 0.0
 0.0
 1.657301783302738
 0.0
 0.0
 0.0
 0.4941666681505361
 0.0
 0.0
 0.0
 0.0
 0.0
 0.0
 0.0
 0.0
 0.0
 0.0
 0.0
 0.0
 0.0
 0.0
 0.0
 0.0
 1.5058333318494639
 0.9746411710141565
 0.5195254971363797
 0.0
 0.0
 0.0
 0.0
 0.0
 0.0
 0.0
 0.0
 0.0
 1.5461140818349002
 0.6878681326168677
 0.08518890830058264
 0.45388591816509993
 0.20193442554949775
 0.02500853353305229
 0.0
 0.0
 0.0
 0.0
 0.0
 0.0
 0.0
 0.0
 0.0
 0.0
 0.0
 0.0
 0.0
 0.37768109689840845
 0.5537088210696092
 0.0
 0.0
 0.0
 0.0
 0.0
 0.0
 0.0
 0.0
 0.0
 0.0
 0.0
 0.0
 0.0
 0.0
 0.0
 0.0
 0.0
 0.0
 0.0
 0.0
 0.0
 0.0
 0.0
 0.0
 0.0
 0.0
 0.0
 0.0
 0.0
 0.0
 1.9542625305028771
 2.6627208021846047
 0.0
 1.0
x_ij_opt: 1-dimensional DenseAxisArray{Float64,1,...} with index sets:
    Dimension 1, [(43, 30), (43, 22), (43, 6), (44, 22), (45, 30), (45, 29), (45, 28), (45, 24), (45, 23), (40, 29)  …  (5, 7), (5, 14), (6, 4), (6, 3), (1, 14), (1, 10), (1, 23), (1, 1), (3, 2), (3, 1)]
And data, a 116-element Vector{Float64}:
 0.0
 0.3426982166972621
 0.7386090774502955
 0.0
 0.045737469497122846
 0.0
 1.6223189031015917
 0.0
 0.0
 0.0
 0.0
 0.0
 0.0
 0.0
 0.0
 0.0
 0.0
 0.0
 0.217978645805297
 0.0
 0.0
 0.0
 0.0
 0.0
 0.0
 0.0
 0.0
 2.0
 0.0
 0.0
 0.0
 0.0
 0.0
 0.0
 0.0
 0.0
 0.0
 0.0
 0.0
 0.0
 0.0
 0.0
 0.0
 0.31070879104645166
 0.0
 0.0
 0.0
 0.0
 0.0
 0.0
 0.0
 0.0
 0.0
 0.0
 0.0
 0.8485315485467256
 0.0
 0.0
 0.1375065845249394
 2.0
 0.0
 0.0
 0.0
 0.0
 6.0
 0.0
 0.0
 0.0
 0.0
 0.7820213541947031
 0.0
 0.0
 0.0
 0.0
 0.0
 0.0
 0.44629117893039094
 0.4501453626053121
 0.0
 0.0
 0.0
 0.0
 0.0
 0.0
 0.0
 0.0
 0.0
 0.13398008219491384
 0.0
 0.0
 0.7684358321822682
 1.549854637394688
 0.0
 0.0
 0.0
 0.0
 0.0
 0.11019744183363449
 0.0
 0.0
 0.0
 0.0
 0.0
 0.0
 0.0
 0.6093748629284048
 0.0
 0.0
 0.0
 0.0
 0.0365707584671365
 0.0
 0.025358828985843625
 2.025878290965527
 0.0
 0.0
x_il_opt: 1-dimensional DenseAxisArray{Float64,1,...} with index sets:
    Dimension 1, [(43, 15), (43, 14), (44, 15), (44, 13), (44, 3), (40, 14), (40, 2), (41, 14), (42, 6), (37, 13)  …  (4, 13), (5, 2), (5, 7), (5, 9), (6, 11), (1, 1), (1, 6), (1, 3), (2, 1), (2, 15)]
And data, a 71-element Vector{Float64}:
 0.0
 0.0
 0.0
 2.3191711227523504
 4.814736403346576
 0.9313899179680176
 0.0
 0.0
 0.37754810781745923
 0.68082887724765
 0.0
 3.0
 0.0
 0.0
 3.0
 0.0
 0.0
 0.0
 7.689291208953549
 0.0
 0.0
 0.0
 3.0
 1.1044766327455302
 1.8955233672544698
 0.0
 0.3107087910464512
 0.0
 2.1514684514532743
 0.0
 2.8624934154750608
 0.0
 0.0
 0.0
 0.0
 0.0
 0.0
 0.0
 2.217978645805297
 0.0
 0.0
 0.0
 2.866019917805083
 0.0
 0.0
 1.8955233672544698
 0.0
 3.0
 0.0
 0.0
 0.0
 0.0
 0.0
 0.0
 0.0
 0.0
 0.0
 0.0
 0.0
 0.0
 0.0
 0.0
 0.0
 0.0
 0.0
 0.0
 0.0
 2.7269285249280695
 3.185263596653424
 0.0
 5.616983332687481
x_lj_opt: 1-dimensional DenseAxisArray{Float64,1,...} with index sets:
    Dimension 1, [(15, 30), (15, 29), (15, 23), (15, 3), (14, 28), (14, 27), (14, 10), (14, 24), (13, 26), (13, 25)  …  (3, 6), (3, 5), (3, 29), (2, 4), (2, 3), (2, 1), (2, 5), (1, 2), (1, 1), (1, 14)]
And data, a 53-element Vector{Float64}:
 1.9542625305028771
 2.6627208021846047
 0.0
 1.0
 0.37768109689840845
 0.5537088210696092
 0.0
 0.0
 2.0
 0.8898025581663654
 0.11019744183363492
 1.5058333318494639
 0.9746411710141565
 0.5195254971363797
 1.657301783302738
 0.0
 0.0
 0.0
 0.4941666681505361
 0.0
 0.0
 2.0
 1.0
 0.0
 0.0
 0.0
 6.0
 2.0
 0.0
 0.0
 1.3540543786044588
 0.8624934154750606
 0.7834522059204805
 2.0
 6.0
 0.0
 1.8660199178050862
 1.0
 0.0
 0.0
 0.0
 0.0
 0.0
 0.9506821315032528
 4.231564167817732
 2.817753700679016
 1.2315641678177318
 0.0
 0.0
 1.7684358321822684
 1.889802558166365
 3.1906695031139924
 0.0
q_opt: 1-dimensional DenseAxisArray{Float64,1,...} with index sets:
    Dimension 1, [(43, 15), (43, 14), (44, 15), (44, 13), (44, 3), (40, 14), (40, 2), (41, 14), (42, 6), (37, 13)  …  (4, 13), (5, 2), (5, 7), (5, 9), (6, 11), (1, 1), (1, 6), (1, 3), (2, 1), (2, 15)]
And data, a 71-element Vector{Float64}:
 0.0
 0.0
 0.0
 0.7730570409174501
 0.601842050418322
 1.0
 0.0
 0.0
 0.04719351347718238
 0.22694295908254997
 0.0
 1.0
 0.0
 0.0
 0.37500000000000006
 0.0
 0.0
 0.0
 0.9611614011191936
 0.0
 0.0
 0.0
 1.0
 0.3681588775818434
 0.23694042090680872
 0.0
 0.0388385988808064
 0.0
 1.0
 1.0
 0.5634305987608695
 0.0
 0.0
 0.0
 0.0
 0.0
 0.0
 0.0
 0.4365694012391305
 0.0
 0.0
 0.0
 1.0
 0.0
 0.0
 0.6318411224181566
 0.0
 1.0
 0.0
 0.0
 0.0
 0.0
 0.0
 0.0
 0.0
 1.0
 0.0
 0.0
 0.0
 0.0
 0.0
 0.0
 0.0
 0.0
 0.0
 0.0
 0.0
 0.3408660656160087
 0.398157949581678
 0.0
 1.0
