
PROBLEM STATISTICS
  Objective sense = Min
  # Variables = 572
  # Bin-Int Variables = 0
  # Constraints = 621
  # NL Constraints = 261
  # Linear Constraints = 360
  # Detected convex constraints = 0
  # Detected nonlinear terms = 261
  # Variables involved in nonlinear terms = 124
  # Potential variables for partitioning = 124
SUB-SOLVERS USED BY ALPINE
  NLP local solver = Knitro
  MIP solver = Gurobi
ALPINE CONFIGURATION
  Maximum iterations (lower-bounding MIPs) =  1
  Relative global optimality gap = 0.01%
  Potential variables chosen for partitioning = All
  Discretization ratio = 10
  Bound-tightening presolve = false
PRESOLVE 
  Doing local search

Feasible solution found during presolve: [1.3377123909706168, 0.0, 0.0, 0.6622876090293831, 0.0, 0.0, 0.0, 0.0, 0.0, 0.0, 0.0, 0.0, 0.0, 0.0, 0.0, 0.0, 1.7266947308177674, 0.0, 0.4134459876579783, 0.8598592815242546, 0.0, 0.0, 0.0, 0.0, 0.0, 0.0, 0.0, 0.0, 1.14123310390727, 3.6056154599828374, 0.0, 0.0, 0.0, 0.0, 0.0, 0.0, 0.0, 0.0, 0.0, 0.0, 0.0, 0.0, 0.0, 0.0, 0.0, 0.0, 0.0, 0.0, 0.0, 0.0, 0.0, 0.0, 0.0, 0.0, 0.0, 0.0, 0.0, 0.0, 0.0, 1.834842205236268, 1.0, 0.0, 0.0, 0.0, 0.0, 0.0, 0.0, 0.0, 0.0, 0.0, 0.0, 0.22763230896213363, 0.6828969268864009, 0.0, 0.5480624005566065, 1.6441872016698196, 0.0, 0.5833348170062935, 1.7500044510188806, 0.0, 0.0, 0.0, 0.0, 0.0, 0.0, 0.0, 0.0, 0.0, 0.0, 0.0, 0.0, 0.0, 0.6409704734749664, 1.9229114204248994, 0.0, 0.0, 0.0, 0.0, 0.0, 0.0, 0.0, 1.8953715712747243, 0.8495640937581139, 0.25506433496716163, 0.0, 0.0, 0.0, 0.0, 0.0, 0.0, 0.0, 0.0, 0.0, 0.0, 0.0, 0.0, 0.0, 0.0, 3.5304011122180445, 3.610831991689225, 0.0, 0.0, 0.0, 0.4245473521152797, 0.4342195439774502, 0.0, 0.0, 0.0, 0.0, 0.0, 0.0, 0.0, 0.0, 0.0, 0.0, 0.0, 0.0, 0.0, 0.0, 0.0, 0.0, 0.0, 0.0, 0.0, 0.0, 0.0, 0.0, 0.0, 0.22413479996005412, 0.0, 0.0, 0.0, 0.0, 0.4444404879832174, 0.2222202439916087, 0.0, 0.0, 1.5555595120167827, 0.7777797560083913, 0.0, 0.0, 0.0, 0.0, 0.0, 0.0, 0.0, 0.0, 0.0, 0.0, 0.0, 0.0, 0.0, 0.0, 0.9999999999999998, 0.0, 0.0, 0.0, 2.0, 0.0, 0.0, 0.0, 0.0, 0.0, 0.0, 0.0, 0.0, 0.0, 0.0, 0.0, 0.0, 0.0, 0.0, 0.0, 0.0, 0.0, 0.0, 0.0, 0.0, 0.0, 0.0, 0.0, 0.0, 0.0, 0.0, 0.0, 3.0, 1.3321710496449501, 0.6660855248224751, 0.0, 0.66782895035505, 0.333914475177525, 0.0, 0.0, 0.0, 0.0, 0.0, 0.0, 0.0, 0.0, 0.0, 0.0, 0.0, 0.0, 0.0, 0.0, 0.8040600864173963, 0.9257965278797803, 0.0, 0.0, 0.0, 0.0, 0.0, 0.0, 0.0, 0.0, 0.0, 0.0, 0.0, 0.0, 0.0, 0.0, 0.0, 0.0, 0.0, 0.0, 0.0, 0.0, 0.0, 0.0, 0.0, 0.0, 0.0, 0.0, 0.0, 0.0, 0.0, 0.0, 2.0, 0.0, 0.0, 1.0, 0.0, 0.0, 0.0, 1.9982565744674254, 4.746848563890108, 1.7298566142971765, 0.0, 0.0, 0.9105292358485345, 1.001743425532575, 0.0, 0.0, 0.0, 0.0, 2.192249602226426, 0.0, 0.0, 0.0, 7.14123310390727, 0.0, 0.0, 0.0, 3.0, 0.6666607319748261, 2.333339268025174, 0.0, 0.8587668960927302, 0.0, 3.0, 0.22413479996005425, 1.3377123909706168, 0.0, 0.0, 3.0, 0.0, 0.0, 0.0, 0.0, 0.6622876090293831, 0.0, 0.0, 0.0, 2.834842205236268, 0.0, 0.0, 2.333339268025174, 0.0, 3.0, 0.0, 0.0, 0.0, 0.0, 0.0, 0.0, 0.0, 0.0, 0.0, 0.0, 0.0, 0.0, 0.0, 0.0, 0.0, 0.0, 0.0, 0.0, 0.0, 2.5638818938998655, 0.0, 0.0, 3.0, 2.0, 0.0, 0.0, 1.0, 0.8040600864173963, 0.9257965278797803, 0.0, 0.0, 2.0, 1.0, 0.0, 0.0, 0.0, 3.0, 0.9999999999999998, 0.0, 0.0, 0.0, 2.0, 0.0, 0.0, 2.0, 1.0, 0.0, 0.22413479996005412, 0.0, 3.954948464333324, 4.045051535666675, 0.0, 0.0, 1.8953715712747243, 0.8495640937581139, 0.25506433496716163, 2.0, 6.0, 0.0, 1.834842205236268, 1.0, 0.0, 0.0, 0.0, 0.0, 0.0, 1.14123310390727, 3.6056154599828374, 0.0, 1.7266947308177674, 0.0, 0.4134459876579783, 0.8598592815242546, 2.0, 0.0, 0.0, 0.0, 1.0000000000000002, 0.0, 0.0, 0.0, 0.0, 1.1959399135826039, 0.0, 0.0, 0.0, 0.0, 0.0, 0.0, 0.0, 0.0, 0.0, 0.0, 0.0, 0.0, 0.0, 0.0, 0.0, 0.0, 0.0, 0.0, 0.0, 0.0, 2.0, 0.0, 0.8077503977735738, 0.0, 0.0, 0.0, 0.0, 0.0, 0.0, 0.0, 0.0, 0.0, 0.0, 0.0, 0.0, 0.0, 0.8587668960927299, 0.0, 0.0, 0.0, 0.0, 0.0, 0.0, 0.0, 0.0, 0.0, 0.0, 0.0, 0.0, 0.0, 1.2877169028274427, 0.15043590624188613, 2.0, 0.0, 0.0, 0.0, 0.0, 6.0, 0.0, 0.7573346328392327, 0.0, 0.0, 0.7758652000399459, 0.0, 0.0, 0.0, 0.0, 0.0, 0.0, 0.07420347212021972, 0.5048885221240059, 0.0, 0.0, 0.0, 0.0, 0.0, 0.0, 0.0, 0.0, 0.0, 0.16515779476373205, 0.0, 1.5345252584929083, 0.27330526918223286, 1.4951114778759942, 1.7180078557373835, 0.0, 0.0, 0.0, 0.0, 0.0, 0.0, 0.0, 0.0, 0.0, 0.0, 0.0, 0.0, 0.0, 0.0, 0.0, 0.0, 0.0, 0.10462842872527571, 0.0, 0.0, 5.33148967737486, 0.0, 0.0, 0.0, 0.0, 0.0, 0.6660855248224751, 1.0, 1.0, 0.0, 0.0, 0.11381615448106681, 0.333914475177525, 0.0, 0.0, 0.0, 0.0, 0.27403120027830324, 0.0, 0.0, 0.0, 0.8926541379884088, 0.0, 0.0, 0.0, 1.0, 0.2222202439916087, 0.29166740850314676, 0.0, 0.10734586201159126, 0.0, 1.0, 1.0, 0.6688561954853084, 0.0, 0.0, 1.0, 0.0, 0.0, 0.0, 0.0, 0.33114380451469155, 0.0, 0.0, 0.0, 1.0, 0.0, 0.0, 0.7777797560083913, 0.0, 1.0, 0.0, 0.0, 0.0, 0.0, 0.0, 0.0, 0.0, 1.0, 0.0, 0.0, 0.0, 0.0, 0.0, 0.0, 0.0, 0.0, 0.0, 0.0, 0.0, 0.3204852367374832, 0.0, 0.0, 1.0]  :with objective: -575.4712550017575

  Local solver returns a feasible point with value -575.4713
disc:  333  :[0.0, 1.8, 2.0]
disc:  334  :[0.0, 0.6, 6.0]
disc:  335  :[0.0, 0.1, 1.0]
disc:  336  :[0.0, 0.9, 1.0]
disc:  337  :[0.0, 0.6040600864173964, 1.0040600864173963, 2.0]
disc:  338  :[0.0, 0.8257965278797803, 1.0]
disc:  339  :[0.0, 0.2, 2.0]
disc:  340  :[0.0, 0.2, 2.0]
disc:  341  :[0.0, 1.8, 2.0]
disc:  342  :[0.0, 0.9, 1.0]
disc:  343  :[0.0, 0.2, 2.0]
disc:  344  :[0.0, 0.2, 2.0]
disc:  345  :[0.0, 0.1, 1.0]
disc:  346  :[0.0, 2.7, 3.0]
disc:  347  :[0.0, 0.7999999999999998, 1.1999999999999997, 2.0]
disc:  348  :[0.0, 0.6, 6.0]
disc:  349  :[0.0, 0.2, 2.0]
disc:  350  :[0.0, 0.1, 1.0]
disc:  351  :[0.0, 1.8, 2.0]
disc:  352  :[0.0, 0.6, 6.0]
disc:  353  :[0.0, 0.1, 1.0]
disc:  354  :[0.0, 1.8, 2.0]
disc:  355  :[0.0, 0.9, 1.0]
disc:  356  :[0.0, 0.2, 2.0]
disc:  357  :[0.0, 0.12413479996005411, 0.3241347999600541, 1.0]
disc:  358  :[0.0, 0.2, 2.0]
disc:  359  :[0.0, 3.354948464333324, 4.554948464333324, 6.0]
disc:  360  :[0.0, 3.4450515356666753, 4.645051535666675, 6.0]
disc:  361  :[0.0, 0.2, 2.0]
disc:  362  :[0.0, 0.1, 1.0]
disc:  363  :[0.0, 1.6953715712747244, 2.0]
disc:  364  :[0.0, 0.749564093758114, 0.9495640937581139, 1.0]
disc:  365  :[0.0, 0.5550643349671616, 3.0]
disc:  366  :[0.0, 1.8, 2.0]
disc:  367  :[0.0, 5.4, 6.0]
disc:  368  :[0.0, 0.2, 2.0]
disc:  369  :[0.0, 1.634842205236268, 2.0]
disc:  370  :[0.0, 0.9, 1.0]
disc:  371  :[0.0, 0.2, 2.0]
disc:  372  :[0.0, 0.2, 2.0]
disc:  373  :[0.0, 0.2, 2.0]
disc:  374  :[0.0, 0.6, 6.0]
disc:  375  :[0.0, 0.2, 2.0]
disc:  376  :[0.0, 0.9412331039072701, 1.34123310390727, 2.0]
disc:  377  :[0.0, 3.0056154599828373, 4.2056154599828375, 6.0]
disc:  378  :[0.0, 0.6, 6.0]
disc:  379  :[0.0, 1.5266947308177674, 1.9266947308177673, 2.0]
disc:  380  :[0.0, 0.1, 1.0]
disc:  381  :[0.0, 0.11344598765797831, 0.7134459876579783, 3.0]
disc:  382  :[0.0, 0.5598592815242547, 1.1598592815242545, 3.0]
disc:  383  :[0.0, 1.8, 2.0]
disc:  384  :[0.0, 0.6, 6.0]
disc:  385  :[0.0, 0.2, 2.0]
disc:  502  :[0.0, 0.1, 1.0]
disc:  503  :[0.0, 0.1, 1.0]
disc:  504  :[0.0, 0.1, 1.0]
disc:  505  :[0.0, 0.5660855248224751, 0.766085524822475, 1.0]
disc:  506  :[0.0, 0.9, 1.0]
disc:  507  :[0.0, 0.9, 1.0]
disc:  508  :[0.0, 0.1, 1.0]
disc:  509  :[0.0, 0.1, 1.0]
disc:  510  :[0.0, 0.013816154481066809, 0.21381615448106683, 1.0]
disc:  511  :[0.0, 0.23391447517752498, 0.433914475177525, 1.0]
disc:  512  :[0.0, 0.1, 1.0]
disc:  513  :[0.0, 0.1, 1.0]
disc:  514  :[0.0, 0.1, 1.0]
disc:  515  :[0.0, 0.1, 1.0]
disc:  516  :[0.0, 0.17403120027830324, 0.3740312002783033, 1.0]
disc:  517  :[0.0, 0.1, 1.0]
disc:  518  :[0.0, 0.1, 1.0]
disc:  519  :[0.0, 0.1, 1.0]
disc:  520  :[0.0, 0.7926541379884088, 0.9926541379884087, 1.0]
disc:  521  :[0.0, 0.1, 1.0]
disc:  522  :[0.0, 0.1, 1.0]
disc:  523  :[0.0, 0.1, 1.0]
disc:  524  :[0.0, 0.9, 1.0]
disc:  525  :[0.0, 0.12222024399160869, 0.3222202439916087, 1.0]
disc:  526  :[0.0, 0.19166740850314676, 0.39166740850314674, 1.0]
disc:  527  :[0.0, 0.1, 1.0]
disc:  528  :[0.0, 0.00734586201159125, 0.20734586201159128, 1.0]
disc:  529  :[0.0, 0.1, 1.0]
disc:  530  :[0.0, 0.9, 1.0]
disc:  531  :[0.0, 0.9, 1.0]
disc:  532  :[0.0, 0.5688561954853084, 0.7688561954853084, 1.0]
disc:  533  :[0.0, 0.1, 1.0]
disc:  534  :[0.0, 0.1, 1.0]
disc:  535  :[0.0, 0.9, 1.0]
disc:  536  :[0.0, 0.1, 1.0]
disc:  537  :[0.0, 0.1, 1.0]
disc:  538  :[0.0, 0.1, 1.0]
disc:  539  :[0.0, 0.1, 1.0]
disc:  540  :[0.0, 0.23114380451469155, 0.4311438045146916, 1.0]
disc:  541  :[0.0, 0.1, 1.0]
disc:  542  :[0.0, 0.1, 1.0]
disc:  543  :[0.0, 0.1, 1.0]
disc:  544  :[0.0, 0.9, 1.0]
disc:  545  :[0.0, 0.1, 1.0]
disc:  546  :[0.0, 0.1, 1.0]
disc:  547  :[0.0, 0.6777797560083914, 0.8777797560083913, 1.0]
disc:  548  :[0.0, 0.1, 1.0]
disc:  549  :[0.0, 0.9, 1.0]
disc:  550  :[0.0, 0.1, 1.0]
disc:  551  :[0.0, 0.1, 1.0]
disc:  552  :[0.0, 0.1, 1.0]
disc:  553  :[0.0, 0.1, 1.0]
disc:  554  :[0.0, 0.1, 1.0]
disc:  555  :[0.0, 0.1, 1.0]
disc:  556  :[0.0, 0.1, 1.0]
disc:  557  :[0.0, 0.9, 1.0]
disc:  558  :[0.0, 0.1, 1.0]
disc:  559  :[0.0, 0.1, 1.0]
disc:  560  :[0.0, 0.1, 1.0]
disc:  561  :[0.0, 0.1, 1.0]
disc:  562  :[0.0, 0.1, 1.0]
disc:  563  :[0.0, 0.1, 1.0]
disc:  564  :[0.0, 0.1, 1.0]
disc:  565  :[0.0, 0.1, 1.0]
disc:  566  :[0.0, 0.1, 1.0]
disc:  567  :[0.0, 0.1, 1.0]
disc:  568  :[0.0, 0.1, 1.0]
disc:  569  :[0.0, 0.2204852367374832, 0.42048523673748317, 1.0]
disc:  570  :[0.0, 0.1, 1.0]
disc:  571  :[0.0, 0.1, 1.0]
disc:  572  :[0.0, 0.9, 1.0]
  Completed presolve in 26.64s
LOWER-BOUNDING ITERATIONS
====================================================================================================
| Iter   | Incumbent       | Best Incumbent      | Lower Bound        | Gap (%)         | Time      
| finish | -575.4713       | -575.4713           | -629.9166          | 9.461           | 52.51s           
Final UBD: -575.4712550017575
Final LBD: -629.9166349948277
====================================================================================================

*** Alpine ended with status OTHER_LIMIT ***

 Total time for local solves: 24.26s

 Total time for solving max-min problems: 0.0s

 Total time excluding max-min time: 52.51s

presolve objective value: -575.4712550017575
w_opt: 1-dimensional DenseAxisArray{Float64,1,...} with index sets:
    Dimension 1, [(25, 1, 2), (25, 1, 1), (25, 1, 14), (20, 1, 2), (20, 1, 1), (20, 1, 14), (1, 1, 2), (1, 1, 1), (1, 1, 14), (2, 1, 2)  …  (20, 15, 23), (20, 15, 3), (8, 15, 30), (8, 15, 29), (8, 15, 23), (8, 15, 3), (2, 15, 30), (2, 15, 29), (2, 15, 23), (2, 15, 3)]
And data, a 261-element Vector{Float64}:
 1.3377123909706168
 0.0
 0.0
 0.6622876090293831
 0.0
 0.0
 0.0
 0.0
 0.0
 0.0
 0.0
 0.0
 0.0
 0.0
 0.0
 0.0
 1.7266947308177674
 0.0
 0.4134459876579783
 0.8598592815242546
 0.0
 0.0
 0.0
 0.0
 0.0
 0.0
 0.0
 0.0
 1.14123310390727
 3.6056154599828374
 0.0
 0.0
 0.0
 0.0
 0.0
 0.0
 0.0
 0.0
 0.0
 0.0
 0.0
 0.0
 0.0
 0.0
 0.0
 0.0
 0.0
 0.0
 0.0
 0.0
 0.0
 0.0
 0.0
 0.0
 0.0
 0.0
 0.0
 0.0
 0.0
 1.834842205236268
 1.0
 0.0
 0.0
 0.0
 0.0
 0.0
 0.0
 0.0
 0.0
 0.0
 0.0
 0.22763230896213363
 0.6828969268864009
 0.0
 0.5480624005566065
 1.6441872016698196
 0.0
 0.5833348170062935
 1.7500044510188806
 0.0
 0.0
 0.0
 0.0
 0.0
 0.0
 0.0
 0.0
 0.0
 0.0
 0.0
 0.0
 0.0
 0.6409704734749664
 1.9229114204248994
 0.0
 0.0
 0.0
 0.0
 0.0
 0.0
 0.0
 1.8953715712747243
 0.8495640937581139
 0.25506433496716163
 0.0
 0.0
 0.0
 0.0
 0.0
 0.0
 0.0
 0.0
 0.0
 0.0
 0.0
 0.0
 0.0
 0.0
 3.5304011122180445
 3.610831991689225
 0.0
 0.0
 0.0
 0.4245473521152797
 0.4342195439774502
 0.0
 0.0
 0.0
 0.0
 0.0
 0.0
 0.0
 0.0
 0.0
 0.0
 0.0
 0.0
 0.0
 0.0
 0.0
 0.0
 0.0
 0.0
 0.0
 0.0
 0.0
 0.0
 0.0
 0.22413479996005412
 0.0
 0.0
 0.0
 0.0
 0.4444404879832174
 0.2222202439916087
 0.0
 0.0
 1.5555595120167827
 0.7777797560083913
 0.0
 0.0
 0.0
 0.0
 0.0
 0.0
 0.0
 0.0
 0.0
 0.0
 0.0
 0.0
 0.0
 0.0
 0.9999999999999998
 0.0
 0.0
 0.0
 2.0
 0.0
 0.0
 0.0
 0.0
 0.0
 0.0
 0.0
 0.0
 0.0
 0.0
 0.0
 0.0
 0.0
 0.0
 0.0
 0.0
 0.0
 0.0
 0.0
 0.0
 0.0
 0.0
 0.0
 0.0
 0.0
 0.0
 0.0
 3.0
 1.3321710496449501
 0.6660855248224751
 0.0
 0.66782895035505
 0.333914475177525
 0.0
 0.0
 0.0
 0.0
 0.0
 0.0
 0.0
 0.0
 0.0
 0.0
 0.0
 0.0
 0.0
 0.0
 0.8040600864173963
 0.9257965278797803
 0.0
 0.0
 0.0
 0.0
 0.0
 0.0
 0.0
 0.0
 0.0
 0.0
 0.0
 0.0
 0.0
 0.0
 0.0
 0.0
 0.0
 0.0
 0.0
 0.0
 0.0
 0.0
 0.0
 0.0
 0.0
 0.0
 0.0
 0.0
 0.0
 0.0
 2.0
 0.0
 0.0
 1.0
x_ij_opt: 1-dimensional DenseAxisArray{Float64,1,...} with index sets:
    Dimension 1, [(43, 30), (43, 22), (43, 6), (44, 22), (45, 30), (45, 29), (45, 28), (45, 24), (45, 23), (40, 29)  …  (5, 7), (5, 14), (6, 4), (6, 3), (1, 14), (1, 10), (1, 23), (1, 1), (3, 2), (3, 1)]
And data, a 116-element Vector{Float64}:
 0.0
 1.0000000000000002
 0.0
 0.0
 0.0
 0.0
 1.1959399135826039
 0.0
 0.0
 0.0
 0.0
 0.0
 0.0
 0.0
 0.0
 0.0
 0.0
 0.0
 0.0
 0.0
 0.0
 0.0
 0.0
 0.0
 0.0
 0.0
 0.0
 2.0
 0.0
 0.8077503977735738
 0.0
 0.0
 0.0
 0.0
 0.0
 0.0
 0.0
 0.0
 0.0
 0.0
 0.0
 0.0
 0.0
 0.8587668960927299
 0.0
 0.0
 0.0
 0.0
 0.0
 0.0
 0.0
 0.0
 0.0
 0.0
 0.0
 0.0
 0.0
 1.2877169028274427
 0.15043590624188613
 2.0
 0.0
 0.0
 0.0
 0.0
 6.0
 0.0
 0.7573346328392327
 0.0
 0.0
 0.7758652000399459
 0.0
 0.0
 0.0
 0.0
 0.0
 0.0
 0.07420347212021972
 0.5048885221240059
 0.0
 0.0
 0.0
 0.0
 0.0
 0.0
 0.0
 0.0
 0.0
 0.16515779476373205
 0.0
 1.5345252584929083
 0.27330526918223286
 1.4951114778759942
 1.7180078557373835
 0.0
 0.0
 0.0
 0.0
 0.0
 0.0
 0.0
 0.0
 0.0
 0.0
 0.0
 0.0
 0.0
 0.0
 0.0
 0.0
 0.0
 0.10462842872527571
 0.0
 0.0
 5.33148967737486
 0.0
 0.0
x_il_opt: 1-dimensional DenseAxisArray{Float64,1,...} with index sets:
    Dimension 1, [(43, 15), (43, 14), (44, 15), (44, 13), (44, 3), (40, 14), (40, 2), (41, 14), (42, 6), (37, 13)  …  (4, 13), (5, 2), (5, 7), (5, 9), (6, 11), (1, 1), (1, 6), (1, 3), (2, 1), (2, 15)]
And data, a 71-element Vector{Float64}:
 0.0
 0.0
 0.0
 1.9982565744674254
 4.746848563890108
 1.7298566142971765
 0.0
 0.0
 0.9105292358485345
 1.001743425532575
 0.0
 0.0
 0.0
 0.0
 2.192249602226426
 0.0
 0.0
 0.0
 7.14123310390727
 0.0
 0.0
 0.0
 3.0
 0.6666607319748261
 2.333339268025174
 0.0
 0.8587668960927302
 0.0
 3.0
 0.22413479996005425
 1.3377123909706168
 0.0
 0.0
 3.0
 0.0
 0.0
 0.0
 0.0
 0.6622876090293831
 0.0
 0.0
 0.0
 2.834842205236268
 0.0
 0.0
 2.333339268025174
 0.0
 3.0
 0.0
 0.0
 0.0
 0.0
 0.0
 0.0
 0.0
 0.0
 0.0
 0.0
 0.0
 0.0
 0.0
 0.0
 0.0
 0.0
 0.0
 0.0
 0.0
 2.5638818938998655
 0.0
 0.0
 3.0
x_lj_opt: 1-dimensional DenseAxisArray{Float64,1,...} with index sets:
    Dimension 1, [(15, 30), (15, 29), (15, 23), (15, 3), (14, 28), (14, 27), (14, 10), (14, 24), (13, 26), (13, 25)  …  (3, 6), (3, 5), (3, 29), (2, 4), (2, 3), (2, 1), (2, 5), (1, 2), (1, 1), (1, 14)]
And data, a 53-element Vector{Float64}:
 2.0
 0.0
 0.0
 1.0
 0.8040600864173963
 0.9257965278797803
 0.0
 0.0
 2.0
 1.0
 0.0
 0.0
 0.0
 3.0
 0.9999999999999998
 0.0
 0.0
 0.0
 2.0
 0.0
 0.0
 2.0
 1.0
 0.0
 0.22413479996005412
 0.0
 3.954948464333324
 4.045051535666675
 0.0
 0.0
 1.8953715712747243
 0.8495640937581139
 0.25506433496716163
 2.0
 6.0
 0.0
 1.834842205236268
 1.0
 0.0
 0.0
 0.0
 0.0
 0.0
 1.14123310390727
 3.6056154599828374
 0.0
 1.7266947308177674
 0.0
 0.4134459876579783
 0.8598592815242546
 2.0
 0.0
 0.0
q_opt: 1-dimensional DenseAxisArray{Float64,1,...} with index sets:
    Dimension 1, [(43, 15), (43, 14), (44, 15), (44, 13), (44, 3), (40, 14), (40, 2), (41, 14), (42, 6), (37, 13)  …  (4, 13), (5, 2), (5, 7), (5, 9), (6, 11), (1, 1), (1, 6), (1, 3), (2, 1), (2, 15)]
And data, a 71-element Vector{Float64}:
 0.0
 0.0
 0.0
 0.6660855248224751
 1.0
 1.0
 0.0
 0.0
 0.11381615448106681
 0.333914475177525
 0.0
 0.0
 0.0
 0.0
 0.27403120027830324
 0.0
 0.0
 0.0
 0.8926541379884088
 0.0
 0.0
 0.0
 1.0
 0.2222202439916087
 0.29166740850314676
 0.0
 0.10734586201159126
 0.0
 1.0
 1.0
 0.6688561954853084
 0.0
 0.0
 1.0
 0.0
 0.0
 0.0
 0.0
 0.33114380451469155
 0.0
 0.0
 0.0
 1.0
 0.0
 0.0
 0.7777797560083913
 0.0
 1.0
 0.0
 0.0
 0.0
 0.0
 0.0
 0.0
 0.0
 1.0
 0.0
 0.0
 0.0
 0.0
 0.0
 0.0
 0.0
 0.0
 0.0
 0.0
 0.0
 0.3204852367374832
 0.0
 0.0
 1.0
