
PROBLEM STATISTICS
  Objective sense = Min
  # Variables = 572
  # Bin-Int Variables = 0
  # Constraints = 621
  # NL Constraints = 261
  # Linear Constraints = 360
  # Detected convex constraints = 0
  # Detected nonlinear terms = 261
  # Variables involved in nonlinear terms = 124
  # Potential variables for partitioning = 124
SUB-SOLVERS USED BY ALPINE
  NLP local solver = Knitro
  MIP solver = Gurobi
ALPINE CONFIGURATION
  Maximum iterations (lower-bounding MIPs) =  1
  Relative global optimality gap = 0.01%
  Potential variables chosen for partitioning = All
  Discretization ratio = 10
  Bound-tightening presolve = false
PRESOLVE 
  Doing local search

Feasible solution found during presolve: [1.1796102891217985, 1.8203897108782015, 0.0, 0.8203897108782016, 1.2660359123391975, 0.0, 0.0, 0.0, 0.0, 0.0, 0.0, 0.0, 0.0, 0.0, 0.0, 0.0, 1.0299829379509398, 0.32542359151573635, 0.0, 1.6445934705333238, 0.0, 0.0, 0.0, 0.0, 0.0, 0.0, 0.0, 0.0, 0.0, 2.2940048438217713, 1.4161087115356175, 0.0, 0.0, 0.0, 0.0, 0.0, 0.0, 0.0, 0.0, 0.0, 0.0, 2.061401685644904, 1.2725208025945889, 0.0, 0.0, 0.0, 0.0, 0.0, 0.0, 0.0, 0.0, 0.0, 0.0, 0.0, 0.0, 0.0, 0.0, 0.0, 0.0, 2.0, 1.0, 0.0, 0.0, 0.0, 0.0, 0.0, 0.0, 0.0, 0.0, 0.0, 0.0, 0.7499999999999999, 2.25, 0.0, 0.16541946098160418, 0.4962583829448126, 0.0, 0.5799687855408004, 1.7399063566224013, 0.0, 0.0, 0.0, 0.0, 0.0, 0.0, 0.0, 0.0, 0.0, 0.0, 0.0, 0.0, 0.0, 0.5046117534775957, 1.5138352604327874, 0.0, 0.0, 0.0, 0.0, 0.0, 0.0, 0.0, 2.0, 0.9756017757071791, 0.0243982242928208, 0.0, 0.0, 0.0, 0.0, 0.0, 0.0, 0.0, 0.0, 0.0, 0.0, 0.0, 0.0, 0.0, 0.0, 4.118254575326833, 1.3560051753049833, 0.0, 0.01674634980396005, 0.0, 1.8817454246731675, 0.6195966004021947, 0.0, 0.007651874488861012, 0.0, 0.0, 0.0, 0.0, 0.0, 0.0, 0.0, 0.0, 0.0, 0.0, 0.0, 0.0, 0.0, 0.0, 0.0, 0.0, 0.0, 0.0, 0.0, 0.0, 0.0, 0.0, 0.0, 0.0, 0.0, 0.0, 0.453416571891199, 0.2267082859455995, 0.0, 0.0, 1.5465834281088011, 0.7732917140544007, 0.0, 0.0, 0.0, 0.0, 0.0, 0.0, 0.0, 0.0, 0.0, 0.0, 0.0, 0.0, 0.0, 0.0, 1.5426849056345346, 0.0, 0.0, 0.0, 0.8925234761761954, 0.0, 0.0, 0.0, 0.0, 0.0, 0.0, 0.0, 0.0, 0.0, 0.0, 0.0, 0.0, 0.0, 0.0, 0.0, 0.0, 1.1074765238238045, 0.9194751463799857, 0.9730483297962099, 0.0, 0.0, 0.0, 0.0, 0.0, 0.0, 0.0, 0.0, 0.0, 1.402805075501167, 0.7014025377505835, 0.0, 0.597194924498833, 0.2985974622494165, 0.0, 0.0, 0.0, 0.0, 0.0, 0.0, 0.0, 0.0, 0.0, 0.0, 0.0, 0.0, 0.0, 0.0, 0.6579525029021673, 0.6397572672792378, 0.0, 0.0, 0.0, 0.0, 0.0, 0.0, 0.0, 0.0, 0.0, 0.0, 0.0, 0.0, 0.0, 0.0, 0.0, 0.0, 0.0, 0.0, 0.0, 0.0, 0.0, 0.0, 0.0, 0.0, 0.0, 0.0, 0.0, 0.0, 0.0, 0.0, 0.0, 0.0, 0.0, 0.0, 0.0, 0.0, 0.0, 2.1042076132517504, 3.7101135553573887, 1.297709770181405, 0.0, 0.0, 3.0, 0.8957923867482497, 0.0, 3.0, 0.0, 0.0, 0.6616778439264167, 0.0, 0.0, 0.0, 5.491006100435777, 0.0, 0.0, 0.0, 3.0, 0.6801248578367984, 2.319875142163202, 0.0, 2.5089938995642234, 0.0, 2.4352083818107304, 0.0, 3.0, 0.0, 0.0, 0.0, 0.0, 0.0, 0.0, 0.0, 2.086425623217399, 0.0, 0.0, 0.0, 3.0, 0.0, 0.0, 2.319875142163202, 0.0, 3.0, 0.0, 0.0, 0.0, 0.0, 0.0, 0.0, 0.0, 0.0, 0.0, 0.0, 0.0, 0.0, 0.0, 0.0, 0.0, 0.0, 0.0, 0.0, 0.0, 2.018447013910383, 3.333922488239493, 0.0, 0.0, 0.0, 0.0, 0.0, 0.0, 0.6579525029021673, 0.6397572672792378, 0.0, 0.0, 2.0, 1.0, 0.0, 1.1074765238238045, 0.9194751463799858, 0.9730483297962099, 1.5426849056345346, 0.0, 0.0, 0.0, 0.8925234761761954, 0.0, 0.0, 2.0, 1.0, 0.0, 0.0, 0.0, 6.0, 1.975601775707178, 0.0, 0.024398224292820986, 2.0, 0.9756017757071791, 0.0243982242928208, 2.0, 6.0, 0.0, 2.0, 1.0, 0.0, 0.0, 0.0, 0.0, 0.0, 0.0, 4.355406529466676, 2.688629514130207, 1.0299829379509398, 0.32542359151573635, 0.0, 1.6445934705333238, 2.0, 3.0864256232173988, 0.0, 0.16852172707019053, 0.45731509436546536, 1.6382313310250336, 0.0, 1.8314782729298096, 0.0, 1.3420474970978329, 0.0, 0.0, 0.0, 0.0, 0.0, 0.0, 0.0, 0.0, 0.0, 0.0, 0.0, 0.267934863497717, 0.0, 0.3220705082596703, 0.0, 0.0, 0.0, 0.0, 0.0, 0.0, 2.0, 0.0, 2.3383221560735836, 0.0, 0.0, 0.0, 0.0, 0.0, 0.0, 0.0, 0.0, 0.0, 0.0, 0.0, 0.0, 0.0, 0.3617686689749663, 0.0, 0.0, 0.0, 0.0, 0.0, 0.0, 0.0, 0.0, 0.0, 0.0, 0.0, 0.5647916181892695, 0.0, 0.0, 0.0, 2.0, 0.0, 0.0, 0.0, 0.0, 6.0, 0.0, 0.0, 0.0, 0.0, 0.732065136502283, 0.0, 0.0, 0.0, 0.0, 0.0, 0.0, 0.36024273272076235, 0.8874279449052684, 0.0, 0.0, 0.0, 0.0, 0.0, 0.0, 0.0, 0.0, 0.0, 0.0, 0.0, 0.0, 0.9700170620490605, 1.1125720550947316, 0.0, 0.0, 0.0, 0.0, 0.0, 0.0, 0.0, 0.6745764084842636, 0.0, 0.0, 0.0, 0.0, 0.0, 0.0, 0.0, 0.0, 0.0, 0.0, 0.0, 0.0, 0.08052485362001421, 2.56710564423011, 0.0, 0.0, 0.0, 0.0, 0.0, 0.7014025377505835, 0.5267028067992253, 1.0, 0.0, 0.0, 0.37499999999999994, 0.2985974622494165, 0.0, 1.0, 0.0, 0.0, 0.08270973049080209, 0.0, 0.0, 0.0, 0.6863757625544721, 0.0, 0.0, 0.0, 1.0, 0.2267082859455995, 0.2899843927704002, 0.0, 0.3136242374455279, 0.0, 1.0, 1.0, 0.5898051445608993, 0.0, 0.0, 0.0, 0.0, 0.0, 0.0, 0.0, 0.4101948554391008, 0.0, 0.0, 0.0, 1.0, 0.0, 0.0, 0.7732917140544007, 0.0, 1.0, 0.0, 0.0, 0.0, 0.0, 0.0, 0.0, 0.0, 1.0, 0.0, 0.0, 0.0, 1.0, 0.0, 0.0, 0.0, 0.0, 0.0, 0.0, 0.0, 0.25230587673879784, 0.47329719320077446, 0.0, 0.0]  :with objective: -578.6390361505593

  Local solver returns a feasible point with value -578.639
disc:  333  :[0.0, 0.2, 2.0]
disc:  334  :[0.0, 0.6, 6.0]
disc:  335  :[0.0, 0.1, 1.0]
disc:  336  :[0.0, 0.1, 1.0]
disc:  337  :[0.0, 0.4579525029021673, 0.8579525029021673, 2.0]
disc:  338  :[0.0, 0.5397572672792378, 0.7397572672792377, 1.0]
disc:  339  :[0.0, 0.2, 2.0]
disc:  340  :[0.0, 0.2, 2.0]
disc:  341  :[0.0, 1.8, 2.0]
disc:  342  :[0.0, 0.9, 1.0]
disc:  343  :[0.0, 0.2, 2.0]
disc:  344  :[0.0, 0.9074765238238045, 1.3074765238238044, 2.0]
disc:  345  :[0.0, 0.8194751463799859, 1.0]
disc:  346  :[0.0, 0.67304832979621, 1.2730483297962099, 3.0]
disc:  347  :[0.0, 1.3426849056345347, 1.7426849056345346, 2.0]
disc:  348  :[0.0, 0.6, 6.0]
disc:  349  :[0.0, 0.2, 2.0]
disc:  350  :[0.0, 0.1, 1.0]
disc:  351  :[0.0, 0.6925234761761954, 1.0925234761761955, 2.0]
disc:  352  :[0.0, 0.6, 6.0]
disc:  353  :[0.0, 0.1, 1.0]
disc:  354  :[0.0, 1.8, 2.0]
disc:  355  :[0.0, 0.9, 1.0]
disc:  356  :[0.0, 0.2, 2.0]
disc:  357  :[0.0, 0.1, 1.0]
disc:  358  :[0.0, 0.2, 2.0]
disc:  359  :[0.0, 5.4, 6.0]
disc:  360  :[0.0, 1.3756017757071781, 2.575601775707178, 6.0]
disc:  361  :[0.0, 0.2, 2.0]
disc:  362  :[0.0, 0.12439822429282099, 1.0]
disc:  363  :[0.0, 1.8, 2.0]
disc:  364  :[0.0, 0.8756017757071791, 1.0]
disc:  365  :[0.0, 0.3243982242928208, 3.0]
disc:  366  :[0.0, 1.8, 2.0]
disc:  367  :[0.0, 5.4, 6.0]
disc:  368  :[0.0, 0.2, 2.0]
disc:  369  :[0.0, 1.8, 2.0]
disc:  370  :[0.0, 0.9, 1.0]
disc:  371  :[0.0, 0.2, 2.0]
disc:  372  :[0.0, 0.2, 2.0]
disc:  373  :[0.0, 0.2, 2.0]
disc:  374  :[0.0, 0.6, 6.0]
disc:  375  :[0.0, 0.2, 2.0]
disc:  376  :[0.0, 0.2, 2.0]
disc:  377  :[0.0, 3.755406529466676, 4.955406529466676, 6.0]
disc:  378  :[0.0, 2.088629514130207, 3.288629514130207, 6.0]
disc:  379  :[0.0, 0.8299829379509398, 1.2299829379509397, 2.0]
disc:  380  :[0.0, 0.22542359151573635, 0.4254235915157364, 1.0]
disc:  381  :[0.0, 0.3, 3.0]
disc:  382  :[0.0, 1.3445934705333238, 1.9445934705333239, 3.0]
disc:  383  :[0.0, 1.8, 2.0]
disc:  384  :[0.0, 2.4864256232173987, 3.686425623217399, 6.0]
disc:  385  :[0.0, 0.2, 2.0]
disc:  502  :[0.0, 0.1, 1.0]
disc:  503  :[0.0, 0.1, 1.0]
disc:  504  :[0.0, 0.1, 1.0]
disc:  505  :[0.0, 0.6014025377505835, 0.8014025377505835, 1.0]
disc:  506  :[0.0, 0.42670280679922534, 0.6267028067992253, 1.0]
disc:  507  :[0.0, 0.9, 1.0]
disc:  508  :[0.0, 0.1, 1.0]
disc:  509  :[0.0, 0.1, 1.0]
disc:  510  :[0.0, 0.2749999999999999, 0.475, 1.0]
disc:  511  :[0.0, 0.19859746224941652, 0.3985974622494165, 1.0]
disc:  512  :[0.0, 0.1, 1.0]
disc:  513  :[0.0, 0.9, 1.0]
disc:  514  :[0.0, 0.1, 1.0]
disc:  515  :[0.0, 0.1, 1.0]
disc:  516  :[0.0, 0.18270973049080208, 1.0]
disc:  517  :[0.0, 0.1, 1.0]
disc:  518  :[0.0, 0.1, 1.0]
disc:  519  :[0.0, 0.1, 1.0]
disc:  520  :[0.0, 0.5863757625544721, 0.7863757625544721, 1.0]
disc:  521  :[0.0, 0.1, 1.0]
disc:  522  :[0.0, 0.1, 1.0]
disc:  523  :[0.0, 0.1, 1.0]
disc:  524  :[0.0, 0.9, 1.0]
disc:  525  :[0.0, 0.1267082859455995, 0.32670828594559953, 1.0]
disc:  526  :[0.0, 0.18998439277040022, 0.3899843927704002, 1.0]
disc:  527  :[0.0, 0.1, 1.0]
disc:  528  :[0.0, 0.21362423744552791, 0.4136242374455279, 1.0]
disc:  529  :[0.0, 0.1, 1.0]
disc:  530  :[0.0, 0.9, 1.0]
disc:  531  :[0.0, 0.9, 1.0]
disc:  532  :[0.0, 0.4898051445608993, 0.6898051445608993, 1.0]
disc:  533  :[0.0, 0.1, 1.0]
disc:  534  :[0.0, 0.1, 1.0]
disc:  535  :[0.0, 0.1, 1.0]
disc:  536  :[0.0, 0.1, 1.0]
disc:  537  :[0.0, 0.1, 1.0]
disc:  538  :[0.0, 0.1, 1.0]
disc:  539  :[0.0, 0.1, 1.0]
disc:  540  :[0.0, 0.31019485543910075, 0.5101948554391008, 1.0]
disc:  541  :[0.0, 0.1, 1.0]
disc:  542  :[0.0, 0.1, 1.0]
disc:  543  :[0.0, 0.1, 1.0]
disc:  544  :[0.0, 0.9, 1.0]
disc:  545  :[0.0, 0.1, 1.0]
disc:  546  :[0.0, 0.1, 1.0]
disc:  547  :[0.0, 0.6732917140544007, 0.8732917140544006, 1.0]
disc:  548  :[0.0, 0.1, 1.0]
disc:  549  :[0.0, 0.9, 1.0]
disc:  550  :[0.0, 0.1, 1.0]
disc:  551  :[0.0, 0.1, 1.0]
disc:  552  :[0.0, 0.1, 1.0]
disc:  553  :[0.0, 0.1, 1.0]
disc:  554  :[0.0, 0.1, 1.0]
disc:  555  :[0.0, 0.1, 1.0]
disc:  556  :[0.0, 0.1, 1.0]
disc:  557  :[0.0, 0.9, 1.0]
disc:  558  :[0.0, 0.1, 1.0]
disc:  559  :[0.0, 0.1, 1.0]
disc:  560  :[0.0, 0.1, 1.0]
disc:  561  :[0.0, 0.9, 1.0]
disc:  562  :[0.0, 0.1, 1.0]
disc:  563  :[0.0, 0.1, 1.0]
disc:  564  :[0.0, 0.1, 1.0]
disc:  565  :[0.0, 0.1, 1.0]
disc:  566  :[0.0, 0.1, 1.0]
disc:  567  :[0.0, 0.1, 1.0]
disc:  568  :[0.0, 0.1, 1.0]
disc:  569  :[0.0, 0.15230587673879784, 0.3523058767387979, 1.0]
disc:  570  :[0.0, 0.3732971932007745, 0.5732971932007744, 1.0]
disc:  571  :[0.0, 0.1, 1.0]
disc:  572  :[0.0, 0.1, 1.0]
  Completed presolve in 7.35s
LOWER-BOUNDING ITERATIONS
====================================================================================================
| Iter   | Incumbent       | Best Incumbent      | Lower Bound        | Gap (%)         | Time      
| finish | -578.639        | -578.639            | -624.7806          | 7.974           | 18.33s           
Final UBD: -578.6390361505593
Final LBD: -624.7805843466308
====================================================================================================

*** Alpine ended with status OTHER_LIMIT ***

 Total time for local solves: 5.12s

 Total time for solving max-min problems: 0.0s

 Total time excluding max-min time: 18.33s

presolve objective value: -578.6390361505593
w_opt: 1-dimensional DenseAxisArray{Float64,1,...} with index sets:
    Dimension 1, [(25, 1, 2), (25, 1, 1), (25, 1, 14), (20, 1, 2), (20, 1, 1), (20, 1, 14), (1, 1, 2), (1, 1, 1), (1, 1, 14), (2, 1, 2)  …  (20, 15, 23), (20, 15, 3), (8, 15, 30), (8, 15, 29), (8, 15, 23), (8, 15, 3), (2, 15, 30), (2, 15, 29), (2, 15, 23), (2, 15, 3)]
And data, a 261-element Vector{Float64}:
 1.1796102891217985
 1.8203897108782015
 0.0
 0.8203897108782016
 1.2660359123391975
 0.0
 0.0
 0.0
 0.0
 0.0
 0.0
 0.0
 0.0
 0.0
 0.0
 0.0
 1.0299829379509398
 0.32542359151573635
 0.0
 1.6445934705333238
 0.0
 0.0
 0.0
 0.0
 0.0
 0.0
 0.0
 0.0
 0.0
 2.2940048438217713
 1.4161087115356175
 0.0
 0.0
 0.0
 0.0
 0.0
 0.0
 0.0
 0.0
 0.0
 0.0
 2.061401685644904
 1.2725208025945889
 0.0
 0.0
 0.0
 0.0
 0.0
 0.0
 0.0
 0.0
 0.0
 0.0
 0.0
 0.0
 0.0
 0.0
 0.0
 0.0
 2.0
 1.0
 0.0
 0.0
 0.0
 0.0
 0.0
 0.0
 0.0
 0.0
 0.0
 0.0
 0.7499999999999999
 2.25
 0.0
 0.16541946098160418
 0.4962583829448126
 0.0
 0.5799687855408004
 1.7399063566224013
 0.0
 0.0
 0.0
 0.0
 0.0
 0.0
 0.0
 0.0
 0.0
 0.0
 0.0
 0.0
 0.0
 0.5046117534775957
 1.5138352604327874
 0.0
 0.0
 0.0
 0.0
 0.0
 0.0
 0.0
 2.0
 0.9756017757071791
 0.0243982242928208
 0.0
 0.0
 0.0
 0.0
 0.0
 0.0
 0.0
 0.0
 0.0
 0.0
 0.0
 0.0
 0.0
 0.0
 4.118254575326833
 1.3560051753049833
 0.0
 0.01674634980396005
 0.0
 1.8817454246731675
 0.6195966004021947
 0.0
 0.007651874488861012
 0.0
 0.0
 0.0
 0.0
 0.0
 0.0
 0.0
 0.0
 0.0
 0.0
 0.0
 0.0
 0.0
 0.0
 0.0
 0.0
 0.0
 0.0
 0.0
 0.0
 0.0
 0.0
 0.0
 0.0
 0.0
 0.0
 0.453416571891199
 0.2267082859455995
 0.0
 0.0
 1.5465834281088011
 0.7732917140544007
 0.0
 0.0
 0.0
 0.0
 0.0
 0.0
 0.0
 0.0
 0.0
 0.0
 0.0
 0.0
 0.0
 0.0
 1.5426849056345346
 0.0
 0.0
 0.0
 0.8925234761761954
 0.0
 0.0
 0.0
 0.0
 0.0
 0.0
 0.0
 0.0
 0.0
 0.0
 0.0
 0.0
 0.0
 0.0
 0.0
 0.0
 1.1074765238238045
 0.9194751463799857
 0.9730483297962099
 0.0
 0.0
 0.0
 0.0
 0.0
 0.0
 0.0
 0.0
 0.0
 1.402805075501167
 0.7014025377505835
 0.0
 0.597194924498833
 0.2985974622494165
 0.0
 0.0
 0.0
 0.0
 0.0
 0.0
 0.0
 0.0
 0.0
 0.0
 0.0
 0.0
 0.0
 0.0
 0.6579525029021673
 0.6397572672792378
 0.0
 0.0
 0.0
 0.0
 0.0
 0.0
 0.0
 0.0
 0.0
 0.0
 0.0
 0.0
 0.0
 0.0
 0.0
 0.0
 0.0
 0.0
 0.0
 0.0
 0.0
 0.0
 0.0
 0.0
 0.0
 0.0
 0.0
 0.0
 0.0
 0.0
 0.0
 0.0
 0.0
 0.0
x_ij_opt: 1-dimensional DenseAxisArray{Float64,1,...} with index sets:
    Dimension 1, [(43, 30), (43, 22), (43, 6), (44, 22), (45, 30), (45, 29), (45, 28), (45, 24), (45, 23), (40, 29)  …  (5, 7), (5, 14), (6, 4), (6, 3), (1, 14), (1, 10), (1, 23), (1, 1), (3, 2), (3, 1)]
And data, a 116-element Vector{Float64}:
 0.16852172707019053
 0.45731509436546536
 1.6382313310250336
 0.0
 1.8314782729298096
 0.0
 1.3420474970978329
 0.0
 0.0
 0.0
 0.0
 0.0
 0.0
 0.0
 0.0
 0.0
 0.0
 0.0
 0.267934863497717
 0.0
 0.3220705082596703
 0.0
 0.0
 0.0
 0.0
 0.0
 0.0
 2.0
 0.0
 2.3383221560735836
 0.0
 0.0
 0.0
 0.0
 0.0
 0.0
 0.0
 0.0
 0.0
 0.0
 0.0
 0.0
 0.0
 0.3617686689749663
 0.0
 0.0
 0.0
 0.0
 0.0
 0.0
 0.0
 0.0
 0.0
 0.0
 0.0
 0.5647916181892695
 0.0
 0.0
 0.0
 2.0
 0.0
 0.0
 0.0
 0.0
 6.0
 0.0
 0.0
 0.0
 0.0
 0.732065136502283
 0.0
 0.0
 0.0
 0.0
 0.0
 0.0
 0.36024273272076235
 0.8874279449052684
 0.0
 0.0
 0.0
 0.0
 0.0
 0.0
 0.0
 0.0
 0.0
 0.0
 0.0
 0.0
 0.9700170620490605
 1.1125720550947316
 0.0
 0.0
 0.0
 0.0
 0.0
 0.0
 0.0
 0.6745764084842636
 0.0
 0.0
 0.0
 0.0
 0.0
 0.0
 0.0
 0.0
 0.0
 0.0
 0.0
 0.0
 0.08052485362001421
 2.56710564423011
 0.0
 0.0
x_il_opt: 1-dimensional DenseAxisArray{Float64,1,...} with index sets:
    Dimension 1, [(43, 15), (43, 14), (44, 15), (44, 13), (44, 3), (40, 14), (40, 2), (41, 14), (42, 6), (37, 13)  …  (4, 13), (5, 2), (5, 7), (5, 9), (6, 11), (1, 1), (1, 6), (1, 3), (2, 1), (2, 15)]
And data, a 71-element Vector{Float64}:
 0.0
 0.0
 0.0
 2.1042076132517504
 3.7101135553573887
 1.297709770181405
 0.0
 0.0
 3.0
 0.8957923867482497
 0.0
 3.0
 0.0
 0.0
 0.6616778439264167
 0.0
 0.0
 0.0
 5.491006100435777
 0.0
 0.0
 0.0
 3.0
 0.6801248578367984
 2.319875142163202
 0.0
 2.5089938995642234
 0.0
 2.4352083818107304
 0.0
 3.0
 0.0
 0.0
 0.0
 0.0
 0.0
 0.0
 0.0
 2.086425623217399
 0.0
 0.0
 0.0
 3.0
 0.0
 0.0
 2.319875142163202
 0.0
 3.0
 0.0
 0.0
 0.0
 0.0
 0.0
 0.0
 0.0
 0.0
 0.0
 0.0
 0.0
 0.0
 0.0
 0.0
 0.0
 0.0
 0.0
 0.0
 0.0
 2.018447013910383
 3.333922488239493
 0.0
 0.0
x_lj_opt: 1-dimensional DenseAxisArray{Float64,1,...} with index sets:
    Dimension 1, [(15, 30), (15, 29), (15, 23), (15, 3), (14, 28), (14, 27), (14, 10), (14, 24), (13, 26), (13, 25)  …  (3, 6), (3, 5), (3, 29), (2, 4), (2, 3), (2, 1), (2, 5), (1, 2), (1, 1), (1, 14)]
And data, a 53-element Vector{Float64}:
 0.0
 0.0
 0.0
 0.0
 0.6579525029021673
 0.6397572672792378
 0.0
 0.0
 2.0
 1.0
 0.0
 1.1074765238238045
 0.9194751463799858
 0.9730483297962099
 1.5426849056345346
 0.0
 0.0
 0.0
 0.8925234761761954
 0.0
 0.0
 2.0
 1.0
 0.0
 0.0
 0.0
 6.0
 1.975601775707178
 0.0
 0.024398224292820986
 2.0
 0.9756017757071791
 0.0243982242928208
 2.0
 6.0
 0.0
 2.0
 1.0
 0.0
 0.0
 0.0
 0.0
 0.0
 0.0
 4.355406529466676
 2.688629514130207
 1.0299829379509398
 0.32542359151573635
 0.0
 1.6445934705333238
 2.0
 3.0864256232173988
 0.0
q_opt: 1-dimensional DenseAxisArray{Float64,1,...} with index sets:
    Dimension 1, [(43, 15), (43, 14), (44, 15), (44, 13), (44, 3), (40, 14), (40, 2), (41, 14), (42, 6), (37, 13)  …  (4, 13), (5, 2), (5, 7), (5, 9), (6, 11), (1, 1), (1, 6), (1, 3), (2, 1), (2, 15)]
And data, a 71-element Vector{Float64}:
 0.0
 0.0
 0.0
 0.7014025377505835
 0.5267028067992253
 1.0
 0.0
 0.0
 0.37499999999999994
 0.2985974622494165
 0.0
 1.0
 0.0
 0.0
 0.08270973049080209
 0.0
 0.0
 0.0
 0.6863757625544721
 0.0
 0.0
 0.0
 1.0
 0.2267082859455995
 0.2899843927704002
 0.0
 0.3136242374455279
 0.0
 1.0
 1.0
 0.5898051445608993
 0.0
 0.0
 0.0
 0.0
 0.0
 0.0
 0.0
 0.4101948554391008
 0.0
 0.0
 0.0
 1.0
 0.0
 0.0
 0.7732917140544007
 0.0
 1.0
 0.0
 0.0
 0.0
 0.0
 0.0
 0.0
 0.0
 1.0
 0.0
 0.0
 0.0
 1.0
 0.0
 0.0
 0.0
 0.0
 0.0
 0.0
 0.0
 0.25230587673879784
 0.47329719320077446
 0.0
 0.0
