
PROBLEM STATISTICS
  Objective sense = Min
  # Variables = 572
  # Bin-Int Variables = 0
  # Constraints = 621
  # NL Constraints = 261
  # Linear Constraints = 360
  # Detected convex constraints = 0
  # Detected nonlinear terms = 261
  # Variables involved in nonlinear terms = 124
  # Potential variables for partitioning = 124
SUB-SOLVERS USED BY ALPINE
  NLP local solver = Knitro
  MIP solver = Gurobi
ALPINE CONFIGURATION
  Maximum iterations (lower-bounding MIPs) =  1
  Relative global optimality gap = 0.01%
  Potential variables chosen for partitioning = All
  Discretization ratio = 10
  Bound-tightening presolve = false
PRESOLVE 
  Doing local search

Feasible solution found during presolve: [1.1491042252616621, 0.0, 0.0, 0.8508957747383378, 0.0, 0.0, 0.0, 0.0, 0.0, 0.0, 0.0, 0.0, 0.0, 0.0, 0.0, 0.0, 2.0, 0.0, 0.0, 1.0, 0.0, 0.0, 0.0, 0.0, 0.0, 0.0, 0.0, 0.0, 0.036919874859681276, 1.4062163864245805, 0.8068099569950671, 0.0, 0.0, 0.0, 0.0943539291441003, 3.5937836135754195, 2.0619162390011514, 0.0, 0.0, 0.0, 0.0, 0.0, 0.0, 0.0, 0.0, 0.0, 0.0, 0.0, 0.0, 0.0, 0.0, 0.0, 0.0, 0.0, 0.0, 0.0, 0.0, 0.0, 0.0, 2.0, 1.0, 0.0, 0.0, 0.0, 0.0, 0.0, 0.0, 0.0, 0.0, 0.0, 0.0, 0.0, 0.0, 0.0, 0.7382103053034232, 2.2146309159102695, 0.0, 0.5057954784316384, 1.5173864352949153, 0.0, 0.0, 0.0, 0.0, 0.0, 0.0, 0.0, 0.0, 0.0, 0.0, 0.0, 0.0, 0.0, 0.7559942162649385, 2.2679826487948156, 0.0, 0.0, 0.0, 0.0, 0.0, 0.0, 0.0, 1.0553649245977612, 0.7240685384828548, 0.9732781083240978, 0.09480816534119635, 0.06504632484446603, 0.08743393840962407, 0.0, 0.0, 0.0, 0.0, 0.0, 0.0, 0.0, 0.0, 0.0, 0.0, 0.0, 3.5923113916036584, 3.690813289455337, 0.0, 0.0, 0.0, 0.35358990644340194, 0.3632854124976041, 0.0, 0.0, 0.0, 0.0, 0.0, 0.0, 0.0, 0.0, 0.0, 0.0, 0.0, 0.0, 0.0, 0.0, 0.0, 0.0, 0.0, 0.0, 0.0, 0.0, 0.0, 0.0, 0.0, 0.0, 0.0, 0.0, 0.09360554919842153, 0.0, 0.6512120575156308, 0.3256060287578154, 0.0, 0.0, 1.3487879424843694, 0.6743939712421847, 0.0, 0.0, 0.0, 0.0, 0.0, 0.0, 0.0, 0.0, 0.0, 0.0, 0.0, 0.0, 0.0, 0.0, 1.9839784684197894, 0.0, 0.0, 0.0, 0.5782504006744205, 0.0, 0.0, 0.0, 0.0, 0.0, 0.0, 0.0, 0.0, 0.0, 0.0, 0.0, 0.0, 0.0, 0.0, 0.0, 0.0, 1.4217495993255795, 0.9632648183260325, 0.6149855823483881, 0.0, 0.0, 0.0, 0.0, 0.0, 0.0, 0.0, 0.0, 0.0, 1.5432176359904577, 0.7716088179952286, 0.0, 0.4567823640095425, 0.22839118200477118, 0.0, 0.0, 0.0, 0.0, 0.0, 0.0, 0.0, 0.0, 0.0, 0.0, 0.0, 0.0, 0.0, 0.0, 0.579081489579083, 0.5775910901750573, 0.0, 0.0, 0.0, 0.0, 0.0, 0.0, 0.0, 0.0, 0.0, 0.0, 0.0, 0.0, 0.0, 0.0, 0.0, 0.0, 0.0, 0.0, 0.0, 0.0, 0.0, 0.0, 0.0, 0.0, 0.0, 0.0, 0.0, 0.0, 0.0, 0.0, 1.885448860965032, 2.516288221655393, 0.0, 1.0, 0.0, 0.0, 0.0, 2.3148264539856864, 2.249946218279329, 1.1566725797541402, 0.0, 0.0, 0.0, 0.6851735460143137, 0.0, 3.0, 0.0, 0.0, 2.952841221213693, 0.0, 0.0, 0.0, 7.283124681058995, 0.0, 0.0, 0.0, 3.0, 0.9768180862734462, 2.0231819137265536, 0.0, 0.7168753189410062, 0.0, 2.56222886909421, 0.0, 1.1491042252616621, 0.0, 0.0, 0.0, 0.0, 0.0, 0.0, 0.0, 0.8508957747383378, 0.0, 0.0, 0.0, 3.0, 0.0, 0.0, 2.023181913726554, 0.0, 2.7527115714047143, 0.0, 0.0, 0.0, 0.0, 0.0, 0.0, 0.0, 0.0, 0.0, 5.750053781720671, 0.0, 0.0, 0.0, 0.0, 0.0, 0.24728842859528646, 0.09360554919842153, 0.0, 0.0, 3.023976865059754, 0.0, 0.0, 5.401737082620426, 1.885448860965032, 2.516288221655393, 0.0, 1.0, 0.579081489579083, 0.5775910901750573, 0.0, 0.0, 2.0, 1.0, 0.0, 1.4217495993255795, 0.9632648183260325, 0.6149855823483881, 1.9839784684197894, 0.0, 0.0, 0.0, 0.5782504006744205, 0.0, 0.0, 2.0, 1.0, 0.09360554919842153, 0.0, 0.0, 3.94590129804706, 4.054098701952941, 0.0, 0.0, 1.1501730899389573, 0.7891148633273206, 1.0607120467337219, 2.0, 6.0, 0.0, 2.0, 1.0, 0.0, 0.0, 0.0, 0.0, 0.0, 0.13127380400378158, 5.0, 2.8687261959962185, 2.0, 0.0, 0.0, 1.0, 2.0, 0.0, 0.0, 0.0, 0.01602153158021065, 1.1518508770552134, 0.0, 0.11455113903496802, 0.0, 1.420918510420917, 0.0, 0.0, 0.0, 0.0, 0.0, 0.0, 0.0, 0.0, 0.0, 0.0, 0.0, 0.2168874339642178, 0.0, 0.0, 0.0, 0.0, 0.0, 0.0, 0.0, 0.0, 2.0, 0.0, 0.0, 0.0, 0.0, 0.0, 0.0, 0.0, 0.0, 0.0, 0.0, 0.0, 0.0, 0.0, 0.0, 0.0, 0.7168753189410049, 0.0, 0.0, 0.0, 0.0, 0.0, 0.0, 0.0, 0.0, 0.0, 0.0, 0.0, 0.4377711309057899, 0.0, 1.640010638065659, 0.21088513667267936, 1.9063944508015784, 0.0, 0.0, 0.0, 0.0, 6.0, 0.0, 0.414088063887281, 0.0, 0.0, 0.7831125660357822, 0.0, 0.0, 0.0, 0.0, 0.0, 0.0, 0.42240890982494267, 0.95229310255596, 0.0, 0.0, 0.0, 0.0, 0.0, 0.0, 0.0, 0.0, 0.0, 0.0, 0.0, 0.0, 0.0, 1.0477068974440402, 0.0, 0.0, 0.0, 0.0, 0.0, 0.0, 0.0, 0.0, 0.0, 0.0, 0.0, 0.0, 0.0, 0.8498269100610429, 0.0, 0.0, 0.0, 0.0, 0.0, 0.0, 0.0367351816739675, 4.939287953266279, 0.0, 0.0, 0.0, 0.0, 0.0, 0.7716088179952288, 0.2812432772849161, 1.0, 0.0, 0.0, 0.0, 0.22839118200477124, 0.0, 1.0, 0.0, 0.0, 0.3691051526517116, 0.0, 0.0, 0.0, 0.9103905851323744, 0.0, 1.0, 0.0, 1.0, 0.3256060287578154, 0.2528977392158192, 0.0, 0.08960941486762575, 0.0, 1.0, 0.0, 0.5745521126308311, 0.0, 0.0, 0.0, 0.0, 0.0, 0.0, 0.0, 0.4254478873691689, 0.0, 0.0, 0.0, 1.0, 0.0, 0.0, 0.6743939712421847, 0.0, 0.9175705238015714, 0.0, 0.0, 0.0, 0.0, 0.0, 0.0, 0.0, 0.0, 0.0, 0.7187567227150838, 0.0, 0.0, 0.0, 0.0, 0.0, 0.08242947619842883, 1.0, 0.0, 0.0, 0.37799710813246923, 0.0, 0.0, 1.0]  :with objective: -630.6543360481493

  Local solver returns a feasible point with value -630.6543
disc:  333  :[0.0, 1.685448860965032, 2.0]
disc:  334  :[0.0, 1.916288221655393, 3.116288221655393, 6.0]
disc:  335  :[0.0, 0.1, 1.0]
disc:  336  :[0.0, 0.9, 1.0]
disc:  337  :[0.0, 0.379081489579083, 0.779081489579083, 2.0]
disc:  338  :[0.0, 0.4775910901750573, 0.6775910901750573, 1.0]
disc:  339  :[0.0, 0.2, 2.0]
disc:  340  :[0.0, 0.2, 2.0]
disc:  341  :[0.0, 1.8, 2.0]
disc:  342  :[0.0, 0.9, 1.0]
disc:  343  :[0.0, 0.2, 2.0]
disc:  344  :[0.0, 1.2217495993255796, 1.6217495993255795, 2.0]
disc:  345  :[0.0, 0.8632648183260325, 1.0]
disc:  346  :[0.0, 0.3149855823483881, 0.9149855823483881, 3.0]
disc:  347  :[0.0, 1.7839784684197895, 2.0]
disc:  348  :[0.0, 0.6, 6.0]
disc:  349  :[0.0, 0.2, 2.0]
disc:  350  :[0.0, 0.1, 1.0]
disc:  351  :[0.0, 0.37825040067442045, 0.7782504006744204, 2.0]
disc:  352  :[0.0, 0.6, 6.0]
disc:  353  :[0.0, 0.1, 1.0]
disc:  354  :[0.0, 1.8, 2.0]
disc:  355  :[0.0, 0.9, 1.0]
disc:  356  :[0.0, 0.2936055491984215, 2.0]
disc:  357  :[0.0, 0.1, 1.0]
disc:  358  :[0.0, 0.2, 2.0]
disc:  359  :[0.0, 3.34590129804706, 4.54590129804706, 6.0]
disc:  360  :[0.0, 3.4540987019529408, 4.6540987019529405, 6.0]
disc:  361  :[0.0, 0.2, 2.0]
disc:  362  :[0.0, 0.1, 1.0]
disc:  363  :[0.0, 0.9501730899389573, 1.3501730899389572, 2.0]
disc:  364  :[0.0, 0.6891148633273206, 0.8891148633273206, 1.0]
disc:  365  :[0.0, 0.7607120467337218, 1.360712046733722, 3.0]
disc:  366  :[0.0, 1.8, 2.0]
disc:  367  :[0.0, 5.4, 6.0]
disc:  368  :[0.0, 0.2, 2.0]
disc:  369  :[0.0, 1.8, 2.0]
disc:  370  :[0.0, 0.9, 1.0]
disc:  371  :[0.0, 0.2, 2.0]
disc:  372  :[0.0, 0.2, 2.0]
disc:  373  :[0.0, 0.2, 2.0]
disc:  374  :[0.0, 0.6, 6.0]
disc:  375  :[0.0, 0.2, 2.0]
disc:  376  :[0.0, 0.3312738040037816, 2.0]
disc:  377  :[0.0, 4.4, 5.6, 6.0]
disc:  378  :[0.0, 2.2687261959962184, 3.4687261959962186, 6.0]
disc:  379  :[0.0, 1.8, 2.0]
disc:  380  :[0.0, 0.1, 1.0]
disc:  381  :[0.0, 0.3, 3.0]
disc:  382  :[0.0, 0.7, 1.3, 3.0]
disc:  383  :[0.0, 1.8, 2.0]
disc:  384  :[0.0, 0.6, 6.0]
disc:  385  :[0.0, 0.2, 2.0]
disc:  502  :[0.0, 0.1, 1.0]
disc:  503  :[0.0, 0.1, 1.0]
disc:  504  :[0.0, 0.1, 1.0]
disc:  505  :[0.0, 0.6716088179952289, 0.8716088179952288, 1.0]
disc:  506  :[0.0, 0.1812432772849161, 0.38124327728491614, 1.0]
disc:  507  :[0.0, 0.9, 1.0]
disc:  508  :[0.0, 0.1, 1.0]
disc:  509  :[0.0, 0.1, 1.0]
disc:  510  :[0.0, 0.1, 1.0]
disc:  511  :[0.0, 0.12839118200477123, 0.32839118200477124, 1.0]
disc:  512  :[0.0, 0.1, 1.0]
disc:  513  :[0.0, 0.9, 1.0]
disc:  514  :[0.0, 0.1, 1.0]
disc:  515  :[0.0, 0.1, 1.0]
disc:  516  :[0.0, 0.26910515265171164, 0.4691051526517116, 1.0]
disc:  517  :[0.0, 0.1, 1.0]
disc:  518  :[0.0, 0.1, 1.0]
disc:  519  :[0.0, 0.1, 1.0]
disc:  520  :[0.0, 0.8103905851323744, 1.0]
disc:  521  :[0.0, 0.1, 1.0]
disc:  522  :[0.0, 0.9, 1.0]
disc:  523  :[0.0, 0.1, 1.0]
disc:  524  :[0.0, 0.9, 1.0]
disc:  525  :[0.0, 0.2256060287578154, 0.4256060287578154, 1.0]
disc:  526  :[0.0, 0.1528977392158192, 0.35289773921581924, 1.0]
disc:  527  :[0.0, 0.1, 1.0]
disc:  528  :[0.0, 0.18960941486762575, 1.0]
disc:  529  :[0.0, 0.1, 1.0]
disc:  530  :[0.0, 0.9, 1.0]
disc:  531  :[0.0, 0.1, 1.0]
disc:  532  :[0.0, 0.4745521126308311, 0.674552112630831, 1.0]
disc:  533  :[0.0, 0.1, 1.0]
disc:  534  :[0.0, 0.1, 1.0]
disc:  535  :[0.0, 0.1, 1.0]
disc:  536  :[0.0, 0.1, 1.0]
disc:  537  :[0.0, 0.1, 1.0]
disc:  538  :[0.0, 0.1, 1.0]
disc:  539  :[0.0, 0.1, 1.0]
disc:  540  :[0.0, 0.32544788736916885, 0.5254478873691689, 1.0]
disc:  541  :[0.0, 0.1, 1.0]
disc:  542  :[0.0, 0.1, 1.0]
disc:  543  :[0.0, 0.1, 1.0]
disc:  544  :[0.0, 0.9, 1.0]
disc:  545  :[0.0, 0.1, 1.0]
disc:  546  :[0.0, 0.1, 1.0]
disc:  547  :[0.0, 0.5743939712421847, 0.7743939712421847, 1.0]
disc:  548  :[0.0, 0.1, 1.0]
disc:  549  :[0.0, 0.8175705238015715, 1.0]
disc:  550  :[0.0, 0.1, 1.0]
disc:  551  :[0.0, 0.1, 1.0]
disc:  552  :[0.0, 0.1, 1.0]
disc:  553  :[0.0, 0.1, 1.0]
disc:  554  :[0.0, 0.1, 1.0]
disc:  555  :[0.0, 0.1, 1.0]
disc:  556  :[0.0, 0.1, 1.0]
disc:  557  :[0.0, 0.1, 1.0]
disc:  558  :[0.0, 0.1, 1.0]
disc:  559  :[0.0, 0.6187567227150839, 0.8187567227150838, 1.0]
disc:  560  :[0.0, 0.1, 1.0]
disc:  561  :[0.0, 0.1, 1.0]
disc:  562  :[0.0, 0.1, 1.0]
disc:  563  :[0.0, 0.1, 1.0]
disc:  564  :[0.0, 0.1, 1.0]
disc:  565  :[0.0, 0.18242947619842884, 1.0]
disc:  566  :[0.0, 0.9, 1.0]
disc:  567  :[0.0, 0.1, 1.0]
disc:  568  :[0.0, 0.1, 1.0]
disc:  569  :[0.0, 0.27799710813246925, 0.4779971081324692, 1.0]
disc:  570  :[0.0, 0.1, 1.0]
disc:  571  :[0.0, 0.1, 1.0]
disc:  572  :[0.0, 0.9, 1.0]
  Completed presolve in 10.06s
LOWER-BOUNDING ITERATIONS
====================================================================================================
| Iter   | Incumbent       | Best Incumbent      | Lower Bound        | Gap (%)         | Time      
| finish | -630.6543       | -630.6543           | -636.4867          | 0.925           | 22.96s           
Final UBD: -630.6543360481493
Final LBD: -636.4867182715195
====================================================================================================

*** Alpine ended with status OTHER_LIMIT ***

 Total time for local solves: 7.63s

 Total time for solving max-min problems: 0.0s

 Total time excluding max-min time: 22.96s

presolve objective value: -630.6543360481493
w_opt: 1-dimensional DenseAxisArray{Float64,1,...} with index sets:
    Dimension 1, [(25, 1, 2), (25, 1, 1), (25, 1, 14), (20, 1, 2), (20, 1, 1), (20, 1, 14), (1, 1, 2), (1, 1, 1), (1, 1, 14), (2, 1, 2)  …  (20, 15, 23), (20, 15, 3), (8, 15, 30), (8, 15, 29), (8, 15, 23), (8, 15, 3), (2, 15, 30), (2, 15, 29), (2, 15, 23), (2, 15, 3)]
And data, a 261-element Vector{Float64}:
 1.1491042252616621
 0.0
 0.0
 0.8508957747383378
 0.0
 0.0
 0.0
 0.0
 0.0
 0.0
 0.0
 0.0
 0.0
 0.0
 0.0
 0.0
 2.0
 0.0
 0.0
 1.0
 0.0
 0.0
 0.0
 0.0
 0.0
 0.0
 0.0
 0.0
 0.036919874859681276
 1.4062163864245805
 0.8068099569950671
 0.0
 0.0
 0.0
 0.0943539291441003
 3.5937836135754195
 2.0619162390011514
 0.0
 0.0
 0.0
 0.0
 0.0
 0.0
 0.0
 0.0
 0.0
 0.0
 0.0
 0.0
 0.0
 0.0
 0.0
 0.0
 0.0
 0.0
 0.0
 0.0
 0.0
 0.0
 2.0
 1.0
 0.0
 0.0
 0.0
 0.0
 0.0
 0.0
 0.0
 0.0
 0.0
 0.0
 0.0
 0.0
 0.0
 0.7382103053034232
 2.2146309159102695
 0.0
 0.5057954784316384
 1.5173864352949153
 0.0
 0.0
 0.0
 0.0
 0.0
 0.0
 0.0
 0.0
 0.0
 0.0
 0.0
 0.0
 0.0
 0.7559942162649385
 2.2679826487948156
 0.0
 0.0
 0.0
 0.0
 0.0
 0.0
 0.0
 1.0553649245977612
 0.7240685384828548
 0.9732781083240978
 0.09480816534119635
 0.06504632484446603
 0.08743393840962407
 0.0
 0.0
 0.0
 0.0
 0.0
 0.0
 0.0
 0.0
 0.0
 0.0
 0.0
 3.5923113916036584
 3.690813289455337
 0.0
 0.0
 0.0
 0.35358990644340194
 0.3632854124976041
 0.0
 0.0
 0.0
 0.0
 0.0
 0.0
 0.0
 0.0
 0.0
 0.0
 0.0
 0.0
 0.0
 0.0
 0.0
 0.0
 0.0
 0.0
 0.0
 0.0
 0.0
 0.0
 0.0
 0.0
 0.0
 0.0
 0.09360554919842153
 0.0
 0.6512120575156308
 0.3256060287578154
 0.0
 0.0
 1.3487879424843694
 0.6743939712421847
 0.0
 0.0
 0.0
 0.0
 0.0
 0.0
 0.0
 0.0
 0.0
 0.0
 0.0
 0.0
 0.0
 0.0
 1.9839784684197894
 0.0
 0.0
 0.0
 0.5782504006744205
 0.0
 0.0
 0.0
 0.0
 0.0
 0.0
 0.0
 0.0
 0.0
 0.0
 0.0
 0.0
 0.0
 0.0
 0.0
 0.0
 1.4217495993255795
 0.9632648183260325
 0.6149855823483881
 0.0
 0.0
 0.0
 0.0
 0.0
 0.0
 0.0
 0.0
 0.0
 1.5432176359904577
 0.7716088179952286
 0.0
 0.4567823640095425
 0.22839118200477118
 0.0
 0.0
 0.0
 0.0
 0.0
 0.0
 0.0
 0.0
 0.0
 0.0
 0.0
 0.0
 0.0
 0.0
 0.579081489579083
 0.5775910901750573
 0.0
 0.0
 0.0
 0.0
 0.0
 0.0
 0.0
 0.0
 0.0
 0.0
 0.0
 0.0
 0.0
 0.0
 0.0
 0.0
 0.0
 0.0
 0.0
 0.0
 0.0
 0.0
 0.0
 0.0
 0.0
 0.0
 0.0
 0.0
 0.0
 0.0
 1.885448860965032
 2.516288221655393
 0.0
 1.0
x_ij_opt: 1-dimensional DenseAxisArray{Float64,1,...} with index sets:
    Dimension 1, [(43, 30), (43, 22), (43, 6), (44, 22), (45, 30), (45, 29), (45, 28), (45, 24), (45, 23), (40, 29)  …  (5, 7), (5, 14), (6, 4), (6, 3), (1, 14), (1, 10), (1, 23), (1, 1), (3, 2), (3, 1)]
And data, a 116-element Vector{Float64}:
 0.0
 0.01602153158021065
 1.1518508770552134
 0.0
 0.11455113903496802
 0.0
 1.420918510420917
 0.0
 0.0
 0.0
 0.0
 0.0
 0.0
 0.0
 0.0
 0.0
 0.0
 0.0
 0.2168874339642178
 0.0
 0.0
 0.0
 0.0
 0.0
 0.0
 0.0
 0.0
 2.0
 0.0
 0.0
 0.0
 0.0
 0.0
 0.0
 0.0
 0.0
 0.0
 0.0
 0.0
 0.0
 0.0
 0.0
 0.0
 0.7168753189410049
 0.0
 0.0
 0.0
 0.0
 0.0
 0.0
 0.0
 0.0
 0.0
 0.0
 0.0
 0.4377711309057899
 0.0
 1.640010638065659
 0.21088513667267936
 1.9063944508015784
 0.0
 0.0
 0.0
 0.0
 6.0
 0.0
 0.414088063887281
 0.0
 0.0
 0.7831125660357822
 0.0
 0.0
 0.0
 0.0
 0.0
 0.0
 0.42240890982494267
 0.95229310255596
 0.0
 0.0
 0.0
 0.0
 0.0
 0.0
 0.0
 0.0
 0.0
 0.0
 0.0
 0.0
 0.0
 1.0477068974440402
 0.0
 0.0
 0.0
 0.0
 0.0
 0.0
 0.0
 0.0
 0.0
 0.0
 0.0
 0.0
 0.0
 0.8498269100610429
 0.0
 0.0
 0.0
 0.0
 0.0
 0.0
 0.0367351816739675
 4.939287953266279
 0.0
 0.0
x_il_opt: 1-dimensional DenseAxisArray{Float64,1,...} with index sets:
    Dimension 1, [(43, 15), (43, 14), (44, 15), (44, 13), (44, 3), (40, 14), (40, 2), (41, 14), (42, 6), (37, 13)  …  (4, 13), (5, 2), (5, 7), (5, 9), (6, 11), (1, 1), (1, 6), (1, 3), (2, 1), (2, 15)]
And data, a 71-element Vector{Float64}:
 0.0
 0.0
 0.0
 2.3148264539856864
 2.249946218279329
 1.1566725797541402
 0.0
 0.0
 0.0
 0.6851735460143137
 0.0
 3.0
 0.0
 0.0
 2.952841221213693
 0.0
 0.0
 0.0
 7.283124681058995
 0.0
 0.0
 0.0
 3.0
 0.9768180862734462
 2.0231819137265536
 0.0
 0.7168753189410062
 0.0
 2.56222886909421
 0.0
 1.1491042252616621
 0.0
 0.0
 0.0
 0.0
 0.0
 0.0
 0.0
 0.8508957747383378
 0.0
 0.0
 0.0
 3.0
 0.0
 0.0
 2.023181913726554
 0.0
 2.7527115714047143
 0.0
 0.0
 0.0
 0.0
 0.0
 0.0
 0.0
 0.0
 0.0
 5.750053781720671
 0.0
 0.0
 0.0
 0.0
 0.0
 0.24728842859528646
 0.09360554919842153
 0.0
 0.0
 3.023976865059754
 0.0
 0.0
 5.401737082620426
x_lj_opt: 1-dimensional DenseAxisArray{Float64,1,...} with index sets:
    Dimension 1, [(15, 30), (15, 29), (15, 23), (15, 3), (14, 28), (14, 27), (14, 10), (14, 24), (13, 26), (13, 25)  …  (3, 6), (3, 5), (3, 29), (2, 4), (2, 3), (2, 1), (2, 5), (1, 2), (1, 1), (1, 14)]
And data, a 53-element Vector{Float64}:
 1.885448860965032
 2.516288221655393
 0.0
 1.0
 0.579081489579083
 0.5775910901750573
 0.0
 0.0
 2.0
 1.0
 0.0
 1.4217495993255795
 0.9632648183260325
 0.6149855823483881
 1.9839784684197894
 0.0
 0.0
 0.0
 0.5782504006744205
 0.0
 0.0
 2.0
 1.0
 0.09360554919842153
 0.0
 0.0
 3.94590129804706
 4.054098701952941
 0.0
 0.0
 1.1501730899389573
 0.7891148633273206
 1.0607120467337219
 2.0
 6.0
 0.0
 2.0
 1.0
 0.0
 0.0
 0.0
 0.0
 0.0
 0.13127380400378158
 5.0
 2.8687261959962185
 2.0
 0.0
 0.0
 1.0
 2.0
 0.0
 0.0
q_opt: 1-dimensional DenseAxisArray{Float64,1,...} with index sets:
    Dimension 1, [(43, 15), (43, 14), (44, 15), (44, 13), (44, 3), (40, 14), (40, 2), (41, 14), (42, 6), (37, 13)  …  (4, 13), (5, 2), (5, 7), (5, 9), (6, 11), (1, 1), (1, 6), (1, 3), (2, 1), (2, 15)]
And data, a 71-element Vector{Float64}:
 0.0
 0.0
 0.0
 0.7716088179952288
 0.2812432772849161
 1.0
 0.0
 0.0
 0.0
 0.22839118200477124
 0.0
 1.0
 0.0
 0.0
 0.3691051526517116
 0.0
 0.0
 0.0
 0.9103905851323744
 0.0
 1.0
 0.0
 1.0
 0.3256060287578154
 0.2528977392158192
 0.0
 0.08960941486762575
 0.0
 1.0
 0.0
 0.5745521126308311
 0.0
 0.0
 0.0
 0.0
 0.0
 0.0
 0.0
 0.4254478873691689
 0.0
 0.0
 0.0
 1.0
 0.0
 0.0
 0.6743939712421847
 0.0
 0.9175705238015714
 0.0
 0.0
 0.0
 0.0
 0.0
 0.0
 0.0
 0.0
 0.0
 0.7187567227150838
 0.0
 0.0
 0.0
 0.0
 0.0
 0.08242947619842883
 1.0
 0.0
 0.0
 0.37799710813246923
 0.0
 0.0
 1.0
