
PROBLEM STATISTICS
  Objective sense = Min
  # Variables = 572
  # Bin-Int Variables = 0
  # Constraints = 621
  # NL Constraints = 261
  # Linear Constraints = 360
  # Detected convex constraints = 0
  # Detected nonlinear terms = 261
  # Variables involved in nonlinear terms = 124
  # Potential variables for partitioning = 124
SUB-SOLVERS USED BY ALPINE
  NLP local solver = Knitro
  MIP solver = Gurobi
ALPINE CONFIGURATION
  Maximum iterations (lower-bounding MIPs) =  1
  Relative global optimality gap = 0.01%
  Potential variables chosen for partitioning = All
  Discretization ratio = 10
  Bound-tightening presolve = false
PRESOLVE 
  Doing local search

Feasible solution found during presolve: [1.63649944363814, 0.0, 0.0, 0.3635005563618603, 0.0, 0.0, 0.0, 0.0, 0.0, 0.0, 0.0, 0.0, 0.0, 0.0, 0.0, 0.0, 1.31412948509372, 0.0, 0.0, 1.6858705149062798, 0.0, 0.0, 0.0, 0.0, 0.0, 0.0, 0.0, 0.0, 0.0, 0.41534911994131285, 0.11423472145217735, 0.0, 0.0, 0.0, 0.0, 3.8987803651524073, 1.072293325382109, 0.0, 0.0, 0.0, 0.0, 0.0, 0.0, 0.0, 0.0, 0.0, 0.0, 0.0, 0.0, 0.0, 0.0, 0.0, 0.0, 0.0, 0.0, 0.0, 0.0, 0.0, 0.0, 2.0, 1.0, 0.0, 0.0, 0.0, 0.0, 0.0, 0.0, 0.0, 0.0, 0.0, 0.0, 0.0, 0.0, 0.0, 0.7324811080261888, 2.197443324078567, 0.0, 0.5310573515825087, 1.593172054747526, 0.0, 0.0, 0.0, 0.0, 0.0, 0.0, 0.0, 0.0, 0.0, 0.0, 0.0, 0.0, 0.0, 0.7364615403913024, 2.209384621173907, 0.0, 0.0, 0.0, 0.0, 0.0, 0.0, 0.0, 0.825182973766025, 0.6527773000900896, 0.806797287664358, 0.25832319905111806, 0.20435167203902674, 0.252567567389383, 0.0, 0.0, 0.0, 0.0, 0.0, 0.0, 0.0, 0.0, 0.0, 0.0, 0.0, 4.369154173980503, 2.944200921676688, 0.0, 0.0, 0.0, 0.41021629752852024, 0.27642860681428927, 0.0, 0.0, 0.0, 0.0, 0.0, 0.0, 0.0, 0.0, 0.0, 0.0, 0.0, 0.0, 0.0, 0.0, 0.0, 0.0, 0.0, 0.0, 0.0, 0.0, 0.0, 0.0, 0.0, 0.0, 0.0, 0.0, 0.01580367032923273, 0.0, 0.5838470624466433, 0.2919235312233216, 0.0, 0.0, 1.4161529375533568, 0.7080764687766784, 0.0, 0.0, 0.0, 0.0, 0.0, 0.0, 0.0, 0.0, 0.0, 0.0, 0.0, 0.0, 0.0, 0.0, 2.0, 0.0, 0.0, 0.0, 0.8118522200592646, 0.0, 0.0, 0.0, 0.0, 0.0, 0.0, 0.0, 0.0, 0.0, 0.0, 0.0, 0.0, 0.0, 0.0, 0.0, 0.0, 1.1881477799407354, 0.8864813065114686, 0.0, 0.0, 0.0, 0.0, 0.0, 0.0, 0.0, 0.0, 0.0, 0.0, 1.4826312473167296, 0.7413156236583647, 0.0, 0.5173687526832705, 0.25868437634163527, 0.0, 0.0, 0.0, 0.0, 0.0, 0.0, 0.0, 0.0, 0.0, 0.0, 0.0, 0.0, 0.0, 0.0, 0.9183417237956532, 0.9692013709700421, 0.0, 0.0, 0.0, 0.0, 0.0, 0.0, 0.0, 0.0, 0.0, 0.0, 0.0, 0.0, 0.0, 0.0, 0.0, 0.0, 0.0, 0.0, 0.0, 0.0, 0.0, 0.0, 0.0, 0.0, 0.0, 0.0, 0.0, 0.0, 0.0, 0.0, 1.0739084649038635, 4.813471953165714, 0.0, 0.7585824226939066, 0.0, 0.0, 0.0, 2.2239468709750945, 0.5295838413934902, 1.8875430947656953, 0.0, 0.0, 0.0, 0.7760531290249059, 0.0, 2.074629086452204, 0.0, 0.0, 2.9299244321047553, 0.0, 0.0, 0.0, 7.313355095657191, 0.0, 0.0, 0.0, 3.0, 0.8757705936699649, 2.124229406330035, 0.0, 0.6866449043428096, 0.0, 2.8118522200592646, 0.0, 1.63649944363814, 0.0, 0.0, 0.0, 0.0, 0.0, 0.0, 0.0, 0.3635005563618603, 0.0, 0.0, 0.0, 3.0, 0.0, 0.0, 2.124229406330035, 0.0, 2.2847575615204727, 0.0, 0.0, 0.0, 0.0, 0.0, 0.0, 0.0, 0.0, 0.0, 4.971073690534516, 0.0, 0.0, 0.0, 0.0, 0.0, 0.7152424384795278, 0.01580367032923273, 0.0, 0.0, 2.9458461615652096, 0.0, 0.0, 6.645962840763484, 1.0739084649038635, 4.813471953165714, 0.0, 0.7585824226939066, 0.9183417237956532, 0.9692013709700421, 0.0, 0.0, 2.0, 1.0, 0.0, 1.1881477799407354, 0.8864813065114686, 0.0, 2.0, 0.0, 0.0, 0.0, 0.8118522200592646, 0.0, 0.0, 2.0, 1.0, 0.01580367032923273, 0.0, 0.0, 4.779370471509023, 3.2206295284909765, 0.0, 0.0, 1.083506172817143, 0.8571289721291163, 1.059364855053741, 2.0, 6.0, 0.0, 2.0, 1.0, 0.0, 0.0, 0.0, 0.0, 0.0, 0.0, 4.31412948509372, 1.1865280468342863, 1.31412948509372, 0.0, 0.0, 1.6858705149062798, 2.0, 0.0, 0.0, 0.0, 0.0, 1.3133550956571909, 0.0, 0.9260915350961366, 0.0, 1.081658276204347, 0.0, 0.0, 0.0, 0.0, 0.0, 0.0, 0.0, 0.0, 0.0, 0.0, 0.0, 0.24343101826326258, 0.0, 0.0, 0.0, 0.0, 0.0, 0.0, 0.0, 0.0, 2.0, 0.0, 0.0, 0.0, 0.0, 0.0, 0.0, 0.0, 0.0, 0.0, 0.0, 0.0, 0.0, 0.0, 0.0, 0.0, 0.6866449043428092, 0.0, 0.0, 0.0, 0.0, 0.0, 0.0, 0.0, 0.0, 0.0, 0.0, 0.0, 0.1881477799407354, 0.0, 1.220629528490977, 0.142871027870883, 1.9841963296707674, 0.0, 0.0, 0.0, 0.0, 6.0, 0.0, 0.0, 0.0, 0.0, 0.7565689817367375, 0.0, 0.0, 0.0, 0.0, 0.0, 0.0, 0.030798629029957947, 0.8016348784172924, 0.0, 0.0, 0.0, 0.0, 0.0, 0.0, 0.0, 0.0, 0.0, 0.0, 0.0, 0.0, 0.68587051490628, 1.1983651215827076, 0.0, 0.0, 0.0, 0.0, 0.0, 0.0, 0.0, 0.24141757730609334, 0.0, 0.0, 0.0, 0.0, 0.0, 0.9164938271828571, 0.0, 0.0, 0.0, 0.0, 0.0, 0.0, 0.11351869348853141, 4.940635144946259, 0.0, 0.0, 0.0, 0.0, 0.0, 0.7413156236583648, 0.096276461190244, 1.0, 0.0, 0.0, 0.0, 0.25868437634163527, 0.0, 1.0, 0.0, 0.0, 0.3662405540130944, 0.0, 0.0, 0.0, 0.9141693869571489, 0.0, 0.0, 0.0, 1.0, 0.29192353122332165, 0.26552867579125433, 0.0, 0.0858306130428512, 0.0, 1.0, 0.0, 0.81824972181907, 0.0, 0.0, 0.0, 0.0, 0.0, 0.0, 0.0, 0.18175027818093015, 0.0, 0.0, 0.0, 1.0, 0.0, 0.0, 0.7080764687766784, 0.0, 0.7615858538401574, 0.0, 0.0, 0.0, 0.0, 0.0, 0.0, 0.0, 1.0, 0.0, 0.903723538809756, 0.0, 0.0, 0.0, 0.0, 0.0, 0.2384141461598426, 1.0, 0.0, 0.0, 0.3682307701956512, 0.0, 0.0, 1.0]  :with objective: -618.2305164102033

  Local solver returns a feasible point with value -618.2305
disc:  333  :[0.0, 0.8739084649038635, 1.2739084649038634, 2.0]
disc:  334  :[0.0, 4.2134719531657145, 5.413471953165714, 6.0]
disc:  335  :[0.0, 0.1, 1.0]
disc:  336  :[0.0, 0.6585824226939067, 0.8585824226939066, 1.0]
disc:  337  :[0.0, 0.7183417237956531, 1.1183417237956532, 2.0]
disc:  338  :[0.0, 0.8692013709700421, 1.0]
disc:  339  :[0.0, 0.2, 2.0]
disc:  340  :[0.0, 0.2, 2.0]
disc:  341  :[0.0, 1.8, 2.0]
disc:  342  :[0.0, 0.9, 1.0]
disc:  343  :[0.0, 0.2, 2.0]
disc:  344  :[0.0, 0.9881477799407354, 1.3881477799407353, 2.0]
disc:  345  :[0.0, 0.7864813065114686, 0.9864813065114686, 1.0]
disc:  346  :[0.0, 0.3, 3.0]
disc:  347  :[0.0, 1.8, 2.0]
disc:  348  :[0.0, 0.6, 6.0]
disc:  349  :[0.0, 0.2, 2.0]
disc:  350  :[0.0, 0.1, 1.0]
disc:  351  :[0.0, 0.6118522200592647, 1.0118522200592646, 2.0]
disc:  352  :[0.0, 0.6, 6.0]
disc:  353  :[0.0, 0.1, 1.0]
disc:  354  :[0.0, 1.8, 2.0]
disc:  355  :[0.0, 0.9, 1.0]
disc:  356  :[0.0, 0.21580367032923276, 2.0]
disc:  357  :[0.0, 0.1, 1.0]
disc:  358  :[0.0, 0.2, 2.0]
disc:  359  :[0.0, 4.179370471509023, 5.379370471509023, 6.0]
disc:  360  :[0.0, 2.6206295284909764, 3.8206295284909766, 6.0]
disc:  361  :[0.0, 0.2, 2.0]
disc:  362  :[0.0, 0.1, 1.0]
disc:  363  :[0.0, 0.8835061728171429, 1.2835061728171429, 2.0]
disc:  364  :[0.0, 0.7571289721291163, 0.9571289721291163, 1.0]
disc:  365  :[0.0, 0.7593648550537409, 1.359364855053741, 3.0]
disc:  366  :[0.0, 1.8, 2.0]
disc:  367  :[0.0, 5.4, 6.0]
disc:  368  :[0.0, 0.2, 2.0]
disc:  369  :[0.0, 1.8, 2.0]
disc:  370  :[0.0, 0.9, 1.0]
disc:  371  :[0.0, 0.2, 2.0]
disc:  372  :[0.0, 0.2, 2.0]
disc:  373  :[0.0, 0.2, 2.0]
disc:  374  :[0.0, 0.6, 6.0]
disc:  375  :[0.0, 0.2, 2.0]
disc:  376  :[0.0, 0.2, 2.0]
disc:  377  :[0.0, 3.71412948509372, 4.91412948509372, 6.0]
disc:  378  :[0.0, 0.5865280468342863, 1.7865280468342863, 6.0]
disc:  379  :[0.0, 1.11412948509372, 1.51412948509372, 2.0]
disc:  380  :[0.0, 0.1, 1.0]
disc:  381  :[0.0, 0.3, 3.0]
disc:  382  :[0.0, 1.3858705149062798, 1.9858705149062799, 3.0]
disc:  383  :[0.0, 1.8, 2.0]
disc:  384  :[0.0, 0.6, 6.0]
disc:  385  :[0.0, 0.2, 2.0]
disc:  502  :[0.0, 0.1, 1.0]
disc:  503  :[0.0, 0.1, 1.0]
disc:  504  :[0.0, 0.1, 1.0]
disc:  505  :[0.0, 0.6413156236583648, 0.8413156236583648, 1.0]
disc:  506  :[0.0, 0.196276461190244, 1.0]
disc:  507  :[0.0, 0.9, 1.0]
disc:  508  :[0.0, 0.1, 1.0]
disc:  509  :[0.0, 0.1, 1.0]
disc:  510  :[0.0, 0.1, 1.0]
disc:  511  :[0.0, 0.15868437634163526, 0.3586843763416353, 1.0]
disc:  512  :[0.0, 0.1, 1.0]
disc:  513  :[0.0, 0.9, 1.0]
disc:  514  :[0.0, 0.1, 1.0]
disc:  515  :[0.0, 0.1, 1.0]
disc:  516  :[0.0, 0.26624055401309443, 0.4662405540130944, 1.0]
disc:  517  :[0.0, 0.1, 1.0]
disc:  518  :[0.0, 0.1, 1.0]
disc:  519  :[0.0, 0.1, 1.0]
disc:  520  :[0.0, 0.8141693869571489, 1.0]
disc:  521  :[0.0, 0.1, 1.0]
disc:  522  :[0.0, 0.1, 1.0]
disc:  523  :[0.0, 0.1, 1.0]
disc:  524  :[0.0, 0.9, 1.0]
disc:  525  :[0.0, 0.19192353122332165, 0.3919235312233217, 1.0]
disc:  526  :[0.0, 0.16552867579125433, 0.36552867579125436, 1.0]
disc:  527  :[0.0, 0.1, 1.0]
disc:  528  :[0.0, 0.1858306130428512, 1.0]
disc:  529  :[0.0, 0.1, 1.0]
disc:  530  :[0.0, 0.9, 1.0]
disc:  531  :[0.0, 0.1, 1.0]
disc:  532  :[0.0, 0.71824972181907, 0.9182497218190699, 1.0]
disc:  533  :[0.0, 0.1, 1.0]
disc:  534  :[0.0, 0.1, 1.0]
disc:  535  :[0.0, 0.1, 1.0]
disc:  536  :[0.0, 0.1, 1.0]
disc:  537  :[0.0, 0.1, 1.0]
disc:  538  :[0.0, 0.1, 1.0]
disc:  539  :[0.0, 0.1, 1.0]
disc:  540  :[0.0, 0.08175027818093014, 0.2817502781809301, 1.0]
disc:  541  :[0.0, 0.1, 1.0]
disc:  542  :[0.0, 0.1, 1.0]
disc:  543  :[0.0, 0.1, 1.0]
disc:  544  :[0.0, 0.9, 1.0]
disc:  545  :[0.0, 0.1, 1.0]
disc:  546  :[0.0, 0.1, 1.0]
disc:  547  :[0.0, 0.6080764687766784, 0.8080764687766784, 1.0]
disc:  548  :[0.0, 0.1, 1.0]
disc:  549  :[0.0, 0.6615858538401574, 0.8615858538401574, 1.0]
disc:  550  :[0.0, 0.1, 1.0]
disc:  551  :[0.0, 0.1, 1.0]
disc:  552  :[0.0, 0.1, 1.0]
disc:  553  :[0.0, 0.1, 1.0]
disc:  554  :[0.0, 0.1, 1.0]
disc:  555  :[0.0, 0.1, 1.0]
disc:  556  :[0.0, 0.1, 1.0]
disc:  557  :[0.0, 0.9, 1.0]
disc:  558  :[0.0, 0.1, 1.0]
disc:  559  :[0.0, 0.803723538809756, 1.0]
disc:  560  :[0.0, 0.1, 1.0]
disc:  561  :[0.0, 0.1, 1.0]
disc:  562  :[0.0, 0.1, 1.0]
disc:  563  :[0.0, 0.1, 1.0]
disc:  564  :[0.0, 0.1, 1.0]
disc:  565  :[0.0, 0.1384141461598426, 0.3384141461598426, 1.0]
disc:  566  :[0.0, 0.9, 1.0]
disc:  567  :[0.0, 0.1, 1.0]
disc:  568  :[0.0, 0.1, 1.0]
disc:  569  :[0.0, 0.2682307701956512, 0.4682307701956512, 1.0]
disc:  570  :[0.0, 0.1, 1.0]
disc:  571  :[0.0, 0.1, 1.0]
disc:  572  :[0.0, 0.9, 1.0]
  Completed presolve in 6.86s
LOWER-BOUNDING ITERATIONS
====================================================================================================
| Iter   | Incumbent       | Best Incumbent      | Lower Bound        | Gap (%)         | Time      
| finish | -618.2305       | -618.2305           | -630.0391          | 1.91            | 21.01s           
Final UBD: -618.2305164102033
Final LBD: -630.0390676578497
====================================================================================================

*** Alpine ended with status OTHER_LIMIT ***

 Total time for local solves: 4.53s

 Total time for solving max-min problems: 0.0s

 Total time excluding max-min time: 21.01s

presolve objective value: -618.2305164102033
w_opt: 1-dimensional DenseAxisArray{Float64,1,...} with index sets:
    Dimension 1, [(25, 1, 2), (25, 1, 1), (25, 1, 14), (20, 1, 2), (20, 1, 1), (20, 1, 14), (1, 1, 2), (1, 1, 1), (1, 1, 14), (2, 1, 2)  …  (20, 15, 23), (20, 15, 3), (8, 15, 30), (8, 15, 29), (8, 15, 23), (8, 15, 3), (2, 15, 30), (2, 15, 29), (2, 15, 23), (2, 15, 3)]
And data, a 261-element Vector{Float64}:
 1.63649944363814
 0.0
 0.0
 0.3635005563618603
 0.0
 0.0
 0.0
 0.0
 0.0
 0.0
 0.0
 0.0
 0.0
 0.0
 0.0
 0.0
 1.31412948509372
 0.0
 0.0
 1.6858705149062798
 0.0
 0.0
 0.0
 0.0
 0.0
 0.0
 0.0
 0.0
 0.0
 0.41534911994131285
 0.11423472145217735
 0.0
 0.0
 0.0
 0.0
 3.8987803651524073
 1.072293325382109
 0.0
 0.0
 0.0
 0.0
 0.0
 0.0
 0.0
 0.0
 0.0
 0.0
 0.0
 0.0
 0.0
 0.0
 0.0
 0.0
 0.0
 0.0
 0.0
 0.0
 0.0
 0.0
 2.0
 1.0
 0.0
 0.0
 0.0
 0.0
 0.0
 0.0
 0.0
 0.0
 0.0
 0.0
 0.0
 0.0
 0.0
 0.7324811080261888
 2.197443324078567
 0.0
 0.5310573515825087
 1.593172054747526
 0.0
 0.0
 0.0
 0.0
 0.0
 0.0
 0.0
 0.0
 0.0
 0.0
 0.0
 0.0
 0.0
 0.7364615403913024
 2.209384621173907
 0.0
 0.0
 0.0
 0.0
 0.0
 0.0
 0.0
 0.825182973766025
 0.6527773000900896
 0.806797287664358
 0.25832319905111806
 0.20435167203902674
 0.252567567389383
 0.0
 0.0
 0.0
 0.0
 0.0
 0.0
 0.0
 0.0
 0.0
 0.0
 0.0
 4.369154173980503
 2.944200921676688
 0.0
 0.0
 0.0
 0.41021629752852024
 0.27642860681428927
 0.0
 0.0
 0.0
 0.0
 0.0
 0.0
 0.0
 0.0
 0.0
 0.0
 0.0
 0.0
 0.0
 0.0
 0.0
 0.0
 0.0
 0.0
 0.0
 0.0
 0.0
 0.0
 0.0
 0.0
 0.0
 0.0
 0.01580367032923273
 0.0
 0.5838470624466433
 0.2919235312233216
 0.0
 0.0
 1.4161529375533568
 0.7080764687766784
 0.0
 0.0
 0.0
 0.0
 0.0
 0.0
 0.0
 0.0
 0.0
 0.0
 0.0
 0.0
 0.0
 0.0
 2.0
 0.0
 0.0
 0.0
 0.8118522200592646
 0.0
 0.0
 0.0
 0.0
 0.0
 0.0
 0.0
 0.0
 0.0
 0.0
 0.0
 0.0
 0.0
 0.0
 0.0
 0.0
 1.1881477799407354
 0.8864813065114686
 0.0
 0.0
 0.0
 0.0
 0.0
 0.0
 0.0
 0.0
 0.0
 0.0
 1.4826312473167296
 0.7413156236583647
 0.0
 0.5173687526832705
 0.25868437634163527
 0.0
 0.0
 0.0
 0.0
 0.0
 0.0
 0.0
 0.0
 0.0
 0.0
 0.0
 0.0
 0.0
 0.0
 0.9183417237956532
 0.9692013709700421
 0.0
 0.0
 0.0
 0.0
 0.0
 0.0
 0.0
 0.0
 0.0
 0.0
 0.0
 0.0
 0.0
 0.0
 0.0
 0.0
 0.0
 0.0
 0.0
 0.0
 0.0
 0.0
 0.0
 0.0
 0.0
 0.0
 0.0
 0.0
 0.0
 0.0
 1.0739084649038635
 4.813471953165714
 0.0
 0.7585824226939066
x_ij_opt: 1-dimensional DenseAxisArray{Float64,1,...} with index sets:
    Dimension 1, [(43, 30), (43, 22), (43, 6), (44, 22), (45, 30), (45, 29), (45, 28), (45, 24), (45, 23), (40, 29)  …  (5, 7), (5, 14), (6, 4), (6, 3), (1, 14), (1, 10), (1, 23), (1, 1), (3, 2), (3, 1)]
And data, a 116-element Vector{Float64}:
 0.0
 0.0
 1.3133550956571909
 0.0
 0.9260915350961366
 0.0
 1.081658276204347
 0.0
 0.0
 0.0
 0.0
 0.0
 0.0
 0.0
 0.0
 0.0
 0.0
 0.0
 0.24343101826326258
 0.0
 0.0
 0.0
 0.0
 0.0
 0.0
 0.0
 0.0
 2.0
 0.0
 0.0
 0.0
 0.0
 0.0
 0.0
 0.0
 0.0
 0.0
 0.0
 0.0
 0.0
 0.0
 0.0
 0.0
 0.6866449043428092
 0.0
 0.0
 0.0
 0.0
 0.0
 0.0
 0.0
 0.0
 0.0
 0.0
 0.0
 0.1881477799407354
 0.0
 1.220629528490977
 0.142871027870883
 1.9841963296707674
 0.0
 0.0
 0.0
 0.0
 6.0
 0.0
 0.0
 0.0
 0.0
 0.7565689817367375
 0.0
 0.0
 0.0
 0.0
 0.0
 0.0
 0.030798629029957947
 0.8016348784172924
 0.0
 0.0
 0.0
 0.0
 0.0
 0.0
 0.0
 0.0
 0.0
 0.0
 0.0
 0.0
 0.68587051490628
 1.1983651215827076
 0.0
 0.0
 0.0
 0.0
 0.0
 0.0
 0.0
 0.24141757730609334
 0.0
 0.0
 0.0
 0.0
 0.0
 0.9164938271828571
 0.0
 0.0
 0.0
 0.0
 0.0
 0.0
 0.11351869348853141
 4.940635144946259
 0.0
 0.0
x_il_opt: 1-dimensional DenseAxisArray{Float64,1,...} with index sets:
    Dimension 1, [(43, 15), (43, 14), (44, 15), (44, 13), (44, 3), (40, 14), (40, 2), (41, 14), (42, 6), (37, 13)  …  (4, 13), (5, 2), (5, 7), (5, 9), (6, 11), (1, 1), (1, 6), (1, 3), (2, 1), (2, 15)]
And data, a 71-element Vector{Float64}:
 0.0
 0.0
 0.0
 2.2239468709750945
 0.5295838413934902
 1.8875430947656953
 0.0
 0.0
 0.0
 0.7760531290249059
 0.0
 2.074629086452204
 0.0
 0.0
 2.9299244321047553
 0.0
 0.0
 0.0
 7.313355095657191
 0.0
 0.0
 0.0
 3.0
 0.8757705936699649
 2.124229406330035
 0.0
 0.6866449043428096
 0.0
 2.8118522200592646
 0.0
 1.63649944363814
 0.0
 0.0
 0.0
 0.0
 0.0
 0.0
 0.0
 0.3635005563618603
 0.0
 0.0
 0.0
 3.0
 0.0
 0.0
 2.124229406330035
 0.0
 2.2847575615204727
 0.0
 0.0
 0.0
 0.0
 0.0
 0.0
 0.0
 0.0
 0.0
 4.971073690534516
 0.0
 0.0
 0.0
 0.0
 0.0
 0.7152424384795278
 0.01580367032923273
 0.0
 0.0
 2.9458461615652096
 0.0
 0.0
 6.645962840763484
x_lj_opt: 1-dimensional DenseAxisArray{Float64,1,...} with index sets:
    Dimension 1, [(15, 30), (15, 29), (15, 23), (15, 3), (14, 28), (14, 27), (14, 10), (14, 24), (13, 26), (13, 25)  …  (3, 6), (3, 5), (3, 29), (2, 4), (2, 3), (2, 1), (2, 5), (1, 2), (1, 1), (1, 14)]
And data, a 53-element Vector{Float64}:
 1.0739084649038635
 4.813471953165714
 0.0
 0.7585824226939066
 0.9183417237956532
 0.9692013709700421
 0.0
 0.0
 2.0
 1.0
 0.0
 1.1881477799407354
 0.8864813065114686
 0.0
 2.0
 0.0
 0.0
 0.0
 0.8118522200592646
 0.0
 0.0
 2.0
 1.0
 0.01580367032923273
 0.0
 0.0
 4.779370471509023
 3.2206295284909765
 0.0
 0.0
 1.083506172817143
 0.8571289721291163
 1.059364855053741
 2.0
 6.0
 0.0
 2.0
 1.0
 0.0
 0.0
 0.0
 0.0
 0.0
 0.0
 4.31412948509372
 1.1865280468342863
 1.31412948509372
 0.0
 0.0
 1.6858705149062798
 2.0
 0.0
 0.0
q_opt: 1-dimensional DenseAxisArray{Float64,1,...} with index sets:
    Dimension 1, [(43, 15), (43, 14), (44, 15), (44, 13), (44, 3), (40, 14), (40, 2), (41, 14), (42, 6), (37, 13)  …  (4, 13), (5, 2), (5, 7), (5, 9), (6, 11), (1, 1), (1, 6), (1, 3), (2, 1), (2, 15)]
And data, a 71-element Vector{Float64}:
 0.0
 0.0
 0.0
 0.7413156236583648
 0.096276461190244
 1.0
 0.0
 0.0
 0.0
 0.25868437634163527
 0.0
 1.0
 0.0
 0.0
 0.3662405540130944
 0.0
 0.0
 0.0
 0.9141693869571489
 0.0
 0.0
 0.0
 1.0
 0.29192353122332165
 0.26552867579125433
 0.0
 0.0858306130428512
 0.0
 1.0
 0.0
 0.81824972181907
 0.0
 0.0
 0.0
 0.0
 0.0
 0.0
 0.0
 0.18175027818093015
 0.0
 0.0
 0.0
 1.0
 0.0
 0.0
 0.7080764687766784
 0.0
 0.7615858538401574
 0.0
 0.0
 0.0
 0.0
 0.0
 0.0
 0.0
 1.0
 0.0
 0.903723538809756
 0.0
 0.0
 0.0
 0.0
 0.0
 0.2384141461598426
 1.0
 0.0
 0.0
 0.3682307701956512
 0.0
 0.0
 1.0
