
PROBLEM STATISTICS
  Objective sense = Min
  # Variables = 572
  # Bin-Int Variables = 0
  # Constraints = 621
  # NL Constraints = 261
  # Linear Constraints = 360
  # Detected convex constraints = 0
  # Detected nonlinear terms = 261
  # Variables involved in nonlinear terms = 124
  # Potential variables for partitioning = 124
SUB-SOLVERS USED BY ALPINE
  NLP local solver = Knitro
  MIP solver = Gurobi
ALPINE CONFIGURATION
  Maximum iterations (lower-bounding MIPs) =  1
  Relative global optimality gap = 0.01%
  Potential variables chosen for partitioning = All
  Discretization ratio = 10
  Bound-tightening presolve = false
PRESOLVE 
  Doing local search

Feasible solution found during presolve: [1.3905384969992673, 0.0, 0.0, 0.6094615030007327, 0.0, 0.0, 0.0, 0.0, 0.0, 0.0, 0.0, 0.0, 0.0, 0.0, 0.0, 0.0, 0.0, 0.0, 0.46600537757408206, 2.5339946224259178, 0.0, 0.0, 0.0, 0.0, 0.0, 0.0, 0.0, 0.0, 0.0, 0.0, 0.0, 0.0, 0.0, 0.0, 0.0, 2.9268726803798963, 0.6166507602053511, 0.0, 0.0, 0.0, 0.0, 0.4129357443378418, 0.08699973263915314, 0.0, 0.0, 0.0, 0.0, 0.0, 0.0, 0.0, 0.0, 0.0, 0.0, 0.0, 0.0, 0.0, 0.0, 0.0, 0.0, 1.9070511912434687, 1.0, 0.0, 0.0, 0.0, 0.0, 0.0, 0.0, 0.0, 0.0, 0.0, 0.0, 0.16313560408179015, 0.4894068122453704, 0.0, 0.75, 2.25, 0.0, 0.5407463945129631, 1.6222391835388896, 0.0, 0.0, 0.0, 0.0, 0.0, 0.0, 0.0, 0.0, 0.0, 0.0, 0.0, 0.0, 0.0, 0.5461180014052468, 1.6383540042157403, 0.0, 0.0, 0.0, 0.0, 0.0, 0.0, 0.0, 1.8740140932143337, 0.8792644785646291, 0.24672142822103726, 0.0, 0.0, 0.0, 0.0, 0.0, 0.0, 0.0, 0.0, 0.0, 0.0, 0.0, 0.0, 0.0, 0.0, 3.4066731722888637, 2.7308473258313444, 0.0, 0.0, 0.0, 1.0337821201469073, 0.828697381732884, 0.0, 0.0, 0.0, 0.0, 0.0, 0.0, 0.0, 0.0, 0.0, 0.0, 0.0, 0.0, 0.0, 0.0, 0.0, 0.0, 0.0, 0.0, 0.0, 0.0, 0.0, 0.0, 0.0, 0.0, 0.0, 0.0, 0.06609476405988349, 0.0, 0.5580096146320981, 0.27900480731604904, 0.0, 0.0, 1.4419903853679021, 0.7209951926839511, 0.0, 0.0, 0.0, 0.0, 0.0, 0.0, 0.0, 0.0, 0.0, 0.0, 0.0, 0.0, 0.0, 0.0, 1.6699249510362588, 0.0, 0.0, 0.0, 0.46611850107410013, 0.12619695285634414, 0.0, 0.0, 0.0, 0.0, 0.0, 0.0, 0.0, 0.0, 0.0, 0.0, 0.0, 0.0, 0.0, 0.0, 0.0, 1.5338814989259, 0.9716806768028629, 0.49443782427123695, 0.0, 0.0, 0.0, 0.0, 0.0, 0.0, 0.0, 0.0, 0.0, 1.357750608206434, 0.678875304103217, 0.0, 0.6422493917935663, 0.32112469589678316, 0.0, 0.0, 0.0, 0.0, 0.0, 0.0, 0.0, 0.0, 0.0, 0.0, 0.0, 0.0, 0.0, 0.0, 0.43344129004417453, 0.6362026141873731, 0.0, 0.0, 0.0, 0.0, 0.0, 0.0, 0.0, 0.0, 0.0, 0.0, 0.0, 0.0, 0.0, 0.0, 0.0, 0.0, 0.0, 0.0, 0.0, 0.0, 0.0, 0.0, 0.0, 0.0, 0.0, 0.0, 0.0, 0.0, 0.0, 0.0, 0.8229329737506016, 4.801911682884259, 0.0, 0.7579388300399181, 0.0, 0.0, 0.0, 2.036625912309651, 0.0, 1.0696439042315475, 0.0, 0.0, 0.6525424163271606, 0.9633740876903495, 0.0, 3.0, 0.0, 0.0, 3.0, 0.0, 0.0, 0.0, 6.1375204981202085, 0.0, 0.0, 0.0, 3.0, 0.8370144219481471, 2.162985578051853, 0.0, 1.8624795018797913, 0.0, 2.262240404966703, 0.0, 1.3905384969992673, 0.0, 0.0, 0.0, 0.0, 0.0, 0.0, 0.0, 0.6094615030007327, 0.0, 0.0, 0.0, 2.9070511912434687, 0.0, 0.0, 2.1629855780518534, 0.0, 3.0, 0.0, 0.0, 0.0, 0.0, 0.0, 0.0, 0.0, 0.0, 0.0, 3.5435234405852474, 0.0, 0.0, 0.0, 0.0, 0.0, 0.0, 0.06609476405988349, 0.0, 0.0, 2.184472005620987, 0.499935476976995, 0.0, 6.382783486674779, 0.8229329737506016, 4.801911682884259, 0.0, 0.7579388300399181, 0.43344129004417453, 0.6362026141873731, 0.0, 0.0, 2.0, 1.0, 0.0, 1.5338814989259, 0.9716806768028629, 0.49443782427123695, 1.6699249510362588, 0.0, 0.0, 0.0, 0.46611850107410013, 0.12619695285634414, 0.0, 2.0, 1.0, 0.06609476405988349, 0.0, 0.0, 4.440455292435771, 3.5595447075642284, 0.0, 0.0, 1.8740140932143337, 0.8792644785646291, 0.24672142822103726, 2.0, 6.0, 0.0, 1.9070511912434687, 1.0, 0.0, 0.0, 0.0, 0.0, 0.0, 0.0, 3.339808424717738, 0.7036504928445042, 0.0, 0.0, 0.46600537757408206, 2.5339946224259178, 2.0, 0.0, 0.0, 0.0, 0.3300750489637411, 1.4106650471546278, 0.0, 1.1770670262493983, 0.0, 1.5665587099558256, 0.0, 0.0, 0.0, 0.0, 0.0, 0.0, 0.0, 0.0, 0.0, 0.0, 0.0, 0.32054863474122486, 0.0, 0.0, 0.0, 0.0, 0.0, 0.0, 0.0, 0.0, 2.0, 0.0, 0.0, 0.0, 0.0, 0.0, 0.0, 0.0, 0.0, 0.0, 0.0, 0.0, 0.0, 0.0, 0.0, 0.0, 0.5893349528453723, 0.0, 0.0, 0.0, 0.0, 0.0, 0.0, 0.0, 0.0, 0.0, 0.0, 0.0, 0.7377595950332971, 0.0, 1.488725981565362, 0.12073552143537088, 1.9339052359401165, 0.0, 0.0, 0.0, 0.0, 6.0, 0.0, 0.07081872599886781, 0.0, 0.0, 0.6794513652587751, 0.0, 0.0, 0.0, 0.0, 0.0, 0.0, 0.363797385812627, 0.6507284925114415, 0.0, 0.0, 0.0, 0.0, 0.0, 0.0, 0.0, 0.0, 0.0, 0.09294880875653144, 0.0, 0.0, 0.0, 1.3492715074885586, 0.0, 0.0, 0.0, 0.0, 0.0, 0.0, 0.0, 0.24206116996008192, 0.0, 0.0, 0.0, 0.0, 0.0, 0.12598590678566643, 0.0, 0.0, 0.0, 0.0, 0.0, 0.0, 0.028319323197137168, 5.2872731942048805, 0.0, 0.0, 0.0, 0.0, 0.0, 0.678875304103217, 0.0, 1.0, 0.0, 0.0, 0.08156780204089507, 0.32112469589678316, 0.0, 1.0, 0.0, 0.0, 0.375, 0.0, 0.0, 0.0, 0.7671900622650261, 0.0, 0.0, 0.0, 1.0, 0.27900480731604904, 0.27037319725648157, 0.0, 0.2328099377349739, 0.0, 1.0, 0.0, 0.6952692484996338, 0.0, 0.0, 0.0, 0.0, 0.0, 0.0, 0.0, 0.3047307515003664, 0.0, 0.0, 0.0, 1.0, 0.0, 0.0, 0.7209951926839511, 0.0, 1.0, 0.0, 0.0, 0.0, 0.0, 0.0, 0.0, 0.0, 1.0, 0.0, 0.8763594518530683, 0.0, 0.0, 0.0, 0.0, 0.0, 0.0, 1.0, 0.0, 0.0, 0.2730590007026234, 0.12364054814693176, 0.0, 1.0]  :with objective: -613.3973393434097

  Local solver returns a feasible point with value -613.3973
disc:  333  :[0.0, 0.6229329737506015, 1.0229329737506017, 2.0]
disc:  334  :[0.0, 4.201911682884259, 5.401911682884259, 6.0]
disc:  335  :[0.0, 0.1, 1.0]
disc:  336  :[0.0, 0.6579388300399182, 0.8579388300399181, 1.0]
disc:  337  :[0.0, 0.23344129004417452, 0.6334412900441746, 2.0]
disc:  338  :[0.0, 0.5362026141873731, 0.7362026141873731, 1.0]
disc:  339  :[0.0, 0.2, 2.0]
disc:  340  :[0.0, 0.2, 2.0]
disc:  341  :[0.0, 1.8, 2.0]
disc:  342  :[0.0, 0.9, 1.0]
disc:  343  :[0.0, 0.2, 2.0]
disc:  344  :[0.0, 1.3338814989259, 1.7338814989259, 2.0]
disc:  345  :[0.0, 0.8716806768028629, 1.0]
disc:  346  :[0.0, 0.19443782427123696, 0.7944378242712369, 3.0]
disc:  347  :[0.0, 1.4699249510362589, 1.8699249510362588, 2.0]
disc:  348  :[0.0, 0.6, 6.0]
disc:  349  :[0.0, 0.2, 2.0]
disc:  350  :[0.0, 0.1, 1.0]
disc:  351  :[0.0, 0.2661185010741001, 0.6661185010741002, 2.0]
disc:  352  :[0.0, 0.7261969528563441, 6.0]
disc:  353  :[0.0, 0.1, 1.0]
disc:  354  :[0.0, 1.8, 2.0]
disc:  355  :[0.0, 0.9, 1.0]
disc:  356  :[0.0, 0.2660947640598835, 2.0]
disc:  357  :[0.0, 0.1, 1.0]
disc:  358  :[0.0, 0.2, 2.0]
disc:  359  :[0.0, 3.8404552924357707, 5.04045529243577, 6.0]
disc:  360  :[0.0, 2.9595447075642283, 4.159544707564228, 6.0]
disc:  361  :[0.0, 0.2, 2.0]
disc:  362  :[0.0, 0.1, 1.0]
disc:  363  :[0.0, 1.6740140932143337, 2.0]
disc:  364  :[0.0, 0.7792644785646291, 0.9792644785646291, 1.0]
disc:  365  :[0.0, 0.5467214282210373, 3.0]
disc:  366  :[0.0, 1.8, 2.0]
disc:  367  :[0.0, 5.4, 6.0]
disc:  368  :[0.0, 0.2, 2.0]
disc:  369  :[0.0, 1.7070511912434687, 2.0]
disc:  370  :[0.0, 0.9, 1.0]
disc:  371  :[0.0, 0.2, 2.0]
disc:  372  :[0.0, 0.2, 2.0]
disc:  373  :[0.0, 0.2, 2.0]
disc:  374  :[0.0, 0.6, 6.0]
disc:  375  :[0.0, 0.2, 2.0]
disc:  376  :[0.0, 0.2, 2.0]
disc:  377  :[0.0, 2.739808424717738, 3.939808424717738, 6.0]
disc:  378  :[0.0, 0.10365049284450423, 1.303650492844504, 6.0]
disc:  379  :[0.0, 0.2, 2.0]
disc:  380  :[0.0, 0.1, 1.0]
disc:  381  :[0.0, 0.16600537757408207, 0.766005377574082, 3.0]
disc:  382  :[0.0, 2.233994622425918, 2.8339946224259176, 3.0]
disc:  383  :[0.0, 1.8, 2.0]
disc:  384  :[0.0, 0.6, 6.0]
disc:  385  :[0.0, 0.2, 2.0]
disc:  502  :[0.0, 0.1, 1.0]
disc:  503  :[0.0, 0.1, 1.0]
disc:  504  :[0.0, 0.1, 1.0]
disc:  505  :[0.0, 0.578875304103217, 0.7788753041032169, 1.0]
disc:  506  :[0.0, 0.1, 1.0]
disc:  507  :[0.0, 0.9, 1.0]
disc:  508  :[0.0, 0.1, 1.0]
disc:  509  :[0.0, 0.1, 1.0]
disc:  510  :[0.0, 0.18156780204089507, 1.0]
disc:  511  :[0.0, 0.22112469589678316, 0.42112469589678314, 1.0]
disc:  512  :[0.0, 0.1, 1.0]
disc:  513  :[0.0, 0.9, 1.0]
disc:  514  :[0.0, 0.1, 1.0]
disc:  515  :[0.0, 0.1, 1.0]
disc:  516  :[0.0, 0.275, 0.475, 1.0]
disc:  517  :[0.0, 0.1, 1.0]
disc:  518  :[0.0, 0.1, 1.0]
disc:  519  :[0.0, 0.1, 1.0]
disc:  520  :[0.0, 0.6671900622650261, 0.867190062265026, 1.0]
disc:  521  :[0.0, 0.1, 1.0]
disc:  522  :[0.0, 0.1, 1.0]
disc:  523  :[0.0, 0.1, 1.0]
disc:  524  :[0.0, 0.9, 1.0]
disc:  525  :[0.0, 0.17900480731604904, 0.379004807316049, 1.0]
disc:  526  :[0.0, 0.17037319725648156, 0.37037319725648155, 1.0]
disc:  527  :[0.0, 0.1, 1.0]
disc:  528  :[0.0, 0.1328099377349739, 0.3328099377349739, 1.0]
disc:  529  :[0.0, 0.1, 1.0]
disc:  530  :[0.0, 0.9, 1.0]
disc:  531  :[0.0, 0.1, 1.0]
disc:  532  :[0.0, 0.5952692484996338, 0.7952692484996338, 1.0]
disc:  533  :[0.0, 0.1, 1.0]
disc:  534  :[0.0, 0.1, 1.0]
disc:  535  :[0.0, 0.1, 1.0]
disc:  536  :[0.0, 0.1, 1.0]
disc:  537  :[0.0, 0.1, 1.0]
disc:  538  :[0.0, 0.1, 1.0]
disc:  539  :[0.0, 0.1, 1.0]
disc:  540  :[0.0, 0.20473075150036638, 0.4047307515003664, 1.0]
disc:  541  :[0.0, 0.1, 1.0]
disc:  542  :[0.0, 0.1, 1.0]
disc:  543  :[0.0, 0.1, 1.0]
disc:  544  :[0.0, 0.9, 1.0]
disc:  545  :[0.0, 0.1, 1.0]
disc:  546  :[0.0, 0.1, 1.0]
disc:  547  :[0.0, 0.6209951926839511, 0.820995192683951, 1.0]
disc:  548  :[0.0, 0.1, 1.0]
disc:  549  :[0.0, 0.9, 1.0]
disc:  550  :[0.0, 0.1, 1.0]
disc:  551  :[0.0, 0.1, 1.0]
disc:  552  :[0.0, 0.1, 1.0]
disc:  553  :[0.0, 0.1, 1.0]
disc:  554  :[0.0, 0.1, 1.0]
disc:  555  :[0.0, 0.1, 1.0]
disc:  556  :[0.0, 0.1, 1.0]
disc:  557  :[0.0, 0.9, 1.0]
disc:  558  :[0.0, 0.1, 1.0]
disc:  559  :[0.0, 0.7763594518530683, 0.9763594518530683, 1.0]
disc:  560  :[0.0, 0.1, 1.0]
disc:  561  :[0.0, 0.1, 1.0]
disc:  562  :[0.0, 0.1, 1.0]
disc:  563  :[0.0, 0.1, 1.0]
disc:  564  :[0.0, 0.1, 1.0]
disc:  565  :[0.0, 0.1, 1.0]
disc:  566  :[0.0, 0.9, 1.0]
disc:  567  :[0.0, 0.1, 1.0]
disc:  568  :[0.0, 0.1, 1.0]
disc:  569  :[0.0, 0.1730590007026234, 0.37305900070262343, 1.0]
disc:  570  :[0.0, 0.023640548146931756, 0.22364054814693177, 1.0]
disc:  571  :[0.0, 0.1, 1.0]
disc:  572  :[0.0, 0.9, 1.0]
  Completed presolve in 14.64s
LOWER-BOUNDING ITERATIONS
====================================================================================================
| Iter   | Incumbent       | Best Incumbent      | Lower Bound        | Gap (%)         | Time      
| finish | -613.3973       | -613.3973           | -632.4248          | 3.102           | 31.23s           
Final UBD: -613.3973393434097
Final LBD: -632.4247708166797
====================================================================================================

*** Alpine ended with status OTHER_LIMIT ***

 Total time for local solves: 12.4s

 Total time for solving max-min problems: 0.0s

 Total time excluding max-min time: 31.23s

presolve objective value: -613.3973393434097
w_opt: 1-dimensional DenseAxisArray{Float64,1,...} with index sets:
    Dimension 1, [(25, 1, 2), (25, 1, 1), (25, 1, 14), (20, 1, 2), (20, 1, 1), (20, 1, 14), (1, 1, 2), (1, 1, 1), (1, 1, 14), (2, 1, 2)  …  (20, 15, 23), (20, 15, 3), (8, 15, 30), (8, 15, 29), (8, 15, 23), (8, 15, 3), (2, 15, 30), (2, 15, 29), (2, 15, 23), (2, 15, 3)]
And data, a 261-element Vector{Float64}:
 1.3905384969992673
 0.0
 0.0
 0.6094615030007327
 0.0
 0.0
 0.0
 0.0
 0.0
 0.0
 0.0
 0.0
 0.0
 0.0
 0.0
 0.0
 0.0
 0.0
 0.46600537757408206
 2.5339946224259178
 0.0
 0.0
 0.0
 0.0
 0.0
 0.0
 0.0
 0.0
 0.0
 0.0
 0.0
 0.0
 0.0
 0.0
 0.0
 2.9268726803798963
 0.6166507602053511
 0.0
 0.0
 0.0
 0.0
 0.4129357443378418
 0.08699973263915314
 0.0
 0.0
 0.0
 0.0
 0.0
 0.0
 0.0
 0.0
 0.0
 0.0
 0.0
 0.0
 0.0
 0.0
 0.0
 0.0
 1.9070511912434687
 1.0
 0.0
 0.0
 0.0
 0.0
 0.0
 0.0
 0.0
 0.0
 0.0
 0.0
 0.16313560408179015
 0.4894068122453704
 0.0
 0.75
 2.25
 0.0
 0.5407463945129631
 1.6222391835388896
 0.0
 0.0
 0.0
 0.0
 0.0
 0.0
 0.0
 0.0
 0.0
 0.0
 0.0
 0.0
 0.0
 0.5461180014052468
 1.6383540042157403
 0.0
 0.0
 0.0
 0.0
 0.0
 0.0
 0.0
 1.8740140932143337
 0.8792644785646291
 0.24672142822103726
 0.0
 0.0
 0.0
 0.0
 0.0
 0.0
 0.0
 0.0
 0.0
 0.0
 0.0
 0.0
 0.0
 0.0
 3.4066731722888637
 2.7308473258313444
 0.0
 0.0
 0.0
 1.0337821201469073
 0.828697381732884
 0.0
 0.0
 0.0
 0.0
 0.0
 0.0
 0.0
 0.0
 0.0
 0.0
 0.0
 0.0
 0.0
 0.0
 0.0
 0.0
 0.0
 0.0
 0.0
 0.0
 0.0
 0.0
 0.0
 0.0
 0.0
 0.0
 0.06609476405988349
 0.0
 0.5580096146320981
 0.27900480731604904
 0.0
 0.0
 1.4419903853679021
 0.7209951926839511
 0.0
 0.0
 0.0
 0.0
 0.0
 0.0
 0.0
 0.0
 0.0
 0.0
 0.0
 0.0
 0.0
 0.0
 1.6699249510362588
 0.0
 0.0
 0.0
 0.46611850107410013
 0.12619695285634414
 0.0
 0.0
 0.0
 0.0
 0.0
 0.0
 0.0
 0.0
 0.0
 0.0
 0.0
 0.0
 0.0
 0.0
 0.0
 1.5338814989259
 0.9716806768028629
 0.49443782427123695
 0.0
 0.0
 0.0
 0.0
 0.0
 0.0
 0.0
 0.0
 0.0
 1.357750608206434
 0.678875304103217
 0.0
 0.6422493917935663
 0.32112469589678316
 0.0
 0.0
 0.0
 0.0
 0.0
 0.0
 0.0
 0.0
 0.0
 0.0
 0.0
 0.0
 0.0
 0.0
 0.43344129004417453
 0.6362026141873731
 0.0
 0.0
 0.0
 0.0
 0.0
 0.0
 0.0
 0.0
 0.0
 0.0
 0.0
 0.0
 0.0
 0.0
 0.0
 0.0
 0.0
 0.0
 0.0
 0.0
 0.0
 0.0
 0.0
 0.0
 0.0
 0.0
 0.0
 0.0
 0.0
 0.0
 0.8229329737506016
 4.801911682884259
 0.0
 0.7579388300399181
x_ij_opt: 1-dimensional DenseAxisArray{Float64,1,...} with index sets:
    Dimension 1, [(43, 30), (43, 22), (43, 6), (44, 22), (45, 30), (45, 29), (45, 28), (45, 24), (45, 23), (40, 29)  …  (5, 7), (5, 14), (6, 4), (6, 3), (1, 14), (1, 10), (1, 23), (1, 1), (3, 2), (3, 1)]
And data, a 116-element Vector{Float64}:
 0.0
 0.3300750489637411
 1.4106650471546278
 0.0
 1.1770670262493983
 0.0
 1.5665587099558256
 0.0
 0.0
 0.0
 0.0
 0.0
 0.0
 0.0
 0.0
 0.0
 0.0
 0.0
 0.32054863474122486
 0.0
 0.0
 0.0
 0.0
 0.0
 0.0
 0.0
 0.0
 2.0
 0.0
 0.0
 0.0
 0.0
 0.0
 0.0
 0.0
 0.0
 0.0
 0.0
 0.0
 0.0
 0.0
 0.0
 0.0
 0.5893349528453723
 0.0
 0.0
 0.0
 0.0
 0.0
 0.0
 0.0
 0.0
 0.0
 0.0
 0.0
 0.7377595950332971
 0.0
 1.488725981565362
 0.12073552143537088
 1.9339052359401165
 0.0
 0.0
 0.0
 0.0
 6.0
 0.0
 0.07081872599886781
 0.0
 0.0
 0.6794513652587751
 0.0
 0.0
 0.0
 0.0
 0.0
 0.0
 0.363797385812627
 0.6507284925114415
 0.0
 0.0
 0.0
 0.0
 0.0
 0.0
 0.0
 0.0
 0.0
 0.09294880875653144
 0.0
 0.0
 0.0
 1.3492715074885586
 0.0
 0.0
 0.0
 0.0
 0.0
 0.0
 0.0
 0.24206116996008192
 0.0
 0.0
 0.0
 0.0
 0.0
 0.12598590678566643
 0.0
 0.0
 0.0
 0.0
 0.0
 0.0
 0.028319323197137168
 5.2872731942048805
 0.0
 0.0
x_il_opt: 1-dimensional DenseAxisArray{Float64,1,...} with index sets:
    Dimension 1, [(43, 15), (43, 14), (44, 15), (44, 13), (44, 3), (40, 14), (40, 2), (41, 14), (42, 6), (37, 13)  …  (4, 13), (5, 2), (5, 7), (5, 9), (6, 11), (1, 1), (1, 6), (1, 3), (2, 1), (2, 15)]
And data, a 71-element Vector{Float64}:
 0.0
 0.0
 0.0
 2.036625912309651
 0.0
 1.0696439042315475
 0.0
 0.0
 0.6525424163271606
 0.9633740876903495
 0.0
 3.0
 0.0
 0.0
 3.0
 0.0
 0.0
 0.0
 6.1375204981202085
 0.0
 0.0
 0.0
 3.0
 0.8370144219481471
 2.162985578051853
 0.0
 1.8624795018797913
 0.0
 2.262240404966703
 0.0
 1.3905384969992673
 0.0
 0.0
 0.0
 0.0
 0.0
 0.0
 0.0
 0.6094615030007327
 0.0
 0.0
 0.0
 2.9070511912434687
 0.0
 0.0
 2.1629855780518534
 0.0
 3.0
 0.0
 0.0
 0.0
 0.0
 0.0
 0.0
 0.0
 0.0
 0.0
 3.5435234405852474
 0.0
 0.0
 0.0
 0.0
 0.0
 0.0
 0.06609476405988349
 0.0
 0.0
 2.184472005620987
 0.499935476976995
 0.0
 6.382783486674779
x_lj_opt: 1-dimensional DenseAxisArray{Float64,1,...} with index sets:
    Dimension 1, [(15, 30), (15, 29), (15, 23), (15, 3), (14, 28), (14, 27), (14, 10), (14, 24), (13, 26), (13, 25)  …  (3, 6), (3, 5), (3, 29), (2, 4), (2, 3), (2, 1), (2, 5), (1, 2), (1, 1), (1, 14)]
And data, a 53-element Vector{Float64}:
 0.8229329737506016
 4.801911682884259
 0.0
 0.7579388300399181
 0.43344129004417453
 0.6362026141873731
 0.0
 0.0
 2.0
 1.0
 0.0
 1.5338814989259
 0.9716806768028629
 0.49443782427123695
 1.6699249510362588
 0.0
 0.0
 0.0
 0.46611850107410013
 0.12619695285634414
 0.0
 2.0
 1.0
 0.06609476405988349
 0.0
 0.0
 4.440455292435771
 3.5595447075642284
 0.0
 0.0
 1.8740140932143337
 0.8792644785646291
 0.24672142822103726
 2.0
 6.0
 0.0
 1.9070511912434687
 1.0
 0.0
 0.0
 0.0
 0.0
 0.0
 0.0
 3.339808424717738
 0.7036504928445042
 0.0
 0.0
 0.46600537757408206
 2.5339946224259178
 2.0
 0.0
 0.0
q_opt: 1-dimensional DenseAxisArray{Float64,1,...} with index sets:
    Dimension 1, [(43, 15), (43, 14), (44, 15), (44, 13), (44, 3), (40, 14), (40, 2), (41, 14), (42, 6), (37, 13)  …  (4, 13), (5, 2), (5, 7), (5, 9), (6, 11), (1, 1), (1, 6), (1, 3), (2, 1), (2, 15)]
And data, a 71-element Vector{Float64}:
 0.0
 0.0
 0.0
 0.678875304103217
 0.0
 1.0
 0.0
 0.0
 0.08156780204089507
 0.32112469589678316
 0.0
 1.0
 0.0
 0.0
 0.375
 0.0
 0.0
 0.0
 0.7671900622650261
 0.0
 0.0
 0.0
 1.0
 0.27900480731604904
 0.27037319725648157
 0.0
 0.2328099377349739
 0.0
 1.0
 0.0
 0.6952692484996338
 0.0
 0.0
 0.0
 0.0
 0.0
 0.0
 0.0
 0.3047307515003664
 0.0
 0.0
 0.0
 1.0
 0.0
 0.0
 0.7209951926839511
 0.0
 1.0
 0.0
 0.0
 0.0
 0.0
 0.0
 0.0
 0.0
 1.0
 0.0
 0.8763594518530683
 0.0
 0.0
 0.0
 0.0
 0.0
 0.0
 1.0
 0.0
 0.0
 0.2730590007026234
 0.12364054814693176
 0.0
 1.0
