
PROBLEM STATISTICS
  Objective sense = Min
  # Variables = 572
  # Bin-Int Variables = 0
  # Constraints = 621
  # NL Constraints = 261
  # Linear Constraints = 360
  # Detected convex constraints = 0
  # Detected nonlinear terms = 261
  # Variables involved in nonlinear terms = 124
  # Potential variables for partitioning = 124
SUB-SOLVERS USED BY ALPINE
  NLP local solver = Knitro
  MIP solver = Gurobi
ALPINE CONFIGURATION
  Maximum iterations (lower-bounding MIPs) =  1
  Relative global optimality gap = 0.01%
  Potential variables chosen for partitioning = All
  Discretization ratio = 10
  Bound-tightening presolve = false
PRESOLVE 
  Doing local search

Feasible solution found during presolve: [1.3029919031096724, 0.0, 0.0, 0.6970080968903277, 0.0, 0.0, 0.0, 0.0, 0.0, 0.0, 0.0, 0.0, 0.0, 0.0, 0.0, 0.0, 1.990601234109576, 0.0, 0.0, 1.009398765890424, 0.0, 0.0, 0.0, 0.0, 0.0, 0.0, 0.0, 0.0, 0.0, 1.023831683690439, 0.6173840907822512, 0.0, 0.0, 0.0, 0.0, 3.966769550419137, 2.392014675108172, 0.0, 0.0, 0.0, 0.0, 0.0, 0.0, 0.0, 0.0, 0.0, 0.0, 0.0, 0.0, 1.2850939256315421, 1.5198004772364246, 0.009398765890424174, 0.0, 0.0, 0.0, 0.0, 0.0, 0.0, 0.0, 2.0, 1.0, 0.0, 0.0, 0.0, 0.0, 0.0, 0.0, 0.0, 0.0, 0.0, 0.0, 0.06512599566461917, 0.19537798699385756, 0.0, 0.7499999999999996, 2.2500000000000004, 0.0, 0.5515648567837812, 1.6546945703513447, 0.0, 0.0, 0.0, 0.0, 0.0, 0.0, 0.0, 0.0, 0.0, 0.0, 0.0, 0.0, 0.0, 0.6333091475515988, 1.899927442654798, 0.0, 0.0, 0.0, 0.0, 0.0, 0.0, 0.0, 1.5747556262481393, 0.7864486302816516, 0.6387957434702092, 0.0, 0.0, 0.0, 0.0, 0.0, 0.0, 0.0, 0.0, 0.0, 0.0, 0.0, 0.0, 0.0, 0.0, 2.8228395455175135, 2.1771604544824865, 0.0, 0.0, 0.0, 1.693703727310508, 1.306296272689492, 0.0, 0.0, 0.0, 0.0, 0.0, 0.0, 0.0, 0.0, 0.0, 0.0, 0.0, 0.0, 0.0, 0.0, 0.0, 0.0, 0.0, 0.0, 0.0, 0.0, 0.0, 0.0, 0.0, 0.0, 0.0, 0.0, 0.0, 0.0, 0.5291603819099159, 0.264580190954958, 0.0, 0.0, 1.4708396180900842, 0.7354198090450422, 0.0, 0.0, 0.0, 0.0, 0.0, 0.0, 0.0, 0.0, 0.0, 0.0, 0.0, 0.0, 0.0, 0.0, 2.0, 0.0, 0.0, 0.0, 0.3483600477738392, 0.0, 0.0, 0.0, 0.0, 0.0, 0.0, 0.0, 0.0, 0.0, 0.0, 0.0, 0.0, 0.0, 0.0, 0.0, 0.0, 1.651639952226161, 1.0, 0.34836004777383933, 0.0, 0.0, 0.0, 0.0, 0.0, 0.0, 0.0, 0.0, 0.0, 1.480842288246034, 0.740421144123017, 0.0, 0.5191577117539662, 0.2595788558769831, 0.0, 0.0, 0.0, 0.0, 0.0, 0.0, 0.0, 0.0, 0.0, 0.0, 0.0, 0.0, 0.0, 0.0, 0.3105141005849518, 0.6444775529484653, 0.0, 0.0, 0.0, 0.0, 0.0, 0.0, 0.0, 0.0, 0.0, 0.0, 0.0, 0.0, 0.0, 0.0, 0.0, 0.0, 0.0, 0.0, 0.0, 0.0, 0.0, 0.0, 0.0, 0.0, 0.0, 0.0, 0.0, 0.0, 0.0, 0.0, 2.0, 2.642241186335738, 0.0, 1.0, 0.0, 0.0, 0.0, 2.2212634323690508, 1.6412157744726903, 0.9549916535334171, 0.0, 0.0, 0.2605039826584767, 0.7787365676309492, 0.0, 3.0, 0.0, 0.0, 3.0, 0.0, 0.0, 0.0, 5.000000000000001, 0.0, 0.0, 0.0, 3.0, 0.7937405728648739, 2.206259427135126, 0.0, 3.0, 0.0, 2.3483600477738396, 0.0, 1.3029919031096724, 0.0, 0.0, 0.0, 0.0, 0.0, 0.0, 0.0, 0.6970080968903277, 0.0, 0.0, 0.0, 3.0, 0.0, 0.0, 2.2062594271351266, 0.0, 3.0, 0.0, 0.0, 0.0, 0.0, 0.0, 0.0, 2.814293168758391, 0.0, 0.0, 6.35878422552731, 0.0, 0.0, 0.0, 0.0, 0.0, 0.0, 0.0, 0.0, 0.0, 2.533236590206397, 0.0, 0.0, 5.642241186335737, 2.0, 2.642241186335738, 0.0, 1.0, 0.3105141005849518, 0.6444775529484653, 0.0, 0.0, 2.0, 1.0, 0.0, 1.651639952226161, 1.0, 0.348360047773839, 2.0, 0.0, 0.0, 0.0, 0.3483600477738392, 0.0, 0.0, 2.0, 1.0, 0.0, 0.0, 0.0, 4.516543272828021, 3.4834567271719785, 0.0, 0.0, 1.5747556262481393, 0.7864486302816516, 0.6387957434702092, 2.0, 6.0, 0.0, 2.0, 1.0, 0.0, 0.0, 1.2850939256315421, 1.5198004772364244, 0.009398765890424174, 0.0, 4.990601234109576, 3.0093987658904235, 1.990601234109576, 0.0, 0.0, 1.009398765890424, 2.0, 0.0, 0.0, 0.0, 0.0, 1.6498082929945468, 0.0, 0.0, 0.0, 1.6894858994150483, 0.0, 0.0, 0.0, 0.0, 0.0, 0.0, 0.0, 0.0, 0.0, 0.0, 0.0, 0.22821621323639993, 0.0, 0.0, 0.0, 0.0, 0.0, 0.0, 0.0, 0.0, 2.0, 0.0, 0.0, 0.0, 0.0, 0.0, 0.0, 0.0, 0.0, 0.0, 0.0, 0.0, 0.0, 0.0, 0.0, 0.0, 0.35019170700545327, 0.0, 0.0, 0.0, 0.0, 0.0, 0.0, 0.0, 0.0, 0.0, 0.0, 0.0, 0.6516399522261602, 0.0, 1.4834567271719792, 0.21355136971834837, 2.0, 0.0, 0.0, 0.0, 0.0, 6.0, 0.0, 0.0, 0.0, 0.0, 0.7717837867636, 0.0, 0.0, 0.0, 0.0, 0.0, 0.0, 0.3555224470515347, 0.7149060743684579, 0.0, 0.0, 0.0, 0.0, 0.0, 0.0, 0.0, 0.0, 0.0, 0.0, 0.0, 0.0, 0.0, 0.0, 0.3451028433654357, 0.0, 0.0, 0.0, 0.0, 0.0, 0.0, 0.0, 0.0, 0.0, 0.0, 0.0, 0.0, 0.31968522048804865, 0.0, 0.0, 0.0, 0.0, 0.10555915326381239, 0.0, 0.0, 5.361204256529791, 0.0, 0.0, 0.0, 0.0, 0.0, 0.740421144123017, 0.2051519718090863, 1.0, 0.0, 0.0, 0.032562997832309586, 0.2595788558769831, 0.0, 1.0, 0.0, 0.0, 0.375, 0.0, 0.0, 0.0, 0.625, 0.0, 0.0, 0.0, 1.0, 0.26458019095495794, 0.27578242839189077, 0.0, 0.375, 0.0, 1.0, 0.0, 0.6514959515548362, 0.0, 0.0, 0.0, 0.0, 0.0, 0.0, 0.0, 0.34850404844516386, 0.0, 0.0, 0.0, 1.0, 0.0, 0.0, 0.7354198090450421, 0.0, 1.0, 0.0, 0.0, 0.0, 0.0, 0.0, 0.0, 1.0, 0.0, 0.0, 0.7948480281909137, 0.0, 0.0, 0.0, 0.0, 0.0, 0.0, 1.0, 0.0, 0.0, 0.31665457377579964, 0.0, 0.0, 1.0]  :with objective: -632.8126074736058

  Local solver returns a feasible point with value -632.8126
disc:  333  :[0.0, 1.8, 2.0]
disc:  334  :[0.0, 2.0422411863357377, 3.242241186335738, 6.0]
disc:  335  :[0.0, 0.1, 1.0]
disc:  336  :[0.0, 0.9, 1.0]
disc:  337  :[0.0, 0.11051410058495181, 0.5105141005849518, 2.0]
disc:  338  :[0.0, 0.5444775529484653, 0.7444775529484653, 1.0]
disc:  339  :[0.0, 0.2, 2.0]
disc:  340  :[0.0, 0.2, 2.0]
disc:  341  :[0.0, 1.8, 2.0]
disc:  342  :[0.0, 0.9, 1.0]
disc:  343  :[0.0, 0.2, 2.0]
disc:  344  :[0.0, 1.451639952226161, 1.8516399522261608, 2.0]
disc:  345  :[0.0, 0.9, 1.0]
disc:  346  :[0.0, 0.04836004777383901, 0.6483600477738389, 3.0]
disc:  347  :[0.0, 1.8, 2.0]
disc:  348  :[0.0, 0.6, 6.0]
disc:  349  :[0.0, 0.2, 2.0]
disc:  350  :[0.0, 0.1, 1.0]
disc:  351  :[0.0, 0.1483600477738392, 0.5483600477738393, 2.0]
disc:  352  :[0.0, 0.6, 6.0]
disc:  353  :[0.0, 0.1, 1.0]
disc:  354  :[0.0, 1.8, 2.0]
disc:  355  :[0.0, 0.9, 1.0]
disc:  356  :[0.0, 0.2, 2.0]
disc:  357  :[0.0, 0.1, 1.0]
disc:  358  :[0.0, 0.2, 2.0]
disc:  359  :[0.0, 3.916543272828021, 5.116543272828021, 6.0]
disc:  360  :[0.0, 2.8834567271719784, 4.083456727171979, 6.0]
disc:  361  :[0.0, 0.2, 2.0]
disc:  362  :[0.0, 0.1, 1.0]
disc:  363  :[0.0, 1.3747556262481393, 1.7747556262481392, 2.0]
disc:  364  :[0.0, 0.6864486302816516, 0.8864486302816516, 1.0]
disc:  365  :[0.0, 0.3387957434702092, 0.9387957434702092, 3.0]
disc:  366  :[0.0, 1.8, 2.0]
disc:  367  :[0.0, 5.4, 6.0]
disc:  368  :[0.0, 0.2, 2.0]
disc:  369  :[0.0, 1.8, 2.0]
disc:  370  :[0.0, 0.9, 1.0]
disc:  371  :[0.0, 0.2, 2.0]
disc:  372  :[0.0, 0.2, 2.0]
disc:  373  :[0.0, 1.0850939256315422, 1.485093925631542, 2.0]
disc:  374  :[0.0, 0.9198004772364244, 2.1198004772364243, 6.0]
disc:  375  :[0.0, 0.2093987658904242, 2.0]
disc:  376  :[0.0, 0.2, 2.0]
disc:  377  :[0.0, 4.390601234109576, 5.590601234109576, 6.0]
disc:  378  :[0.0, 2.4093987658904235, 3.6093987658904236, 6.0]
disc:  379  :[0.0, 1.790601234109576, 2.0]
disc:  380  :[0.0, 0.1, 1.0]
disc:  381  :[0.0, 0.3, 3.0]
disc:  382  :[0.0, 0.7093987658904239, 1.309398765890424, 3.0]
disc:  383  :[0.0, 1.8, 2.0]
disc:  384  :[0.0, 0.6, 6.0]
disc:  385  :[0.0, 0.2, 2.0]
disc:  502  :[0.0, 0.1, 1.0]
disc:  503  :[0.0, 0.1, 1.0]
disc:  504  :[0.0, 0.1, 1.0]
disc:  505  :[0.0, 0.640421144123017, 0.8404211441230169, 1.0]
disc:  506  :[0.0, 0.10515197180908628, 0.30515197180908626, 1.0]
disc:  507  :[0.0, 0.9, 1.0]
disc:  508  :[0.0, 0.1, 1.0]
disc:  509  :[0.0, 0.1, 1.0]
disc:  510  :[0.0, 0.1325629978323096, 1.0]
disc:  511  :[0.0, 0.1595788558769831, 0.35957885587698313, 1.0]
disc:  512  :[0.0, 0.1, 1.0]
disc:  513  :[0.0, 0.9, 1.0]
disc:  514  :[0.0, 0.1, 1.0]
disc:  515  :[0.0, 0.1, 1.0]
disc:  516  :[0.0, 0.275, 0.475, 1.0]
disc:  517  :[0.0, 0.1, 1.0]
disc:  518  :[0.0, 0.1, 1.0]
disc:  519  :[0.0, 0.1, 1.0]
disc:  520  :[0.0, 0.525, 0.725, 1.0]
disc:  521  :[0.0, 0.1, 1.0]
disc:  522  :[0.0, 0.1, 1.0]
disc:  523  :[0.0, 0.1, 1.0]
disc:  524  :[0.0, 0.9, 1.0]
disc:  525  :[0.0, 0.16458019095495793, 0.36458019095495797, 1.0]
disc:  526  :[0.0, 0.17578242839189076, 0.3757824283918908, 1.0]
disc:  527  :[0.0, 0.1, 1.0]
disc:  528  :[0.0, 0.275, 0.475, 1.0]
disc:  529  :[0.0, 0.1, 1.0]
disc:  530  :[0.0, 0.9, 1.0]
disc:  531  :[0.0, 0.1, 1.0]
disc:  532  :[0.0, 0.5514959515548362, 0.7514959515548362, 1.0]
disc:  533  :[0.0, 0.1, 1.0]
disc:  534  :[0.0, 0.1, 1.0]
disc:  535  :[0.0, 0.1, 1.0]
disc:  536  :[0.0, 0.1, 1.0]
disc:  537  :[0.0, 0.1, 1.0]
disc:  538  :[0.0, 0.1, 1.0]
disc:  539  :[0.0, 0.1, 1.0]
disc:  540  :[0.0, 0.24850404844516386, 0.4485040484451639, 1.0]
disc:  541  :[0.0, 0.1, 1.0]
disc:  542  :[0.0, 0.1, 1.0]
disc:  543  :[0.0, 0.1, 1.0]
disc:  544  :[0.0, 0.9, 1.0]
disc:  545  :[0.0, 0.1, 1.0]
disc:  546  :[0.0, 0.1, 1.0]
disc:  547  :[0.0, 0.6354198090450421, 0.8354198090450421, 1.0]
disc:  548  :[0.0, 0.1, 1.0]
disc:  549  :[0.0, 0.9, 1.0]
disc:  550  :[0.0, 0.1, 1.0]
disc:  551  :[0.0, 0.1, 1.0]
disc:  552  :[0.0, 0.1, 1.0]
disc:  553  :[0.0, 0.1, 1.0]
disc:  554  :[0.0, 0.1, 1.0]
disc:  555  :[0.0, 0.1, 1.0]
disc:  556  :[0.0, 0.9, 1.0]
disc:  557  :[0.0, 0.1, 1.0]
disc:  558  :[0.0, 0.1, 1.0]
disc:  559  :[0.0, 0.6948480281909137, 0.8948480281909137, 1.0]
disc:  560  :[0.0, 0.1, 1.0]
disc:  561  :[0.0, 0.1, 1.0]
disc:  562  :[0.0, 0.1, 1.0]
disc:  563  :[0.0, 0.1, 1.0]
disc:  564  :[0.0, 0.1, 1.0]
disc:  565  :[0.0, 0.1, 1.0]
disc:  566  :[0.0, 0.9, 1.0]
disc:  567  :[0.0, 0.1, 1.0]
disc:  568  :[0.0, 0.1, 1.0]
disc:  569  :[0.0, 0.21665457377579964, 0.4166545737757996, 1.0]
disc:  570  :[0.0, 0.1, 1.0]
disc:  571  :[0.0, 0.1, 1.0]
disc:  572  :[0.0, 0.9, 1.0]
  Completed presolve in 9.14s
LOWER-BOUNDING ITERATIONS
====================================================================================================
| Iter   | Incumbent       | Best Incumbent      | Lower Bound        | Gap (%)         | Time      
| finish | -632.8126       | -632.8126           | -634.3848          | 0.248           | 20.45s           
Final UBD: -632.8126074736058
Final LBD: -634.3847999301041
====================================================================================================

*** Alpine ended with status OTHER_LIMIT ***

 Total time for local solves: 6.61s

 Total time for solving max-min problems: 0.0s

 Total time excluding max-min time: 20.45s

presolve objective value: -632.8126074736058
w_opt: 1-dimensional DenseAxisArray{Float64,1,...} with index sets:
    Dimension 1, [(25, 1, 2), (25, 1, 1), (25, 1, 14), (20, 1, 2), (20, 1, 1), (20, 1, 14), (1, 1, 2), (1, 1, 1), (1, 1, 14), (2, 1, 2)  …  (20, 15, 23), (20, 15, 3), (8, 15, 30), (8, 15, 29), (8, 15, 23), (8, 15, 3), (2, 15, 30), (2, 15, 29), (2, 15, 23), (2, 15, 3)]
And data, a 261-element Vector{Float64}:
 1.3029919031096724
 0.0
 0.0
 0.6970080968903277
 0.0
 0.0
 0.0
 0.0
 0.0
 0.0
 0.0
 0.0
 0.0
 0.0
 0.0
 0.0
 1.990601234109576
 0.0
 0.0
 1.009398765890424
 0.0
 0.0
 0.0
 0.0
 0.0
 0.0
 0.0
 0.0
 0.0
 1.023831683690439
 0.6173840907822512
 0.0
 0.0
 0.0
 0.0
 3.966769550419137
 2.392014675108172
 0.0
 0.0
 0.0
 0.0
 0.0
 0.0
 0.0
 0.0
 0.0
 0.0
 0.0
 0.0
 1.2850939256315421
 1.5198004772364246
 0.009398765890424174
 0.0
 0.0
 0.0
 0.0
 0.0
 0.0
 0.0
 2.0
 1.0
 0.0
 0.0
 0.0
 0.0
 0.0
 0.0
 0.0
 0.0
 0.0
 0.0
 0.06512599566461917
 0.19537798699385756
 0.0
 0.7499999999999996
 2.2500000000000004
 0.0
 0.5515648567837812
 1.6546945703513447
 0.0
 0.0
 0.0
 0.0
 0.0
 0.0
 0.0
 0.0
 0.0
 0.0
 0.0
 0.0
 0.0
 0.6333091475515988
 1.899927442654798
 0.0
 0.0
 0.0
 0.0
 0.0
 0.0
 0.0
 1.5747556262481393
 0.7864486302816516
 0.6387957434702092
 0.0
 0.0
 0.0
 0.0
 0.0
 0.0
 0.0
 0.0
 0.0
 0.0
 0.0
 0.0
 0.0
 0.0
 2.8228395455175135
 2.1771604544824865
 0.0
 0.0
 0.0
 1.693703727310508
 1.306296272689492
 0.0
 0.0
 0.0
 0.0
 0.0
 0.0
 0.0
 0.0
 0.0
 0.0
 0.0
 0.0
 0.0
 0.0
 0.0
 0.0
 0.0
 0.0
 0.0
 0.0
 0.0
 0.0
 0.0
 0.0
 0.0
 0.0
 0.0
 0.0
 0.5291603819099159
 0.264580190954958
 0.0
 0.0
 1.4708396180900842
 0.7354198090450422
 0.0
 0.0
 0.0
 0.0
 0.0
 0.0
 0.0
 0.0
 0.0
 0.0
 0.0
 0.0
 0.0
 0.0
 2.0
 0.0
 0.0
 0.0
 0.3483600477738392
 0.0
 0.0
 0.0
 0.0
 0.0
 0.0
 0.0
 0.0
 0.0
 0.0
 0.0
 0.0
 0.0
 0.0
 0.0
 0.0
 1.651639952226161
 1.0
 0.34836004777383933
 0.0
 0.0
 0.0
 0.0
 0.0
 0.0
 0.0
 0.0
 0.0
 1.480842288246034
 0.740421144123017
 0.0
 0.5191577117539662
 0.2595788558769831
 0.0
 0.0
 0.0
 0.0
 0.0
 0.0
 0.0
 0.0
 0.0
 0.0
 0.0
 0.0
 0.0
 0.0
 0.3105141005849518
 0.6444775529484653
 0.0
 0.0
 0.0
 0.0
 0.0
 0.0
 0.0
 0.0
 0.0
 0.0
 0.0
 0.0
 0.0
 0.0
 0.0
 0.0
 0.0
 0.0
 0.0
 0.0
 0.0
 0.0
 0.0
 0.0
 0.0
 0.0
 0.0
 0.0
 0.0
 0.0
 2.0
 2.642241186335738
 0.0
 1.0
x_ij_opt: 1-dimensional DenseAxisArray{Float64,1,...} with index sets:
    Dimension 1, [(43, 30), (43, 22), (43, 6), (44, 22), (45, 30), (45, 29), (45, 28), (45, 24), (45, 23), (40, 29)  …  (5, 7), (5, 14), (6, 4), (6, 3), (1, 14), (1, 10), (1, 23), (1, 1), (3, 2), (3, 1)]
And data, a 116-element Vector{Float64}:
 0.0
 0.0
 1.6498082929945468
 0.0
 0.0
 0.0
 1.6894858994150483
 0.0
 0.0
 0.0
 0.0
 0.0
 0.0
 0.0
 0.0
 0.0
 0.0
 0.0
 0.22821621323639993
 0.0
 0.0
 0.0
 0.0
 0.0
 0.0
 0.0
 0.0
 2.0
 0.0
 0.0
 0.0
 0.0
 0.0
 0.0
 0.0
 0.0
 0.0
 0.0
 0.0
 0.0
 0.0
 0.0
 0.0
 0.35019170700545327
 0.0
 0.0
 0.0
 0.0
 0.0
 0.0
 0.0
 0.0
 0.0
 0.0
 0.0
 0.6516399522261602
 0.0
 1.4834567271719792
 0.21355136971834837
 2.0
 0.0
 0.0
 0.0
 0.0
 6.0
 0.0
 0.0
 0.0
 0.0
 0.7717837867636
 0.0
 0.0
 0.0
 0.0
 0.0
 0.0
 0.3555224470515347
 0.7149060743684579
 0.0
 0.0
 0.0
 0.0
 0.0
 0.0
 0.0
 0.0
 0.0
 0.0
 0.0
 0.0
 0.0
 0.0
 0.3451028433654357
 0.0
 0.0
 0.0
 0.0
 0.0
 0.0
 0.0
 0.0
 0.0
 0.0
 0.0
 0.0
 0.31968522048804865
 0.0
 0.0
 0.0
 0.0
 0.10555915326381239
 0.0
 0.0
 5.361204256529791
 0.0
 0.0
x_il_opt: 1-dimensional DenseAxisArray{Float64,1,...} with index sets:
    Dimension 1, [(43, 15), (43, 14), (44, 15), (44, 13), (44, 3), (40, 14), (40, 2), (41, 14), (42, 6), (37, 13)  …  (4, 13), (5, 2), (5, 7), (5, 9), (6, 11), (1, 1), (1, 6), (1, 3), (2, 1), (2, 15)]
And data, a 71-element Vector{Float64}:
 0.0
 0.0
 0.0
 2.2212634323690508
 1.6412157744726903
 0.9549916535334171
 0.0
 0.0
 0.2605039826584767
 0.7787365676309492
 0.0
 3.0
 0.0
 0.0
 3.0
 0.0
 0.0
 0.0
 5.000000000000001
 0.0
 0.0
 0.0
 3.0
 0.7937405728648739
 2.206259427135126
 0.0
 3.0
 0.0
 2.3483600477738396
 0.0
 1.3029919031096724
 0.0
 0.0
 0.0
 0.0
 0.0
 0.0
 0.0
 0.6970080968903277
 0.0
 0.0
 0.0
 3.0
 0.0
 0.0
 2.2062594271351266
 0.0
 3.0
 0.0
 0.0
 0.0
 0.0
 0.0
 0.0
 2.814293168758391
 0.0
 0.0
 6.35878422552731
 0.0
 0.0
 0.0
 0.0
 0.0
 0.0
 0.0
 0.0
 0.0
 2.533236590206397
 0.0
 0.0
 5.642241186335737
x_lj_opt: 1-dimensional DenseAxisArray{Float64,1,...} with index sets:
    Dimension 1, [(15, 30), (15, 29), (15, 23), (15, 3), (14, 28), (14, 27), (14, 10), (14, 24), (13, 26), (13, 25)  …  (3, 6), (3, 5), (3, 29), (2, 4), (2, 3), (2, 1), (2, 5), (1, 2), (1, 1), (1, 14)]
And data, a 53-element Vector{Float64}:
 2.0
 2.642241186335738
 0.0
 1.0
 0.3105141005849518
 0.6444775529484653
 0.0
 0.0
 2.0
 1.0
 0.0
 1.651639952226161
 1.0
 0.348360047773839
 2.0
 0.0
 0.0
 0.0
 0.3483600477738392
 0.0
 0.0
 2.0
 1.0
 0.0
 0.0
 0.0
 4.516543272828021
 3.4834567271719785
 0.0
 0.0
 1.5747556262481393
 0.7864486302816516
 0.6387957434702092
 2.0
 6.0
 0.0
 2.0
 1.0
 0.0
 0.0
 1.2850939256315421
 1.5198004772364244
 0.009398765890424174
 0.0
 4.990601234109576
 3.0093987658904235
 1.990601234109576
 0.0
 0.0
 1.009398765890424
 2.0
 0.0
 0.0
q_opt: 1-dimensional DenseAxisArray{Float64,1,...} with index sets:
    Dimension 1, [(43, 15), (43, 14), (44, 15), (44, 13), (44, 3), (40, 14), (40, 2), (41, 14), (42, 6), (37, 13)  …  (4, 13), (5, 2), (5, 7), (5, 9), (6, 11), (1, 1), (1, 6), (1, 3), (2, 1), (2, 15)]
And data, a 71-element Vector{Float64}:
 0.0
 0.0
 0.0
 0.740421144123017
 0.2051519718090863
 1.0
 0.0
 0.0
 0.032562997832309586
 0.2595788558769831
 0.0
 1.0
 0.0
 0.0
 0.375
 0.0
 0.0
 0.0
 0.625
 0.0
 0.0
 0.0
 1.0
 0.26458019095495794
 0.27578242839189077
 0.0
 0.375
 0.0
 1.0
 0.0
 0.6514959515548362
 0.0
 0.0
 0.0
 0.0
 0.0
 0.0
 0.0
 0.34850404844516386
 0.0
 0.0
 0.0
 1.0
 0.0
 0.0
 0.7354198090450421
 0.0
 1.0
 0.0
 0.0
 0.0
 0.0
 0.0
 0.0
 1.0
 0.0
 0.0
 0.7948480281909137
 0.0
 0.0
 0.0
 0.0
 0.0
 0.0
 1.0
 0.0
 0.0
 0.31665457377579964
 0.0
 0.0
 1.0
