
PROBLEM STATISTICS
  Objective sense = Min
  # Variables = 572
  # Bin-Int Variables = 0
  # Constraints = 621
  # NL Constraints = 261
  # Linear Constraints = 360
  # Detected convex constraints = 0
  # Detected nonlinear terms = 261
  # Variables involved in nonlinear terms = 124
  # Potential variables for partitioning = 124
SUB-SOLVERS USED BY ALPINE
  NLP local solver = Knitro
  MIP solver = Gurobi
ALPINE CONFIGURATION
  Maximum iterations (lower-bounding MIPs) =  1
  Relative global optimality gap = 0.01%
  Potential variables chosen for partitioning = All
  Discretization ratio = 10
  Bound-tightening presolve = false
PRESOLVE 
  Doing local search

Feasible solution found during presolve: [1.4061758201599066, 0.0, 0.0, 0.5938241798400934, 0.0, 0.0, 0.0, 0.0, 0.0, 0.0, 0.0, 0.0, 0.0, 0.0, 0.0, 0.0, 2.0, 0.0, 0.09802582690011992, 0.9019741730998804, 0.0, 0.0, 0.0, 0.0, 0.0, 0.0, 0.0, 0.0, 0.0, 0.044491497558478775, 0.01295005356237647, 0.0, 0.0, 0.0, 0.0, 4.937449963367905, 1.437133946842906, 0.0, 0.0, 0.0, 0.0, 0.0, 0.0, 0.0, 0.0, 0.0, 0.0, 0.0, 0.0, 0.0, 0.0, 0.0, 0.0, 0.0, 0.0, 0.0, 0.0, 0.0, 0.0, 2.0, 1.0, 0.0, 0.0, 0.0, 0.0, 0.0, 0.0, 0.0, 0.0, 0.0, 0.0, 0.7184521065735074, 2.155356319720522, 0.0, 0.0, 0.0, 0.0, 0.7499999999999996, 2.2500000000000004, 0.0, 0.0, 0.0, 0.0, 0.0, 0.0, 0.0, 0.0, 0.0, 0.0, 0.0, 0.0, 0.0, 0.5315478934264929, 1.5946436802794788, 0.0, 0.0, 0.0, 0.0, 0.0, 0.0, 0.0, 2.0, 0.9718342531941488, 0.02816574680585123, 0.0, 0.0, 0.0, 0.0, 0.0, 0.0, 0.0, 0.0, 0.0, 0.0, 0.0, 0.0, 0.0, 0.0, 3.343787336967973, 2.688742699740034, 0.0, 0.0, 0.0, 1.090554229997785, 0.8769157332942085, 0.0, 0.0, 0.0, 0.0, 0.0, 0.0, 0.0, 0.0, 0.0, 0.0, 0.0, 0.0, 0.0, 0.0, 0.0, 0.0, 0.0, 0.0, 0.0, 0.0, 0.0, 0.0, 0.0, 0.0, 0.0, 0.0, 0.16216404799344009, 0.0, 0.0, 0.0, 0.0, 0.0, 0.0, 0.0, 0.0, 0.0, 0.0, 0.0, 0.0, 0.0, 0.0, 0.0, 0.0, 0.0, 0.0, 0.0, 0.0, 0.0, 1.5717661325041392, 0.0, 0.0, 0.0, 1.3121495015221256, 0.11608436597373496, 0.0, 0.0, 0.0, 0.0, 0.0, 0.0, 0.0, 0.0, 0.0, 0.0, 0.0, 0.0, 0.0, 0.0, 0.0, 0.6878504984778743, 1.0, 1.3121495015221258, 0.0, 0.0, 0.0, 0.0, 0.0, 0.0, 0.0, 0.0, 0.0, 1.519059291906205, 0.7595296459531026, 0.0, 0.480940708093795, 0.24047035404689754, 0.0, 0.0, 0.0, 0.0, 0.0, 0.0, 0.0, 0.0, 0.0, 0.0, 0.0, 0.0, 0.0, 0.0, 0.48944154067627027, 0.6289174673926784, 0.0, 0.0, 0.0, 0.0, 0.0, 0.0, 0.0, 0.0, 0.0, 0.0, 0.0, 0.0, 0.0, 0.0, 0.0, 0.0, 0.0, 0.0, 0.0, 0.0, 0.0, 0.0, 0.27769748967144425, 0.03301357982136449, 0.0, 0.13884874483572204, 0.0, 0.0, 0.0, 0.0, 1.7223025103285559, 0.20475291825122735, 0.0, 0.8611512551642779, 0.0, 0.0, 0.0, 2.2785889378593076, 0.05744155112085525, 1.1183590080689487, 0.0, 0.0, 2.8738084262940293, 0.7214110621406925, 0.0, 3.0, 0.0, 0.0, 0.0, 0.0, 0.0, 0.0, 6.032530036708007, 0.0, 0.0, 0.0, 3.0, 0.0, 3.0, 0.0, 1.9674699632919936, 0.0, 3.0, 0.0, 1.4061758201599066, 0.0, 0.0, 0.0, 0.0, 0.0, 0.0, 0.0, 0.5938241798400934, 0.4495598143285308, 0.0, 0.0, 3.0, 0.0, 0.0, 0.0, 0.0, 3.0, 0.0, 0.0, 0.0, 0.0, 0.0, 0.0, 0.0, 0.0, 0.0, 6.374583910210812, 0.0, 0.0, 0.0, 0.0, 0.0, 0.0, 0.16216404799344009, 0.0, 0.0, 2.1261915737059716, 0.0, 0.0, 2.788206683744061, 2.0, 0.23776649807259184, 0.0, 1.0, 0.48944154067627027, 0.6289174673926784, 0.0, 0.0, 2.0, 1.0, 0.0, 0.6878504984778743, 1.0, 1.3121495015221258, 1.5717661325041392, 0.0, 0.0, 0.0, 1.3121495015221256, 0.11608436597373496, 0.0, 0.0, 0.0, 0.16216404799344009, 0.0, 0.0, 4.434341566965758, 3.5656584330342422, 0.0, 0.0, 2.0, 0.9718342531941488, 0.02816574680585123, 2.0, 6.0, 0.0, 2.0, 1.0, 0.0, 0.0, 0.0, 0.0, 0.0, 0.0, 4.981941460926385, 1.4500840004052826, 2.0, 0.0, 0.09802582690011992, 0.9019741730998804, 2.0, 0.0, 0.0, 0.0, 0.42823386749586084, 1.4699044713725116, 0.0, 0.0, 0.0, 1.5105584593237298, 0.0, 0.0, 0.0, 0.0, 0.0, 0.0, 0.0, 0.0, 0.0, 0.0, 0.0, 0.2493921716860651, 0.0, 0.0, 0.0, 0.0, 0.0, 0.0, 0.0, 0.0, 2.0, 0.0, 3.0, 0.0, 0.0, 0.0, 0.0, 0.0, 0.0, 0.0, 0.0, 0.0, 0.0, 0.0, 0.0, 0.0, 0.5300955286274885, 0.0, 0.0, 0.0, 0.0, 0.0, 0.0, 0.0, 0.0, 0.0, 0.0, 0.0, 0.0, 0.0, 1.565658433034242, 0.028165746805851207, 1.83783595200656, 0.0, 0.0, 0.0, 0.0, 6.0, 0.0, 0.0, 0.0, 0.0, 0.7506078283139349, 0.0, 0.0, 0.0, 0.0, 0.0, 0.0, 0.3710825326073217, 0.6402909760869813, 0.0, 0.0, 0.0, 0.0, 0.0, 0.0, 0.0, 0.0, 0.0, 0.0, 0.0, 0.0, 0.0, 1.3597090239130187, 0.017244096640401434, 0.0, 0.0, 0.0, 0.0, 0.0, 0.0, 0.0, 0.0, 0.0, 0.0, 0.0, 0.0, 0.0, 0.0, 0.0, 0.0, 0.0, 0.0, 0.0, 0.0, 5.873808426294029, 0.0, 0.0, 0.0, 0.0, 0.0, 0.7595296459531025, 0.008930554063597055, 1.0, 0.0, 0.0, 0.35922605328675367, 0.2404703540468975, 0.0, 1.0, 0.0, 0.0, 0.0, 0.0, 0.0, 0.0, 0.7540662545885009, 0.0, 0.0, 0.0, 1.0, 1.0, 0.375, 0.0, 0.2459337454114992, 0.0, 1.0, 0.0, 0.7030879100799533, 0.0, 0.0, 0.0, 0.0, 0.0, 0.0, 0.0, 0.2969120899200467, 0.13884874483572204, 0.0, 0.0, 1.0, 0.0, 0.0, 0.0, 0.0, 1.0, 0.0, 0.0, 0.0, 0.0, 0.0, 0.0, 0.0, 1.0, 0.0, 0.9910694459364029, 0.0, 0.0, 0.0, 0.0, 0.0, 0.0, 1.0, 0.0, 0.0, 0.26577394671324645, 0.0, 0.0, 0.8611512551642779]  :with objective: -606.3676636013685

  Local solver returns a feasible point with value -606.3677
disc:  333  :[0.0, 1.8, 2.0]
disc:  334  :[0.0, 0.8377664980725918, 6.0]
disc:  335  :[0.0, 0.1, 1.0]
disc:  336  :[0.0, 0.9, 1.0]
disc:  337  :[0.0, 0.28944154067627026, 0.6894415406762703, 2.0]
disc:  338  :[0.0, 0.5289174673926784, 0.7289174673926784, 1.0]
disc:  339  :[0.0, 0.2, 2.0]
disc:  340  :[0.0, 0.2, 2.0]
disc:  341  :[0.0, 1.8, 2.0]
disc:  342  :[0.0, 0.9, 1.0]
disc:  343  :[0.0, 0.2, 2.0]
disc:  344  :[0.0, 0.48785049847787426, 0.8878504984778743, 2.0]
disc:  345  :[0.0, 0.9, 1.0]
disc:  346  :[0.0, 1.0121495015221258, 1.6121495015221259, 3.0]
disc:  347  :[0.0, 1.3717661325041393, 1.7717661325041392, 2.0]
disc:  348  :[0.0, 0.6, 6.0]
disc:  349  :[0.0, 0.2, 2.0]
disc:  350  :[0.0, 0.1, 1.0]
disc:  351  :[0.0, 1.1121495015221257, 1.5121495015221256, 2.0]
disc:  352  :[0.0, 0.7160843659737349, 6.0]
disc:  353  :[0.0, 0.1, 1.0]
disc:  354  :[0.0, 0.2, 2.0]
disc:  355  :[0.0, 0.1, 1.0]
disc:  356  :[0.0, 0.3621640479934401, 2.0]
disc:  357  :[0.0, 0.1, 1.0]
disc:  358  :[0.0, 0.2, 2.0]
disc:  359  :[0.0, 3.8343415669657577, 5.034341566965757, 6.0]
disc:  360  :[0.0, 2.965658433034242, 4.165658433034242, 6.0]
disc:  361  :[0.0, 0.2, 2.0]
disc:  362  :[0.0, 0.1, 1.0]
disc:  363  :[0.0, 1.8, 2.0]
disc:  364  :[0.0, 0.8718342531941489, 1.0]
disc:  365  :[0.0, 0.3281657468058512, 3.0]
disc:  366  :[0.0, 1.8, 2.0]
disc:  367  :[0.0, 5.4, 6.0]
disc:  368  :[0.0, 0.2, 2.0]
disc:  369  :[0.0, 1.8, 2.0]
disc:  370  :[0.0, 0.9, 1.0]
disc:  371  :[0.0, 0.2, 2.0]
disc:  372  :[0.0, 0.2, 2.0]
disc:  373  :[0.0, 0.2, 2.0]
disc:  374  :[0.0, 0.6, 6.0]
disc:  375  :[0.0, 0.2, 2.0]
disc:  376  :[0.0, 0.2, 2.0]
disc:  377  :[0.0, 4.381941460926385, 5.581941460926385, 6.0]
disc:  378  :[0.0, 0.8500840004052826, 2.0500840004052825, 6.0]
disc:  379  :[0.0, 1.8, 2.0]
disc:  380  :[0.0, 0.1, 1.0]
disc:  381  :[0.0, 0.3980258269001199, 3.0]
disc:  382  :[0.0, 0.6019741730998804, 1.2019741730998803, 3.0]
disc:  383  :[0.0, 1.8, 2.0]
disc:  384  :[0.0, 0.6, 6.0]
disc:  385  :[0.0, 0.2, 2.0]
disc:  502  :[0.0, 0.1, 1.0]
disc:  503  :[0.0, 0.1, 1.0]
disc:  504  :[0.0, 0.1, 1.0]
disc:  505  :[0.0, 0.6595296459531025, 0.8595296459531024, 1.0]
disc:  506  :[0.0, 0.10893055406359706, 1.0]
disc:  507  :[0.0, 0.9, 1.0]
disc:  508  :[0.0, 0.1, 1.0]
disc:  509  :[0.0, 0.1, 1.0]
disc:  510  :[0.0, 0.25922605328675363, 0.4592260532867537, 1.0]
disc:  511  :[0.0, 0.1404703540468975, 0.3404703540468975, 1.0]
disc:  512  :[0.0, 0.1, 1.0]
disc:  513  :[0.0, 0.9, 1.0]
disc:  514  :[0.0, 0.1, 1.0]
disc:  515  :[0.0, 0.1, 1.0]
disc:  516  :[0.0, 0.1, 1.0]
disc:  517  :[0.0, 0.1, 1.0]
disc:  518  :[0.0, 0.1, 1.0]
disc:  519  :[0.0, 0.1, 1.0]
disc:  520  :[0.0, 0.6540662545885009, 0.8540662545885008, 1.0]
disc:  521  :[0.0, 0.1, 1.0]
disc:  522  :[0.0, 0.1, 1.0]
disc:  523  :[0.0, 0.1, 1.0]
disc:  524  :[0.0, 0.9, 1.0]
disc:  525  :[0.0, 0.9, 1.0]
disc:  526  :[0.0, 0.275, 0.475, 1.0]
disc:  527  :[0.0, 0.1, 1.0]
disc:  528  :[0.0, 0.1459337454114992, 0.34593374541149924, 1.0]
disc:  529  :[0.0, 0.1, 1.0]
disc:  530  :[0.0, 0.9, 1.0]
disc:  531  :[0.0, 0.1, 1.0]
disc:  532  :[0.0, 0.6030879100799533, 0.8030879100799533, 1.0]
disc:  533  :[0.0, 0.1, 1.0]
disc:  534  :[0.0, 0.1, 1.0]
disc:  535  :[0.0, 0.1, 1.0]
disc:  536  :[0.0, 0.1, 1.0]
disc:  537  :[0.0, 0.1, 1.0]
disc:  538  :[0.0, 0.1, 1.0]
disc:  539  :[0.0, 0.1, 1.0]
disc:  540  :[0.0, 0.1969120899200467, 0.3969120899200467, 1.0]
disc:  541  :[0.0, 0.03884874483572204, 0.23884874483572205, 1.0]
disc:  542  :[0.0, 0.1, 1.0]
disc:  543  :[0.0, 0.1, 1.0]
disc:  544  :[0.0, 0.9, 1.0]
disc:  545  :[0.0, 0.1, 1.0]
disc:  546  :[0.0, 0.1, 1.0]
disc:  547  :[0.0, 0.1, 1.0]
disc:  548  :[0.0, 0.1, 1.0]
disc:  549  :[0.0, 0.9, 1.0]
disc:  550  :[0.0, 0.1, 1.0]
disc:  551  :[0.0, 0.1, 1.0]
disc:  552  :[0.0, 0.1, 1.0]
disc:  553  :[0.0, 0.1, 1.0]
disc:  554  :[0.0, 0.1, 1.0]
disc:  555  :[0.0, 0.1, 1.0]
disc:  556  :[0.0, 0.1, 1.0]
disc:  557  :[0.0, 0.9, 1.0]
disc:  558  :[0.0, 0.1, 1.0]
disc:  559  :[0.0, 0.8910694459364029, 1.0]
disc:  560  :[0.0, 0.1, 1.0]
disc:  561  :[0.0, 0.1, 1.0]
disc:  562  :[0.0, 0.1, 1.0]
disc:  563  :[0.0, 0.1, 1.0]
disc:  564  :[0.0, 0.1, 1.0]
disc:  565  :[0.0, 0.1, 1.0]
disc:  566  :[0.0, 0.9, 1.0]
disc:  567  :[0.0, 0.1, 1.0]
disc:  568  :[0.0, 0.1, 1.0]
disc:  569  :[0.0, 0.16577394671324644, 0.3657739467132465, 1.0]
disc:  570  :[0.0, 0.1, 1.0]
disc:  571  :[0.0, 0.1, 1.0]
disc:  572  :[0.0, 0.761151255164278, 0.9611512551642779, 1.0]
  Completed presolve in 11.1s
LOWER-BOUNDING ITERATIONS
====================================================================================================
| Iter   | Incumbent       | Best Incumbent      | Lower Bound        | Gap (%)         | Time      
| finish | -606.3677       | -606.3677           | -632.3581          | 4.286           | 21.93s           
Final UBD: -606.3676636013685
Final LBD: -632.3580545073646
====================================================================================================

*** Alpine ended with status OTHER_LIMIT ***

 Total time for local solves: 8.69s

 Total time for solving max-min problems: 0.0s

 Total time excluding max-min time: 21.93s

presolve objective value: -606.3676636013685
w_opt: 1-dimensional DenseAxisArray{Float64,1,...} with index sets:
    Dimension 1, [(25, 1, 2), (25, 1, 1), (25, 1, 14), (20, 1, 2), (20, 1, 1), (20, 1, 14), (1, 1, 2), (1, 1, 1), (1, 1, 14), (2, 1, 2)  …  (20, 15, 23), (20, 15, 3), (8, 15, 30), (8, 15, 29), (8, 15, 23), (8, 15, 3), (2, 15, 30), (2, 15, 29), (2, 15, 23), (2, 15, 3)]
And data, a 261-element Vector{Float64}:
 1.4061758201599066
 0.0
 0.0
 0.5938241798400934
 0.0
 0.0
 0.0
 0.0
 0.0
 0.0
 0.0
 0.0
 0.0
 0.0
 0.0
 0.0
 2.0
 0.0
 0.09802582690011992
 0.9019741730998804
 0.0
 0.0
 0.0
 0.0
 0.0
 0.0
 0.0
 0.0
 0.0
 0.044491497558478775
 0.01295005356237647
 0.0
 0.0
 0.0
 0.0
 4.937449963367905
 1.437133946842906
 0.0
 0.0
 0.0
 0.0
 0.0
 0.0
 0.0
 0.0
 0.0
 0.0
 0.0
 0.0
 0.0
 0.0
 0.0
 0.0
 0.0
 0.0
 0.0
 0.0
 0.0
 0.0
 2.0
 1.0
 0.0
 0.0
 0.0
 0.0
 0.0
 0.0
 0.0
 0.0
 0.0
 0.0
 0.7184521065735074
 2.155356319720522
 0.0
 0.0
 0.0
 0.0
 0.7499999999999996
 2.2500000000000004
 0.0
 0.0
 0.0
 0.0
 0.0
 0.0
 0.0
 0.0
 0.0
 0.0
 0.0
 0.0
 0.0
 0.5315478934264929
 1.5946436802794788
 0.0
 0.0
 0.0
 0.0
 0.0
 0.0
 0.0
 2.0
 0.9718342531941488
 0.02816574680585123
 0.0
 0.0
 0.0
 0.0
 0.0
 0.0
 0.0
 0.0
 0.0
 0.0
 0.0
 0.0
 0.0
 0.0
 3.343787336967973
 2.688742699740034
 0.0
 0.0
 0.0
 1.090554229997785
 0.8769157332942085
 0.0
 0.0
 0.0
 0.0
 0.0
 0.0
 0.0
 0.0
 0.0
 0.0
 0.0
 0.0
 0.0
 0.0
 0.0
 0.0
 0.0
 0.0
 0.0
 0.0
 0.0
 0.0
 0.0
 0.0
 0.0
 0.0
 0.16216404799344009
 0.0
 0.0
 0.0
 0.0
 0.0
 0.0
 0.0
 0.0
 0.0
 0.0
 0.0
 0.0
 0.0
 0.0
 0.0
 0.0
 0.0
 0.0
 0.0
 0.0
 0.0
 1.5717661325041392
 0.0
 0.0
 0.0
 1.3121495015221256
 0.11608436597373496
 0.0
 0.0
 0.0
 0.0
 0.0
 0.0
 0.0
 0.0
 0.0
 0.0
 0.0
 0.0
 0.0
 0.0
 0.0
 0.6878504984778743
 1.0
 1.3121495015221258
 0.0
 0.0
 0.0
 0.0
 0.0
 0.0
 0.0
 0.0
 0.0
 1.519059291906205
 0.7595296459531026
 0.0
 0.480940708093795
 0.24047035404689754
 0.0
 0.0
 0.0
 0.0
 0.0
 0.0
 0.0
 0.0
 0.0
 0.0
 0.0
 0.0
 0.0
 0.0
 0.48944154067627027
 0.6289174673926784
 0.0
 0.0
 0.0
 0.0
 0.0
 0.0
 0.0
 0.0
 0.0
 0.0
 0.0
 0.0
 0.0
 0.0
 0.0
 0.0
 0.0
 0.0
 0.0
 0.0
 0.0
 0.0
 0.27769748967144425
 0.03301357982136449
 0.0
 0.13884874483572204
 0.0
 0.0
 0.0
 0.0
 1.7223025103285559
 0.20475291825122735
 0.0
 0.8611512551642779
x_ij_opt: 1-dimensional DenseAxisArray{Float64,1,...} with index sets:
    Dimension 1, [(43, 30), (43, 22), (43, 6), (44, 22), (45, 30), (45, 29), (45, 28), (45, 24), (45, 23), (40, 29)  …  (5, 7), (5, 14), (6, 4), (6, 3), (1, 14), (1, 10), (1, 23), (1, 1), (3, 2), (3, 1)]
And data, a 116-element Vector{Float64}:
 0.0
 0.42823386749586084
 1.4699044713725116
 0.0
 0.0
 0.0
 1.5105584593237298
 0.0
 0.0
 0.0
 0.0
 0.0
 0.0
 0.0
 0.0
 0.0
 0.0
 0.0
 0.2493921716860651
 0.0
 0.0
 0.0
 0.0
 0.0
 0.0
 0.0
 0.0
 2.0
 0.0
 3.0
 0.0
 0.0
 0.0
 0.0
 0.0
 0.0
 0.0
 0.0
 0.0
 0.0
 0.0
 0.0
 0.0
 0.5300955286274885
 0.0
 0.0
 0.0
 0.0
 0.0
 0.0
 0.0
 0.0
 0.0
 0.0
 0.0
 0.0
 0.0
 1.565658433034242
 0.028165746805851207
 1.83783595200656
 0.0
 0.0
 0.0
 0.0
 6.0
 0.0
 0.0
 0.0
 0.0
 0.7506078283139349
 0.0
 0.0
 0.0
 0.0
 0.0
 0.0
 0.3710825326073217
 0.6402909760869813
 0.0
 0.0
 0.0
 0.0
 0.0
 0.0
 0.0
 0.0
 0.0
 0.0
 0.0
 0.0
 0.0
 1.3597090239130187
 0.017244096640401434
 0.0
 0.0
 0.0
 0.0
 0.0
 0.0
 0.0
 0.0
 0.0
 0.0
 0.0
 0.0
 0.0
 0.0
 0.0
 0.0
 0.0
 0.0
 0.0
 0.0
 5.873808426294029
 0.0
 0.0
x_il_opt: 1-dimensional DenseAxisArray{Float64,1,...} with index sets:
    Dimension 1, [(43, 15), (43, 14), (44, 15), (44, 13), (44, 3), (40, 14), (40, 2), (41, 14), (42, 6), (37, 13)  …  (4, 13), (5, 2), (5, 7), (5, 9), (6, 11), (1, 1), (1, 6), (1, 3), (2, 1), (2, 15)]
And data, a 71-element Vector{Float64}:
 0.0
 0.0
 0.0
 2.2785889378593076
 0.05744155112085525
 1.1183590080689487
 0.0
 0.0
 2.8738084262940293
 0.7214110621406925
 0.0
 3.0
 0.0
 0.0
 0.0
 0.0
 0.0
 0.0
 6.032530036708007
 0.0
 0.0
 0.0
 3.0
 0.0
 3.0
 0.0
 1.9674699632919936
 0.0
 3.0
 0.0
 1.4061758201599066
 0.0
 0.0
 0.0
 0.0
 0.0
 0.0
 0.0
 0.5938241798400934
 0.4495598143285308
 0.0
 0.0
 3.0
 0.0
 0.0
 0.0
 0.0
 3.0
 0.0
 0.0
 0.0
 0.0
 0.0
 0.0
 0.0
 0.0
 0.0
 6.374583910210812
 0.0
 0.0
 0.0
 0.0
 0.0
 0.0
 0.16216404799344009
 0.0
 0.0
 2.1261915737059716
 0.0
 0.0
 2.788206683744061
x_lj_opt: 1-dimensional DenseAxisArray{Float64,1,...} with index sets:
    Dimension 1, [(15, 30), (15, 29), (15, 23), (15, 3), (14, 28), (14, 27), (14, 10), (14, 24), (13, 26), (13, 25)  …  (3, 6), (3, 5), (3, 29), (2, 4), (2, 3), (2, 1), (2, 5), (1, 2), (1, 1), (1, 14)]
And data, a 53-element Vector{Float64}:
 2.0
 0.23776649807259184
 0.0
 1.0
 0.48944154067627027
 0.6289174673926784
 0.0
 0.0
 2.0
 1.0
 0.0
 0.6878504984778743
 1.0
 1.3121495015221258
 1.5717661325041392
 0.0
 0.0
 0.0
 1.3121495015221256
 0.11608436597373496
 0.0
 0.0
 0.0
 0.16216404799344009
 0.0
 0.0
 4.434341566965758
 3.5656584330342422
 0.0
 0.0
 2.0
 0.9718342531941488
 0.02816574680585123
 2.0
 6.0
 0.0
 2.0
 1.0
 0.0
 0.0
 0.0
 0.0
 0.0
 0.0
 4.981941460926385
 1.4500840004052826
 2.0
 0.0
 0.09802582690011992
 0.9019741730998804
 2.0
 0.0
 0.0
q_opt: 1-dimensional DenseAxisArray{Float64,1,...} with index sets:
    Dimension 1, [(43, 15), (43, 14), (44, 15), (44, 13), (44, 3), (40, 14), (40, 2), (41, 14), (42, 6), (37, 13)  …  (4, 13), (5, 2), (5, 7), (5, 9), (6, 11), (1, 1), (1, 6), (1, 3), (2, 1), (2, 15)]
And data, a 71-element Vector{Float64}:
 0.0
 0.0
 0.0
 0.7595296459531025
 0.008930554063597055
 1.0
 0.0
 0.0
 0.35922605328675367
 0.2404703540468975
 0.0
 1.0
 0.0
 0.0
 0.0
 0.0
 0.0
 0.0
 0.7540662545885009
 0.0
 0.0
 0.0
 1.0
 1.0
 0.375
 0.0
 0.2459337454114992
 0.0
 1.0
 0.0
 0.7030879100799533
 0.0
 0.0
 0.0
 0.0
 0.0
 0.0
 0.0
 0.2969120899200467
 0.13884874483572204
 0.0
 0.0
 1.0
 0.0
 0.0
 0.0
 0.0
 1.0
 0.0
 0.0
 0.0
 0.0
 0.0
 0.0
 0.0
 1.0
 0.0
 0.9910694459364029
 0.0
 0.0
 0.0
 0.0
 0.0
 0.0
 1.0
 0.0
 0.0
 0.26577394671324645
 0.0
 0.0
 0.8611512551642779
