
PROBLEM STATISTICS
  Objective sense = Min
  # Variables = 572
  # Bin-Int Variables = 0
  # Constraints = 621
  # NL Constraints = 261
  # Linear Constraints = 360
  # Detected convex constraints = 0
  # Detected nonlinear terms = 261
  # Variables involved in nonlinear terms = 124
  # Potential variables for partitioning = 124
SUB-SOLVERS USED BY ALPINE
  NLP local solver = Knitro
  MIP solver = Gurobi
ALPINE CONFIGURATION
  Maximum iterations (lower-bounding MIPs) =  1
  Relative global optimality gap = 0.01%
  Potential variables chosen for partitioning = All
  Discretization ratio = 10
  Bound-tightening presolve = false
PRESOLVE 
  Doing local search

Feasible solution found during presolve: [1.458898549462939, 0.0, 0.0, 0.541101450537061, 0.0, 0.0, 0.0, 0.0, 0.0, 0.0, 0.0, 0.0, 0.0, 0.0, 0.0, 0.0, 1.892158531908988, 0.0, 0.024427863848415124, 1.083413604242597, 0.0, 0.0, 0.0, 0.0, 0.0, 0.0, 0.0, 0.0, 0.0, 1.4824939192916493, 0.9297389593103271, 0.0, 0.0, 0.0, 0.0, 3.434092476465753, 2.153674644932271, 0.0, 0.0, 0.0, 0.0, 0.0, 0.0, 0.0, 0.0, 0.0, 0.0, 0.0, 0.0, 1.427479265715398, 2.7747411440729572, 0.10784146809101221, 0.0, 0.0, 0.0, 0.0, 0.0, 0.0, 0.0, 1.8600744123829802, 1.0, 0.0, 0.0, 0.0, 0.0, 0.0, 0.0, 0.0, 0.0, 0.0, 0.0, 0.14675100594210547, 0.4402530178263163, 0.0, 0.7499999999999998, 2.25, 0.0, 0.4628366572743118, 1.388509971822936, 0.0, 0.0, 0.0, 0.0, 0.0, 0.0, 0.0, 0.0, 0.0, 0.0, 0.0, 0.0, 0.0, 0.6404123367835828, 1.9212370103507486, 0.0, 0.0, 0.0, 0.0, 0.0, 0.0, 0.0, 1.516341051004352, 0.9464374657097329, 0.5372214832859149, 0.0, 0.0, 0.0, 0.0, 0.0, 0.0, 0.0, 0.0, 0.0, 0.0, 0.0, 0.0, 0.0, 0.0, 4.567474059568955, 2.5686801003049275, 0.0, 0.0, 0.0, 0.5529019381936006, 0.3109439019325176, 0.0, 0.0, 0.0, 0.0, 0.0, 0.0, 0.0, 0.0, 0.0, 0.0, 0.0, 0.0, 0.0, 0.0, 0.0, 0.0, 0.0, 0.0, 0.0, 0.0, 0.0, 0.0, 0.6079149140093492, 0.0, 0.0, 0.0, 0.0, 0.0, 0.765768913935168, 0.3828844569675839, 0.0, 0.0, 1.2342310860648322, 0.617115543032416, 0.0, 0.0, 0.0, 0.0, 0.0, 0.0, 0.0, 0.0, 0.0, 0.0, 0.0, 0.0, 0.0, 0.0, 2.0, 0.0, 0.0, 0.0, 0.6543651463104022, 0.0, 0.0, 0.0, 0.0, 0.0, 0.0, 0.0, 0.0, 0.0, 0.0, 0.0, 0.0, 0.0, 0.0, 0.0, 0.0, 1.3456348536895977, 1.0, 0.6543651463104022, 0.0, 0.0, 0.0, 0.0, 0.0, 0.0, 0.0, 0.0, 0.0, 1.380198953769703, 0.6900994768848515, 0.0, 0.619801046230297, 0.3099005231151485, 0.0, 0.0, 0.0, 0.0, 0.0, 0.0, 0.0, 0.0, 0.0, 0.0, 0.0, 0.0, 0.0, 0.0, 0.037172245154534024, 0.319562490416435, 0.0, 0.0, 0.0, 0.0, 0.0, 0.0, 0.0791500588370682, 0.680437509583565, 0.0, 0.0, 0.0, 0.0, 0.0, 0.0, 0.0, 0.0, 0.0, 0.0, 0.0, 0.0, 0.0, 0.0, 0.3327872782133409, 0.3764192261599253, 0.0, 0.16639363910667054, 0.0, 0.0, 0.0, 0.0, 1.667212721786659, 1.8858020232870738, 0.0, 0.8336063608933295, 0.0, 0.0, 0.0, 2.0702984306545544, 2.412232878601976, 0.356734735570969, 0.0, 0.0, 0.5870040237684218, 0.9297015693454453, 0.0, 3.0, 0.0, 0.0, 3.0, 0.0, 0.0, 0.0, 7.136154159873882, 0.0, 0.0, 0.7595875684206332, 3.0, 1.148653370902752, 1.8513466290972478, 0.0, 0.8638458401261182, 0.0, 2.6543651463104023, 0.6079149140093492, 1.458898549462939, 0.0, 0.0, 0.0, 0.0, 0.0, 0.0, 0.0, 0.541101450537061, 0.8756001434799368, 0.0, 0.0, 2.86007441238298, 0.0, 0.0, 1.8513466290972482, 0.0, 3.0, 0.0, 0.0, 0.0, 0.0, 0.0, 0.0, 4.310061877879367, 0.0, 0.0, 5.5877671213980245, 0.0, 0.0, 0.0, 0.0, 0.0, 0.0, 0.0, 0.0, 0.0, 2.561649347134331, 0.0, 0.0, 4.386621105967063, 2.0, 2.262221249446999, 0.0, 1.0, 0.11632230399160225, 1.0, 0.0, 0.0, 2.0, 1.0, 0.0, 1.3456348536895977, 1.0, 0.6543651463104022, 2.0, 0.0, 0.0, 0.0, 0.6543651463104022, 0.0, 0.0, 2.0, 1.0, 0.6079149140093492, 0.0, 0.0, 5.120375997762555, 2.879624002237445, 0.0, 0.0, 1.516341051004352, 0.946437465709733, 0.5372214832859149, 2.0, 6.0, 0.0, 1.8600744123829802, 1.0, 0.0, 0.0, 1.427479265715398, 2.7747411440729572, 0.10784146809101221, 0.0, 4.9165863957574025, 3.0834136042425984, 1.892158531908988, 0.0, 0.024427863848415124, 1.083413604242597, 2.0, 0.0, 0.0, 0.0, 0.0, 1.136154159873882, 0.0, 0.0, 0.0, 1.8836776960083979, 0.0, 0.0, 0.0, 0.0, 0.0, 0.0, 0.0, 0.0, 0.0, 0.0, 0.0, 0.27324244736552844, 0.0, 0.0, 0.0, 0.0, 0.0, 0.0, 0.0, 0.0, 2.0, 0.0, 0.0, 0.0, 0.0, 0.0, 0.0, 0.0, 0.0, 0.0, 0.0, 0.0, 0.0, 0.0, 0.0, 0.0, 0.8638458401261185, 0.0, 0.0, 0.0, 0.0, 0.0, 0.0, 0.0, 0.0, 0.0, 0.0, 0.0, 0.34563485368959773, 0.0, 0.8796240022374447, 0.053562534290267014, 1.3920850859906508, 0.0, 0.0, 0.0, 0.0, 6.0, 0.0, 0.0, 0.0, 0.0, 0.7267575526344715, 0.0, 0.0, 0.0, 0.0, 0.0, 0.0, 0.0, 0.572520734284602, 0.0, 0.0, 0.0, 0.0, 0.0, 0.0, 0.0, 0.0, 0.0, 0.1399255876170199, 0.0, 0.0, 0.0, 0.0, 0.0, 0.0, 0.0, 0.0, 0.0, 0.0, 0.0, 0.0, 0.0, 0.0, 0.0, 0.0, 0.0, 0.48365894899564804, 0.0, 0.0, 0.0, 0.0, 0.0, 0.0, 0.0, 5.43835065286567, 0.0, 0.0, 0.0, 0.0, 0.0, 0.6900994768848515, 0.301529109825247, 0.319562490416435, 0.0, 0.0, 0.07337550297105272, 0.3099005231151485, 0.0, 1.0, 0.0, 0.0, 0.375, 0.0, 0.0, 0.0, 0.8920192699842352, 0.0, 0.0, 0.680437509583565, 1.0, 0.382884456967584, 0.23141832863715597, 0.0, 0.10798073001576478, 0.0, 1.0, 1.0, 0.7294492747314695, 0.0, 0.0, 0.0, 0.0, 0.0, 0.0, 0.0, 0.2705507252685305, 0.16639363910667054, 0.0, 0.0, 1.0, 0.0, 0.0, 0.6171155430324161, 0.0, 1.0, 0.0, 0.0, 0.0, 0.0, 0.0, 0.0, 1.0, 0.0, 0.0, 0.698470890174753, 0.0, 0.0, 0.0, 0.0, 0.0, 0.0, 0.0, 0.0, 0.0, 0.3202061683917914, 0.0, 0.0, 0.8336063608933295]  :with objective: -631.3169545256936

  Local solver returns a feasible point with value -631.317
disc:  333  :[0.0, 1.8, 2.0]
disc:  334  :[0.0, 1.6622212494469988, 2.862221249446999, 6.0]
disc:  335  :[0.0, 0.1, 1.0]
disc:  336  :[0.0, 0.9, 1.0]
disc:  337  :[0.0, 0.31632230399160227, 2.0]
disc:  338  :[0.0, 0.9, 1.0]
disc:  339  :[0.0, 0.2, 2.0]
disc:  340  :[0.0, 0.2, 2.0]
disc:  341  :[0.0, 1.8, 2.0]
disc:  342  :[0.0, 0.9, 1.0]
disc:  343  :[0.0, 0.2, 2.0]
disc:  344  :[0.0, 1.1456348536895977, 1.5456348536895976, 2.0]
disc:  345  :[0.0, 0.9, 1.0]
disc:  346  :[0.0, 0.3543651463104022, 0.9543651463104021, 3.0]
disc:  347  :[0.0, 1.8, 2.0]
disc:  348  :[0.0, 0.6, 6.0]
disc:  349  :[0.0, 0.2, 2.0]
disc:  350  :[0.0, 0.1, 1.0]
disc:  351  :[0.0, 0.4543651463104022, 0.8543651463104023, 2.0]
disc:  352  :[0.0, 0.6, 6.0]
disc:  353  :[0.0, 0.1, 1.0]
disc:  354  :[0.0, 1.8, 2.0]
disc:  355  :[0.0, 0.9, 1.0]
disc:  356  :[0.0, 0.40791491400934915, 0.8079149140093491, 2.0]
disc:  357  :[0.0, 0.1, 1.0]
disc:  358  :[0.0, 0.2, 2.0]
disc:  359  :[0.0, 4.520375997762556, 5.720375997762555, 6.0]
disc:  360  :[0.0, 2.279624002237445, 3.479624002237445, 6.0]
disc:  361  :[0.0, 0.2, 2.0]
disc:  362  :[0.0, 0.1, 1.0]
disc:  363  :[0.0, 1.316341051004352, 1.716341051004352, 2.0]
disc:  364  :[0.0, 0.846437465709733, 1.0]
disc:  365  :[0.0, 0.2372214832859149, 0.8372214832859148, 3.0]
disc:  366  :[0.0, 1.8, 2.0]
disc:  367  :[0.0, 5.4, 6.0]
disc:  368  :[0.0, 0.2, 2.0]
disc:  369  :[0.0, 1.6600744123829803, 2.0]
disc:  370  :[0.0, 0.9, 1.0]
disc:  371  :[0.0, 0.2, 2.0]
disc:  372  :[0.0, 0.2, 2.0]
disc:  373  :[0.0, 1.2274792657153981, 1.627479265715398, 2.0]
disc:  374  :[0.0, 2.174741144072957, 3.3747411440729573, 6.0]
disc:  375  :[0.0, 0.3078414680910122, 2.0]
disc:  376  :[0.0, 0.2, 2.0]
disc:  377  :[0.0, 4.316586395757403, 5.516586395757402, 6.0]
disc:  378  :[0.0, 2.4834136042425983, 3.6834136042425984, 6.0]
disc:  379  :[0.0, 1.692158531908988, 2.0]
disc:  380  :[0.0, 0.1, 1.0]
disc:  381  :[0.0, 0.3244278638484151, 3.0]
disc:  382  :[0.0, 0.783413604242597, 1.383413604242597, 3.0]
disc:  383  :[0.0, 1.8, 2.0]
disc:  384  :[0.0, 0.6, 6.0]
disc:  385  :[0.0, 0.2, 2.0]
disc:  502  :[0.0, 0.1, 1.0]
disc:  503  :[0.0, 0.1, 1.0]
disc:  504  :[0.0, 0.1, 1.0]
disc:  505  :[0.0, 0.5900994768848515, 0.7900994768848515, 1.0]
disc:  506  :[0.0, 0.201529109825247, 0.40152910982524703, 1.0]
disc:  507  :[0.0, 0.21956249041643497, 0.419562490416435, 1.0]
disc:  508  :[0.0, 0.1, 1.0]
disc:  509  :[0.0, 0.1, 1.0]
disc:  510  :[0.0, 0.17337550297105273, 1.0]
disc:  511  :[0.0, 0.20990052311514848, 0.40990052311514846, 1.0]
disc:  512  :[0.0, 0.1, 1.0]
disc:  513  :[0.0, 0.9, 1.0]
disc:  514  :[0.0, 0.1, 1.0]
disc:  515  :[0.0, 0.1, 1.0]
disc:  516  :[0.0, 0.275, 0.475, 1.0]
disc:  517  :[0.0, 0.1, 1.0]
disc:  518  :[0.0, 0.1, 1.0]
disc:  519  :[0.0, 0.1, 1.0]
disc:  520  :[0.0, 0.7920192699842352, 0.9920192699842352, 1.0]
disc:  521  :[0.0, 0.1, 1.0]
disc:  522  :[0.0, 0.1, 1.0]
disc:  523  :[0.0, 0.580437509583565, 0.780437509583565, 1.0]
disc:  524  :[0.0, 0.9, 1.0]
disc:  525  :[0.0, 0.282884456967584, 0.482884456967584, 1.0]
disc:  526  :[0.0, 0.13141832863715597, 0.331418328637156, 1.0]
disc:  527  :[0.0, 0.1, 1.0]
disc:  528  :[0.0, 0.00798073001576477, 0.20798073001576478, 1.0]
disc:  529  :[0.0, 0.1, 1.0]
disc:  530  :[0.0, 0.9, 1.0]
disc:  531  :[0.0, 0.9, 1.0]
disc:  532  :[0.0, 0.6294492747314695, 0.8294492747314695, 1.0]
disc:  533  :[0.0, 0.1, 1.0]
disc:  534  :[0.0, 0.1, 1.0]
disc:  535  :[0.0, 0.1, 1.0]
disc:  536  :[0.0, 0.1, 1.0]
disc:  537  :[0.0, 0.1, 1.0]
disc:  538  :[0.0, 0.1, 1.0]
disc:  539  :[0.0, 0.1, 1.0]
disc:  540  :[0.0, 0.17055072526853052, 0.3705507252685305, 1.0]
disc:  541  :[0.0, 0.06639363910667054, 0.2663936391066706, 1.0]
disc:  542  :[0.0, 0.1, 1.0]
disc:  543  :[0.0, 0.1, 1.0]
disc:  544  :[0.0, 0.9, 1.0]
disc:  545  :[0.0, 0.1, 1.0]
disc:  546  :[0.0, 0.1, 1.0]
disc:  547  :[0.0, 0.5171155430324161, 0.7171155430324161, 1.0]
disc:  548  :[0.0, 0.1, 1.0]
disc:  549  :[0.0, 0.9, 1.0]
disc:  550  :[0.0, 0.1, 1.0]
disc:  551  :[0.0, 0.1, 1.0]
disc:  552  :[0.0, 0.1, 1.0]
disc:  553  :[0.0, 0.1, 1.0]
disc:  554  :[0.0, 0.1, 1.0]
disc:  555  :[0.0, 0.1, 1.0]
disc:  556  :[0.0, 0.9, 1.0]
disc:  557  :[0.0, 0.1, 1.0]
disc:  558  :[0.0, 0.1, 1.0]
disc:  559  :[0.0, 0.598470890174753, 0.7984708901747529, 1.0]
disc:  560  :[0.0, 0.1, 1.0]
disc:  561  :[0.0, 0.1, 1.0]
disc:  562  :[0.0, 0.1, 1.0]
disc:  563  :[0.0, 0.1, 1.0]
disc:  564  :[0.0, 0.1, 1.0]
disc:  565  :[0.0, 0.1, 1.0]
disc:  566  :[0.0, 0.1, 1.0]
disc:  567  :[0.0, 0.1, 1.0]
disc:  568  :[0.0, 0.1, 1.0]
disc:  569  :[0.0, 0.22020616839179138, 0.42020616839179137, 1.0]
disc:  570  :[0.0, 0.1, 1.0]
disc:  571  :[0.0, 0.1, 1.0]
disc:  572  :[0.0, 0.7336063608933295, 0.9336063608933295, 1.0]
  Completed presolve in 9.45s
LOWER-BOUNDING ITERATIONS
====================================================================================================
| Iter   | Incumbent       | Best Incumbent      | Lower Bound        | Gap (%)         | Time      
| finish | -631.317        | -631.317            | -633.111           | 0.284           | 31.14s           
Final UBD: -631.3169545256936
Final LBD: -633.1110084987955
====================================================================================================

*** Alpine ended with status OTHER_LIMIT ***

 Total time for local solves: 7.23s

 Total time for solving max-min problems: 0.0s

 Total time excluding max-min time: 31.14s

presolve objective value: -631.3169545256936
w_opt: 1-dimensional DenseAxisArray{Float64,1,...} with index sets:
    Dimension 1, [(25, 1, 2), (25, 1, 1), (25, 1, 14), (20, 1, 2), (20, 1, 1), (20, 1, 14), (1, 1, 2), (1, 1, 1), (1, 1, 14), (2, 1, 2)  …  (20, 15, 23), (20, 15, 3), (8, 15, 30), (8, 15, 29), (8, 15, 23), (8, 15, 3), (2, 15, 30), (2, 15, 29), (2, 15, 23), (2, 15, 3)]
And data, a 261-element Vector{Float64}:
 1.458898549462939
 0.0
 0.0
 0.541101450537061
 0.0
 0.0
 0.0
 0.0
 0.0
 0.0
 0.0
 0.0
 0.0
 0.0
 0.0
 0.0
 1.892158531908988
 0.0
 0.024427863848415124
 1.083413604242597
 0.0
 0.0
 0.0
 0.0
 0.0
 0.0
 0.0
 0.0
 0.0
 1.4824939192916493
 0.9297389593103271
 0.0
 0.0
 0.0
 0.0
 3.434092476465753
 2.153674644932271
 0.0
 0.0
 0.0
 0.0
 0.0
 0.0
 0.0
 0.0
 0.0
 0.0
 0.0
 0.0
 1.427479265715398
 2.7747411440729572
 0.10784146809101221
 0.0
 0.0
 0.0
 0.0
 0.0
 0.0
 0.0
 1.8600744123829802
 1.0
 0.0
 0.0
 0.0
 0.0
 0.0
 0.0
 0.0
 0.0
 0.0
 0.0
 0.14675100594210547
 0.4402530178263163
 0.0
 0.7499999999999998
 2.25
 0.0
 0.4628366572743118
 1.388509971822936
 0.0
 0.0
 0.0
 0.0
 0.0
 0.0
 0.0
 0.0
 0.0
 0.0
 0.0
 0.0
 0.0
 0.6404123367835828
 1.9212370103507486
 0.0
 0.0
 0.0
 0.0
 0.0
 0.0
 0.0
 1.516341051004352
 0.9464374657097329
 0.5372214832859149
 0.0
 0.0
 0.0
 0.0
 0.0
 0.0
 0.0
 0.0
 0.0
 0.0
 0.0
 0.0
 0.0
 0.0
 4.567474059568955
 2.5686801003049275
 0.0
 0.0
 0.0
 0.5529019381936006
 0.3109439019325176
 0.0
 0.0
 0.0
 0.0
 0.0
 0.0
 0.0
 0.0
 0.0
 0.0
 0.0
 0.0
 0.0
 0.0
 0.0
 0.0
 0.0
 0.0
 0.0
 0.0
 0.0
 0.0
 0.6079149140093492
 0.0
 0.0
 0.0
 0.0
 0.0
 0.765768913935168
 0.3828844569675839
 0.0
 0.0
 1.2342310860648322
 0.617115543032416
 0.0
 0.0
 0.0
 0.0
 0.0
 0.0
 0.0
 0.0
 0.0
 0.0
 0.0
 0.0
 0.0
 0.0
 2.0
 0.0
 0.0
 0.0
 0.6543651463104022
 0.0
 0.0
 0.0
 0.0
 0.0
 0.0
 0.0
 0.0
 0.0
 0.0
 0.0
 0.0
 0.0
 0.0
 0.0
 0.0
 1.3456348536895977
 1.0
 0.6543651463104022
 0.0
 0.0
 0.0
 0.0
 0.0
 0.0
 0.0
 0.0
 0.0
 1.380198953769703
 0.6900994768848515
 0.0
 0.619801046230297
 0.3099005231151485
 0.0
 0.0
 0.0
 0.0
 0.0
 0.0
 0.0
 0.0
 0.0
 0.0
 0.0
 0.0
 0.0
 0.0
 0.037172245154534024
 0.319562490416435
 0.0
 0.0
 0.0
 0.0
 0.0
 0.0
 0.0791500588370682
 0.680437509583565
 0.0
 0.0
 0.0
 0.0
 0.0
 0.0
 0.0
 0.0
 0.0
 0.0
 0.0
 0.0
 0.0
 0.0
 0.3327872782133409
 0.3764192261599253
 0.0
 0.16639363910667054
 0.0
 0.0
 0.0
 0.0
 1.667212721786659
 1.8858020232870738
 0.0
 0.8336063608933295
x_ij_opt: 1-dimensional DenseAxisArray{Float64,1,...} with index sets:
    Dimension 1, [(43, 30), (43, 22), (43, 6), (44, 22), (45, 30), (45, 29), (45, 28), (45, 24), (45, 23), (40, 29)  …  (5, 7), (5, 14), (6, 4), (6, 3), (1, 14), (1, 10), (1, 23), (1, 1), (3, 2), (3, 1)]
And data, a 116-element Vector{Float64}:
 0.0
 0.0
 1.136154159873882
 0.0
 0.0
 0.0
 1.8836776960083979
 0.0
 0.0
 0.0
 0.0
 0.0
 0.0
 0.0
 0.0
 0.0
 0.0
 0.0
 0.27324244736552844
 0.0
 0.0
 0.0
 0.0
 0.0
 0.0
 0.0
 0.0
 2.0
 0.0
 0.0
 0.0
 0.0
 0.0
 0.0
 0.0
 0.0
 0.0
 0.0
 0.0
 0.0
 0.0
 0.0
 0.0
 0.8638458401261185
 0.0
 0.0
 0.0
 0.0
 0.0
 0.0
 0.0
 0.0
 0.0
 0.0
 0.0
 0.34563485368959773
 0.0
 0.8796240022374447
 0.053562534290267014
 1.3920850859906508
 0.0
 0.0
 0.0
 0.0
 6.0
 0.0
 0.0
 0.0
 0.0
 0.7267575526344715
 0.0
 0.0
 0.0
 0.0
 0.0
 0.0
 0.0
 0.572520734284602
 0.0
 0.0
 0.0
 0.0
 0.0
 0.0
 0.0
 0.0
 0.0
 0.1399255876170199
 0.0
 0.0
 0.0
 0.0
 0.0
 0.0
 0.0
 0.0
 0.0
 0.0
 0.0
 0.0
 0.0
 0.0
 0.0
 0.0
 0.0
 0.48365894899564804
 0.0
 0.0
 0.0
 0.0
 0.0
 0.0
 0.0
 5.43835065286567
 0.0
 0.0
x_il_opt: 1-dimensional DenseAxisArray{Float64,1,...} with index sets:
    Dimension 1, [(43, 15), (43, 14), (44, 15), (44, 13), (44, 3), (40, 14), (40, 2), (41, 14), (42, 6), (37, 13)  …  (4, 13), (5, 2), (5, 7), (5, 9), (6, 11), (1, 1), (1, 6), (1, 3), (2, 1), (2, 15)]
And data, a 71-element Vector{Float64}:
 0.0
 0.0
 0.0
 2.0702984306545544
 2.412232878601976
 0.356734735570969
 0.0
 0.0
 0.5870040237684218
 0.9297015693454453
 0.0
 3.0
 0.0
 0.0
 3.0
 0.0
 0.0
 0.0
 7.136154159873882
 0.0
 0.0
 0.7595875684206332
 3.0
 1.148653370902752
 1.8513466290972478
 0.0
 0.8638458401261182
 0.0
 2.6543651463104023
 0.6079149140093492
 1.458898549462939
 0.0
 0.0
 0.0
 0.0
 0.0
 0.0
 0.0
 0.541101450537061
 0.8756001434799368
 0.0
 0.0
 2.86007441238298
 0.0
 0.0
 1.8513466290972482
 0.0
 3.0
 0.0
 0.0
 0.0
 0.0
 0.0
 0.0
 4.310061877879367
 0.0
 0.0
 5.5877671213980245
 0.0
 0.0
 0.0
 0.0
 0.0
 0.0
 0.0
 0.0
 0.0
 2.561649347134331
 0.0
 0.0
 4.386621105967063
x_lj_opt: 1-dimensional DenseAxisArray{Float64,1,...} with index sets:
    Dimension 1, [(15, 30), (15, 29), (15, 23), (15, 3), (14, 28), (14, 27), (14, 10), (14, 24), (13, 26), (13, 25)  …  (3, 6), (3, 5), (3, 29), (2, 4), (2, 3), (2, 1), (2, 5), (1, 2), (1, 1), (1, 14)]
And data, a 53-element Vector{Float64}:
 2.0
 2.262221249446999
 0.0
 1.0
 0.11632230399160225
 1.0
 0.0
 0.0
 2.0
 1.0
 0.0
 1.3456348536895977
 1.0
 0.6543651463104022
 2.0
 0.0
 0.0
 0.0
 0.6543651463104022
 0.0
 0.0
 2.0
 1.0
 0.6079149140093492
 0.0
 0.0
 5.120375997762555
 2.879624002237445
 0.0
 0.0
 1.516341051004352
 0.946437465709733
 0.5372214832859149
 2.0
 6.0
 0.0
 1.8600744123829802
 1.0
 0.0
 0.0
 1.427479265715398
 2.7747411440729572
 0.10784146809101221
 0.0
 4.9165863957574025
 3.0834136042425984
 1.892158531908988
 0.0
 0.024427863848415124
 1.083413604242597
 2.0
 0.0
 0.0
q_opt: 1-dimensional DenseAxisArray{Float64,1,...} with index sets:
    Dimension 1, [(43, 15), (43, 14), (44, 15), (44, 13), (44, 3), (40, 14), (40, 2), (41, 14), (42, 6), (37, 13)  …  (4, 13), (5, 2), (5, 7), (5, 9), (6, 11), (1, 1), (1, 6), (1, 3), (2, 1), (2, 15)]
And data, a 71-element Vector{Float64}:
 0.0
 0.0
 0.0
 0.6900994768848515
 0.301529109825247
 0.319562490416435
 0.0
 0.0
 0.07337550297105272
 0.3099005231151485
 0.0
 1.0
 0.0
 0.0
 0.375
 0.0
 0.0
 0.0
 0.8920192699842352
 0.0
 0.0
 0.680437509583565
 1.0
 0.382884456967584
 0.23141832863715597
 0.0
 0.10798073001576478
 0.0
 1.0
 1.0
 0.7294492747314695
 0.0
 0.0
 0.0
 0.0
 0.0
 0.0
 0.0
 0.2705507252685305
 0.16639363910667054
 0.0
 0.0
 1.0
 0.0
 0.0
 0.6171155430324161
 0.0
 1.0
 0.0
 0.0
 0.0
 0.0
 0.0
 0.0
 1.0
 0.0
 0.0
 0.698470890174753
 0.0
 0.0
 0.0
 0.0
 0.0
 0.0
 0.0
 0.0
 0.0
 0.3202061683917914
 0.0
 0.0
 0.8336063608933295
