
PROBLEM STATISTICS
  Objective sense = Min
  # Variables = 572
  # Bin-Int Variables = 0
  # Constraints = 621
  # NL Constraints = 261
  # Linear Constraints = 360
  # Detected convex constraints = 0
  # Detected nonlinear terms = 261
  # Variables involved in nonlinear terms = 124
  # Potential variables for partitioning = 124
SUB-SOLVERS USED BY ALPINE
  NLP local solver = Knitro
  MIP solver = Gurobi
ALPINE CONFIGURATION
  Maximum iterations (lower-bounding MIPs) =  1
  Relative global optimality gap = 0.01%
  Potential variables chosen for partitioning = All
  Discretization ratio = 10
  Bound-tightening presolve = false
PRESOLVE 
  Doing local search

Feasible solution found during presolve: [1.0871462107044985, 1.8898215311817785, 0.0, 0.774372197353559, 1.3461163156324338, 0.0, 0.0, 0.0, 0.0, 0.0, 0.0, 0.0, 0.0, 0.0, 0.0, 0.0, 2.0, 0.0, 0.0, 1.0, 0.0, 0.0, 0.0, 0.0, 0.0, 0.0, 0.0, 0.0, 0.03221892703459653, 3.0725563423583018, 1.8113148783803843, 0.0, 0.0, 0.0, 0.0, 0.0, 0.0, 0.0, 0.0, 0.0, 0.020211237695706343, 1.9274436576416982, 1.1362549568893123, 0.0, 0.0, 0.0, 0.0, 0.0, 0.0, 0.0, 0.0, 0.0, 0.0, 0.0, 0.0, 0.0, 0.0, 0.0, 0.0, 2.0, 1.0, 0.0, 0.0, 0.0, 0.0, 0.0, 0.0, 0.0, 0.0, 0.0, 0.0, 0.0, 0.0, 0.0, 0.711741333150589, 2.1352239994517666, 0.0, 0.49019072578379635, 1.4705721773513891, 0.0, 0.0, 0.0, 0.0, 0.0, 0.0, 0.0, 0.0, 0.0, 0.0, 0.0, 0.0, 0.0, 0.7980679410656146, 2.394203823196844, 0.0, 0.0, 0.0, 0.0, 0.0, 0.0, 0.0, 0.9827884884387597, 0.9769677418862769, 1.0402437696749636, 0.0, 0.0, 0.0, 0.0, 0.0, 0.0, 0.0, 0.0, 0.0, 0.0, 0.0, 0.0, 0.0, 0.0, 5.649386141718287, 1.8831287139060953, 0.0, 0.0, 0.0, 0.35061385828171343, 0.11687128609390518, 0.0, 0.0, 0.0, 0.0, 0.0, 0.0, 0.0, 0.0, 0.0, 0.0, 0.0, 0.0, 0.0, 0.0, 0.0, 0.0, 0.0, 0.0, 0.0, 0.0, 0.0, 0.0, 0.0, 0.0, 0.0, 0.0, 0.05524605117736124, 0.0, 0.6928247312432098, 0.3464123656216049, 0.0, 0.0, 1.3071752687567901, 0.6535876343783951, 0.0, 0.0, 0.0, 0.0, 0.0, 0.0, 0.0, 0.0, 0.0, 0.0, 0.0, 0.0, 0.0, 0.0, 2.0, 0.0, 0.0, 0.0, 0.4182089335396751, 0.0, 0.0, 0.0, 0.0, 0.0, 0.0, 0.0, 0.0, 0.0, 0.0, 0.0, 0.0, 0.0, 0.0, 0.0, 0.0, 1.581791066460325, 1.0, 0.418208933539675, 0.0, 0.0, 0.0, 0.0, 0.0, 0.0, 0.0, 0.0, 0.0, 1.4819225169597439, 0.6383517638382743, 0.10260949464159773, 0.5180774830402562, 0.22316664421978347, 0.03587209730034468, 0.0, 0.0, 0.0, 0.0, 0.0, 0.0, 0.0, 0.0, 0.0, 0.0, 0.0, 0.0, 0.0, 0.1432780860149923, 0.7613833582978194, 0.0, 0.0, 0.0, 0.0, 0.0, 0.0, 0.0, 0.0, 0.0, 0.0, 0.0, 0.0, 0.0, 0.0, 0.0, 0.0, 0.0, 0.0, 0.0, 0.0, 0.0, 0.0, 0.047065902232931105, 0.06199099946356476, 0.0, 0.023532951116465545, 0.0, 0.0, 0.0, 0.0, 1.952934097767069, 2.5722302317270644, 0.0, 0.9764670488835345, 0.0, 0.0, 0.0, 2.2228837754396156, 4.916090147773282, 0.9046614443128118, 0.0, 0.0, 0.0, 0.7771162245603844, 0.0, 3.0, 0.0, 0.0, 2.846965332602356, 0.0, 0.0, 0.0, 7.532514855624382, 0.0, 0.0, 0.0, 3.0, 1.0392370968648146, 1.9607629031351854, 0.0, 0.4674851443756186, 0.0, 2.418208933539676, 0.0, 2.976967741886277, 0.0, 0.0, 0.0, 0.0, 0.0, 0.0, 0.0, 2.1204885129859927, 0.13258985281296143, 0.0, 0.0, 3.0, 0.0, 0.0, 1.9607629031351852, 0.0, 3.0, 0.0, 0.0, 0.0, 0.0, 0.0, 0.0, 0.0, 0.0, 0.0, 0.0, 0.0, 0.0, 0.0, 0.0, 0.0, 0.0, 0.05524605117736124, 0.0, 0.0, 3.1922717642624585, 3.083909852226717, 0.0, 5.5016313783776685, 2.0, 2.634221231190629, 0.0, 1.0, 0.1432780860149923, 0.7613833582978194, 0.0, 0.0, 2.0, 0.8615184080580578, 0.13848159194194243, 1.581791066460325, 1.0, 0.4182089335396747, 2.0, 0.0, 0.0, 0.0, 0.4182089335396751, 0.0, 0.0, 2.0, 1.0, 0.05524605117736124, 0.0, 0.0, 6.0, 2.0000000000000004, 0.0, 0.0, 0.9827884884387597, 0.9769677418862769, 1.0402437696749636, 2.0, 6.0, 0.0, 2.0, 1.0, 0.0, 0.0, 0.0, 0.0, 0.0, 0.052430164730302875, 5.0, 2.9475698352696966, 2.0, 0.0, 0.0, 1.0, 1.8615184080580576, 3.2359378468142124, 0.0, 0.0, 0.0, 1.480084690894078, 0.0, 0.0, 0.0, 1.8567219139850077, 0.0, 0.0, 0.0, 0.0, 0.0, 0.0, 0.0, 0.0, 0.0, 0.0, 0.0, 0.2530783657989543, 0.0, 0.0, 0.0, 0.0, 0.0, 0.0, 0.0, 0.0, 2.0, 0.0, 0.0, 0.0, 0.0, 0.0, 0.0, 0.0, 0.0, 0.0, 0.0, 0.0, 0.0, 0.0, 0.0, 0.0, 0.46748514437561917, 0.0, 0.0, 0.0, 0.0, 0.0, 0.0, 0.0, 0.0, 0.0, 0.0, 0.0, 0.581791066460324, 0.0, 0.0, 0.023032258113723177, 1.9447539488226389, 0.0, 0.0, 0.0, 0.0, 6.0, 0.0, 0.0, 0.0, 0.0, 0.7469216342010456, 0.0, 0.0, 0.0, 0.0, 0.0, 0.0, 0.23861664170218055, 0.7993304858127687, 0.0, 0.0, 0.0, 0.0, 0.0, 0.0, 0.0, 0.0, 0.0, 0.0, 0.0, 0.0, 0.0, 1.2006695141872312, 0.0, 0.0, 0.0, 0.0, 0.0, 0.13848159194194232, 0.0, 0.0, 0.0, 0.0, 0.0, 0.0, 0.0, 1.0172115115612406, 0.0, 0.0, 0.0, 0.0, 0.0, 0.0, 0.0, 1.7238183835108243, 0.0, 0.0, 0.0, 0.0, 0.0, 0.7409612584798719, 0.6145112684716604, 1.0, 0.0, 0.0, 0.0, 0.2590387415201281, 0.0, 1.0, 0.0, 0.0, 0.3558706665752945, 0.0, 0.0, 0.0, 0.9415643569530477, 0.0, 0.9308931421382081, 0.0, 1.0, 0.3464123656216049, 0.24509536289189818, 0.0, 0.05843564304695224, 0.0, 1.0, 0.0, 0.5840104540457449, 0.0, 0.0, 0.0, 0.0, 0.0, 0.0, 0.0, 0.415989545954255, 0.023532951116465545, 0.0, 0.0, 1.0, 0.0, 0.0, 0.6535876343783951, 0.0, 1.0, 0.0, 0.0, 0.0, 0.0, 0.0, 0.0, 0.06910685776275238, 0.0, 0.0, 0.0, 0.0, 0.0, 0.0, 0.0, 0.0, 0.0, 1.0, 0.0, 0.0, 0.3990339705328073, 0.3854887315283396, 0.0, 0.9764670488835345]  :with objective: -625.8290203825604

  Local solver returns a feasible point with value -625.829
disc:  333  :[0.0, 1.8, 2.0]
disc:  334  :[0.0, 2.034221231190629, 3.234221231190629, 6.0]
disc:  335  :[0.0, 0.1, 1.0]
disc:  336  :[0.0, 0.9, 1.0]
disc:  337  :[0.0, 0.3432780860149923, 2.0]
disc:  338  :[0.0, 0.6613833582978195, 0.8613833582978194, 1.0]
disc:  339  :[0.0, 0.2, 2.0]
disc:  340  :[0.0, 0.2, 2.0]
disc:  341  :[0.0, 1.8, 2.0]
disc:  342  :[0.0, 0.7615184080580578, 0.9615184080580578, 1.0]
disc:  343  :[0.0, 0.33848159194194244, 2.0]
disc:  344  :[0.0, 1.381791066460325, 1.781791066460325, 2.0]
disc:  345  :[0.0, 0.9, 1.0]
disc:  346  :[0.0, 0.11820893353967471, 0.7182089335396746, 3.0]
disc:  347  :[0.0, 1.8, 2.0]
disc:  348  :[0.0, 0.6, 6.0]
disc:  349  :[0.0, 0.2, 2.0]
disc:  350  :[0.0, 0.1, 1.0]
disc:  351  :[0.0, 0.21820893353967508, 0.6182089335396751, 2.0]
disc:  352  :[0.0, 0.6, 6.0]
disc:  353  :[0.0, 0.1, 1.0]
disc:  354  :[0.0, 1.8, 2.0]
disc:  355  :[0.0, 0.9, 1.0]
disc:  356  :[0.0, 0.25524605117736127, 2.0]
disc:  357  :[0.0, 0.1, 1.0]
disc:  358  :[0.0, 0.2, 2.0]
disc:  359  :[0.0, 5.4, 6.0]
disc:  360  :[0.0, 1.4000000000000004, 2.6000000000000005, 6.0]
disc:  361  :[0.0, 0.2, 2.0]
disc:  362  :[0.0, 0.1, 1.0]
disc:  363  :[0.0, 0.7827884884387597, 1.1827884884387596, 2.0]
disc:  364  :[0.0, 0.8769677418862769, 1.0]
disc:  365  :[0.0, 0.7402437696749635, 1.3402437696749636, 3.0]
disc:  366  :[0.0, 1.8, 2.0]
disc:  367  :[0.0, 5.4, 6.0]
disc:  368  :[0.0, 0.2, 2.0]
disc:  369  :[0.0, 1.8, 2.0]
disc:  370  :[0.0, 0.9, 1.0]
disc:  371  :[0.0, 0.2, 2.0]
disc:  372  :[0.0, 0.2, 2.0]
disc:  373  :[0.0, 0.2, 2.0]
disc:  374  :[0.0, 0.6, 6.0]
disc:  375  :[0.0, 0.2, 2.0]
disc:  376  :[0.0, 0.2524301647303029, 2.0]
disc:  377  :[0.0, 4.4, 5.6, 6.0]
disc:  378  :[0.0, 2.3475698352696965, 3.5475698352696967, 6.0]
disc:  379  :[0.0, 1.8, 2.0]
disc:  380  :[0.0, 0.1, 1.0]
disc:  381  :[0.0, 0.3, 3.0]
disc:  382  :[0.0, 0.7, 1.3, 3.0]
disc:  383  :[0.0, 1.6615184080580576, 2.0]
disc:  384  :[0.0, 2.6359378468142123, 3.8359378468142125, 6.0]
disc:  385  :[0.0, 0.2, 2.0]
disc:  502  :[0.0, 0.1, 1.0]
disc:  503  :[0.0, 0.1, 1.0]
disc:  504  :[0.0, 0.1, 1.0]
disc:  505  :[0.0, 0.640961258479872, 0.8409612584798719, 1.0]
disc:  506  :[0.0, 0.5145112684716604, 0.7145112684716604, 1.0]
disc:  507  :[0.0, 0.9, 1.0]
disc:  508  :[0.0, 0.1, 1.0]
disc:  509  :[0.0, 0.1, 1.0]
disc:  510  :[0.0, 0.1, 1.0]
disc:  511  :[0.0, 0.15903874152012812, 0.35903874152012816, 1.0]
disc:  512  :[0.0, 0.1, 1.0]
disc:  513  :[0.0, 0.9, 1.0]
disc:  514  :[0.0, 0.1, 1.0]
disc:  515  :[0.0, 0.1, 1.0]
disc:  516  :[0.0, 0.25587066657529445, 0.4558706665752945, 1.0]
disc:  517  :[0.0, 0.1, 1.0]
disc:  518  :[0.0, 0.1, 1.0]
disc:  519  :[0.0, 0.1, 1.0]
disc:  520  :[0.0, 0.8415643569530478, 1.0]
disc:  521  :[0.0, 0.1, 1.0]
disc:  522  :[0.0, 0.8308931421382081, 1.0]
disc:  523  :[0.0, 0.1, 1.0]
disc:  524  :[0.0, 0.9, 1.0]
disc:  525  :[0.0, 0.24641236562160487, 0.4464123656216049, 1.0]
disc:  526  :[0.0, 0.14509536289189817, 0.3450953628918982, 1.0]
disc:  527  :[0.0, 0.1, 1.0]
disc:  528  :[0.0, 0.15843564304695223, 1.0]
disc:  529  :[0.0, 0.1, 1.0]
disc:  530  :[0.0, 0.9, 1.0]
disc:  531  :[0.0, 0.1, 1.0]
disc:  532  :[0.0, 0.48401045404574494, 0.6840104540457449, 1.0]
disc:  533  :[0.0, 0.1, 1.0]
disc:  534  :[0.0, 0.1, 1.0]
disc:  535  :[0.0, 0.1, 1.0]
disc:  536  :[0.0, 0.1, 1.0]
disc:  537  :[0.0, 0.1, 1.0]
disc:  538  :[0.0, 0.1, 1.0]
disc:  539  :[0.0, 0.1, 1.0]
disc:  540  :[0.0, 0.315989545954255, 0.5159895459542551, 1.0]
disc:  541  :[0.0, 0.12353295111646555, 1.0]
disc:  542  :[0.0, 0.1, 1.0]
disc:  543  :[0.0, 0.1, 1.0]
disc:  544  :[0.0, 0.9, 1.0]
disc:  545  :[0.0, 0.1, 1.0]
disc:  546  :[0.0, 0.1, 1.0]
disc:  547  :[0.0, 0.5535876343783951, 0.753587634378395, 1.0]
disc:  548  :[0.0, 0.1, 1.0]
disc:  549  :[0.0, 0.9, 1.0]
disc:  550  :[0.0, 0.1, 1.0]
disc:  551  :[0.0, 0.1, 1.0]
disc:  552  :[0.0, 0.1, 1.0]
disc:  553  :[0.0, 0.1, 1.0]
disc:  554  :[0.0, 0.1, 1.0]
disc:  555  :[0.0, 0.1, 1.0]
disc:  556  :[0.0, 0.1691068577627524, 1.0]
disc:  557  :[0.0, 0.1, 1.0]
disc:  558  :[0.0, 0.1, 1.0]
disc:  559  :[0.0, 0.1, 1.0]
disc:  560  :[0.0, 0.1, 1.0]
disc:  561  :[0.0, 0.1, 1.0]
disc:  562  :[0.0, 0.1, 1.0]
disc:  563  :[0.0, 0.1, 1.0]
disc:  564  :[0.0, 0.1, 1.0]
disc:  565  :[0.0, 0.1, 1.0]
disc:  566  :[0.0, 0.9, 1.0]
disc:  567  :[0.0, 0.1, 1.0]
disc:  568  :[0.0, 0.1, 1.0]
disc:  569  :[0.0, 0.29903397053280734, 0.4990339705328073, 1.0]
disc:  570  :[0.0, 0.28548873152833965, 0.4854887315283396, 1.0]
disc:  571  :[0.0, 0.1, 1.0]
disc:  572  :[0.0, 0.8764670488835345, 1.0]
  Completed presolve in 8.35s
LOWER-BOUNDING ITERATIONS
====================================================================================================
| Iter   | Incumbent       | Best Incumbent      | Lower Bound        | Gap (%)         | Time      
| finish | -625.829        | -625.829            | -635.372           | 1.525           | 22.06s           
Final UBD: -625.8290203825604
Final LBD: -635.372014479512
====================================================================================================

*** Alpine ended with status OTHER_LIMIT ***

 Total time for local solves: 5.89s

 Total time for solving max-min problems: 0.0s

 Total time excluding max-min time: 22.06s

presolve objective value: -625.8290203825604
w_opt: 1-dimensional DenseAxisArray{Float64,1,...} with index sets:
    Dimension 1, [(25, 1, 2), (25, 1, 1), (25, 1, 14), (20, 1, 2), (20, 1, 1), (20, 1, 14), (1, 1, 2), (1, 1, 1), (1, 1, 14), (2, 1, 2)  …  (20, 15, 23), (20, 15, 3), (8, 15, 30), (8, 15, 29), (8, 15, 23), (8, 15, 3), (2, 15, 30), (2, 15, 29), (2, 15, 23), (2, 15, 3)]
And data, a 261-element Vector{Float64}:
 1.0871462107044985
 1.8898215311817785
 0.0
 0.774372197353559
 1.3461163156324338
 0.0
 0.0
 0.0
 0.0
 0.0
 0.0
 0.0
 0.0
 0.0
 0.0
 0.0
 2.0
 0.0
 0.0
 1.0
 0.0
 0.0
 0.0
 0.0
 0.0
 0.0
 0.0
 0.0
 0.03221892703459653
 3.0725563423583018
 1.8113148783803843
 0.0
 0.0
 0.0
 0.0
 0.0
 0.0
 0.0
 0.0
 0.0
 0.020211237695706343
 1.9274436576416982
 1.1362549568893123
 0.0
 0.0
 0.0
 0.0
 0.0
 0.0
 0.0
 0.0
 0.0
 0.0
 0.0
 0.0
 0.0
 0.0
 0.0
 0.0
 2.0
 1.0
 0.0
 0.0
 0.0
 0.0
 0.0
 0.0
 0.0
 0.0
 0.0
 0.0
 0.0
 0.0
 0.0
 0.711741333150589
 2.1352239994517666
 0.0
 0.49019072578379635
 1.4705721773513891
 0.0
 0.0
 0.0
 0.0
 0.0
 0.0
 0.0
 0.0
 0.0
 0.0
 0.0
 0.0
 0.0
 0.7980679410656146
 2.394203823196844
 0.0
 0.0
 0.0
 0.0
 0.0
 0.0
 0.0
 0.9827884884387597
 0.9769677418862769
 1.0402437696749636
 0.0
 0.0
 0.0
 0.0
 0.0
 0.0
 0.0
 0.0
 0.0
 0.0
 0.0
 0.0
 0.0
 0.0
 5.649386141718287
 1.8831287139060953
 0.0
 0.0
 0.0
 0.35061385828171343
 0.11687128609390518
 0.0
 0.0
 0.0
 0.0
 0.0
 0.0
 0.0
 0.0
 0.0
 0.0
 0.0
 0.0
 0.0
 0.0
 0.0
 0.0
 0.0
 0.0
 0.0
 0.0
 0.0
 0.0
 0.0
 0.0
 0.0
 0.0
 0.05524605117736124
 0.0
 0.6928247312432098
 0.3464123656216049
 0.0
 0.0
 1.3071752687567901
 0.6535876343783951
 0.0
 0.0
 0.0
 0.0
 0.0
 0.0
 0.0
 0.0
 0.0
 0.0
 0.0
 0.0
 0.0
 0.0
 2.0
 0.0
 0.0
 0.0
 0.4182089335396751
 0.0
 0.0
 0.0
 0.0
 0.0
 0.0
 0.0
 0.0
 0.0
 0.0
 0.0
 0.0
 0.0
 0.0
 0.0
 0.0
 1.581791066460325
 1.0
 0.418208933539675
 0.0
 0.0
 0.0
 0.0
 0.0
 0.0
 0.0
 0.0
 0.0
 1.4819225169597439
 0.6383517638382743
 0.10260949464159773
 0.5180774830402562
 0.22316664421978347
 0.03587209730034468
 0.0
 0.0
 0.0
 0.0
 0.0
 0.0
 0.0
 0.0
 0.0
 0.0
 0.0
 0.0
 0.0
 0.1432780860149923
 0.7613833582978194
 0.0
 0.0
 0.0
 0.0
 0.0
 0.0
 0.0
 0.0
 0.0
 0.0
 0.0
 0.0
 0.0
 0.0
 0.0
 0.0
 0.0
 0.0
 0.0
 0.0
 0.0
 0.0
 0.047065902232931105
 0.06199099946356476
 0.0
 0.023532951116465545
 0.0
 0.0
 0.0
 0.0
 1.952934097767069
 2.5722302317270644
 0.0
 0.9764670488835345
x_ij_opt: 1-dimensional DenseAxisArray{Float64,1,...} with index sets:
    Dimension 1, [(43, 30), (43, 22), (43, 6), (44, 22), (45, 30), (45, 29), (45, 28), (45, 24), (45, 23), (40, 29)  …  (5, 7), (5, 14), (6, 4), (6, 3), (1, 14), (1, 10), (1, 23), (1, 1), (3, 2), (3, 1)]
And data, a 116-element Vector{Float64}:
 0.0
 0.0
 1.480084690894078
 0.0
 0.0
 0.0
 1.8567219139850077
 0.0
 0.0
 0.0
 0.0
 0.0
 0.0
 0.0
 0.0
 0.0
 0.0
 0.0
 0.2530783657989543
 0.0
 0.0
 0.0
 0.0
 0.0
 0.0
 0.0
 0.0
 2.0
 0.0
 0.0
 0.0
 0.0
 0.0
 0.0
 0.0
 0.0
 0.0
 0.0
 0.0
 0.0
 0.0
 0.0
 0.0
 0.46748514437561917
 0.0
 0.0
 0.0
 0.0
 0.0
 0.0
 0.0
 0.0
 0.0
 0.0
 0.0
 0.581791066460324
 0.0
 0.0
 0.023032258113723177
 1.9447539488226389
 0.0
 0.0
 0.0
 0.0
 6.0
 0.0
 0.0
 0.0
 0.0
 0.7469216342010456
 0.0
 0.0
 0.0
 0.0
 0.0
 0.0
 0.23861664170218055
 0.7993304858127687
 0.0
 0.0
 0.0
 0.0
 0.0
 0.0
 0.0
 0.0
 0.0
 0.0
 0.0
 0.0
 0.0
 1.2006695141872312
 0.0
 0.0
 0.0
 0.0
 0.0
 0.13848159194194232
 0.0
 0.0
 0.0
 0.0
 0.0
 0.0
 0.0
 1.0172115115612406
 0.0
 0.0
 0.0
 0.0
 0.0
 0.0
 0.0
 1.7238183835108243
 0.0
 0.0
x_il_opt: 1-dimensional DenseAxisArray{Float64,1,...} with index sets:
    Dimension 1, [(43, 15), (43, 14), (44, 15), (44, 13), (44, 3), (40, 14), (40, 2), (41, 14), (42, 6), (37, 13)  …  (4, 13), (5, 2), (5, 7), (5, 9), (6, 11), (1, 1), (1, 6), (1, 3), (2, 1), (2, 15)]
And data, a 71-element Vector{Float64}:
 0.0
 0.0
 0.0
 2.2228837754396156
 4.916090147773282
 0.9046614443128118
 0.0
 0.0
 0.0
 0.7771162245603844
 0.0
 3.0
 0.0
 0.0
 2.846965332602356
 0.0
 0.0
 0.0
 7.532514855624382
 0.0
 0.0
 0.0
 3.0
 1.0392370968648146
 1.9607629031351854
 0.0
 0.4674851443756186
 0.0
 2.418208933539676
 0.0
 2.976967741886277
 0.0
 0.0
 0.0
 0.0
 0.0
 0.0
 0.0
 2.1204885129859927
 0.13258985281296143
 0.0
 0.0
 3.0
 0.0
 0.0
 1.9607629031351852
 0.0
 3.0
 0.0
 0.0
 0.0
 0.0
 0.0
 0.0
 0.0
 0.0
 0.0
 0.0
 0.0
 0.0
 0.0
 0.0
 0.0
 0.0
 0.05524605117736124
 0.0
 0.0
 3.1922717642624585
 3.083909852226717
 0.0
 5.5016313783776685
x_lj_opt: 1-dimensional DenseAxisArray{Float64,1,...} with index sets:
    Dimension 1, [(15, 30), (15, 29), (15, 23), (15, 3), (14, 28), (14, 27), (14, 10), (14, 24), (13, 26), (13, 25)  …  (3, 6), (3, 5), (3, 29), (2, 4), (2, 3), (2, 1), (2, 5), (1, 2), (1, 1), (1, 14)]
And data, a 53-element Vector{Float64}:
 2.0
 2.634221231190629
 0.0
 1.0
 0.1432780860149923
 0.7613833582978194
 0.0
 0.0
 2.0
 0.8615184080580578
 0.13848159194194243
 1.581791066460325
 1.0
 0.4182089335396747
 2.0
 0.0
 0.0
 0.0
 0.4182089335396751
 0.0
 0.0
 2.0
 1.0
 0.05524605117736124
 0.0
 0.0
 6.0
 2.0000000000000004
 0.0
 0.0
 0.9827884884387597
 0.9769677418862769
 1.0402437696749636
 2.0
 6.0
 0.0
 2.0
 1.0
 0.0
 0.0
 0.0
 0.0
 0.0
 0.052430164730302875
 5.0
 2.9475698352696966
 2.0
 0.0
 0.0
 1.0
 1.8615184080580576
 3.2359378468142124
 0.0
q_opt: 1-dimensional DenseAxisArray{Float64,1,...} with index sets:
    Dimension 1, [(43, 15), (43, 14), (44, 15), (44, 13), (44, 3), (40, 14), (40, 2), (41, 14), (42, 6), (37, 13)  …  (4, 13), (5, 2), (5, 7), (5, 9), (6, 11), (1, 1), (1, 6), (1, 3), (2, 1), (2, 15)]
And data, a 71-element Vector{Float64}:
 0.0
 0.0
 0.0
 0.7409612584798719
 0.6145112684716604
 1.0
 0.0
 0.0
 0.0
 0.2590387415201281
 0.0
 1.0
 0.0
 0.0
 0.3558706665752945
 0.0
 0.0
 0.0
 0.9415643569530477
 0.0
 0.9308931421382081
 0.0
 1.0
 0.3464123656216049
 0.24509536289189818
 0.0
 0.05843564304695224
 0.0
 1.0
 0.0
 0.5840104540457449
 0.0
 0.0
 0.0
 0.0
 0.0
 0.0
 0.0
 0.415989545954255
 0.023532951116465545
 0.0
 0.0
 1.0
 0.0
 0.0
 0.6535876343783951
 0.0
 1.0
 0.0
 0.0
 0.0
 0.0
 0.0
 0.0
 0.06910685776275238
 0.0
 0.0
 0.0
 0.0
 0.0
 0.0
 0.0
 0.0
 0.0
 1.0
 0.0
 0.0
 0.3990339705328073
 0.3854887315283396
 0.0
 0.9764670488835345
