
PROBLEM STATISTICS
  Objective sense = Min
  # Variables = 572
  # Bin-Int Variables = 0
  # Constraints = 621
  # NL Constraints = 261
  # Linear Constraints = 360
  # Detected convex constraints = 0
  # Detected nonlinear terms = 261
  # Variables involved in nonlinear terms = 124
  # Potential variables for partitioning = 124
SUB-SOLVERS USED BY ALPINE
  NLP local solver = Knitro
  MIP solver = Gurobi
ALPINE CONFIGURATION
  Maximum iterations (lower-bounding MIPs) =  1
  Relative global optimality gap = 0.01%
  Potential variables chosen for partitioning = All
  Discretization ratio = 10
  Bound-tightening presolve = false
PRESOLVE 
  Doing local search

Feasible solution found during presolve: [1.4535206417366242, 0.0, 0.0, 0.5464793582633757, 0.0, 0.0, 0.0, 0.0, 0.0, 0.0, 0.0, 0.0, 0.0, 0.0, 0.0, 0.0, 2.0, 0.0, 0.0, 1.0000000000000002, 0.0, 0.0, 0.0, 0.0, 0.0, 0.0, 0.0, 0.0, 0.0, 0.8108376368658721, 0.48650258211952335, 0.0, 0.0, 0.0, 0.0, 4.189162363134128, 2.5134974178804765, 0.0, 0.0, 0.0, 0.0, 0.0, 0.0, 0.0, 0.0, 0.0, 0.0, 0.0, 0.0, 0.0, 0.0, 0.0, 0.0, 0.0, 0.0, 0.0, 0.0, 0.0, 0.0, 1.8814745607562757, 1.0, 0.0, 0.0, 0.0, 0.0, 0.0, 0.0, 0.0, 0.0, 0.0, 0.0, 0.04005202863320824, 0.12015608589962476, 0.0, 0.7499999999999998, 2.25, 0.0, 0.5622604379966056, 1.6867813139898176, 0.0, 0.0, 0.0, 0.0, 0.0, 0.0, 0.0, 0.0, 0.0, 0.0, 0.0, 0.0, 0.0, 0.6476875333701858, 1.9430626001105582, 0.0, 0.0, 0.0, 0.0, 0.0, 0.0, 0.0, 0.811075477438821, 0.6928217218308528, 1.088933475569675, 0.1273685389515759, 0.10879837070424495, 0.17100241550482995, 0.0, 0.0, 0.0, 0.0, 0.0, 0.0, 0.0, 0.0, 0.0, 0.0, 0.0, 4.081426732645957, 3.0344274789839916, 0.0, 0.0, 0.0, 0.507117789219474, 0.37702799915057744, 0.0, 0.0, 0.0, 0.0, 0.0, 0.0, 0.0, 0.0, 0.0, 0.0, 0.0, 0.0, 0.0, 0.0, 0.0, 0.0, 0.0, 0.0, 0.0, 0.0, 0.0, 0.0, 0.0, 0.0, 0.0, 0.0, 0.0, 0.0, 0.500638832009051, 0.2503194160045255, 0.0, 0.0, 1.499361167990949, 0.7496805839954745, 0.0, 0.0, 0.0, 0.0, 0.0, 0.0, 0.0, 0.0, 0.0, 0.0, 0.0, 0.0, 0.0, 0.0, 2.0, 0.0, 0.0, 0.0, 0.26130699478094915, 0.0, 0.0, 0.0, 0.0, 0.0, 0.0, 0.0, 0.0, 0.0, 0.0, 0.0, 0.0, 0.0, 0.0, 0.0, 0.0, 1.738693005219051, 1.0, 0.2613069947809491, 0.0, 0.0, 0.0, 0.0, 0.0, 0.0, 0.0, 0.0, 0.0, 1.3748045540339562, 0.6874022770169781, 0.0, 0.6251954459660438, 0.3125977229830219, 0.0, 0.0, 0.0, 0.0, 0.0, 0.0, 0.0, 0.0, 0.0, 0.0, 0.0, 0.0, 0.0, 0.0, 0.3769658130800287, 0.848681722047095, 0.0, 0.0, 0.0, 0.0, 0.0, 0.0, 0.0, 0.0, 0.0, 0.0, 0.0, 0.0, 0.0, 0.0, 0.0, 0.0, 0.0, 0.0, 0.0, 0.0, 0.0, 0.0, 0.06627558559837994, 0.09075424134753984, 0.0, 0.03313779279919002, 0.0, 0.0, 0.0, 0.0, 1.9337244144016201, 2.6479387638715113, 0.0, 0.9668622072008101, 0.0, 0.0, 0.0, 2.0622068310509345, 1.2973402189853953, 1.2256475351271237, 0.0, 0.0, 0.160208114532833, 0.9377931689490657, 0.0, 3.0, 0.0, 0.0, 3.0, 0.0, 0.0, 0.0, 7.115854211629948, 0.0, 0.0, 0.0, 3.0, 0.7509582480135766, 2.2490417519864234, 0.0, 0.8841457883700515, 0.0, 2.261306994780949, 0.0, 1.4535206417366242, 0.0, 0.0, 0.0, 0.0, 0.0, 0.0, 0.0, 0.5464793582633757, 0.1901676197451098, 0.0, 0.0, 2.881474560756276, 0.0, 0.0, 2.2490417519864234, 0.0, 2.592830674839349, 0.0, 0.0, 0.0, 0.0, 0.0, 0.0, 0.0, 0.0, 0.0, 6.702659781014606, 0.0, 0.0, 0.0, 0.0, 0.0, 0.4071693251606508, 0.0, 0.0, 0.0, 2.5907501334807437, 0.0, 0.0, 5.548525385473941, 2.0, 2.738693005219051, 0.0, 1.0, 0.3769658130800287, 0.848681722047095, 0.0, 0.0, 2.0, 1.0, 0.0, 1.738693005219051, 1.0, 0.2613069947809489, 2.0, 0.0, 0.0, 0.0, 0.26130699478094915, 0.0, 0.0, 2.0, 1.0, 0.0, 0.0, 0.0, 4.588544521865431, 3.4114554781345694, 0.0, 0.0, 0.938444016390397, 0.801620092535098, 1.2599358910745049, 2.0, 6.0, 0.0, 1.8814745607562757, 1.0, 0.0, 0.0, 0.0, 0.0, 0.0, 0.0, 5.0, 3.0, 2.0, 0.0, 0.0, 1.0000000000000002, 2.0, 0.0, 0.0, 0.0, 0.0, 1.4212520508241735, 0.0, 0.0, 0.0, 1.6230341869199714, 0.0, 0.0, 0.0, 0.0, 0.0, 0.0, 0.0, 0.0, 0.0, 0.0, 0.0, 0.30105970411757976, 0.0, 0.0, 0.0, 0.0, 0.0, 0.0, 0.0, 0.0, 2.0, 0.0, 0.0, 0.0, 0.0, 0.0, 0.0, 0.0, 0.0, 0.0, 0.0, 0.0, 0.0, 0.0, 0.0, 0.0, 0.5787479491758266, 0.0, 0.0, 0.0, 0.0, 0.0, 0.0, 0.0, 0.0, 0.0, 0.0, 0.0, 0.738693005219051, 0.0, 1.3480994507984738, 0.19837990746490197, 2.0, 0.0, 0.0, 0.0, 0.0, 6.0, 0.0, 0.06335602733609527, 0.0, 0.0, 0.6989402958824202, 0.0, 0.0, 0.0, 0.0, 0.0, 0.0, 0.15131827795290506, 0.8245997932707387, 0.0, 0.0, 0.0, 0.0, 0.0, 0.0, 0.0, 0.0, 0.0, 0.11852543924372423, 0.0, 0.0, 0.0, 1.1754002067292613, 0.0, 0.0, 0.0, 0.0, 0.0, 0.0, 0.0, 0.0, 0.0, 0.0, 0.0, 0.0, 0.0, 0.7936908437368808, 0.0, 0.0, 0.0, 0.0, 0.2678651398727221, 0.0, 0.0, 4.740064108925495, 0.0, 0.0, 0.0, 0.0, 0.0, 0.6874022770169781, 0.1621675273731744, 1.0, 0.0, 0.0, 0.020026014316604127, 0.3125977229830219, 0.0, 1.0, 0.0, 0.0, 0.375, 0.0, 0.0, 0.0, 0.8894817764537435, 0.0, 0.0, 0.0, 1.0, 0.2503194160045255, 0.2811302189983029, 0.0, 0.11051822354625644, 0.0, 1.0, 1.0, 0.7267603208683121, 0.0, 0.0, 0.0, 0.0, 0.0, 0.0, 0.0, 0.27323967913168784, 0.033137792799189984, 0.0, 0.0, 1.0, 0.0, 0.0, 0.7496805839954745, 0.0, 0.8642768916131164, 0.0, 0.0, 0.0, 0.0, 0.0, 0.0, 0.0, 1.0, 0.0, 0.8378324726268256, 0.0, 0.0, 0.0, 0.0, 0.0, 0.1357231083868836, 0.0, 0.0, 0.0, 0.323843766685093, 0.0, 0.0, 0.9668622072008101]  :with objective: -622.2720935877643

  Local solver returns a feasible point with value -622.2721
disc:  333  :[0.0, 1.8, 2.0]
disc:  334  :[0.0, 2.138693005219051, 3.338693005219051, 6.0]
disc:  335  :[0.0, 0.1, 1.0]
disc:  336  :[0.0, 0.9, 1.0]
disc:  337  :[0.0, 0.17696581308002868, 0.5769658130800287, 2.0]
disc:  338  :[0.0, 0.748681722047095, 0.948681722047095, 1.0]
disc:  339  :[0.0, 0.2, 2.0]
disc:  340  :[0.0, 0.2, 2.0]
disc:  341  :[0.0, 1.8, 2.0]
disc:  342  :[0.0, 0.9, 1.0]
disc:  343  :[0.0, 0.2, 2.0]
disc:  344  :[0.0, 1.538693005219051, 1.938693005219051, 2.0]
disc:  345  :[0.0, 0.9, 1.0]
disc:  346  :[0.0, 0.5613069947809488, 3.0]
disc:  347  :[0.0, 1.8, 2.0]
disc:  348  :[0.0, 0.6, 6.0]
disc:  349  :[0.0, 0.2, 2.0]
disc:  350  :[0.0, 0.1, 1.0]
disc:  351  :[0.0, 0.06130699478094914, 0.46130699478094916, 2.0]
disc:  352  :[0.0, 0.6, 6.0]
disc:  353  :[0.0, 0.1, 1.0]
disc:  354  :[0.0, 1.8, 2.0]
disc:  355  :[0.0, 0.9, 1.0]
disc:  356  :[0.0, 0.2, 2.0]
disc:  357  :[0.0, 0.1, 1.0]
disc:  358  :[0.0, 0.2, 2.0]
disc:  359  :[0.0, 3.9885445218654305, 5.18854452186543, 6.0]
disc:  360  :[0.0, 2.8114554781345693, 4.011455478134569, 6.0]
disc:  361  :[0.0, 0.2, 2.0]
disc:  362  :[0.0, 0.1, 1.0]
disc:  363  :[0.0, 0.7384440163903969, 1.138444016390397, 2.0]
disc:  364  :[0.0, 0.701620092535098, 0.901620092535098, 1.0]
disc:  365  :[0.0, 0.9599358910745048, 1.559935891074505, 3.0]
disc:  366  :[0.0, 1.8, 2.0]
disc:  367  :[0.0, 5.4, 6.0]
disc:  368  :[0.0, 0.2, 2.0]
disc:  369  :[0.0, 1.6814745607562758, 2.0]
disc:  370  :[0.0, 0.9, 1.0]
disc:  371  :[0.0, 0.2, 2.0]
disc:  372  :[0.0, 0.2, 2.0]
disc:  373  :[0.0, 0.2, 2.0]
disc:  374  :[0.0, 0.6, 6.0]
disc:  375  :[0.0, 0.2, 2.0]
disc:  376  :[0.0, 0.2, 2.0]
disc:  377  :[0.0, 4.4, 5.6, 6.0]
disc:  378  :[0.0, 2.4, 3.6, 6.0]
disc:  379  :[0.0, 1.8, 2.0]
disc:  380  :[0.0, 0.1, 1.0]
disc:  381  :[0.0, 0.3, 3.0]
disc:  382  :[0.0, 0.7000000000000002, 1.3000000000000003, 3.0]
disc:  383  :[0.0, 1.8, 2.0]
disc:  384  :[0.0, 0.6, 6.0]
disc:  385  :[0.0, 0.2, 2.0]
disc:  502  :[0.0, 0.1, 1.0]
disc:  503  :[0.0, 0.1, 1.0]
disc:  504  :[0.0, 0.1, 1.0]
disc:  505  :[0.0, 0.5874022770169781, 0.7874022770169781, 1.0]
disc:  506  :[0.0, 0.06216752737317441, 0.2621675273731744, 1.0]
disc:  507  :[0.0, 0.9, 1.0]
disc:  508  :[0.0, 0.1, 1.0]
disc:  509  :[0.0, 0.1, 1.0]
disc:  510  :[0.0, 0.12002601431660413, 1.0]
disc:  511  :[0.0, 0.2125977229830219, 0.4125977229830219, 1.0]
disc:  512  :[0.0, 0.1, 1.0]
disc:  513  :[0.0, 0.9, 1.0]
disc:  514  :[0.0, 0.1, 1.0]
disc:  515  :[0.0, 0.1, 1.0]
disc:  516  :[0.0, 0.275, 0.475, 1.0]
disc:  517  :[0.0, 0.1, 1.0]
disc:  518  :[0.0, 0.1, 1.0]
disc:  519  :[0.0, 0.1, 1.0]
disc:  520  :[0.0, 0.7894817764537435, 0.9894817764537435, 1.0]
disc:  521  :[0.0, 0.1, 1.0]
disc:  522  :[0.0, 0.1, 1.0]
disc:  523  :[0.0, 0.1, 1.0]
disc:  524  :[0.0, 0.9, 1.0]
disc:  525  :[0.0, 0.1503194160045255, 0.35031941600452554, 1.0]
disc:  526  :[0.0, 0.18113021899830292, 0.3811302189983029, 1.0]
disc:  527  :[0.0, 0.1, 1.0]
disc:  528  :[0.0, 0.010518223546256436, 0.21051822354625643, 1.0]
disc:  529  :[0.0, 0.1, 1.0]
disc:  530  :[0.0, 0.9, 1.0]
disc:  531  :[0.0, 0.9, 1.0]
disc:  532  :[0.0, 0.6267603208683121, 0.8267603208683121, 1.0]
disc:  533  :[0.0, 0.1, 1.0]
disc:  534  :[0.0, 0.1, 1.0]
disc:  535  :[0.0, 0.1, 1.0]
disc:  536  :[0.0, 0.1, 1.0]
disc:  537  :[0.0, 0.1, 1.0]
disc:  538  :[0.0, 0.1, 1.0]
disc:  539  :[0.0, 0.1, 1.0]
disc:  540  :[0.0, 0.17323967913168783, 0.3732396791316879, 1.0]
disc:  541  :[0.0, 0.13313779279919, 1.0]
disc:  542  :[0.0, 0.1, 1.0]
disc:  543  :[0.0, 0.1, 1.0]
disc:  544  :[0.0, 0.9, 1.0]
disc:  545  :[0.0, 0.1, 1.0]
disc:  546  :[0.0, 0.1, 1.0]
disc:  547  :[0.0, 0.6496805839954746, 0.8496805839954745, 1.0]
disc:  548  :[0.0, 0.1, 1.0]
disc:  549  :[0.0, 0.7642768916131164, 0.9642768916131164, 1.0]
disc:  550  :[0.0, 0.1, 1.0]
disc:  551  :[0.0, 0.1, 1.0]
disc:  552  :[0.0, 0.1, 1.0]
disc:  553  :[0.0, 0.1, 1.0]
disc:  554  :[0.0, 0.1, 1.0]
disc:  555  :[0.0, 0.1, 1.0]
disc:  556  :[0.0, 0.1, 1.0]
disc:  557  :[0.0, 0.9, 1.0]
disc:  558  :[0.0, 0.1, 1.0]
disc:  559  :[0.0, 0.7378324726268256, 0.9378324726268256, 1.0]
disc:  560  :[0.0, 0.1, 1.0]
disc:  561  :[0.0, 0.1, 1.0]
disc:  562  :[0.0, 0.1, 1.0]
disc:  563  :[0.0, 0.1, 1.0]
disc:  564  :[0.0, 0.1, 1.0]
disc:  565  :[0.0, 0.035723108386883584, 0.2357231083868836, 1.0]
disc:  566  :[0.0, 0.1, 1.0]
disc:  567  :[0.0, 0.1, 1.0]
disc:  568  :[0.0, 0.1, 1.0]
disc:  569  :[0.0, 0.223843766685093, 0.42384376668509305, 1.0]
disc:  570  :[0.0, 0.1, 1.0]
disc:  571  :[0.0, 0.1, 1.0]
disc:  572  :[0.0, 0.8668622072008101, 1.0]
  Completed presolve in 7.57s
LOWER-BOUNDING ITERATIONS
====================================================================================================
| Iter   | Incumbent       | Best Incumbent      | Lower Bound        | Gap (%)         | Time      
| finish | -622.2721       | -622.2721           | -631.8457          | 1.538           | 18.02s           
Final UBD: -622.2720935877643
Final LBD: -631.845686164691
====================================================================================================

*** Alpine ended with status OTHER_LIMIT ***

 Total time for local solves: 5.19s

 Total time for solving max-min problems: 0.0s

 Total time excluding max-min time: 18.02s

presolve objective value: -622.2720935877643
w_opt: 1-dimensional DenseAxisArray{Float64,1,...} with index sets:
    Dimension 1, [(25, 1, 2), (25, 1, 1), (25, 1, 14), (20, 1, 2), (20, 1, 1), (20, 1, 14), (1, 1, 2), (1, 1, 1), (1, 1, 14), (2, 1, 2)  …  (20, 15, 23), (20, 15, 3), (8, 15, 30), (8, 15, 29), (8, 15, 23), (8, 15, 3), (2, 15, 30), (2, 15, 29), (2, 15, 23), (2, 15, 3)]
And data, a 261-element Vector{Float64}:
 1.4535206417366242
 0.0
 0.0
 0.5464793582633757
 0.0
 0.0
 0.0
 0.0
 0.0
 0.0
 0.0
 0.0
 0.0
 0.0
 0.0
 0.0
 2.0
 0.0
 0.0
 1.0000000000000002
 0.0
 0.0
 0.0
 0.0
 0.0
 0.0
 0.0
 0.0
 0.0
 0.8108376368658721
 0.48650258211952335
 0.0
 0.0
 0.0
 0.0
 4.189162363134128
 2.5134974178804765
 0.0
 0.0
 0.0
 0.0
 0.0
 0.0
 0.0
 0.0
 0.0
 0.0
 0.0
 0.0
 0.0
 0.0
 0.0
 0.0
 0.0
 0.0
 0.0
 0.0
 0.0
 0.0
 1.8814745607562757
 1.0
 0.0
 0.0
 0.0
 0.0
 0.0
 0.0
 0.0
 0.0
 0.0
 0.0
 0.04005202863320824
 0.12015608589962476
 0.0
 0.7499999999999998
 2.25
 0.0
 0.5622604379966056
 1.6867813139898176
 0.0
 0.0
 0.0
 0.0
 0.0
 0.0
 0.0
 0.0
 0.0
 0.0
 0.0
 0.0
 0.0
 0.6476875333701858
 1.9430626001105582
 0.0
 0.0
 0.0
 0.0
 0.0
 0.0
 0.0
 0.811075477438821
 0.6928217218308528
 1.088933475569675
 0.1273685389515759
 0.10879837070424495
 0.17100241550482995
 0.0
 0.0
 0.0
 0.0
 0.0
 0.0
 0.0
 0.0
 0.0
 0.0
 0.0
 4.081426732645957
 3.0344274789839916
 0.0
 0.0
 0.0
 0.507117789219474
 0.37702799915057744
 0.0
 0.0
 0.0
 0.0
 0.0
 0.0
 0.0
 0.0
 0.0
 0.0
 0.0
 0.0
 0.0
 0.0
 0.0
 0.0
 0.0
 0.0
 0.0
 0.0
 0.0
 0.0
 0.0
 0.0
 0.0
 0.0
 0.0
 0.0
 0.500638832009051
 0.2503194160045255
 0.0
 0.0
 1.499361167990949
 0.7496805839954745
 0.0
 0.0
 0.0
 0.0
 0.0
 0.0
 0.0
 0.0
 0.0
 0.0
 0.0
 0.0
 0.0
 0.0
 2.0
 0.0
 0.0
 0.0
 0.26130699478094915
 0.0
 0.0
 0.0
 0.0
 0.0
 0.0
 0.0
 0.0
 0.0
 0.0
 0.0
 0.0
 0.0
 0.0
 0.0
 0.0
 1.738693005219051
 1.0
 0.2613069947809491
 0.0
 0.0
 0.0
 0.0
 0.0
 0.0
 0.0
 0.0
 0.0
 1.3748045540339562
 0.6874022770169781
 0.0
 0.6251954459660438
 0.3125977229830219
 0.0
 0.0
 0.0
 0.0
 0.0
 0.0
 0.0
 0.0
 0.0
 0.0
 0.0
 0.0
 0.0
 0.0
 0.3769658130800287
 0.848681722047095
 0.0
 0.0
 0.0
 0.0
 0.0
 0.0
 0.0
 0.0
 0.0
 0.0
 0.0
 0.0
 0.0
 0.0
 0.0
 0.0
 0.0
 0.0
 0.0
 0.0
 0.0
 0.0
 0.06627558559837994
 0.09075424134753984
 0.0
 0.03313779279919002
 0.0
 0.0
 0.0
 0.0
 1.9337244144016201
 2.6479387638715113
 0.0
 0.9668622072008101
x_ij_opt: 1-dimensional DenseAxisArray{Float64,1,...} with index sets:
    Dimension 1, [(43, 30), (43, 22), (43, 6), (44, 22), (45, 30), (45, 29), (45, 28), (45, 24), (45, 23), (40, 29)  …  (5, 7), (5, 14), (6, 4), (6, 3), (1, 14), (1, 10), (1, 23), (1, 1), (3, 2), (3, 1)]
And data, a 116-element Vector{Float64}:
 0.0
 0.0
 1.4212520508241735
 0.0
 0.0
 0.0
 1.6230341869199714
 0.0
 0.0
 0.0
 0.0
 0.0
 0.0
 0.0
 0.0
 0.0
 0.0
 0.0
 0.30105970411757976
 0.0
 0.0
 0.0
 0.0
 0.0
 0.0
 0.0
 0.0
 2.0
 0.0
 0.0
 0.0
 0.0
 0.0
 0.0
 0.0
 0.0
 0.0
 0.0
 0.0
 0.0
 0.0
 0.0
 0.0
 0.5787479491758266
 0.0
 0.0
 0.0
 0.0
 0.0
 0.0
 0.0
 0.0
 0.0
 0.0
 0.0
 0.738693005219051
 0.0
 1.3480994507984738
 0.19837990746490197
 2.0
 0.0
 0.0
 0.0
 0.0
 6.0
 0.0
 0.06335602733609527
 0.0
 0.0
 0.6989402958824202
 0.0
 0.0
 0.0
 0.0
 0.0
 0.0
 0.15131827795290506
 0.8245997932707387
 0.0
 0.0
 0.0
 0.0
 0.0
 0.0
 0.0
 0.0
 0.0
 0.11852543924372423
 0.0
 0.0
 0.0
 1.1754002067292613
 0.0
 0.0
 0.0
 0.0
 0.0
 0.0
 0.0
 0.0
 0.0
 0.0
 0.0
 0.0
 0.0
 0.7936908437368808
 0.0
 0.0
 0.0
 0.0
 0.2678651398727221
 0.0
 0.0
 4.740064108925495
 0.0
 0.0
x_il_opt: 1-dimensional DenseAxisArray{Float64,1,...} with index sets:
    Dimension 1, [(43, 15), (43, 14), (44, 15), (44, 13), (44, 3), (40, 14), (40, 2), (41, 14), (42, 6), (37, 13)  …  (4, 13), (5, 2), (5, 7), (5, 9), (6, 11), (1, 1), (1, 6), (1, 3), (2, 1), (2, 15)]
And data, a 71-element Vector{Float64}:
 0.0
 0.0
 0.0
 2.0622068310509345
 1.2973402189853953
 1.2256475351271237
 0.0
 0.0
 0.160208114532833
 0.9377931689490657
 0.0
 3.0
 0.0
 0.0
 3.0
 0.0
 0.0
 0.0
 7.115854211629948
 0.0
 0.0
 0.0
 3.0
 0.7509582480135766
 2.2490417519864234
 0.0
 0.8841457883700515
 0.0
 2.261306994780949
 0.0
 1.4535206417366242
 0.0
 0.0
 0.0
 0.0
 0.0
 0.0
 0.0
 0.5464793582633757
 0.1901676197451098
 0.0
 0.0
 2.881474560756276
 0.0
 0.0
 2.2490417519864234
 0.0
 2.592830674839349
 0.0
 0.0
 0.0
 0.0
 0.0
 0.0
 0.0
 0.0
 0.0
 6.702659781014606
 0.0
 0.0
 0.0
 0.0
 0.0
 0.4071693251606508
 0.0
 0.0
 0.0
 2.5907501334807437
 0.0
 0.0
 5.548525385473941
x_lj_opt: 1-dimensional DenseAxisArray{Float64,1,...} with index sets:
    Dimension 1, [(15, 30), (15, 29), (15, 23), (15, 3), (14, 28), (14, 27), (14, 10), (14, 24), (13, 26), (13, 25)  …  (3, 6), (3, 5), (3, 29), (2, 4), (2, 3), (2, 1), (2, 5), (1, 2), (1, 1), (1, 14)]
And data, a 53-element Vector{Float64}:
 2.0
 2.738693005219051
 0.0
 1.0
 0.3769658130800287
 0.848681722047095
 0.0
 0.0
 2.0
 1.0
 0.0
 1.738693005219051
 1.0
 0.2613069947809489
 2.0
 0.0
 0.0
 0.0
 0.26130699478094915
 0.0
 0.0
 2.0
 1.0
 0.0
 0.0
 0.0
 4.588544521865431
 3.4114554781345694
 0.0
 0.0
 0.938444016390397
 0.801620092535098
 1.2599358910745049
 2.0
 6.0
 0.0
 1.8814745607562757
 1.0
 0.0
 0.0
 0.0
 0.0
 0.0
 0.0
 5.0
 3.0
 2.0
 0.0
 0.0
 1.0000000000000002
 2.0
 0.0
 0.0
q_opt: 1-dimensional DenseAxisArray{Float64,1,...} with index sets:
    Dimension 1, [(43, 15), (43, 14), (44, 15), (44, 13), (44, 3), (40, 14), (40, 2), (41, 14), (42, 6), (37, 13)  …  (4, 13), (5, 2), (5, 7), (5, 9), (6, 11), (1, 1), (1, 6), (1, 3), (2, 1), (2, 15)]
And data, a 71-element Vector{Float64}:
 0.0
 0.0
 0.0
 0.6874022770169781
 0.1621675273731744
 1.0
 0.0
 0.0
 0.020026014316604127
 0.3125977229830219
 0.0
 1.0
 0.0
 0.0
 0.375
 0.0
 0.0
 0.0
 0.8894817764537435
 0.0
 0.0
 0.0
 1.0
 0.2503194160045255
 0.2811302189983029
 0.0
 0.11051822354625644
 0.0
 1.0
 1.0
 0.7267603208683121
 0.0
 0.0
 0.0
 0.0
 0.0
 0.0
 0.0
 0.27323967913168784
 0.033137792799189984
 0.0
 0.0
 1.0
 0.0
 0.0
 0.7496805839954745
 0.0
 0.8642768916131164
 0.0
 0.0
 0.0
 0.0
 0.0
 0.0
 0.0
 1.0
 0.0
 0.8378324726268256
 0.0
 0.0
 0.0
 0.0
 0.0
 0.1357231083868836
 0.0
 0.0
 0.0
 0.323843766685093
 0.0
 0.0
 0.9668622072008101
