
PROBLEM STATISTICS
  Objective sense = Min
  # Variables = 572
  # Bin-Int Variables = 0
  # Constraints = 621
  # NL Constraints = 261
  # Linear Constraints = 360
  # Detected convex constraints = 0
  # Detected nonlinear terms = 261
  # Variables involved in nonlinear terms = 124
  # Potential variables for partitioning = 124
SUB-SOLVERS USED BY ALPINE
  NLP local solver = Knitro
  MIP solver = Gurobi
ALPINE CONFIGURATION
  Maximum iterations (lower-bounding MIPs) =  1
  Relative global optimality gap = 0.01%
  Potential variables chosen for partitioning = All
  Discretization ratio = 10
  Bound-tightening presolve = false
PRESOLVE 
  Doing local search

Feasible solution found during presolve: [1.1129275415379118, 1.7115075185381918, 0.0, 0.8870724584620884, 1.3641779230730842, 0.0, 0.0, 0.0, 0.0, 0.0, 0.0, 0.0, 0.0, 0.0, 0.0, 0.0, 1.2752249871394123, 0.0, 0.0, 1.7247750128605879, 0.0, 0.0, 0.0, 0.0, 0.0, 0.0, 0.0, 0.0, 0.0, 2.310485387254046, 1.4403894454774038, 0.0, 0.0, 0.0, 0.0, 0.0, 0.0, 0.0, 0.0, 0.0, 0.0, 1.9647395998853656, 1.2248466051325038, 0.0, 0.0, 0.0, 0.0, 0.0, 0.0, 0.0, 0.0, 0.0, 0.0, 0.0, 0.0, 0.0, 0.0, 0.0, 0.0, 2.0, 1.0, 0.0, 0.0, 0.0, 0.0, 0.0, 0.0, 0.0, 0.0, 0.0, 0.0, 0.22688439779947484, 0.6806531933984246, 0.0, 0.75, 2.25, 0.0, 0.48419729652137994, 1.4525918895641399, 0.0, 0.0, 0.0, 0.0, 0.0, 0.0, 0.0, 0.0, 0.0, 0.0, 0.0, 0.0, 0.0, 0.5389183056791451, 1.6167549170374353, 0.0, 0.0, 0.0, 0.0, 0.0, 0.0, 0.0, 1.798132592060752, 0.824435060076104, 0.3774323478631436, 0.0, 0.0, 0.0, 0.0, 0.0, 0.0, 0.0, 0.0, 0.0, 0.0, 0.0, 0.0, 0.0, 0.0, 4.989600270955212, 2.4148463646639295, 0.0, 0.0, 0.0, 0.4013227962219676, 0.19423056815888984, 0.0, 0.0, 0.0, 0.0, 0.0, 0.0, 0.0, 0.0, 0.0, 0.0, 0.0, 0.0, 0.0, 0.0, 0.0, 0.0, 0.0, 0.0, 0.0, 0.0, 0.0, 0.0, 0.0, 0.0, 0.0, 0.0, 0.02041812457779372, 0.0, 0.7088072092763202, 0.3544036046381601, 0.0, 0.0, 1.2911927907236798, 0.6455963953618399, 0.0, 0.0, 0.0, 0.0, 0.0, 0.0, 0.0, 0.0, 0.0, 0.0, 0.0, 0.0, 0.0, 0.0, 1.9655807598250326, 0.0, 0.0, 0.0, 0.44162166778813483, 0.0, 0.0, 0.0, 0.0, 0.0, 0.0, 0.0, 0.0, 0.0, 0.0, 0.0, 0.0, 0.0, 0.0, 0.0, 0.0, 1.5583783322118652, 1.0, 0.44162166778813483, 0.0, 0.0, 0.0, 0.0, 0.0, 0.0, 0.0, 0.0, 0.0, 1.466432778812173, 0.7332163894060861, 0.0, 0.5335672211878267, 0.26678361059391326, 0.0, 0.0, 0.0, 0.0, 0.0, 0.0, 0.0, 0.0, 0.0, 0.0, 0.0, 0.0, 0.0, 0.0, 0.8205611975337549, 0.8533900500541074, 0.0, 0.0, 0.0, 0.0, 0.0, 0.0, 0.0, 0.0, 0.0, 0.0, 0.0, 0.0, 0.0, 0.0, 0.0, 0.0, 0.0, 0.0, 0.0, 0.0, 0.0, 0.0, 0.0, 0.0, 0.0, 0.0, 0.0, 0.0, 0.0, 0.0, 1.819419901616668, 2.8931422816019574, 0.0, 1.0, 0.0, 0.0, 0.0, 2.1996491682182593, 3.7508748327314496, 1.6739512475878624, 0.0, 0.0, 0.9075375911978993, 0.80035083178174, 0.0, 3.0, 0.0, 0.0, 3.0, 0.0, 0.0, 0.0, 7.404446635619142, 0.0, 0.0, 0.0, 3.0, 1.0632108139144805, 1.9367891860855198, 0.0, 0.5955533643808575, 0.0, 2.4072024276131674, 0.0, 2.824435060076104, 0.0, 0.0, 0.0, 0.0, 0.0, 0.0, 0.0, 2.2512503815351725, 0.0, 0.0, 0.0, 3.0, 0.0, 0.0, 1.9367891860855195, 0.0, 3.0, 0.0, 0.0, 0.0, 0.0, 0.0, 0.0, 0.0, 0.0, 0.0, 0.0, 0.0, 0.0, 0.0, 0.0, 0.0, 0.0, 0.02041812457779372, 0.0, 0.0, 2.1556732227165805, 3.1895862050178696, 0.0, 5.712562183218624, 1.819419901616668, 2.8931422816019574, 0.0, 1.0, 0.8205611975337549, 0.8533900500541074, 0.0, 0.0, 2.0, 1.0, 0.0, 1.5583783322118652, 1.0, 0.44162166778813483, 1.9655807598250326, 0.0, 0.0, 0.0, 0.44162166778813483, 0.0, 0.0, 2.0, 1.0, 0.02041812457779372, 0.0, 0.0, 5.39092306717718, 2.6090769328228194, 0.0, 0.0, 1.798132592060752, 0.824435060076104, 0.3774323478631436, 2.0, 6.0, 0.0, 2.0, 1.0, 0.0, 0.0, 0.0, 0.0, 0.0, 0.0, 4.275224987139412, 2.6652360506099075, 1.2752249871394123, 0.0, 0.0, 1.7247750128605879, 2.0, 3.075685441611276, 0.0, 0.0, 0.03441924017496743, 1.4044466356191427, 0.0, 0.1805800983833321, 0.0, 1.179438802466245, 0.0, 0.0, 0.0, 0.0, 0.0, 0.0, 0.0, 0.0, 0.0, 0.0, 0.0, 0.25125038153517254, 0.0, 0.0, 0.0, 0.0, 0.0, 0.0, 0.0, 0.0, 2.0, 0.0, 0.0, 0.0, 0.0, 0.0, 0.0, 0.0, 0.0, 0.0, 0.0, 0.0, 0.0, 0.0, 0.0, 0.0, 0.5955533643808574, 0.0, 0.0, 0.0, 0.0, 0.0, 0.0, 0.0, 0.0, 0.0, 0.0, 0.0, 0.5927975723868326, 0.0, 0.0, 0.17556493992389605, 1.9795818754222063, 0.0, 0.0, 0.0, 0.0, 6.0, 0.0, 0.6090769328228197, 0.0, 0.0, 0.7487496184648275, 0.0, 0.0, 0.0, 0.0, 0.0, 0.0, 0.14660994994589258, 0.452683000892367, 0.0, 0.0, 0.0, 0.0, 0.0, 0.0, 0.0, 0.0, 0.0, 0.0, 0.0, 0.0, 0.7247750128605877, 1.547316999107633, 1.007567601434725, 0.0, 0.0, 0.0, 0.0, 0.0, 0.0, 0.0, 0.0, 0.0, 0.0, 0.0, 0.0, 0.09400904619927687, 0.0, 0.0, 0.0, 0.0, 0.10785836173997101, 0.0, 0.0, 2.5468822105255797, 0.0, 0.0, 0.0, 0.0, 0.0, 0.7332163894060865, 0.5404359756982079, 1.0, 0.0, 0.0, 0.11344219889973742, 0.26678361059391337, 0.0, 1.0, 0.0, 0.0, 0.375, 0.0, 0.0, 0.0, 0.9255558294523928, 0.0, 0.0, 0.0, 1.0, 0.3544036046381601, 0.24209864826068997, 0.0, 0.07444417054760719, 0.0, 1.0, 0.0, 0.5564637707689559, 0.0, 0.0, 0.0, 0.0, 0.0, 0.0, 0.0, 0.44353622923104413, 0.0, 0.0, 0.0, 1.0, 0.0, 0.0, 0.6455963953618399, 0.0, 1.0, 0.0, 0.0, 0.0, 0.0, 0.0, 0.0, 0.0, 1.0, 0.0, 0.0, 0.0, 0.0, 0.0, 0.0, 0.0, 0.0, 1.0, 0.0, 0.0, 0.26945915283957256, 0.45956402430179216, 0.0, 1.0]  :with objective: -616.079080448421

  Local solver returns a feasible point with value -616.0791
disc:  333  :[0.0, 1.619419901616668, 2.0]
disc:  334  :[0.0, 2.2931422816019573, 3.4931422816019575, 6.0]
disc:  335  :[0.0, 0.1, 1.0]
disc:  336  :[0.0, 0.9, 1.0]
disc:  337  :[0.0, 0.6205611975337548, 1.020561197533755, 2.0]
disc:  338  :[0.0, 0.7533900500541074, 0.9533900500541074, 1.0]
disc:  339  :[0.0, 0.2, 2.0]
disc:  340  :[0.0, 0.2, 2.0]
disc:  341  :[0.0, 1.8, 2.0]
disc:  342  :[0.0, 0.9, 1.0]
disc:  343  :[0.0, 0.2, 2.0]
disc:  344  :[0.0, 1.3583783322118652, 1.7583783322118651, 2.0]
disc:  345  :[0.0, 0.9, 1.0]
disc:  346  :[0.0, 0.14162166778813484, 0.7416216677881349, 3.0]
disc:  347  :[0.0, 1.7655807598250326, 2.0]
disc:  348  :[0.0, 0.6, 6.0]
disc:  349  :[0.0, 0.2, 2.0]
disc:  350  :[0.0, 0.1, 1.0]
disc:  351  :[0.0, 0.24162166778813482, 0.6416216677881348, 2.0]
disc:  352  :[0.0, 0.6, 6.0]
disc:  353  :[0.0, 0.1, 1.0]
disc:  354  :[0.0, 1.8, 2.0]
disc:  355  :[0.0, 0.9, 1.0]
disc:  356  :[0.0, 0.22041812457779372, 2.0]
disc:  357  :[0.0, 0.1, 1.0]
disc:  358  :[0.0, 0.2, 2.0]
disc:  359  :[0.0, 4.7909230671771805, 5.99092306717718, 6.0]
disc:  360  :[0.0, 2.0090769328228193, 3.2090769328228195, 6.0]
disc:  361  :[0.0, 0.2, 2.0]
disc:  362  :[0.0, 0.1, 1.0]
disc:  363  :[0.0, 1.598132592060752, 1.998132592060752, 2.0]
disc:  364  :[0.0, 0.724435060076104, 0.924435060076104, 1.0]
disc:  365  :[0.0, 0.07743234786314362, 0.6774323478631437, 3.0]
disc:  366  :[0.0, 1.8, 2.0]
disc:  367  :[0.0, 5.4, 6.0]
disc:  368  :[0.0, 0.2, 2.0]
disc:  369  :[0.0, 1.8, 2.0]
disc:  370  :[0.0, 0.9, 1.0]
disc:  371  :[0.0, 0.2, 2.0]
disc:  372  :[0.0, 0.2, 2.0]
disc:  373  :[0.0, 0.2, 2.0]
disc:  374  :[0.0, 0.6, 6.0]
disc:  375  :[0.0, 0.2, 2.0]
disc:  376  :[0.0, 0.2, 2.0]
disc:  377  :[0.0, 3.6752249871394116, 4.875224987139411, 6.0]
disc:  378  :[0.0, 2.0652360506099074, 3.2652360506099076, 6.0]
disc:  379  :[0.0, 1.0752249871394124, 1.4752249871394123, 2.0]
disc:  380  :[0.0, 0.1, 1.0]
disc:  381  :[0.0, 0.3, 3.0]
disc:  382  :[0.0, 1.4247750128605878, 2.0247750128605877, 3.0]
disc:  383  :[0.0, 1.8, 2.0]
disc:  384  :[0.0, 2.475685441611276, 3.675685441611276, 6.0]
disc:  385  :[0.0, 0.2, 2.0]
disc:  502  :[0.0, 0.1, 1.0]
disc:  503  :[0.0, 0.1, 1.0]
disc:  504  :[0.0, 0.1, 1.0]
disc:  505  :[0.0, 0.6332163894060865, 0.8332163894060864, 1.0]
disc:  506  :[0.0, 0.4404359756982079, 0.6404359756982079, 1.0]
disc:  507  :[0.0, 0.9, 1.0]
disc:  508  :[0.0, 0.1, 1.0]
disc:  509  :[0.0, 0.1, 1.0]
disc:  510  :[0.0, 0.013442198899737412, 0.21344219889973742, 1.0]
disc:  511  :[0.0, 0.16678361059391336, 0.3667836105939134, 1.0]
disc:  512  :[0.0, 0.1, 1.0]
disc:  513  :[0.0, 0.9, 1.0]
disc:  514  :[0.0, 0.1, 1.0]
disc:  515  :[0.0, 0.1, 1.0]
disc:  516  :[0.0, 0.275, 0.475, 1.0]
disc:  517  :[0.0, 0.1, 1.0]
disc:  518  :[0.0, 0.1, 1.0]
disc:  519  :[0.0, 0.1, 1.0]
disc:  520  :[0.0, 0.8255558294523928, 1.0]
disc:  521  :[0.0, 0.1, 1.0]
disc:  522  :[0.0, 0.1, 1.0]
disc:  523  :[0.0, 0.1, 1.0]
disc:  524  :[0.0, 0.9, 1.0]
disc:  525  :[0.0, 0.25440360463816014, 0.4544036046381601, 1.0]
disc:  526  :[0.0, 0.14209864826068996, 0.34209864826069, 1.0]
disc:  527  :[0.0, 0.1, 1.0]
disc:  528  :[0.0, 0.1744441705476072, 1.0]
disc:  529  :[0.0, 0.1, 1.0]
disc:  530  :[0.0, 0.9, 1.0]
disc:  531  :[0.0, 0.1, 1.0]
disc:  532  :[0.0, 0.45646377076895595, 0.6564637707689559, 1.0]
disc:  533  :[0.0, 0.1, 1.0]
disc:  534  :[0.0, 0.1, 1.0]
disc:  535  :[0.0, 0.1, 1.0]
disc:  536  :[0.0, 0.1, 1.0]
disc:  537  :[0.0, 0.1, 1.0]
disc:  538  :[0.0, 0.1, 1.0]
disc:  539  :[0.0, 0.1, 1.0]
disc:  540  :[0.0, 0.3435362292310441, 0.5435362292310442, 1.0]
disc:  541  :[0.0, 0.1, 1.0]
disc:  542  :[0.0, 0.1, 1.0]
disc:  543  :[0.0, 0.1, 1.0]
disc:  544  :[0.0, 0.9, 1.0]
disc:  545  :[0.0, 0.1, 1.0]
disc:  546  :[0.0, 0.1, 1.0]
disc:  547  :[0.0, 0.5455963953618399, 0.7455963953618399, 1.0]
disc:  548  :[0.0, 0.1, 1.0]
disc:  549  :[0.0, 0.9, 1.0]
disc:  550  :[0.0, 0.1, 1.0]
disc:  551  :[0.0, 0.1, 1.0]
disc:  552  :[0.0, 0.1, 1.0]
disc:  553  :[0.0, 0.1, 1.0]
disc:  554  :[0.0, 0.1, 1.0]
disc:  555  :[0.0, 0.1, 1.0]
disc:  556  :[0.0, 0.1, 1.0]
disc:  557  :[0.0, 0.9, 1.0]
disc:  558  :[0.0, 0.1, 1.0]
disc:  559  :[0.0, 0.1, 1.0]
disc:  560  :[0.0, 0.1, 1.0]
disc:  561  :[0.0, 0.1, 1.0]
disc:  562  :[0.0, 0.1, 1.0]
disc:  563  :[0.0, 0.1, 1.0]
disc:  564  :[0.0, 0.1, 1.0]
disc:  565  :[0.0, 0.1, 1.0]
disc:  566  :[0.0, 0.9, 1.0]
disc:  567  :[0.0, 0.1, 1.0]
disc:  568  :[0.0, 0.1, 1.0]
disc:  569  :[0.0, 0.16945915283957255, 0.36945915283957254, 1.0]
disc:  570  :[0.0, 0.35956402430179213, 0.5595640243017922, 1.0]
disc:  571  :[0.0, 0.1, 1.0]
disc:  572  :[0.0, 0.9, 1.0]
  Completed presolve in 9.85s
LOWER-BOUNDING ITERATIONS
====================================================================================================
| Iter   | Incumbent       | Best Incumbent      | Lower Bound        | Gap (%)         | Time      
| finish | -616.0791       | -616.0791           | -625.3464          | 1.504           | 20.36s           
Final UBD: -616.079080448421
Final LBD: -625.3464239363668
====================================================================================================

*** Alpine ended with status OTHER_LIMIT ***

 Total time for local solves: 7.43s

 Total time for solving max-min problems: 0.0s

 Total time excluding max-min time: 20.36s

presolve objective value: -616.079080448421
w_opt: 1-dimensional DenseAxisArray{Float64,1,...} with index sets:
    Dimension 1, [(25, 1, 2), (25, 1, 1), (25, 1, 14), (20, 1, 2), (20, 1, 1), (20, 1, 14), (1, 1, 2), (1, 1, 1), (1, 1, 14), (2, 1, 2)  …  (20, 15, 23), (20, 15, 3), (8, 15, 30), (8, 15, 29), (8, 15, 23), (8, 15, 3), (2, 15, 30), (2, 15, 29), (2, 15, 23), (2, 15, 3)]
And data, a 261-element Vector{Float64}:
 1.1129275415379118
 1.7115075185381918
 0.0
 0.8870724584620884
 1.3641779230730842
 0.0
 0.0
 0.0
 0.0
 0.0
 0.0
 0.0
 0.0
 0.0
 0.0
 0.0
 1.2752249871394123
 0.0
 0.0
 1.7247750128605879
 0.0
 0.0
 0.0
 0.0
 0.0
 0.0
 0.0
 0.0
 0.0
 2.310485387254046
 1.4403894454774038
 0.0
 0.0
 0.0
 0.0
 0.0
 0.0
 0.0
 0.0
 0.0
 0.0
 1.9647395998853656
 1.2248466051325038
 0.0
 0.0
 0.0
 0.0
 0.0
 0.0
 0.0
 0.0
 0.0
 0.0
 0.0
 0.0
 0.0
 0.0
 0.0
 0.0
 2.0
 1.0
 0.0
 0.0
 0.0
 0.0
 0.0
 0.0
 0.0
 0.0
 0.0
 0.0
 0.22688439779947484
 0.6806531933984246
 0.0
 0.75
 2.25
 0.0
 0.48419729652137994
 1.4525918895641399
 0.0
 0.0
 0.0
 0.0
 0.0
 0.0
 0.0
 0.0
 0.0
 0.0
 0.0
 0.0
 0.0
 0.5389183056791451
 1.6167549170374353
 0.0
 0.0
 0.0
 0.0
 0.0
 0.0
 0.0
 1.798132592060752
 0.824435060076104
 0.3774323478631436
 0.0
 0.0
 0.0
 0.0
 0.0
 0.0
 0.0
 0.0
 0.0
 0.0
 0.0
 0.0
 0.0
 0.0
 4.989600270955212
 2.4148463646639295
 0.0
 0.0
 0.0
 0.4013227962219676
 0.19423056815888984
 0.0
 0.0
 0.0
 0.0
 0.0
 0.0
 0.0
 0.0
 0.0
 0.0
 0.0
 0.0
 0.0
 0.0
 0.0
 0.0
 0.0
 0.0
 0.0
 0.0
 0.0
 0.0
 0.0
 0.0
 0.0
 0.0
 0.02041812457779372
 0.0
 0.7088072092763202
 0.3544036046381601
 0.0
 0.0
 1.2911927907236798
 0.6455963953618399
 0.0
 0.0
 0.0
 0.0
 0.0
 0.0
 0.0
 0.0
 0.0
 0.0
 0.0
 0.0
 0.0
 0.0
 1.9655807598250326
 0.0
 0.0
 0.0
 0.44162166778813483
 0.0
 0.0
 0.0
 0.0
 0.0
 0.0
 0.0
 0.0
 0.0
 0.0
 0.0
 0.0
 0.0
 0.0
 0.0
 0.0
 1.5583783322118652
 1.0
 0.44162166778813483
 0.0
 0.0
 0.0
 0.0
 0.0
 0.0
 0.0
 0.0
 0.0
 1.466432778812173
 0.7332163894060861
 0.0
 0.5335672211878267
 0.26678361059391326
 0.0
 0.0
 0.0
 0.0
 0.0
 0.0
 0.0
 0.0
 0.0
 0.0
 0.0
 0.0
 0.0
 0.0
 0.8205611975337549
 0.8533900500541074
 0.0
 0.0
 0.0
 0.0
 0.0
 0.0
 0.0
 0.0
 0.0
 0.0
 0.0
 0.0
 0.0
 0.0
 0.0
 0.0
 0.0
 0.0
 0.0
 0.0
 0.0
 0.0
 0.0
 0.0
 0.0
 0.0
 0.0
 0.0
 0.0
 0.0
 1.819419901616668
 2.8931422816019574
 0.0
 1.0
x_ij_opt: 1-dimensional DenseAxisArray{Float64,1,...} with index sets:
    Dimension 1, [(43, 30), (43, 22), (43, 6), (44, 22), (45, 30), (45, 29), (45, 28), (45, 24), (45, 23), (40, 29)  …  (5, 7), (5, 14), (6, 4), (6, 3), (1, 14), (1, 10), (1, 23), (1, 1), (3, 2), (3, 1)]
And data, a 116-element Vector{Float64}:
 0.0
 0.03441924017496743
 1.4044466356191427
 0.0
 0.1805800983833321
 0.0
 1.179438802466245
 0.0
 0.0
 0.0
 0.0
 0.0
 0.0
 0.0
 0.0
 0.0
 0.0
 0.0
 0.25125038153517254
 0.0
 0.0
 0.0
 0.0
 0.0
 0.0
 0.0
 0.0
 2.0
 0.0
 0.0
 0.0
 0.0
 0.0
 0.0
 0.0
 0.0
 0.0
 0.0
 0.0
 0.0
 0.0
 0.0
 0.0
 0.5955533643808574
 0.0
 0.0
 0.0
 0.0
 0.0
 0.0
 0.0
 0.0
 0.0
 0.0
 0.0
 0.5927975723868326
 0.0
 0.0
 0.17556493992389605
 1.9795818754222063
 0.0
 0.0
 0.0
 0.0
 6.0
 0.0
 0.6090769328228197
 0.0
 0.0
 0.7487496184648275
 0.0
 0.0
 0.0
 0.0
 0.0
 0.0
 0.14660994994589258
 0.452683000892367
 0.0
 0.0
 0.0
 0.0
 0.0
 0.0
 0.0
 0.0
 0.0
 0.0
 0.0
 0.0
 0.7247750128605877
 1.547316999107633
 1.007567601434725
 0.0
 0.0
 0.0
 0.0
 0.0
 0.0
 0.0
 0.0
 0.0
 0.0
 0.0
 0.0
 0.09400904619927687
 0.0
 0.0
 0.0
 0.0
 0.10785836173997101
 0.0
 0.0
 2.5468822105255797
 0.0
 0.0
x_il_opt: 1-dimensional DenseAxisArray{Float64,1,...} with index sets:
    Dimension 1, [(43, 15), (43, 14), (44, 15), (44, 13), (44, 3), (40, 14), (40, 2), (41, 14), (42, 6), (37, 13)  …  (4, 13), (5, 2), (5, 7), (5, 9), (6, 11), (1, 1), (1, 6), (1, 3), (2, 1), (2, 15)]
And data, a 71-element Vector{Float64}:
 0.0
 0.0
 0.0
 2.1996491682182593
 3.7508748327314496
 1.6739512475878624
 0.0
 0.0
 0.9075375911978993
 0.80035083178174
 0.0
 3.0
 0.0
 0.0
 3.0
 0.0
 0.0
 0.0
 7.404446635619142
 0.0
 0.0
 0.0
 3.0
 1.0632108139144805
 1.9367891860855198
 0.0
 0.5955533643808575
 0.0
 2.4072024276131674
 0.0
 2.824435060076104
 0.0
 0.0
 0.0
 0.0
 0.0
 0.0
 0.0
 2.2512503815351725
 0.0
 0.0
 0.0
 3.0
 0.0
 0.0
 1.9367891860855195
 0.0
 3.0
 0.0
 0.0
 0.0
 0.0
 0.0
 0.0
 0.0
 0.0
 0.0
 0.0
 0.0
 0.0
 0.0
 0.0
 0.0
 0.0
 0.02041812457779372
 0.0
 0.0
 2.1556732227165805
 3.1895862050178696
 0.0
 5.712562183218624
x_lj_opt: 1-dimensional DenseAxisArray{Float64,1,...} with index sets:
    Dimension 1, [(15, 30), (15, 29), (15, 23), (15, 3), (14, 28), (14, 27), (14, 10), (14, 24), (13, 26), (13, 25)  …  (3, 6), (3, 5), (3, 29), (2, 4), (2, 3), (2, 1), (2, 5), (1, 2), (1, 1), (1, 14)]
And data, a 53-element Vector{Float64}:
 1.819419901616668
 2.8931422816019574
 0.0
 1.0
 0.8205611975337549
 0.8533900500541074
 0.0
 0.0
 2.0
 1.0
 0.0
 1.5583783322118652
 1.0
 0.44162166778813483
 1.9655807598250326
 0.0
 0.0
 0.0
 0.44162166778813483
 0.0
 0.0
 2.0
 1.0
 0.02041812457779372
 0.0
 0.0
 5.39092306717718
 2.6090769328228194
 0.0
 0.0
 1.798132592060752
 0.824435060076104
 0.3774323478631436
 2.0
 6.0
 0.0
 2.0
 1.0
 0.0
 0.0
 0.0
 0.0
 0.0
 0.0
 4.275224987139412
 2.6652360506099075
 1.2752249871394123
 0.0
 0.0
 1.7247750128605879
 2.0
 3.075685441611276
 0.0
q_opt: 1-dimensional DenseAxisArray{Float64,1,...} with index sets:
    Dimension 1, [(43, 15), (43, 14), (44, 15), (44, 13), (44, 3), (40, 14), (40, 2), (41, 14), (42, 6), (37, 13)  …  (4, 13), (5, 2), (5, 7), (5, 9), (6, 11), (1, 1), (1, 6), (1, 3), (2, 1), (2, 15)]
And data, a 71-element Vector{Float64}:
 0.0
 0.0
 0.0
 0.7332163894060865
 0.5404359756982079
 1.0
 0.0
 0.0
 0.11344219889973742
 0.26678361059391337
 0.0
 1.0
 0.0
 0.0
 0.375
 0.0
 0.0
 0.0
 0.9255558294523928
 0.0
 0.0
 0.0
 1.0
 0.3544036046381601
 0.24209864826068997
 0.0
 0.07444417054760719
 0.0
 1.0
 0.0
 0.5564637707689559
 0.0
 0.0
 0.0
 0.0
 0.0
 0.0
 0.0
 0.44353622923104413
 0.0
 0.0
 0.0
 1.0
 0.0
 0.0
 0.6455963953618399
 0.0
 1.0
 0.0
 0.0
 0.0
 0.0
 0.0
 0.0
 0.0
 1.0
 0.0
 0.0
 0.0
 0.0
 0.0
 0.0
 0.0
 0.0
 1.0
 0.0
 0.0
 0.26945915283957256
 0.45956402430179216
 0.0
 1.0
