
PROBLEM STATISTICS
  Objective sense = Min
  # Variables = 572
  # Bin-Int Variables = 0
  # Constraints = 621
  # NL Constraints = 261
  # Linear Constraints = 360
  # Detected convex constraints = 0
  # Detected nonlinear terms = 261
  # Variables involved in nonlinear terms = 124
  # Potential variables for partitioning = 124
SUB-SOLVERS USED BY ALPINE
  NLP local solver = Knitro
  MIP solver = Gurobi
ALPINE CONFIGURATION
  Maximum iterations (lower-bounding MIPs) =  1
  Relative global optimality gap = 0.01%
  Potential variables chosen for partitioning = All
  Discretization ratio = 10
  Bound-tightening presolve = false
PRESOLVE 
  Doing local search

Feasible solution found during presolve: [1.6389059745267676, 0.0, 0.0, 0.3610940254732325, 0.0, 0.0, 0.0, 0.0, 0.0, 0.0, 0.0, 0.0, 0.0, 0.0, 0.0, 0.0, 1.9863255605271315, 0.0, 0.0, 1.0136744394728685, 0.0, 0.0, 0.0, 0.0, 0.0, 0.0, 0.0, 0.0, 0.0, 1.332524708203962, 0.8053617045927082, 0.0, 0.0, 0.0, 0.0, 3.65380085232317, 2.2083127348801597, 0.0, 0.0, 0.0, 0.0, 0.0, 0.0, 0.0, 0.0, 0.0, 0.0, 0.0, 0.0, 0.0, 0.0, 0.0, 0.0, 0.0, 0.0, 0.0, 0.0, 0.0, 0.0, 2.0, 1.0, 0.0, 0.0, 0.0, 0.0, 0.0, 0.0, 0.0, 0.0, 0.0, 0.0, 0.0, 0.0, 0.0, 0.6525033772371597, 1.9575101317114791, 0.0, 0.5489913119596002, 1.6469739358788005, 0.0, 0.0, 0.0, 0.0, 0.0, 0.0, 0.0, 0.0, 0.0, 0.0, 0.0, 0.0, 0.0, 0.7985053108032403, 2.39551593240972, 0.0, 0.0, 0.0, 0.0, 0.0, 0.0, 0.0, 0.6995149348508836, 0.7782595875767542, 1.5222254775723625, 0.0, 0.0, 0.0, 0.0, 0.0, 0.0, 0.0, 0.0, 0.0, 0.0, 0.0, 0.0, 0.0, 0.0, 4.356282432165666, 2.8135992426033916, 0.0, 0.0, 0.0, 0.5043639547843476, 0.32575437044659566, 0.0, 0.0, 0.0, 0.0, 0.0, 0.0, 0.0, 0.0, 0.0, 0.0, 0.0, 0.0, 0.0, 0.0, 0.0, 0.0, 0.0, 0.0, 0.0, 0.0, 0.0, 0.0, 0.0, 0.0, 0.0, 0.0, 0.05105754779379066, 0.0, 0.5360231681077331, 0.26801158405386655, 0.0, 0.0, 1.463976831892267, 0.7319884159461335, 0.0, 0.0, 0.0, 0.0, 0.0, 0.0, 0.0, 0.0, 0.0, 0.0, 0.0, 0.0, 0.0, 0.0, 2.0, 0.0, 0.0, 0.0, 0.6692084591064057, 0.0, 0.0, 0.0, 0.0, 0.0, 0.0, 0.0, 0.0, 0.0, 0.0, 0.0, 0.0, 0.0, 0.0, 0.0, 0.0, 1.3307915408935944, 0.9574014526631511, 0.7118070064432542, 0.0, 0.0, 0.0, 0.0, 0.0, 0.0, 0.0, 0.0, 0.0, 1.4735501450213517, 0.7367750725106759, 0.0, 0.5264498549786484, 0.26322492748932425, 0.0, 0.0, 0.0, 0.0, 0.0, 0.0, 0.0, 0.0, 0.0, 0.0, 0.03574459618350823, 0.15860869856565377, 0.0, 0.0, 0.13639237566968668, 0.6052108432890267, 0.0, 0.0, 0.0, 0.0, 0.0, 0.0, 0.0, 0.0, 0.0, 0.0, 0.0, 0.0, 0.0, 0.0, 0.0, 0.0, 0.0, 0.0, 0.0, 0.0, 0.0, 0.0, 0.23959435629421583, 0.2724809044224886, 0.0, 0.11979717814710791, 0.0, 0.0, 0.0, 0.0, 1.760405643705784, 2.002037649661389, 0.0, 0.880202821852892, 0.0, 0.194353294749162, 0.0, 2.2103252175320276, 2.13788641279667, 0.7416032189587134, 0.0, 0.0, 0.0, 0.7896747824679725, 0.0, 3.0, 0.0, 0.0, 2.610013508948639, 0.0, 0.0, 0.0, 7.169881674769058, 0.0, 0.0, 0.0, 3.0, 0.8040347521615996, 2.1959652478384006, 0.0, 0.8301183252309433, 0.0, 2.6692084591064056, 0.0, 1.6389059745267676, 0.0, 0.0, 0.0, 0.0, 0.0, 0.0, 0.0, 0.3610940254732325, 0.6318724388638123, 0.0, 0.0, 3.0, 0.0, 0.0, 2.1959652478384006, 0.0, 3.0, 0.0, 0.0, 0.0, 0.0, 0.0, 0.0, 0.0, 0.0, 0.0, 5.862113587203329, 0.0, 0.0, 0.0, 0.0, 0.0, 0.0, 0.05105754779379066, 0.0, 0.0, 3.19402124321296, 0.0, 0.0, 4.6426461152200655, 2.0, 2.274518554083878, 0.0, 1.0, 0.1721369718531949, 0.7638195418546805, 0.0, 0.0, 2.0, 1.0, 0.0, 1.3307915408935944, 0.9574014526631511, 0.7118070064432542, 2.0, 0.0, 0.0, 0.0, 0.6692084591064057, 0.0, 0.0, 2.0, 1.0, 0.05105754779379066, 0.0, 0.0, 4.860646386950013, 3.139353613049986, 0.0, 0.0, 0.6995149348508836, 0.7782595875767542, 1.5222254775723625, 2.0, 6.0, 0.0, 2.0, 1.0, 0.0, 0.0, 0.0, 0.0, 0.0, 0.0, 4.986325560527132, 3.013674439472868, 1.9863255605271315, 0.0, 0.0, 1.0136744394728685, 2.0, 0.0, 0.0, 0.0, 0.0, 1.1698816747690584, 0.0, 0.0, 0.0, 1.8278630281468053, 0.0, 0.0, 0.0, 0.0, 0.0, 0.0, 0.0, 0.0, 0.0, 0.0, 0.0, 0.2647315589448943, 0.0, 0.0, 0.0, 0.0, 0.0, 0.0, 0.0, 0.0, 2.0, 0.0, 0.0, 0.0, 0.0, 0.0, 0.0, 0.0, 0.0, 0.0, 0.0, 0.0, 0.0, 0.0, 0.0, 0.0, 0.8301183252309419, 0.0, 0.0, 0.0, 0.0, 0.0, 0.0, 0.0, 0.0, 0.0, 0.0, 0.0, 0.3307915408935943, 0.0, 1.1393536130499866, 0.2217404124232459, 1.9489424522062093, 0.0, 0.0, 0.0, 0.0, 6.0, 0.0, 0.0, 0.0, 0.0, 0.7352684410551057, 0.0, 0.0, 0.0, 0.0, 0.0, 0.0, 0.23618045814531954, 0.2805014489985934, 0.0, 0.0, 0.0, 0.0, 0.0, 0.0, 0.0, 0.0, 0.0, 0.0, 0.0, 0.0, 0.0, 1.7194985510014067, 0.0, 0.0, 0.0, 0.0, 0.0, 0.0, 0.0, 0.0, 0.0, 0.0, 0.0, 0.0, 0.0, 1.1846632801109707, 0.0, 0.0, 0.013674439472868526, 0.0, 0.11582178503814576, 0.0, 0.04259854733684887, 4.477774522427637, 0.0, 0.0, 0.0, 0.20765205637515577, 0.0, 0.7367750725106759, 0.26723580159958377, 0.7923479436248442, 0.0, 0.0, 0.0, 0.2632249274893242, 0.0, 1.0, 0.0, 0.0, 0.3262516886185799, 0.0, 0.0, 0.0, 0.8962352093461322, 0.0, 0.0, 0.0, 1.0, 0.26801158405386655, 0.2744956559798001, 0.0, 0.10376479065386791, 0.0, 1.0, 0.0, 0.8194529872633838, 0.0, 0.0, 0.0, 0.0, 0.0, 0.0, 0.0, 0.18054701273661625, 0.11979717814710791, 0.0, 0.0, 1.0, 0.0, 0.0, 0.7319884159461335, 0.0, 1.0, 0.0, 0.0, 0.0, 0.0, 0.0, 0.0, 0.0, 1.0, 0.0, 0.7327641984004162, 0.0, 0.0, 0.0, 0.0, 0.0, 0.0, 1.0, 0.0, 0.0, 0.3992526554016201, 0.0, 0.0, 0.880202821852892]  :with objective: -622.1489713701245

  Local solver returns a feasible point with value -622.149
disc:  333  :[0.0, 1.8, 2.0]
disc:  334  :[0.0, 1.6745185540838778, 2.874518554083878, 6.0]
disc:  335  :[0.0, 0.1, 1.0]
disc:  336  :[0.0, 0.9, 1.0]
disc:  337  :[0.0, 0.37213697185319494, 2.0]
disc:  338  :[0.0, 0.6638195418546805, 0.8638195418546805, 1.0]
disc:  339  :[0.0, 0.2, 2.0]
disc:  340  :[0.0, 0.2, 2.0]
disc:  341  :[0.0, 1.8, 2.0]
disc:  342  :[0.0, 0.9, 1.0]
disc:  343  :[0.0, 0.2, 2.0]
disc:  344  :[0.0, 1.1307915408935945, 1.5307915408935944, 2.0]
disc:  345  :[0.0, 0.8574014526631512, 1.0]
disc:  346  :[0.0, 0.41180700644325424, 1.0118070064432543, 3.0]
disc:  347  :[0.0, 1.8, 2.0]
disc:  348  :[0.0, 0.6, 6.0]
disc:  349  :[0.0, 0.2, 2.0]
disc:  350  :[0.0, 0.1, 1.0]
disc:  351  :[0.0, 0.4692084591064057, 0.8692084591064058, 2.0]
disc:  352  :[0.0, 0.6, 6.0]
disc:  353  :[0.0, 0.1, 1.0]
disc:  354  :[0.0, 1.8, 2.0]
disc:  355  :[0.0, 0.9, 1.0]
disc:  356  :[0.0, 0.2510575477937907, 2.0]
disc:  357  :[0.0, 0.1, 1.0]
disc:  358  :[0.0, 0.2, 2.0]
disc:  359  :[0.0, 4.260646386950014, 5.460646386950013, 6.0]
disc:  360  :[0.0, 2.539353613049986, 3.7393536130499863, 6.0]
disc:  361  :[0.0, 0.2, 2.0]
disc:  362  :[0.0, 0.1, 1.0]
disc:  363  :[0.0, 0.49951493485088355, 0.8995149348508835, 2.0]
disc:  364  :[0.0, 0.6782595875767542, 0.8782595875767542, 1.0]
disc:  365  :[0.0, 1.2222254775723624, 1.8222254775723625, 3.0]
disc:  366  :[0.0, 1.8, 2.0]
disc:  367  :[0.0, 5.4, 6.0]
disc:  368  :[0.0, 0.2, 2.0]
disc:  369  :[0.0, 1.8, 2.0]
disc:  370  :[0.0, 0.9, 1.0]
disc:  371  :[0.0, 0.2, 2.0]
disc:  372  :[0.0, 0.2, 2.0]
disc:  373  :[0.0, 0.2, 2.0]
disc:  374  :[0.0, 0.6, 6.0]
disc:  375  :[0.0, 0.2, 2.0]
disc:  376  :[0.0, 0.2, 2.0]
disc:  377  :[0.0, 4.3863255605271325, 5.586325560527132, 6.0]
disc:  378  :[0.0, 2.4136744394728677, 3.613674439472868, 6.0]
disc:  379  :[0.0, 1.7863255605271315, 2.0]
disc:  380  :[0.0, 0.1, 1.0]
disc:  381  :[0.0, 0.3, 3.0]
disc:  382  :[0.0, 0.7136744394728685, 1.3136744394728685, 3.0]
disc:  383  :[0.0, 1.8, 2.0]
disc:  384  :[0.0, 0.6, 6.0]
disc:  385  :[0.0, 0.2, 2.0]
disc:  502  :[0.0, 0.1, 1.0]
disc:  503  :[0.0, 0.10765205637515576, 0.3076520563751558, 1.0]
disc:  504  :[0.0, 0.1, 1.0]
disc:  505  :[0.0, 0.6367750725106759, 0.8367750725106758, 1.0]
disc:  506  :[0.0, 0.16723580159958376, 0.3672358015995838, 1.0]
disc:  507  :[0.0, 0.6923479436248442, 0.8923479436248442, 1.0]
disc:  508  :[0.0, 0.1, 1.0]
disc:  509  :[0.0, 0.1, 1.0]
disc:  510  :[0.0, 0.1, 1.0]
disc:  511  :[0.0, 0.16322492748932418, 0.3632249274893242, 1.0]
disc:  512  :[0.0, 0.1, 1.0]
disc:  513  :[0.0, 0.9, 1.0]
disc:  514  :[0.0, 0.1, 1.0]
disc:  515  :[0.0, 0.1, 1.0]
disc:  516  :[0.0, 0.2262516886185799, 0.42625168861857987, 1.0]
disc:  517  :[0.0, 0.1, 1.0]
disc:  518  :[0.0, 0.1, 1.0]
disc:  519  :[0.0, 0.1, 1.0]
disc:  520  :[0.0, 0.7962352093461322, 0.9962352093461322, 1.0]
disc:  521  :[0.0, 0.1, 1.0]
disc:  522  :[0.0, 0.1, 1.0]
disc:  523  :[0.0, 0.1, 1.0]
disc:  524  :[0.0, 0.9, 1.0]
disc:  525  :[0.0, 0.16801158405386654, 0.3680115840538666, 1.0]
disc:  526  :[0.0, 0.17449565597980007, 0.37449565597980006, 1.0]
disc:  527  :[0.0, 0.1, 1.0]
disc:  528  :[0.0, 0.0037647906538679082, 0.20376479065386793, 1.0]
disc:  529  :[0.0, 0.1, 1.0]
disc:  530  :[0.0, 0.9, 1.0]
disc:  531  :[0.0, 0.1, 1.0]
disc:  532  :[0.0, 0.7194529872633838, 0.9194529872633838, 1.0]
disc:  533  :[0.0, 0.1, 1.0]
disc:  534  :[0.0, 0.1, 1.0]
disc:  535  :[0.0, 0.1, 1.0]
disc:  536  :[0.0, 0.1, 1.0]
disc:  537  :[0.0, 0.1, 1.0]
disc:  538  :[0.0, 0.1, 1.0]
disc:  539  :[0.0, 0.1, 1.0]
disc:  540  :[0.0, 0.08054701273661624, 0.28054701273661625, 1.0]
disc:  541  :[0.0, 0.019797178147107908, 0.21979717814710792, 1.0]
disc:  542  :[0.0, 0.1, 1.0]
disc:  543  :[0.0, 0.1, 1.0]
disc:  544  :[0.0, 0.9, 1.0]
disc:  545  :[0.0, 0.1, 1.0]
disc:  546  :[0.0, 0.1, 1.0]
disc:  547  :[0.0, 0.6319884159461335, 0.8319884159461335, 1.0]
disc:  548  :[0.0, 0.1, 1.0]
disc:  549  :[0.0, 0.9, 1.0]
disc:  550  :[0.0, 0.1, 1.0]
disc:  551  :[0.0, 0.1, 1.0]
disc:  552  :[0.0, 0.1, 1.0]
disc:  553  :[0.0, 0.1, 1.0]
disc:  554  :[0.0, 0.1, 1.0]
disc:  555  :[0.0, 0.1, 1.0]
disc:  556  :[0.0, 0.1, 1.0]
disc:  557  :[0.0, 0.9, 1.0]
disc:  558  :[0.0, 0.1, 1.0]
disc:  559  :[0.0, 0.6327641984004162, 0.8327641984004162, 1.0]
disc:  560  :[0.0, 0.1, 1.0]
disc:  561  :[0.0, 0.1, 1.0]
disc:  562  :[0.0, 0.1, 1.0]
disc:  563  :[0.0, 0.1, 1.0]
disc:  564  :[0.0, 0.1, 1.0]
disc:  565  :[0.0, 0.1, 1.0]
disc:  566  :[0.0, 0.9, 1.0]
disc:  567  :[0.0, 0.1, 1.0]
disc:  568  :[0.0, 0.1, 1.0]
disc:  569  :[0.0, 0.29925265540162005, 0.4992526554016201, 1.0]
disc:  570  :[0.0, 0.1, 1.0]
disc:  571  :[0.0, 0.1, 1.0]
disc:  572  :[0.0, 0.780202821852892, 0.980202821852892, 1.0]
  Completed presolve in 8.31s
LOWER-BOUNDING ITERATIONS
====================================================================================================
| Iter   | Incumbent       | Best Incumbent      | Lower Bound        | Gap (%)         | Time      
| finish | -622.149        | -622.149            | -633.1208          | 1.764           | 22.43s           
Final UBD: -622.1489713701245
Final LBD: -633.1208444551364
====================================================================================================

*** Alpine ended with status OTHER_LIMIT ***

 Total time for local solves: 5.81s

 Total time for solving max-min problems: 0.0s

 Total time excluding max-min time: 22.43s

presolve objective value: -622.1489713701245
w_opt: 1-dimensional DenseAxisArray{Float64,1,...} with index sets:
    Dimension 1, [(25, 1, 2), (25, 1, 1), (25, 1, 14), (20, 1, 2), (20, 1, 1), (20, 1, 14), (1, 1, 2), (1, 1, 1), (1, 1, 14), (2, 1, 2)  …  (20, 15, 23), (20, 15, 3), (8, 15, 30), (8, 15, 29), (8, 15, 23), (8, 15, 3), (2, 15, 30), (2, 15, 29), (2, 15, 23), (2, 15, 3)]
And data, a 261-element Vector{Float64}:
 1.6389059745267676
 0.0
 0.0
 0.3610940254732325
 0.0
 0.0
 0.0
 0.0
 0.0
 0.0
 0.0
 0.0
 0.0
 0.0
 0.0
 0.0
 1.9863255605271315
 0.0
 0.0
 1.0136744394728685
 0.0
 0.0
 0.0
 0.0
 0.0
 0.0
 0.0
 0.0
 0.0
 1.332524708203962
 0.8053617045927082
 0.0
 0.0
 0.0
 0.0
 3.65380085232317
 2.2083127348801597
 0.0
 0.0
 0.0
 0.0
 0.0
 0.0
 0.0
 0.0
 0.0
 0.0
 0.0
 0.0
 0.0
 0.0
 0.0
 0.0
 0.0
 0.0
 0.0
 0.0
 0.0
 0.0
 2.0
 1.0
 0.0
 0.0
 0.0
 0.0
 0.0
 0.0
 0.0
 0.0
 0.0
 0.0
 0.0
 0.0
 0.0
 0.6525033772371597
 1.9575101317114791
 0.0
 0.5489913119596002
 1.6469739358788005
 0.0
 0.0
 0.0
 0.0
 0.0
 0.0
 0.0
 0.0
 0.0
 0.0
 0.0
 0.0
 0.0
 0.7985053108032403
 2.39551593240972
 0.0
 0.0
 0.0
 0.0
 0.0
 0.0
 0.0
 0.6995149348508836
 0.7782595875767542
 1.5222254775723625
 0.0
 0.0
 0.0
 0.0
 0.0
 0.0
 0.0
 0.0
 0.0
 0.0
 0.0
 0.0
 0.0
 0.0
 4.356282432165666
 2.8135992426033916
 0.0
 0.0
 0.0
 0.5043639547843476
 0.32575437044659566
 0.0
 0.0
 0.0
 0.0
 0.0
 0.0
 0.0
 0.0
 0.0
 0.0
 0.0
 0.0
 0.0
 0.0
 0.0
 0.0
 0.0
 0.0
 0.0
 0.0
 0.0
 0.0
 0.0
 0.0
 0.0
 0.0
 0.05105754779379066
 0.0
 0.5360231681077331
 0.26801158405386655
 0.0
 0.0
 1.463976831892267
 0.7319884159461335
 0.0
 0.0
 0.0
 0.0
 0.0
 0.0
 0.0
 0.0
 0.0
 0.0
 0.0
 0.0
 0.0
 0.0
 2.0
 0.0
 0.0
 0.0
 0.6692084591064057
 0.0
 0.0
 0.0
 0.0
 0.0
 0.0
 0.0
 0.0
 0.0
 0.0
 0.0
 0.0
 0.0
 0.0
 0.0
 0.0
 1.3307915408935944
 0.9574014526631511
 0.7118070064432542
 0.0
 0.0
 0.0
 0.0
 0.0
 0.0
 0.0
 0.0
 0.0
 1.4735501450213517
 0.7367750725106759
 0.0
 0.5264498549786484
 0.26322492748932425
 0.0
 0.0
 0.0
 0.0
 0.0
 0.0
 0.0
 0.0
 0.0
 0.0
 0.03574459618350823
 0.15860869856565377
 0.0
 0.0
 0.13639237566968668
 0.6052108432890267
 0.0
 0.0
 0.0
 0.0
 0.0
 0.0
 0.0
 0.0
 0.0
 0.0
 0.0
 0.0
 0.0
 0.0
 0.0
 0.0
 0.0
 0.0
 0.0
 0.0
 0.0
 0.0
 0.23959435629421583
 0.2724809044224886
 0.0
 0.11979717814710791
 0.0
 0.0
 0.0
 0.0
 1.760405643705784
 2.002037649661389
 0.0
 0.880202821852892
x_ij_opt: 1-dimensional DenseAxisArray{Float64,1,...} with index sets:
    Dimension 1, [(43, 30), (43, 22), (43, 6), (44, 22), (45, 30), (45, 29), (45, 28), (45, 24), (45, 23), (40, 29)  …  (5, 7), (5, 14), (6, 4), (6, 3), (1, 14), (1, 10), (1, 23), (1, 1), (3, 2), (3, 1)]
And data, a 116-element Vector{Float64}:
 0.0
 0.0
 1.1698816747690584
 0.0
 0.0
 0.0
 1.8278630281468053
 0.0
 0.0
 0.0
 0.0
 0.0
 0.0
 0.0
 0.0
 0.0
 0.0
 0.0
 0.2647315589448943
 0.0
 0.0
 0.0
 0.0
 0.0
 0.0
 0.0
 0.0
 2.0
 0.0
 0.0
 0.0
 0.0
 0.0
 0.0
 0.0
 0.0
 0.0
 0.0
 0.0
 0.0
 0.0
 0.0
 0.0
 0.8301183252309419
 0.0
 0.0
 0.0
 0.0
 0.0
 0.0
 0.0
 0.0
 0.0
 0.0
 0.0
 0.3307915408935943
 0.0
 1.1393536130499866
 0.2217404124232459
 1.9489424522062093
 0.0
 0.0
 0.0
 0.0
 6.0
 0.0
 0.0
 0.0
 0.0
 0.7352684410551057
 0.0
 0.0
 0.0
 0.0
 0.0
 0.0
 0.23618045814531954
 0.2805014489985934
 0.0
 0.0
 0.0
 0.0
 0.0
 0.0
 0.0
 0.0
 0.0
 0.0
 0.0
 0.0
 0.0
 1.7194985510014067
 0.0
 0.0
 0.0
 0.0
 0.0
 0.0
 0.0
 0.0
 0.0
 0.0
 0.0
 0.0
 0.0
 1.1846632801109707
 0.0
 0.0
 0.013674439472868526
 0.0
 0.11582178503814576
 0.0
 0.04259854733684887
 4.477774522427637
 0.0
 0.0
x_il_opt: 1-dimensional DenseAxisArray{Float64,1,...} with index sets:
    Dimension 1, [(43, 15), (43, 14), (44, 15), (44, 13), (44, 3), (40, 14), (40, 2), (41, 14), (42, 6), (37, 13)  …  (4, 13), (5, 2), (5, 7), (5, 9), (6, 11), (1, 1), (1, 6), (1, 3), (2, 1), (2, 15)]
And data, a 71-element Vector{Float64}:
 0.0
 0.194353294749162
 0.0
 2.2103252175320276
 2.13788641279667
 0.7416032189587134
 0.0
 0.0
 0.0
 0.7896747824679725
 0.0
 3.0
 0.0
 0.0
 2.610013508948639
 0.0
 0.0
 0.0
 7.169881674769058
 0.0
 0.0
 0.0
 3.0
 0.8040347521615996
 2.1959652478384006
 0.0
 0.8301183252309433
 0.0
 2.6692084591064056
 0.0
 1.6389059745267676
 0.0
 0.0
 0.0
 0.0
 0.0
 0.0
 0.0
 0.3610940254732325
 0.6318724388638123
 0.0
 0.0
 3.0
 0.0
 0.0
 2.1959652478384006
 0.0
 3.0
 0.0
 0.0
 0.0
 0.0
 0.0
 0.0
 0.0
 0.0
 0.0
 5.862113587203329
 0.0
 0.0
 0.0
 0.0
 0.0
 0.0
 0.05105754779379066
 0.0
 0.0
 3.19402124321296
 0.0
 0.0
 4.6426461152200655
x_lj_opt: 1-dimensional DenseAxisArray{Float64,1,...} with index sets:
    Dimension 1, [(15, 30), (15, 29), (15, 23), (15, 3), (14, 28), (14, 27), (14, 10), (14, 24), (13, 26), (13, 25)  …  (3, 6), (3, 5), (3, 29), (2, 4), (2, 3), (2, 1), (2, 5), (1, 2), (1, 1), (1, 14)]
And data, a 53-element Vector{Float64}:
 2.0
 2.274518554083878
 0.0
 1.0
 0.1721369718531949
 0.7638195418546805
 0.0
 0.0
 2.0
 1.0
 0.0
 1.3307915408935944
 0.9574014526631511
 0.7118070064432542
 2.0
 0.0
 0.0
 0.0
 0.6692084591064057
 0.0
 0.0
 2.0
 1.0
 0.05105754779379066
 0.0
 0.0
 4.860646386950013
 3.139353613049986
 0.0
 0.0
 0.6995149348508836
 0.7782595875767542
 1.5222254775723625
 2.0
 6.0
 0.0
 2.0
 1.0
 0.0
 0.0
 0.0
 0.0
 0.0
 0.0
 4.986325560527132
 3.013674439472868
 1.9863255605271315
 0.0
 0.0
 1.0136744394728685
 2.0
 0.0
 0.0
q_opt: 1-dimensional DenseAxisArray{Float64,1,...} with index sets:
    Dimension 1, [(43, 15), (43, 14), (44, 15), (44, 13), (44, 3), (40, 14), (40, 2), (41, 14), (42, 6), (37, 13)  …  (4, 13), (5, 2), (5, 7), (5, 9), (6, 11), (1, 1), (1, 6), (1, 3), (2, 1), (2, 15)]
And data, a 71-element Vector{Float64}:
 0.0
 0.20765205637515577
 0.0
 0.7367750725106759
 0.26723580159958377
 0.7923479436248442
 0.0
 0.0
 0.0
 0.2632249274893242
 0.0
 1.0
 0.0
 0.0
 0.3262516886185799
 0.0
 0.0
 0.0
 0.8962352093461322
 0.0
 0.0
 0.0
 1.0
 0.26801158405386655
 0.2744956559798001
 0.0
 0.10376479065386791
 0.0
 1.0
 0.0
 0.8194529872633838
 0.0
 0.0
 0.0
 0.0
 0.0
 0.0
 0.0
 0.18054701273661625
 0.11979717814710791
 0.0
 0.0
 1.0
 0.0
 0.0
 0.7319884159461335
 0.0
 1.0
 0.0
 0.0
 0.0
 0.0
 0.0
 0.0
 0.0
 1.0
 0.0
 0.7327641984004162
 0.0
 0.0
 0.0
 0.0
 0.0
 0.0
 1.0
 0.0
 0.0
 0.3992526554016201
 0.0
 0.0
 0.880202821852892
