
PROBLEM STATISTICS
  Objective sense = Min
  # Variables = 572
  # Bin-Int Variables = 0
  # Constraints = 621
  # NL Constraints = 261
  # Linear Constraints = 360
  # Detected convex constraints = 0
  # Detected nonlinear terms = 261
  # Variables involved in nonlinear terms = 124
  # Potential variables for partitioning = 124
SUB-SOLVERS USED BY ALPINE
  NLP local solver = Knitro
  MIP solver = Gurobi
ALPINE CONFIGURATION
  Maximum iterations (lower-bounding MIPs) =  1
  Relative global optimality gap = 0.01%
  Potential variables chosen for partitioning = All
  Discretization ratio = 10
  Bound-tightening presolve = false
PRESOLVE 
  Doing local search

Feasible solution found during presolve: [1.1552477981341032, 0.0, 0.0, 0.8447522018658971, 0.0, 0.0, 0.0, 0.0, 0.0, 0.0, 0.0, 0.0, 0.0, 0.0, 0.0, 0.0, 0.0, 0.0, 0.0, 3.0, 0.0, 0.0, 0.0, 0.0, 0.0, 0.0, 0.0, 0.0, 0.0, 0.0, 0.0, 0.0, 0.0, 0.0, 0.0, 2.6834268727166086, 2.333292248780792, 0.0, 0.0, 0.0, 0.0, 0.31657312728339176, 0.27526653756539365, 0.0, 0.0, 0.0, 0.0, 0.0, 0.0, 1.222148516758525, 1.0557903853822699, 0.29123704961584485, 0.0, 0.0, 0.0, 0.0, 0.0, 0.0, 0.0, 2.0, 1.0, 0.0, 0.0, 0.0, 0.0, 0.0, 0.0, 0.0, 0.0, 0.0, 0.0, 0.08367214062924905, 0.25101642188774714, 0.0, 0.75, 2.25, 0.0, 0.5452672245141064, 1.635801673542319, 0.0, 0.0, 0.0, 0.0, 0.0, 0.0, 0.0, 0.0, 0.0, 0.0, 0.0, 0.0, 0.0, 0.6210606348566448, 1.8631819045699345, 0.0, 0.0, 0.0, 0.0, 0.0, 0.0, 0.0, 1.374554964215866, 0.475483185371089, 1.0937188753640006, 0.02626203857881964, 0.009084509592469439, 0.020896426877755343, 0.0, 0.0, 0.0, 0.0, 0.0, 0.0, 0.0, 0.0, 0.0, 0.0, 0.0, 3.4284356431482506, 1.778382934981132, 0.0, 0.0, 0.0, 1.8391734992927526, 0.9540079225778637, 0.0, 0.0, 0.0, 0.0, 0.0, 0.0, 0.0, 0.0, 0.0, 0.0, 0.0, 0.0, 0.0, 0.0, 0.0, 0.0, 0.0, 0.0, 0.0, 0.0, 0.0, 0.0, 0.0, 0.0, 0.0, 0.0, 0.0, 0.0, 0.5459540679623829, 0.27297703398119144, 0.0, 0.0, 1.4540459320376171, 0.7270229660188086, 0.0, 0.0, 0.0, 0.0, 0.0, 0.0, 0.0, 0.0, 0.0, 0.0, 0.0, 0.0, 0.0, 0.0, 1.5017718027914762, 0.0, 0.0, 0.0, 0.4380213643105271, 0.0, 0.0, 0.0, 0.0, 0.0, 0.0, 0.0, 0.0, 0.0, 0.0, 0.0, 0.0, 0.0, 0.0, 0.0, 0.0, 1.561978635689473, 0.9614669020336082, 0.476554462276919, 0.0, 0.0, 0.0, 0.0, 0.0, 0.0, 0.0, 0.0, 0.0, 1.6020473071530277, 0.801023653576514, 0.0, 0.0, 0.0, 0.0, 0.0, 0.0, 0.0, 0.39795269284697254, 0.1989763464234863, 0.0, 0.0, 0.0, 0.0, 0.0, 0.0, 0.0, 0.0, 0.6997702975207742, 0.8791963924745467, 0.0, 0.0, 0.0, 0.0, 0.0, 0.0, 0.0, 0.0, 0.0, 0.0, 0.0, 0.0, 0.0, 0.0, 0.0, 0.0, 0.0, 0.0, 0.0, 0.0, 0.0, 0.0, 0.0, 0.0, 0.0, 0.0, 0.0, 0.0, 0.0, 0.0, 1.98714587660992, 2.914886751376895, 0.0, 1.0, 0.0, 0.0, 0.0, 2.4030709607295417, 0.0, 1.578966689995321, 0.0, 0.0, 0.3346885625169962, 0.0, 0.0, 3.0, 0.0, 0.0, 3.0, 0.0, 0.0, 0.0, 5.206818578129383, 0.0, 0.0, 0.0, 3.0, 0.8189311019435743, 2.1810688980564255, 0.0, 2.7931814218706164, 0.0, 1.9397931671020032, 0.0, 1.1552477981341032, 0.5969290392704588, 0.0, 0.0, 0.0, 0.0, 0.0, 0.0, 0.8447522018658971, 0.0, 0.0, 0.0, 3.0, 0.0, 0.0, 2.1810688980564255, 0.0, 2.9437570249509557, 0.0, 0.0, 0.0, 0.0, 0.0, 0.0, 2.56917595175664, 0.0, 0.0, 5.016719121497401, 0.0, 0.0, 0.0, 0.0, 0.0, 0.05624297504904442, 0.0, 0.0, 0.0, 2.484242539426579, 0.5918396648487854, 0.0, 5.902032627986816, 1.98714587660992, 2.914886751376895, 0.0, 1.0, 0.6997702975207742, 0.8791963924745467, 0.0, 0.0, 2.0, 1.0, 0.0, 1.561978635689473, 0.9614669020336082, 0.476554462276919, 1.5017718027914762, 0.0, 0.0, 0.0, 0.4380213643105271, 0.0, 0.0, 2.0, 1.0, 0.0, 0.0, 0.0, 5.267609142441004, 2.732390857558996, 0.0, 0.0, 1.4008170027946858, 0.48456769496355845, 1.114615302241756, 2.0, 6.0, 0.0, 2.0, 1.0, 0.0, 0.0, 1.222148516758525, 1.0557903853822699, 0.29123704961584485, 0.0, 3.0000000000000004, 2.6085587863461863, 0.0, 0.0, 0.0, 3.0, 2.0, 0.0, 0.0, 0.0, 0.4982281972085239, 1.4978044176587257, 0.0, 0.01285412339008017, 0.0, 1.3002297024792258, 0.0, 0.0, 0.0, 0.0, 0.0, 0.0, 0.0, 0.0, 0.0, 0.0, 0.0, 0.30666644786224395, 0.0, 0.0, 0.0, 0.0, 0.0, 0.0, 0.0, 0.0, 2.0, 0.0, 0.0, 0.0, 0.0, 0.0, 0.0, 0.0, 0.0, 0.0, 0.0, 0.0, 0.0, 0.0, 0.0, 0.0, 0.5021955823412745, 0.0, 0.0, 0.0, 0.0, 0.0, 0.0, 0.0, 0.0, 0.0, 0.0, 0.0, 1.0602068328979968, 0.0, 0.7323908575589967, 0.5154323050364416, 2.0, 0.0, 0.0, 0.0, 0.0, 6.0, 0.0, 0.0, 0.0, 0.0, 0.693333552137756, 0.0, 0.0, 0.0, 0.0, 0.0, 0.0, 0.12080360752545333, 0.7778514832414749, 0.0, 0.0, 0.0, 0.0, 0.0, 0.0, 0.0, 0.0, 0.0, 0.0, 0.0, 0.0, 0.0, 0.0, 1.1516119241607372, 0.0, 0.0, 0.0, 0.0, 0.0, 0.0, 0.0, 0.0, 0.0, 0.0, 0.0, 0.0, 0.5991829972053144, 0.0, 0.0, 1.7087629503841553, 0.0, 0.0, 0.0, 0.03853309796639179, 4.885384697758244, 0.0, 0.0, 0.0, 0.0, 0.0, 0.8010236535765138, 0.0, 1.0, 0.0, 0.0, 0.041836070314624524, 0.0, 0.0, 1.0, 0.0, 0.0, 0.375, 0.0, 0.0, 0.0, 0.6508523222661728, 0.0, 0.0, 0.0, 1.0, 0.27297703398119144, 0.2726336122570532, 0.0, 0.34914767773382704, 0.0, 1.0, 0.0, 0.5776238990670516, 0.19897634642348627, 0.0, 0.0, 0.0, 0.0, 0.0, 0.0, 0.42237610093294853, 0.0, 0.0, 0.0, 1.0, 0.0, 0.0, 0.7270229660188086, 0.0, 0.9812523416503185, 0.0, 0.0, 0.0, 0.0, 0.0, 0.0, 1.0, 0.0, 0.0, 0.8944756242388694, 0.0, 0.0, 0.0, 0.0, 0.0, 0.018747658349681427, 1.0, 0.0, 0.0, 0.3105303174283224, 0.10552437576113056, 0.0, 1.0]  :with objective: -614.9489104836781

  Local solver returns a feasible point with value -614.9489
disc:  333  :[0.0, 1.78714587660992, 2.0]
disc:  334  :[0.0, 2.314886751376895, 3.514886751376895, 6.0]
disc:  335  :[0.0, 0.1, 1.0]
disc:  336  :[0.0, 0.9, 1.0]
disc:  337  :[0.0, 0.49977029752077423, 0.8997702975207742, 2.0]
disc:  338  :[0.0, 0.7791963924745468, 0.9791963924745467, 1.0]
disc:  339  :[0.0, 0.2, 2.0]
disc:  340  :[0.0, 0.2, 2.0]
disc:  341  :[0.0, 1.8, 2.0]
disc:  342  :[0.0, 0.9, 1.0]
disc:  343  :[0.0, 0.2, 2.0]
disc:  344  :[0.0, 1.361978635689473, 1.7619786356894729, 2.0]
disc:  345  :[0.0, 0.8614669020336082, 1.0]
disc:  346  :[0.0, 0.176554462276919, 0.7765544622769189, 3.0]
disc:  347  :[0.0, 1.3017718027914762, 1.701771802791476, 2.0]
disc:  348  :[0.0, 0.6, 6.0]
disc:  349  :[0.0, 0.2, 2.0]
disc:  350  :[0.0, 0.1, 1.0]
disc:  351  :[0.0, 0.23802136431052706, 0.638021364310527, 2.0]
disc:  352  :[0.0, 0.6, 6.0]
disc:  353  :[0.0, 0.1, 1.0]
disc:  354  :[0.0, 1.8, 2.0]
disc:  355  :[0.0, 0.9, 1.0]
disc:  356  :[0.0, 0.2, 2.0]
disc:  357  :[0.0, 0.1, 1.0]
disc:  358  :[0.0, 0.2, 2.0]
disc:  359  :[0.0, 4.667609142441004, 5.867609142441004, 6.0]
disc:  360  :[0.0, 2.132390857558996, 3.332390857558996, 6.0]
disc:  361  :[0.0, 0.2, 2.0]
disc:  362  :[0.0, 0.1, 1.0]
disc:  363  :[0.0, 1.2008170027946858, 1.6008170027946858, 2.0]
disc:  364  :[0.0, 0.38456769496355847, 0.5845676949635584, 1.0]
disc:  365  :[0.0, 0.8146153022417559, 1.414615302241756, 3.0]
disc:  366  :[0.0, 1.8, 2.0]
disc:  367  :[0.0, 5.4, 6.0]
disc:  368  :[0.0, 0.2, 2.0]
disc:  369  :[0.0, 1.8, 2.0]
disc:  370  :[0.0, 0.9, 1.0]
disc:  371  :[0.0, 0.2, 2.0]
disc:  372  :[0.0, 0.2, 2.0]
disc:  373  :[0.0, 1.0221485167585251, 1.422148516758525, 2.0]
disc:  374  :[0.0, 0.4557903853822699, 1.6557903853822697, 6.0]
disc:  375  :[0.0, 0.09123704961584483, 0.49123704961584486, 2.0]
disc:  376  :[0.0, 0.2, 2.0]
disc:  377  :[0.0, 2.4000000000000004, 3.6000000000000005, 6.0]
disc:  378  :[0.0, 2.0085587863461862, 3.2085587863461864, 6.0]
disc:  379  :[0.0, 0.2, 2.0]
disc:  380  :[0.0, 0.1, 1.0]
disc:  381  :[0.0, 0.3, 3.0]
disc:  382  :[0.0, 2.7, 3.0]
disc:  383  :[0.0, 1.8, 2.0]
disc:  384  :[0.0, 0.6, 6.0]
disc:  385  :[0.0, 0.2, 2.0]
disc:  502  :[0.0, 0.1, 1.0]
disc:  503  :[0.0, 0.1, 1.0]
disc:  504  :[0.0, 0.1, 1.0]
disc:  505  :[0.0, 0.7010236535765139, 0.9010236535765138, 1.0]
disc:  506  :[0.0, 0.1, 1.0]
disc:  507  :[0.0, 0.9, 1.0]
disc:  508  :[0.0, 0.1, 1.0]
disc:  509  :[0.0, 0.1, 1.0]
disc:  510  :[0.0, 0.14183607031462453, 1.0]
disc:  511  :[0.0, 0.1, 1.0]
disc:  512  :[0.0, 0.1, 1.0]
disc:  513  :[0.0, 0.9, 1.0]
disc:  514  :[0.0, 0.1, 1.0]
disc:  515  :[0.0, 0.1, 1.0]
disc:  516  :[0.0, 0.275, 0.475, 1.0]
disc:  517  :[0.0, 0.1, 1.0]
disc:  518  :[0.0, 0.1, 1.0]
disc:  519  :[0.0, 0.1, 1.0]
disc:  520  :[0.0, 0.5508523222661729, 0.7508523222661728, 1.0]
disc:  521  :[0.0, 0.1, 1.0]
disc:  522  :[0.0, 0.1, 1.0]
disc:  523  :[0.0, 0.1, 1.0]
disc:  524  :[0.0, 0.9, 1.0]
disc:  525  :[0.0, 0.17297703398119144, 0.3729770339811914, 1.0]
disc:  526  :[0.0, 0.17263361225705318, 0.37263361225705316, 1.0]
disc:  527  :[0.0, 0.1, 1.0]
disc:  528  :[0.0, 0.24914767773382704, 0.449147677733827, 1.0]
disc:  529  :[0.0, 0.1, 1.0]
disc:  530  :[0.0, 0.9, 1.0]
disc:  531  :[0.0, 0.1, 1.0]
disc:  532  :[0.0, 0.4776238990670516, 0.6776238990670516, 1.0]
disc:  533  :[0.0, 0.09897634642348627, 0.29897634642348625, 1.0]
disc:  534  :[0.0, 0.1, 1.0]
disc:  535  :[0.0, 0.1, 1.0]
disc:  536  :[0.0, 0.1, 1.0]
disc:  537  :[0.0, 0.1, 1.0]
disc:  538  :[0.0, 0.1, 1.0]
disc:  539  :[0.0, 0.1, 1.0]
disc:  540  :[0.0, 0.32237610093294855, 0.5223761009329485, 1.0]
disc:  541  :[0.0, 0.1, 1.0]
disc:  542  :[0.0, 0.1, 1.0]
disc:  543  :[0.0, 0.1, 1.0]
disc:  544  :[0.0, 0.9, 1.0]
disc:  545  :[0.0, 0.1, 1.0]
disc:  546  :[0.0, 0.1, 1.0]
disc:  547  :[0.0, 0.6270229660188086, 0.8270229660188085, 1.0]
disc:  548  :[0.0, 0.1, 1.0]
disc:  549  :[0.0, 0.8812523416503185, 1.0]
disc:  550  :[0.0, 0.1, 1.0]
disc:  551  :[0.0, 0.1, 1.0]
disc:  552  :[0.0, 0.1, 1.0]
disc:  553  :[0.0, 0.1, 1.0]
disc:  554  :[0.0, 0.1, 1.0]
disc:  555  :[0.0, 0.1, 1.0]
disc:  556  :[0.0, 0.9, 1.0]
disc:  557  :[0.0, 0.1, 1.0]
disc:  558  :[0.0, 0.1, 1.0]
disc:  559  :[0.0, 0.7944756242388694, 0.9944756242388694, 1.0]
disc:  560  :[0.0, 0.1, 1.0]
disc:  561  :[0.0, 0.1, 1.0]
disc:  562  :[0.0, 0.1, 1.0]
disc:  563  :[0.0, 0.1, 1.0]
disc:  564  :[0.0, 0.1, 1.0]
disc:  565  :[0.0, 0.11874765834968143, 1.0]
disc:  566  :[0.0, 0.9, 1.0]
disc:  567  :[0.0, 0.1, 1.0]
disc:  568  :[0.0, 0.1, 1.0]
disc:  569  :[0.0, 0.21053031742832237, 0.41053031742832236, 1.0]
disc:  570  :[0.0, 0.005524375761130559, 0.20552437576113058, 1.0]
disc:  571  :[0.0, 0.1, 1.0]
disc:  572  :[0.0, 0.9, 1.0]
  Completed presolve in 9.46s
LOWER-BOUNDING ITERATIONS
====================================================================================================
| Iter   | Incumbent       | Best Incumbent      | Lower Bound        | Gap (%)         | Time      
| finish | -614.9489       | -614.9489           | -624.0241          | 1.476           | 34.63s           
Final UBD: -614.9489104836781
Final LBD: -624.0240959564725
====================================================================================================

*** Alpine ended with status OTHER_LIMIT ***

 Total time for local solves: 7.13s

 Total time for solving max-min problems: 0.0s

 Total time excluding max-min time: 34.63s

presolve objective value: -614.9489104836781
w_opt: 1-dimensional DenseAxisArray{Float64,1,...} with index sets:
    Dimension 1, [(25, 1, 2), (25, 1, 1), (25, 1, 14), (20, 1, 2), (20, 1, 1), (20, 1, 14), (1, 1, 2), (1, 1, 1), (1, 1, 14), (2, 1, 2)  …  (20, 15, 23), (20, 15, 3), (8, 15, 30), (8, 15, 29), (8, 15, 23), (8, 15, 3), (2, 15, 30), (2, 15, 29), (2, 15, 23), (2, 15, 3)]
And data, a 261-element Vector{Float64}:
 1.1552477981341032
 0.0
 0.0
 0.8447522018658971
 0.0
 0.0
 0.0
 0.0
 0.0
 0.0
 0.0
 0.0
 0.0
 0.0
 0.0
 0.0
 0.0
 0.0
 0.0
 3.0
 0.0
 0.0
 0.0
 0.0
 0.0
 0.0
 0.0
 0.0
 0.0
 0.0
 0.0
 0.0
 0.0
 0.0
 0.0
 2.6834268727166086
 2.333292248780792
 0.0
 0.0
 0.0
 0.0
 0.31657312728339176
 0.27526653756539365
 0.0
 0.0
 0.0
 0.0
 0.0
 0.0
 1.222148516758525
 1.0557903853822699
 0.29123704961584485
 0.0
 0.0
 0.0
 0.0
 0.0
 0.0
 0.0
 2.0
 1.0
 0.0
 0.0
 0.0
 0.0
 0.0
 0.0
 0.0
 0.0
 0.0
 0.0
 0.08367214062924905
 0.25101642188774714
 0.0
 0.75
 2.25
 0.0
 0.5452672245141064
 1.635801673542319
 0.0
 0.0
 0.0
 0.0
 0.0
 0.0
 0.0
 0.0
 0.0
 0.0
 0.0
 0.0
 0.0
 0.6210606348566448
 1.8631819045699345
 0.0
 0.0
 0.0
 0.0
 0.0
 0.0
 0.0
 1.374554964215866
 0.475483185371089
 1.0937188753640006
 0.02626203857881964
 0.009084509592469439
 0.020896426877755343
 0.0
 0.0
 0.0
 0.0
 0.0
 0.0
 0.0
 0.0
 0.0
 0.0
 0.0
 3.4284356431482506
 1.778382934981132
 0.0
 0.0
 0.0
 1.8391734992927526
 0.9540079225778637
 0.0
 0.0
 0.0
 0.0
 0.0
 0.0
 0.0
 0.0
 0.0
 0.0
 0.0
 0.0
 0.0
 0.0
 0.0
 0.0
 0.0
 0.0
 0.0
 0.0
 0.0
 0.0
 0.0
 0.0
 0.0
 0.0
 0.0
 0.0
 0.5459540679623829
 0.27297703398119144
 0.0
 0.0
 1.4540459320376171
 0.7270229660188086
 0.0
 0.0
 0.0
 0.0
 0.0
 0.0
 0.0
 0.0
 0.0
 0.0
 0.0
 0.0
 0.0
 0.0
 1.5017718027914762
 0.0
 0.0
 0.0
 0.4380213643105271
 0.0
 0.0
 0.0
 0.0
 0.0
 0.0
 0.0
 0.0
 0.0
 0.0
 0.0
 0.0
 0.0
 0.0
 0.0
 0.0
 1.561978635689473
 0.9614669020336082
 0.476554462276919
 0.0
 0.0
 0.0
 0.0
 0.0
 0.0
 0.0
 0.0
 0.0
 1.6020473071530277
 0.801023653576514
 0.0
 0.0
 0.0
 0.0
 0.0
 0.0
 0.0
 0.39795269284697254
 0.1989763464234863
 0.0
 0.0
 0.0
 0.0
 0.0
 0.0
 0.0
 0.0
 0.6997702975207742
 0.8791963924745467
 0.0
 0.0
 0.0
 0.0
 0.0
 0.0
 0.0
 0.0
 0.0
 0.0
 0.0
 0.0
 0.0
 0.0
 0.0
 0.0
 0.0
 0.0
 0.0
 0.0
 0.0
 0.0
 0.0
 0.0
 0.0
 0.0
 0.0
 0.0
 0.0
 0.0
 1.98714587660992
 2.914886751376895
 0.0
 1.0
x_ij_opt: 1-dimensional DenseAxisArray{Float64,1,...} with index sets:
    Dimension 1, [(43, 30), (43, 22), (43, 6), (44, 22), (45, 30), (45, 29), (45, 28), (45, 24), (45, 23), (40, 29)  …  (5, 7), (5, 14), (6, 4), (6, 3), (1, 14), (1, 10), (1, 23), (1, 1), (3, 2), (3, 1)]
And data, a 116-element Vector{Float64}:
 0.0
 0.4982281972085239
 1.4978044176587257
 0.0
 0.01285412339008017
 0.0
 1.3002297024792258
 0.0
 0.0
 0.0
 0.0
 0.0
 0.0
 0.0
 0.0
 0.0
 0.0
 0.0
 0.30666644786224395
 0.0
 0.0
 0.0
 0.0
 0.0
 0.0
 0.0
 0.0
 2.0
 0.0
 0.0
 0.0
 0.0
 0.0
 0.0
 0.0
 0.0
 0.0
 0.0
 0.0
 0.0
 0.0
 0.0
 0.0
 0.5021955823412745
 0.0
 0.0
 0.0
 0.0
 0.0
 0.0
 0.0
 0.0
 0.0
 0.0
 0.0
 1.0602068328979968
 0.0
 0.7323908575589967
 0.5154323050364416
 2.0
 0.0
 0.0
 0.0
 0.0
 6.0
 0.0
 0.0
 0.0
 0.0
 0.693333552137756
 0.0
 0.0
 0.0
 0.0
 0.0
 0.0
 0.12080360752545333
 0.7778514832414749
 0.0
 0.0
 0.0
 0.0
 0.0
 0.0
 0.0
 0.0
 0.0
 0.0
 0.0
 0.0
 0.0
 0.0
 1.1516119241607372
 0.0
 0.0
 0.0
 0.0
 0.0
 0.0
 0.0
 0.0
 0.0
 0.0
 0.0
 0.0
 0.5991829972053144
 0.0
 0.0
 1.7087629503841553
 0.0
 0.0
 0.0
 0.03853309796639179
 4.885384697758244
 0.0
 0.0
x_il_opt: 1-dimensional DenseAxisArray{Float64,1,...} with index sets:
    Dimension 1, [(43, 15), (43, 14), (44, 15), (44, 13), (44, 3), (40, 14), (40, 2), (41, 14), (42, 6), (37, 13)  …  (4, 13), (5, 2), (5, 7), (5, 9), (6, 11), (1, 1), (1, 6), (1, 3), (2, 1), (2, 15)]
And data, a 71-element Vector{Float64}:
 0.0
 0.0
 0.0
 2.4030709607295417
 0.0
 1.578966689995321
 0.0
 0.0
 0.3346885625169962
 0.0
 0.0
 3.0
 0.0
 0.0
 3.0
 0.0
 0.0
 0.0
 5.206818578129383
 0.0
 0.0
 0.0
 3.0
 0.8189311019435743
 2.1810688980564255
 0.0
 2.7931814218706164
 0.0
 1.9397931671020032
 0.0
 1.1552477981341032
 0.5969290392704588
 0.0
 0.0
 0.0
 0.0
 0.0
 0.0
 0.8447522018658971
 0.0
 0.0
 0.0
 3.0
 0.0
 0.0
 2.1810688980564255
 0.0
 2.9437570249509557
 0.0
 0.0
 0.0
 0.0
 0.0
 0.0
 2.56917595175664
 0.0
 0.0
 5.016719121497401
 0.0
 0.0
 0.0
 0.0
 0.0
 0.05624297504904442
 0.0
 0.0
 0.0
 2.484242539426579
 0.5918396648487854
 0.0
 5.902032627986816
x_lj_opt: 1-dimensional DenseAxisArray{Float64,1,...} with index sets:
    Dimension 1, [(15, 30), (15, 29), (15, 23), (15, 3), (14, 28), (14, 27), (14, 10), (14, 24), (13, 26), (13, 25)  …  (3, 6), (3, 5), (3, 29), (2, 4), (2, 3), (2, 1), (2, 5), (1, 2), (1, 1), (1, 14)]
And data, a 53-element Vector{Float64}:
 1.98714587660992
 2.914886751376895
 0.0
 1.0
 0.6997702975207742
 0.8791963924745467
 0.0
 0.0
 2.0
 1.0
 0.0
 1.561978635689473
 0.9614669020336082
 0.476554462276919
 1.5017718027914762
 0.0
 0.0
 0.0
 0.4380213643105271
 0.0
 0.0
 2.0
 1.0
 0.0
 0.0
 0.0
 5.267609142441004
 2.732390857558996
 0.0
 0.0
 1.4008170027946858
 0.48456769496355845
 1.114615302241756
 2.0
 6.0
 0.0
 2.0
 1.0
 0.0
 0.0
 1.222148516758525
 1.0557903853822699
 0.29123704961584485
 0.0
 3.0000000000000004
 2.6085587863461863
 0.0
 0.0
 0.0
 3.0
 2.0
 0.0
 0.0
q_opt: 1-dimensional DenseAxisArray{Float64,1,...} with index sets:
    Dimension 1, [(43, 15), (43, 14), (44, 15), (44, 13), (44, 3), (40, 14), (40, 2), (41, 14), (42, 6), (37, 13)  …  (4, 13), (5, 2), (5, 7), (5, 9), (6, 11), (1, 1), (1, 6), (1, 3), (2, 1), (2, 15)]
And data, a 71-element Vector{Float64}:
 0.0
 0.0
 0.0
 0.8010236535765138
 0.0
 1.0
 0.0
 0.0
 0.041836070314624524
 0.0
 0.0
 1.0
 0.0
 0.0
 0.375
 0.0
 0.0
 0.0
 0.6508523222661728
 0.0
 0.0
 0.0
 1.0
 0.27297703398119144
 0.2726336122570532
 0.0
 0.34914767773382704
 0.0
 1.0
 0.0
 0.5776238990670516
 0.19897634642348627
 0.0
 0.0
 0.0
 0.0
 0.0
 0.0
 0.42237610093294853
 0.0
 0.0
 0.0
 1.0
 0.0
 0.0
 0.7270229660188086
 0.0
 0.9812523416503185
 0.0
 0.0
 0.0
 0.0
 0.0
 0.0
 1.0
 0.0
 0.0
 0.8944756242388694
 0.0
 0.0
 0.0
 0.0
 0.0
 0.018747658349681427
 1.0
 0.0
 0.0
 0.3105303174283224
 0.10552437576113056
 0.0
 1.0
