
PROBLEM STATISTICS
  Objective sense = Min
  # Variables = 572
  # Bin-Int Variables = 0
  # Constraints = 621
  # NL Constraints = 261
  # Linear Constraints = 360
  # Detected convex constraints = 0
  # Detected nonlinear terms = 261
  # Variables involved in nonlinear terms = 124
  # Potential variables for partitioning = 124
SUB-SOLVERS USED BY ALPINE
  NLP local solver = Knitro
  MIP solver = Gurobi
ALPINE CONFIGURATION
  Maximum iterations (lower-bounding MIPs) =  1
  Relative global optimality gap = 0.01%
  Potential variables chosen for partitioning = All
  Discretization ratio = 10
  Bound-tightening presolve = false
PRESOLVE 
  Doing local search

Feasible solution found during presolve: [1.0568811519552663, 1.943118848044734, 0.0, 0.7768395520847303, 1.4282510126799566, 0.0, 0.0, 0.0, 0.0, 0.0, 0.0, 0.0, 0.0, 0.0, 0.0, 0.0, 1.9557333751915278, 0.0, 0.0, 1.0442666248084722, 0.0, 0.0, 0.0, 0.0, 0.0, 0.0, 0.0, 0.0, 0.0, 3.0383412695225434, 1.8664282804012255, 0.0, 0.0, 0.0, 0.0, 0.0, 0.0, 0.0, 0.0, 0.0, 0.0, 1.9173921056689838, 1.1778383444072473, 0.38673363708916597, 1.4875369328907315, 0.01714914393993534, 0.0, 0.0, 0.0, 0.6115315167752161, 2.3522022125530433, 0.02711748086853693, 0.0, 0.0, 0.0, 0.0, 0.0, 0.0, 0.0, 2.0, 1.0, 0.0, 0.0, 0.0, 0.0, 0.0, 0.0, 0.0, 0.0, 0.0, 0.0, 0.0, 0.0, 0.0, 0.7470798282455346, 2.241239484736604, 0.0, 0.5520603226367956, 1.656180967910387, 0.0, 0.0, 0.0, 0.0, 0.0, 0.0, 0.0, 0.0, 0.0, 0.0, 0.0, 0.0, 0.0, 0.7008598491176699, 2.1025795473530096, 0.0, 0.0, 0.0, 0.0, 0.0, 0.0, 0.0, 1.3937961446119986, 0.9478225315683507, 0.6583813238196508, 0.0, 0.0, 0.0, 0.0, 0.0, 0.0, 0.0, 0.0, 0.0, 0.0, 0.0, 0.0, 0.0, 0.0, 5.248215447802914, 1.7037653832925999, 0.0, 0.04563976597503779, 0.0, 0.7517845521970856, 0.24405714827575112, 0.0, 0.006537702456610843, 0.0, 0.0, 0.0, 0.0, 0.0, 0.0, 0.0, 0.0, 0.0, 0.0, 0.0, 0.0, 0.0, 0.0, 0.0, 0.0, 0.0, 0.0, 0.0, 0.0, 0.0, 0.0, 0.0, 0.0, 0.0, 0.0, 0.5278391396352119, 0.2639195698176059, 0.0, 0.0, 1.4721608603647882, 0.7360804301823941, 0.0, 0.0, 0.0, 0.0, 0.0, 0.0, 0.0, 0.0, 0.0, 0.0, 0.0, 0.0, 0.0, 0.0, 2.0, 0.0, 0.0, 0.0, 0.7875616770121258, 0.0, 0.0, 0.0, 0.0, 0.0, 0.0, 0.0, 0.0, 0.0, 0.0, 0.0, 0.0, 0.0, 0.0, 0.0, 0.0, 1.2124383229878744, 0.9921773919209922, 0.795384285091133, 0.0, 0.0, 0.0, 0.0, 0.0, 0.0, 0.0, 0.0, 0.0, 1.5597776884908965, 0.6502094762972541, 0.12967936794819396, 0.44022231150910357, 0.1835112277427422, 0.03659992801180955, 0.0, 0.0, 0.0, 0.0, 0.0, 0.0, 0.0, 0.0, 0.0, 0.0, 0.0, 0.0, 0.0, 0.2190021260417833, 0.5438823391895357, 0.0, 0.0, 0.0, 0.0, 0.0, 0.0, 0.0, 0.0, 0.0, 0.0, 0.0, 0.0, 0.0, 0.0, 0.0, 0.0, 0.0, 0.0, 0.0, 0.0, 0.0, 0.0, 0.0, 0.0, 0.0, 0.0, 0.0, 0.0, 0.0, 0.0, 2.0, 2.160349090100394, 0.0, 1.0, 0.0, 0.0, 0.0, 2.3396665327363446, 4.90476954992377, 0.7628844652313189, 0.0, 0.0, 0.0, 0.6603334672636553, 0.0, 3.0, 0.0, 0.0, 2.9883193129821386, 0.0, 0.0, 0.0, 6.997620597070552, 0.0, 1.8914197139198325, 0.0, 3.0, 0.7917587094528177, 2.2082412905471824, 0.0, 1.0023794029294475, 0.0, 2.7875616770121256, 0.0, 3.0, 0.0, 0.0, 0.0, 0.0, 0.0, 0.0, 0.0, 2.205090564764687, 0.0, 0.0, 0.0, 3.0, 0.0, 0.0, 2.2082412905471824, 0.0, 3.0, 0.0, 0.0, 0.0, 0.0, 0.0, 0.0, 2.990851210196796, 0.0, 0.0, 0.0, 0.0, 0.0, 0.0, 0.0, 0.0, 0.0, 0.0, 0.0, 0.0, 2.8034393964706794, 3.095230450076231, 0.0, 5.160349090100394, 2.0, 2.160349090100394, 0.0, 1.0, 0.2190021260417833, 0.5438823391895357, 0.0, 0.0, 2.0, 0.8337207040399963, 0.16627929596000351, 1.2124383229878744, 0.9921773919209922, 0.795384285091133, 2.0, 0.0, 0.0, 0.0, 0.7875616770121258, 0.0, 0.0, 2.0, 1.0, 0.0, 0.0, 0.0, 6.0, 1.9478225315683513, 0.0, 0.05217746843164928, 1.3937961446119986, 0.9478225315683507, 0.6583813238196508, 2.0, 6.0, 0.0, 2.0, 1.0, 0.0, 0.0, 0.998265153864382, 3.8397391454437746, 0.044266624808472266, 0.0, 4.955733375191527, 3.044266624808473, 1.955733375191528, 0.0, 0.0, 1.0442666248084722, 1.8337207040399965, 3.3713698607246902, 0.0, 0.0, 0.0, 1.3647413312438774, 0.0, 0.0, 0.0, 1.7809978739582166, 0.0, 0.0, 0.0, 0.0, 0.0, 0.0, 0.0, 0.0, 0.0, 0.0, 0.0, 0.2050905647646868, 0.0, 0.0, 0.0, 0.0, 0.0, 0.0, 0.0, 0.0, 2.0, 0.0, 0.0, 0.0, 0.0, 0.0, 0.0, 0.0, 0.0, 0.0, 0.0, 0.0, 0.0, 0.0, 0.0, 0.0, 0.6352586687561225, 0.0, 0.0, 0.0, 0.0, 0.0, 0.0, 0.0, 0.0, 0.0, 0.0, 0.0, 0.21243832298787435, 0.0, 0.0, 0.0, 2.0, 0.0, 0.0, 0.0, 0.0, 6.0, 0.0, 0.0, 0.0, 0.0, 0.7949094352353132, 0.0, 0.0, 0.0, 0.0, 0.0, 0.0, 0.45611766081046434, 1.0017348461356181, 0.0, 0.0, 0.0, 0.0, 0.0, 0.0, 0.0, 0.0, 0.0, 0.0, 0.0, 0.0, 0.0, 0.0, 0.0, 0.0, 0.0, 0.0, 0.0, 0.16627929596000363, 0.0, 0.0, 0.0, 0.0, 0.0, 0.0, 0.0, 0.6062038553880014, 0.0, 0.0, 0.0, 0.0, 0.0, 0.0, 0.007822608079007818, 1.9702488154556588, 0.0, 0.0, 0.0, 0.0, 0.0, 0.7798888442454482, 0.6130961937404711, 1.0, 0.0, 0.0, 0.0, 0.22011115575455178, 0.0, 1.0, 0.0, 0.0, 0.3735399141227673, 0.0, 0.0, 0.0, 0.874702574633819, 0.0, 0.387405726416556, 0.0, 1.0, 0.26391956981760595, 0.2760301613183978, 0.0, 0.12529742536618094, 0.0, 1.0, 1.0, 0.5763588476842622, 0.0, 0.0, 0.0, 0.0, 0.0, 0.0, 0.0, 0.4236411523157379, 0.0, 0.0, 0.0, 1.0, 0.0, 0.0, 0.7360804301823941, 0.0, 1.0, 0.0, 0.0, 0.0, 0.0, 0.0, 0.0, 0.6125942735834441, 0.0, 0.0, 0.0, 0.0, 0.0, 0.0, 0.0, 0.0, 0.0, 0.0, 0.0, 0.0, 0.3504299245588349, 0.38690380625952886, 0.0, 1.0]  :with objective: -629.181987326879

  Local solver returns a feasible point with value -629.182
disc:  333  :[0.0, 1.8, 2.0]
disc:  334  :[0.0, 1.5603490901003938, 2.760349090100394, 6.0]
disc:  335  :[0.0, 0.1, 1.0]
disc:  336  :[0.0, 0.9, 1.0]
disc:  337  :[0.0, 0.01900212604178328, 0.41900212604178333, 2.0]
disc:  338  :[0.0, 0.4438823391895357, 0.6438823391895356, 1.0]
disc:  339  :[0.0, 0.2, 2.0]
disc:  340  :[0.0, 0.2, 2.0]
disc:  341  :[0.0, 1.8, 2.0]
disc:  342  :[0.0, 0.7337207040399963, 0.9337207040399963, 1.0]
disc:  343  :[0.0, 0.3662792959600035, 2.0]
disc:  344  :[0.0, 1.0124383229878744, 1.4124383229878743, 2.0]
disc:  345  :[0.0, 0.8921773919209922, 1.0]
disc:  346  :[0.0, 0.495384285091133, 1.095384285091133, 3.0]
disc:  347  :[0.0, 1.8, 2.0]
disc:  348  :[0.0, 0.6, 6.0]
disc:  349  :[0.0, 0.2, 2.0]
disc:  350  :[0.0, 0.1, 1.0]
disc:  351  :[0.0, 0.5875616770121257, 0.9875616770121258, 2.0]
disc:  352  :[0.0, 0.6, 6.0]
disc:  353  :[0.0, 0.1, 1.0]
disc:  354  :[0.0, 1.8, 2.0]
disc:  355  :[0.0, 0.9, 1.0]
disc:  356  :[0.0, 0.2, 2.0]
disc:  357  :[0.0, 0.1, 1.0]
disc:  358  :[0.0, 0.2, 2.0]
disc:  359  :[0.0, 5.4, 6.0]
disc:  360  :[0.0, 1.3478225315683514, 2.547822531568351, 6.0]
disc:  361  :[0.0, 0.2, 2.0]
disc:  362  :[0.0, 0.15217746843164928, 1.0]
disc:  363  :[0.0, 1.1937961446119987, 1.5937961446119986, 2.0]
disc:  364  :[0.0, 0.8478225315683507, 1.0]
disc:  365  :[0.0, 0.35838132381965077, 0.9583813238196508, 3.0]
disc:  366  :[0.0, 1.8, 2.0]
disc:  367  :[0.0, 5.4, 6.0]
disc:  368  :[0.0, 0.2, 2.0]
disc:  369  :[0.0, 1.8, 2.0]
disc:  370  :[0.0, 0.9, 1.0]
disc:  371  :[0.0, 0.2, 2.0]
disc:  372  :[0.0, 0.2, 2.0]
disc:  373  :[0.0, 0.7982651538643819, 1.198265153864382, 2.0]
disc:  374  :[0.0, 3.2397391454437745, 4.439739145443775, 6.0]
disc:  375  :[0.0, 0.24426662480847228, 2.0]
disc:  376  :[0.0, 0.2, 2.0]
disc:  377  :[0.0, 4.3557333751915275, 5.555733375191527, 6.0]
disc:  378  :[0.0, 2.444266624808473, 3.644266624808473, 6.0]
disc:  379  :[0.0, 1.755733375191528, 2.0]
disc:  380  :[0.0, 0.1, 1.0]
disc:  381  :[0.0, 0.3, 3.0]
disc:  382  :[0.0, 0.7442666248084722, 1.3442666248084723, 3.0]
disc:  383  :[0.0, 1.6337207040399966, 2.0]
disc:  384  :[0.0, 2.77136986072469, 3.9713698607246903, 6.0]
disc:  385  :[0.0, 0.2, 2.0]
disc:  502  :[0.0, 0.1, 1.0]
disc:  503  :[0.0, 0.1, 1.0]
disc:  504  :[0.0, 0.1, 1.0]
disc:  505  :[0.0, 0.6798888442454483, 0.8798888442454482, 1.0]
disc:  506  :[0.0, 0.5130961937404711, 0.7130961937404711, 1.0]
disc:  507  :[0.0, 0.9, 1.0]
disc:  508  :[0.0, 0.1, 1.0]
disc:  509  :[0.0, 0.1, 1.0]
disc:  510  :[0.0, 0.1, 1.0]
disc:  511  :[0.0, 0.12011115575455178, 0.3201111557545518, 1.0]
disc:  512  :[0.0, 0.1, 1.0]
disc:  513  :[0.0, 0.9, 1.0]
disc:  514  :[0.0, 0.1, 1.0]
disc:  515  :[0.0, 0.1, 1.0]
disc:  516  :[0.0, 0.27353991412276735, 0.4735399141227673, 1.0]
disc:  517  :[0.0, 0.1, 1.0]
disc:  518  :[0.0, 0.1, 1.0]
disc:  519  :[0.0, 0.1, 1.0]
disc:  520  :[0.0, 0.774702574633819, 0.9747025746338189, 1.0]
disc:  521  :[0.0, 0.1, 1.0]
disc:  522  :[0.0, 0.28740572641655604, 0.487405726416556, 1.0]
disc:  523  :[0.0, 0.1, 1.0]
disc:  524  :[0.0, 0.9, 1.0]
disc:  525  :[0.0, 0.16391956981760594, 0.363919569817606, 1.0]
disc:  526  :[0.0, 0.1760301613183978, 0.37603016131839784, 1.0]
disc:  527  :[0.0, 0.1, 1.0]
disc:  528  :[0.0, 0.02529742536618093, 0.22529742536618094, 1.0]
disc:  529  :[0.0, 0.1, 1.0]
disc:  530  :[0.0, 0.9, 1.0]
disc:  531  :[0.0, 0.9, 1.0]
disc:  532  :[0.0, 0.4763588476842622, 0.6763588476842621, 1.0]
disc:  533  :[0.0, 0.1, 1.0]
disc:  534  :[0.0, 0.1, 1.0]
disc:  535  :[0.0, 0.1, 1.0]
disc:  536  :[0.0, 0.1, 1.0]
disc:  537  :[0.0, 0.1, 1.0]
disc:  538  :[0.0, 0.1, 1.0]
disc:  539  :[0.0, 0.1, 1.0]
disc:  540  :[0.0, 0.32364115231573787, 0.5236411523157379, 1.0]
disc:  541  :[0.0, 0.1, 1.0]
disc:  542  :[0.0, 0.1, 1.0]
disc:  543  :[0.0, 0.1, 1.0]
disc:  544  :[0.0, 0.9, 1.0]
disc:  545  :[0.0, 0.1, 1.0]
disc:  546  :[0.0, 0.1, 1.0]
disc:  547  :[0.0, 0.6360804301823941, 0.8360804301823941, 1.0]
disc:  548  :[0.0, 0.1, 1.0]
disc:  549  :[0.0, 0.9, 1.0]
disc:  550  :[0.0, 0.1, 1.0]
disc:  551  :[0.0, 0.1, 1.0]
disc:  552  :[0.0, 0.1, 1.0]
disc:  553  :[0.0, 0.1, 1.0]
disc:  554  :[0.0, 0.1, 1.0]
disc:  555  :[0.0, 0.1, 1.0]
disc:  556  :[0.0, 0.5125942735834441, 0.7125942735834441, 1.0]
disc:  557  :[0.0, 0.1, 1.0]
disc:  558  :[0.0, 0.1, 1.0]
disc:  559  :[0.0, 0.1, 1.0]
disc:  560  :[0.0, 0.1, 1.0]
disc:  561  :[0.0, 0.1, 1.0]
disc:  562  :[0.0, 0.1, 1.0]
disc:  563  :[0.0, 0.1, 1.0]
disc:  564  :[0.0, 0.1, 1.0]
disc:  565  :[0.0, 0.1, 1.0]
disc:  566  :[0.0, 0.1, 1.0]
disc:  567  :[0.0, 0.1, 1.0]
disc:  568  :[0.0, 0.1, 1.0]
disc:  569  :[0.0, 0.25042992455883495, 0.4504299245588349, 1.0]
disc:  570  :[0.0, 0.2869038062595288, 0.4869038062595289, 1.0]
disc:  571  :[0.0, 0.1, 1.0]
disc:  572  :[0.0, 0.9, 1.0]
  Completed presolve in 13.2s
LOWER-BOUNDING ITERATIONS
====================================================================================================
| Iter   | Incumbent       | Best Incumbent      | Lower Bound        | Gap (%)         | Time      
| finish | -629.182        | -629.182            | -631.6915          | 0.399           | 33.34s           
Final UBD: -629.181987326879
Final LBD: -631.6915325465206
====================================================================================================

*** Alpine ended with status OTHER_LIMIT ***

 Total time for local solves: 10.92s

 Total time for solving max-min problems: 0.0s

 Total time excluding max-min time: 33.34s

presolve objective value: -629.181987326879
w_opt: 1-dimensional DenseAxisArray{Float64,1,...} with index sets:
    Dimension 1, [(25, 1, 2), (25, 1, 1), (25, 1, 14), (20, 1, 2), (20, 1, 1), (20, 1, 14), (1, 1, 2), (1, 1, 1), (1, 1, 14), (2, 1, 2)  …  (20, 15, 23), (20, 15, 3), (8, 15, 30), (8, 15, 29), (8, 15, 23), (8, 15, 3), (2, 15, 30), (2, 15, 29), (2, 15, 23), (2, 15, 3)]
And data, a 261-element Vector{Float64}:
 1.0568811519552663
 1.943118848044734
 0.0
 0.7768395520847303
 1.4282510126799566
 0.0
 0.0
 0.0
 0.0
 0.0
 0.0
 0.0
 0.0
 0.0
 0.0
 0.0
 1.9557333751915278
 0.0
 0.0
 1.0442666248084722
 0.0
 0.0
 0.0
 0.0
 0.0
 0.0
 0.0
 0.0
 0.0
 3.0383412695225434
 1.8664282804012255
 0.0
 0.0
 0.0
 0.0
 0.0
 0.0
 0.0
 0.0
 0.0
 0.0
 1.9173921056689838
 1.1778383444072473
 0.38673363708916597
 1.4875369328907315
 0.01714914393993534
 0.0
 0.0
 0.0
 0.6115315167752161
 2.3522022125530433
 0.02711748086853693
 0.0
 0.0
 0.0
 0.0
 0.0
 0.0
 0.0
 2.0
 1.0
 0.0
 0.0
 0.0
 0.0
 0.0
 0.0
 0.0
 0.0
 0.0
 0.0
 0.0
 0.0
 0.0
 0.7470798282455346
 2.241239484736604
 0.0
 0.5520603226367956
 1.656180967910387
 0.0
 0.0
 0.0
 0.0
 0.0
 0.0
 0.0
 0.0
 0.0
 0.0
 0.0
 0.0
 0.0
 0.7008598491176699
 2.1025795473530096
 0.0
 0.0
 0.0
 0.0
 0.0
 0.0
 0.0
 1.3937961446119986
 0.9478225315683507
 0.6583813238196508
 0.0
 0.0
 0.0
 0.0
 0.0
 0.0
 0.0
 0.0
 0.0
 0.0
 0.0
 0.0
 0.0
 0.0
 5.248215447802914
 1.7037653832925999
 0.0
 0.04563976597503779
 0.0
 0.7517845521970856
 0.24405714827575112
 0.0
 0.006537702456610843
 0.0
 0.0
 0.0
 0.0
 0.0
 0.0
 0.0
 0.0
 0.0
 0.0
 0.0
 0.0
 0.0
 0.0
 0.0
 0.0
 0.0
 0.0
 0.0
 0.0
 0.0
 0.0
 0.0
 0.0
 0.0
 0.0
 0.5278391396352119
 0.2639195698176059
 0.0
 0.0
 1.4721608603647882
 0.7360804301823941
 0.0
 0.0
 0.0
 0.0
 0.0
 0.0
 0.0
 0.0
 0.0
 0.0
 0.0
 0.0
 0.0
 0.0
 2.0
 0.0
 0.0
 0.0
 0.7875616770121258
 0.0
 0.0
 0.0
 0.0
 0.0
 0.0
 0.0
 0.0
 0.0
 0.0
 0.0
 0.0
 0.0
 0.0
 0.0
 0.0
 1.2124383229878744
 0.9921773919209922
 0.795384285091133
 0.0
 0.0
 0.0
 0.0
 0.0
 0.0
 0.0
 0.0
 0.0
 1.5597776884908965
 0.6502094762972541
 0.12967936794819396
 0.44022231150910357
 0.1835112277427422
 0.03659992801180955
 0.0
 0.0
 0.0
 0.0
 0.0
 0.0
 0.0
 0.0
 0.0
 0.0
 0.0
 0.0
 0.0
 0.2190021260417833
 0.5438823391895357
 0.0
 0.0
 0.0
 0.0
 0.0
 0.0
 0.0
 0.0
 0.0
 0.0
 0.0
 0.0
 0.0
 0.0
 0.0
 0.0
 0.0
 0.0
 0.0
 0.0
 0.0
 0.0
 0.0
 0.0
 0.0
 0.0
 0.0
 0.0
 0.0
 0.0
 2.0
 2.160349090100394
 0.0
 1.0
x_ij_opt: 1-dimensional DenseAxisArray{Float64,1,...} with index sets:
    Dimension 1, [(43, 30), (43, 22), (43, 6), (44, 22), (45, 30), (45, 29), (45, 28), (45, 24), (45, 23), (40, 29)  …  (5, 7), (5, 14), (6, 4), (6, 3), (1, 14), (1, 10), (1, 23), (1, 1), (3, 2), (3, 1)]
And data, a 116-element Vector{Float64}:
 0.0
 0.0
 1.3647413312438774
 0.0
 0.0
 0.0
 1.7809978739582166
 0.0
 0.0
 0.0
 0.0
 0.0
 0.0
 0.0
 0.0
 0.0
 0.0
 0.0
 0.2050905647646868
 0.0
 0.0
 0.0
 0.0
 0.0
 0.0
 0.0
 0.0
 2.0
 0.0
 0.0
 0.0
 0.0
 0.0
 0.0
 0.0
 0.0
 0.0
 0.0
 0.0
 0.0
 0.0
 0.0
 0.0
 0.6352586687561225
 0.0
 0.0
 0.0
 0.0
 0.0
 0.0
 0.0
 0.0
 0.0
 0.0
 0.0
 0.21243832298787435
 0.0
 0.0
 0.0
 2.0
 0.0
 0.0
 0.0
 0.0
 6.0
 0.0
 0.0
 0.0
 0.0
 0.7949094352353132
 0.0
 0.0
 0.0
 0.0
 0.0
 0.0
 0.45611766081046434
 1.0017348461356181
 0.0
 0.0
 0.0
 0.0
 0.0
 0.0
 0.0
 0.0
 0.0
 0.0
 0.0
 0.0
 0.0
 0.0
 0.0
 0.0
 0.0
 0.0
 0.0
 0.16627929596000363
 0.0
 0.0
 0.0
 0.0
 0.0
 0.0
 0.0
 0.6062038553880014
 0.0
 0.0
 0.0
 0.0
 0.0
 0.0
 0.007822608079007818
 1.9702488154556588
 0.0
 0.0
x_il_opt: 1-dimensional DenseAxisArray{Float64,1,...} with index sets:
    Dimension 1, [(43, 15), (43, 14), (44, 15), (44, 13), (44, 3), (40, 14), (40, 2), (41, 14), (42, 6), (37, 13)  …  (4, 13), (5, 2), (5, 7), (5, 9), (6, 11), (1, 1), (1, 6), (1, 3), (2, 1), (2, 15)]
And data, a 71-element Vector{Float64}:
 0.0
 0.0
 0.0
 2.3396665327363446
 4.90476954992377
 0.7628844652313189
 0.0
 0.0
 0.0
 0.6603334672636553
 0.0
 3.0
 0.0
 0.0
 2.9883193129821386
 0.0
 0.0
 0.0
 6.997620597070552
 0.0
 1.8914197139198325
 0.0
 3.0
 0.7917587094528177
 2.2082412905471824
 0.0
 1.0023794029294475
 0.0
 2.7875616770121256
 0.0
 3.0
 0.0
 0.0
 0.0
 0.0
 0.0
 0.0
 0.0
 2.205090564764687
 0.0
 0.0
 0.0
 3.0
 0.0
 0.0
 2.2082412905471824
 0.0
 3.0
 0.0
 0.0
 0.0
 0.0
 0.0
 0.0
 2.990851210196796
 0.0
 0.0
 0.0
 0.0
 0.0
 0.0
 0.0
 0.0
 0.0
 0.0
 0.0
 0.0
 2.8034393964706794
 3.095230450076231
 0.0
 5.160349090100394
x_lj_opt: 1-dimensional DenseAxisArray{Float64,1,...} with index sets:
    Dimension 1, [(15, 30), (15, 29), (15, 23), (15, 3), (14, 28), (14, 27), (14, 10), (14, 24), (13, 26), (13, 25)  …  (3, 6), (3, 5), (3, 29), (2, 4), (2, 3), (2, 1), (2, 5), (1, 2), (1, 1), (1, 14)]
And data, a 53-element Vector{Float64}:
 2.0
 2.160349090100394
 0.0
 1.0
 0.2190021260417833
 0.5438823391895357
 0.0
 0.0
 2.0
 0.8337207040399963
 0.16627929596000351
 1.2124383229878744
 0.9921773919209922
 0.795384285091133
 2.0
 0.0
 0.0
 0.0
 0.7875616770121258
 0.0
 0.0
 2.0
 1.0
 0.0
 0.0
 0.0
 6.0
 1.9478225315683513
 0.0
 0.05217746843164928
 1.3937961446119986
 0.9478225315683507
 0.6583813238196508
 2.0
 6.0
 0.0
 2.0
 1.0
 0.0
 0.0
 0.998265153864382
 3.8397391454437746
 0.044266624808472266
 0.0
 4.955733375191527
 3.044266624808473
 1.955733375191528
 0.0
 0.0
 1.0442666248084722
 1.8337207040399965
 3.3713698607246902
 0.0
q_opt: 1-dimensional DenseAxisArray{Float64,1,...} with index sets:
    Dimension 1, [(43, 15), (43, 14), (44, 15), (44, 13), (44, 3), (40, 14), (40, 2), (41, 14), (42, 6), (37, 13)  …  (4, 13), (5, 2), (5, 7), (5, 9), (6, 11), (1, 1), (1, 6), (1, 3), (2, 1), (2, 15)]
And data, a 71-element Vector{Float64}:
 0.0
 0.0
 0.0
 0.7798888442454482
 0.6130961937404711
 1.0
 0.0
 0.0
 0.0
 0.22011115575455178
 0.0
 1.0
 0.0
 0.0
 0.3735399141227673
 0.0
 0.0
 0.0
 0.874702574633819
 0.0
 0.387405726416556
 0.0
 1.0
 0.26391956981760595
 0.2760301613183978
 0.0
 0.12529742536618094
 0.0
 1.0
 1.0
 0.5763588476842622
 0.0
 0.0
 0.0
 0.0
 0.0
 0.0
 0.0
 0.4236411523157379
 0.0
 0.0
 0.0
 1.0
 0.0
 0.0
 0.7360804301823941
 0.0
 1.0
 0.0
 0.0
 0.0
 0.0
 0.0
 0.0
 0.6125942735834441
 0.0
 0.0
 0.0
 0.0
 0.0
 0.0
 0.0
 0.0
 0.0
 0.0
 0.0
 0.0
 0.3504299245588349
 0.38690380625952886
 0.0
 1.0
