
PROBLEM STATISTICS
  Objective sense = Min
  # Variables = 572
  # Bin-Int Variables = 0
  # Constraints = 621
  # NL Constraints = 261
  # Linear Constraints = 360
  # Detected convex constraints = 0
  # Detected nonlinear terms = 261
  # Variables involved in nonlinear terms = 124
  # Potential variables for partitioning = 124
SUB-SOLVERS USED BY ALPINE
  NLP local solver = Knitro
  MIP solver = Gurobi
ALPINE CONFIGURATION
  Maximum iterations (lower-bounding MIPs) =  1
  Relative global optimality gap = 0.01%
  Potential variables chosen for partitioning = All
  Discretization ratio = 10
  Bound-tightening presolve = false
PRESOLVE 
  Doing local search

Feasible solution found during presolve: [1.0791886705594336, 1.9208113294405664, 0.0, 0.7973845069453986, 1.4192376519919665, 0.0, 0.0, 0.0, 0.0, 0.0, 0.0, 0.0, 0.6337045830585677, 0.0, 0.0, 0.3168522915292838, 1.366295416941432, 0.0, 0.0, 0.6831477084707159, 0.0, 0.0, 0.0, 0.0, 0.0, 0.0, 0.0, 0.0, 0.0, 2.65413085380515, 1.5924785122830896, 0.0, 0.0, 0.0, 0.0, 0.0, 0.0, 0.0, 0.0, 0.0, 0.0, 2.34586914619485, 1.40752148771691, 0.0, 0.0, 0.0, 0.0, 0.0, 0.0, 0.0, 0.0, 0.0, 0.0, 0.0, 0.0, 0.0, 0.0, 0.0, 0.0, 1.8357235469424855, 1.0, 0.0, 0.16427645305751418, 0.0, 0.0, 0.0, 0.0, 0.0, 0.0, 0.0, 0.0, 0.24011636495560046, 0.7203490948668013, 0.0, 0.75, 2.25, 0.0, 0.5536557649569985, 1.6609672948709957, 0.0, 0.0, 0.0, 0.0, 0.0, 0.0, 0.0, 0.0, 0.0, 0.0, 0.0, 0.0, 0.0, 0.4562278700874014, 1.368683610262204, 0.0, 0.0, 0.0, 0.0, 0.0, 0.0, 0.0, 1.8120044017790353, 0.9497424653921329, 0.23825313282883206, 0.0, 0.0, 0.0, 0.0, 0.0, 0.0, 0.0, 0.0, 0.0, 0.0, 0.0, 0.0, 0.0, 0.0, 3.7758972570269083, 2.2885416464153994, 0.0, 0.03833882033208988, 0.0, 1.1738452083652235, 0.7114583535846013, 0.0, 0.011918714275778132, 0.0, 0.0, 0.0, 0.0, 0.0, 0.0, 0.0, 0.0, 0.0, 0.0, 0.0, 0.0, 0.0, 0.0, 0.0, 0.0, 0.0, 0.0, 0.0, 0.0, 0.0, 0.0, 0.0, 0.0, 0.0, 0.0, 0.5235846267813369, 0.26179231339066844, 0.0, 0.0, 1.4764153732186631, 0.7382076866093316, 0.0, 0.0, 0.0, 0.0, 0.0, 0.0, 0.0, 0.0, 0.0, 0.0, 0.0, 0.0, 0.0, 0.0, 0.0, 0.0, 0.0, 0.0, 0.0, 0.0, 0.0, 0.0, 0.0, 0.0, 0.0, 0.0, 0.0, 0.0, 0.0, 0.0, 0.0, 0.0, 0.0, 0.0, 0.0, 1.6029114746830322, 1.0, 0.39708852531696803, 0.0, 0.0, 0.0, 0.0, 0.0, 0.0, 0.0, 0.0, 0.0, 1.5294516743274678, 0.6703381570026569, 0.09438768016107692, 0.4705483256725322, 0.20623502050217501, 0.02903914233409106, 0.0, 0.0, 0.0, 0.0, 0.0, 0.0, 0.0, 0.0, 0.0, 0.0, 0.0, 0.0, 0.0, 0.20249391544871012, 0.7323123740167304, 0.0, 0.0, 0.0, 0.0, 0.0, 0.0, 0.0, 0.0, 0.0, 0.0, 0.0, 0.0, 0.0, 0.0, 0.0, 0.0, 0.0, 0.0, 0.0, 0.0, 0.0, 0.0, 0.0, 0.0, 0.0, 0.0, 0.0, 0.0, 0.0, 0.0, 2.0, 2.6029114746830326, 0.0, 1.0, 0.0, 0.0, 0.0, 2.2941775114912017, 4.24660936608824, 0.9348062894654405, 0.9505568745878515, 0.0, 0.9604654598224018, 0.7058224885087983, 0.0, 3.0, 0.0, 0.0, 3.0, 0.0, 0.0, 0.0, 6.102777723774397, 0.0, 0.0, 0.0, 2.0494431254121483, 0.7853769401720053, 2.2146230598279946, 0.0, 1.897222276225603, 0.0, 0.0, 0.0, 3.0, 0.0, 0.0, 0.0, 0.0, 0.0, 0.0, 0.0, 2.216622158937365, 0.0, 0.0, 0.0, 3.0, 0.0, 0.0, 2.2146230598279946, 0.0, 3.0, 0.0, 0.0, 0.0, 0.0, 0.0, 0.0, 0.0, 0.0, 0.0, 0.0, 0.0, 0.0, 0.0, 0.0, 0.0, 0.0, 0.0, 0.0, 0.0, 1.8249114803496056, 3.75339063391176, 0.0, 5.602911474683033, 2.0, 2.6029114746830326, 0.0, 1.0, 0.20249391544871012, 0.7323123740167304, 0.0, 0.0, 2.0, 0.876573177504832, 0.12342682249516797, 1.6029114746830322, 1.0, 0.39708852531696803, 0.0, 0.0, 0.0, 0.0, 0.0, 0.0, 0.0, 2.0, 1.0, 0.0, 0.0, 0.0, 4.949742465392132, 3.0000000000000004, 0.0, 0.05025753460786702, 1.8120044017790353, 0.9497424653921329, 0.23825313282883206, 2.0, 6.0, 0.0, 1.8357235469424855, 1.0, 0.0, 0.16427645305751418, 0.0, 0.0, 0.0, 0.0, 5.0, 2.9999999999999996, 2.0, 0.0, 0.0, 0.9999999999999998, 1.876573177504832, 3.340048981432533, 0.0, 0.0, 1.2777744465489793, 1.5127869060707713, 0.0, 0.0, 0.0, 1.79750608455129, 0.0, 0.0, 0.0, 0.0, 0.0, 0.0, 0.0, 0.0, 0.0, 0.0, 0.0, 0.2166221589373652, 0.0, 0.0, 0.0, 0.0, 0.0, 0.0, 0.0, 0.0, 2.0, 0.0, 0.0, 0.0, 0.0, 0.0, 0.0, 0.0, 0.0, 0.0, 0.0, 0.0, 0.0, 0.0, 0.0, 0.0, 0.4872130939292285, 0.0, 0.0, 0.5579491003935064, 0.0, 0.0, 0.0, 0.0, 0.0, 0.0, 0.0, 0.0, 3.0, 0.0, 0.0, 0.0, 2.0, 0.0, 0.0, 0.0, 0.3970885253169679, 6.0, 0.0, 1.0502575346078686, 0.0, 0.0, 0.7833778410626349, 0.0, 0.0, 0.0, 0.0, 0.0, 0.0, 0.2676876259832695, 0.877268100752546, 0.0, 0.0, 0.0, 0.0, 0.0, 0.0, 0.0, 0.0, 0.0, 0.16427645305751462, 0.0, 0.0, 0.0, 1.1227318992474542, 0.0, 0.0, 0.0, 0.0, 0.0, 0.12342682249516808, 0.0, 0.0, 0.0, 0.0, 0.0, 0.0, 0.0, 0.18799559822096473, 0.0, 0.0, 0.0, 0.0, 0.0, 0.0, 0.0, 2.421697885738635, 0.0, 0.0, 0.0, 0.0, 0.0, 0.7647258371637339, 0.53082617076103, 1.0, 0.31685229152928385, 0.0, 0.12005818247780023, 0.2352741628362661, 0.0, 1.0, 0.0, 0.0, 0.375, 0.0, 0.0, 0.0, 0.7628472154717997, 0.0, 0.0, 0.0, 0.683147708470716, 0.26179231339066844, 0.27682788247849927, 0.0, 0.23715278452820038, 0.0, 0.0, 1.0, 0.5750847787318193, 0.0, 0.0, 0.0, 0.0, 0.0, 0.0, 0.0, 0.42491522126818076, 0.0, 0.0, 0.0, 1.0, 0.0, 0.0, 0.7382076866093316, 0.0, 1.0, 0.0, 0.0, 0.0, 1.0, 0.0, 0.0, 0.0, 1.0, 0.0, 0.0, 0.0, 0.0, 0.0, 0.0, 0.0, 0.0, 0.0, 0.0, 0.0, 0.2281139350437007, 0.46917382923897005, 0.0, 1.0]  :with objective: -600.8654270718038

  Local solver returns a feasible point with value -600.8654
disc:  333  :[0.0, 1.8, 2.0]
disc:  334  :[0.0, 2.0029114746830325, 3.2029114746830327, 6.0]
disc:  335  :[0.0, 0.1, 1.0]
disc:  336  :[0.0, 0.9, 1.0]
disc:  337  :[0.0, 0.00249391544871011, 0.40249391544871016, 2.0]
disc:  338  :[0.0, 0.6323123740167305, 0.8323123740167304, 1.0]
disc:  339  :[0.0, 0.2, 2.0]
disc:  340  :[0.0, 0.2, 2.0]
disc:  341  :[0.0, 1.8, 2.0]
disc:  342  :[0.0, 0.776573177504832, 0.976573177504832, 1.0]
disc:  343  :[0.0, 0.32342682249516796, 2.0]
disc:  344  :[0.0, 1.4029114746830322, 1.8029114746830321, 2.0]
disc:  345  :[0.0, 0.9, 1.0]
disc:  346  :[0.0, 0.09708852531696804, 0.6970885253169681, 3.0]
disc:  347  :[0.0, 0.2, 2.0]
disc:  348  :[0.0, 0.6, 6.0]
disc:  349  :[0.0, 0.2, 2.0]
disc:  350  :[0.0, 0.1, 1.0]
disc:  351  :[0.0, 0.2, 2.0]
disc:  352  :[0.0, 0.6, 6.0]
disc:  353  :[0.0, 0.1, 1.0]
disc:  354  :[0.0, 1.8, 2.0]
disc:  355  :[0.0, 0.9, 1.0]
disc:  356  :[0.0, 0.2, 2.0]
disc:  357  :[0.0, 0.1, 1.0]
disc:  358  :[0.0, 0.2, 2.0]
disc:  359  :[0.0, 4.349742465392132, 5.549742465392131, 6.0]
disc:  360  :[0.0, 2.4000000000000004, 3.6000000000000005, 6.0]
disc:  361  :[0.0, 0.2, 2.0]
disc:  362  :[0.0, 0.15025753460786703, 1.0]
disc:  363  :[0.0, 1.6120044017790354, 2.0]
disc:  364  :[0.0, 0.8497424653921329, 1.0]
disc:  365  :[0.0, 0.538253132828832, 3.0]
disc:  366  :[0.0, 1.8, 2.0]
disc:  367  :[0.0, 5.4, 6.0]
disc:  368  :[0.0, 0.2, 2.0]
disc:  369  :[0.0, 1.6357235469424856, 2.0]
disc:  370  :[0.0, 0.9, 1.0]
disc:  371  :[0.0, 0.2, 2.0]
disc:  372  :[0.0, 0.3642764530575142, 2.0]
disc:  373  :[0.0, 0.2, 2.0]
disc:  374  :[0.0, 0.6, 6.0]
disc:  375  :[0.0, 0.2, 2.0]
disc:  376  :[0.0, 0.2, 2.0]
disc:  377  :[0.0, 4.4, 5.6, 6.0]
disc:  378  :[0.0, 2.3999999999999995, 3.5999999999999996, 6.0]
disc:  379  :[0.0, 1.8, 2.0]
disc:  380  :[0.0, 0.1, 1.0]
disc:  381  :[0.0, 0.3, 3.0]
disc:  382  :[0.0, 0.6999999999999997, 1.2999999999999998, 3.0]
disc:  383  :[0.0, 1.676573177504832, 2.0]
disc:  384  :[0.0, 2.740048981432533, 3.940048981432533, 6.0]
disc:  385  :[0.0, 0.2, 2.0]
disc:  502  :[0.0, 0.1, 1.0]
disc:  503  :[0.0, 0.1, 1.0]
disc:  504  :[0.0, 0.1, 1.0]
disc:  505  :[0.0, 0.6647258371637339, 0.8647258371637339, 1.0]
disc:  506  :[0.0, 0.43082617076103, 0.63082617076103, 1.0]
disc:  507  :[0.0, 0.9, 1.0]
disc:  508  :[0.0, 0.21685229152928384, 0.4168522915292838, 1.0]
disc:  509  :[0.0, 0.1, 1.0]
disc:  510  :[0.0, 0.020058182477800224, 0.22005818247780023, 1.0]
disc:  511  :[0.0, 0.1352741628362661, 0.3352741628362661, 1.0]
disc:  512  :[0.0, 0.1, 1.0]
disc:  513  :[0.0, 0.9, 1.0]
disc:  514  :[0.0, 0.1, 1.0]
disc:  515  :[0.0, 0.1, 1.0]
disc:  516  :[0.0, 0.275, 0.475, 1.0]
disc:  517  :[0.0, 0.1, 1.0]
disc:  518  :[0.0, 0.1, 1.0]
disc:  519  :[0.0, 0.1, 1.0]
disc:  520  :[0.0, 0.6628472154717997, 0.8628472154717997, 1.0]
disc:  521  :[0.0, 0.1, 1.0]
disc:  522  :[0.0, 0.1, 1.0]
disc:  523  :[0.0, 0.1, 1.0]
disc:  524  :[0.0, 0.5831477084707161, 0.783147708470716, 1.0]
disc:  525  :[0.0, 0.16179231339066844, 0.3617923133906684, 1.0]
disc:  526  :[0.0, 0.17682788247849926, 0.3768278824784993, 1.0]
disc:  527  :[0.0, 0.1, 1.0]
disc:  528  :[0.0, 0.13715278452820037, 0.3371527845282004, 1.0]
disc:  529  :[0.0, 0.1, 1.0]
disc:  530  :[0.0, 0.1, 1.0]
disc:  531  :[0.0, 0.9, 1.0]
disc:  532  :[0.0, 0.4750847787318193, 0.6750847787318193, 1.0]
disc:  533  :[0.0, 0.1, 1.0]
disc:  534  :[0.0, 0.1, 1.0]
disc:  535  :[0.0, 0.1, 1.0]
disc:  536  :[0.0, 0.1, 1.0]
disc:  537  :[0.0, 0.1, 1.0]
disc:  538  :[0.0, 0.1, 1.0]
disc:  539  :[0.0, 0.1, 1.0]
disc:  540  :[0.0, 0.32491522126818073, 0.5249152212681808, 1.0]
disc:  541  :[0.0, 0.1, 1.0]
disc:  542  :[0.0, 0.1, 1.0]
disc:  543  :[0.0, 0.1, 1.0]
disc:  544  :[0.0, 0.9, 1.0]
disc:  545  :[0.0, 0.1, 1.0]
disc:  546  :[0.0, 0.1, 1.0]
disc:  547  :[0.0, 0.6382076866093316, 0.8382076866093315, 1.0]
disc:  548  :[0.0, 0.1, 1.0]
disc:  549  :[0.0, 0.9, 1.0]
disc:  550  :[0.0, 0.1, 1.0]
disc:  551  :[0.0, 0.1, 1.0]
disc:  552  :[0.0, 0.1, 1.0]
disc:  553  :[0.0, 0.9, 1.0]
disc:  554  :[0.0, 0.1, 1.0]
disc:  555  :[0.0, 0.1, 1.0]
disc:  556  :[0.0, 0.1, 1.0]
disc:  557  :[0.0, 0.9, 1.0]
disc:  558  :[0.0, 0.1, 1.0]
disc:  559  :[0.0, 0.1, 1.0]
disc:  560  :[0.0, 0.1, 1.0]
disc:  561  :[0.0, 0.1, 1.0]
disc:  562  :[0.0, 0.1, 1.0]
disc:  563  :[0.0, 0.1, 1.0]
disc:  564  :[0.0, 0.1, 1.0]
disc:  565  :[0.0, 0.1, 1.0]
disc:  566  :[0.0, 0.1, 1.0]
disc:  567  :[0.0, 0.1, 1.0]
disc:  568  :[0.0, 0.1, 1.0]
disc:  569  :[0.0, 0.1281139350437007, 0.3281139350437007, 1.0]
disc:  570  :[0.0, 0.36917382923897, 0.5691738292389701, 1.0]
disc:  571  :[0.0, 0.1, 1.0]
disc:  572  :[0.0, 0.9, 1.0]
  Completed presolve in 7.34s
LOWER-BOUNDING ITERATIONS
====================================================================================================
| Iter   | Incumbent       | Best Incumbent      | Lower Bound        | Gap (%)         | Time      
| finish | -600.8654       | -600.8654           | -626.9798          | 4.346           | 17.96s           
Final UBD: -600.8654270718038
Final LBD: -626.9798496233428
====================================================================================================

*** Alpine ended with status OTHER_LIMIT ***

 Total time for local solves: 4.99s

 Total time for solving max-min problems: 0.0s

 Total time excluding max-min time: 17.96s

presolve objective value: -600.8654270718038
w_opt: 1-dimensional DenseAxisArray{Float64,1,...} with index sets:
    Dimension 1, [(25, 1, 2), (25, 1, 1), (25, 1, 14), (20, 1, 2), (20, 1, 1), (20, 1, 14), (1, 1, 2), (1, 1, 1), (1, 1, 14), (2, 1, 2)  …  (20, 15, 23), (20, 15, 3), (8, 15, 30), (8, 15, 29), (8, 15, 23), (8, 15, 3), (2, 15, 30), (2, 15, 29), (2, 15, 23), (2, 15, 3)]
And data, a 261-element Vector{Float64}:
 1.0791886705594336
 1.9208113294405664
 0.0
 0.7973845069453986
 1.4192376519919665
 0.0
 0.0
 0.0
 0.0
 0.0
 0.0
 0.0
 0.6337045830585677
 0.0
 0.0
 0.3168522915292838
 1.366295416941432
 0.0
 0.0
 0.6831477084707159
 0.0
 0.0
 0.0
 0.0
 0.0
 0.0
 0.0
 0.0
 0.0
 2.65413085380515
 1.5924785122830896
 0.0
 0.0
 0.0
 0.0
 0.0
 0.0
 0.0
 0.0
 0.0
 0.0
 2.34586914619485
 1.40752148771691
 0.0
 0.0
 0.0
 0.0
 0.0
 0.0
 0.0
 0.0
 0.0
 0.0
 0.0
 0.0
 0.0
 0.0
 0.0
 0.0
 1.8357235469424855
 1.0
 0.0
 0.16427645305751418
 0.0
 0.0
 0.0
 0.0
 0.0
 0.0
 0.0
 0.0
 0.24011636495560046
 0.7203490948668013
 0.0
 0.75
 2.25
 0.0
 0.5536557649569985
 1.6609672948709957
 0.0
 0.0
 0.0
 0.0
 0.0
 0.0
 0.0
 0.0
 0.0
 0.0
 0.0
 0.0
 0.0
 0.4562278700874014
 1.368683610262204
 0.0
 0.0
 0.0
 0.0
 0.0
 0.0
 0.0
 1.8120044017790353
 0.9497424653921329
 0.23825313282883206
 0.0
 0.0
 0.0
 0.0
 0.0
 0.0
 0.0
 0.0
 0.0
 0.0
 0.0
 0.0
 0.0
 0.0
 3.7758972570269083
 2.2885416464153994
 0.0
 0.03833882033208988
 0.0
 1.1738452083652235
 0.7114583535846013
 0.0
 0.011918714275778132
 0.0
 0.0
 0.0
 0.0
 0.0
 0.0
 0.0
 0.0
 0.0
 0.0
 0.0
 0.0
 0.0
 0.0
 0.0
 0.0
 0.0
 0.0
 0.0
 0.0
 0.0
 0.0
 0.0
 0.0
 0.0
 0.0
 0.5235846267813369
 0.26179231339066844
 0.0
 0.0
 1.4764153732186631
 0.7382076866093316
 0.0
 0.0
 0.0
 0.0
 0.0
 0.0
 0.0
 0.0
 0.0
 0.0
 0.0
 0.0
 0.0
 0.0
 0.0
 0.0
 0.0
 0.0
 0.0
 0.0
 0.0
 0.0
 0.0
 0.0
 0.0
 0.0
 0.0
 0.0
 0.0
 0.0
 0.0
 0.0
 0.0
 0.0
 0.0
 1.6029114746830322
 1.0
 0.39708852531696803
 0.0
 0.0
 0.0
 0.0
 0.0
 0.0
 0.0
 0.0
 0.0
 1.5294516743274678
 0.6703381570026569
 0.09438768016107692
 0.4705483256725322
 0.20623502050217501
 0.02903914233409106
 0.0
 0.0
 0.0
 0.0
 0.0
 0.0
 0.0
 0.0
 0.0
 0.0
 0.0
 0.0
 0.0
 0.20249391544871012
 0.7323123740167304
 0.0
 0.0
 0.0
 0.0
 0.0
 0.0
 0.0
 0.0
 0.0
 0.0
 0.0
 0.0
 0.0
 0.0
 0.0
 0.0
 0.0
 0.0
 0.0
 0.0
 0.0
 0.0
 0.0
 0.0
 0.0
 0.0
 0.0
 0.0
 0.0
 0.0
 2.0
 2.6029114746830326
 0.0
 1.0
x_ij_opt: 1-dimensional DenseAxisArray{Float64,1,...} with index sets:
    Dimension 1, [(43, 30), (43, 22), (43, 6), (44, 22), (45, 30), (45, 29), (45, 28), (45, 24), (45, 23), (40, 29)  …  (5, 7), (5, 14), (6, 4), (6, 3), (1, 14), (1, 10), (1, 23), (1, 1), (3, 2), (3, 1)]
And data, a 116-element Vector{Float64}:
 0.0
 1.2777744465489793
 1.5127869060707713
 0.0
 0.0
 0.0
 1.79750608455129
 0.0
 0.0
 0.0
 0.0
 0.0
 0.0
 0.0
 0.0
 0.0
 0.0
 0.0
 0.2166221589373652
 0.0
 0.0
 0.0
 0.0
 0.0
 0.0
 0.0
 0.0
 2.0
 0.0
 0.0
 0.0
 0.0
 0.0
 0.0
 0.0
 0.0
 0.0
 0.0
 0.0
 0.0
 0.0
 0.0
 0.0
 0.4872130939292285
 0.0
 0.0
 0.5579491003935064
 0.0
 0.0
 0.0
 0.0
 0.0
 0.0
 0.0
 0.0
 3.0
 0.0
 0.0
 0.0
 2.0
 0.0
 0.0
 0.0
 0.3970885253169679
 6.0
 0.0
 1.0502575346078686
 0.0
 0.0
 0.7833778410626349
 0.0
 0.0
 0.0
 0.0
 0.0
 0.0
 0.2676876259832695
 0.877268100752546
 0.0
 0.0
 0.0
 0.0
 0.0
 0.0
 0.0
 0.0
 0.0
 0.16427645305751462
 0.0
 0.0
 0.0
 1.1227318992474542
 0.0
 0.0
 0.0
 0.0
 0.0
 0.12342682249516808
 0.0
 0.0
 0.0
 0.0
 0.0
 0.0
 0.0
 0.18799559822096473
 0.0
 0.0
 0.0
 0.0
 0.0
 0.0
 0.0
 2.421697885738635
 0.0
 0.0
x_il_opt: 1-dimensional DenseAxisArray{Float64,1,...} with index sets:
    Dimension 1, [(43, 15), (43, 14), (44, 15), (44, 13), (44, 3), (40, 14), (40, 2), (41, 14), (42, 6), (37, 13)  …  (4, 13), (5, 2), (5, 7), (5, 9), (6, 11), (1, 1), (1, 6), (1, 3), (2, 1), (2, 15)]
And data, a 71-element Vector{Float64}:
 0.0
 0.0
 0.0
 2.2941775114912017
 4.24660936608824
 0.9348062894654405
 0.9505568745878515
 0.0
 0.9604654598224018
 0.7058224885087983
 0.0
 3.0
 0.0
 0.0
 3.0
 0.0
 0.0
 0.0
 6.102777723774397
 0.0
 0.0
 0.0
 2.0494431254121483
 0.7853769401720053
 2.2146230598279946
 0.0
 1.897222276225603
 0.0
 0.0
 0.0
 3.0
 0.0
 0.0
 0.0
 0.0
 0.0
 0.0
 0.0
 2.216622158937365
 0.0
 0.0
 0.0
 3.0
 0.0
 0.0
 2.2146230598279946
 0.0
 3.0
 0.0
 0.0
 0.0
 0.0
 0.0
 0.0
 0.0
 0.0
 0.0
 0.0
 0.0
 0.0
 0.0
 0.0
 0.0
 0.0
 0.0
 0.0
 0.0
 1.8249114803496056
 3.75339063391176
 0.0
 5.602911474683033
x_lj_opt: 1-dimensional DenseAxisArray{Float64,1,...} with index sets:
    Dimension 1, [(15, 30), (15, 29), (15, 23), (15, 3), (14, 28), (14, 27), (14, 10), (14, 24), (13, 26), (13, 25)  …  (3, 6), (3, 5), (3, 29), (2, 4), (2, 3), (2, 1), (2, 5), (1, 2), (1, 1), (1, 14)]
And data, a 53-element Vector{Float64}:
 2.0
 2.6029114746830326
 0.0
 1.0
 0.20249391544871012
 0.7323123740167304
 0.0
 0.0
 2.0
 0.876573177504832
 0.12342682249516797
 1.6029114746830322
 1.0
 0.39708852531696803
 0.0
 0.0
 0.0
 0.0
 0.0
 0.0
 0.0
 2.0
 1.0
 0.0
 0.0
 0.0
 4.949742465392132
 3.0000000000000004
 0.0
 0.05025753460786702
 1.8120044017790353
 0.9497424653921329
 0.23825313282883206
 2.0
 6.0
 0.0
 1.8357235469424855
 1.0
 0.0
 0.16427645305751418
 0.0
 0.0
 0.0
 0.0
 5.0
 2.9999999999999996
 2.0
 0.0
 0.0
 0.9999999999999998
 1.876573177504832
 3.340048981432533
 0.0
q_opt: 1-dimensional DenseAxisArray{Float64,1,...} with index sets:
    Dimension 1, [(43, 15), (43, 14), (44, 15), (44, 13), (44, 3), (40, 14), (40, 2), (41, 14), (42, 6), (37, 13)  …  (4, 13), (5, 2), (5, 7), (5, 9), (6, 11), (1, 1), (1, 6), (1, 3), (2, 1), (2, 15)]
And data, a 71-element Vector{Float64}:
 0.0
 0.0
 0.0
 0.7647258371637339
 0.53082617076103
 1.0
 0.31685229152928385
 0.0
 0.12005818247780023
 0.2352741628362661
 0.0
 1.0
 0.0
 0.0
 0.375
 0.0
 0.0
 0.0
 0.7628472154717997
 0.0
 0.0
 0.0
 0.683147708470716
 0.26179231339066844
 0.27682788247849927
 0.0
 0.23715278452820038
 0.0
 0.0
 1.0
 0.5750847787318193
 0.0
 0.0
 0.0
 0.0
 0.0
 0.0
 0.0
 0.42491522126818076
 0.0
 0.0
 0.0
 1.0
 0.0
 0.0
 0.7382076866093316
 0.0
 1.0
 0.0
 0.0
 0.0
 1.0
 0.0
 0.0
 0.0
 1.0
 0.0
 0.0
 0.0
 0.0
 0.0
 0.0
 0.0
 0.0
 0.0
 0.0
 0.0
 0.2281139350437007
 0.46917382923897005
 0.0
 1.0
