
PROBLEM STATISTICS
  Objective sense = Min
  # Variables = 572
  # Bin-Int Variables = 0
  # Constraints = 621
  # NL Constraints = 261
  # Linear Constraints = 360
  # Detected convex constraints = 0
  # Detected nonlinear terms = 261
  # Variables involved in nonlinear terms = 124
  # Potential variables for partitioning = 124
SUB-SOLVERS USED BY ALPINE
  NLP local solver = Knitro
  MIP solver = Gurobi
ALPINE CONFIGURATION
  Maximum iterations (lower-bounding MIPs) =  1
  Relative global optimality gap = 0.01%
  Potential variables chosen for partitioning = All
  Discretization ratio = 10
  Bound-tightening presolve = false
PRESOLVE 
  Doing local search

Feasible solution found during presolve: [1.1151002101981522, 1.884899789801848, 0.0, 0.7449714545587555, 1.259255917328408, 0.0, 0.0, 0.0, 0.0, 0.0, 0.0, 0.0, 0.0, 0.0, 0.0, 0.0, 1.696317762628956, 0.0, 0.0, 1.303682237371044, 0.0, 0.0, 0.0, 0.0, 0.0, 0.0, 0.0, 0.0, 0.0, 0.0, 0.0, 0.0, 0.0, 0.0, 0.0, 0.0, 0.0, 0.0, 0.0, 0.0, 0.0, 0.0, 0.0, 0.0, 0.0, 0.0, 0.0, 0.0, 0.0, 0.0, 0.0, 0.0, 0.0, 0.0, 0.0, 0.0, 0.0, 0.0, 0.0, 2.0, 1.0, 0.0, 0.0, 0.0, 0.0, 0.0, 0.0, 0.0, 0.0, 0.0, 0.0, 0.0, 0.0, 0.0, 0.714755698203374, 2.144267094610122, 0.0, 0.48385366433223365, 1.451560992996701, 0.0, 0.0, 0.0, 0.0, 0.0, 0.0, 0.0, 0.0, 0.0, 0.0, 0.0, 0.0, 0.0, 0.8013906374643923, 2.404171912393177, 0.0, 0.0, 0.0, 0.0, 0.0, 0.0, 0.0, 1.589125735787525, 0.7983835814712389, 0.6124906827412361, 0.0, 0.0, 0.0, 0.0, 0.0, 0.0, 0.0, 0.0, 0.0, 0.0, 0.0, 0.0, 0.0, 0.0, 4.92469216651467, 1.4760809226766678, 0.0, 0.16548313282822205, 0.0, 1.0753078334853305, 0.3223026587945712, 0.0, 0.03613328570053894, 0.0, 0.0, 0.0, 0.0, 0.0, 0.0, 0.0, 0.0, 0.0, 0.0, 0.0, 0.0, 0.0, 0.0, 0.0, 0.0, 0.0, 0.0, 0.0, 0.0, 0.0, 0.0, 0.0, 0.0, 0.1846976278053089, 0.0, 0.7097235617807103, 0.3548617808903552, 0.0, 0.0, 1.29027643821929, 0.6451382191096451, 0.0, 0.0, 0.0, 0.0, 0.0, 0.0, 0.0, 0.0, 0.0, 0.0, 0.0, 0.0, 0.0, 0.0, 0.29386205845719116, 0.0, 0.0, 0.0, 2.0, 0.7061379415428088, 0.0, 0.0, 0.0, 0.0, 0.0, 0.0, 0.0, 0.0, 0.0, 0.0, 0.0, 0.0, 0.0, 0.0, 0.0, 0.0, 0.0, 0.16890271979053828, 0.0, 0.0, 0.0, 0.0, 0.0, 0.0, 0.0, 0.0, 2.8310972802094616, 1.401897839841453, 0.6028663044657755, 0.09808261545495103, 0.5981021601585468, 0.2572053602911319, 0.04184571978814147, 0.0, 0.0, 0.0, 0.0, 0.0, 0.0, 0.0, 0.0, 0.0, 0.0, 0.0, 0.0, 0.0, 0.7847458105700543, 0.9665721381812571, 0.0, 0.0, 0.0, 0.0, 0.0, 0.0, 0.0, 0.0, 0.0, 0.0, 0.0, 0.0, 0.0, 0.0, 0.0, 0.0, 0.0, 0.0, 0.0, 0.0, 0.0, 0.0, 0.17832497479558956, 0.0, 0.0, 0.08916248739779478, 0.0, 0.0, 0.0, 0.0, 1.8216750252044105, 0.0, 0.0, 0.9108375126022052, 0.0, 0.0, 0.0, 2.1028467597621794, 0.0, 1.7513179487513115, 0.0, 0.0, 0.0, 0.8971532402378203, 0.0, 0.16890271979053828, 0.0, 0.0, 2.859022792813496, 0.0, 0.0, 0.0, 6.56625622201956, 0.0, 0.0, 0.0, 3.0, 1.0645853426710654, 1.9354146573289346, 0.0, 1.4337437779804407, 0.0, 3.0, 0.0, 3.0, 0.0, 0.0, 2.8310972802094616, 0.0, 0.0, 0.0, 0.0, 2.0042273718871635, 0.2674874621933844, 0.0, 0.0, 3.0, 0.0, 0.0, 1.935414657328935, 0.0, 3.0, 0.0, 0.0, 0.0, 0.0, 0.0, 0.0, 0.0, 0.0, 0.0, 0.0, 0.0, 0.0, 0.0, 0.0, 0.0, 0.0, 0.1846976278053089, 0.0, 0.0, 3.2055625498575693, 0.0, 0.0, 2.732512537806616, 2.0, 0.0, 0.0, 1.0, 0.7847458105700543, 0.9665721381812571, 0.0, 0.0, 2.0, 0.8600716647569074, 0.1399283352430925, 0.0, 0.0, 3.0, 0.29386205845719116, 0.0, 0.0, 0.0, 2.0, 0.7061379415428088, 0.0, 2.0, 1.0, 0.1846976278053089, 0.0, 0.0, 6.0, 1.7983835814712388, 0.0, 0.20161641852876097, 1.589125735787525, 0.7983835814712389, 0.6124906827412361, 2.0, 6.0, 0.0, 2.0, 1.0, 0.0, 0.0, 0.0, 0.0, 0.0, 0.0, 0.0, 0.0, 1.696317762628956, 0.0, 0.0, 1.303682237371044, 1.8600716647569076, 3.144155707130256, 0.0, 0.0, 1.706137941542809, 1.531331923254744, 0.0, 0.0, 0.0, 1.2152541894299456, 0.0, 0.0, 0.0, 0.0, 0.0, 0.0, 0.0, 0.0, 0.0, 0.0, 0.0, 0.27171483408054786, 0.0, 0.0, 0.0, 0.0, 0.0, 0.0, 0.0, 0.0, 2.0, 0.0, 0.0, 0.0, 0.0, 0.0, 0.0, 0.0, 0.0, 0.0, 0.0, 0.0, 0.0, 0.0, 0.0, 0.0, 0.468668076745256, 0.0, 0.0, 0.0, 0.0, 0.0, 0.0, 0.0, 0.0, 0.0, 0.0, 0.0, 0.0, 0.0, 0.0, 0.0, 1.815302372194691, 0.0, 0.0, 0.0, 0.0, 6.0, 0.0, 0.0, 0.0, 0.0, 0.7282851659194521, 0.0, 0.0, 0.0, 0.0, 0.0, 0.0, 0.033427861818742854, 0.7559696311816034, 0.0, 0.0, 0.0, 0.0, 0.0, 0.0, 0.0, 0.0, 0.0, 0.0, 0.0, 0.0, 0.30368223737104405, 1.2440303688183967, 1.26773929034845, 0.0, 0.0, 0.0, 0.0, 0.1399283352430925, 0.0, 0.0, 0.0, 0.0, 0.0, 0.0, 0.0, 0.35738391768306815, 0.0, 0.0, 0.0, 0.0, 0.053490346529406846, 0.0, 0.0, 2.2433536101285076, 0.0, 0.0, 0.0, 0.0, 0.0, 0.7009489199207265, 0.0, 1.0, 0.0, 0.0, 0.0, 0.2990510800792734, 0.0, 0.05630090659684609, 0.0, 0.0, 0.357377849101687, 0.0, 0.0, 0.0, 0.820782027752445, 0.0, 0.012848200509312341, 0.0, 1.0, 0.35486178089035514, 0.24192683216611682, 0.0, 0.1792179722475551, 0.0, 1.0, 0.0, 0.5994931439073798, 0.0, 0.0, 0.9436990934031539, 0.0, 0.0, 0.0, 0.0, 0.40050685609262016, 0.08916248739779478, 0.0, 0.0, 1.0, 0.0, 0.0005044676779774085, 0.645138219109645, 0.0, 1.0, 0.0, 0.0, 0.0, 0.0, 0.0, 1.0, 0.0, 0.9866473318127102, 0.0, 0.0, 0.0, 0.0, 0.0, 0.0, 0.0, 0.0, 1.0, 0.0, 0.0, 0.40069531873219616, 0.0, 0.0, 0.9108375126022052]  :with objective: -541.9425598791985

  Local solver returns a feasible point with value -541.9426
disc:  333  :[0.0, 1.8, 2.0]
disc:  334  :[0.0, 0.6, 6.0]
disc:  335  :[0.0, 0.1, 1.0]
disc:  336  :[0.0, 0.9, 1.0]
disc:  337  :[0.0, 0.5847458105700543, 0.9847458105700544, 2.0]
disc:  338  :[0.0, 0.8665721381812571, 1.0]
disc:  339  :[0.0, 0.2, 2.0]
disc:  340  :[0.0, 0.2, 2.0]
disc:  341  :[0.0, 1.8, 2.0]
disc:  342  :[0.0, 0.7600716647569075, 0.9600716647569074, 1.0]
disc:  343  :[0.0, 0.3399283352430925, 2.0]
disc:  344  :[0.0, 0.2, 2.0]
disc:  345  :[0.0, 0.1, 1.0]
disc:  346  :[0.0, 2.7, 3.0]
disc:  347  :[0.0, 0.09386205845719114, 0.49386205845719117, 2.0]
disc:  348  :[0.0, 0.6, 6.0]
disc:  349  :[0.0, 0.2, 2.0]
disc:  350  :[0.0, 0.1, 1.0]
disc:  351  :[0.0, 1.8, 2.0]
disc:  352  :[0.0, 0.10613794154280887, 1.3061379415428087, 6.0]
disc:  353  :[0.0, 0.1, 1.0]
disc:  354  :[0.0, 1.8, 2.0]
disc:  355  :[0.0, 0.9, 1.0]
disc:  356  :[0.0, 0.3846976278053089, 2.0]
disc:  357  :[0.0, 0.1, 1.0]
disc:  358  :[0.0, 0.2, 2.0]
disc:  359  :[0.0, 5.4, 6.0]
disc:  360  :[0.0, 1.198383581471239, 2.3983835814712386, 6.0]
disc:  361  :[0.0, 0.2, 2.0]
disc:  362  :[0.0, 0.10161641852876097, 0.301616418528761, 1.0]
disc:  363  :[0.0, 1.389125735787525, 1.789125735787525, 2.0]
disc:  364  :[0.0, 0.6983835814712389, 0.8983835814712389, 1.0]
disc:  365  :[0.0, 0.3124906827412361, 0.912490682741236, 3.0]
disc:  366  :[0.0, 1.8, 2.0]
disc:  367  :[0.0, 5.4, 6.0]
disc:  368  :[0.0, 0.2, 2.0]
disc:  369  :[0.0, 1.8, 2.0]
disc:  370  :[0.0, 0.9, 1.0]
disc:  371  :[0.0, 0.2, 2.0]
disc:  372  :[0.0, 0.2, 2.0]
disc:  373  :[0.0, 0.2, 2.0]
disc:  374  :[0.0, 0.6, 6.0]
disc:  375  :[0.0, 0.2, 2.0]
disc:  376  :[0.0, 0.2, 2.0]
disc:  377  :[0.0, 0.6, 6.0]
disc:  378  :[0.0, 0.6, 6.0]
disc:  379  :[0.0, 1.496317762628956, 1.896317762628956, 2.0]
disc:  380  :[0.0, 0.1, 1.0]
disc:  381  :[0.0, 0.3, 3.0]
disc:  382  :[0.0, 1.003682237371044, 1.603682237371044, 3.0]
disc:  383  :[0.0, 1.6600716647569076, 2.0]
disc:  384  :[0.0, 2.544155707130256, 3.7441557071302562, 6.0]
disc:  385  :[0.0, 0.2, 2.0]
disc:  502  :[0.0, 0.1, 1.0]
disc:  503  :[0.0, 0.1, 1.0]
disc:  504  :[0.0, 0.1, 1.0]
disc:  505  :[0.0, 0.6009489199207265, 0.8009489199207265, 1.0]
disc:  506  :[0.0, 0.1, 1.0]
disc:  507  :[0.0, 0.9, 1.0]
disc:  508  :[0.0, 0.1, 1.0]
disc:  509  :[0.0, 0.1, 1.0]
disc:  510  :[0.0, 0.1, 1.0]
disc:  511  :[0.0, 0.19905108007927338, 0.39905108007927337, 1.0]
disc:  512  :[0.0, 0.1, 1.0]
disc:  513  :[0.0, 0.1563009065968461, 1.0]
disc:  514  :[0.0, 0.1, 1.0]
disc:  515  :[0.0, 0.1, 1.0]
disc:  516  :[0.0, 0.25737784910168704, 0.457377849101687, 1.0]
disc:  517  :[0.0, 0.1, 1.0]
disc:  518  :[0.0, 0.1, 1.0]
disc:  519  :[0.0, 0.1, 1.0]
disc:  520  :[0.0, 0.720782027752445, 0.920782027752445, 1.0]
disc:  521  :[0.0, 0.1, 1.0]
disc:  522  :[0.0, 0.11284820050931235, 1.0]
disc:  523  :[0.0, 0.1, 1.0]
disc:  524  :[0.0, 0.9, 1.0]
disc:  525  :[0.0, 0.25486178089035516, 0.4548617808903551, 1.0]
disc:  526  :[0.0, 0.14192683216611682, 0.34192683216611686, 1.0]
disc:  527  :[0.0, 0.1, 1.0]
disc:  528  :[0.0, 0.07921797224755509, 0.27921797224755507, 1.0]
disc:  529  :[0.0, 0.1, 1.0]
disc:  530  :[0.0, 0.9, 1.0]
disc:  531  :[0.0, 0.1, 1.0]
disc:  532  :[0.0, 0.49949314390737987, 0.6994931439073798, 1.0]
disc:  533  :[0.0, 0.1, 1.0]
disc:  534  :[0.0, 0.1, 1.0]
disc:  535  :[0.0, 0.843699093403154, 1.0]
disc:  536  :[0.0, 0.1, 1.0]
disc:  537  :[0.0, 0.1, 1.0]
disc:  538  :[0.0, 0.1, 1.0]
disc:  539  :[0.0, 0.1, 1.0]
disc:  540  :[0.0, 0.3005068560926202, 0.5005068560926201, 1.0]
disc:  541  :[0.0, 0.1891624873977948, 1.0]
disc:  542  :[0.0, 0.1, 1.0]
disc:  543  :[0.0, 0.1, 1.0]
disc:  544  :[0.0, 0.9, 1.0]
disc:  545  :[0.0, 0.1, 1.0]
disc:  546  :[0.0, 0.10050446767797741, 1.0]
disc:  547  :[0.0, 0.545138219109645, 0.745138219109645, 1.0]
disc:  548  :[0.0, 0.1, 1.0]
disc:  549  :[0.0, 0.9, 1.0]
disc:  550  :[0.0, 0.1, 1.0]
disc:  551  :[0.0, 0.1, 1.0]
disc:  552  :[0.0, 0.1, 1.0]
disc:  553  :[0.0, 0.1, 1.0]
disc:  554  :[0.0, 0.1, 1.0]
disc:  555  :[0.0, 0.9, 1.0]
disc:  556  :[0.0, 0.1, 1.0]
disc:  557  :[0.0, 0.8866473318127103, 1.0]
disc:  558  :[0.0, 0.1, 1.0]
disc:  559  :[0.0, 0.1, 1.0]
disc:  560  :[0.0, 0.1, 1.0]
disc:  561  :[0.0, 0.1, 1.0]
disc:  562  :[0.0, 0.1, 1.0]
disc:  563  :[0.0, 0.1, 1.0]
disc:  564  :[0.0, 0.1, 1.0]
disc:  565  :[0.0, 0.1, 1.0]
disc:  566  :[0.0, 0.9, 1.0]
disc:  567  :[0.0, 0.1, 1.0]
disc:  568  :[0.0, 0.1, 1.0]
disc:  569  :[0.0, 0.3006953187321961, 0.5006953187321962, 1.0]
disc:  570  :[0.0, 0.1, 1.0]
disc:  571  :[0.0, 0.1, 1.0]
disc:  572  :[0.0, 0.8108375126022053, 1.0]
  Completed presolve in 7.25s
LOWER-BOUNDING ITERATIONS
====================================================================================================
| Iter   | Incumbent       | Best Incumbent      | Lower Bound        | Gap (%)         | Time      
| finish | -541.9426       | -541.9426           | -638.825           | 17.877          | 16.56s           
Final UBD: -541.9425598791985
Final LBD: -638.8249964997678
====================================================================================================

*** Alpine ended with status OTHER_LIMIT ***

 Total time for local solves: 4.85s

 Total time for solving max-min problems: 0.0s

 Total time excluding max-min time: 16.56s

presolve objective value: -541.9425598791985
w_opt: 1-dimensional DenseAxisArray{Float64,1,...} with index sets:
    Dimension 1, [(25, 1, 2), (25, 1, 1), (25, 1, 14), (20, 1, 2), (20, 1, 1), (20, 1, 14), (1, 1, 2), (1, 1, 1), (1, 1, 14), (2, 1, 2)  …  (20, 15, 23), (20, 15, 3), (8, 15, 30), (8, 15, 29), (8, 15, 23), (8, 15, 3), (2, 15, 30), (2, 15, 29), (2, 15, 23), (2, 15, 3)]
And data, a 261-element Vector{Float64}:
 1.1151002101981522
 1.884899789801848
 0.0
 0.7449714545587555
 1.259255917328408
 0.0
 0.0
 0.0
 0.0
 0.0
 0.0
 0.0
 0.0
 0.0
 0.0
 0.0
 1.696317762628956
 0.0
 0.0
 1.303682237371044
 0.0
 0.0
 0.0
 0.0
 0.0
 0.0
 0.0
 0.0
 0.0
 0.0
 0.0
 0.0
 0.0
 0.0
 0.0
 0.0
 0.0
 0.0
 0.0
 0.0
 0.0
 0.0
 0.0
 0.0
 0.0
 0.0
 0.0
 0.0
 0.0
 0.0
 0.0
 0.0
 0.0
 0.0
 0.0
 0.0
 0.0
 0.0
 0.0
 2.0
 1.0
 0.0
 0.0
 0.0
 0.0
 0.0
 0.0
 0.0
 0.0
 0.0
 0.0
 0.0
 0.0
 0.0
 0.714755698203374
 2.144267094610122
 0.0
 0.48385366433223365
 1.451560992996701
 0.0
 0.0
 0.0
 0.0
 0.0
 0.0
 0.0
 0.0
 0.0
 0.0
 0.0
 0.0
 0.0
 0.8013906374643923
 2.404171912393177
 0.0
 0.0
 0.0
 0.0
 0.0
 0.0
 0.0
 1.589125735787525
 0.7983835814712389
 0.6124906827412361
 0.0
 0.0
 0.0
 0.0
 0.0
 0.0
 0.0
 0.0
 0.0
 0.0
 0.0
 0.0
 0.0
 0.0
 4.92469216651467
 1.4760809226766678
 0.0
 0.16548313282822205
 0.0
 1.0753078334853305
 0.3223026587945712
 0.0
 0.03613328570053894
 0.0
 0.0
 0.0
 0.0
 0.0
 0.0
 0.0
 0.0
 0.0
 0.0
 0.0
 0.0
 0.0
 0.0
 0.0
 0.0
 0.0
 0.0
 0.0
 0.0
 0.0
 0.0
 0.0
 0.0
 0.1846976278053089
 0.0
 0.7097235617807103
 0.3548617808903552
 0.0
 0.0
 1.29027643821929
 0.6451382191096451
 0.0
 0.0
 0.0
 0.0
 0.0
 0.0
 0.0
 0.0
 0.0
 0.0
 0.0
 0.0
 0.0
 0.0
 0.29386205845719116
 0.0
 0.0
 0.0
 2.0
 0.7061379415428088
 0.0
 0.0
 0.0
 0.0
 0.0
 0.0
 0.0
 0.0
 0.0
 0.0
 0.0
 0.0
 0.0
 0.0
 0.0
 0.0
 0.0
 0.16890271979053828
 0.0
 0.0
 0.0
 0.0
 0.0
 0.0
 0.0
 0.0
 2.8310972802094616
 1.401897839841453
 0.6028663044657755
 0.09808261545495103
 0.5981021601585468
 0.2572053602911319
 0.04184571978814147
 0.0
 0.0
 0.0
 0.0
 0.0
 0.0
 0.0
 0.0
 0.0
 0.0
 0.0
 0.0
 0.0
 0.7847458105700543
 0.9665721381812571
 0.0
 0.0
 0.0
 0.0
 0.0
 0.0
 0.0
 0.0
 0.0
 0.0
 0.0
 0.0
 0.0
 0.0
 0.0
 0.0
 0.0
 0.0
 0.0
 0.0
 0.0
 0.0
 0.17832497479558956
 0.0
 0.0
 0.08916248739779478
 0.0
 0.0
 0.0
 0.0
 1.8216750252044105
 0.0
 0.0
 0.9108375126022052
x_ij_opt: 1-dimensional DenseAxisArray{Float64,1,...} with index sets:
    Dimension 1, [(43, 30), (43, 22), (43, 6), (44, 22), (45, 30), (45, 29), (45, 28), (45, 24), (45, 23), (40, 29)  …  (5, 7), (5, 14), (6, 4), (6, 3), (1, 14), (1, 10), (1, 23), (1, 1), (3, 2), (3, 1)]
And data, a 116-element Vector{Float64}:
 0.0
 1.706137941542809
 1.531331923254744
 0.0
 0.0
 0.0
 1.2152541894299456
 0.0
 0.0
 0.0
 0.0
 0.0
 0.0
 0.0
 0.0
 0.0
 0.0
 0.0
 0.27171483408054786
 0.0
 0.0
 0.0
 0.0
 0.0
 0.0
 0.0
 0.0
 2.0
 0.0
 0.0
 0.0
 0.0
 0.0
 0.0
 0.0
 0.0
 0.0
 0.0
 0.0
 0.0
 0.0
 0.0
 0.0
 0.468668076745256
 0.0
 0.0
 0.0
 0.0
 0.0
 0.0
 0.0
 0.0
 0.0
 0.0
 0.0
 0.0
 0.0
 0.0
 0.0
 1.815302372194691
 0.0
 0.0
 0.0
 0.0
 6.0
 0.0
 0.0
 0.0
 0.0
 0.7282851659194521
 0.0
 0.0
 0.0
 0.0
 0.0
 0.0
 0.033427861818742854
 0.7559696311816034
 0.0
 0.0
 0.0
 0.0
 0.0
 0.0
 0.0
 0.0
 0.0
 0.0
 0.0
 0.0
 0.30368223737104405
 1.2440303688183967
 1.26773929034845
 0.0
 0.0
 0.0
 0.0
 0.1399283352430925
 0.0
 0.0
 0.0
 0.0
 0.0
 0.0
 0.0
 0.35738391768306815
 0.0
 0.0
 0.0
 0.0
 0.053490346529406846
 0.0
 0.0
 2.2433536101285076
 0.0
 0.0
x_il_opt: 1-dimensional DenseAxisArray{Float64,1,...} with index sets:
    Dimension 1, [(43, 15), (43, 14), (44, 15), (44, 13), (44, 3), (40, 14), (40, 2), (41, 14), (42, 6), (37, 13)  …  (4, 13), (5, 2), (5, 7), (5, 9), (6, 11), (1, 1), (1, 6), (1, 3), (2, 1), (2, 15)]
And data, a 71-element Vector{Float64}:
 0.0
 0.0
 0.0
 2.1028467597621794
 0.0
 1.7513179487513115
 0.0
 0.0
 0.0
 0.8971532402378203
 0.0
 0.16890271979053828
 0.0
 0.0
 2.859022792813496
 0.0
 0.0
 0.0
 6.56625622201956
 0.0
 0.0
 0.0
 3.0
 1.0645853426710654
 1.9354146573289346
 0.0
 1.4337437779804407
 0.0
 3.0
 0.0
 3.0
 0.0
 0.0
 2.8310972802094616
 0.0
 0.0
 0.0
 0.0
 2.0042273718871635
 0.2674874621933844
 0.0
 0.0
 3.0
 0.0
 0.0
 1.935414657328935
 0.0
 3.0
 0.0
 0.0
 0.0
 0.0
 0.0
 0.0
 0.0
 0.0
 0.0
 0.0
 0.0
 0.0
 0.0
 0.0
 0.0
 0.0
 0.1846976278053089
 0.0
 0.0
 3.2055625498575693
 0.0
 0.0
 2.732512537806616
x_lj_opt: 1-dimensional DenseAxisArray{Float64,1,...} with index sets:
    Dimension 1, [(15, 30), (15, 29), (15, 23), (15, 3), (14, 28), (14, 27), (14, 10), (14, 24), (13, 26), (13, 25)  …  (3, 6), (3, 5), (3, 29), (2, 4), (2, 3), (2, 1), (2, 5), (1, 2), (1, 1), (1, 14)]
And data, a 53-element Vector{Float64}:
 2.0
 0.0
 0.0
 1.0
 0.7847458105700543
 0.9665721381812571
 0.0
 0.0
 2.0
 0.8600716647569074
 0.1399283352430925
 0.0
 0.0
 3.0
 0.29386205845719116
 0.0
 0.0
 0.0
 2.0
 0.7061379415428088
 0.0
 2.0
 1.0
 0.1846976278053089
 0.0
 0.0
 6.0
 1.7983835814712388
 0.0
 0.20161641852876097
 1.589125735787525
 0.7983835814712389
 0.6124906827412361
 2.0
 6.0
 0.0
 2.0
 1.0
 0.0
 0.0
 0.0
 0.0
 0.0
 0.0
 0.0
 0.0
 1.696317762628956
 0.0
 0.0
 1.303682237371044
 1.8600716647569076
 3.144155707130256
 0.0
q_opt: 1-dimensional DenseAxisArray{Float64,1,...} with index sets:
    Dimension 1, [(43, 15), (43, 14), (44, 15), (44, 13), (44, 3), (40, 14), (40, 2), (41, 14), (42, 6), (37, 13)  …  (4, 13), (5, 2), (5, 7), (5, 9), (6, 11), (1, 1), (1, 6), (1, 3), (2, 1), (2, 15)]
And data, a 71-element Vector{Float64}:
 0.0
 0.0
 0.0
 0.7009489199207265
 0.0
 1.0
 0.0
 0.0
 0.0
 0.2990510800792734
 0.0
 0.05630090659684609
 0.0
 0.0
 0.357377849101687
 0.0
 0.0
 0.0
 0.820782027752445
 0.0
 0.012848200509312341
 0.0
 1.0
 0.35486178089035514
 0.24192683216611682
 0.0
 0.1792179722475551
 0.0
 1.0
 0.0
 0.5994931439073798
 0.0
 0.0
 0.9436990934031539
 0.0
 0.0
 0.0
 0.0
 0.40050685609262016
 0.08916248739779478
 0.0
 0.0
 1.0
 0.0
 0.0005044676779774085
 0.645138219109645
 0.0
 1.0
 0.0
 0.0
 0.0
 0.0
 0.0
 1.0
 0.0
 0.9866473318127102
 0.0
 0.0
 0.0
 0.0
 0.0
 0.0
 0.0
 0.0
 1.0
 0.0
 0.0
 0.40069531873219616
 0.0
 0.0
 0.9108375126022052
