
PROBLEM STATISTICS
  Objective sense = Min
  # Variables = 572
  # Bin-Int Variables = 0
  # Constraints = 621
  # NL Constraints = 261
  # Linear Constraints = 360
  # Detected convex constraints = 0
  # Detected nonlinear terms = 261
  # Variables involved in nonlinear terms = 124
  # Potential variables for partitioning = 124
SUB-SOLVERS USED BY ALPINE
  NLP local solver = Knitro
  MIP solver = Gurobi
ALPINE CONFIGURATION
  Maximum iterations (lower-bounding MIPs) =  1
  Relative global optimality gap = 0.01%
  Potential variables chosen for partitioning = All
  Discretization ratio = 10
  Bound-tightening presolve = false
PRESOLVE 
  Doing local search

Feasible solution found during presolve: [1.1242437451827703, 1.731223368210839, 0.0, 0.87575625481723, 1.3485773878598855, 0.0, 0.0, 0.0, 0.0, 0.0, 0.0, 0.0, 0.0, 0.0, 0.0, 0.0, 1.7194649172902676, 0.1787490102985825, 0.0, 1.10178607241115, 0.0, 0.0, 0.0, 0.0, 0.0, 0.0, 0.0, 0.0, 0.0, 2.847279702165372, 1.8030352808177381, 0.0, 0.0, 0.0, 0.0, 0.0, 0.0, 0.0, 0.0, 0.0, 0.0, 2.0509342254234784, 1.2987507915934122, 0.0, 0.0, 0.0, 0.0, 0.0, 0.0, 0.0, 0.0, 0.0, 0.0, 0.0, 0.0, 0.0, 0.0, 0.0, 0.0, 2.0, 1.0, 0.0, 0.0, 0.0, 0.0, 0.0, 0.0, 0.0, 0.0, 0.0, 0.0, 0.7380465633707947, 2.2141396901123835, 0.0, 0.24851681589150593, 0.7455504476745176, 0.0, 0.5384035256234733, 1.6152105768704195, 0.0, 0.0, 0.0, 0.0, 0.0, 0.0, 0.0, 0.0, 0.0, 0.0, 0.0, 0.0, 0.0, 0.4750330951142262, 1.4250992853426785, 0.0, 0.0, 0.0, 0.0, 0.0, 0.0, 0.0, 1.8363209064704826, 0.855467113393609, 0.3082119801359081, 0.0, 0.0, 0.0, 0.0, 0.0, 0.0, 0.0, 0.0, 0.0, 0.0, 0.0, 0.0, 0.0, 0.0, 5.342602895396267, 1.7808676317987555, 0.0, 0.0, 0.0, 0.6573971046037329, 0.21913236820124424, 0.0, 0.0, 0.0, 0.0, 0.0, 0.0, 0.0, 0.0, 0.0, 0.0, 0.0, 0.0, 0.0, 0.0, 0.0, 0.0, 0.0, 0.0, 0.0, 0.0, 0.0, 0.0, 0.0, 0.0, 0.0, 0.0, 0.2289719320281983, 0.0, 0.5642572650040717, 0.28212863250203585, 0.0, 0.0, 1.4357427349959284, 0.7178713674979642, 0.0, 0.0, 0.0, 0.0, 0.0, 0.0, 0.0, 0.0, 0.0, 0.0, 0.0, 0.0, 0.0, 0.0, 2.0, 0.0, 0.0, 0.0, 0.8049719660399249, 0.0, 0.0, 0.0, 0.0, 0.0, 0.0, 0.0, 0.0, 0.0, 0.0, 0.0, 0.0, 0.0, 0.0, 0.0, 0.0, 1.195028033960075, 0.912690774885052, 0.892281191154873, 0.0, 0.0, 0.0, 0.0, 0.0, 0.0, 0.0, 0.0, 0.0, 1.5561593308966195, 0.7780796654483099, 0.0, 0.4438406691033806, 0.22192033455169033, 0.0, 0.0, 0.0, 0.0, 0.0, 0.0, 0.0, 0.0, 0.0, 0.0, 0.0, 0.0, 0.0, 0.0, 0.6483222620427104, 0.7581509419972345, 0.0, 0.0, 0.0, 0.0, 0.0, 0.0, 0.0, 0.0, 0.0, 0.0, 0.0, 0.0, 0.0, 0.0, 0.0, 0.0, 0.0, 0.0, 0.0, 0.0, 0.0, 0.0, 0.0, 0.0, 0.0, 0.0, 0.0, 0.0, 0.0, 0.0, 0.0, 0.0, 0.0, 0.0, 0.0, 0.0, 0.0, 2.3342389963449293, 4.650314982983111, 1.406473204039945, 0.0, 0.0, 2.9521862534831786, 0.665761003655071, 0.0, 3.0, 0.0, 0.0, 0.9940672635660236, 0.0, 0.0, 0.0, 7.123470527195023, 0.0, 0.0, 0.0, 3.0, 0.8463858975061076, 2.1536141024938926, 0.0, 0.8765294728049772, 0.0, 2.8049719660399255, 0.0, 2.8554671133936096, 0.0, 0.0, 0.0, 0.0, 0.0, 0.0, 0.0, 2.224333642677115, 0.0, 0.0, 0.0, 3.0, 0.0, 0.0, 2.1536141024938926, 0.0, 3.0, 0.0, 0.0, 0.0, 0.0, 0.0, 0.0, 0.0, 0.0, 0.0, 0.0, 0.0, 0.0, 0.0, 0.0, 0.0, 0.0, 0.2289719320281983, 0.0, 0.0, 1.9001323804569048, 3.3496850170168906, 0.0, 0.0, 0.0, 0.0, 0.0, 0.0, 0.6483222620427104, 0.7581509419972345, 0.0, 0.0, 2.0, 1.0, 0.0, 1.195028033960075, 0.912690774885052, 0.892281191154873, 2.0, 0.0, 0.0, 0.0, 0.8049719660399249, 0.0, 0.0, 2.0, 1.0, 0.2289719320281983, 0.0, 0.0, 6.0, 1.9999999999999996, 0.0, 0.0, 1.8363209064704826, 0.8554671133936091, 0.3082119801359081, 2.0, 6.0, 0.0, 2.0, 1.0, 0.0, 0.0, 0.0, 0.0, 0.0, 0.0, 4.898213927588849, 3.10178607241115, 1.7194649172902676, 0.1787490102985825, 0.0, 1.1017860724111501, 2.0, 3.0798007560707243, 0.0, 0.043306249891205205, 0.0, 1.33394296960985, 0.0, 1.9566937501087949, 0.0, 1.3516777379572897, 0.0, 0.0, 0.0, 0.0, 0.0, 0.0, 0.0, 0.0, 0.0, 0.0, 0.0, 0.22433364267711517, 0.0, 0.0, 0.0, 0.0, 0.0, 0.0, 0.0, 0.0, 2.0, 0.0, 2.0059327364339765, 0.0, 0.0, 0.0, 0.0, 0.0, 0.0, 0.0, 0.0, 0.0, 0.0, 0.0, 0.0, 0.0, 0.6660570303901501, 0.0, 0.0, 0.0, 0.0, 0.0, 0.0, 0.0, 0.0, 0.0, 0.0, 0.0, 0.19502803396007462, 0.0, 0.0, 0.14453288660639085, 1.7710280679718018, 0.0, 0.0, 0.0, 0.0, 6.0, 0.0, 0.0, 0.0, 0.0, 0.7756663573228848, 0.0, 0.0, 0.0, 0.0, 0.0, 0.0, 0.24184905800276554, 0.8038723657102361, 0.0, 0.0, 0.0, 0.0, 0.0, 0.0, 0.0, 0.0, 0.0, 0.0, 0.0, 0.0, 0.0, 1.196127634289764, 1.047049837330444, 0.0, 0.0, 0.0, 0.0, 0.0, 0.0, 0.8212509897014175, 0.0, 0.0, 0.0, 0.0, 0.0, 0.11279297991162844, 0.0, 0.0, 0.2805350827097324, 0.0, 0.05088611361788908, 0.0, 0.08730922511494803, 2.6119872637933677, 0.0, 0.0, 0.0, 0.0, 0.0, 0.7780796654483098, 0.5812893728728887, 1.0, 0.0, 0.0, 0.36902328168539733, 0.2219203345516903, 0.0, 1.0, 0.0, 0.0, 0.12425840794575296, 0.0, 0.0, 0.0, 0.890433815899378, 0.0, 0.0, 0.0, 1.0, 0.28212863250203585, 0.26920176281173663, 0.0, 0.10956618410062215, 0.0, 1.0, 0.0, 0.5621218725913851, 0.0, 0.0, 0.0, 0.0, 0.0, 0.0, 0.0, 0.437878127408615, 0.0, 0.0, 0.0, 1.0, 0.0, 0.0, 0.7178713674979642, 0.0, 1.0, 0.0, 0.0, 0.0, 0.0, 0.0, 0.0, 0.0, 1.0, 0.0, 0.0, 0.0, 1.0, 0.0, 0.0, 0.0, 0.0, 1.0, 0.0, 0.0, 0.2375165475571131, 0.4187106271271113, 0.0, 0.0]  :with objective: -589.7843608924587

  Local solver returns a feasible point with value -589.7844
disc:  333  :[0.0, 0.2, 2.0]
disc:  334  :[0.0, 0.6, 6.0]
disc:  335  :[0.0, 0.1, 1.0]
disc:  336  :[0.0, 0.1, 1.0]
disc:  337  :[0.0, 0.44832226204271036, 0.8483222620427104, 2.0]
disc:  338  :[0.0, 0.6581509419972346, 0.8581509419972345, 1.0]
disc:  339  :[0.0, 0.2, 2.0]
disc:  340  :[0.0, 0.2, 2.0]
disc:  341  :[0.0, 1.8, 2.0]
disc:  342  :[0.0, 0.9, 1.0]
disc:  343  :[0.0, 0.2, 2.0]
disc:  344  :[0.0, 0.995028033960075, 1.395028033960075, 2.0]
disc:  345  :[0.0, 0.812690774885052, 1.0]
disc:  346  :[0.0, 0.5922811911548731, 1.192281191154873, 3.0]
disc:  347  :[0.0, 1.8, 2.0]
disc:  348  :[0.0, 0.6, 6.0]
disc:  349  :[0.0, 0.2, 2.0]
disc:  350  :[0.0, 0.1, 1.0]
disc:  351  :[0.0, 0.6049719660399249, 1.004971966039925, 2.0]
disc:  352  :[0.0, 0.6, 6.0]
disc:  353  :[0.0, 0.1, 1.0]
disc:  354  :[0.0, 1.8, 2.0]
disc:  355  :[0.0, 0.9, 1.0]
disc:  356  :[0.0, 0.028971932028198283, 0.4289719320281983, 2.0]
disc:  357  :[0.0, 0.1, 1.0]
disc:  358  :[0.0, 0.2, 2.0]
disc:  359  :[0.0, 5.4, 6.0]
disc:  360  :[0.0, 1.3999999999999995, 2.5999999999999996, 6.0]
disc:  361  :[0.0, 0.2, 2.0]
disc:  362  :[0.0, 0.1, 1.0]
disc:  363  :[0.0, 1.6363209064704827, 2.0]
disc:  364  :[0.0, 0.7554671133936092, 0.9554671133936091, 1.0]
disc:  365  :[0.0, 0.008211980135908126, 0.608211980135908, 3.0]
disc:  366  :[0.0, 1.8, 2.0]
disc:  367  :[0.0, 5.4, 6.0]
disc:  368  :[0.0, 0.2, 2.0]
disc:  369  :[0.0, 1.8, 2.0]
disc:  370  :[0.0, 0.9, 1.0]
disc:  371  :[0.0, 0.2, 2.0]
disc:  372  :[0.0, 0.2, 2.0]
disc:  373  :[0.0, 0.2, 2.0]
disc:  374  :[0.0, 0.6, 6.0]
disc:  375  :[0.0, 0.2, 2.0]
disc:  376  :[0.0, 0.2, 2.0]
disc:  377  :[0.0, 4.29821392758885, 5.498213927588849, 6.0]
disc:  378  :[0.0, 2.50178607241115, 3.70178607241115, 6.0]
disc:  379  :[0.0, 1.5194649172902677, 1.9194649172902676, 2.0]
disc:  380  :[0.0, 0.0787490102985825, 0.2787490102985825, 1.0]
disc:  381  :[0.0, 0.3, 3.0]
disc:  382  :[0.0, 0.8017860724111501, 1.4017860724111502, 3.0]
disc:  383  :[0.0, 1.8, 2.0]
disc:  384  :[0.0, 2.4798007560707243, 3.6798007560707244, 6.0]
disc:  385  :[0.0, 0.2, 2.0]
disc:  502  :[0.0, 0.1, 1.0]
disc:  503  :[0.0, 0.1, 1.0]
disc:  504  :[0.0, 0.1, 1.0]
disc:  505  :[0.0, 0.6780796654483098, 0.8780796654483097, 1.0]
disc:  506  :[0.0, 0.48128937287288875, 0.6812893728728887, 1.0]
disc:  507  :[0.0, 0.9, 1.0]
disc:  508  :[0.0, 0.1, 1.0]
disc:  509  :[0.0, 0.1, 1.0]
disc:  510  :[0.0, 0.26902328168539735, 0.4690232816853973, 1.0]
disc:  511  :[0.0, 0.1219203345516903, 0.32192033455169033, 1.0]
disc:  512  :[0.0, 0.1, 1.0]
disc:  513  :[0.0, 0.9, 1.0]
disc:  514  :[0.0, 0.1, 1.0]
disc:  515  :[0.0, 0.1, 1.0]
disc:  516  :[0.0, 0.024258407945752958, 0.22425840794575297, 1.0]
disc:  517  :[0.0, 0.1, 1.0]
disc:  518  :[0.0, 0.1, 1.0]
disc:  519  :[0.0, 0.1, 1.0]
disc:  520  :[0.0, 0.790433815899378, 0.990433815899378, 1.0]
disc:  521  :[0.0, 0.1, 1.0]
disc:  522  :[0.0, 0.1, 1.0]
disc:  523  :[0.0, 0.1, 1.0]
disc:  524  :[0.0, 0.9, 1.0]
disc:  525  :[0.0, 0.18212863250203584, 0.3821286325020359, 1.0]
disc:  526  :[0.0, 0.16920176281173663, 0.36920176281173667, 1.0]
disc:  527  :[0.0, 0.1, 1.0]
disc:  528  :[0.0, 0.009566184100622141, 0.20956618410062217, 1.0]
disc:  529  :[0.0, 0.1, 1.0]
disc:  530  :[0.0, 0.9, 1.0]
disc:  531  :[0.0, 0.1, 1.0]
disc:  532  :[0.0, 0.46212187259138515, 0.6621218725913851, 1.0]
disc:  533  :[0.0, 0.1, 1.0]
disc:  534  :[0.0, 0.1, 1.0]
disc:  535  :[0.0, 0.1, 1.0]
disc:  536  :[0.0, 0.1, 1.0]
disc:  537  :[0.0, 0.1, 1.0]
disc:  538  :[0.0, 0.1, 1.0]
disc:  539  :[0.0, 0.1, 1.0]
disc:  540  :[0.0, 0.337878127408615, 0.537878127408615, 1.0]
disc:  541  :[0.0, 0.1, 1.0]
disc:  542  :[0.0, 0.1, 1.0]
disc:  543  :[0.0, 0.1, 1.0]
disc:  544  :[0.0, 0.9, 1.0]
disc:  545  :[0.0, 0.1, 1.0]
disc:  546  :[0.0, 0.1, 1.0]
disc:  547  :[0.0, 0.6178713674979642, 0.8178713674979642, 1.0]
disc:  548  :[0.0, 0.1, 1.0]
disc:  549  :[0.0, 0.9, 1.0]
disc:  550  :[0.0, 0.1, 1.0]
disc:  551  :[0.0, 0.1, 1.0]
disc:  552  :[0.0, 0.1, 1.0]
disc:  553  :[0.0, 0.1, 1.0]
disc:  554  :[0.0, 0.1, 1.0]
disc:  555  :[0.0, 0.1, 1.0]
disc:  556  :[0.0, 0.1, 1.0]
disc:  557  :[0.0, 0.9, 1.0]
disc:  558  :[0.0, 0.1, 1.0]
disc:  559  :[0.0, 0.1, 1.0]
disc:  560  :[0.0, 0.1, 1.0]
disc:  561  :[0.0, 0.9, 1.0]
disc:  562  :[0.0, 0.1, 1.0]
disc:  563  :[0.0, 0.1, 1.0]
disc:  564  :[0.0, 0.1, 1.0]
disc:  565  :[0.0, 0.1, 1.0]
disc:  566  :[0.0, 0.9, 1.0]
disc:  567  :[0.0, 0.1, 1.0]
disc:  568  :[0.0, 0.1, 1.0]
disc:  569  :[0.0, 0.1375165475571131, 0.33751654755711313, 1.0]
disc:  570  :[0.0, 0.3187106271271113, 0.5187106271271114, 1.0]
disc:  571  :[0.0, 0.1, 1.0]
disc:  572  :[0.0, 0.1, 1.0]
  Completed presolve in 8.68s
LOWER-BOUNDING ITERATIONS
====================================================================================================
| Iter   | Incumbent       | Best Incumbent      | Lower Bound        | Gap (%)         | Time      
| finish | -589.7844       | -589.7844           | -625.3843          | 6.036           | 19.39s           
Final UBD: -589.7843608924587
Final LBD: -625.3842638898769
====================================================================================================

*** Alpine ended with status OTHER_LIMIT ***

 Total time for local solves: 6.34s

 Total time for solving max-min problems: 0.0s

 Total time excluding max-min time: 19.39s

presolve objective value: -589.7843608924587
w_opt: 1-dimensional DenseAxisArray{Float64,1,...} with index sets:
    Dimension 1, [(25, 1, 2), (25, 1, 1), (25, 1, 14), (20, 1, 2), (20, 1, 1), (20, 1, 14), (1, 1, 2), (1, 1, 1), (1, 1, 14), (2, 1, 2)  …  (20, 15, 23), (20, 15, 3), (8, 15, 30), (8, 15, 29), (8, 15, 23), (8, 15, 3), (2, 15, 30), (2, 15, 29), (2, 15, 23), (2, 15, 3)]
And data, a 261-element Vector{Float64}:
 1.1242437451827703
 1.731223368210839
 0.0
 0.87575625481723
 1.3485773878598855
 0.0
 0.0
 0.0
 0.0
 0.0
 0.0
 0.0
 0.0
 0.0
 0.0
 0.0
 1.7194649172902676
 0.1787490102985825
 0.0
 1.10178607241115
 0.0
 0.0
 0.0
 0.0
 0.0
 0.0
 0.0
 0.0
 0.0
 2.847279702165372
 1.8030352808177381
 0.0
 0.0
 0.0
 0.0
 0.0
 0.0
 0.0
 0.0
 0.0
 0.0
 2.0509342254234784
 1.2987507915934122
 0.0
 0.0
 0.0
 0.0
 0.0
 0.0
 0.0
 0.0
 0.0
 0.0
 0.0
 0.0
 0.0
 0.0
 0.0
 0.0
 2.0
 1.0
 0.0
 0.0
 0.0
 0.0
 0.0
 0.0
 0.0
 0.0
 0.0
 0.0
 0.7380465633707947
 2.2141396901123835
 0.0
 0.24851681589150593
 0.7455504476745176
 0.0
 0.5384035256234733
 1.6152105768704195
 0.0
 0.0
 0.0
 0.0
 0.0
 0.0
 0.0
 0.0
 0.0
 0.0
 0.0
 0.0
 0.0
 0.4750330951142262
 1.4250992853426785
 0.0
 0.0
 0.0
 0.0
 0.0
 0.0
 0.0
 1.8363209064704826
 0.855467113393609
 0.3082119801359081
 0.0
 0.0
 0.0
 0.0
 0.0
 0.0
 0.0
 0.0
 0.0
 0.0
 0.0
 0.0
 0.0
 0.0
 5.342602895396267
 1.7808676317987555
 0.0
 0.0
 0.0
 0.6573971046037329
 0.21913236820124424
 0.0
 0.0
 0.0
 0.0
 0.0
 0.0
 0.0
 0.0
 0.0
 0.0
 0.0
 0.0
 0.0
 0.0
 0.0
 0.0
 0.0
 0.0
 0.0
 0.0
 0.0
 0.0
 0.0
 0.0
 0.0
 0.0
 0.2289719320281983
 0.0
 0.5642572650040717
 0.28212863250203585
 0.0
 0.0
 1.4357427349959284
 0.7178713674979642
 0.0
 0.0
 0.0
 0.0
 0.0
 0.0
 0.0
 0.0
 0.0
 0.0
 0.0
 0.0
 0.0
 0.0
 2.0
 0.0
 0.0
 0.0
 0.8049719660399249
 0.0
 0.0
 0.0
 0.0
 0.0
 0.0
 0.0
 0.0
 0.0
 0.0
 0.0
 0.0
 0.0
 0.0
 0.0
 0.0
 1.195028033960075
 0.912690774885052
 0.892281191154873
 0.0
 0.0
 0.0
 0.0
 0.0
 0.0
 0.0
 0.0
 0.0
 1.5561593308966195
 0.7780796654483099
 0.0
 0.4438406691033806
 0.22192033455169033
 0.0
 0.0
 0.0
 0.0
 0.0
 0.0
 0.0
 0.0
 0.0
 0.0
 0.0
 0.0
 0.0
 0.0
 0.6483222620427104
 0.7581509419972345
 0.0
 0.0
 0.0
 0.0
 0.0
 0.0
 0.0
 0.0
 0.0
 0.0
 0.0
 0.0
 0.0
 0.0
 0.0
 0.0
 0.0
 0.0
 0.0
 0.0
 0.0
 0.0
 0.0
 0.0
 0.0
 0.0
 0.0
 0.0
 0.0
 0.0
 0.0
 0.0
 0.0
 0.0
x_ij_opt: 1-dimensional DenseAxisArray{Float64,1,...} with index sets:
    Dimension 1, [(43, 30), (43, 22), (43, 6), (44, 22), (45, 30), (45, 29), (45, 28), (45, 24), (45, 23), (40, 29)  …  (5, 7), (5, 14), (6, 4), (6, 3), (1, 14), (1, 10), (1, 23), (1, 1), (3, 2), (3, 1)]
And data, a 116-element Vector{Float64}:
 0.043306249891205205
 0.0
 1.33394296960985
 0.0
 1.9566937501087949
 0.0
 1.3516777379572897
 0.0
 0.0
 0.0
 0.0
 0.0
 0.0
 0.0
 0.0
 0.0
 0.0
 0.0
 0.22433364267711517
 0.0
 0.0
 0.0
 0.0
 0.0
 0.0
 0.0
 0.0
 2.0
 0.0
 2.0059327364339765
 0.0
 0.0
 0.0
 0.0
 0.0
 0.0
 0.0
 0.0
 0.0
 0.0
 0.0
 0.0
 0.0
 0.6660570303901501
 0.0
 0.0
 0.0
 0.0
 0.0
 0.0
 0.0
 0.0
 0.0
 0.0
 0.0
 0.19502803396007462
 0.0
 0.0
 0.14453288660639085
 1.7710280679718018
 0.0
 0.0
 0.0
 0.0
 6.0
 0.0
 0.0
 0.0
 0.0
 0.7756663573228848
 0.0
 0.0
 0.0
 0.0
 0.0
 0.0
 0.24184905800276554
 0.8038723657102361
 0.0
 0.0
 0.0
 0.0
 0.0
 0.0
 0.0
 0.0
 0.0
 0.0
 0.0
 0.0
 0.0
 1.196127634289764
 1.047049837330444
 0.0
 0.0
 0.0
 0.0
 0.0
 0.0
 0.8212509897014175
 0.0
 0.0
 0.0
 0.0
 0.0
 0.11279297991162844
 0.0
 0.0
 0.2805350827097324
 0.0
 0.05088611361788908
 0.0
 0.08730922511494803
 2.6119872637933677
 0.0
 0.0
x_il_opt: 1-dimensional DenseAxisArray{Float64,1,...} with index sets:
    Dimension 1, [(43, 15), (43, 14), (44, 15), (44, 13), (44, 3), (40, 14), (40, 2), (41, 14), (42, 6), (37, 13)  …  (4, 13), (5, 2), (5, 7), (5, 9), (6, 11), (1, 1), (1, 6), (1, 3), (2, 1), (2, 15)]
And data, a 71-element Vector{Float64}:
 0.0
 0.0
 0.0
 2.3342389963449293
 4.650314982983111
 1.406473204039945
 0.0
 0.0
 2.9521862534831786
 0.665761003655071
 0.0
 3.0
 0.0
 0.0
 0.9940672635660236
 0.0
 0.0
 0.0
 7.123470527195023
 0.0
 0.0
 0.0
 3.0
 0.8463858975061076
 2.1536141024938926
 0.0
 0.8765294728049772
 0.0
 2.8049719660399255
 0.0
 2.8554671133936096
 0.0
 0.0
 0.0
 0.0
 0.0
 0.0
 0.0
 2.224333642677115
 0.0
 0.0
 0.0
 3.0
 0.0
 0.0
 2.1536141024938926
 0.0
 3.0
 0.0
 0.0
 0.0
 0.0
 0.0
 0.0
 0.0
 0.0
 0.0
 0.0
 0.0
 0.0
 0.0
 0.0
 0.0
 0.0
 0.2289719320281983
 0.0
 0.0
 1.9001323804569048
 3.3496850170168906
 0.0
 0.0
x_lj_opt: 1-dimensional DenseAxisArray{Float64,1,...} with index sets:
    Dimension 1, [(15, 30), (15, 29), (15, 23), (15, 3), (14, 28), (14, 27), (14, 10), (14, 24), (13, 26), (13, 25)  …  (3, 6), (3, 5), (3, 29), (2, 4), (2, 3), (2, 1), (2, 5), (1, 2), (1, 1), (1, 14)]
And data, a 53-element Vector{Float64}:
 0.0
 0.0
 0.0
 0.0
 0.6483222620427104
 0.7581509419972345
 0.0
 0.0
 2.0
 1.0
 0.0
 1.195028033960075
 0.912690774885052
 0.892281191154873
 2.0
 0.0
 0.0
 0.0
 0.8049719660399249
 0.0
 0.0
 2.0
 1.0
 0.2289719320281983
 0.0
 0.0
 6.0
 1.9999999999999996
 0.0
 0.0
 1.8363209064704826
 0.8554671133936091
 0.3082119801359081
 2.0
 6.0
 0.0
 2.0
 1.0
 0.0
 0.0
 0.0
 0.0
 0.0
 0.0
 4.898213927588849
 3.10178607241115
 1.7194649172902676
 0.1787490102985825
 0.0
 1.1017860724111501
 2.0
 3.0798007560707243
 0.0
q_opt: 1-dimensional DenseAxisArray{Float64,1,...} with index sets:
    Dimension 1, [(43, 15), (43, 14), (44, 15), (44, 13), (44, 3), (40, 14), (40, 2), (41, 14), (42, 6), (37, 13)  …  (4, 13), (5, 2), (5, 7), (5, 9), (6, 11), (1, 1), (1, 6), (1, 3), (2, 1), (2, 15)]
And data, a 71-element Vector{Float64}:
 0.0
 0.0
 0.0
 0.7780796654483098
 0.5812893728728887
 1.0
 0.0
 0.0
 0.36902328168539733
 0.2219203345516903
 0.0
 1.0
 0.0
 0.0
 0.12425840794575296
 0.0
 0.0
 0.0
 0.890433815899378
 0.0
 0.0
 0.0
 1.0
 0.28212863250203585
 0.26920176281173663
 0.0
 0.10956618410062215
 0.0
 1.0
 0.0
 0.5621218725913851
 0.0
 0.0
 0.0
 0.0
 0.0
 0.0
 0.0
 0.437878127408615
 0.0
 0.0
 0.0
 1.0
 0.0
 0.0
 0.7178713674979642
 0.0
 1.0
 0.0
 0.0
 0.0
 0.0
 0.0
 0.0
 0.0
 1.0
 0.0
 0.0
 0.0
 1.0
 0.0
 0.0
 0.0
 0.0
 1.0
 0.0
 0.0
 0.2375165475571131
 0.4187106271271113
 0.0
 0.0
