
PROBLEM STATISTICS
  Objective sense = Min
  # Variables = 572
  # Bin-Int Variables = 0
  # Constraints = 621
  # NL Constraints = 261
  # Linear Constraints = 360
  # Detected convex constraints = 0
  # Detected nonlinear terms = 261
  # Variables involved in nonlinear terms = 124
  # Potential variables for partitioning = 124
SUB-SOLVERS USED BY ALPINE
  NLP local solver = Knitro
  MIP solver = Gurobi
ALPINE CONFIGURATION
  Maximum iterations (lower-bounding MIPs) =  1
  Relative global optimality gap = 0.01%
  Potential variables chosen for partitioning = All
  Discretization ratio = 10
  Bound-tightening presolve = false
PRESOLVE 
  Doing local search

Feasible solution found during presolve: [1.5984920489655283, 1.4015079510344715, 0.0, 0.3733487096803698, 0.32734049910609403, 0.0, 0.0, 0.0, 0.0, 0.0, 0.0, 0.0, 0.0, 0.0, 0.0, 0.0, 1.3707567030901153, 0.0, 0.0, 1.6292432969098845, 0.0, 0.0, 0.0, 0.0, 0.0, 0.0, 0.0, 0.0, 0.0, 2.598569963976269, 2.1577139300946784, 0.0, 0.0, 0.0, 0.0, 0.0, 0.0, 0.0, 0.0, 0.0, 0.0, 1.7721867391138464, 1.4715293668152054, 0.0, 0.0, 0.0, 0.08881628656903821, 0.3369835010766188, 0.0, 1.025499476314568, 3.8909125480280085, 0.0, 0.0, 0.0, 0.0, 0.0, 0.0, 0.0, 0.0, 2.0, 1.0, 0.0, 0.0, 0.0, 0.0, 0.0, 0.0, 0.0, 0.0, 0.0, 0.0, 0.26038665742162204, 0.781159972264866, 0.0, 0.75, 2.25, 0.0, 0.5470249614499192, 1.6410748843497578, 0.0, 0.0, 0.0, 0.0, 0.0, 0.0, 0.0, 0.0, 0.0, 0.0, 0.0, 0.0, 0.0, 0.4425883811284585, 1.3277651433853754, 0.0, 0.0, 0.0, 0.0, 0.0, 0.0, 0.0, 0.3636289458814795, 0.365106900186799, 0.7687343193669048, 0.36485757947604813, 0.3663405275100881, 0.7713317275786807, 0.0, 0.0, 0.0, 0.0, 0.0, 0.0, 0.0, 0.0, 0.0, 0.0, 0.0, 4.85936314708426, 1.402288636877349, 0.0, 0.2174990788174049, 0.0, 1.1406368529157391, 0.3291587908195382, 0.0, 0.051053493485708264, 0.0, 0.0, 0.0, 0.0, 0.0, 0.0, 0.0, 0.0, 0.0, 0.0, 0.0, 0.0, 0.0, 0.0, 0.0, 0.0, 0.0, 0.0, 0.0, 0.0, 0.0, 0.0, 0.0, 0.0, 0.0, 0.0, 0.541266769466882, 0.2706333847334409, 0.0, 0.0, 1.458733230533118, 0.7293666152665588, 0.0, 0.0, 0.0, 0.0, 0.0, 0.0, 0.0, 0.0, 0.0, 0.0, 0.0, 0.0, 0.0, 0.0, 2.0, 0.0, 0.0, 0.0, 0.9593434768015137, 0.0, 0.0, 0.0, 0.0, 0.0, 0.0, 0.0, 0.0, 0.0, 0.0, 0.0, 0.0, 0.0, 0.0, 0.0, 0.0, 1.0406565231984866, 0.9227908769664631, 1.0365525998350504, 0.0, 0.0, 0.0, 0.0, 0.0, 0.0, 0.0, 0.0, 0.0, 1.4667369804349144, 0.7127173898999304, 0.02065110031752678, 0.5332630195650855, 0.2591233687459675, 0.007508141036575234, 0.0, 0.0, 0.0, 0.0, 0.0, 0.0, 0.0, 0.0, 0.0, 0.0, 0.0, 0.0, 0.0, 0.2783409015528433, 0.6127976929770614, 0.0, 0.0, 0.0, 0.0, 0.0, 0.0, 0.0, 0.0, 0.0, 0.0, 0.0, 0.0, 0.0, 0.0, 0.0, 0.0, 0.0, 0.0, 0.0, 0.0, 0.0, 0.0, 0.7047101158666854, 0.47011356409734206, 0.0, 0.3523550579333428, 0.0, 0.0, 0.0, 0.0, 1.2952898841333145, 0.864090539157723, 0.0, 0.6476449420666572, 0.0, 0.0, 0.0, 2.2001054706523715, 4.756283894070948, 0.8911385945299047, 0.0, 0.0, 1.0415466296864881, 0.7998945293476281, 0.0, 3.0, 0.0, 0.0, 3.0, 0.0, 0.0, 0.0, 6.479150862779014, 0.0, 0.0, 0.0, 3.0, 0.8119001542003229, 2.188099845799677, 0.0, 1.5208491372209856, 0.0, 2.9593434768015143, 0.0, 3.0, 0.0, 0.0, 0.0, 0.0, 0.0, 0.0, 0.0, 0.7006892087864638, 1.5271787378973702, 0.0, 0.0, 3.0, 0.0, 0.425799787645657, 2.1880998457996768, 0.0, 1.4974701654351832, 0.0, 0.0, 0.0, 0.0, 0.0, 0.0, 4.916412024342577, 0.0, 0.0, 0.0, 0.0, 0.0, 0.0, 0.0, 0.0, 1.502529834564817, 0.0, 0.0, 0.0, 1.770353524513834, 3.243716105929052, 0.0, 2.807025365357695, 2.0, 1.3342041032550653, 0.0, 1.0, 0.2783409015528433, 0.6127976929770614, 0.0, 0.0, 2.0, 0.9718407586458979, 0.028159241354102017, 1.0406565231984866, 0.9227908769664631, 1.0365525998350502, 2.0, 0.0, 0.0, 0.0, 0.9593434768015137, 0.0, 0.0, 2.0, 1.0, 0.0, 0.0, 0.0, 6.0, 1.7314474276968872, 0.0, 0.26855257230311325, 0.7284865253575277, 0.7314474276968869, 1.5400660469455856, 2.0, 6.0, 0.0, 2.0, 1.0, 0.0, 0.0, 1.1143157628836062, 4.227896049104627, 0.0, 0.0, 4.370756703090115, 3.629243296909884, 1.3707567030901153, 0.0, 0.0, 1.6292432969098845, 1.971840758645898, 1.7288484501405657, 0.0, 0.0, 0.0, 1.425716927197367, 0.0, 0.0, 0.0, 1.7216590984471567, 0.0, 0.0, 0.0, 0.0, 0.0, 0.0, 0.0, 0.0, 0.0, 0.0, 0.0, 0.22786794668383412, 0.0, 0.0, 0.0, 0.0, 0.0, 0.0, 0.0, 0.0, 2.0, 0.0, 0.0, 0.0, 0.0, 0.0, 0.0, 0.0, 0.0, 0.0, 0.0, 0.0, 0.0, 0.0, 0.0, 0.0, 0.5742830728026329, 0.0, 0.0, 0.0, 0.0, 0.0, 0.0, 0.0, 0.0, 0.0, 0.0, 0.0, 0.04065652319848589, 0.0, 0.0, 0.0, 2.0, 0.0, 0.0, 0.0, 0.0, 6.0, 0.0, 0.0, 0.0, 0.0, 0.7721320533161659, 0.0, 0.0, 0.0, 0.0, 0.0, 0.0, 0.3872023070229385, 0.8856842371163939, 0.0, 0.0, 0.0, 0.0, 0.0, 0.0, 0.0, 0.0, 0.0, 0.0, 0.0, 0.0, 0.0, 0.0, 0.0, 0.0, 0.0, 0.0, 0.0, 0.028159241354102214, 0.0, 0.0, 0.0, 0.0, 0.0, 0.0, 0.0, 1.0938777310327445, 0.0, 0.0, 0.6292432969098848, 0.0, 0.17763574360972786, 0.0, 0.07720912303353684, 2.731085502913849, 0.0, 0.0, 0.0, 0.0, 0.0, 0.7333684902174572, 0.5945354867588685, 1.0, 0.0, 0.0, 0.13019332871081102, 0.26663150978254274, 0.0, 1.0, 0.0, 0.0, 0.375, 0.0, 0.0, 0.0, 0.8098938578473768, 0.0, 0.0, 0.0, 1.0, 0.270633384733441, 0.2735124807249596, 0.0, 0.1901061421526232, 0.0, 1.0, 1.0, 0.8106598070643617, 0.0, 0.0, 0.0, 0.0, 0.0, 0.0, 0.0, 0.18934019293563836, 0.3523550579333427, 0.0, 0.0, 1.0, 0.0, 0.07970477447003085, 0.729366615266559, 0.0, 0.49915672181172777, 0.0, 0.0, 0.0, 0.0, 0.0, 0.0, 0.9202952255299691, 0.0, 0.0, 0.0, 0.0, 0.0, 0.0, 0.0, 0.0, 0.5008432781882723, 0.0, 0.0, 0.0, 0.22129419056422925, 0.40546451324113153, 0.0, 0.6476449420666572]  :with objective: -608.2968872616334

  Local solver returns a feasible point with value -608.2969
disc:  333  :[0.0, 1.8, 2.0]
disc:  334  :[0.0, 0.7342041032550654, 1.9342041032550652, 6.0]
disc:  335  :[0.0, 0.1, 1.0]
disc:  336  :[0.0, 0.9, 1.0]
disc:  337  :[0.0, 0.07834090155284329, 0.4783409015528433, 2.0]
disc:  338  :[0.0, 0.5127976929770615, 0.7127976929770614, 1.0]
disc:  339  :[0.0, 0.2, 2.0]
disc:  340  :[0.0, 0.2, 2.0]
disc:  341  :[0.0, 1.8, 2.0]
disc:  342  :[0.0, 0.8718407586458979, 1.0]
disc:  343  :[0.0, 0.22815924135410204, 2.0]
disc:  344  :[0.0, 0.8406565231984866, 1.2406565231984865, 2.0]
disc:  345  :[0.0, 0.8227908769664631, 1.0]
disc:  346  :[0.0, 0.7365525998350502, 1.3365525998350503, 3.0]
disc:  347  :[0.0, 1.8, 2.0]
disc:  348  :[0.0, 0.6, 6.0]
disc:  349  :[0.0, 0.2, 2.0]
disc:  350  :[0.0, 0.1, 1.0]
disc:  351  :[0.0, 0.7593434768015137, 1.1593434768015136, 2.0]
disc:  352  :[0.0, 0.6, 6.0]
disc:  353  :[0.0, 0.1, 1.0]
disc:  354  :[0.0, 1.8, 2.0]
disc:  355  :[0.0, 0.9, 1.0]
disc:  356  :[0.0, 0.2, 2.0]
disc:  357  :[0.0, 0.1, 1.0]
disc:  358  :[0.0, 0.2, 2.0]
disc:  359  :[0.0, 5.4, 6.0]
disc:  360  :[0.0, 1.1314474276968873, 2.331447427696887, 6.0]
disc:  361  :[0.0, 0.2, 2.0]
disc:  362  :[0.0, 0.16855257230311324, 0.3685525723031132, 1.0]
disc:  363  :[0.0, 0.5284865253575277, 0.9284865253575276, 2.0]
disc:  364  :[0.0, 0.6314474276968869, 0.8314474276968868, 1.0]
disc:  365  :[0.0, 1.2400660469455855, 1.8400660469455856, 3.0]
disc:  366  :[0.0, 1.8, 2.0]
disc:  367  :[0.0, 5.4, 6.0]
disc:  368  :[0.0, 0.2, 2.0]
disc:  369  :[0.0, 1.8, 2.0]
disc:  370  :[0.0, 0.9, 1.0]
disc:  371  :[0.0, 0.2, 2.0]
disc:  372  :[0.0, 0.2, 2.0]
disc:  373  :[0.0, 0.9143157628836063, 1.3143157628836062, 2.0]
disc:  374  :[0.0, 3.6278960491046273, 4.827896049104627, 6.0]
disc:  375  :[0.0, 0.2, 2.0]
disc:  376  :[0.0, 0.2, 2.0]
disc:  377  :[0.0, 3.770756703090115, 4.970756703090115, 6.0]
disc:  378  :[0.0, 3.029243296909884, 4.229243296909884, 6.0]
disc:  379  :[0.0, 1.1707567030901154, 1.5707567030901153, 2.0]
disc:  380  :[0.0, 0.1, 1.0]
disc:  381  :[0.0, 0.3, 3.0]
disc:  382  :[0.0, 1.3292432969098844, 1.9292432969098845, 3.0]
disc:  383  :[0.0, 1.771840758645898, 2.0]
disc:  384  :[0.0, 1.1288484501405658, 2.3288484501405655, 6.0]
disc:  385  :[0.0, 0.2, 2.0]
disc:  502  :[0.0, 0.1, 1.0]
disc:  503  :[0.0, 0.1, 1.0]
disc:  504  :[0.0, 0.1, 1.0]
disc:  505  :[0.0, 0.6333684902174572, 0.8333684902174572, 1.0]
disc:  506  :[0.0, 0.4945354867588685, 0.6945354867588684, 1.0]
disc:  507  :[0.0, 0.9, 1.0]
disc:  508  :[0.0, 0.1, 1.0]
disc:  509  :[0.0, 0.1, 1.0]
disc:  510  :[0.0, 0.030193328710811013, 0.23019332871081102, 1.0]
disc:  511  :[0.0, 0.16663150978254274, 0.3666315097825428, 1.0]
disc:  512  :[0.0, 0.1, 1.0]
disc:  513  :[0.0, 0.9, 1.0]
disc:  514  :[0.0, 0.1, 1.0]
disc:  515  :[0.0, 0.1, 1.0]
disc:  516  :[0.0, 0.275, 0.475, 1.0]
disc:  517  :[0.0, 0.1, 1.0]
disc:  518  :[0.0, 0.1, 1.0]
disc:  519  :[0.0, 0.1, 1.0]
disc:  520  :[0.0, 0.7098938578473768, 0.9098938578473768, 1.0]
disc:  521  :[0.0, 0.1, 1.0]
disc:  522  :[0.0, 0.1, 1.0]
disc:  523  :[0.0, 0.1, 1.0]
disc:  524  :[0.0, 0.9, 1.0]
disc:  525  :[0.0, 0.170633384733441, 0.370633384733441, 1.0]
disc:  526  :[0.0, 0.1735124807249596, 0.3735124807249596, 1.0]
disc:  527  :[0.0, 0.1, 1.0]
disc:  528  :[0.0, 0.09010614215262319, 0.2901061421526232, 1.0]
disc:  529  :[0.0, 0.1, 1.0]
disc:  530  :[0.0, 0.9, 1.0]
disc:  531  :[0.0, 0.9, 1.0]
disc:  532  :[0.0, 0.7106598070643617, 0.9106598070643617, 1.0]
disc:  533  :[0.0, 0.1, 1.0]
disc:  534  :[0.0, 0.1, 1.0]
disc:  535  :[0.0, 0.1, 1.0]
disc:  536  :[0.0, 0.1, 1.0]
disc:  537  :[0.0, 0.1, 1.0]
disc:  538  :[0.0, 0.1, 1.0]
disc:  539  :[0.0, 0.1, 1.0]
disc:  540  :[0.0, 0.08934019293563836, 0.2893401929356384, 1.0]
disc:  541  :[0.0, 0.2523550579333427, 0.45235505793334274, 1.0]
disc:  542  :[0.0, 0.1, 1.0]
disc:  543  :[0.0, 0.1, 1.0]
disc:  544  :[0.0, 0.9, 1.0]
disc:  545  :[0.0, 0.1, 1.0]
disc:  546  :[0.0, 0.17970477447003086, 1.0]
disc:  547  :[0.0, 0.629366615266559, 0.829366615266559, 1.0]
disc:  548  :[0.0, 0.1, 1.0]
disc:  549  :[0.0, 0.3991567218117278, 0.5991567218117277, 1.0]
disc:  550  :[0.0, 0.1, 1.0]
disc:  551  :[0.0, 0.1, 1.0]
disc:  552  :[0.0, 0.1, 1.0]
disc:  553  :[0.0, 0.1, 1.0]
disc:  554  :[0.0, 0.1, 1.0]
disc:  555  :[0.0, 0.1, 1.0]
disc:  556  :[0.0, 0.8202952255299691, 1.0]
disc:  557  :[0.0, 0.1, 1.0]
disc:  558  :[0.0, 0.1, 1.0]
disc:  559  :[0.0, 0.1, 1.0]
disc:  560  :[0.0, 0.1, 1.0]
disc:  561  :[0.0, 0.1, 1.0]
disc:  562  :[0.0, 0.1, 1.0]
disc:  563  :[0.0, 0.1, 1.0]
disc:  564  :[0.0, 0.1, 1.0]
disc:  565  :[0.0, 0.40084327818827237, 0.6008432781882723, 1.0]
disc:  566  :[0.0, 0.1, 1.0]
disc:  567  :[0.0, 0.1, 1.0]
disc:  568  :[0.0, 0.1, 1.0]
disc:  569  :[0.0, 0.12129419056422924, 0.32129419056422925, 1.0]
disc:  570  :[0.0, 0.30546451324113155, 0.5054645132411315, 1.0]
disc:  571  :[0.0, 0.1, 1.0]
disc:  572  :[0.0, 0.5476449420666573, 0.7476449420666572, 1.0]
  Completed presolve in 7.37s
LOWER-BOUNDING ITERATIONS
====================================================================================================
| Iter   | Incumbent       | Best Incumbent      | Lower Bound        | Gap (%)         | Time      
| finish | -608.2969       | -608.2969           | -628.2892          | 3.287           | 28.1s            
Final UBD: -608.2968872616334
Final LBD: -628.2891573691464
====================================================================================================

*** Alpine ended with status OTHER_LIMIT ***

 Total time for local solves: 4.91s

 Total time for solving max-min problems: 0.0s

 Total time excluding max-min time: 28.1s

presolve objective value: -608.2968872616334
w_opt: 1-dimensional DenseAxisArray{Float64,1,...} with index sets:
    Dimension 1, [(25, 1, 2), (25, 1, 1), (25, 1, 14), (20, 1, 2), (20, 1, 1), (20, 1, 14), (1, 1, 2), (1, 1, 1), (1, 1, 14), (2, 1, 2)  …  (20, 15, 23), (20, 15, 3), (8, 15, 30), (8, 15, 29), (8, 15, 23), (8, 15, 3), (2, 15, 30), (2, 15, 29), (2, 15, 23), (2, 15, 3)]
And data, a 261-element Vector{Float64}:
 1.5984920489655283
 1.4015079510344715
 0.0
 0.3733487096803698
 0.32734049910609403
 0.0
 0.0
 0.0
 0.0
 0.0
 0.0
 0.0
 0.0
 0.0
 0.0
 0.0
 1.3707567030901153
 0.0
 0.0
 1.6292432969098845
 0.0
 0.0
 0.0
 0.0
 0.0
 0.0
 0.0
 0.0
 0.0
 2.598569963976269
 2.1577139300946784
 0.0
 0.0
 0.0
 0.0
 0.0
 0.0
 0.0
 0.0
 0.0
 0.0
 1.7721867391138464
 1.4715293668152054
 0.0
 0.0
 0.0
 0.08881628656903821
 0.3369835010766188
 0.0
 1.025499476314568
 3.8909125480280085
 0.0
 0.0
 0.0
 0.0
 0.0
 0.0
 0.0
 0.0
 2.0
 1.0
 0.0
 0.0
 0.0
 0.0
 0.0
 0.0
 0.0
 0.0
 0.0
 0.0
 0.26038665742162204
 0.781159972264866
 0.0
 0.75
 2.25
 0.0
 0.5470249614499192
 1.6410748843497578
 0.0
 0.0
 0.0
 0.0
 0.0
 0.0
 0.0
 0.0
 0.0
 0.0
 0.0
 0.0
 0.0
 0.4425883811284585
 1.3277651433853754
 0.0
 0.0
 0.0
 0.0
 0.0
 0.0
 0.0
 0.3636289458814795
 0.365106900186799
 0.7687343193669048
 0.36485757947604813
 0.3663405275100881
 0.7713317275786807
 0.0
 0.0
 0.0
 0.0
 0.0
 0.0
 0.0
 0.0
 0.0
 0.0
 0.0
 4.85936314708426
 1.402288636877349
 0.0
 0.2174990788174049
 0.0
 1.1406368529157391
 0.3291587908195382
 0.0
 0.051053493485708264
 0.0
 0.0
 0.0
 0.0
 0.0
 0.0
 0.0
 0.0
 0.0
 0.0
 0.0
 0.0
 0.0
 0.0
 0.0
 0.0
 0.0
 0.0
 0.0
 0.0
 0.0
 0.0
 0.0
 0.0
 0.0
 0.0
 0.541266769466882
 0.2706333847334409
 0.0
 0.0
 1.458733230533118
 0.7293666152665588
 0.0
 0.0
 0.0
 0.0
 0.0
 0.0
 0.0
 0.0
 0.0
 0.0
 0.0
 0.0
 0.0
 0.0
 2.0
 0.0
 0.0
 0.0
 0.9593434768015137
 0.0
 0.0
 0.0
 0.0
 0.0
 0.0
 0.0
 0.0
 0.0
 0.0
 0.0
 0.0
 0.0
 0.0
 0.0
 0.0
 1.0406565231984866
 0.9227908769664631
 1.0365525998350504
 0.0
 0.0
 0.0
 0.0
 0.0
 0.0
 0.0
 0.0
 0.0
 1.4667369804349144
 0.7127173898999304
 0.02065110031752678
 0.5332630195650855
 0.2591233687459675
 0.007508141036575234
 0.0
 0.0
 0.0
 0.0
 0.0
 0.0
 0.0
 0.0
 0.0
 0.0
 0.0
 0.0
 0.0
 0.2783409015528433
 0.6127976929770614
 0.0
 0.0
 0.0
 0.0
 0.0
 0.0
 0.0
 0.0
 0.0
 0.0
 0.0
 0.0
 0.0
 0.0
 0.0
 0.0
 0.0
 0.0
 0.0
 0.0
 0.0
 0.0
 0.7047101158666854
 0.47011356409734206
 0.0
 0.3523550579333428
 0.0
 0.0
 0.0
 0.0
 1.2952898841333145
 0.864090539157723
 0.0
 0.6476449420666572
x_ij_opt: 1-dimensional DenseAxisArray{Float64,1,...} with index sets:
    Dimension 1, [(43, 30), (43, 22), (43, 6), (44, 22), (45, 30), (45, 29), (45, 28), (45, 24), (45, 23), (40, 29)  …  (5, 7), (5, 14), (6, 4), (6, 3), (1, 14), (1, 10), (1, 23), (1, 1), (3, 2), (3, 1)]
And data, a 116-element Vector{Float64}:
 0.0
 0.0
 1.425716927197367
 0.0
 0.0
 0.0
 1.7216590984471567
 0.0
 0.0
 0.0
 0.0
 0.0
 0.0
 0.0
 0.0
 0.0
 0.0
 0.0
 0.22786794668383412
 0.0
 0.0
 0.0
 0.0
 0.0
 0.0
 0.0
 0.0
 2.0
 0.0
 0.0
 0.0
 0.0
 0.0
 0.0
 0.0
 0.0
 0.0
 0.0
 0.0
 0.0
 0.0
 0.0
 0.0
 0.5742830728026329
 0.0
 0.0
 0.0
 0.0
 0.0
 0.0
 0.0
 0.0
 0.0
 0.0
 0.0
 0.04065652319848589
 0.0
 0.0
 0.0
 2.0
 0.0
 0.0
 0.0
 0.0
 6.0
 0.0
 0.0
 0.0
 0.0
 0.7721320533161659
 0.0
 0.0
 0.0
 0.0
 0.0
 0.0
 0.3872023070229385
 0.8856842371163939
 0.0
 0.0
 0.0
 0.0
 0.0
 0.0
 0.0
 0.0
 0.0
 0.0
 0.0
 0.0
 0.0
 0.0
 0.0
 0.0
 0.0
 0.0
 0.0
 0.028159241354102214
 0.0
 0.0
 0.0
 0.0
 0.0
 0.0
 0.0
 1.0938777310327445
 0.0
 0.0
 0.6292432969098848
 0.0
 0.17763574360972786
 0.0
 0.07720912303353684
 2.731085502913849
 0.0
 0.0
x_il_opt: 1-dimensional DenseAxisArray{Float64,1,...} with index sets:
    Dimension 1, [(43, 15), (43, 14), (44, 15), (44, 13), (44, 3), (40, 14), (40, 2), (41, 14), (42, 6), (37, 13)  …  (4, 13), (5, 2), (5, 7), (5, 9), (6, 11), (1, 1), (1, 6), (1, 3), (2, 1), (2, 15)]
And data, a 71-element Vector{Float64}:
 0.0
 0.0
 0.0
 2.2001054706523715
 4.756283894070948
 0.8911385945299047
 0.0
 0.0
 1.0415466296864881
 0.7998945293476281
 0.0
 3.0
 0.0
 0.0
 3.0
 0.0
 0.0
 0.0
 6.479150862779014
 0.0
 0.0
 0.0
 3.0
 0.8119001542003229
 2.188099845799677
 0.0
 1.5208491372209856
 0.0
 2.9593434768015143
 0.0
 3.0
 0.0
 0.0
 0.0
 0.0
 0.0
 0.0
 0.0
 0.7006892087864638
 1.5271787378973702
 0.0
 0.0
 3.0
 0.0
 0.425799787645657
 2.1880998457996768
 0.0
 1.4974701654351832
 0.0
 0.0
 0.0
 0.0
 0.0
 0.0
 4.916412024342577
 0.0
 0.0
 0.0
 0.0
 0.0
 0.0
 0.0
 0.0
 1.502529834564817
 0.0
 0.0
 0.0
 1.770353524513834
 3.243716105929052
 0.0
 2.807025365357695
x_lj_opt: 1-dimensional DenseAxisArray{Float64,1,...} with index sets:
    Dimension 1, [(15, 30), (15, 29), (15, 23), (15, 3), (14, 28), (14, 27), (14, 10), (14, 24), (13, 26), (13, 25)  …  (3, 6), (3, 5), (3, 29), (2, 4), (2, 3), (2, 1), (2, 5), (1, 2), (1, 1), (1, 14)]
And data, a 53-element Vector{Float64}:
 2.0
 1.3342041032550653
 0.0
 1.0
 0.2783409015528433
 0.6127976929770614
 0.0
 0.0
 2.0
 0.9718407586458979
 0.028159241354102017
 1.0406565231984866
 0.9227908769664631
 1.0365525998350502
 2.0
 0.0
 0.0
 0.0
 0.9593434768015137
 0.0
 0.0
 2.0
 1.0
 0.0
 0.0
 0.0
 6.0
 1.7314474276968872
 0.0
 0.26855257230311325
 0.7284865253575277
 0.7314474276968869
 1.5400660469455856
 2.0
 6.0
 0.0
 2.0
 1.0
 0.0
 0.0
 1.1143157628836062
 4.227896049104627
 0.0
 0.0
 4.370756703090115
 3.629243296909884
 1.3707567030901153
 0.0
 0.0
 1.6292432969098845
 1.971840758645898
 1.7288484501405657
 0.0
q_opt: 1-dimensional DenseAxisArray{Float64,1,...} with index sets:
    Dimension 1, [(43, 15), (43, 14), (44, 15), (44, 13), (44, 3), (40, 14), (40, 2), (41, 14), (42, 6), (37, 13)  …  (4, 13), (5, 2), (5, 7), (5, 9), (6, 11), (1, 1), (1, 6), (1, 3), (2, 1), (2, 15)]
And data, a 71-element Vector{Float64}:
 0.0
 0.0
 0.0
 0.7333684902174572
 0.5945354867588685
 1.0
 0.0
 0.0
 0.13019332871081102
 0.26663150978254274
 0.0
 1.0
 0.0
 0.0
 0.375
 0.0
 0.0
 0.0
 0.8098938578473768
 0.0
 0.0
 0.0
 1.0
 0.270633384733441
 0.2735124807249596
 0.0
 0.1901061421526232
 0.0
 1.0
 1.0
 0.8106598070643617
 0.0
 0.0
 0.0
 0.0
 0.0
 0.0
 0.0
 0.18934019293563836
 0.3523550579333427
 0.0
 0.0
 1.0
 0.0
 0.07970477447003085
 0.729366615266559
 0.0
 0.49915672181172777
 0.0
 0.0
 0.0
 0.0
 0.0
 0.0
 0.9202952255299691
 0.0
 0.0
 0.0
 0.0
 0.0
 0.0
 0.0
 0.0
 0.5008432781882723
 0.0
 0.0
 0.0
 0.22129419056422925
 0.40546451324113153
 0.0
 0.6476449420666572
