
PROBLEM STATISTICS
  Objective sense = Min
  # Variables = 572
  # Bin-Int Variables = 0
  # Constraints = 621
  # NL Constraints = 261
  # Linear Constraints = 360
  # Detected convex constraints = 0
  # Detected nonlinear terms = 261
  # Variables involved in nonlinear terms = 124
  # Potential variables for partitioning = 124
SUB-SOLVERS USED BY ALPINE
  NLP local solver = Knitro
  MIP solver = Gurobi
ALPINE CONFIGURATION
  Maximum iterations (lower-bounding MIPs) =  1
  Relative global optimality gap = 0.01%
  Potential variables chosen for partitioning = All
  Discretization ratio = 10
  Bound-tightening presolve = false
PRESOLVE 
  Doing local search

Feasible solution found during presolve: [1.0468034223426865, 1.846229278283926, 0.0, 0.8196335851883989, 1.4455737248671952, 0.0, 0.0, 0.0, 0.0, 0.0, 0.0, 0.0, 0.0, 0.0, 0.0, 0.0, 2.0, 0.0, 0.0, 0.9999999999999998, 0.0, 0.0, 0.0, 0.0, 0.0, 0.0, 0.0, 0.0, 0.0, 2.904609037656867, 1.5850654536187034, 0.0, 0.0, 0.0, 0.0, 0.0, 0.0, 0.0, 0.0, 0.0, 0.0, 2.095390962343133, 1.1434694938890126, 0.0, 0.0, 0.0, 0.0, 0.0, 0.0, 1.016336702260248, 0.591536044491742, 0.0, 0.0, 0.0, 0.0, 0.0, 0.0, 0.0, 0.0, 2.0, 1.0, 0.0, 0.0, 0.0, 0.0, 0.0, 0.0, 0.0, 0.0, 0.0, 0.0, 0.0, 0.0, 0.0, 0.75, 2.25, 0.0, 0.5054866796238495, 1.5164600388715486, 0.0, 0.0, 0.0, 0.0, 0.0, 0.0, 0.0, 0.0, 0.0, 0.0, 0.0, 0.0, 0.0, 0.7445133203761506, 2.233539961128452, 0.0, 0.0, 0.0, 0.0, 0.0, 0.0, 0.0, 1.5921547076779614, 0.8930327006266129, 0.5148125916954258, 0.0, 0.0, 0.0, 0.0, 0.0, 0.0, 0.0, 0.0, 0.0, 0.0, 0.0, 0.0, 0.0, 0.0, 5.051474025297069, 1.683824675099023, 0.0, 0.0, 0.0, 0.9485259747029309, 0.316175324900977, 0.0, 0.0, 0.0, 0.0, 0.0, 0.0, 0.0, 0.0, 0.0, 0.0, 0.0, 0.0, 0.0, 0.0, 0.0, 0.0, 0.0, 0.0, 0.0, 0.0, 0.0, 0.0, 0.0, 0.0, 0.0, 0.0, 0.1645215666810017, 0.0, 0.6520355210030677, 0.32601776050153386, 0.0, 0.0, 1.3479644789969323, 0.6739822394984661, 0.0, 0.0, 0.0, 0.0, 0.0, 0.0, 0.0, 0.0, 0.0, 0.0, 0.0, 0.0, 0.0, 0.0, 1.446217885443539, 0.0, 0.0, 0.0, 0.4639892283343933, 0.0, 0.0, 0.0, 0.0, 0.0, 0.0, 0.0, 0.0, 0.0, 0.0, 0.0, 0.0, 0.0, 0.0, 0.0, 0.0, 1.5360107716656068, 0.9480847009464428, 0.51590452738795, 0.0, 0.0, 0.0, 0.0, 0.0, 0.0, 0.0, 0.0, 0.0, 1.4356415424490112, 0.6219464809634163, 0.09587429026108917, 0.5643584575509887, 0.2444905265676688, 0.037688702207825504, 0.0, 0.0, 0.0, 0.0, 0.0, 0.0, 0.0, 0.0, 0.0, 0.0, 0.0, 0.0, 0.0, 0.3826896528203452, 0.5495651927127254, 0.0, 0.0, 0.0, 0.0, 0.0, 0.0, 0.0, 0.0, 0.0, 0.0, 0.0, 0.0, 0.0, 0.0, 0.0, 0.0, 0.0, 0.0, 0.0, 0.0, 0.0, 0.0, 0.0, 0.0, 0.0, 0.0, 0.0, 0.0, 0.0, 0.0, 1.460766528102612, 2.7555605251043342, 0.0, 1.0, 0.0, 0.0, 0.0, 2.1534623136735167, 4.48967449127557, 0.9322548455330706, 0.0, 0.0, 0.0, 0.8465376863264831, 0.0, 3.0, 0.0, 0.0, 3.0, 0.0, 0.0, 0.0, 6.735298700396092, 0.0, 0.0, 0.0, 3.0, 0.9780532815046017, 2.021946718495398, 0.0, 1.264701299603908, 0.0, 1.9102071137779324, 0.0, 2.893032700626613, 0.0, 0.0, 0.0, 0.0, 0.0, 0.0, 0.0, 2.2652073100555943, 0.0, 0.0, 0.0, 3.0, 0.0, 0.0, 2.0219467184953985, 0.0, 3.0, 0.0, 0.0, 0.0, 0.0, 0.0, 0.0, 1.60787274675199, 0.0, 0.0, 0.0, 0.0, 0.0, 0.0, 0.0, 0.0, 0.0, 0.1645215666810017, 0.0, 0.0, 2.9780532815046024, 3.2388604562321452, 0.0, 5.216327053206946, 1.460766528102612, 2.7555605251043342, 0.0, 1.0, 0.3826896528203452, 0.5495651927127254, 0.0, 0.0, 2.0, 0.8664370075310851, 0.13356299246891468, 1.5360107716656068, 0.9480847009464428, 0.51590452738795, 1.446217885443539, 0.0, 0.0, 0.0, 0.4639892283343933, 0.0, 0.0, 2.0, 1.0, 0.1645215666810017, 0.0, 0.0, 6.0, 2.0, 0.0, 0.0, 1.5921547076779614, 0.8930327006266129, 0.5148125916954258, 2.0, 6.0, 0.0, 2.0, 1.0, 0.0, 0.0, 1.016336702260248, 0.591536044491742, 0.0, 0.0, 5.0, 2.7285349475077156, 2.0, 0.0, 0.0, 0.9999999999999998, 1.8664370075310854, 3.2918030031511214, 0.0, 0.0, 0.553782114556461, 1.409917562503614, 0.0, 0.539233471897388, 0.0, 1.6173103471796548, 0.0, 0.0, 0.0, 0.0, 0.0, 0.0, 0.0, 0.0, 0.0, 0.0, 0.0, 0.26520731005559417, 0.0, 0.46221344194375685, 0.0, 0.0, 0.0, 0.0, 0.0, 0.0, 2.0, 0.0, 0.0, 0.0, 0.0, 0.0, 0.0, 0.0, 0.0, 0.0, 0.0, 0.0, 0.0, 0.0, 0.0, 0.0, 0.5900824374963858, 0.0, 0.0, 0.0, 0.0, 0.0, 0.0, 0.0, 0.0, 0.0, 0.0, 0.0, 1.0897928862220678, 0.0, 0.0, 0.10696729937338707, 1.8354784333189984, 0.0, 0.0, 0.0, 0.0, 6.0, 0.0, 0.0, 0.0, 0.0, 0.7347926899444058, 0.0, 0.0, 0.0, 0.0, 0.0, 0.0, 0.45043480728727464, 0.9836632977397518, 0.0, 0.0, 0.0, 0.0, 0.0, 0.0, 0.0, 0.0, 0.0, 0.0, 0.0, 0.0, 0.0, 0.0, 2.3186710692861903, 0.0, 0.0, 0.0, 0.0, 0.1335629924689149, 0.0, 0.0, 0.0, 0.0, 0.0, 0.0, 0.0, 0.4078452923220386, 0.0, 0.0, 0.0, 0.0, 0.0, 0.0, 0.051915299053557164, 1.7311709632096965, 0.0, 0.0, 0.0, 0.0, 0.0, 0.7178207712245056, 0.5809218075313735, 1.0, 0.0, 0.0, 0.0, 0.28217922877549434, 0.0, 1.0, 0.0, 0.0, 0.375, 0.0, 0.0, 0.0, 0.8419123375495114, 0.0, 0.0, 0.0, 1.0, 0.32601776050153386, 0.25274333981192476, 0.0, 0.1580876624504885, 0.0, 1.0, 0.0, 0.560856550807141, 0.0, 0.0, 0.0, 0.0, 0.0, 0.0, 0.0, 0.439143449192859, 0.0, 0.0, 0.0, 1.0, 0.0, 0.0, 0.6739822394984661, 0.0, 1.0, 0.0, 0.0, 0.0, 0.0, 0.0, 0.0, 1.0, 0.0, 0.0, 0.0, 0.0, 0.0, 0.0, 0.0, 0.0, 0.0, 1.0, 0.0, 0.0, 0.3722566601880753, 0.4190781924686265, 0.0, 1.0]  :with objective: -619.7274365747788

  Local solver returns a feasible point with value -619.7274
disc:  333  :[0.0, 1.2607665281026121, 1.660766528102612, 2.0]
disc:  334  :[0.0, 2.155560525104334, 3.3555605251043343, 6.0]
disc:  335  :[0.0, 0.1, 1.0]
disc:  336  :[0.0, 0.9, 1.0]
disc:  337  :[0.0, 0.18268965282034522, 0.5826896528203452, 2.0]
disc:  338  :[0.0, 0.44956519271272544, 0.6495651927127254, 1.0]
disc:  339  :[0.0, 0.2, 2.0]
disc:  340  :[0.0, 0.2, 2.0]
disc:  341  :[0.0, 1.8, 2.0]
disc:  342  :[0.0, 0.7664370075310851, 0.9664370075310851, 1.0]
disc:  343  :[0.0, 0.3335629924689147, 2.0]
disc:  344  :[0.0, 1.3360107716656069, 1.7360107716656068, 2.0]
disc:  345  :[0.0, 0.8480847009464428, 1.0]
disc:  346  :[0.0, 0.21590452738795002, 0.8159045273879499, 3.0]
disc:  347  :[0.0, 1.246217885443539, 1.646217885443539, 2.0]
disc:  348  :[0.0, 0.6, 6.0]
disc:  349  :[0.0, 0.2, 2.0]
disc:  350  :[0.0, 0.1, 1.0]
disc:  351  :[0.0, 0.2639892283343933, 0.6639892283343933, 2.0]
disc:  352  :[0.0, 0.6, 6.0]
disc:  353  :[0.0, 0.1, 1.0]
disc:  354  :[0.0, 1.8, 2.0]
disc:  355  :[0.0, 0.9, 1.0]
disc:  356  :[0.0, 0.3645215666810017, 2.0]
disc:  357  :[0.0, 0.1, 1.0]
disc:  358  :[0.0, 0.2, 2.0]
disc:  359  :[0.0, 5.4, 6.0]
disc:  360  :[0.0, 1.4, 2.6, 6.0]
disc:  361  :[0.0, 0.2, 2.0]
disc:  362  :[0.0, 0.1, 1.0]
disc:  363  :[0.0, 1.3921547076779615, 1.7921547076779614, 2.0]
disc:  364  :[0.0, 0.7930327006266129, 0.9930327006266129, 1.0]
disc:  365  :[0.0, 0.21481259169542583, 0.8148125916954259, 3.0]
disc:  366  :[0.0, 1.8, 2.0]
disc:  367  :[0.0, 5.4, 6.0]
disc:  368  :[0.0, 0.2, 2.0]
disc:  369  :[0.0, 1.8, 2.0]
disc:  370  :[0.0, 0.9, 1.0]
disc:  371  :[0.0, 0.2, 2.0]
disc:  372  :[0.0, 0.2, 2.0]
disc:  373  :[0.0, 0.8163367022602481, 1.216336702260248, 2.0]
disc:  374  :[0.0, 1.191536044491742, 6.0]
disc:  375  :[0.0, 0.2, 2.0]
disc:  376  :[0.0, 0.2, 2.0]
disc:  377  :[0.0, 4.4, 5.6, 6.0]
disc:  378  :[0.0, 2.1285349475077155, 3.3285349475077157, 6.0]
disc:  379  :[0.0, 1.8, 2.0]
disc:  380  :[0.0, 0.1, 1.0]
disc:  381  :[0.0, 0.3, 3.0]
disc:  382  :[0.0, 0.6999999999999997, 1.2999999999999998, 3.0]
disc:  383  :[0.0, 1.6664370075310855, 2.0]
disc:  384  :[0.0, 2.6918030031511213, 3.8918030031511215, 6.0]
disc:  385  :[0.0, 0.2, 2.0]
disc:  502  :[0.0, 0.1, 1.0]
disc:  503  :[0.0, 0.1, 1.0]
disc:  504  :[0.0, 0.1, 1.0]
disc:  505  :[0.0, 0.6178207712245056, 0.8178207712245056, 1.0]
disc:  506  :[0.0, 0.4809218075313735, 0.6809218075313734, 1.0]
disc:  507  :[0.0, 0.9, 1.0]
disc:  508  :[0.0, 0.1, 1.0]
disc:  509  :[0.0, 0.1, 1.0]
disc:  510  :[0.0, 0.1, 1.0]
disc:  511  :[0.0, 0.18217922877549433, 0.3821792287754944, 1.0]
disc:  512  :[0.0, 0.1, 1.0]
disc:  513  :[0.0, 0.9, 1.0]
disc:  514  :[0.0, 0.1, 1.0]
disc:  515  :[0.0, 0.1, 1.0]
disc:  516  :[0.0, 0.275, 0.475, 1.0]
disc:  517  :[0.0, 0.1, 1.0]
disc:  518  :[0.0, 0.1, 1.0]
disc:  519  :[0.0, 0.1, 1.0]
disc:  520  :[0.0, 0.7419123375495115, 0.9419123375495114, 1.0]
disc:  521  :[0.0, 0.1, 1.0]
disc:  522  :[0.0, 0.1, 1.0]
disc:  523  :[0.0, 0.1, 1.0]
disc:  524  :[0.0, 0.9, 1.0]
disc:  525  :[0.0, 0.22601776050153385, 0.42601776050153384, 1.0]
disc:  526  :[0.0, 0.15274333981192476, 0.35274333981192474, 1.0]
disc:  527  :[0.0, 0.1, 1.0]
disc:  528  :[0.0, 0.05808766245048849, 0.25808766245048853, 1.0]
disc:  529  :[0.0, 0.1, 1.0]
disc:  530  :[0.0, 0.9, 1.0]
disc:  531  :[0.0, 0.1, 1.0]
disc:  532  :[0.0, 0.46085655080714105, 0.660856550807141, 1.0]
disc:  533  :[0.0, 0.1, 1.0]
disc:  534  :[0.0, 0.1, 1.0]
disc:  535  :[0.0, 0.1, 1.0]
disc:  536  :[0.0, 0.1, 1.0]
disc:  537  :[0.0, 0.1, 1.0]
disc:  538  :[0.0, 0.1, 1.0]
disc:  539  :[0.0, 0.1, 1.0]
disc:  540  :[0.0, 0.339143449192859, 0.5391434491928591, 1.0]
disc:  541  :[0.0, 0.1, 1.0]
disc:  542  :[0.0, 0.1, 1.0]
disc:  543  :[0.0, 0.1, 1.0]
disc:  544  :[0.0, 0.9, 1.0]
disc:  545  :[0.0, 0.1, 1.0]
disc:  546  :[0.0, 0.1, 1.0]
disc:  547  :[0.0, 0.5739822394984662, 0.7739822394984661, 1.0]
disc:  548  :[0.0, 0.1, 1.0]
disc:  549  :[0.0, 0.9, 1.0]
disc:  550  :[0.0, 0.1, 1.0]
disc:  551  :[0.0, 0.1, 1.0]
disc:  552  :[0.0, 0.1, 1.0]
disc:  553  :[0.0, 0.1, 1.0]
disc:  554  :[0.0, 0.1, 1.0]
disc:  555  :[0.0, 0.1, 1.0]
disc:  556  :[0.0, 0.9, 1.0]
disc:  557  :[0.0, 0.1, 1.0]
disc:  558  :[0.0, 0.1, 1.0]
disc:  559  :[0.0, 0.1, 1.0]
disc:  560  :[0.0, 0.1, 1.0]
disc:  561  :[0.0, 0.1, 1.0]
disc:  562  :[0.0, 0.1, 1.0]
disc:  563  :[0.0, 0.1, 1.0]
disc:  564  :[0.0, 0.1, 1.0]
disc:  565  :[0.0, 0.1, 1.0]
disc:  566  :[0.0, 0.9, 1.0]
disc:  567  :[0.0, 0.1, 1.0]
disc:  568  :[0.0, 0.1, 1.0]
disc:  569  :[0.0, 0.27225666018807526, 0.47225666018807533, 1.0]
disc:  570  :[0.0, 0.31907819246862645, 0.5190781924686265, 1.0]
disc:  571  :[0.0, 0.1, 1.0]
disc:  572  :[0.0, 0.9, 1.0]
  Completed presolve in 7.28s
LOWER-BOUNDING ITERATIONS
====================================================================================================
| Iter   | Incumbent       | Best Incumbent      | Lower Bound        | Gap (%)         | Time      
| finish | -619.7274       | -619.7274           | -623.3675          | 0.587           | 27.79s           
Final UBD: -619.7274365747788
Final LBD: -623.36747443199
====================================================================================================

*** Alpine ended with status OTHER_LIMIT ***

 Total time for local solves: 4.89s

 Total time for solving max-min problems: 0.0s

 Total time excluding max-min time: 27.79s

presolve objective value: -619.7274365747788
w_opt: 1-dimensional DenseAxisArray{Float64,1,...} with index sets:
    Dimension 1, [(25, 1, 2), (25, 1, 1), (25, 1, 14), (20, 1, 2), (20, 1, 1), (20, 1, 14), (1, 1, 2), (1, 1, 1), (1, 1, 14), (2, 1, 2)  …  (20, 15, 23), (20, 15, 3), (8, 15, 30), (8, 15, 29), (8, 15, 23), (8, 15, 3), (2, 15, 30), (2, 15, 29), (2, 15, 23), (2, 15, 3)]
And data, a 261-element Vector{Float64}:
 1.0468034223426865
 1.846229278283926
 0.0
 0.8196335851883989
 1.4455737248671952
 0.0
 0.0
 0.0
 0.0
 0.0
 0.0
 0.0
 0.0
 0.0
 0.0
 0.0
 2.0
 0.0
 0.0
 0.9999999999999998
 0.0
 0.0
 0.0
 0.0
 0.0
 0.0
 0.0
 0.0
 0.0
 2.904609037656867
 1.5850654536187034
 0.0
 0.0
 0.0
 0.0
 0.0
 0.0
 0.0
 0.0
 0.0
 0.0
 2.095390962343133
 1.1434694938890126
 0.0
 0.0
 0.0
 0.0
 0.0
 0.0
 1.016336702260248
 0.591536044491742
 0.0
 0.0
 0.0
 0.0
 0.0
 0.0
 0.0
 0.0
 2.0
 1.0
 0.0
 0.0
 0.0
 0.0
 0.0
 0.0
 0.0
 0.0
 0.0
 0.0
 0.0
 0.0
 0.0
 0.75
 2.25
 0.0
 0.5054866796238495
 1.5164600388715486
 0.0
 0.0
 0.0
 0.0
 0.0
 0.0
 0.0
 0.0
 0.0
 0.0
 0.0
 0.0
 0.0
 0.7445133203761506
 2.233539961128452
 0.0
 0.0
 0.0
 0.0
 0.0
 0.0
 0.0
 1.5921547076779614
 0.8930327006266129
 0.5148125916954258
 0.0
 0.0
 0.0
 0.0
 0.0
 0.0
 0.0
 0.0
 0.0
 0.0
 0.0
 0.0
 0.0
 0.0
 5.051474025297069
 1.683824675099023
 0.0
 0.0
 0.0
 0.9485259747029309
 0.316175324900977
 0.0
 0.0
 0.0
 0.0
 0.0
 0.0
 0.0
 0.0
 0.0
 0.0
 0.0
 0.0
 0.0
 0.0
 0.0
 0.0
 0.0
 0.0
 0.0
 0.0
 0.0
 0.0
 0.0
 0.0
 0.0
 0.0
 0.1645215666810017
 0.0
 0.6520355210030677
 0.32601776050153386
 0.0
 0.0
 1.3479644789969323
 0.6739822394984661
 0.0
 0.0
 0.0
 0.0
 0.0
 0.0
 0.0
 0.0
 0.0
 0.0
 0.0
 0.0
 0.0
 0.0
 1.446217885443539
 0.0
 0.0
 0.0
 0.4639892283343933
 0.0
 0.0
 0.0
 0.0
 0.0
 0.0
 0.0
 0.0
 0.0
 0.0
 0.0
 0.0
 0.0
 0.0
 0.0
 0.0
 1.5360107716656068
 0.9480847009464428
 0.51590452738795
 0.0
 0.0
 0.0
 0.0
 0.0
 0.0
 0.0
 0.0
 0.0
 1.4356415424490112
 0.6219464809634163
 0.09587429026108917
 0.5643584575509887
 0.2444905265676688
 0.037688702207825504
 0.0
 0.0
 0.0
 0.0
 0.0
 0.0
 0.0
 0.0
 0.0
 0.0
 0.0
 0.0
 0.0
 0.3826896528203452
 0.5495651927127254
 0.0
 0.0
 0.0
 0.0
 0.0
 0.0
 0.0
 0.0
 0.0
 0.0
 0.0
 0.0
 0.0
 0.0
 0.0
 0.0
 0.0
 0.0
 0.0
 0.0
 0.0
 0.0
 0.0
 0.0
 0.0
 0.0
 0.0
 0.0
 0.0
 0.0
 1.460766528102612
 2.7555605251043342
 0.0
 1.0
x_ij_opt: 1-dimensional DenseAxisArray{Float64,1,...} with index sets:
    Dimension 1, [(43, 30), (43, 22), (43, 6), (44, 22), (45, 30), (45, 29), (45, 28), (45, 24), (45, 23), (40, 29)  …  (5, 7), (5, 14), (6, 4), (6, 3), (1, 14), (1, 10), (1, 23), (1, 1), (3, 2), (3, 1)]
And data, a 116-element Vector{Float64}:
 0.0
 0.553782114556461
 1.409917562503614
 0.0
 0.539233471897388
 0.0
 1.6173103471796548
 0.0
 0.0
 0.0
 0.0
 0.0
 0.0
 0.0
 0.0
 0.0
 0.0
 0.0
 0.26520731005559417
 0.0
 0.46221344194375685
 0.0
 0.0
 0.0
 0.0
 0.0
 0.0
 2.0
 0.0
 0.0
 0.0
 0.0
 0.0
 0.0
 0.0
 0.0
 0.0
 0.0
 0.0
 0.0
 0.0
 0.0
 0.0
 0.5900824374963858
 0.0
 0.0
 0.0
 0.0
 0.0
 0.0
 0.0
 0.0
 0.0
 0.0
 0.0
 1.0897928862220678
 0.0
 0.0
 0.10696729937338707
 1.8354784333189984
 0.0
 0.0
 0.0
 0.0
 6.0
 0.0
 0.0
 0.0
 0.0
 0.7347926899444058
 0.0
 0.0
 0.0
 0.0
 0.0
 0.0
 0.45043480728727464
 0.9836632977397518
 0.0
 0.0
 0.0
 0.0
 0.0
 0.0
 0.0
 0.0
 0.0
 0.0
 0.0
 0.0
 0.0
 0.0
 2.3186710692861903
 0.0
 0.0
 0.0
 0.0
 0.1335629924689149
 0.0
 0.0
 0.0
 0.0
 0.0
 0.0
 0.0
 0.4078452923220386
 0.0
 0.0
 0.0
 0.0
 0.0
 0.0
 0.051915299053557164
 1.7311709632096965
 0.0
 0.0
x_il_opt: 1-dimensional DenseAxisArray{Float64,1,...} with index sets:
    Dimension 1, [(43, 15), (43, 14), (44, 15), (44, 13), (44, 3), (40, 14), (40, 2), (41, 14), (42, 6), (37, 13)  …  (4, 13), (5, 2), (5, 7), (5, 9), (6, 11), (1, 1), (1, 6), (1, 3), (2, 1), (2, 15)]
And data, a 71-element Vector{Float64}:
 0.0
 0.0
 0.0
 2.1534623136735167
 4.48967449127557
 0.9322548455330706
 0.0
 0.0
 0.0
 0.8465376863264831
 0.0
 3.0
 0.0
 0.0
 3.0
 0.0
 0.0
 0.0
 6.735298700396092
 0.0
 0.0
 0.0
 3.0
 0.9780532815046017
 2.021946718495398
 0.0
 1.264701299603908
 0.0
 1.9102071137779324
 0.0
 2.893032700626613
 0.0
 0.0
 0.0
 0.0
 0.0
 0.0
 0.0
 2.2652073100555943
 0.0
 0.0
 0.0
 3.0
 0.0
 0.0
 2.0219467184953985
 0.0
 3.0
 0.0
 0.0
 0.0
 0.0
 0.0
 0.0
 1.60787274675199
 0.0
 0.0
 0.0
 0.0
 0.0
 0.0
 0.0
 0.0
 0.0
 0.1645215666810017
 0.0
 0.0
 2.9780532815046024
 3.2388604562321452
 0.0
 5.216327053206946
x_lj_opt: 1-dimensional DenseAxisArray{Float64,1,...} with index sets:
    Dimension 1, [(15, 30), (15, 29), (15, 23), (15, 3), (14, 28), (14, 27), (14, 10), (14, 24), (13, 26), (13, 25)  …  (3, 6), (3, 5), (3, 29), (2, 4), (2, 3), (2, 1), (2, 5), (1, 2), (1, 1), (1, 14)]
And data, a 53-element Vector{Float64}:
 1.460766528102612
 2.7555605251043342
 0.0
 1.0
 0.3826896528203452
 0.5495651927127254
 0.0
 0.0
 2.0
 0.8664370075310851
 0.13356299246891468
 1.5360107716656068
 0.9480847009464428
 0.51590452738795
 1.446217885443539
 0.0
 0.0
 0.0
 0.4639892283343933
 0.0
 0.0
 2.0
 1.0
 0.1645215666810017
 0.0
 0.0
 6.0
 2.0
 0.0
 0.0
 1.5921547076779614
 0.8930327006266129
 0.5148125916954258
 2.0
 6.0
 0.0
 2.0
 1.0
 0.0
 0.0
 1.016336702260248
 0.591536044491742
 0.0
 0.0
 5.0
 2.7285349475077156
 2.0
 0.0
 0.0
 0.9999999999999998
 1.8664370075310854
 3.2918030031511214
 0.0
q_opt: 1-dimensional DenseAxisArray{Float64,1,...} with index sets:
    Dimension 1, [(43, 15), (43, 14), (44, 15), (44, 13), (44, 3), (40, 14), (40, 2), (41, 14), (42, 6), (37, 13)  …  (4, 13), (5, 2), (5, 7), (5, 9), (6, 11), (1, 1), (1, 6), (1, 3), (2, 1), (2, 15)]
And data, a 71-element Vector{Float64}:
 0.0
 0.0
 0.0
 0.7178207712245056
 0.5809218075313735
 1.0
 0.0
 0.0
 0.0
 0.28217922877549434
 0.0
 1.0
 0.0
 0.0
 0.375
 0.0
 0.0
 0.0
 0.8419123375495114
 0.0
 0.0
 0.0
 1.0
 0.32601776050153386
 0.25274333981192476
 0.0
 0.1580876624504885
 0.0
 1.0
 0.0
 0.560856550807141
 0.0
 0.0
 0.0
 0.0
 0.0
 0.0
 0.0
 0.439143449192859
 0.0
 0.0
 0.0
 1.0
 0.0
 0.0
 0.6739822394984661
 0.0
 1.0
 0.0
 0.0
 0.0
 0.0
 0.0
 0.0
 1.0
 0.0
 0.0
 0.0
 0.0
 0.0
 0.0
 0.0
 0.0
 0.0
 1.0
 0.0
 0.0
 0.3722566601880753
 0.4190781924686265
 0.0
 1.0
