
PROBLEM STATISTICS
  Objective sense = Min
  # Variables = 572
  # Bin-Int Variables = 0
  # Constraints = 621
  # NL Constraints = 261
  # Linear Constraints = 360
  # Detected convex constraints = 0
  # Detected nonlinear terms = 261
  # Variables involved in nonlinear terms = 124
  # Potential variables for partitioning = 124
SUB-SOLVERS USED BY ALPINE
  NLP local solver = Knitro
  MIP solver = Gurobi
ALPINE CONFIGURATION
  Maximum iterations (lower-bounding MIPs) =  1
  Relative global optimality gap = 0.01%
  Potential variables chosen for partitioning = All
  Discretization ratio = 10
  Bound-tightening presolve = false
PRESOLVE 
  Doing local search

Feasible solution found during presolve: [1.1152862981354807, 0.016279910365811428, 0.0, 0.755951523889685, 0.011034676092046494, 0.0, 0.0, 0.0, 0.0, 0.0, 0.0, 0.0, 0.0, 0.0, 0.0, 0.0, 1.4812573406198204, 0.0, 0.0, 1.5187426593801794, 0.0, 0.0, 0.0, 0.0, 0.0, 0.0, 0.0, 0.0, 0.0, 2.1685635481201277, 1.7027848405804151, 0.0, 0.0, 0.0, 0.0, 0.7284712830036879, 0.572005306725801, 0.0, 0.0, 0.0, 0.0, 1.5842225094960054, 1.2439525120739636, 0.0, 0.0, 0.0, 0.0, 0.0, 0.0, 0.0, 0.0, 0.0, 0.0, 0.0, 0.0, 0.0, 0.0, 0.0, 0.0, 2.0, 1.0, 0.0, 0.0, 0.0, 0.0, 0.0, 0.0, 0.0, 0.0, 0.0, 0.0, 0.75, 2.25, 0.0, 0.5641824611468058, 1.6925473834404177, 0.0, 0.5281001522700822, 1.5843004568102468, 0.0, 0.0, 0.0, 0.0, 0.0, 0.0, 0.0, 0.0, 0.0, 0.0, 0.0, 0.0, 0.0, 0.15771738658311196, 0.4731521597493359, 0.0, 0.0, 0.0, 0.0, 0.0, 0.0, 0.0, 0.6690592603187987, 0.32822753577466923, 1.1205600218296807, 0.27868529040594187, 0.13671761464448628, 0.4667502770264233, 0.0, 0.0, 0.0, 0.0, 0.0, 0.0, 0.0, 0.0, 0.0, 0.0, 0.0, 4.607251769041164, 2.764351061424698, 0.0, 0.0, 0.0, 0.3927482309588361, 0.23564893857530164, 0.0, 0.0, 0.0, 0.0, 0.0, 0.0, 0.0, 0.0, 0.0, 0.0, 0.0, 0.0, 0.0, 0.0, 0.0, 0.0, 0.0, 0.0, 0.0, 0.0, 0.0, 0.0, 0.2938724402286725, 0.309888990308108, 0.0, 0.0, 0.0, 0.0, 0.5917329272797806, 0.2958664636398903, 0.0, 0.0, 1.4082670727202196, 0.7041335363601098, 0.0, 0.0, 0.0, 0.0, 0.0, 0.0, 0.0, 0.0, 0.0, 0.0, 0.0, 0.0, 0.0, 0.0, 0.0, 0.0, 0.0, 0.0, 0.0, 0.0, 0.0, 0.0, 0.0, 0.0, 0.0, 0.0, 0.0, 0.0, 0.0, 0.0, 0.0, 0.0, 0.0, 0.0, 0.0, 1.7897456853014735, 1.0, 0.2102543146985268, 0.0, 0.0, 0.0, 0.0, 0.0, 0.0, 0.0, 0.0, 0.0, 1.562563667089613, 0.6806822830454052, 0.10059955049940125, 0.43743633291038714, 0.1905555389797605, 0.028162627475433074, 0.0, 0.0, 0.0, 0.0, 0.0, 0.0, 0.0, 0.0, 0.0, 0.0, 0.0, 0.0, 0.0, 0.4860471079494951, 0.9641400701950181, 0.0, 0.0, 0.0, 0.0, 0.0, 0.0, 0.0, 0.0, 0.0, 0.0, 0.0, 0.0, 0.0, 0.0, 0.0, 0.0, 0.0, 0.0, 0.0, 0.0, 0.0, 0.0, 0.6815343724786002, 0.5206012316084764, 0.0, 0.3407671862392999, 0.0, 0.0, 0.0, 0.0, 1.3184656275213997, 1.0071316389000406, 0.0, 0.6592328137606996, 0.0, 0.0, 0.0, 2.343845500634419, 3.8713483887005427, 1.4501871781445133, 0.0, 0.0, 3.0, 0.6561544993655807, 0.0, 3.0, 0.0, 0.0, 2.2567298445872233, 0.0, 0.0, 0.0, 7.3716028304658625, 0.0, 0.0, 0.0, 3.0, 0.8875993909196709, 2.112400609080329, 0.0, 0.6283971695341378, 0.0, 0.0, 0.6037614305367804, 1.131566208501292, 0.0, 0.0, 0.0, 0.0, 0.0, 0.0, 0.0, 0.7669861999817315, 1.5429027903263766, 0.0, 0.0, 3.0, 0.0, 0.0, 2.1124006090803293, 0.0, 2.1178468179231484, 0.0, 0.0, 0.0, 0.0, 0.0, 0.0, 0.0, 0.0, 0.0, 1.300476589729489, 0.0, 0.0, 0.0, 0.0, 0.0, 0.8821531820768514, 0.0, 0.0, 0.0, 0.6308695463324479, 2.828175021569969, 0.0, 2.98483008018214, 2.0, 1.5277328705085171, 0.0, 1.0, 0.4860471079494951, 0.9641400701950181, 0.0, 0.0, 2.0, 0.8712378220251656, 0.12876217797483433, 1.7897456853014735, 1.0, 0.21025431469852665, 0.0, 0.0, 0.0, 0.0, 0.0, 0.0, 0.0, 2.0, 1.0, 0.2938724402286725, 0.309888990308108, 0.0, 5.0, 2.9999999999999996, 0.0, 0.0, 0.9477445507247406, 0.4649451504191555, 1.587310298856104, 2.0, 6.0, 0.0, 2.0, 1.0, 0.0, 0.0, 0.0, 0.0, 0.0, 0.0, 4.481257340619821, 3.5187426593801794, 1.4812573406198204, 0.0, 0.0, 1.5187426593801794, 1.8712378220251658, 0.02731458645785792, 0.0, 0.0, 1.666327139179853, 1.3716028304658618, 0.0, 0.0, 0.0, 1.513952892050505, 0.0, 0.0, 0.0, 0.0, 0.0, 0.0, 0.0, 0.0, 0.0, 0.0, 0.0, 0.0, 0.0, 0.0, 0.0, 0.0, 0.0, 0.0, 0.0, 0.0, 2.0, 0.0, 0.7432701554127767, 0.0, 0.0, 0.0, 0.0, 0.0, 0.0, 0.0, 0.0, 0.0, 0.0, 0.0, 0.0, 0.0, 0.6283971695341378, 0.0, 0.0, 0.3336728608201469, 0.0, 0.0, 0.0, 0.0, 0.0, 0.0, 0.0, 0.0, 3.0, 0.0, 0.7296175113810828, 0.5350548495808445, 1.7061275597713277, 0.0, 0.0, 0.0, 0.2102543146985266, 6.0, 0.0, 0.27038248861891667, 0.0, 0.0, 0.6901110096918919, 0.0, 0.0, 0.0, 0.0, 0.0, 0.0, 0.035859929804981955, 0.5984529042343536, 0.0, 0.0, 0.0, 0.0, 0.0, 0.0, 0.0, 0.0, 0.0, 0.0, 0.0, 0.0, 0.0, 1.4015470957656464, 0.0, 0.0, 0.0, 0.0, 0.0, 0.1287621779748344, 0.0, 0.0, 0.0, 0.0, 0.0, 0.0, 0.0, 0.8966751318637142, 0.0, 0.0, 0.5187426593801796, 0.0, 0.15558031741154518, 0.0, 0.0, 4.385375114686038, 0.0, 0.0, 0.0, 0.0, 0.0, 0.7812818335448065, 0.48391854858756783, 1.0, 0.0, 0.0, 0.375, 0.21871816645519357, 0.0, 1.0, 0.0, 0.0, 0.2820912305734029, 0.0, 0.0, 0.0, 0.9214503538082328, 1.0, 0.0, 0.0, 1.0, 0.2958664636398903, 0.2640500761350411, 0.0, 0.07854964619176723, 0.0, 0.0, 1.0, 0.5960152605981698, 0.0, 0.0, 0.0, 0.0, 0.0, 0.0, 0.0, 0.4039847394018303, 0.3407671862393001, 0.0, 0.0, 1.0, 0.0, 0.0, 0.7041335363601098, 0.0, 0.7059489393077162, 0.0, 0.0, 0.0, 0.0, 0.0, 0.0, 0.0, 1.0, 0.0, 0.16255957371618612, 0.0, 0.0, 0.0, 0.0, 0.0, 0.29405106069228376, 0.0, 0.0, 0.0, 0.07885869329155598, 0.35352187769624616, 0.0, 0.6592328137606999]  :with objective: -597.1068730092564

  Local solver returns a feasible point with value -597.1069
disc:  333  :[0.0, 1.8, 2.0]
disc:  334  :[0.0, 0.9277328705085172, 2.1277328705085172, 6.0]
disc:  335  :[0.0, 0.1, 1.0]
disc:  336  :[0.0, 0.9, 1.0]
disc:  337  :[0.0, 0.2860471079494951, 0.6860471079494952, 2.0]
disc:  338  :[0.0, 0.8641400701950182, 1.0]
disc:  339  :[0.0, 0.2, 2.0]
disc:  340  :[0.0, 0.2, 2.0]
disc:  341  :[0.0, 1.8, 2.0]
disc:  342  :[0.0, 0.7712378220251657, 0.9712378220251656, 1.0]
disc:  343  :[0.0, 0.3287621779748343, 2.0]
disc:  344  :[0.0, 1.5897456853014735, 1.9897456853014734, 2.0]
disc:  345  :[0.0, 0.9, 1.0]
disc:  346  :[0.0, 0.5102543146985267, 3.0]
disc:  347  :[0.0, 0.2, 2.0]
disc:  348  :[0.0, 0.6, 6.0]
disc:  349  :[0.0, 0.2, 2.0]
disc:  350  :[0.0, 0.1, 1.0]
disc:  351  :[0.0, 0.2, 2.0]
disc:  352  :[0.0, 0.6, 6.0]
disc:  353  :[0.0, 0.1, 1.0]
disc:  354  :[0.0, 1.8, 2.0]
disc:  355  :[0.0, 0.9, 1.0]
disc:  356  :[0.0, 0.09387244022867247, 0.4938724402286725, 2.0]
disc:  357  :[0.0, 0.209888990308108, 0.409888990308108, 1.0]
disc:  358  :[0.0, 0.2, 2.0]
disc:  359  :[0.0, 4.4, 5.6, 6.0]
disc:  360  :[0.0, 2.3999999999999995, 3.5999999999999996, 6.0]
disc:  361  :[0.0, 0.2, 2.0]
disc:  362  :[0.0, 0.1, 1.0]
disc:  363  :[0.0, 0.7477445507247407, 1.1477445507247406, 2.0]
disc:  364  :[0.0, 0.36494515041915554, 0.5649451504191555, 1.0]
disc:  365  :[0.0, 1.287310298856104, 1.8873102988561041, 3.0]
disc:  366  :[0.0, 1.8, 2.0]
disc:  367  :[0.0, 5.4, 6.0]
disc:  368  :[0.0, 0.2, 2.0]
disc:  369  :[0.0, 1.8, 2.0]
disc:  370  :[0.0, 0.9, 1.0]
disc:  371  :[0.0, 0.2, 2.0]
disc:  372  :[0.0, 0.2, 2.0]
disc:  373  :[0.0, 0.2, 2.0]
disc:  374  :[0.0, 0.6, 6.0]
disc:  375  :[0.0, 0.2, 2.0]
disc:  376  :[0.0, 0.2, 2.0]
disc:  377  :[0.0, 3.8812573406198205, 5.08125734061982, 6.0]
disc:  378  :[0.0, 2.9187426593801793, 4.118742659380179, 6.0]
disc:  379  :[0.0, 1.2812573406198204, 1.6812573406198204, 2.0]
disc:  380  :[0.0, 0.1, 1.0]
disc:  381  :[0.0, 0.3, 3.0]
disc:  382  :[0.0, 1.2187426593801793, 1.8187426593801794, 3.0]
disc:  383  :[0.0, 1.6712378220251658, 2.0]
disc:  384  :[0.0, 0.6273145864578579, 6.0]
disc:  385  :[0.0, 0.2, 2.0]
disc:  502  :[0.0, 0.1, 1.0]
disc:  503  :[0.0, 0.1, 1.0]
disc:  504  :[0.0, 0.1, 1.0]
disc:  505  :[0.0, 0.6812818335448065, 0.8812818335448065, 1.0]
disc:  506  :[0.0, 0.3839185485875678, 0.5839185485875679, 1.0]
disc:  507  :[0.0, 0.9, 1.0]
disc:  508  :[0.0, 0.1, 1.0]
disc:  509  :[0.0, 0.1, 1.0]
disc:  510  :[0.0, 0.275, 0.475, 1.0]
disc:  511  :[0.0, 0.11871816645519356, 0.3187181664551936, 1.0]
disc:  512  :[0.0, 0.1, 1.0]
disc:  513  :[0.0, 0.9, 1.0]
disc:  514  :[0.0, 0.1, 1.0]
disc:  515  :[0.0, 0.1, 1.0]
disc:  516  :[0.0, 0.1820912305734029, 0.3820912305734029, 1.0]
disc:  517  :[0.0, 0.1, 1.0]
disc:  518  :[0.0, 0.1, 1.0]
disc:  519  :[0.0, 0.1, 1.0]
disc:  520  :[0.0, 0.8214503538082328, 1.0]
disc:  521  :[0.0, 0.9, 1.0]
disc:  522  :[0.0, 0.1, 1.0]
disc:  523  :[0.0, 0.1, 1.0]
disc:  524  :[0.0, 0.9, 1.0]
disc:  525  :[0.0, 0.19586646363989027, 0.3958664636398903, 1.0]
disc:  526  :[0.0, 0.1640500761350411, 0.36405007613504115, 1.0]
disc:  527  :[0.0, 0.1, 1.0]
disc:  528  :[0.0, 0.17854964619176722, 1.0]
disc:  529  :[0.0, 0.1, 1.0]
disc:  530  :[0.0, 0.1, 1.0]
disc:  531  :[0.0, 0.9, 1.0]
disc:  532  :[0.0, 0.4960152605981698, 0.6960152605981698, 1.0]
disc:  533  :[0.0, 0.1, 1.0]
disc:  534  :[0.0, 0.1, 1.0]
disc:  535  :[0.0, 0.1, 1.0]
disc:  536  :[0.0, 0.1, 1.0]
disc:  537  :[0.0, 0.1, 1.0]
disc:  538  :[0.0, 0.1, 1.0]
disc:  539  :[0.0, 0.1, 1.0]
disc:  540  :[0.0, 0.30398473940183024, 0.5039847394018303, 1.0]
disc:  541  :[0.0, 0.24076718623930007, 0.4407671862393001, 1.0]
disc:  542  :[0.0, 0.1, 1.0]
disc:  543  :[0.0, 0.1, 1.0]
disc:  544  :[0.0, 0.9, 1.0]
disc:  545  :[0.0, 0.1, 1.0]
disc:  546  :[0.0, 0.1, 1.0]
disc:  547  :[0.0, 0.6041335363601098, 0.8041335363601098, 1.0]
disc:  548  :[0.0, 0.1, 1.0]
disc:  549  :[0.0, 0.6059489393077162, 0.8059489393077162, 1.0]
disc:  550  :[0.0, 0.1, 1.0]
disc:  551  :[0.0, 0.1, 1.0]
disc:  552  :[0.0, 0.1, 1.0]
disc:  553  :[0.0, 0.1, 1.0]
disc:  554  :[0.0, 0.1, 1.0]
disc:  555  :[0.0, 0.1, 1.0]
disc:  556  :[0.0, 0.1, 1.0]
disc:  557  :[0.0, 0.9, 1.0]
disc:  558  :[0.0, 0.1, 1.0]
disc:  559  :[0.0, 0.06255957371618612, 0.2625595737161861, 1.0]
disc:  560  :[0.0, 0.1, 1.0]
disc:  561  :[0.0, 0.1, 1.0]
disc:  562  :[0.0, 0.1, 1.0]
disc:  563  :[0.0, 0.1, 1.0]
disc:  564  :[0.0, 0.1, 1.0]
disc:  565  :[0.0, 0.19405106069228376, 0.3940510606922838, 1.0]
disc:  566  :[0.0, 0.1, 1.0]
disc:  567  :[0.0, 0.1, 1.0]
disc:  568  :[0.0, 0.1, 1.0]
disc:  569  :[0.0, 0.178858693291556, 1.0]
disc:  570  :[0.0, 0.2535218776962461, 0.4535218776962462, 1.0]
disc:  571  :[0.0, 0.1, 1.0]
disc:  572  :[0.0, 0.5592328137606999, 0.7592328137606998, 1.0]
  Completed presolve in 8.17s
LOWER-BOUNDING ITERATIONS
====================================================================================================
| Iter   | Incumbent       | Best Incumbent      | Lower Bound        | Gap (%)         | Time      
| finish | -597.1069       | -597.1069           | -635.6774          | 6.46            | 23.77s           
Final UBD: -597.1068730092564
Final LBD: -635.677397690335
====================================================================================================

*** Alpine ended with status OTHER_LIMIT ***

 Total time for local solves: 5.48s

 Total time for solving max-min problems: 0.0s

 Total time excluding max-min time: 23.77s

presolve objective value: -597.1068730092564
w_opt: 1-dimensional DenseAxisArray{Float64,1,...} with index sets:
    Dimension 1, [(25, 1, 2), (25, 1, 1), (25, 1, 14), (20, 1, 2), (20, 1, 1), (20, 1, 14), (1, 1, 2), (1, 1, 1), (1, 1, 14), (2, 1, 2)  …  (20, 15, 23), (20, 15, 3), (8, 15, 30), (8, 15, 29), (8, 15, 23), (8, 15, 3), (2, 15, 30), (2, 15, 29), (2, 15, 23), (2, 15, 3)]
And data, a 261-element Vector{Float64}:
 1.1152862981354807
 0.016279910365811428
 0.0
 0.755951523889685
 0.011034676092046494
 0.0
 0.0
 0.0
 0.0
 0.0
 0.0
 0.0
 0.0
 0.0
 0.0
 0.0
 1.4812573406198204
 0.0
 0.0
 1.5187426593801794
 0.0
 0.0
 0.0
 0.0
 0.0
 0.0
 0.0
 0.0
 0.0
 2.1685635481201277
 1.7027848405804151
 0.0
 0.0
 0.0
 0.0
 0.7284712830036879
 0.572005306725801
 0.0
 0.0
 0.0
 0.0
 1.5842225094960054
 1.2439525120739636
 0.0
 0.0
 0.0
 0.0
 0.0
 0.0
 0.0
 0.0
 0.0
 0.0
 0.0
 0.0
 0.0
 0.0
 0.0
 0.0
 2.0
 1.0
 0.0
 0.0
 0.0
 0.0
 0.0
 0.0
 0.0
 0.0
 0.0
 0.0
 0.75
 2.25
 0.0
 0.5641824611468058
 1.6925473834404177
 0.0
 0.5281001522700822
 1.5843004568102468
 0.0
 0.0
 0.0
 0.0
 0.0
 0.0
 0.0
 0.0
 0.0
 0.0
 0.0
 0.0
 0.0
 0.15771738658311196
 0.4731521597493359
 0.0
 0.0
 0.0
 0.0
 0.0
 0.0
 0.0
 0.6690592603187987
 0.32822753577466923
 1.1205600218296807
 0.27868529040594187
 0.13671761464448628
 0.4667502770264233
 0.0
 0.0
 0.0
 0.0
 0.0
 0.0
 0.0
 0.0
 0.0
 0.0
 0.0
 4.607251769041164
 2.764351061424698
 0.0
 0.0
 0.0
 0.3927482309588361
 0.23564893857530164
 0.0
 0.0
 0.0
 0.0
 0.0
 0.0
 0.0
 0.0
 0.0
 0.0
 0.0
 0.0
 0.0
 0.0
 0.0
 0.0
 0.0
 0.0
 0.0
 0.0
 0.0
 0.0
 0.2938724402286725
 0.309888990308108
 0.0
 0.0
 0.0
 0.0
 0.5917329272797806
 0.2958664636398903
 0.0
 0.0
 1.4082670727202196
 0.7041335363601098
 0.0
 0.0
 0.0
 0.0
 0.0
 0.0
 0.0
 0.0
 0.0
 0.0
 0.0
 0.0
 0.0
 0.0
 0.0
 0.0
 0.0
 0.0
 0.0
 0.0
 0.0
 0.0
 0.0
 0.0
 0.0
 0.0
 0.0
 0.0
 0.0
 0.0
 0.0
 0.0
 0.0
 0.0
 0.0
 1.7897456853014735
 1.0
 0.2102543146985268
 0.0
 0.0
 0.0
 0.0
 0.0
 0.0
 0.0
 0.0
 0.0
 1.562563667089613
 0.6806822830454052
 0.10059955049940125
 0.43743633291038714
 0.1905555389797605
 0.028162627475433074
 0.0
 0.0
 0.0
 0.0
 0.0
 0.0
 0.0
 0.0
 0.0
 0.0
 0.0
 0.0
 0.0
 0.4860471079494951
 0.9641400701950181
 0.0
 0.0
 0.0
 0.0
 0.0
 0.0
 0.0
 0.0
 0.0
 0.0
 0.0
 0.0
 0.0
 0.0
 0.0
 0.0
 0.0
 0.0
 0.0
 0.0
 0.0
 0.0
 0.6815343724786002
 0.5206012316084764
 0.0
 0.3407671862392999
 0.0
 0.0
 0.0
 0.0
 1.3184656275213997
 1.0071316389000406
 0.0
 0.6592328137606996
x_ij_opt: 1-dimensional DenseAxisArray{Float64,1,...} with index sets:
    Dimension 1, [(43, 30), (43, 22), (43, 6), (44, 22), (45, 30), (45, 29), (45, 28), (45, 24), (45, 23), (40, 29)  …  (5, 7), (5, 14), (6, 4), (6, 3), (1, 14), (1, 10), (1, 23), (1, 1), (3, 2), (3, 1)]
And data, a 116-element Vector{Float64}:
 0.0
 1.666327139179853
 1.3716028304658618
 0.0
 0.0
 0.0
 1.513952892050505
 0.0
 0.0
 0.0
 0.0
 0.0
 0.0
 0.0
 0.0
 0.0
 0.0
 0.0
 0.0
 0.0
 0.0
 0.0
 0.0
 0.0
 0.0
 0.0
 0.0
 2.0
 0.0
 0.7432701554127767
 0.0
 0.0
 0.0
 0.0
 0.0
 0.0
 0.0
 0.0
 0.0
 0.0
 0.0
 0.0
 0.0
 0.6283971695341378
 0.0
 0.0
 0.3336728608201469
 0.0
 0.0
 0.0
 0.0
 0.0
 0.0
 0.0
 0.0
 3.0
 0.0
 0.7296175113810828
 0.5350548495808445
 1.7061275597713277
 0.0
 0.0
 0.0
 0.2102543146985266
 6.0
 0.0
 0.27038248861891667
 0.0
 0.0
 0.6901110096918919
 0.0
 0.0
 0.0
 0.0
 0.0
 0.0
 0.035859929804981955
 0.5984529042343536
 0.0
 0.0
 0.0
 0.0
 0.0
 0.0
 0.0
 0.0
 0.0
 0.0
 0.0
 0.0
 0.0
 1.4015470957656464
 0.0
 0.0
 0.0
 0.0
 0.0
 0.1287621779748344
 0.0
 0.0
 0.0
 0.0
 0.0
 0.0
 0.0
 0.8966751318637142
 0.0
 0.0
 0.5187426593801796
 0.0
 0.15558031741154518
 0.0
 0.0
 4.385375114686038
 0.0
 0.0
x_il_opt: 1-dimensional DenseAxisArray{Float64,1,...} with index sets:
    Dimension 1, [(43, 15), (43, 14), (44, 15), (44, 13), (44, 3), (40, 14), (40, 2), (41, 14), (42, 6), (37, 13)  …  (4, 13), (5, 2), (5, 7), (5, 9), (6, 11), (1, 1), (1, 6), (1, 3), (2, 1), (2, 15)]
And data, a 71-element Vector{Float64}:
 0.0
 0.0
 0.0
 2.343845500634419
 3.8713483887005427
 1.4501871781445133
 0.0
 0.0
 3.0
 0.6561544993655807
 0.0
 3.0
 0.0
 0.0
 2.2567298445872233
 0.0
 0.0
 0.0
 7.3716028304658625
 0.0
 0.0
 0.0
 3.0
 0.8875993909196709
 2.112400609080329
 0.0
 0.6283971695341378
 0.0
 0.0
 0.6037614305367804
 1.131566208501292
 0.0
 0.0
 0.0
 0.0
 0.0
 0.0
 0.0
 0.7669861999817315
 1.5429027903263766
 0.0
 0.0
 3.0
 0.0
 0.0
 2.1124006090803293
 0.0
 2.1178468179231484
 0.0
 0.0
 0.0
 0.0
 0.0
 0.0
 0.0
 0.0
 0.0
 1.300476589729489
 0.0
 0.0
 0.0
 0.0
 0.0
 0.8821531820768514
 0.0
 0.0
 0.0
 0.6308695463324479
 2.828175021569969
 0.0
 2.98483008018214
x_lj_opt: 1-dimensional DenseAxisArray{Float64,1,...} with index sets:
    Dimension 1, [(15, 30), (15, 29), (15, 23), (15, 3), (14, 28), (14, 27), (14, 10), (14, 24), (13, 26), (13, 25)  …  (3, 6), (3, 5), (3, 29), (2, 4), (2, 3), (2, 1), (2, 5), (1, 2), (1, 1), (1, 14)]
And data, a 53-element Vector{Float64}:
 2.0
 1.5277328705085171
 0.0
 1.0
 0.4860471079494951
 0.9641400701950181
 0.0
 0.0
 2.0
 0.8712378220251656
 0.12876217797483433
 1.7897456853014735
 1.0
 0.21025431469852665
 0.0
 0.0
 0.0
 0.0
 0.0
 0.0
 0.0
 2.0
 1.0
 0.2938724402286725
 0.309888990308108
 0.0
 5.0
 2.9999999999999996
 0.0
 0.0
 0.9477445507247406
 0.4649451504191555
 1.587310298856104
 2.0
 6.0
 0.0
 2.0
 1.0
 0.0
 0.0
 0.0
 0.0
 0.0
 0.0
 4.481257340619821
 3.5187426593801794
 1.4812573406198204
 0.0
 0.0
 1.5187426593801794
 1.8712378220251658
 0.02731458645785792
 0.0
q_opt: 1-dimensional DenseAxisArray{Float64,1,...} with index sets:
    Dimension 1, [(43, 15), (43, 14), (44, 15), (44, 13), (44, 3), (40, 14), (40, 2), (41, 14), (42, 6), (37, 13)  …  (4, 13), (5, 2), (5, 7), (5, 9), (6, 11), (1, 1), (1, 6), (1, 3), (2, 1), (2, 15)]
And data, a 71-element Vector{Float64}:
 0.0
 0.0
 0.0
 0.7812818335448065
 0.48391854858756783
 1.0
 0.0
 0.0
 0.375
 0.21871816645519357
 0.0
 1.0
 0.0
 0.0
 0.2820912305734029
 0.0
 0.0
 0.0
 0.9214503538082328
 1.0
 0.0
 0.0
 1.0
 0.2958664636398903
 0.2640500761350411
 0.0
 0.07854964619176723
 0.0
 0.0
 1.0
 0.5960152605981698
 0.0
 0.0
 0.0
 0.0
 0.0
 0.0
 0.0
 0.4039847394018303
 0.3407671862393001
 0.0
 0.0
 1.0
 0.0
 0.0
 0.7041335363601098
 0.0
 0.7059489393077162
 0.0
 0.0
 0.0
 0.0
 0.0
 0.0
 0.0
 1.0
 0.0
 0.16255957371618612
 0.0
 0.0
 0.0
 0.0
 0.0
 0.29405106069228376
 0.0
 0.0
 0.0
 0.07885869329155598
 0.35352187769624616
 0.0
 0.6592328137606999
