
PROBLEM STATISTICS
  Objective sense = Min
  # Variables = 572
  # Bin-Int Variables = 0
  # Constraints = 621
  # NL Constraints = 261
  # Linear Constraints = 360
  # Detected convex constraints = 0
  # Detected nonlinear terms = 261
  # Variables involved in nonlinear terms = 124
  # Potential variables for partitioning = 124
SUB-SOLVERS USED BY ALPINE
  NLP local solver = Knitro
  MIP solver = Gurobi
ALPINE CONFIGURATION
  Maximum iterations (lower-bounding MIPs) =  1
  Relative global optimality gap = 0.01%
  Potential variables chosen for partitioning = All
  Discretization ratio = 10
  Bound-tightening presolve = false
PRESOLVE 
  Doing local search

Feasible solution found during presolve: [1.1379514096611751, 0.0, 0.0, 0.8620485903388251, 0.0, 0.0, 0.0, 0.0, 0.0, 0.0, 0.0, 0.0, 0.0, 0.0, 0.0, 0.0, 2.0, 0.0, 0.0, 1.0000000000000002, 0.0, 0.0, 0.0, 0.0, 0.0, 0.0, 0.0, 0.0, 0.0, 1.0580656591514128, 0.42555349534610376, 0.0, 0.0, 0.0, 0.0, 3.941934340848587, 1.5854440815311437, 0.0, 0.0, 0.0, 0.0, 0.0, 0.0, 0.0, 0.0, 0.0, 0.0, 0.0, 0.0, 0.0, 0.0, 0.0, 0.0, 0.0, 0.0, 0.0, 0.0, 0.0, 0.0, 1.8443077863102528, 1.0, 0.0, 0.0, 0.0, 0.0, 0.0, 0.0, 0.0, 0.0, 0.0, 0.0, 0.0, 0.0, 0.0, 0.7112510946119703, 2.133753283835911, 0.0, 0.5431489927448022, 1.6294469782344065, 0.0, 0.0, 0.0, 0.0, 0.0, 0.0, 0.0, 0.0, 0.0, 0.0, 0.0, 0.0, 0.0, 0.7455999126432274, 2.2367997379296822, 0.0, 0.0, 0.0, 0.0, 0.0, 0.0, 0.0, 0.5508648520316305, 0.6529681889908142, 1.1900891069348265, 0.13946442935500375, 0.16531429719779125, 0.30129912548993376, 0.0, 0.0, 0.0, 0.0, 0.0, 0.0, 0.0, 0.0, 0.0, 0.0, 0.0, 2.7926893689019097, 2.2111372020061775, 0.0, 0.0, 0.0, 1.6721965808045312, 1.3239768482873817, 0.0, 0.0, 0.0, 0.0, 0.0, 0.0, 0.0, 0.0, 0.0, 0.0, 0.0, 0.0, 0.0, 0.0, 0.0, 0.0, 0.0, 0.0, 0.0, 0.0, 0.0, 0.0, 0.0, 0.0, 0.0, 0.0, 0.05431444607663134, 0.0, 0.5516026860138606, 0.2758013430069303, 0.0, 0.0, 1.4483973139861392, 0.7241986569930696, 0.0, 0.0, 0.0, 0.0, 0.0, 0.0, 0.0, 0.0, 0.0, 0.0, 0.0, 0.0, 0.0, 0.0, 1.8087053066177043, 0.0, 0.0, 0.0, 0.39706091286751727, 0.0, 0.0, 0.0, 0.0, 0.0, 0.0, 0.0, 0.0, 0.0, 0.0, 0.0, 0.0, 0.0, 0.0, 0.0, 0.0, 1.6029390871324827, 1.0, 0.3970609128675174, 0.0, 0.0, 0.0, 0.0, 0.0, 0.0, 0.0, 0.0, 0.0, 1.56885166491653, 0.7844258324582649, 0.0, 0.0, 0.0, 0.0, 0.0, 0.0, 0.0, 0.43114833508347006, 0.215574167541735, 0.0, 0.0, 0.0, 0.0, 0.0, 0.0, 0.0, 0.0, 0.5644580264746769, 0.62735248565256, 0.0, 0.0, 0.0, 0.0, 0.0, 0.0, 0.0, 0.0, 0.0, 0.0, 0.0, 0.0, 0.0, 0.0, 0.0, 0.0, 0.0, 0.0, 0.0, 0.0, 0.0, 0.0, 0.0, 0.0, 0.0, 0.0, 0.0, 0.0, 0.0, 0.0, 1.2210734891227994, 3.5919415102552357, 0.0, 0.9493372678243889, 0.0, 0.0, 0.0, 2.353277497374795, 1.4836191544975166, 1.1918105121272369, 0.0, 0.0, 0.0, 0.0, 0.0, 3.0, 0.0, 0.0, 2.8450043784478813, 0.0, 0.0, 0.0, 5.003826570908087, 0.0, 0.0, 0.0, 3.0, 0.8274040290207909, 2.172595970979209, 0.0, 2.996173429091913, 0.0, 2.2057662194852217, 0.0, 1.1379514096611751, 0.646722502625205, 0.0, 0.0, 0.0, 0.0, 0.0, 0.0, 0.8620485903388251, 0.0, 0.0, 0.0, 2.844307786310253, 0.0, 0.0, 2.172595970979209, 0.0, 2.393922147957271, 0.0, 0.0, 0.0, 0.0, 0.0, 0.0, 0.0, 0.0, 0.0, 5.527378422379731, 0.0, 0.0, 0.0, 0.0, 0.0, 0.6060778520427288, 0.05431444607663134, 0.0, 0.0, 2.98239965057291, 0.0, 0.0, 5.7623522672024245, 1.2210734891227994, 3.5919415102552357, 0.0, 0.9493372678243889, 0.5644580264746769, 0.62735248565256, 0.0, 0.0, 2.0, 1.0, 0.0, 1.6029390871324827, 1.0, 0.3970609128675174, 1.8087053066177043, 0.0, 0.0, 0.0, 0.39706091286751727, 0.0, 0.0, 2.0, 1.0, 0.05431444607663134, 0.0, 0.0, 4.464885949706441, 3.535114050293559, 0.0, 0.0, 0.6903292813866342, 0.8182824861886056, 1.4913882324247603, 2.0, 6.0, 0.0, 1.8443077863102528, 1.0, 0.0, 0.0, 0.0, 0.0, 0.0, 0.0, 5.0, 2.0109975768772475, 2.0, 0.0, 0.0, 1.0000000000000002, 2.0, 0.0, 0.0, 0.0, 0.19129469338229577, 1.6513933609237659, 0.0, 0.7789265108772007, 0.0, 1.4355419735253232, 0.0, 0.0, 0.0, 0.0, 0.0, 0.0, 0.0, 0.0, 0.0, 0.0, 0.0, 0.2602821192169046, 0.0, 0.0, 0.0, 0.0, 0.0, 0.0, 0.0, 0.0, 2.0, 0.0, 0.0, 0.0, 0.0, 0.0, 0.0, 0.0, 0.0, 0.0, 0.0, 0.0, 0.0, 0.0, 0.0, 0.0, 0.3486066390762342, 0.0, 0.0, 0.0, 0.0, 0.0, 0.0, 0.0, 0.0, 0.0, 0.0, 0.0, 0.7942337805147781, 0.0, 1.0336085739022252, 0.18171751381139448, 1.9456855539233688, 0.0, 0.0, 0.0, 0.0, 6.0, 0.0, 0.5015054763913345, 0.0, 0.0, 0.7397178807830955, 0.0, 0.0, 0.0, 0.0, 0.0, 0.0, 0.3726475143474401, 0.8799024394505472, 0.0, 0.0, 0.0, 0.0, 0.0, 0.0, 0.0, 0.0, 0.0, 0.15569221368974717, 0.0, 0.0, 0.0, 1.1200975605494528, 0.0, 0.0, 0.0, 0.0, 0.0, 0.0, 0.0, 0.050662732175611146, 0.0, 0.0, 0.0, 0.0, 0.0, 1.0420993478091176, 0.0, 0.0, 0.0, 0.0, 0.2675713708042482, 0.0, 0.0, 4.50861176757524, 0.0, 0.0, 0.0, 0.0, 0.0, 0.784425832458265, 0.21161313183028255, 1.0, 0.0, 0.0, 0.0, 0.0, 0.0, 1.0, 0.0, 0.0, 0.35562554730598517, 0.0, 0.0, 0.0, 0.6254783213635109, 0.0, 0.0, 0.0, 1.0, 0.2758013430069303, 0.2715744963724011, 0.0, 0.3745216786364891, 0.0, 1.0, 0.0, 0.5689757048305876, 0.21557416754173503, 0.0, 0.0, 0.0, 0.0, 0.0, 0.0, 0.43102429516941254, 0.0, 0.0, 0.0, 1.0, 0.0, 0.0, 0.7241986569930696, 0.0, 0.7979740493190903, 0.0, 0.0, 0.0, 0.0, 0.0, 0.0, 0.0, 1.0, 0.0, 0.7883868681697174, 0.0, 0.0, 0.0, 0.0, 0.0, 0.20202595068090975, 1.0, 0.0, 0.0, 0.3727999563216137, 0.0, 0.0, 1.0]  :with objective: -617.0293360121505

  Local solver returns a feasible point with value -617.0293
disc:  333  :[0.0, 1.0210734891227995, 1.4210734891227994, 2.0]
disc:  334  :[0.0, 2.9919415102552356, 4.191941510255235, 6.0]
disc:  335  :[0.0, 0.1, 1.0]
disc:  336  :[0.0, 0.8493372678243889, 1.0]
disc:  337  :[0.0, 0.3644580264746769, 0.764458026474677, 2.0]
disc:  338  :[0.0, 0.52735248565256, 0.7273524856525599, 1.0]
disc:  339  :[0.0, 0.2, 2.0]
disc:  340  :[0.0, 0.2, 2.0]
disc:  341  :[0.0, 1.8, 2.0]
disc:  342  :[0.0, 0.9, 1.0]
disc:  343  :[0.0, 0.2, 2.0]
disc:  344  :[0.0, 1.4029390871324827, 1.8029390871324826, 2.0]
disc:  345  :[0.0, 0.9, 1.0]
disc:  346  :[0.0, 0.09706091286751739, 0.6970609128675174, 3.0]
disc:  347  :[0.0, 1.6087053066177044, 2.0]
disc:  348  :[0.0, 0.6, 6.0]
disc:  349  :[0.0, 0.2, 2.0]
disc:  350  :[0.0, 0.1, 1.0]
disc:  351  :[0.0, 0.19706091286751726, 0.5970609128675173, 2.0]
disc:  352  :[0.0, 0.6, 6.0]
disc:  353  :[0.0, 0.1, 1.0]
disc:  354  :[0.0, 1.8, 2.0]
disc:  355  :[0.0, 0.9, 1.0]
disc:  356  :[0.0, 0.25431444607663134, 2.0]
disc:  357  :[0.0, 0.1, 1.0]
disc:  358  :[0.0, 0.2, 2.0]
disc:  359  :[0.0, 3.864885949706441, 5.064885949706441, 6.0]
disc:  360  :[0.0, 2.935114050293559, 4.135114050293559, 6.0]
disc:  361  :[0.0, 0.2, 2.0]
disc:  362  :[0.0, 0.1, 1.0]
disc:  363  :[0.0, 0.4903292813866342, 0.8903292813866341, 2.0]
disc:  364  :[0.0, 0.7182824861886056, 0.9182824861886055, 1.0]
disc:  365  :[0.0, 1.1913882324247602, 1.7913882324247603, 3.0]
disc:  366  :[0.0, 1.8, 2.0]
disc:  367  :[0.0, 5.4, 6.0]
disc:  368  :[0.0, 0.2, 2.0]
disc:  369  :[0.0, 1.6443077863102529, 2.0]
disc:  370  :[0.0, 0.9, 1.0]
disc:  371  :[0.0, 0.2, 2.0]
disc:  372  :[0.0, 0.2, 2.0]
disc:  373  :[0.0, 0.2, 2.0]
disc:  374  :[0.0, 0.6, 6.0]
disc:  375  :[0.0, 0.2, 2.0]
disc:  376  :[0.0, 0.2, 2.0]
disc:  377  :[0.0, 4.4, 5.6, 6.0]
disc:  378  :[0.0, 1.4109975768772474, 2.6109975768772475, 6.0]
disc:  379  :[0.0, 1.8, 2.0]
disc:  380  :[0.0, 0.1, 1.0]
disc:  381  :[0.0, 0.3, 3.0]
disc:  382  :[0.0, 0.7000000000000002, 1.3000000000000003, 3.0]
disc:  383  :[0.0, 1.8, 2.0]
disc:  384  :[0.0, 0.6, 6.0]
disc:  385  :[0.0, 0.2, 2.0]
disc:  502  :[0.0, 0.1, 1.0]
disc:  503  :[0.0, 0.1, 1.0]
disc:  504  :[0.0, 0.1, 1.0]
disc:  505  :[0.0, 0.684425832458265, 0.884425832458265, 1.0]
disc:  506  :[0.0, 0.11161313183028254, 0.31161313183028255, 1.0]
disc:  507  :[0.0, 0.9, 1.0]
disc:  508  :[0.0, 0.1, 1.0]
disc:  509  :[0.0, 0.1, 1.0]
disc:  510  :[0.0, 0.1, 1.0]
disc:  511  :[0.0, 0.1, 1.0]
disc:  512  :[0.0, 0.1, 1.0]
disc:  513  :[0.0, 0.9, 1.0]
disc:  514  :[0.0, 0.1, 1.0]
disc:  515  :[0.0, 0.1, 1.0]
disc:  516  :[0.0, 0.2556255473059852, 0.45562554730598515, 1.0]
disc:  517  :[0.0, 0.1, 1.0]
disc:  518  :[0.0, 0.1, 1.0]
disc:  519  :[0.0, 0.1, 1.0]
disc:  520  :[0.0, 0.5254783213635109, 0.7254783213635109, 1.0]
disc:  521  :[0.0, 0.1, 1.0]
disc:  522  :[0.0, 0.1, 1.0]
disc:  523  :[0.0, 0.1, 1.0]
disc:  524  :[0.0, 0.9, 1.0]
disc:  525  :[0.0, 0.17580134300693032, 0.37580134300693036, 1.0]
disc:  526  :[0.0, 0.1715744963724011, 0.37157449637240114, 1.0]
disc:  527  :[0.0, 0.1, 1.0]
disc:  528  :[0.0, 0.27452167863648913, 0.4745216786364891, 1.0]
disc:  529  :[0.0, 0.1, 1.0]
disc:  530  :[0.0, 0.9, 1.0]
disc:  531  :[0.0, 0.1, 1.0]
disc:  532  :[0.0, 0.4689757048305876, 0.6689757048305875, 1.0]
disc:  533  :[0.0, 0.11557416754173502, 0.31557416754173506, 1.0]
disc:  534  :[0.0, 0.1, 1.0]
disc:  535  :[0.0, 0.1, 1.0]
disc:  536  :[0.0, 0.1, 1.0]
disc:  537  :[0.0, 0.1, 1.0]
disc:  538  :[0.0, 0.1, 1.0]
disc:  539  :[0.0, 0.1, 1.0]
disc:  540  :[0.0, 0.33102429516941256, 0.5310242951694125, 1.0]
disc:  541  :[0.0, 0.1, 1.0]
disc:  542  :[0.0, 0.1, 1.0]
disc:  543  :[0.0, 0.1, 1.0]
disc:  544  :[0.0, 0.9, 1.0]
disc:  545  :[0.0, 0.1, 1.0]
disc:  546  :[0.0, 0.1, 1.0]
disc:  547  :[0.0, 0.6241986569930696, 0.8241986569930696, 1.0]
disc:  548  :[0.0, 0.1, 1.0]
disc:  549  :[0.0, 0.6979740493190904, 0.8979740493190903, 1.0]
disc:  550  :[0.0, 0.1, 1.0]
disc:  551  :[0.0, 0.1, 1.0]
disc:  552  :[0.0, 0.1, 1.0]
disc:  553  :[0.0, 0.1, 1.0]
disc:  554  :[0.0, 0.1, 1.0]
disc:  555  :[0.0, 0.1, 1.0]
disc:  556  :[0.0, 0.1, 1.0]
disc:  557  :[0.0, 0.9, 1.0]
disc:  558  :[0.0, 0.1, 1.0]
disc:  559  :[0.0, 0.6883868681697174, 0.8883868681697173, 1.0]
disc:  560  :[0.0, 0.1, 1.0]
disc:  561  :[0.0, 0.1, 1.0]
disc:  562  :[0.0, 0.1, 1.0]
disc:  563  :[0.0, 0.1, 1.0]
disc:  564  :[0.0, 0.1, 1.0]
disc:  565  :[0.0, 0.10202595068090975, 0.30202595068090976, 1.0]
disc:  566  :[0.0, 0.9, 1.0]
disc:  567  :[0.0, 0.1, 1.0]
disc:  568  :[0.0, 0.1, 1.0]
disc:  569  :[0.0, 0.2727999563216137, 0.47279995632161376, 1.0]
disc:  570  :[0.0, 0.1, 1.0]
disc:  571  :[0.0, 0.1, 1.0]
disc:  572  :[0.0, 0.9, 1.0]
  Completed presolve in 9.1s
LOWER-BOUNDING ITERATIONS
====================================================================================================
| Iter   | Incumbent       | Best Incumbent      | Lower Bound        | Gap (%)         | Time      
| finish | -617.0293       | -617.0293           | -623.6015          | 1.065           | 34.52s           
Final UBD: -617.0293360121505
Final LBD: -623.6014982452931
====================================================================================================

*** Alpine ended with status OTHER_LIMIT ***

 Total time for local solves: 6.63s

 Total time for solving max-min problems: 0.0s

 Total time excluding max-min time: 34.52s

presolve objective value: -617.0293360121505
w_opt: 1-dimensional DenseAxisArray{Float64,1,...} with index sets:
    Dimension 1, [(25, 1, 2), (25, 1, 1), (25, 1, 14), (20, 1, 2), (20, 1, 1), (20, 1, 14), (1, 1, 2), (1, 1, 1), (1, 1, 14), (2, 1, 2)  …  (20, 15, 23), (20, 15, 3), (8, 15, 30), (8, 15, 29), (8, 15, 23), (8, 15, 3), (2, 15, 30), (2, 15, 29), (2, 15, 23), (2, 15, 3)]
And data, a 261-element Vector{Float64}:
 1.1379514096611751
 0.0
 0.0
 0.8620485903388251
 0.0
 0.0
 0.0
 0.0
 0.0
 0.0
 0.0
 0.0
 0.0
 0.0
 0.0
 0.0
 2.0
 0.0
 0.0
 1.0000000000000002
 0.0
 0.0
 0.0
 0.0
 0.0
 0.0
 0.0
 0.0
 0.0
 1.0580656591514128
 0.42555349534610376
 0.0
 0.0
 0.0
 0.0
 3.941934340848587
 1.5854440815311437
 0.0
 0.0
 0.0
 0.0
 0.0
 0.0
 0.0
 0.0
 0.0
 0.0
 0.0
 0.0
 0.0
 0.0
 0.0
 0.0
 0.0
 0.0
 0.0
 0.0
 0.0
 0.0
 1.8443077863102528
 1.0
 0.0
 0.0
 0.0
 0.0
 0.0
 0.0
 0.0
 0.0
 0.0
 0.0
 0.0
 0.0
 0.0
 0.7112510946119703
 2.133753283835911
 0.0
 0.5431489927448022
 1.6294469782344065
 0.0
 0.0
 0.0
 0.0
 0.0
 0.0
 0.0
 0.0
 0.0
 0.0
 0.0
 0.0
 0.0
 0.7455999126432274
 2.2367997379296822
 0.0
 0.0
 0.0
 0.0
 0.0
 0.0
 0.0
 0.5508648520316305
 0.6529681889908142
 1.1900891069348265
 0.13946442935500375
 0.16531429719779125
 0.30129912548993376
 0.0
 0.0
 0.0
 0.0
 0.0
 0.0
 0.0
 0.0
 0.0
 0.0
 0.0
 2.7926893689019097
 2.2111372020061775
 0.0
 0.0
 0.0
 1.6721965808045312
 1.3239768482873817
 0.0
 0.0
 0.0
 0.0
 0.0
 0.0
 0.0
 0.0
 0.0
 0.0
 0.0
 0.0
 0.0
 0.0
 0.0
 0.0
 0.0
 0.0
 0.0
 0.0
 0.0
 0.0
 0.0
 0.0
 0.0
 0.0
 0.05431444607663134
 0.0
 0.5516026860138606
 0.2758013430069303
 0.0
 0.0
 1.4483973139861392
 0.7241986569930696
 0.0
 0.0
 0.0
 0.0
 0.0
 0.0
 0.0
 0.0
 0.0
 0.0
 0.0
 0.0
 0.0
 0.0
 1.8087053066177043
 0.0
 0.0
 0.0
 0.39706091286751727
 0.0
 0.0
 0.0
 0.0
 0.0
 0.0
 0.0
 0.0
 0.0
 0.0
 0.0
 0.0
 0.0
 0.0
 0.0
 0.0
 1.6029390871324827
 1.0
 0.3970609128675174
 0.0
 0.0
 0.0
 0.0
 0.0
 0.0
 0.0
 0.0
 0.0
 1.56885166491653
 0.7844258324582649
 0.0
 0.0
 0.0
 0.0
 0.0
 0.0
 0.0
 0.43114833508347006
 0.215574167541735
 0.0
 0.0
 0.0
 0.0
 0.0
 0.0
 0.0
 0.0
 0.5644580264746769
 0.62735248565256
 0.0
 0.0
 0.0
 0.0
 0.0
 0.0
 0.0
 0.0
 0.0
 0.0
 0.0
 0.0
 0.0
 0.0
 0.0
 0.0
 0.0
 0.0
 0.0
 0.0
 0.0
 0.0
 0.0
 0.0
 0.0
 0.0
 0.0
 0.0
 0.0
 0.0
 1.2210734891227994
 3.5919415102552357
 0.0
 0.9493372678243889
x_ij_opt: 1-dimensional DenseAxisArray{Float64,1,...} with index sets:
    Dimension 1, [(43, 30), (43, 22), (43, 6), (44, 22), (45, 30), (45, 29), (45, 28), (45, 24), (45, 23), (40, 29)  …  (5, 7), (5, 14), (6, 4), (6, 3), (1, 14), (1, 10), (1, 23), (1, 1), (3, 2), (3, 1)]
And data, a 116-element Vector{Float64}:
 0.0
 0.19129469338229577
 1.6513933609237659
 0.0
 0.7789265108772007
 0.0
 1.4355419735253232
 0.0
 0.0
 0.0
 0.0
 0.0
 0.0
 0.0
 0.0
 0.0
 0.0
 0.0
 0.2602821192169046
 0.0
 0.0
 0.0
 0.0
 0.0
 0.0
 0.0
 0.0
 2.0
 0.0
 0.0
 0.0
 0.0
 0.0
 0.0
 0.0
 0.0
 0.0
 0.0
 0.0
 0.0
 0.0
 0.0
 0.0
 0.3486066390762342
 0.0
 0.0
 0.0
 0.0
 0.0
 0.0
 0.0
 0.0
 0.0
 0.0
 0.0
 0.7942337805147781
 0.0
 1.0336085739022252
 0.18171751381139448
 1.9456855539233688
 0.0
 0.0
 0.0
 0.0
 6.0
 0.0
 0.5015054763913345
 0.0
 0.0
 0.7397178807830955
 0.0
 0.0
 0.0
 0.0
 0.0
 0.0
 0.3726475143474401
 0.8799024394505472
 0.0
 0.0
 0.0
 0.0
 0.0
 0.0
 0.0
 0.0
 0.0
 0.15569221368974717
 0.0
 0.0
 0.0
 1.1200975605494528
 0.0
 0.0
 0.0
 0.0
 0.0
 0.0
 0.0
 0.050662732175611146
 0.0
 0.0
 0.0
 0.0
 0.0
 1.0420993478091176
 0.0
 0.0
 0.0
 0.0
 0.2675713708042482
 0.0
 0.0
 4.50861176757524
 0.0
 0.0
x_il_opt: 1-dimensional DenseAxisArray{Float64,1,...} with index sets:
    Dimension 1, [(43, 15), (43, 14), (44, 15), (44, 13), (44, 3), (40, 14), (40, 2), (41, 14), (42, 6), (37, 13)  …  (4, 13), (5, 2), (5, 7), (5, 9), (6, 11), (1, 1), (1, 6), (1, 3), (2, 1), (2, 15)]
And data, a 71-element Vector{Float64}:
 0.0
 0.0
 0.0
 2.353277497374795
 1.4836191544975166
 1.1918105121272369
 0.0
 0.0
 0.0
 0.0
 0.0
 3.0
 0.0
 0.0
 2.8450043784478813
 0.0
 0.0
 0.0
 5.003826570908087
 0.0
 0.0
 0.0
 3.0
 0.8274040290207909
 2.172595970979209
 0.0
 2.996173429091913
 0.0
 2.2057662194852217
 0.0
 1.1379514096611751
 0.646722502625205
 0.0
 0.0
 0.0
 0.0
 0.0
 0.0
 0.8620485903388251
 0.0
 0.0
 0.0
 2.844307786310253
 0.0
 0.0
 2.172595970979209
 0.0
 2.393922147957271
 0.0
 0.0
 0.0
 0.0
 0.0
 0.0
 0.0
 0.0
 0.0
 5.527378422379731
 0.0
 0.0
 0.0
 0.0
 0.0
 0.6060778520427288
 0.05431444607663134
 0.0
 0.0
 2.98239965057291
 0.0
 0.0
 5.7623522672024245
x_lj_opt: 1-dimensional DenseAxisArray{Float64,1,...} with index sets:
    Dimension 1, [(15, 30), (15, 29), (15, 23), (15, 3), (14, 28), (14, 27), (14, 10), (14, 24), (13, 26), (13, 25)  …  (3, 6), (3, 5), (3, 29), (2, 4), (2, 3), (2, 1), (2, 5), (1, 2), (1, 1), (1, 14)]
And data, a 53-element Vector{Float64}:
 1.2210734891227994
 3.5919415102552357
 0.0
 0.9493372678243889
 0.5644580264746769
 0.62735248565256
 0.0
 0.0
 2.0
 1.0
 0.0
 1.6029390871324827
 1.0
 0.3970609128675174
 1.8087053066177043
 0.0
 0.0
 0.0
 0.39706091286751727
 0.0
 0.0
 2.0
 1.0
 0.05431444607663134
 0.0
 0.0
 4.464885949706441
 3.535114050293559
 0.0
 0.0
 0.6903292813866342
 0.8182824861886056
 1.4913882324247603
 2.0
 6.0
 0.0
 1.8443077863102528
 1.0
 0.0
 0.0
 0.0
 0.0
 0.0
 0.0
 5.0
 2.0109975768772475
 2.0
 0.0
 0.0
 1.0000000000000002
 2.0
 0.0
 0.0
q_opt: 1-dimensional DenseAxisArray{Float64,1,...} with index sets:
    Dimension 1, [(43, 15), (43, 14), (44, 15), (44, 13), (44, 3), (40, 14), (40, 2), (41, 14), (42, 6), (37, 13)  …  (4, 13), (5, 2), (5, 7), (5, 9), (6, 11), (1, 1), (1, 6), (1, 3), (2, 1), (2, 15)]
And data, a 71-element Vector{Float64}:
 0.0
 0.0
 0.0
 0.784425832458265
 0.21161313183028255
 1.0
 0.0
 0.0
 0.0
 0.0
 0.0
 1.0
 0.0
 0.0
 0.35562554730598517
 0.0
 0.0
 0.0
 0.6254783213635109
 0.0
 0.0
 0.0
 1.0
 0.2758013430069303
 0.2715744963724011
 0.0
 0.3745216786364891
 0.0
 1.0
 0.0
 0.5689757048305876
 0.21557416754173503
 0.0
 0.0
 0.0
 0.0
 0.0
 0.0
 0.43102429516941254
 0.0
 0.0
 0.0
 1.0
 0.0
 0.0
 0.7241986569930696
 0.0
 0.7979740493190903
 0.0
 0.0
 0.0
 0.0
 0.0
 0.0
 0.0
 1.0
 0.0
 0.7883868681697174
 0.0
 0.0
 0.0
 0.0
 0.0
 0.20202595068090975
 1.0
 0.0
 0.0
 0.3727999563216137
 0.0
 0.0
 1.0
