
PROBLEM STATISTICS
  Objective sense = Min
  # Variables = 572
  # Bin-Int Variables = 0
  # Constraints = 621
  # NL Constraints = 261
  # Linear Constraints = 360
  # Detected convex constraints = 0
  # Detected nonlinear terms = 261
  # Variables involved in nonlinear terms = 124
  # Potential variables for partitioning = 124
SUB-SOLVERS USED BY ALPINE
  NLP local solver = Knitro
  MIP solver = Gurobi
ALPINE CONFIGURATION
  Maximum iterations (lower-bounding MIPs) =  1
  Relative global optimality gap = 0.01%
  Potential variables chosen for partitioning = All
  Discretization ratio = 10
  Bound-tightening presolve = false
PRESOLVE 
  Doing local search

Feasible solution found during presolve: [0.9810097557503344, 1.1733764196894394, 0.0, 1.0189902442496657, 1.2188045200239919, 0.0, 0.0, 0.0, 0.0, 0.0, 0.0, 0.0, 0.0, 0.0, 0.0, 0.0, 1.8503360604391537, 0.0, 0.0, 1.1496639395608463, 0.0, 0.0, 0.0, 0.0, 0.0, 0.0, 0.0, 0.0, 0.0, 2.782283565551787, 1.8067321741945037, 0.0, 0.0, 0.0, 0.0, 0.0, 0.0, 0.0, 0.0, 0.0, 0.0, 2.0680524948873664, 1.3429317653663415, 0.0, 0.0, 0.0, 0.0, 0.0, 0.0, 0.0, 0.0, 0.0, 0.0, 0.0, 0.0, 0.0, 0.0, 0.0, 0.0, 1.9187650850318665, 1.0, 0.0, 0.0, 0.0, 0.0, 0.0, 0.0, 0.0, 0.0, 0.0, 0.0, 0.20072983272639489, 0.6021894981791847, 0.0, 0.75, 2.25, 0.0, 0.5657568551708185, 1.6972705655124556, 0.0, 0.0, 0.0, 0.0, 0.0, 0.0, 0.0, 0.0, 0.0, 0.0, 0.0, 0.0, 0.0, 0.48351331210278653, 1.4505399363083598, 0.0, 0.0, 0.0, 0.0, 0.0, 0.0, 0.0, 1.1452855822397043, 0.8114869524828093, 1.0432274652774862, 0.0, 0.0, 0.0, 0.0, 0.0, 0.0, 0.0, 0.0, 0.0, 0.0, 0.0, 0.0, 0.0, 0.0, 3.4137380222173657, 1.6977011118759364, 0.0, 0.0, 0.0, 1.929161200739599, 0.9593996651670987, 0.0, 0.0, 0.0, 0.0, 0.0, 0.0, 0.0, 0.0, 0.0, 0.0, 0.0, 0.0, 0.0, 0.0, 0.0, 0.0, 0.0, 0.0, 0.0, 0.0, 0.0, 0.0, 0.0, 0.0, 0.0, 0.0, 0.0, 0.0, 0.4913150528778173, 0.24565752643890867, 0.0, 0.0, 1.5086849471221828, 0.7543424735610914, 0.0, 0.0, 0.0, 0.0, 0.0, 0.0, 0.0, 0.0, 0.0, 0.0, 0.0, 0.0, 0.0, 0.0, 1.8798094741327096, 0.0, 0.0, 0.0, 0.5539854504172254, 0.0, 0.0, 0.0, 0.0, 0.0, 0.0, 0.0, 0.0, 0.0, 0.0, 0.0, 0.0, 0.0, 0.0, 0.0, 0.0, 1.4460145495827745, 0.9700149720536987, 0.5839704783635269, 0.0, 0.0, 0.0, 0.0, 0.0, 0.0, 0.0, 0.0, 0.0, 1.4664928582452583, 0.7332464291226292, 0.0, 0.5335071417547417, 0.26675357087737084, 0.0, 0.0, 0.0, 0.0, 0.0, 0.0, 0.0, 0.0, 0.0, 0.0, 0.0, 0.0, 0.0, 0.0, 0.5208270783592414, 0.5670167113962674, 0.0, 0.0, 0.0, 0.0, 0.0, 0.0, 0.0, 0.0, 0.0, 0.0, 0.0, 0.0, 0.0, 0.0, 0.0, 0.0, 0.0, 0.0, 0.0, 0.0, 0.0, 0.0, 0.0, 0.0, 0.0, 0.0, 0.0, 0.0, 0.0, 0.0, 2.0, 2.2663655820756277, 0.0, 1.0, 0.0, 0.0, 0.0, 2.1997392873678874, 4.58901573974629, 1.0878437897555089, 0.0, 0.0, 0.8029193309055795, 0.8002607126321126, 0.0, 3.0, 0.0, 0.0, 3.0, 0.0, 0.0, 0.0, 5.111439134093302, 0.0, 0.0, 0.0, 3.0, 0.736972579316726, 2.263027420683274, 0.0, 2.8885608659066975, 0.0, 2.433794924549935, 0.0, 2.154386175439774, 0.0, 0.0, 0.0, 0.0, 0.0, 0.0, 0.0, 2.2377947642736573, 0.0, 0.0, 0.0, 2.918765085031866, 0.0, 0.0, 2.263027420683274, 0.0, 3.0, 0.0, 0.0, 0.0, 0.0, 0.0, 0.0, 0.0, 0.0, 0.0, 0.0, 0.0, 0.0, 0.0, 0.0, 0.0, 0.0, 0.0, 0.0, 0.0, 1.9340532484111461, 3.410984260253708, 0.0, 5.266365582075627, 2.0, 2.2663655820756277, 0.0, 1.0, 0.5208270783592414, 0.5670167113962674, 0.0, 0.0, 2.0, 1.0, 0.0, 1.4460145495827745, 0.9700149720536987, 0.5839704783635269, 1.8798094741327096, 0.0, 0.0, 0.0, 0.5539854504172254, 0.0, 0.0, 2.0, 1.0, 0.0, 0.0, 0.0, 5.342899222956965, 2.6571007770430355, 0.0, 0.0, 1.1452855822397043, 0.8114869524828093, 1.0432274652774862, 2.0, 6.0, 0.0, 1.9187650850318665, 1.0, 0.0, 0.0, 0.0, 0.0, 0.0, 0.0, 4.850336060439154, 3.1496639395608454, 1.8503360604391537, 0.0, 0.0, 1.1496639395608463, 2.0, 2.3921809397134313, 0.0, 0.0, 0.12019052586729057, 1.6492815458998156, 0.0, 0.0, 0.0, 1.4791729216407588, 0.0, 0.0, 0.0, 0.0, 0.0, 0.0, 0.0, 0.0, 0.0, 0.0, 0.0, 0.23779476427365756, 0.0, 0.0, 0.0, 0.0, 0.0, 0.0, 0.0, 0.0, 2.0, 0.0, 0.0, 0.0, 0.0, 0.0, 0.0, 0.0, 0.0, 0.0, 0.0, 0.0, 0.0, 0.0, 0.0, 0.0, 0.35071845410018454, 0.0, 0.0, 0.0, 0.0, 0.0, 0.0, 0.0, 0.0, 0.0, 0.0, 0.0, 0.5662050754500652, 0.0, 0.6571007770430356, 0.18851304751719064, 2.0, 0.0, 0.0, 0.0, 0.0, 6.0, 0.0, 0.0, 0.0, 0.0, 0.7622052357263425, 0.0, 0.0, 0.0, 0.0, 0.0, 0.0, 0.4329832886037327, 0.7113121754155458, 0.0, 0.0, 0.0, 0.0, 0.0, 0.0, 0.0, 0.0, 0.0, 0.0812349149681337, 0.0, 0.0, 0.14966393956084637, 1.2886878245844544, 0.0, 0.0, 0.0, 0.0, 0.0, 0.0, 0.0, 0.0, 0.0, 0.0, 0.0, 0.0, 0.0, 0.7943285493805331, 0.0, 0.0, 0.0, 0.0, 0.0603858683797628, 0.0, 0.029985027946301337, 2.5645915950090825, 0.0, 0.0, 0.0, 0.0, 0.0, 0.7332464291226292, 0.5736269674682863, 1.0, 0.0, 0.0, 0.10036491636319744, 0.26675357087737084, 0.0, 1.0, 0.0, 0.0, 0.375, 0.0, 0.0, 0.0, 0.6389298917616627, 0.0, 0.0, 0.0, 1.0, 0.24565752643890867, 0.28287842758540926, 0.0, 0.3610701082383372, 0.0, 1.0, 1.0, 0.4905048778751672, 0.0, 0.0, 0.0, 0.0, 0.0, 0.0, 0.0, 0.5094951221248328, 0.0, 0.0, 0.0, 1.0, 0.0, 0.0, 0.7543424735610914, 0.0, 1.0, 0.0, 0.0, 0.0, 0.0, 0.0, 0.0, 0.0, 1.0, 0.0, 0.0, 0.0, 0.0, 0.0, 0.0, 0.0, 0.0, 0.0, 0.0, 0.0, 0.24175665605139326, 0.4263730325317135, 0.0, 1.0]  :with objective: -614.3802326687288

  Local solver returns a feasible point with value -614.3802
disc:  333  :[0.0, 1.8, 2.0]
disc:  334  :[0.0, 1.6663655820756276, 2.8663655820756277, 6.0]
disc:  335  :[0.0, 0.1, 1.0]
disc:  336  :[0.0, 0.9, 1.0]
disc:  337  :[0.0, 0.32082707835924135, 0.7208270783592414, 2.0]
disc:  338  :[0.0, 0.46701671139626744, 0.6670167113962674, 1.0]
disc:  339  :[0.0, 0.2, 2.0]
disc:  340  :[0.0, 0.2, 2.0]
disc:  341  :[0.0, 1.8, 2.0]
disc:  342  :[0.0, 0.9, 1.0]
disc:  343  :[0.0, 0.2, 2.0]
disc:  344  :[0.0, 1.2460145495827746, 1.6460145495827745, 2.0]
disc:  345  :[0.0, 0.8700149720536987, 1.0]
disc:  346  :[0.0, 0.2839704783635269, 0.8839704783635269, 3.0]
disc:  347  :[0.0, 1.6798094741327096, 2.0]
disc:  348  :[0.0, 0.6, 6.0]
disc:  349  :[0.0, 0.2, 2.0]
disc:  350  :[0.0, 0.1, 1.0]
disc:  351  :[0.0, 0.35398545041722534, 0.7539854504172254, 2.0]
disc:  352  :[0.0, 0.6, 6.0]
disc:  353  :[0.0, 0.1, 1.0]
disc:  354  :[0.0, 1.8, 2.0]
disc:  355  :[0.0, 0.9, 1.0]
disc:  356  :[0.0, 0.2, 2.0]
disc:  357  :[0.0, 0.1, 1.0]
disc:  358  :[0.0, 0.2, 2.0]
disc:  359  :[0.0, 4.742899222956965, 5.942899222956965, 6.0]
disc:  360  :[0.0, 2.0571007770430354, 3.2571007770430356, 6.0]
disc:  361  :[0.0, 0.2, 2.0]
disc:  362  :[0.0, 0.1, 1.0]
disc:  363  :[0.0, 0.9452855822397044, 1.3452855822397043, 2.0]
disc:  364  :[0.0, 0.7114869524828094, 0.9114869524828093, 1.0]
disc:  365  :[0.0, 0.7432274652774862, 1.3432274652774863, 3.0]
disc:  366  :[0.0, 1.8, 2.0]
disc:  367  :[0.0, 5.4, 6.0]
disc:  368  :[0.0, 0.2, 2.0]
disc:  369  :[0.0, 1.7187650850318665, 2.0]
disc:  370  :[0.0, 0.9, 1.0]
disc:  371  :[0.0, 0.2, 2.0]
disc:  372  :[0.0, 0.2, 2.0]
disc:  373  :[0.0, 0.2, 2.0]
disc:  374  :[0.0, 0.6, 6.0]
disc:  375  :[0.0, 0.2, 2.0]
disc:  376  :[0.0, 0.2, 2.0]
disc:  377  :[0.0, 4.250336060439154, 5.450336060439153, 6.0]
disc:  378  :[0.0, 2.5496639395608454, 3.7496639395608455, 6.0]
disc:  379  :[0.0, 1.6503360604391537, 2.0]
disc:  380  :[0.0, 0.1, 1.0]
disc:  381  :[0.0, 0.3, 3.0]
disc:  382  :[0.0, 0.8496639395608463, 1.4496639395608464, 3.0]
disc:  383  :[0.0, 1.8, 2.0]
disc:  384  :[0.0, 1.7921809397134312, 2.9921809397134314, 6.0]
disc:  385  :[0.0, 0.2, 2.0]
disc:  502  :[0.0, 0.1, 1.0]
disc:  503  :[0.0, 0.1, 1.0]
disc:  504  :[0.0, 0.1, 1.0]
disc:  505  :[0.0, 0.6332464291226292, 0.8332464291226291, 1.0]
disc:  506  :[0.0, 0.47362696746828636, 0.6736269674682863, 1.0]
disc:  507  :[0.0, 0.9, 1.0]
disc:  508  :[0.0, 0.1, 1.0]
disc:  509  :[0.0, 0.1, 1.0]
disc:  510  :[0.0, 0.00036491636319743725, 0.20036491636319745, 1.0]
disc:  511  :[0.0, 0.16675357087737083, 0.3667535708773708, 1.0]
disc:  512  :[0.0, 0.1, 1.0]
disc:  513  :[0.0, 0.9, 1.0]
disc:  514  :[0.0, 0.1, 1.0]
disc:  515  :[0.0, 0.1, 1.0]
disc:  516  :[0.0, 0.275, 0.475, 1.0]
disc:  517  :[0.0, 0.1, 1.0]
disc:  518  :[0.0, 0.1, 1.0]
disc:  519  :[0.0, 0.1, 1.0]
disc:  520  :[0.0, 0.5389298917616627, 0.7389298917616627, 1.0]
disc:  521  :[0.0, 0.1, 1.0]
disc:  522  :[0.0, 0.1, 1.0]
disc:  523  :[0.0, 0.1, 1.0]
disc:  524  :[0.0, 0.9, 1.0]
disc:  525  :[0.0, 0.14565752643890867, 0.3456575264389087, 1.0]
disc:  526  :[0.0, 0.18287842758540926, 0.38287842758540924, 1.0]
disc:  527  :[0.0, 0.1, 1.0]
disc:  528  :[0.0, 0.2610701082383372, 0.46107010823833716, 1.0]
disc:  529  :[0.0, 0.1, 1.0]
disc:  530  :[0.0, 0.9, 1.0]
disc:  531  :[0.0, 0.9, 1.0]
disc:  532  :[0.0, 0.3905048778751672, 0.5905048778751673, 1.0]
disc:  533  :[0.0, 0.1, 1.0]
disc:  534  :[0.0, 0.1, 1.0]
disc:  535  :[0.0, 0.1, 1.0]
disc:  536  :[0.0, 0.1, 1.0]
disc:  537  :[0.0, 0.1, 1.0]
disc:  538  :[0.0, 0.1, 1.0]
disc:  539  :[0.0, 0.1, 1.0]
disc:  540  :[0.0, 0.40949512212483286, 0.6094951221248328, 1.0]
disc:  541  :[0.0, 0.1, 1.0]
disc:  542  :[0.0, 0.1, 1.0]
disc:  543  :[0.0, 0.1, 1.0]
disc:  544  :[0.0, 0.9, 1.0]
disc:  545  :[0.0, 0.1, 1.0]
disc:  546  :[0.0, 0.1, 1.0]
disc:  547  :[0.0, 0.6543424735610914, 0.8543424735610914, 1.0]
disc:  548  :[0.0, 0.1, 1.0]
disc:  549  :[0.0, 0.9, 1.0]
disc:  550  :[0.0, 0.1, 1.0]
disc:  551  :[0.0, 0.1, 1.0]
disc:  552  :[0.0, 0.1, 1.0]
disc:  553  :[0.0, 0.1, 1.0]
disc:  554  :[0.0, 0.1, 1.0]
disc:  555  :[0.0, 0.1, 1.0]
disc:  556  :[0.0, 0.1, 1.0]
disc:  557  :[0.0, 0.9, 1.0]
disc:  558  :[0.0, 0.1, 1.0]
disc:  559  :[0.0, 0.1, 1.0]
disc:  560  :[0.0, 0.1, 1.0]
disc:  561  :[0.0, 0.1, 1.0]
disc:  562  :[0.0, 0.1, 1.0]
disc:  563  :[0.0, 0.1, 1.0]
disc:  564  :[0.0, 0.1, 1.0]
disc:  565  :[0.0, 0.1, 1.0]
disc:  566  :[0.0, 0.1, 1.0]
disc:  567  :[0.0, 0.1, 1.0]
disc:  568  :[0.0, 0.1, 1.0]
disc:  569  :[0.0, 0.14175665605139326, 0.34175665605139327, 1.0]
disc:  570  :[0.0, 0.32637303253171346, 0.5263730325317135, 1.0]
disc:  571  :[0.0, 0.1, 1.0]
disc:  572  :[0.0, 0.9, 1.0]
  Completed presolve in 6.53s
LOWER-BOUNDING ITERATIONS
====================================================================================================
| Iter   | Incumbent       | Best Incumbent      | Lower Bound        | Gap (%)         | Time      
| finish | -614.3802       | -614.3802           | -622.3068          | 1.29            | 34.53s           
Final UBD: -614.3802326687288
Final LBD: -622.3068395402722
====================================================================================================

*** Alpine ended with status OTHER_LIMIT ***

 Total time for local solves: 3.91s

 Total time for solving max-min problems: 0.0s

 Total time excluding max-min time: 34.53s

presolve objective value: -614.3802326687288
w_opt: 1-dimensional DenseAxisArray{Float64,1,...} with index sets:
    Dimension 1, [(25, 1, 2), (25, 1, 1), (25, 1, 14), (20, 1, 2), (20, 1, 1), (20, 1, 14), (1, 1, 2), (1, 1, 1), (1, 1, 14), (2, 1, 2)  …  (20, 15, 23), (20, 15, 3), (8, 15, 30), (8, 15, 29), (8, 15, 23), (8, 15, 3), (2, 15, 30), (2, 15, 29), (2, 15, 23), (2, 15, 3)]
And data, a 261-element Vector{Float64}:
 0.9810097557503344
 1.1733764196894394
 0.0
 1.0189902442496657
 1.2188045200239919
 0.0
 0.0
 0.0
 0.0
 0.0
 0.0
 0.0
 0.0
 0.0
 0.0
 0.0
 1.8503360604391537
 0.0
 0.0
 1.1496639395608463
 0.0
 0.0
 0.0
 0.0
 0.0
 0.0
 0.0
 0.0
 0.0
 2.782283565551787
 1.8067321741945037
 0.0
 0.0
 0.0
 0.0
 0.0
 0.0
 0.0
 0.0
 0.0
 0.0
 2.0680524948873664
 1.3429317653663415
 0.0
 0.0
 0.0
 0.0
 0.0
 0.0
 0.0
 0.0
 0.0
 0.0
 0.0
 0.0
 0.0
 0.0
 0.0
 0.0
 1.9187650850318665
 1.0
 0.0
 0.0
 0.0
 0.0
 0.0
 0.0
 0.0
 0.0
 0.0
 0.0
 0.20072983272639489
 0.6021894981791847
 0.0
 0.75
 2.25
 0.0
 0.5657568551708185
 1.6972705655124556
 0.0
 0.0
 0.0
 0.0
 0.0
 0.0
 0.0
 0.0
 0.0
 0.0
 0.0
 0.0
 0.0
 0.48351331210278653
 1.4505399363083598
 0.0
 0.0
 0.0
 0.0
 0.0
 0.0
 0.0
 1.1452855822397043
 0.8114869524828093
 1.0432274652774862
 0.0
 0.0
 0.0
 0.0
 0.0
 0.0
 0.0
 0.0
 0.0
 0.0
 0.0
 0.0
 0.0
 0.0
 3.4137380222173657
 1.6977011118759364
 0.0
 0.0
 0.0
 1.929161200739599
 0.9593996651670987
 0.0
 0.0
 0.0
 0.0
 0.0
 0.0
 0.0
 0.0
 0.0
 0.0
 0.0
 0.0
 0.0
 0.0
 0.0
 0.0
 0.0
 0.0
 0.0
 0.0
 0.0
 0.0
 0.0
 0.0
 0.0
 0.0
 0.0
 0.0
 0.4913150528778173
 0.24565752643890867
 0.0
 0.0
 1.5086849471221828
 0.7543424735610914
 0.0
 0.0
 0.0
 0.0
 0.0
 0.0
 0.0
 0.0
 0.0
 0.0
 0.0
 0.0
 0.0
 0.0
 1.8798094741327096
 0.0
 0.0
 0.0
 0.5539854504172254
 0.0
 0.0
 0.0
 0.0
 0.0
 0.0
 0.0
 0.0
 0.0
 0.0
 0.0
 0.0
 0.0
 0.0
 0.0
 0.0
 1.4460145495827745
 0.9700149720536987
 0.5839704783635269
 0.0
 0.0
 0.0
 0.0
 0.0
 0.0
 0.0
 0.0
 0.0
 1.4664928582452583
 0.7332464291226292
 0.0
 0.5335071417547417
 0.26675357087737084
 0.0
 0.0
 0.0
 0.0
 0.0
 0.0
 0.0
 0.0
 0.0
 0.0
 0.0
 0.0
 0.0
 0.0
 0.5208270783592414
 0.5670167113962674
 0.0
 0.0
 0.0
 0.0
 0.0
 0.0
 0.0
 0.0
 0.0
 0.0
 0.0
 0.0
 0.0
 0.0
 0.0
 0.0
 0.0
 0.0
 0.0
 0.0
 0.0
 0.0
 0.0
 0.0
 0.0
 0.0
 0.0
 0.0
 0.0
 0.0
 2.0
 2.2663655820756277
 0.0
 1.0
x_ij_opt: 1-dimensional DenseAxisArray{Float64,1,...} with index sets:
    Dimension 1, [(43, 30), (43, 22), (43, 6), (44, 22), (45, 30), (45, 29), (45, 28), (45, 24), (45, 23), (40, 29)  …  (5, 7), (5, 14), (6, 4), (6, 3), (1, 14), (1, 10), (1, 23), (1, 1), (3, 2), (3, 1)]
And data, a 116-element Vector{Float64}:
 0.0
 0.12019052586729057
 1.6492815458998156
 0.0
 0.0
 0.0
 1.4791729216407588
 0.0
 0.0
 0.0
 0.0
 0.0
 0.0
 0.0
 0.0
 0.0
 0.0
 0.0
 0.23779476427365756
 0.0
 0.0
 0.0
 0.0
 0.0
 0.0
 0.0
 0.0
 2.0
 0.0
 0.0
 0.0
 0.0
 0.0
 0.0
 0.0
 0.0
 0.0
 0.0
 0.0
 0.0
 0.0
 0.0
 0.0
 0.35071845410018454
 0.0
 0.0
 0.0
 0.0
 0.0
 0.0
 0.0
 0.0
 0.0
 0.0
 0.0
 0.5662050754500652
 0.0
 0.6571007770430356
 0.18851304751719064
 2.0
 0.0
 0.0
 0.0
 0.0
 6.0
 0.0
 0.0
 0.0
 0.0
 0.7622052357263425
 0.0
 0.0
 0.0
 0.0
 0.0
 0.0
 0.4329832886037327
 0.7113121754155458
 0.0
 0.0
 0.0
 0.0
 0.0
 0.0
 0.0
 0.0
 0.0
 0.0812349149681337
 0.0
 0.0
 0.14966393956084637
 1.2886878245844544
 0.0
 0.0
 0.0
 0.0
 0.0
 0.0
 0.0
 0.0
 0.0
 0.0
 0.0
 0.0
 0.0
 0.7943285493805331
 0.0
 0.0
 0.0
 0.0
 0.0603858683797628
 0.0
 0.029985027946301337
 2.5645915950090825
 0.0
 0.0
x_il_opt: 1-dimensional DenseAxisArray{Float64,1,...} with index sets:
    Dimension 1, [(43, 15), (43, 14), (44, 15), (44, 13), (44, 3), (40, 14), (40, 2), (41, 14), (42, 6), (37, 13)  …  (4, 13), (5, 2), (5, 7), (5, 9), (6, 11), (1, 1), (1, 6), (1, 3), (2, 1), (2, 15)]
And data, a 71-element Vector{Float64}:
 0.0
 0.0
 0.0
 2.1997392873678874
 4.58901573974629
 1.0878437897555089
 0.0
 0.0
 0.8029193309055795
 0.8002607126321126
 0.0
 3.0
 0.0
 0.0
 3.0
 0.0
 0.0
 0.0
 5.111439134093302
 0.0
 0.0
 0.0
 3.0
 0.736972579316726
 2.263027420683274
 0.0
 2.8885608659066975
 0.0
 2.433794924549935
 0.0
 2.154386175439774
 0.0
 0.0
 0.0
 0.0
 0.0
 0.0
 0.0
 2.2377947642736573
 0.0
 0.0
 0.0
 2.918765085031866
 0.0
 0.0
 2.263027420683274
 0.0
 3.0
 0.0
 0.0
 0.0
 0.0
 0.0
 0.0
 0.0
 0.0
 0.0
 0.0
 0.0
 0.0
 0.0
 0.0
 0.0
 0.0
 0.0
 0.0
 0.0
 1.9340532484111461
 3.410984260253708
 0.0
 5.266365582075627
x_lj_opt: 1-dimensional DenseAxisArray{Float64,1,...} with index sets:
    Dimension 1, [(15, 30), (15, 29), (15, 23), (15, 3), (14, 28), (14, 27), (14, 10), (14, 24), (13, 26), (13, 25)  …  (3, 6), (3, 5), (3, 29), (2, 4), (2, 3), (2, 1), (2, 5), (1, 2), (1, 1), (1, 14)]
And data, a 53-element Vector{Float64}:
 2.0
 2.2663655820756277
 0.0
 1.0
 0.5208270783592414
 0.5670167113962674
 0.0
 0.0
 2.0
 1.0
 0.0
 1.4460145495827745
 0.9700149720536987
 0.5839704783635269
 1.8798094741327096
 0.0
 0.0
 0.0
 0.5539854504172254
 0.0
 0.0
 2.0
 1.0
 0.0
 0.0
 0.0
 5.342899222956965
 2.6571007770430355
 0.0
 0.0
 1.1452855822397043
 0.8114869524828093
 1.0432274652774862
 2.0
 6.0
 0.0
 1.9187650850318665
 1.0
 0.0
 0.0
 0.0
 0.0
 0.0
 0.0
 4.850336060439154
 3.1496639395608454
 1.8503360604391537
 0.0
 0.0
 1.1496639395608463
 2.0
 2.3921809397134313
 0.0
q_opt: 1-dimensional DenseAxisArray{Float64,1,...} with index sets:
    Dimension 1, [(43, 15), (43, 14), (44, 15), (44, 13), (44, 3), (40, 14), (40, 2), (41, 14), (42, 6), (37, 13)  …  (4, 13), (5, 2), (5, 7), (5, 9), (6, 11), (1, 1), (1, 6), (1, 3), (2, 1), (2, 15)]
And data, a 71-element Vector{Float64}:
 0.0
 0.0
 0.0
 0.7332464291226292
 0.5736269674682863
 1.0
 0.0
 0.0
 0.10036491636319744
 0.26675357087737084
 0.0
 1.0
 0.0
 0.0
 0.375
 0.0
 0.0
 0.0
 0.6389298917616627
 0.0
 0.0
 0.0
 1.0
 0.24565752643890867
 0.28287842758540926
 0.0
 0.3610701082383372
 0.0
 1.0
 1.0
 0.4905048778751672
 0.0
 0.0
 0.0
 0.0
 0.0
 0.0
 0.0
 0.5094951221248328
 0.0
 0.0
 0.0
 1.0
 0.0
 0.0
 0.7543424735610914
 0.0
 1.0
 0.0
 0.0
 0.0
 0.0
 0.0
 0.0
 0.0
 1.0
 0.0
 0.0
 0.0
 0.0
 0.0
 0.0
 0.0
 0.0
 0.0
 0.0
 0.0
 0.24175665605139326
 0.4263730325317135
 0.0
 1.0
