
PROBLEM STATISTICS
  Objective sense = Min
  # Variables = 572
  # Bin-Int Variables = 0
  # Constraints = 621
  # NL Constraints = 261
  # Linear Constraints = 360
  # Detected convex constraints = 0
  # Detected nonlinear terms = 261
  # Variables involved in nonlinear terms = 124
  # Potential variables for partitioning = 124
SUB-SOLVERS USED BY ALPINE
  NLP local solver = Knitro
  MIP solver = Gurobi
ALPINE CONFIGURATION
  Maximum iterations (lower-bounding MIPs) =  1
  Relative global optimality gap = 0.01%
  Potential variables chosen for partitioning = All
  Discretization ratio = 10
  Bound-tightening presolve = false
PRESOLVE 
  Doing local search

Feasible solution found during presolve: [1.4211396907485039, 0.0, 0.0, 0.5788603092514961, 0.0, 0.0, 0.0, 0.0, 0.0, 0.0, 0.0, 0.0, 0.0, 0.0, 0.0, 0.0, 0.0, 0.0, 0.43071791118723507, 2.569282088812765, 0.0, 0.0, 0.0, 0.0, 0.0, 0.0, 0.0, 0.0, 0.0, 0.8034264228654959, 0.23283699437917546, 0.0, 0.0, 0.0, 0.0, 2.6272914883217395, 0.7614022094481652, 0.0, 0.0, 0.0, 0.0, 0.0, 0.0, 0.0, 0.0, 0.0, 0.0, 0.0, 0.0, 0.0, 0.0, 0.0, 0.0, 0.0, 0.0, 0.0, 0.0, 0.0, 0.0, 2.0, 1.0, 0.0, 0.0, 0.0, 0.0, 0.0, 0.0, 0.0, 0.0, 0.0, 0.0, 0.0, 0.0, 0.0, 0.6438600125038862, 1.9315800375116587, 0.0, 0.7499999999999999, 2.25, 0.0, 0.0, 0.0, 0.0, 0.0, 0.0, 0.0, 0.0, 0.0, 0.0, 0.0, 0.0, 0.0, 0.6061399874961139, 1.8184199624883415, 0.0, 0.0, 0.0, 0.0, 0.0, 0.0, 0.0, 2.0, 0.9380451291164567, 0.06195487088354331, 0.0, 0.0, 0.0, 0.0, 0.0, 0.0, 0.0, 0.0, 0.0, 0.0, 0.0, 0.0, 0.0, 0.0, 3.467359890918315, 2.720080223494156, 0.0, 0.0, 0.0, 1.015734670713732, 0.7968252148737968, 0.0, 0.0, 0.0, 0.0, 0.0, 0.0, 0.0, 0.0, 0.0, 0.0, 0.0, 0.0, 0.0, 0.0, 0.0, 0.0, 0.0, 0.0, 0.0, 0.0, 0.0, 0.0, 0.0, 0.0, 0.0, 0.0, 0.0, 0.0, 0.0, 0.0, 0.0, 0.0, 0.0, 0.0, 0.0, 0.0, 0.0, 0.0, 0.0, 0.0, 0.0, 0.0, 0.0, 0.0, 0.0, 0.0, 0.0, 0.0, 1.5379575576145155, 0.0, 0.0, 0.0, 0.4998441877324414, 0.0, 0.0, 0.0, 0.0, 0.0, 0.0, 0.0, 0.0, 0.0, 0.0, 0.0, 0.0, 0.0, 0.0, 0.0, 0.0, 1.5001558122675587, 0.9318871679136768, 0.5679570198187646, 0.0, 0.0, 0.0, 0.0, 0.0, 0.0, 0.0, 0.0, 0.0, 1.4627353322084855, 0.7313676661042426, 0.0, 0.5372646677915146, 0.2686323338957571, 0.0, 0.0, 0.0, 0.0, 0.0, 0.0, 0.0, 0.0, 0.0, 0.0, 0.0, 0.0, 0.0, 0.0, 0.7211719172840175, 0.9268018951184284, 0.0, 0.0, 0.0, 0.0, 0.0, 0.0, 0.0, 0.0, 0.0, 0.0, 0.0, 0.0, 0.0, 0.0, 0.0, 0.0, 0.0, 0.0, 0.0, 0.0, 0.0, 0.0, 0.0, 0.0, 0.0, 0.0, 0.0, 0.0, 0.0, 0.0, 0.8851702771565227, 4.437803776353896, 0.0, 0.8036745746572733, 0.0, 0.0, 0.0, 2.194102998312728, 1.0362634172446714, 1.647973812402446, 0.0, 0.0, 0.0, 0.8058970016872716, 0.0, 3.0, 0.0, 0.0, 2.575440050015545, 0.0, 0.0, 0.0, 6.187440114412471, 0.0, 0.0, 0.0, 3.0, 0.0, 3.0, 0.0, 1.812559885587529, 0.0, 2.037801745346957, 0.0, 1.4211396907485039, 0.0, 0.0, 0.0, 0.0, 0.0, 0.0, 0.0, 0.5788603092514961, 0.0, 0.0, 0.0, 3.0, 0.0, 0.0, 0.0, 0.0, 3.0, 0.0, 0.0, 0.0, 0.0, 0.0, 0.0, 0.0, 0.0, 0.0, 3.3886936977699045, 0.0, 0.0, 0.0, 0.0, 0.0, 0.0, 0.0, 0.0, 0.0, 2.4245599499844555, 0.0, 0.0, 6.126648628167692, 0.8851702771565227, 4.437803776353896, 0.0, 0.8036745746572733, 0.7211719172840175, 0.9268018951184284, 0.0, 0.0, 2.0, 1.0, 0.0, 1.5001558122675587, 0.9318871679136768, 0.5679570198187646, 1.5379575576145155, 0.0, 0.0, 0.0, 0.4998441877324414, 0.0, 0.0, 0.0, 0.0, 0.0, 0.0, 0.0, 4.483094561632047, 3.5169054383679526, 0.0, 0.0, 2.0, 0.9380451291164568, 0.06195487088354331, 2.0, 6.0, 0.0, 2.0, 1.0, 0.0, 0.0, 0.0, 0.0, 0.0, 0.0, 3.4307179111872355, 0.9942392038273407, 0.0, 0.0, 0.43071791118723507, 2.569282088812765, 2.0, 0.0, 0.0, 0.0, 0.4620424423854846, 1.5482665012476011, 0.0, 1.1148297228434771, 0.0, 1.2788280827159826, 0.0, 0.0, 0.0, 0.0, 0.0, 0.0, 0.0, 0.0, 0.0, 0.0, 0.0, 0.26421290161562966, 0.0, 0.0, 0.0, 0.0, 0.0, 0.0, 0.0, 0.0, 2.0, 0.0, 0.0, 0.0, 0.0, 0.0, 0.0, 0.0, 0.0, 0.0, 0.0, 0.0, 0.0, 0.0, 0.0, 0.0, 0.4517334987523991, 0.0, 0.0, 0.0, 0.0, 0.0, 0.0, 0.0, 0.0, 0.0, 0.0, 0.0, 0.9621982546530429, 0.0, 1.5169054383679528, 0.06195487088354328, 2.0, 0.0, 0.0, 0.0, 0.0, 6.0, 0.0, 0.0, 0.0, 0.0, 0.7357870983843703, 0.0, 0.0, 0.0, 0.0, 0.0, 0.0, 0.07319810488157165, 0.5753894831327652, 0.0, 0.0, 0.0, 0.0, 0.0, 0.0, 0.0, 0.0, 0.0, 0.0, 0.0, 0.0, 0.0, 1.4246105168672347, 0.10411016458000885, 0.0, 0.0, 0.0, 0.0, 0.0, 0.0, 0.1963254253427267, 0.0, 0.0, 0.0, 0.0, 0.0, 0.0, 0.0, 0.0, 0.0, 0.0, 0.0, 0.0, 0.06811283208632324, 5.507327217929221, 0.0, 0.0, 0.0, 0.0, 0.0, 0.7313676661042428, 0.23418609272584054, 1.0, 0.0, 0.0, 0.0, 0.26863233389575725, 0.0, 1.0, 0.0, 0.0, 0.3219300062519431, 0.0, 0.0, 0.0, 0.7734300143015589, 0.0, 0.0, 0.0, 1.0, 1.0, 0.37500000000000006, 0.0, 0.2265699856984411, 0.0, 1.0, 1.0, 0.7105698453742519, 0.0, 0.0, 0.0, 0.0, 0.0, 0.0, 0.0, 0.28943015462574806, 0.0, 0.0, 0.0, 1.0, 0.0, 0.0, 0.0, 0.0, 1.0, 0.0, 0.0, 0.0, 0.0, 0.0, 0.0, 0.0, 1.0, 0.0, 0.7658139072741594, 0.0, 0.0, 0.0, 0.0, 0.0, 0.0, 0.0, 0.0, 0.0, 0.30306999374805693, 0.0, 0.0, 1.0]  :with objective: -614.6176630610358

  Local solver returns a feasible point with value -614.6177
disc:  333  :[0.0, 0.6851702771565227, 1.0851702771565228, 2.0]
disc:  334  :[0.0, 3.8378037763538955, 5.037803776353895, 6.0]
disc:  335  :[0.0, 0.1, 1.0]
disc:  336  :[0.0, 0.7036745746572733, 0.9036745746572733, 1.0]
disc:  337  :[0.0, 0.5211719172840175, 0.9211719172840176, 2.0]
disc:  338  :[0.0, 0.8268018951184284, 1.0]
disc:  339  :[0.0, 0.2, 2.0]
disc:  340  :[0.0, 0.2, 2.0]
disc:  341  :[0.0, 1.8, 2.0]
disc:  342  :[0.0, 0.9, 1.0]
disc:  343  :[0.0, 0.2, 2.0]
disc:  344  :[0.0, 1.3001558122675587, 1.7001558122675586, 2.0]
disc:  345  :[0.0, 0.8318871679136768, 1.0]
disc:  346  :[0.0, 0.2679570198187646, 0.8679570198187645, 3.0]
disc:  347  :[0.0, 1.3379575576145155, 1.7379575576145154, 2.0]
disc:  348  :[0.0, 0.6, 6.0]
disc:  349  :[0.0, 0.2, 2.0]
disc:  350  :[0.0, 0.1, 1.0]
disc:  351  :[0.0, 0.29984418773244137, 0.6998441877324414, 2.0]
disc:  352  :[0.0, 0.6, 6.0]
disc:  353  :[0.0, 0.1, 1.0]
disc:  354  :[0.0, 0.2, 2.0]
disc:  355  :[0.0, 0.1, 1.0]
disc:  356  :[0.0, 0.2, 2.0]
disc:  357  :[0.0, 0.1, 1.0]
disc:  358  :[0.0, 0.2, 2.0]
disc:  359  :[0.0, 3.883094561632047, 5.083094561632047, 6.0]
disc:  360  :[0.0, 2.9169054383679525, 4.116905438367953, 6.0]
disc:  361  :[0.0, 0.2, 2.0]
disc:  362  :[0.0, 0.1, 1.0]
disc:  363  :[0.0, 1.8, 2.0]
disc:  364  :[0.0, 0.8380451291164568, 1.0]
disc:  365  :[0.0, 0.3619548708835433, 3.0]
disc:  366  :[0.0, 1.8, 2.0]
disc:  367  :[0.0, 5.4, 6.0]
disc:  368  :[0.0, 0.2, 2.0]
disc:  369  :[0.0, 1.8, 2.0]
disc:  370  :[0.0, 0.9, 1.0]
disc:  371  :[0.0, 0.2, 2.0]
disc:  372  :[0.0, 0.2, 2.0]
disc:  373  :[0.0, 0.2, 2.0]
disc:  374  :[0.0, 0.6, 6.0]
disc:  375  :[0.0, 0.2, 2.0]
disc:  376  :[0.0, 0.2, 2.0]
disc:  377  :[0.0, 2.8307179111872354, 4.030717911187235, 6.0]
disc:  378  :[0.0, 0.3942392038273407, 1.5942392038273407, 6.0]
disc:  379  :[0.0, 0.2, 2.0]
disc:  380  :[0.0, 0.1, 1.0]
disc:  381  :[0.0, 0.13071791118723508, 0.7307179111872351, 3.0]
disc:  382  :[0.0, 2.269282088812765, 2.869282088812765, 3.0]
disc:  383  :[0.0, 1.8, 2.0]
disc:  384  :[0.0, 0.6, 6.0]
disc:  385  :[0.0, 0.2, 2.0]
disc:  502  :[0.0, 0.1, 1.0]
disc:  503  :[0.0, 0.1, 1.0]
disc:  504  :[0.0, 0.1, 1.0]
disc:  505  :[0.0, 0.6313676661042428, 0.8313676661042427, 1.0]
disc:  506  :[0.0, 0.13418609272584053, 0.33418609272584054, 1.0]
disc:  507  :[0.0, 0.9, 1.0]
disc:  508  :[0.0, 0.1, 1.0]
disc:  509  :[0.0, 0.1, 1.0]
disc:  510  :[0.0, 0.1, 1.0]
disc:  511  :[0.0, 0.16863233389575724, 0.3686323338957572, 1.0]
disc:  512  :[0.0, 0.1, 1.0]
disc:  513  :[0.0, 0.9, 1.0]
disc:  514  :[0.0, 0.1, 1.0]
disc:  515  :[0.0, 0.1, 1.0]
disc:  516  :[0.0, 0.22193000625194312, 0.4219300062519431, 1.0]
disc:  517  :[0.0, 0.1, 1.0]
disc:  518  :[0.0, 0.1, 1.0]
disc:  519  :[0.0, 0.1, 1.0]
disc:  520  :[0.0, 0.6734300143015589, 0.8734300143015589, 1.0]
disc:  521  :[0.0, 0.1, 1.0]
disc:  522  :[0.0, 0.1, 1.0]
disc:  523  :[0.0, 0.1, 1.0]
disc:  524  :[0.0, 0.9, 1.0]
disc:  525  :[0.0, 0.9, 1.0]
disc:  526  :[0.0, 0.275, 0.4750000000000001, 1.0]
disc:  527  :[0.0, 0.1, 1.0]
disc:  528  :[0.0, 0.1265699856984411, 0.3265699856984411, 1.0]
disc:  529  :[0.0, 0.1, 1.0]
disc:  530  :[0.0, 0.9, 1.0]
disc:  531  :[0.0, 0.9, 1.0]
disc:  532  :[0.0, 0.610569845374252, 0.8105698453742519, 1.0]
disc:  533  :[0.0, 0.1, 1.0]
disc:  534  :[0.0, 0.1, 1.0]
disc:  535  :[0.0, 0.1, 1.0]
disc:  536  :[0.0, 0.1, 1.0]
disc:  537  :[0.0, 0.1, 1.0]
disc:  538  :[0.0, 0.1, 1.0]
disc:  539  :[0.0, 0.1, 1.0]
disc:  540  :[0.0, 0.18943015462574805, 0.38943015462574804, 1.0]
disc:  541  :[0.0, 0.1, 1.0]
disc:  542  :[0.0, 0.1, 1.0]
disc:  543  :[0.0, 0.1, 1.0]
disc:  544  :[0.0, 0.9, 1.0]
disc:  545  :[0.0, 0.1, 1.0]
disc:  546  :[0.0, 0.1, 1.0]
disc:  547  :[0.0, 0.1, 1.0]
disc:  548  :[0.0, 0.1, 1.0]
disc:  549  :[0.0, 0.9, 1.0]
disc:  550  :[0.0, 0.1, 1.0]
disc:  551  :[0.0, 0.1, 1.0]
disc:  552  :[0.0, 0.1, 1.0]
disc:  553  :[0.0, 0.1, 1.0]
disc:  554  :[0.0, 0.1, 1.0]
disc:  555  :[0.0, 0.1, 1.0]
disc:  556  :[0.0, 0.1, 1.0]
disc:  557  :[0.0, 0.9, 1.0]
disc:  558  :[0.0, 0.1, 1.0]
disc:  559  :[0.0, 0.6658139072741595, 0.8658139072741594, 1.0]
disc:  560  :[0.0, 0.1, 1.0]
disc:  561  :[0.0, 0.1, 1.0]
disc:  562  :[0.0, 0.1, 1.0]
disc:  563  :[0.0, 0.1, 1.0]
disc:  564  :[0.0, 0.1, 1.0]
disc:  565  :[0.0, 0.1, 1.0]
disc:  566  :[0.0, 0.1, 1.0]
disc:  567  :[0.0, 0.1, 1.0]
disc:  568  :[0.0, 0.1, 1.0]
disc:  569  :[0.0, 0.20306999374805693, 0.40306999374805697, 1.0]
disc:  570  :[0.0, 0.1, 1.0]
disc:  571  :[0.0, 0.1, 1.0]
disc:  572  :[0.0, 0.9, 1.0]
  Completed presolve in 10.87s
LOWER-BOUNDING ITERATIONS
====================================================================================================
| Iter   | Incumbent       | Best Incumbent      | Lower Bound        | Gap (%)         | Time      
| finish | -614.6177       | -614.6177           | -639.6242          | 4.069           | 23.77s           
Final UBD: -614.6176630610358
Final LBD: -639.624180391281
====================================================================================================

*** Alpine ended with status OTHER_LIMIT ***

 Total time for local solves: 8.45s

 Total time for solving max-min problems: 0.0s

 Total time excluding max-min time: 23.77s

presolve objective value: -614.6176630610358
w_opt: 1-dimensional DenseAxisArray{Float64,1,...} with index sets:
    Dimension 1, [(25, 1, 2), (25, 1, 1), (25, 1, 14), (20, 1, 2), (20, 1, 1), (20, 1, 14), (1, 1, 2), (1, 1, 1), (1, 1, 14), (2, 1, 2)  …  (20, 15, 23), (20, 15, 3), (8, 15, 30), (8, 15, 29), (8, 15, 23), (8, 15, 3), (2, 15, 30), (2, 15, 29), (2, 15, 23), (2, 15, 3)]
And data, a 261-element Vector{Float64}:
 1.4211396907485039
 0.0
 0.0
 0.5788603092514961
 0.0
 0.0
 0.0
 0.0
 0.0
 0.0
 0.0
 0.0
 0.0
 0.0
 0.0
 0.0
 0.0
 0.0
 0.43071791118723507
 2.569282088812765
 0.0
 0.0
 0.0
 0.0
 0.0
 0.0
 0.0
 0.0
 0.0
 0.8034264228654959
 0.23283699437917546
 0.0
 0.0
 0.0
 0.0
 2.6272914883217395
 0.7614022094481652
 0.0
 0.0
 0.0
 0.0
 0.0
 0.0
 0.0
 0.0
 0.0
 0.0
 0.0
 0.0
 0.0
 0.0
 0.0
 0.0
 0.0
 0.0
 0.0
 0.0
 0.0
 0.0
 2.0
 1.0
 0.0
 0.0
 0.0
 0.0
 0.0
 0.0
 0.0
 0.0
 0.0
 0.0
 0.0
 0.0
 0.0
 0.6438600125038862
 1.9315800375116587
 0.0
 0.7499999999999999
 2.25
 0.0
 0.0
 0.0
 0.0
 0.0
 0.0
 0.0
 0.0
 0.0
 0.0
 0.0
 0.0
 0.0
 0.6061399874961139
 1.8184199624883415
 0.0
 0.0
 0.0
 0.0
 0.0
 0.0
 0.0
 2.0
 0.9380451291164567
 0.06195487088354331
 0.0
 0.0
 0.0
 0.0
 0.0
 0.0
 0.0
 0.0
 0.0
 0.0
 0.0
 0.0
 0.0
 0.0
 3.467359890918315
 2.720080223494156
 0.0
 0.0
 0.0
 1.015734670713732
 0.7968252148737968
 0.0
 0.0
 0.0
 0.0
 0.0
 0.0
 0.0
 0.0
 0.0
 0.0
 0.0
 0.0
 0.0
 0.0
 0.0
 0.0
 0.0
 0.0
 0.0
 0.0
 0.0
 0.0
 0.0
 0.0
 0.0
 0.0
 0.0
 0.0
 0.0
 0.0
 0.0
 0.0
 0.0
 0.0
 0.0
 0.0
 0.0
 0.0
 0.0
 0.0
 0.0
 0.0
 0.0
 0.0
 0.0
 0.0
 0.0
 0.0
 1.5379575576145155
 0.0
 0.0
 0.0
 0.4998441877324414
 0.0
 0.0
 0.0
 0.0
 0.0
 0.0
 0.0
 0.0
 0.0
 0.0
 0.0
 0.0
 0.0
 0.0
 0.0
 0.0
 1.5001558122675587
 0.9318871679136768
 0.5679570198187646
 0.0
 0.0
 0.0
 0.0
 0.0
 0.0
 0.0
 0.0
 0.0
 1.4627353322084855
 0.7313676661042426
 0.0
 0.5372646677915146
 0.2686323338957571
 0.0
 0.0
 0.0
 0.0
 0.0
 0.0
 0.0
 0.0
 0.0
 0.0
 0.0
 0.0
 0.0
 0.0
 0.7211719172840175
 0.9268018951184284
 0.0
 0.0
 0.0
 0.0
 0.0
 0.0
 0.0
 0.0
 0.0
 0.0
 0.0
 0.0
 0.0
 0.0
 0.0
 0.0
 0.0
 0.0
 0.0
 0.0
 0.0
 0.0
 0.0
 0.0
 0.0
 0.0
 0.0
 0.0
 0.0
 0.0
 0.8851702771565227
 4.437803776353896
 0.0
 0.8036745746572733
x_ij_opt: 1-dimensional DenseAxisArray{Float64,1,...} with index sets:
    Dimension 1, [(43, 30), (43, 22), (43, 6), (44, 22), (45, 30), (45, 29), (45, 28), (45, 24), (45, 23), (40, 29)  …  (5, 7), (5, 14), (6, 4), (6, 3), (1, 14), (1, 10), (1, 23), (1, 1), (3, 2), (3, 1)]
And data, a 116-element Vector{Float64}:
 0.0
 0.4620424423854846
 1.5482665012476011
 0.0
 1.1148297228434771
 0.0
 1.2788280827159826
 0.0
 0.0
 0.0
 0.0
 0.0
 0.0
 0.0
 0.0
 0.0
 0.0
 0.0
 0.26421290161562966
 0.0
 0.0
 0.0
 0.0
 0.0
 0.0
 0.0
 0.0
 2.0
 0.0
 0.0
 0.0
 0.0
 0.0
 0.0
 0.0
 0.0
 0.0
 0.0
 0.0
 0.0
 0.0
 0.0
 0.0
 0.4517334987523991
 0.0
 0.0
 0.0
 0.0
 0.0
 0.0
 0.0
 0.0
 0.0
 0.0
 0.0
 0.9621982546530429
 0.0
 1.5169054383679528
 0.06195487088354328
 2.0
 0.0
 0.0
 0.0
 0.0
 6.0
 0.0
 0.0
 0.0
 0.0
 0.7357870983843703
 0.0
 0.0
 0.0
 0.0
 0.0
 0.0
 0.07319810488157165
 0.5753894831327652
 0.0
 0.0
 0.0
 0.0
 0.0
 0.0
 0.0
 0.0
 0.0
 0.0
 0.0
 0.0
 0.0
 1.4246105168672347
 0.10411016458000885
 0.0
 0.0
 0.0
 0.0
 0.0
 0.0
 0.1963254253427267
 0.0
 0.0
 0.0
 0.0
 0.0
 0.0
 0.0
 0.0
 0.0
 0.0
 0.0
 0.0
 0.06811283208632324
 5.507327217929221
 0.0
 0.0
x_il_opt: 1-dimensional DenseAxisArray{Float64,1,...} with index sets:
    Dimension 1, [(43, 15), (43, 14), (44, 15), (44, 13), (44, 3), (40, 14), (40, 2), (41, 14), (42, 6), (37, 13)  …  (4, 13), (5, 2), (5, 7), (5, 9), (6, 11), (1, 1), (1, 6), (1, 3), (2, 1), (2, 15)]
And data, a 71-element Vector{Float64}:
 0.0
 0.0
 0.0
 2.194102998312728
 1.0362634172446714
 1.647973812402446
 0.0
 0.0
 0.0
 0.8058970016872716
 0.0
 3.0
 0.0
 0.0
 2.575440050015545
 0.0
 0.0
 0.0
 6.187440114412471
 0.0
 0.0
 0.0
 3.0
 0.0
 3.0
 0.0
 1.812559885587529
 0.0
 2.037801745346957
 0.0
 1.4211396907485039
 0.0
 0.0
 0.0
 0.0
 0.0
 0.0
 0.0
 0.5788603092514961
 0.0
 0.0
 0.0
 3.0
 0.0
 0.0
 0.0
 0.0
 3.0
 0.0
 0.0
 0.0
 0.0
 0.0
 0.0
 0.0
 0.0
 0.0
 3.3886936977699045
 0.0
 0.0
 0.0
 0.0
 0.0
 0.0
 0.0
 0.0
 0.0
 2.4245599499844555
 0.0
 0.0
 6.126648628167692
x_lj_opt: 1-dimensional DenseAxisArray{Float64,1,...} with index sets:
    Dimension 1, [(15, 30), (15, 29), (15, 23), (15, 3), (14, 28), (14, 27), (14, 10), (14, 24), (13, 26), (13, 25)  …  (3, 6), (3, 5), (3, 29), (2, 4), (2, 3), (2, 1), (2, 5), (1, 2), (1, 1), (1, 14)]
And data, a 53-element Vector{Float64}:
 0.8851702771565227
 4.437803776353896
 0.0
 0.8036745746572733
 0.7211719172840175
 0.9268018951184284
 0.0
 0.0
 2.0
 1.0
 0.0
 1.5001558122675587
 0.9318871679136768
 0.5679570198187646
 1.5379575576145155
 0.0
 0.0
 0.0
 0.4998441877324414
 0.0
 0.0
 0.0
 0.0
 0.0
 0.0
 0.0
 4.483094561632047
 3.5169054383679526
 0.0
 0.0
 2.0
 0.9380451291164568
 0.06195487088354331
 2.0
 6.0
 0.0
 2.0
 1.0
 0.0
 0.0
 0.0
 0.0
 0.0
 0.0
 3.4307179111872355
 0.9942392038273407
 0.0
 0.0
 0.43071791118723507
 2.569282088812765
 2.0
 0.0
 0.0
q_opt: 1-dimensional DenseAxisArray{Float64,1,...} with index sets:
    Dimension 1, [(43, 15), (43, 14), (44, 15), (44, 13), (44, 3), (40, 14), (40, 2), (41, 14), (42, 6), (37, 13)  …  (4, 13), (5, 2), (5, 7), (5, 9), (6, 11), (1, 1), (1, 6), (1, 3), (2, 1), (2, 15)]
And data, a 71-element Vector{Float64}:
 0.0
 0.0
 0.0
 0.7313676661042428
 0.23418609272584054
 1.0
 0.0
 0.0
 0.0
 0.26863233389575725
 0.0
 1.0
 0.0
 0.0
 0.3219300062519431
 0.0
 0.0
 0.0
 0.7734300143015589
 0.0
 0.0
 0.0
 1.0
 1.0
 0.37500000000000006
 0.0
 0.2265699856984411
 0.0
 1.0
 1.0
 0.7105698453742519
 0.0
 0.0
 0.0
 0.0
 0.0
 0.0
 0.0
 0.28943015462574806
 0.0
 0.0
 0.0
 1.0
 0.0
 0.0
 0.0
 0.0
 1.0
 0.0
 0.0
 0.0
 0.0
 0.0
 0.0
 0.0
 1.0
 0.0
 0.7658139072741594
 0.0
 0.0
 0.0
 0.0
 0.0
 0.0
 0.0
 0.0
 0.0
 0.30306999374805693
 0.0
 0.0
 1.0
