
PROBLEM STATISTICS
  Objective sense = Min
  # Variables = 572
  # Bin-Int Variables = 0
  # Constraints = 621
  # NL Constraints = 261
  # Linear Constraints = 360
  # Detected convex constraints = 0
  # Detected nonlinear terms = 261
  # Variables involved in nonlinear terms = 124
  # Potential variables for partitioning = 124
SUB-SOLVERS USED BY ALPINE
  NLP local solver = Knitro
  MIP solver = Gurobi
ALPINE CONFIGURATION
  Maximum iterations (lower-bounding MIPs) =  1
  Relative global optimality gap = 0.01%
  Potential variables chosen for partitioning = All
  Discretization ratio = 10
  Bound-tightening presolve = false
PRESOLVE 
  Doing local search

Feasible solution found during presolve: [1.284048434723699, 0.7389237487383469, 0.0, 0.7159515652763011, 0.412004407483966, 0.0, 0.0, 0.0, 0.0, 0.0, 0.0, 0.0, 0.0, 0.0, 0.0, 0.0, 2.0, 0.0, 0.0, 1.0, 0.0, 0.0, 0.0, 0.0, 0.0, 0.0, 0.0, 0.0, 0.0, 1.680185678031488, 0.9225683325466891, 0.0, 0.0, 0.0, 0.0, 2.2895796236331987, 1.257178705441013, 0.0, 0.0, 0.0, 0.0, 1.0302346983353134, 0.5656886141825208, 0.0, 0.0, 0.0, 0.0, 0.0, 0.0, 1.5652270195906741, 3.296988197799989, 0.0, 0.0, 0.0, 0.0, 0.0, 0.0, 0.0, 0.0, 1.8369889101806738, 1.0, 0.0, 0.0, 0.0, 0.0, 0.0, 0.0, 0.0, 0.0, 0.0, 0.0, 0.0, 0.0, 0.0, 0.7499999999999998, 2.2499999999999996, 0.0, 0.5160648006225426, 1.548194401867628, 0.0, 0.0, 0.0, 0.0, 0.0, 0.0, 0.0, 0.0, 0.0, 0.0, 0.0, 0.0, 0.0, 0.7339351993774578, 2.2018055981323736, 0.0, 0.0, 0.0, 0.0, 0.0, 0.0, 0.0, 0.4163732876965399, 0.5071565561002181, 0.8992056158352247, 0.26892630226251085, 0.32756120848853076, 0.5807770296169755, 0.0, 0.0, 0.0, 0.0, 0.0, 0.0, 0.0, 0.0, 0.0, 0.0, 0.0, 5.525916220504611, 1.8419720735015375, 0.0, 0.0, 0.0, 0.47408377949538827, 0.15802792649846278, 0.0, 0.0, 0.0, 0.0, 0.0, 0.0, 0.0, 0.0, 0.0, 0.0, 0.0, 0.0, 0.0, 0.0, 0.0, 0.0, 0.0, 0.0, 0.0, 0.0, 0.0, 0.0, 0.5901666773021736, 0.22157890382452952, 0.0, 0.0, 0.0, 0.0, 0.6238271983398864, 0.3119135991699432, 0.0, 0.0, 1.3761728016601136, 0.6880864008300568, 0.0, 0.0, 0.0, 0.0, 0.0, 0.0, 0.0, 0.0, 0.0, 0.0, 0.0, 0.0, 0.0, 0.0, 1.762484030851027, 0.0, 0.0, 0.0, 0.5345041669489624, 0.0, 0.0, 0.0, 0.0, 0.0, 0.0, 0.0, 0.0, 0.0, 0.0, 0.0, 0.0, 0.0, 0.0, 0.0, 0.0, 1.4654958330510377, 0.9616253323536428, 0.5728788345953194, 0.0, 0.0, 0.0, 0.0, 0.0, 0.0, 0.0, 0.0, 0.0, 1.4395008819531947, 0.7197504409765973, 0.0, 0.5604991180468054, 0.2802495590234027, 0.0, 0.0, 0.0, 0.0, 0.0, 0.0, 0.0, 0.0, 0.0, 0.0, 0.0, 0.0, 0.0, 0.0, 0.36514092385125174, 0.5606662289537656, 0.0, 0.0, 0.0, 0.0, 0.0, 0.0, 0.0, 0.0, 0.0, 0.0, 0.0, 0.0, 0.0, 0.0, 0.0, 0.0, 0.0, 0.0, 0.0, 0.0, 0.0, 0.0, 0.0, 0.0, 0.0, 0.0, 0.0, 0.0, 0.0, 0.0, 1.4002014395647888, 2.6816855132344575, 0.0, 1.0, 0.0, 0.0, 0.0, 2.159251322929792, 2.602754010578177, 0.9258071528050174, 0.0, 0.0, 0.0, 0.8407486770702081, 0.0, 3.0, 0.0, 0.0, 3.0, 0.0, 0.0, 0.0, 7.367888294006148, 0.0, 0.0, 0.0, 3.0, 0.9357407975098296, 2.0642592024901703, 0.0, 0.632111705993851, 0.0, 2.2969881977999895, 0.8117455811267031, 2.0229721834620458, 0.0, 0.0, 0.0, 0.0, 0.0, 0.0, 0.0, 1.127955972760267, 0.0, 0.0, 0.0, 2.836988910180674, 0.0, 0.0, 2.0642592024901703, 0.0, 1.822735459631983, 0.0, 0.0, 0.0, 0.0, 0.0, 0.0, 4.862215217390663, 0.0, 0.0, 3.546758329074212, 0.0, 0.0, 0.0, 0.0, 0.0, 1.177264540368017, 0.0, 0.0, 0.0, 2.935740797509831, 1.5959233125178345, 0.0, 5.0818869527992465, 1.4002014395647888, 2.6816855132344575, 0.0, 1.0, 0.36514092385125174, 0.5606662289537656, 0.0, 0.0, 2.0, 1.0, 0.0, 1.4654958330510377, 0.9616253323536428, 0.5728788345953194, 1.762484030851027, 0.0, 0.0, 0.0, 0.5345041669489624, 0.0, 0.0, 2.0, 1.0, 0.5901666773021736, 0.22157890382452952, 0.0, 6.0, 2.0000000000000004, 0.0, 0.0, 0.6852995899590507, 0.8347177645887489, 1.4799826454522003, 2.0, 6.0, 0.0, 1.836988910180674, 1.0, 0.0, 0.0, 1.5652270195906741, 3.296988197799989, 0.0, 0.0, 5.0, 2.745435652170223, 2.0, 0.0, 0.0, 1.0, 2.0, 1.1509281562223128, 0.0, 0.0, 0.23751596914897313, 1.3678882940061474, 0.0, 0.5997985604352113, 0.0, 1.6348590761487483, 0.0, 0.0, 0.0, 0.0, 0.0, 0.0, 0.0, 0.0, 0.0, 0.0, 0.0, 0.0, 0.0, 0.0, 0.0, 0.0, 0.0, 0.0, 0.0, 0.0, 2.0, 0.0, 0.0, 0.0, 0.0, 0.0, 0.0, 0.0, 0.0, 0.0, 0.0, 0.0, 0.0, 0.0, 0.0, 0.0, 0.6321117059938528, 0.0, 0.0, 0.0, 0.0, 0.0, 0.0, 0.0, 0.0, 0.0, 0.0, 0.0, 0.7030118022000105, 0.0, 0.0, 0.1652822354112511, 1.4098333226978264, 0.0, 0.0, 0.0, 0.0, 6.0, 0.0, 0.0, 0.0, 0.0, 0.7784210961754705, 0.0, 0.0, 0.0, 0.0, 0.0, 0.0, 0.4393337710462345, 0.4347729804093259, 0.0, 0.0, 0.0, 0.0, 0.0, 0.0, 0.0, 0.0, 0.0, 0.16301108981932594, 0.0, 0.0, 0.0, 0.0, 0.0, 0.0, 0.0, 0.0, 0.0, 0.0, 0.0, 0.0, 0.0, 0.0, 0.0, 0.0, 0.0, 1.2538283860404578, 0.0, 0.0, 0.0, 0.0, 0.060872024000491354, 0.0, 0.03837466764635722, 3.3690891983254865, 0.0, 0.0, 0.0, 0.0, 0.0, 0.7197504409765973, 0.3360371356062976, 1.0, 0.0, 0.0, 0.0, 0.2802495590234027, 0.0, 1.0, 0.0, 0.0, 0.3749999999999999, 0.0, 0.0, 0.0, 0.9209860367507685, 0.0, 0.0, 0.0, 1.0, 0.3119135991699432, 0.2580324003112713, 0.0, 0.07901396324923138, 0.0, 1.0, 1.0, 0.6420242173618494, 0.0, 0.0, 0.0, 0.0, 0.0, 0.0, 0.0, 0.35797578263815055, 0.0, 0.0, 0.0, 1.0, 0.0, 0.0, 0.6880864008300568, 0.0, 0.6075784865439943, 0.0, 0.0, 0.0, 0.0, 0.0, 0.0, 1.0, 0.0, 0.0, 0.4579159247266398, 0.0, 0.0, 0.0, 0.0, 0.0, 0.3924215134560057, 0.0, 0.0, 0.0, 0.3669675996887289, 0.20604693966706272, 0.0, 1.0]  :with objective: -620.5754779972576

  Local solver returns a feasible point with value -620.5755
disc:  333  :[0.0, 1.2002014395647889, 1.6002014395647888, 2.0]
disc:  334  :[0.0, 2.0816855132344574, 3.2816855132344576, 6.0]
disc:  335  :[0.0, 0.1, 1.0]
disc:  336  :[0.0, 0.9, 1.0]
disc:  337  :[0.0, 0.16514092385125173, 0.5651409238512517, 2.0]
disc:  338  :[0.0, 0.46066622895376563, 0.6606662289537656, 1.0]
disc:  339  :[0.0, 0.2, 2.0]
disc:  340  :[0.0, 0.2, 2.0]
disc:  341  :[0.0, 1.8, 2.0]
disc:  342  :[0.0, 0.9, 1.0]
disc:  343  :[0.0, 0.2, 2.0]
disc:  344  :[0.0, 1.2654958330510377, 1.6654958330510377, 2.0]
disc:  345  :[0.0, 0.8616253323536428, 1.0]
disc:  346  :[0.0, 0.2728788345953194, 0.8728788345953193, 3.0]
disc:  347  :[0.0, 1.562484030851027, 1.962484030851027, 2.0]
disc:  348  :[0.0, 0.6, 6.0]
disc:  349  :[0.0, 0.2, 2.0]
disc:  350  :[0.0, 0.1, 1.0]
disc:  351  :[0.0, 0.3345041669489624, 0.7345041669489625, 2.0]
disc:  352  :[0.0, 0.6, 6.0]
disc:  353  :[0.0, 0.1, 1.0]
disc:  354  :[0.0, 1.8, 2.0]
disc:  355  :[0.0, 0.9, 1.0]
disc:  356  :[0.0, 0.39016667730217364, 0.7901666773021736, 2.0]
disc:  357  :[0.0, 0.12157890382452952, 0.3215789038245295, 1.0]
disc:  358  :[0.0, 0.2, 2.0]
disc:  359  :[0.0, 5.4, 6.0]
disc:  360  :[0.0, 1.4000000000000004, 2.6000000000000005, 6.0]
disc:  361  :[0.0, 0.2, 2.0]
disc:  362  :[0.0, 0.1, 1.0]
disc:  363  :[0.0, 0.4852995899590507, 0.8852995899590508, 2.0]
disc:  364  :[0.0, 0.7347177645887489, 0.9347177645887489, 1.0]
disc:  365  :[0.0, 1.1799826454522002, 1.7799826454522003, 3.0]
disc:  366  :[0.0, 1.8, 2.0]
disc:  367  :[0.0, 5.4, 6.0]
disc:  368  :[0.0, 0.2, 2.0]
disc:  369  :[0.0, 1.636988910180674, 2.0]
disc:  370  :[0.0, 0.9, 1.0]
disc:  371  :[0.0, 0.2, 2.0]
disc:  372  :[0.0, 0.2, 2.0]
disc:  373  :[0.0, 1.3652270195906742, 1.765227019590674, 2.0]
disc:  374  :[0.0, 2.696988197799989, 3.896988197799989, 6.0]
disc:  375  :[0.0, 0.2, 2.0]
disc:  376  :[0.0, 0.2, 2.0]
disc:  377  :[0.0, 4.4, 5.6, 6.0]
disc:  378  :[0.0, 2.1454356521702227, 3.345435652170223, 6.0]
disc:  379  :[0.0, 1.8, 2.0]
disc:  380  :[0.0, 0.1, 1.0]
disc:  381  :[0.0, 0.3, 3.0]
disc:  382  :[0.0, 0.7, 1.3, 3.0]
disc:  383  :[0.0, 1.8, 2.0]
disc:  384  :[0.0, 0.5509281562223128, 1.750928156222313, 6.0]
disc:  385  :[0.0, 0.2, 2.0]
disc:  502  :[0.0, 0.1, 1.0]
disc:  503  :[0.0, 0.1, 1.0]
disc:  504  :[0.0, 0.1, 1.0]
disc:  505  :[0.0, 0.6197504409765974, 0.8197504409765973, 1.0]
disc:  506  :[0.0, 0.2360371356062976, 0.43603713560629764, 1.0]
disc:  507  :[0.0, 0.9, 1.0]
disc:  508  :[0.0, 0.1, 1.0]
disc:  509  :[0.0, 0.1, 1.0]
disc:  510  :[0.0, 0.1, 1.0]
disc:  511  :[0.0, 0.1802495590234027, 0.38024955902340274, 1.0]
disc:  512  :[0.0, 0.1, 1.0]
disc:  513  :[0.0, 0.9, 1.0]
disc:  514  :[0.0, 0.1, 1.0]
disc:  515  :[0.0, 0.1, 1.0]
disc:  516  :[0.0, 0.2749999999999999, 0.47499999999999987, 1.0]
disc:  517  :[0.0, 0.1, 1.0]
disc:  518  :[0.0, 0.1, 1.0]
disc:  519  :[0.0, 0.1, 1.0]
disc:  520  :[0.0, 0.8209860367507685, 1.0]
disc:  521  :[0.0, 0.1, 1.0]
disc:  522  :[0.0, 0.1, 1.0]
disc:  523  :[0.0, 0.1, 1.0]
disc:  524  :[0.0, 0.9, 1.0]
disc:  525  :[0.0, 0.2119135991699432, 0.4119135991699432, 1.0]
disc:  526  :[0.0, 0.15803240031127128, 0.35803240031127126, 1.0]
disc:  527  :[0.0, 0.1, 1.0]
disc:  528  :[0.0, 0.17901396324923138, 1.0]
disc:  529  :[0.0, 0.1, 1.0]
disc:  530  :[0.0, 0.9, 1.0]
disc:  531  :[0.0, 0.9, 1.0]
disc:  532  :[0.0, 0.5420242173618495, 0.7420242173618494, 1.0]
disc:  533  :[0.0, 0.1, 1.0]
disc:  534  :[0.0, 0.1, 1.0]
disc:  535  :[0.0, 0.1, 1.0]
disc:  536  :[0.0, 0.1, 1.0]
disc:  537  :[0.0, 0.1, 1.0]
disc:  538  :[0.0, 0.1, 1.0]
disc:  539  :[0.0, 0.1, 1.0]
disc:  540  :[0.0, 0.2579757826381506, 0.45797578263815053, 1.0]
disc:  541  :[0.0, 0.1, 1.0]
disc:  542  :[0.0, 0.1, 1.0]
disc:  543  :[0.0, 0.1, 1.0]
disc:  544  :[0.0, 0.9, 1.0]
disc:  545  :[0.0, 0.1, 1.0]
disc:  546  :[0.0, 0.1, 1.0]
disc:  547  :[0.0, 0.5880864008300568, 0.7880864008300568, 1.0]
disc:  548  :[0.0, 0.1, 1.0]
disc:  549  :[0.0, 0.5075784865439943, 0.7075784865439942, 1.0]
disc:  550  :[0.0, 0.1, 1.0]
disc:  551  :[0.0, 0.1, 1.0]
disc:  552  :[0.0, 0.1, 1.0]
disc:  553  :[0.0, 0.1, 1.0]
disc:  554  :[0.0, 0.1, 1.0]
disc:  555  :[0.0, 0.1, 1.0]
disc:  556  :[0.0, 0.9, 1.0]
disc:  557  :[0.0, 0.1, 1.0]
disc:  558  :[0.0, 0.1, 1.0]
disc:  559  :[0.0, 0.3579159247266398, 0.5579159247266398, 1.0]
disc:  560  :[0.0, 0.1, 1.0]
disc:  561  :[0.0, 0.1, 1.0]
disc:  562  :[0.0, 0.1, 1.0]
disc:  563  :[0.0, 0.1, 1.0]
disc:  564  :[0.0, 0.1, 1.0]
disc:  565  :[0.0, 0.29242151345600564, 0.4924215134560057, 1.0]
disc:  566  :[0.0, 0.1, 1.0]
disc:  567  :[0.0, 0.1, 1.0]
disc:  568  :[0.0, 0.1, 1.0]
disc:  569  :[0.0, 0.26696759968872885, 0.4669675996887289, 1.0]
disc:  570  :[0.0, 0.10604693966706272, 0.30604693966706276, 1.0]
disc:  571  :[0.0, 0.1, 1.0]
disc:  572  :[0.0, 0.9, 1.0]
  Completed presolve in 29.13s
LOWER-BOUNDING ITERATIONS
====================================================================================================
| Iter   | Incumbent       | Best Incumbent      | Lower Bound        | Gap (%)         | Time      
| finish | -620.5755       | -620.5755           | -627.2801          | 1.08            | 47.98s           
Final UBD: -620.5754779972576
Final LBD: -627.2800652583506
====================================================================================================

*** Alpine ended with status OTHER_LIMIT ***

 Total time for local solves: 26.85s

 Total time for solving max-min problems: 0.0s

 Total time excluding max-min time: 47.98s

presolve objective value: -620.5754779972576
w_opt: 1-dimensional DenseAxisArray{Float64,1,...} with index sets:
    Dimension 1, [(25, 1, 2), (25, 1, 1), (25, 1, 14), (20, 1, 2), (20, 1, 1), (20, 1, 14), (1, 1, 2), (1, 1, 1), (1, 1, 14), (2, 1, 2)  …  (20, 15, 23), (20, 15, 3), (8, 15, 30), (8, 15, 29), (8, 15, 23), (8, 15, 3), (2, 15, 30), (2, 15, 29), (2, 15, 23), (2, 15, 3)]
And data, a 261-element Vector{Float64}:
 1.284048434723699
 0.7389237487383469
 0.0
 0.7159515652763011
 0.412004407483966
 0.0
 0.0
 0.0
 0.0
 0.0
 0.0
 0.0
 0.0
 0.0
 0.0
 0.0
 2.0
 0.0
 0.0
 1.0
 0.0
 0.0
 0.0
 0.0
 0.0
 0.0
 0.0
 0.0
 0.0
 1.680185678031488
 0.9225683325466891
 0.0
 0.0
 0.0
 0.0
 2.2895796236331987
 1.257178705441013
 0.0
 0.0
 0.0
 0.0
 1.0302346983353134
 0.5656886141825208
 0.0
 0.0
 0.0
 0.0
 0.0
 0.0
 1.5652270195906741
 3.296988197799989
 0.0
 0.0
 0.0
 0.0
 0.0
 0.0
 0.0
 0.0
 1.8369889101806738
 1.0
 0.0
 0.0
 0.0
 0.0
 0.0
 0.0
 0.0
 0.0
 0.0
 0.0
 0.0
 0.0
 0.0
 0.7499999999999998
 2.2499999999999996
 0.0
 0.5160648006225426
 1.548194401867628
 0.0
 0.0
 0.0
 0.0
 0.0
 0.0
 0.0
 0.0
 0.0
 0.0
 0.0
 0.0
 0.0
 0.7339351993774578
 2.2018055981323736
 0.0
 0.0
 0.0
 0.0
 0.0
 0.0
 0.0
 0.4163732876965399
 0.5071565561002181
 0.8992056158352247
 0.26892630226251085
 0.32756120848853076
 0.5807770296169755
 0.0
 0.0
 0.0
 0.0
 0.0
 0.0
 0.0
 0.0
 0.0
 0.0
 0.0
 5.525916220504611
 1.8419720735015375
 0.0
 0.0
 0.0
 0.47408377949538827
 0.15802792649846278
 0.0
 0.0
 0.0
 0.0
 0.0
 0.0
 0.0
 0.0
 0.0
 0.0
 0.0
 0.0
 0.0
 0.0
 0.0
 0.0
 0.0
 0.0
 0.0
 0.0
 0.0
 0.0
 0.5901666773021736
 0.22157890382452952
 0.0
 0.0
 0.0
 0.0
 0.6238271983398864
 0.3119135991699432
 0.0
 0.0
 1.3761728016601136
 0.6880864008300568
 0.0
 0.0
 0.0
 0.0
 0.0
 0.0
 0.0
 0.0
 0.0
 0.0
 0.0
 0.0
 0.0
 0.0
 1.762484030851027
 0.0
 0.0
 0.0
 0.5345041669489624
 0.0
 0.0
 0.0
 0.0
 0.0
 0.0
 0.0
 0.0
 0.0
 0.0
 0.0
 0.0
 0.0
 0.0
 0.0
 0.0
 1.4654958330510377
 0.9616253323536428
 0.5728788345953194
 0.0
 0.0
 0.0
 0.0
 0.0
 0.0
 0.0
 0.0
 0.0
 1.4395008819531947
 0.7197504409765973
 0.0
 0.5604991180468054
 0.2802495590234027
 0.0
 0.0
 0.0
 0.0
 0.0
 0.0
 0.0
 0.0
 0.0
 0.0
 0.0
 0.0
 0.0
 0.0
 0.36514092385125174
 0.5606662289537656
 0.0
 0.0
 0.0
 0.0
 0.0
 0.0
 0.0
 0.0
 0.0
 0.0
 0.0
 0.0
 0.0
 0.0
 0.0
 0.0
 0.0
 0.0
 0.0
 0.0
 0.0
 0.0
 0.0
 0.0
 0.0
 0.0
 0.0
 0.0
 0.0
 0.0
 1.4002014395647888
 2.6816855132344575
 0.0
 1.0
x_ij_opt: 1-dimensional DenseAxisArray{Float64,1,...} with index sets:
    Dimension 1, [(43, 30), (43, 22), (43, 6), (44, 22), (45, 30), (45, 29), (45, 28), (45, 24), (45, 23), (40, 29)  …  (5, 7), (5, 14), (6, 4), (6, 3), (1, 14), (1, 10), (1, 23), (1, 1), (3, 2), (3, 1)]
And data, a 116-element Vector{Float64}:
 0.0
 0.23751596914897313
 1.3678882940061474
 0.0
 0.5997985604352113
 0.0
 1.6348590761487483
 0.0
 0.0
 0.0
 0.0
 0.0
 0.0
 0.0
 0.0
 0.0
 0.0
 0.0
 0.0
 0.0
 0.0
 0.0
 0.0
 0.0
 0.0
 0.0
 0.0
 2.0
 0.0
 0.0
 0.0
 0.0
 0.0
 0.0
 0.0
 0.0
 0.0
 0.0
 0.0
 0.0
 0.0
 0.0
 0.0
 0.6321117059938528
 0.0
 0.0
 0.0
 0.0
 0.0
 0.0
 0.0
 0.0
 0.0
 0.0
 0.0
 0.7030118022000105
 0.0
 0.0
 0.1652822354112511
 1.4098333226978264
 0.0
 0.0
 0.0
 0.0
 6.0
 0.0
 0.0
 0.0
 0.0
 0.7784210961754705
 0.0
 0.0
 0.0
 0.0
 0.0
 0.0
 0.4393337710462345
 0.4347729804093259
 0.0
 0.0
 0.0
 0.0
 0.0
 0.0
 0.0
 0.0
 0.0
 0.16301108981932594
 0.0
 0.0
 0.0
 0.0
 0.0
 0.0
 0.0
 0.0
 0.0
 0.0
 0.0
 0.0
 0.0
 0.0
 0.0
 0.0
 0.0
 1.2538283860404578
 0.0
 0.0
 0.0
 0.0
 0.060872024000491354
 0.0
 0.03837466764635722
 3.3690891983254865
 0.0
 0.0
x_il_opt: 1-dimensional DenseAxisArray{Float64,1,...} with index sets:
    Dimension 1, [(43, 15), (43, 14), (44, 15), (44, 13), (44, 3), (40, 14), (40, 2), (41, 14), (42, 6), (37, 13)  …  (4, 13), (5, 2), (5, 7), (5, 9), (6, 11), (1, 1), (1, 6), (1, 3), (2, 1), (2, 15)]
And data, a 71-element Vector{Float64}:
 0.0
 0.0
 0.0
 2.159251322929792
 2.602754010578177
 0.9258071528050174
 0.0
 0.0
 0.0
 0.8407486770702081
 0.0
 3.0
 0.0
 0.0
 3.0
 0.0
 0.0
 0.0
 7.367888294006148
 0.0
 0.0
 0.0
 3.0
 0.9357407975098296
 2.0642592024901703
 0.0
 0.632111705993851
 0.0
 2.2969881977999895
 0.8117455811267031
 2.0229721834620458
 0.0
 0.0
 0.0
 0.0
 0.0
 0.0
 0.0
 1.127955972760267
 0.0
 0.0
 0.0
 2.836988910180674
 0.0
 0.0
 2.0642592024901703
 0.0
 1.822735459631983
 0.0
 0.0
 0.0
 0.0
 0.0
 0.0
 4.862215217390663
 0.0
 0.0
 3.546758329074212
 0.0
 0.0
 0.0
 0.0
 0.0
 1.177264540368017
 0.0
 0.0
 0.0
 2.935740797509831
 1.5959233125178345
 0.0
 5.0818869527992465
x_lj_opt: 1-dimensional DenseAxisArray{Float64,1,...} with index sets:
    Dimension 1, [(15, 30), (15, 29), (15, 23), (15, 3), (14, 28), (14, 27), (14, 10), (14, 24), (13, 26), (13, 25)  …  (3, 6), (3, 5), (3, 29), (2, 4), (2, 3), (2, 1), (2, 5), (1, 2), (1, 1), (1, 14)]
And data, a 53-element Vector{Float64}:
 1.4002014395647888
 2.6816855132344575
 0.0
 1.0
 0.36514092385125174
 0.5606662289537656
 0.0
 0.0
 2.0
 1.0
 0.0
 1.4654958330510377
 0.9616253323536428
 0.5728788345953194
 1.762484030851027
 0.0
 0.0
 0.0
 0.5345041669489624
 0.0
 0.0
 2.0
 1.0
 0.5901666773021736
 0.22157890382452952
 0.0
 6.0
 2.0000000000000004
 0.0
 0.0
 0.6852995899590507
 0.8347177645887489
 1.4799826454522003
 2.0
 6.0
 0.0
 1.836988910180674
 1.0
 0.0
 0.0
 1.5652270195906741
 3.296988197799989
 0.0
 0.0
 5.0
 2.745435652170223
 2.0
 0.0
 0.0
 1.0
 2.0
 1.1509281562223128
 0.0
q_opt: 1-dimensional DenseAxisArray{Float64,1,...} with index sets:
    Dimension 1, [(43, 15), (43, 14), (44, 15), (44, 13), (44, 3), (40, 14), (40, 2), (41, 14), (42, 6), (37, 13)  …  (4, 13), (5, 2), (5, 7), (5, 9), (6, 11), (1, 1), (1, 6), (1, 3), (2, 1), (2, 15)]
And data, a 71-element Vector{Float64}:
 0.0
 0.0
 0.0
 0.7197504409765973
 0.3360371356062976
 1.0
 0.0
 0.0
 0.0
 0.2802495590234027
 0.0
 1.0
 0.0
 0.0
 0.3749999999999999
 0.0
 0.0
 0.0
 0.9209860367507685
 0.0
 0.0
 0.0
 1.0
 0.3119135991699432
 0.2580324003112713
 0.0
 0.07901396324923138
 0.0
 1.0
 1.0
 0.6420242173618494
 0.0
 0.0
 0.0
 0.0
 0.0
 0.0
 0.0
 0.35797578263815055
 0.0
 0.0
 0.0
 1.0
 0.0
 0.0
 0.6880864008300568
 0.0
 0.6075784865439943
 0.0
 0.0
 0.0
 0.0
 0.0
 0.0
 1.0
 0.0
 0.0
 0.4579159247266398
 0.0
 0.0
 0.0
 0.0
 0.0
 0.3924215134560057
 0.0
 0.0
 0.0
 0.3669675996887289
 0.20604693966706272
 0.0
 1.0
