
PROBLEM STATISTICS
  Objective sense = Min
  # Variables = 572
  # Bin-Int Variables = 0
  # Constraints = 621
  # NL Constraints = 261
  # Linear Constraints = 360
  # Detected convex constraints = 0
  # Detected nonlinear terms = 261
  # Variables involved in nonlinear terms = 124
  # Potential variables for partitioning = 124
SUB-SOLVERS USED BY ALPINE
  NLP local solver = Knitro
  MIP solver = Gurobi
ALPINE CONFIGURATION
  Maximum iterations (lower-bounding MIPs) =  1
  Relative global optimality gap = 0.01%
  Potential variables chosen for partitioning = All
  Discretization ratio = 10
  Bound-tightening presolve = false
PRESOLVE 
  Doing local search

Feasible solution found during presolve: [1.10637265510592, 1.7181350960367343, 0.0, 0.89362734489408, 1.3877534815732147, 0.0, 0.0, 0.0, 0.0, 0.0, 0.0, 0.0, 0.0, 0.0, 0.0, 0.0, 2.0, 0.0, 0.0, 1.0, 0.0, 0.0, 0.0, 0.0, 0.0, 0.0, 0.0, 0.0, 0.06159715011901231, 3.0779904558044207, 0.6490761426056786, 0.0, 0.0, 0.0, 0.0, 0.0, 0.0, 0.0, 0.0, 0.0, 0.0384635079685615, 1.92200954419558, 0.4053068256417736, 0.0, 0.0, 0.0, 0.0, 0.0, 0.0, 0.0, 0.0, 0.0, 0.0, 0.0, 0.0, 0.0, 0.0, 0.0, 0.0, 2.0, 1.0, 0.0, 0.0, 0.0, 0.0, 0.0, 0.0, 0.0, 0.0, 0.0, 0.0, 0.0, 0.0, 0.0, 0.6883456938801888, 2.0650370816405665, 0.0, 0.5020771361487844, 1.5062314084463524, 0.0, 0.0, 0.0, 0.0, 0.0, 0.0, 0.0, 0.0, 0.0, 0.0, 0.0, 0.0, 0.0, 0.8095771699710269, 2.428731509913081, 0.0, 0.0, 0.0, 0.0, 0.0, 0.0, 0.0, 1.504701692857372, 0.8245077511426544, 0.670790555999974, 0.0, 0.0, 0.0, 0.0, 0.0, 0.0, 0.0, 0.0, 0.0, 0.0, 0.0, 0.0, 0.0, 0.0, 4.990060216799533, 2.3582173354987153, 0.0, 0.0, 0.0, 0.44257096108932265, 0.20915148661243022, 0.0, 0.0, 0.0, 0.0, 0.0, 0.0, 0.0, 0.0, 0.0, 0.0, 0.0, 0.0, 0.0, 0.0, 0.0, 0.0, 0.0, 0.0, 0.0, 0.0, 0.0, 0.0, 0.0, 0.0, 0.0, 0.0, 0.0, 0.0, 0.6611276369365756, 0.3305638184682877, 0.0, 0.0, 1.3388723630634243, 0.669436181531712, 0.0, 0.0, 0.0, 0.0, 0.0, 0.0, 0.0, 0.0, 0.0, 0.0, 0.0, 0.0, 0.0, 0.0, 0.0, 0.0, 0.0, 0.0, 0.0, 0.0, 0.0, 0.0, 0.0, 0.0, 0.0, 0.0, 0.0, 0.0, 0.0, 0.0, 0.0, 0.0, 0.0, 0.0, 0.0, 1.4377166142094882, 0.9416187315722329, 0.0, 0.0, 0.0, 0.0, 0.0, 0.0, 0.0, 0.0, 0.0, 0.0, 1.3931786693464596, 0.6965893346732298, 0.0, 0.6068213306535405, 0.30341066532677025, 0.0, 0.0, 0.0, 0.0, 0.0, 0.0, 0.0, 0.0, 0.0, 0.0, 0.0, 0.0, 0.0, 0.0, 0.5516549645770285, 0.5884683899848232, 0.0, 0.0, 0.0, 0.0, 0.0, 0.0, 0.0, 0.0, 0.0, 0.0, 0.0, 0.0, 0.0, 0.0, 0.0, 0.0, 0.0, 0.0, 0.0, 0.0, 0.0, 0.0, 0.0, 0.0, 0.0, 0.0, 0.0, 0.0, 0.0, 0.0, 0.9710875050931792, 4.945617031752548, 0.0, 0.6868656906159439, 0.0, 0.0, 0.0, 2.0897680040196893, 3.7886637485291113, 1.1401233545618517, 0.0, 0.0, 0.0, 0.9102319959803107, 0.0, 2.379335345781721, 0.0, 0.0, 2.7533827755207554, 0.0, 0.0, 0.0, 7.3482775522982475, 0.0, 0.0, 0.0, 3.0, 0.9916914554048634, 2.0083085445951365, 0.0, 0.6517224477017528, 0.0, 0.0, 0.0, 2.8245077511426544, 0.0, 0.0, 0.0, 0.0, 0.0, 0.0, 0.0, 2.2813808264672946, 0.0, 0.0, 0.0, 3.0, 0.0, 0.0, 2.0083085445951365, 0.0, 3.0, 0.0, 0.0, 0.0, 0.0, 0.0, 0.0, 0.0, 0.0, 0.0, 0.0, 0.0, 0.0, 0.0, 0.0, 0.0, 0.0, 0.0, 0.0, 0.0, 3.238308679884108, 2.3657798778059154, 0.0, 6.603570227461671, 0.9710875050931792, 4.945617031752548, 0.0, 0.6868656906159439, 0.5516549645770285, 0.5884683899848232, 0.0, 0.0, 2.0, 1.0, 0.0, 1.4377166142094882, 0.9416187315722329, 0.0, 0.0, 0.0, 0.0, 0.0, 0.0, 0.0, 0.0, 2.0, 1.0, 0.0, 0.0, 0.0, 5.432631177888855, 2.5673688221111455, 0.0, 0.0, 1.504701692857372, 0.8245077511426544, 0.670790555999974, 2.0, 6.0, 0.0, 2.0, 1.0, 0.0, 0.0, 0.0, 0.0, 0.0, 0.1000606580875738, 5.0, 1.0543829682474521, 2.0, 0.0, 0.0, 1.0, 2.0, 3.105888577609949, 0.0, 0.0, 1.5846828811280194, 1.303574490194765, 0.0, 1.028912494906821, 0.0, 1.4483450354229717, 0.0, 0.0, 0.0, 0.0, 0.0, 0.0, 0.0, 0.0, 0.0, 0.0, 0.0, 0.2813808264672945, 0.0, 0.0, 0.0, 0.0, 0.0, 0.0, 0.0, 0.0, 2.0, 0.0, 0.0, 0.0, 0.0, 0.0, 0.0, 0.0, 0.0, 0.0, 0.0, 0.0, 0.0, 0.0, 0.0, 0.0, 0.5963648517176613, 0.0, 0.0, 0.41531711887198053, 0.0, 0.0, 0.0, 0.0, 0.0, 0.0, 0.0, 0.0, 3.0, 0.0, 0.0, 0.17549224885734563, 2.0, 0.0, 0.0, 0.0, 0.5622833857905117, 6.0, 0.0, 0.5673688221111443, 0.0, 0.0, 0.7186191735327055, 0.0, 0.0, 0.0, 0.0, 0.0, 0.0, 0.41153161001517685, 0.6317712363670753, 0.0, 0.0, 0.0, 0.0, 0.0, 0.0, 0.0, 0.0, 0.0, 0.0, 0.0, 0.0, 0.0, 1.3682287636329247, 0.432631177888855, 0.0, 0.0, 0.0, 0.0, 0.0, 0.0, 0.31313430938405606, 0.0, 0.0, 0.0, 0.0, 0.0, 0.3810889996504952, 0.0, 0.0, 0.0, 0.0, 0.11420930749213255, 0.0, 0.05838126842776719, 2.223320866390077, 0.0, 0.0, 0.0, 0.0, 0.0, 0.6965893346732298, 0.615598091160884, 1.0, 0.0, 0.0, 0.0, 0.30341066532677025, 0.0, 1.0, 0.0, 0.0, 0.3441728469400944, 0.0, 0.0, 0.0, 0.9185346940372809, 1.0, 0.0, 0.0, 1.0, 0.33056381846828775, 0.25103856807439207, 0.0, 0.0814653059627191, 0.0, 0.0, 1.0, 0.5531863275529599, 0.0, 0.0, 0.0, 0.0, 0.0, 0.0, 0.0, 0.44681367244704, 0.0, 0.0, 0.0, 1.0, 0.0, 0.0, 0.6694361815317121, 0.0, 1.0, 0.0, 0.0, 0.0, 0.0, 0.0, 0.0, 0.0, 1.0, 0.0, 0.0, 0.0, 0.0, 0.0, 0.0, 0.0, 0.0, 0.0, 0.0, 0.0, 0.4047885849855135, 0.384401908839116, 0.0, 1.0]  :with objective: -614.6010082307097

  Local solver returns a feasible point with value -614.601
disc:  333  :[0.0, 0.7710875050931791, 1.1710875050931793, 2.0]
disc:  334  :[0.0, 4.345617031752548, 5.545617031752547, 6.0]
disc:  335  :[0.0, 0.1, 1.0]
disc:  336  :[0.0, 0.586865690615944, 0.7868656906159439, 1.0]
disc:  337  :[0.0, 0.35165496457702844, 0.7516549645770285, 2.0]
disc:  338  :[0.0, 0.4884683899848232, 0.6884683899848232, 1.0]
disc:  339  :[0.0, 0.2, 2.0]
disc:  340  :[0.0, 0.2, 2.0]
disc:  341  :[0.0, 1.8, 2.0]
disc:  342  :[0.0, 0.9, 1.0]
disc:  343  :[0.0, 0.2, 2.0]
disc:  344  :[0.0, 1.2377166142094882, 1.637716614209488, 2.0]
disc:  345  :[0.0, 0.8416187315722329, 1.0]
disc:  346  :[0.0, 0.3, 3.0]
disc:  347  :[0.0, 0.2, 2.0]
disc:  348  :[0.0, 0.6, 6.0]
disc:  349  :[0.0, 0.2, 2.0]
disc:  350  :[0.0, 0.1, 1.0]
disc:  351  :[0.0, 0.2, 2.0]
disc:  352  :[0.0, 0.6, 6.0]
disc:  353  :[0.0, 0.1, 1.0]
disc:  354  :[0.0, 1.8, 2.0]
disc:  355  :[0.0, 0.9, 1.0]
disc:  356  :[0.0, 0.2, 2.0]
disc:  357  :[0.0, 0.1, 1.0]
disc:  358  :[0.0, 0.2, 2.0]
disc:  359  :[0.0, 4.832631177888856, 6.0]
disc:  360  :[0.0, 1.9673688221111454, 3.1673688221111456, 6.0]
disc:  361  :[0.0, 0.2, 2.0]
disc:  362  :[0.0, 0.1, 1.0]
disc:  363  :[0.0, 1.304701692857372, 1.704701692857372, 2.0]
disc:  364  :[0.0, 0.7245077511426544, 0.9245077511426544, 1.0]
disc:  365  :[0.0, 0.37079055599997396, 0.9707905559999739, 3.0]
disc:  366  :[0.0, 1.8, 2.0]
disc:  367  :[0.0, 5.4, 6.0]
disc:  368  :[0.0, 0.2, 2.0]
disc:  369  :[0.0, 1.8, 2.0]
disc:  370  :[0.0, 0.9, 1.0]
disc:  371  :[0.0, 0.2, 2.0]
disc:  372  :[0.0, 0.2, 2.0]
disc:  373  :[0.0, 0.2, 2.0]
disc:  374  :[0.0, 0.6, 6.0]
disc:  375  :[0.0, 0.2, 2.0]
disc:  376  :[0.0, 0.3000606580875738, 2.0]
disc:  377  :[0.0, 4.4, 5.6, 6.0]
disc:  378  :[0.0, 0.45438296824745217, 1.654382968247452, 6.0]
disc:  379  :[0.0, 1.8, 2.0]
disc:  380  :[0.0, 0.1, 1.0]
disc:  381  :[0.0, 0.3, 3.0]
disc:  382  :[0.0, 0.7, 1.3, 3.0]
disc:  383  :[0.0, 1.8, 2.0]
disc:  384  :[0.0, 2.505888577609949, 3.705888577609949, 6.0]
disc:  385  :[0.0, 0.2, 2.0]
disc:  502  :[0.0, 0.1, 1.0]
disc:  503  :[0.0, 0.1, 1.0]
disc:  504  :[0.0, 0.1, 1.0]
disc:  505  :[0.0, 0.5965893346732298, 0.7965893346732298, 1.0]
disc:  506  :[0.0, 0.5155980911608841, 0.715598091160884, 1.0]
disc:  507  :[0.0, 0.9, 1.0]
disc:  508  :[0.0, 0.1, 1.0]
disc:  509  :[0.0, 0.1, 1.0]
disc:  510  :[0.0, 0.1, 1.0]
disc:  511  :[0.0, 0.20341066532677024, 0.4034106653267703, 1.0]
disc:  512  :[0.0, 0.1, 1.0]
disc:  513  :[0.0, 0.9, 1.0]
disc:  514  :[0.0, 0.1, 1.0]
disc:  515  :[0.0, 0.1, 1.0]
disc:  516  :[0.0, 0.24417284694009442, 0.4441728469400944, 1.0]
disc:  517  :[0.0, 0.1, 1.0]
disc:  518  :[0.0, 0.1, 1.0]
disc:  519  :[0.0, 0.1, 1.0]
disc:  520  :[0.0, 0.818534694037281, 1.0]
disc:  521  :[0.0, 0.9, 1.0]
disc:  522  :[0.0, 0.1, 1.0]
disc:  523  :[0.0, 0.1, 1.0]
disc:  524  :[0.0, 0.9, 1.0]
disc:  525  :[0.0, 0.23056381846828775, 0.43056381846828773, 1.0]
disc:  526  :[0.0, 0.15103856807439206, 0.35103856807439204, 1.0]
disc:  527  :[0.0, 0.1, 1.0]
disc:  528  :[0.0, 0.1814653059627191, 1.0]
disc:  529  :[0.0, 0.1, 1.0]
disc:  530  :[0.0, 0.1, 1.0]
disc:  531  :[0.0, 0.9, 1.0]
disc:  532  :[0.0, 0.45318632755295996, 0.6531863275529599, 1.0]
disc:  533  :[0.0, 0.1, 1.0]
disc:  534  :[0.0, 0.1, 1.0]
disc:  535  :[0.0, 0.1, 1.0]
disc:  536  :[0.0, 0.1, 1.0]
disc:  537  :[0.0, 0.1, 1.0]
disc:  538  :[0.0, 0.1, 1.0]
disc:  539  :[0.0, 0.1, 1.0]
disc:  540  :[0.0, 0.34681367244704, 0.54681367244704, 1.0]
disc:  541  :[0.0, 0.1, 1.0]
disc:  542  :[0.0, 0.1, 1.0]
disc:  543  :[0.0, 0.1, 1.0]
disc:  544  :[0.0, 0.9, 1.0]
disc:  545  :[0.0, 0.1, 1.0]
disc:  546  :[0.0, 0.1, 1.0]
disc:  547  :[0.0, 0.5694361815317122, 0.7694361815317121, 1.0]
disc:  548  :[0.0, 0.1, 1.0]
disc:  549  :[0.0, 0.9, 1.0]
disc:  550  :[0.0, 0.1, 1.0]
disc:  551  :[0.0, 0.1, 1.0]
disc:  552  :[0.0, 0.1, 1.0]
disc:  553  :[0.0, 0.1, 1.0]
disc:  554  :[0.0, 0.1, 1.0]
disc:  555  :[0.0, 0.1, 1.0]
disc:  556  :[0.0, 0.1, 1.0]
disc:  557  :[0.0, 0.9, 1.0]
disc:  558  :[0.0, 0.1, 1.0]
disc:  559  :[0.0, 0.1, 1.0]
disc:  560  :[0.0, 0.1, 1.0]
disc:  561  :[0.0, 0.1, 1.0]
disc:  562  :[0.0, 0.1, 1.0]
disc:  563  :[0.0, 0.1, 1.0]
disc:  564  :[0.0, 0.1, 1.0]
disc:  565  :[0.0, 0.1, 1.0]
disc:  566  :[0.0, 0.1, 1.0]
disc:  567  :[0.0, 0.1, 1.0]
disc:  568  :[0.0, 0.1, 1.0]
disc:  569  :[0.0, 0.30478858498551353, 0.5047885849855135, 1.0]
disc:  570  :[0.0, 0.284401908839116, 0.48440190883911605, 1.0]
disc:  571  :[0.0, 0.1, 1.0]
disc:  572  :[0.0, 0.9, 1.0]
  Completed presolve in 7.15s
LOWER-BOUNDING ITERATIONS
====================================================================================================
| Iter   | Incumbent       | Best Incumbent      | Lower Bound        | Gap (%)         | Time      
| finish | -614.601        | -614.601            | -629.7754          | 2.469           | 21.69s           
Final UBD: -614.6010082307097
Final LBD: -629.7754354585225
====================================================================================================

*** Alpine ended with status OTHER_LIMIT ***

 Total time for local solves: 4.8s

 Total time for solving max-min problems: 0.0s

 Total time excluding max-min time: 21.69s

presolve objective value: -614.6010082307097
w_opt: 1-dimensional DenseAxisArray{Float64,1,...} with index sets:
    Dimension 1, [(25, 1, 2), (25, 1, 1), (25, 1, 14), (20, 1, 2), (20, 1, 1), (20, 1, 14), (1, 1, 2), (1, 1, 1), (1, 1, 14), (2, 1, 2)  …  (20, 15, 23), (20, 15, 3), (8, 15, 30), (8, 15, 29), (8, 15, 23), (8, 15, 3), (2, 15, 30), (2, 15, 29), (2, 15, 23), (2, 15, 3)]
And data, a 261-element Vector{Float64}:
 1.10637265510592
 1.7181350960367343
 0.0
 0.89362734489408
 1.3877534815732147
 0.0
 0.0
 0.0
 0.0
 0.0
 0.0
 0.0
 0.0
 0.0
 0.0
 0.0
 2.0
 0.0
 0.0
 1.0
 0.0
 0.0
 0.0
 0.0
 0.0
 0.0
 0.0
 0.0
 0.06159715011901231
 3.0779904558044207
 0.6490761426056786
 0.0
 0.0
 0.0
 0.0
 0.0
 0.0
 0.0
 0.0
 0.0
 0.0384635079685615
 1.92200954419558
 0.4053068256417736
 0.0
 0.0
 0.0
 0.0
 0.0
 0.0
 0.0
 0.0
 0.0
 0.0
 0.0
 0.0
 0.0
 0.0
 0.0
 0.0
 2.0
 1.0
 0.0
 0.0
 0.0
 0.0
 0.0
 0.0
 0.0
 0.0
 0.0
 0.0
 0.0
 0.0
 0.0
 0.6883456938801888
 2.0650370816405665
 0.0
 0.5020771361487844
 1.5062314084463524
 0.0
 0.0
 0.0
 0.0
 0.0
 0.0
 0.0
 0.0
 0.0
 0.0
 0.0
 0.0
 0.0
 0.8095771699710269
 2.428731509913081
 0.0
 0.0
 0.0
 0.0
 0.0
 0.0
 0.0
 1.504701692857372
 0.8245077511426544
 0.670790555999974
 0.0
 0.0
 0.0
 0.0
 0.0
 0.0
 0.0
 0.0
 0.0
 0.0
 0.0
 0.0
 0.0
 0.0
 4.990060216799533
 2.3582173354987153
 0.0
 0.0
 0.0
 0.44257096108932265
 0.20915148661243022
 0.0
 0.0
 0.0
 0.0
 0.0
 0.0
 0.0
 0.0
 0.0
 0.0
 0.0
 0.0
 0.0
 0.0
 0.0
 0.0
 0.0
 0.0
 0.0
 0.0
 0.0
 0.0
 0.0
 0.0
 0.0
 0.0
 0.0
 0.0
 0.6611276369365756
 0.3305638184682877
 0.0
 0.0
 1.3388723630634243
 0.669436181531712
 0.0
 0.0
 0.0
 0.0
 0.0
 0.0
 0.0
 0.0
 0.0
 0.0
 0.0
 0.0
 0.0
 0.0
 0.0
 0.0
 0.0
 0.0
 0.0
 0.0
 0.0
 0.0
 0.0
 0.0
 0.0
 0.0
 0.0
 0.0
 0.0
 0.0
 0.0
 0.0
 0.0
 0.0
 0.0
 1.4377166142094882
 0.9416187315722329
 0.0
 0.0
 0.0
 0.0
 0.0
 0.0
 0.0
 0.0
 0.0
 0.0
 1.3931786693464596
 0.6965893346732298
 0.0
 0.6068213306535405
 0.30341066532677025
 0.0
 0.0
 0.0
 0.0
 0.0
 0.0
 0.0
 0.0
 0.0
 0.0
 0.0
 0.0
 0.0
 0.0
 0.5516549645770285
 0.5884683899848232
 0.0
 0.0
 0.0
 0.0
 0.0
 0.0
 0.0
 0.0
 0.0
 0.0
 0.0
 0.0
 0.0
 0.0
 0.0
 0.0
 0.0
 0.0
 0.0
 0.0
 0.0
 0.0
 0.0
 0.0
 0.0
 0.0
 0.0
 0.0
 0.0
 0.0
 0.9710875050931792
 4.945617031752548
 0.0
 0.6868656906159439
x_ij_opt: 1-dimensional DenseAxisArray{Float64,1,...} with index sets:
    Dimension 1, [(43, 30), (43, 22), (43, 6), (44, 22), (45, 30), (45, 29), (45, 28), (45, 24), (45, 23), (40, 29)  …  (5, 7), (5, 14), (6, 4), (6, 3), (1, 14), (1, 10), (1, 23), (1, 1), (3, 2), (3, 1)]
And data, a 116-element Vector{Float64}:
 0.0
 1.5846828811280194
 1.303574490194765
 0.0
 1.028912494906821
 0.0
 1.4483450354229717
 0.0
 0.0
 0.0
 0.0
 0.0
 0.0
 0.0
 0.0
 0.0
 0.0
 0.0
 0.2813808264672945
 0.0
 0.0
 0.0
 0.0
 0.0
 0.0
 0.0
 0.0
 2.0
 0.0
 0.0
 0.0
 0.0
 0.0
 0.0
 0.0
 0.0
 0.0
 0.0
 0.0
 0.0
 0.0
 0.0
 0.0
 0.5963648517176613
 0.0
 0.0
 0.41531711887198053
 0.0
 0.0
 0.0
 0.0
 0.0
 0.0
 0.0
 0.0
 3.0
 0.0
 0.0
 0.17549224885734563
 2.0
 0.0
 0.0
 0.0
 0.5622833857905117
 6.0
 0.0
 0.5673688221111443
 0.0
 0.0
 0.7186191735327055
 0.0
 0.0
 0.0
 0.0
 0.0
 0.0
 0.41153161001517685
 0.6317712363670753
 0.0
 0.0
 0.0
 0.0
 0.0
 0.0
 0.0
 0.0
 0.0
 0.0
 0.0
 0.0
 0.0
 1.3682287636329247
 0.432631177888855
 0.0
 0.0
 0.0
 0.0
 0.0
 0.0
 0.31313430938405606
 0.0
 0.0
 0.0
 0.0
 0.0
 0.3810889996504952
 0.0
 0.0
 0.0
 0.0
 0.11420930749213255
 0.0
 0.05838126842776719
 2.223320866390077
 0.0
 0.0
x_il_opt: 1-dimensional DenseAxisArray{Float64,1,...} with index sets:
    Dimension 1, [(43, 15), (43, 14), (44, 15), (44, 13), (44, 3), (40, 14), (40, 2), (41, 14), (42, 6), (37, 13)  …  (4, 13), (5, 2), (5, 7), (5, 9), (6, 11), (1, 1), (1, 6), (1, 3), (2, 1), (2, 15)]
And data, a 71-element Vector{Float64}:
 0.0
 0.0
 0.0
 2.0897680040196893
 3.7886637485291113
 1.1401233545618517
 0.0
 0.0
 0.0
 0.9102319959803107
 0.0
 2.379335345781721
 0.0
 0.0
 2.7533827755207554
 0.0
 0.0
 0.0
 7.3482775522982475
 0.0
 0.0
 0.0
 3.0
 0.9916914554048634
 2.0083085445951365
 0.0
 0.6517224477017528
 0.0
 0.0
 0.0
 2.8245077511426544
 0.0
 0.0
 0.0
 0.0
 0.0
 0.0
 0.0
 2.2813808264672946
 0.0
 0.0
 0.0
 3.0
 0.0
 0.0
 2.0083085445951365
 0.0
 3.0
 0.0
 0.0
 0.0
 0.0
 0.0
 0.0
 0.0
 0.0
 0.0
 0.0
 0.0
 0.0
 0.0
 0.0
 0.0
 0.0
 0.0
 0.0
 0.0
 3.238308679884108
 2.3657798778059154
 0.0
 6.603570227461671
x_lj_opt: 1-dimensional DenseAxisArray{Float64,1,...} with index sets:
    Dimension 1, [(15, 30), (15, 29), (15, 23), (15, 3), (14, 28), (14, 27), (14, 10), (14, 24), (13, 26), (13, 25)  …  (3, 6), (3, 5), (3, 29), (2, 4), (2, 3), (2, 1), (2, 5), (1, 2), (1, 1), (1, 14)]
And data, a 53-element Vector{Float64}:
 0.9710875050931792
 4.945617031752548
 0.0
 0.6868656906159439
 0.5516549645770285
 0.5884683899848232
 0.0
 0.0
 2.0
 1.0
 0.0
 1.4377166142094882
 0.9416187315722329
 0.0
 0.0
 0.0
 0.0
 0.0
 0.0
 0.0
 0.0
 2.0
 1.0
 0.0
 0.0
 0.0
 5.432631177888855
 2.5673688221111455
 0.0
 0.0
 1.504701692857372
 0.8245077511426544
 0.670790555999974
 2.0
 6.0
 0.0
 2.0
 1.0
 0.0
 0.0
 0.0
 0.0
 0.0
 0.1000606580875738
 5.0
 1.0543829682474521
 2.0
 0.0
 0.0
 1.0
 2.0
 3.105888577609949
 0.0
q_opt: 1-dimensional DenseAxisArray{Float64,1,...} with index sets:
    Dimension 1, [(43, 15), (43, 14), (44, 15), (44, 13), (44, 3), (40, 14), (40, 2), (41, 14), (42, 6), (37, 13)  …  (4, 13), (5, 2), (5, 7), (5, 9), (6, 11), (1, 1), (1, 6), (1, 3), (2, 1), (2, 15)]
And data, a 71-element Vector{Float64}:
 0.0
 0.0
 0.0
 0.6965893346732298
 0.615598091160884
 1.0
 0.0
 0.0
 0.0
 0.30341066532677025
 0.0
 1.0
 0.0
 0.0
 0.3441728469400944
 0.0
 0.0
 0.0
 0.9185346940372809
 1.0
 0.0
 0.0
 1.0
 0.33056381846828775
 0.25103856807439207
 0.0
 0.0814653059627191
 0.0
 0.0
 1.0
 0.5531863275529599
 0.0
 0.0
 0.0
 0.0
 0.0
 0.0
 0.0
 0.44681367244704
 0.0
 0.0
 0.0
 1.0
 0.0
 0.0
 0.6694361815317121
 0.0
 1.0
 0.0
 0.0
 0.0
 0.0
 0.0
 0.0
 0.0
 1.0
 0.0
 0.0
 0.0
 0.0
 0.0
 0.0
 0.0
 0.0
 0.0
 0.0
 0.0
 0.4047885849855135
 0.384401908839116
 0.0
 1.0
