
PROBLEM STATISTICS
  Objective sense = Min
  # Variables = 572
  # Bin-Int Variables = 0
  # Constraints = 621
  # NL Constraints = 261
  # Linear Constraints = 360
  # Detected convex constraints = 0
  # Detected nonlinear terms = 261
  # Variables involved in nonlinear terms = 124
  # Potential variables for partitioning = 124
SUB-SOLVERS USED BY ALPINE
  NLP local solver = Knitro
  MIP solver = Gurobi
ALPINE CONFIGURATION
  Maximum iterations (lower-bounding MIPs) =  1
  Relative global optimality gap = 0.01%
  Potential variables chosen for partitioning = All
  Discretization ratio = 10
  Bound-tightening presolve = false
PRESOLVE 
  Doing local search

Feasible solution found during presolve: [1.2213498915627368, 0.0, 0.0, 0.0, 0.0, 0.0, 0.0, 0.0, 0.0, 0.0, 0.0, 0.0, 0.0, 0.0, 0.0, 0.0, 1.812584134820139, 0.0, 0.0, 1.187415865179861, 0.0, 0.0, 0.0, 0.0, 0.0, 0.0, 0.0, 0.0, 0.0, 0.0, 0.0, 0.0, 0.0, 0.0, 0.0, 0.0, 0.0, 0.0, 0.0, 0.0, 0.0, 0.0, 0.0, 0.0, 0.0, 0.0, 0.0, 0.0, 0.0, 0.0, 0.0, 0.0, 0.0, 0.0, 0.0, 0.0, 0.0, 0.0, 0.0, 2.0, 1.0, 0.0, 0.0, 0.0, 0.0, 0.0, 0.0, 0.0, 0.0, 0.0, 0.0, 0.04711969768229604, 0.14135909304688812, 0.0, 0.75, 2.25, 0.0, 0.5367806056299415, 1.6103418168898243, 0.0, 0.0, 0.0, 0.0, 0.0, 0.0, 0.0, 0.0, 0.0, 0.0, 0.0, 0.0, 0.0, 0.6660996966877626, 1.9982990900632878, 0.0, 0.0, 0.0, 0.0, 0.0, 0.0, 0.0, 0.23925952481526325, 0.22249172837427125, 0.4307804438447262, 0.5649456107903992, 0.5253530678841997, 1.0171696242911406, 0.0, 0.0, 0.0, 0.0, 0.0, 0.0, 0.0, 0.0, 0.0, 0.0, 0.0, 3.0739893055496625, 2.2858382758675, 0.0, 0.0, 0.0, 1.5142020253914512, 1.1259703931913863, 0.0, 0.0, 0.0, 0.0, 0.0, 0.0, 0.0, 0.0, 0.0, 0.0, 0.0, 0.0, 0.0, 0.0, 0.0, 0.0, 0.0, 0.0, 0.0, 0.0, 0.0, 0.0, 0.0, 0.0, 0.0, 0.0, 0.034828625670690026, 0.0, 0.5685850516534895, 0.28429252582674475, 0.0, 0.0, 1.4314149483465106, 0.7157074741732553, 0.0, 0.0, 0.0, 0.0, 0.0, 0.0, 0.0, 0.0, 0.0, 0.0, 0.0, 0.0, 0.0, 0.0, 1.0000000000000002, 0.0, 0.0, 0.0, 2.0, 0.0, 0.0, 0.0, 0.0, 0.0, 0.0, 0.0, 0.0, 0.0, 0.0, 0.0, 0.0, 0.0, 0.0, 0.0, 0.0, 0.0, 0.0, 3.0, 0.0, 0.0, 0.0, 0.0, 0.0, 0.0, 0.0, 0.0, 0.0, 1.3393484462625607, 0.7041921847504409, 0.716322601845855, 0.0, 0.0, 0.0, 0.0, 0.0, 0.0, 0.11653722624067894, 0.061272034309055784, 0.06232750659140833, 0.0, 0.0, 0.0, 0.0, 0.0, 0.0, 0.0, 0.4587218486980682, 0.6961392107849259, 0.0, 0.0, 0.0, 0.0, 0.0, 0.0, 0.0, 0.0, 0.0, 0.0, 0.0, 0.0, 0.0, 0.0, 0.0, 0.0, 0.0, 0.0, 0.0, 0.0, 0.0, 0.0, 0.18987219995142401, 0.016069252199354567, 0.0, 0.09493609997571206, 0.0, 0.0, 0.0, 0.0, 1.8101278000485759, 0.1531946232228046, 0.0, 0.9050639000242879, 0.0, 0.0, 0.0, 2.7598632328588564, 0.0, 1.154861059482994, 0.0, 0.0, 0.18847879072918416, 0.0, 0.0, 3.0, 0.0, 0.0, 3.0, 0.0, 0.0, 0.0, 5.3598275814171625, 0.0, 0.0, 0.0, 3.0, 0.8528775774802342, 2.147122422519766, 0.0, 2.640172418582838, 0.0, 3.0, 0.0, 1.2213498915627368, 0.24013676714114307, 0.0, 0.0, 0.0, 0.0, 0.0, 0.0, 0.0, 0.30087755212649064, 0.0, 0.0, 3.0, 0.0, 0.0, 2.147122422519766, 0.0, 0.8925316970342607, 0.0, 0.0, 0.0, 0.0, 0.0, 0.0, 0.0, 0.0, 0.0, 0.0, 0.0, 0.0, 0.0, 0.0, 0.0, 2.1074683029657395, 0.034828625670690026, 0.0, 0.0, 2.6643987867510504, 0.0, 0.0, 2.8683863232956686, 2.0, 0.16926387542215918, 0.0, 1.0, 0.4587218486980682, 0.6961392107849259, 0.0, 0.0, 1.4558856725032396, 0.7654642190594967, 0.7786501084372632, 0.0, 0.0, 3.0, 1.0000000000000002, 0.0, 0.0, 0.0, 2.0, 0.0, 0.0, 2.0, 1.0, 0.034828625670690026, 0.0, 0.0, 4.588191330941114, 3.4118086690588862, 0.0, 0.0, 0.8042051356056624, 0.7478447962584709, 1.4479500681358668, 2.0, 6.0, 0.0, 2.0, 1.0, 0.0, 0.0, 0.0, 0.0, 0.0, 0.0, 0.0, 0.0, 1.812584134820139, 0.0, 0.0, 1.187415865179861, 1.2213498915627368, 0.0, 0.0, 0.0, 0.9999999999999998, 1.5411947434409021, 0.0, 0.0, 0.0, 1.5412781513019318, 0.0, 0.0, 0.0, 0.0, 0.0, 0.0, 0.0, 0.0, 0.0, 0.0, 0.0, 0.3284032321088442, 0.0, 2.6715967678911556, 0.0, 0.0, 0.0, 0.5441143274967605, 0.23453578094050326, 0.0, 2.0, 0.0, 0.0, 0.0, 0.0, 0.0, 0.0, 0.0, 0.0, 0.0, 0.0, 0.0, 0.0, 0.0, 0.0, 0.0, 0.45880525655909793, 0.0, 0.0, 0.0, 0.0, 0.0, 0.0, 0.0, 0.0, 0.0, 0.0, 0.0, 0.0, 0.0, 1.286358137554591, 0.2521552037415291, 1.96517137432931, 0.0, 0.0, 0.0, 0.0, 6.0, 0.0, 0.12545053150429522, 0.0, 0.0, 0.6715967678911559, 0.0, 0.0, 0.0, 0.0, 0.0, 0.0, 0.3038607892150742, 0.6266038544385, 0.0, 0.0, 0.0, 0.0, 0.0, 0.0, 0.0, 0.0, 0.0, 0.0, 0.0, 0.17795099355477523, 0.0, 1.3733961455615, 0.0, 0.0, 0.0, 0.0, 0.0, 0.0, 0.0, 0.0, 0.0, 0.0, 0.0, 0.0, 0.0, 0.9425623750404605, 0.0, 0.0, 0.18741586517986106, 0.0, 0.2532324893538772, 0.0, 0.0, 1.8804531639729778, 0.0, 0.0, 0.0, 0.0, 0.0, 0.9199544109529523, 0.0, 1.0, 0.0, 0.0, 0.02355984884114802, 0.0, 0.0, 1.0, 0.0, 0.0, 0.375, 0.0, 0.0, 0.0, 0.6699784476771453, 0.0, 0.0, 0.0, 1.0, 0.28429252582674475, 0.2683903028149707, 0.0, 0.3300215523228547, 0.0, 1.0, 0.0, 1.0, 0.08004558904704766, 0.0, 0.0, 0.0, 0.0, 0.0, 0.0, 0.0, 0.09493609997571201, 0.0, 0.0, 1.0, 0.0, 0.0, 0.7157074741732553, 0.0, 0.29751056567808687, 0.0, 0.0, 0.0, 0.0, 0.0, 1.0, 0.0, 1.0, 0.0, 0.0, 0.0, 0.0, 0.0, 0.0, 0.0, 0.7024894343219131, 1.0, 0.0, 0.0, 0.3330498483438813, 0.0, 0.0, 0.9050639000242879]  :with objective: -575.281406912064

  Local solver returns a feasible point with value -575.2814
disc:  333  :[0.0, 1.8, 2.0]
disc:  334  :[0.0, 0.7692638754221591, 6.0]
disc:  335  :[0.0, 0.1, 1.0]
disc:  336  :[0.0, 0.9, 1.0]
disc:  337  :[0.0, 0.2587218486980682, 0.6587218486980682, 2.0]
disc:  338  :[0.0, 0.5961392107849259, 0.7961392107849259, 1.0]
disc:  339  :[0.0, 0.2, 2.0]
disc:  340  :[0.0, 0.2, 2.0]
disc:  341  :[0.0, 1.2558856725032397, 1.6558856725032396, 2.0]
disc:  342  :[0.0, 0.6654642190594967, 0.8654642190594967, 1.0]
disc:  343  :[0.0, 0.5786501084372633, 0.9786501084372632, 2.0]
disc:  344  :[0.0, 0.2, 2.0]
disc:  345  :[0.0, 0.1, 1.0]
disc:  346  :[0.0, 2.7, 3.0]
disc:  347  :[0.0, 0.8000000000000003, 1.2000000000000002, 2.0]
disc:  348  :[0.0, 0.6, 6.0]
disc:  349  :[0.0, 0.2, 2.0]
disc:  350  :[0.0, 0.1, 1.0]
disc:  351  :[0.0, 1.8, 2.0]
disc:  352  :[0.0, 0.6, 6.0]
disc:  353  :[0.0, 0.1, 1.0]
disc:  354  :[0.0, 1.8, 2.0]
disc:  355  :[0.0, 0.9, 1.0]
disc:  356  :[0.0, 0.23482862567069004, 2.0]
disc:  357  :[0.0, 0.1, 1.0]
disc:  358  :[0.0, 0.2, 2.0]
disc:  359  :[0.0, 3.9881913309411137, 5.188191330941113, 6.0]
disc:  360  :[0.0, 2.811808669058886, 4.011808669058886, 6.0]
disc:  361  :[0.0, 0.2, 2.0]
disc:  362  :[0.0, 0.1, 1.0]
disc:  363  :[0.0, 0.6042051356056624, 1.0042051356056625, 2.0]
disc:  364  :[0.0, 0.6478447962584709, 0.8478447962584709, 1.0]
disc:  365  :[0.0, 1.1479500681358668, 1.7479500681358668, 3.0]
disc:  366  :[0.0, 1.8, 2.0]
disc:  367  :[0.0, 5.4, 6.0]
disc:  368  :[0.0, 0.2, 2.0]
disc:  369  :[0.0, 1.8, 2.0]
disc:  370  :[0.0, 0.9, 1.0]
disc:  371  :[0.0, 0.2, 2.0]
disc:  372  :[0.0, 0.2, 2.0]
disc:  373  :[0.0, 0.2, 2.0]
disc:  374  :[0.0, 0.6, 6.0]
disc:  375  :[0.0, 0.2, 2.0]
disc:  376  :[0.0, 0.2, 2.0]
disc:  377  :[0.0, 0.6, 6.0]
disc:  378  :[0.0, 0.6, 6.0]
disc:  379  :[0.0, 1.612584134820139, 2.0]
disc:  380  :[0.0, 0.1, 1.0]
disc:  381  :[0.0, 0.3, 3.0]
disc:  382  :[0.0, 0.8874158651798609, 1.487415865179861, 3.0]
disc:  383  :[0.0, 1.0213498915627368, 1.4213498915627367, 2.0]
disc:  384  :[0.0, 0.6, 6.0]
disc:  385  :[0.0, 0.2, 2.0]
disc:  502  :[0.0, 0.1, 1.0]
disc:  503  :[0.0, 0.1, 1.0]
disc:  504  :[0.0, 0.1, 1.0]
disc:  505  :[0.0, 0.8199544109529523, 1.0]
disc:  506  :[0.0, 0.1, 1.0]
disc:  507  :[0.0, 0.9, 1.0]
disc:  508  :[0.0, 0.1, 1.0]
disc:  509  :[0.0, 0.1, 1.0]
disc:  510  :[0.0, 0.12355984884114803, 1.0]
disc:  511  :[0.0, 0.1, 1.0]
disc:  512  :[0.0, 0.1, 1.0]
disc:  513  :[0.0, 0.9, 1.0]
disc:  514  :[0.0, 0.1, 1.0]
disc:  515  :[0.0, 0.1, 1.0]
disc:  516  :[0.0, 0.275, 0.475, 1.0]
disc:  517  :[0.0, 0.1, 1.0]
disc:  518  :[0.0, 0.1, 1.0]
disc:  519  :[0.0, 0.1, 1.0]
disc:  520  :[0.0, 0.5699784476771453, 0.7699784476771453, 1.0]
disc:  521  :[0.0, 0.1, 1.0]
disc:  522  :[0.0, 0.1, 1.0]
disc:  523  :[0.0, 0.1, 1.0]
disc:  524  :[0.0, 0.9, 1.0]
disc:  525  :[0.0, 0.18429252582674474, 0.3842925258267448, 1.0]
disc:  526  :[0.0, 0.16839030281497072, 0.36839030281497076, 1.0]
disc:  527  :[0.0, 0.1, 1.0]
disc:  528  :[0.0, 0.23002155232285468, 0.43002155232285466, 1.0]
disc:  529  :[0.0, 0.1, 1.0]
disc:  530  :[0.0, 0.9, 1.0]
disc:  531  :[0.0, 0.1, 1.0]
disc:  532  :[0.0, 0.9, 1.0]
disc:  533  :[0.0, 0.18004558904704765, 1.0]
disc:  534  :[0.0, 0.1, 1.0]
disc:  535  :[0.0, 0.1, 1.0]
disc:  536  :[0.0, 0.1, 1.0]
disc:  537  :[0.0, 0.1, 1.0]
disc:  538  :[0.0, 0.1, 1.0]
disc:  539  :[0.0, 0.1, 1.0]
disc:  540  :[0.0, 0.1, 1.0]
disc:  541  :[0.0, 0.194936099975712, 1.0]
disc:  542  :[0.0, 0.1, 1.0]
disc:  543  :[0.0, 0.1, 1.0]
disc:  544  :[0.0, 0.9, 1.0]
disc:  545  :[0.0, 0.1, 1.0]
disc:  546  :[0.0, 0.1, 1.0]
disc:  547  :[0.0, 0.6157074741732553, 0.8157074741732553, 1.0]
disc:  548  :[0.0, 0.1, 1.0]
disc:  549  :[0.0, 0.19751056567808686, 0.39751056567808685, 1.0]
disc:  550  :[0.0, 0.1, 1.0]
disc:  551  :[0.0, 0.1, 1.0]
disc:  552  :[0.0, 0.1, 1.0]
disc:  553  :[0.0, 0.1, 1.0]
disc:  554  :[0.0, 0.1, 1.0]
disc:  555  :[0.0, 0.9, 1.0]
disc:  556  :[0.0, 0.1, 1.0]
disc:  557  :[0.0, 0.9, 1.0]
disc:  558  :[0.0, 0.1, 1.0]
disc:  559  :[0.0, 0.1, 1.0]
disc:  560  :[0.0, 0.1, 1.0]
disc:  561  :[0.0, 0.1, 1.0]
disc:  562  :[0.0, 0.1, 1.0]
disc:  563  :[0.0, 0.1, 1.0]
disc:  564  :[0.0, 0.1, 1.0]
disc:  565  :[0.0, 0.6024894343219132, 0.8024894343219131, 1.0]
disc:  566  :[0.0, 0.9, 1.0]
disc:  567  :[0.0, 0.1, 1.0]
disc:  568  :[0.0, 0.1, 1.0]
disc:  569  :[0.0, 0.2330498483438813, 0.43304984834388127, 1.0]
disc:  570  :[0.0, 0.1, 1.0]
disc:  571  :[0.0, 0.1, 1.0]
disc:  572  :[0.0, 0.805063900024288, 1.0]
  Completed presolve in 8.15s
LOWER-BOUNDING ITERATIONS
====================================================================================================
| Iter   | Incumbent       | Best Incumbent      | Lower Bound        | Gap (%)         | Time      
| finish | -575.2814       | -575.2814           | -639.4546          | 11.155          | 17.9s            
Final UBD: -575.281406912064
Final LBD: -639.4545980614598
====================================================================================================

*** Alpine ended with status OTHER_LIMIT ***

 Total time for local solves: 5.85s

 Total time for solving max-min problems: 0.0s

 Total time excluding max-min time: 17.9s

presolve objective value: -575.281406912064
w_opt: 1-dimensional DenseAxisArray{Float64,1,...} with index sets:
    Dimension 1, [(25, 1, 2), (25, 1, 1), (25, 1, 14), (20, 1, 2), (20, 1, 1), (20, 1, 14), (1, 1, 2), (1, 1, 1), (1, 1, 14), (2, 1, 2)  …  (20, 15, 23), (20, 15, 3), (8, 15, 30), (8, 15, 29), (8, 15, 23), (8, 15, 3), (2, 15, 30), (2, 15, 29), (2, 15, 23), (2, 15, 3)]
And data, a 261-element Vector{Float64}:
 1.2213498915627368
 0.0
 0.0
 0.0
 0.0
 0.0
 0.0
 0.0
 0.0
 0.0
 0.0
 0.0
 0.0
 0.0
 0.0
 0.0
 1.812584134820139
 0.0
 0.0
 1.187415865179861
 0.0
 0.0
 0.0
 0.0
 0.0
 0.0
 0.0
 0.0
 0.0
 0.0
 0.0
 0.0
 0.0
 0.0
 0.0
 0.0
 0.0
 0.0
 0.0
 0.0
 0.0
 0.0
 0.0
 0.0
 0.0
 0.0
 0.0
 0.0
 0.0
 0.0
 0.0
 0.0
 0.0
 0.0
 0.0
 0.0
 0.0
 0.0
 0.0
 2.0
 1.0
 0.0
 0.0
 0.0
 0.0
 0.0
 0.0
 0.0
 0.0
 0.0
 0.0
 0.04711969768229604
 0.14135909304688812
 0.0
 0.75
 2.25
 0.0
 0.5367806056299415
 1.6103418168898243
 0.0
 0.0
 0.0
 0.0
 0.0
 0.0
 0.0
 0.0
 0.0
 0.0
 0.0
 0.0
 0.0
 0.6660996966877626
 1.9982990900632878
 0.0
 0.0
 0.0
 0.0
 0.0
 0.0
 0.0
 0.23925952481526325
 0.22249172837427125
 0.4307804438447262
 0.5649456107903992
 0.5253530678841997
 1.0171696242911406
 0.0
 0.0
 0.0
 0.0
 0.0
 0.0
 0.0
 0.0
 0.0
 0.0
 0.0
 3.0739893055496625
 2.2858382758675
 0.0
 0.0
 0.0
 1.5142020253914512
 1.1259703931913863
 0.0
 0.0
 0.0
 0.0
 0.0
 0.0
 0.0
 0.0
 0.0
 0.0
 0.0
 0.0
 0.0
 0.0
 0.0
 0.0
 0.0
 0.0
 0.0
 0.0
 0.0
 0.0
 0.0
 0.0
 0.0
 0.0
 0.034828625670690026
 0.0
 0.5685850516534895
 0.28429252582674475
 0.0
 0.0
 1.4314149483465106
 0.7157074741732553
 0.0
 0.0
 0.0
 0.0
 0.0
 0.0
 0.0
 0.0
 0.0
 0.0
 0.0
 0.0
 0.0
 0.0
 1.0000000000000002
 0.0
 0.0
 0.0
 2.0
 0.0
 0.0
 0.0
 0.0
 0.0
 0.0
 0.0
 0.0
 0.0
 0.0
 0.0
 0.0
 0.0
 0.0
 0.0
 0.0
 0.0
 0.0
 3.0
 0.0
 0.0
 0.0
 0.0
 0.0
 0.0
 0.0
 0.0
 0.0
 1.3393484462625607
 0.7041921847504409
 0.716322601845855
 0.0
 0.0
 0.0
 0.0
 0.0
 0.0
 0.11653722624067894
 0.061272034309055784
 0.06232750659140833
 0.0
 0.0
 0.0
 0.0
 0.0
 0.0
 0.0
 0.4587218486980682
 0.6961392107849259
 0.0
 0.0
 0.0
 0.0
 0.0
 0.0
 0.0
 0.0
 0.0
 0.0
 0.0
 0.0
 0.0
 0.0
 0.0
 0.0
 0.0
 0.0
 0.0
 0.0
 0.0
 0.0
 0.18987219995142401
 0.016069252199354567
 0.0
 0.09493609997571206
 0.0
 0.0
 0.0
 0.0
 1.8101278000485759
 0.1531946232228046
 0.0
 0.9050639000242879
x_ij_opt: 1-dimensional DenseAxisArray{Float64,1,...} with index sets:
    Dimension 1, [(43, 30), (43, 22), (43, 6), (44, 22), (45, 30), (45, 29), (45, 28), (45, 24), (45, 23), (40, 29)  …  (5, 7), (5, 14), (6, 4), (6, 3), (1, 14), (1, 10), (1, 23), (1, 1), (3, 2), (3, 1)]
And data, a 116-element Vector{Float64}:
 0.0
 0.9999999999999998
 1.5411947434409021
 0.0
 0.0
 0.0
 1.5412781513019318
 0.0
 0.0
 0.0
 0.0
 0.0
 0.0
 0.0
 0.0
 0.0
 0.0
 0.0
 0.3284032321088442
 0.0
 2.6715967678911556
 0.0
 0.0
 0.0
 0.5441143274967605
 0.23453578094050326
 0.0
 2.0
 0.0
 0.0
 0.0
 0.0
 0.0
 0.0
 0.0
 0.0
 0.0
 0.0
 0.0
 0.0
 0.0
 0.0
 0.0
 0.45880525655909793
 0.0
 0.0
 0.0
 0.0
 0.0
 0.0
 0.0
 0.0
 0.0
 0.0
 0.0
 0.0
 0.0
 1.286358137554591
 0.2521552037415291
 1.96517137432931
 0.0
 0.0
 0.0
 0.0
 6.0
 0.0
 0.12545053150429522
 0.0
 0.0
 0.6715967678911559
 0.0
 0.0
 0.0
 0.0
 0.0
 0.0
 0.3038607892150742
 0.6266038544385
 0.0
 0.0
 0.0
 0.0
 0.0
 0.0
 0.0
 0.0
 0.0
 0.0
 0.0
 0.17795099355477523
 0.0
 1.3733961455615
 0.0
 0.0
 0.0
 0.0
 0.0
 0.0
 0.0
 0.0
 0.0
 0.0
 0.0
 0.0
 0.0
 0.9425623750404605
 0.0
 0.0
 0.18741586517986106
 0.0
 0.2532324893538772
 0.0
 0.0
 1.8804531639729778
 0.0
 0.0
x_il_opt: 1-dimensional DenseAxisArray{Float64,1,...} with index sets:
    Dimension 1, [(43, 15), (43, 14), (44, 15), (44, 13), (44, 3), (40, 14), (40, 2), (41, 14), (42, 6), (37, 13)  …  (4, 13), (5, 2), (5, 7), (5, 9), (6, 11), (1, 1), (1, 6), (1, 3), (2, 1), (2, 15)]
And data, a 71-element Vector{Float64}:
 0.0
 0.0
 0.0
 2.7598632328588564
 0.0
 1.154861059482994
 0.0
 0.0
 0.18847879072918416
 0.0
 0.0
 3.0
 0.0
 0.0
 3.0
 0.0
 0.0
 0.0
 5.3598275814171625
 0.0
 0.0
 0.0
 3.0
 0.8528775774802342
 2.147122422519766
 0.0
 2.640172418582838
 0.0
 3.0
 0.0
 1.2213498915627368
 0.24013676714114307
 0.0
 0.0
 0.0
 0.0
 0.0
 0.0
 0.0
 0.30087755212649064
 0.0
 0.0
 3.0
 0.0
 0.0
 2.147122422519766
 0.0
 0.8925316970342607
 0.0
 0.0
 0.0
 0.0
 0.0
 0.0
 0.0
 0.0
 0.0
 0.0
 0.0
 0.0
 0.0
 0.0
 0.0
 2.1074683029657395
 0.034828625670690026
 0.0
 0.0
 2.6643987867510504
 0.0
 0.0
 2.8683863232956686
x_lj_opt: 1-dimensional DenseAxisArray{Float64,1,...} with index sets:
    Dimension 1, [(15, 30), (15, 29), (15, 23), (15, 3), (14, 28), (14, 27), (14, 10), (14, 24), (13, 26), (13, 25)  …  (3, 6), (3, 5), (3, 29), (2, 4), (2, 3), (2, 1), (2, 5), (1, 2), (1, 1), (1, 14)]
And data, a 53-element Vector{Float64}:
 2.0
 0.16926387542215918
 0.0
 1.0
 0.4587218486980682
 0.6961392107849259
 0.0
 0.0
 1.4558856725032396
 0.7654642190594967
 0.7786501084372632
 0.0
 0.0
 3.0
 1.0000000000000002
 0.0
 0.0
 0.0
 2.0
 0.0
 0.0
 2.0
 1.0
 0.034828625670690026
 0.0
 0.0
 4.588191330941114
 3.4118086690588862
 0.0
 0.0
 0.8042051356056624
 0.7478447962584709
 1.4479500681358668
 2.0
 6.0
 0.0
 2.0
 1.0
 0.0
 0.0
 0.0
 0.0
 0.0
 0.0
 0.0
 0.0
 1.812584134820139
 0.0
 0.0
 1.187415865179861
 1.2213498915627368
 0.0
 0.0
q_opt: 1-dimensional DenseAxisArray{Float64,1,...} with index sets:
    Dimension 1, [(43, 15), (43, 14), (44, 15), (44, 13), (44, 3), (40, 14), (40, 2), (41, 14), (42, 6), (37, 13)  …  (4, 13), (5, 2), (5, 7), (5, 9), (6, 11), (1, 1), (1, 6), (1, 3), (2, 1), (2, 15)]
And data, a 71-element Vector{Float64}:
 0.0
 0.0
 0.0
 0.9199544109529523
 0.0
 1.0
 0.0
 0.0
 0.02355984884114802
 0.0
 0.0
 1.0
 0.0
 0.0
 0.375
 0.0
 0.0
 0.0
 0.6699784476771453
 0.0
 0.0
 0.0
 1.0
 0.28429252582674475
 0.2683903028149707
 0.0
 0.3300215523228547
 0.0
 1.0
 0.0
 1.0
 0.08004558904704766
 0.0
 0.0
 0.0
 0.0
 0.0
 0.0
 0.0
 0.09493609997571201
 0.0
 0.0
 1.0
 0.0
 0.0
 0.7157074741732553
 0.0
 0.29751056567808687
 0.0
 0.0
 0.0
 0.0
 0.0
 1.0
 0.0
 1.0
 0.0
 0.0
 0.0
 0.0
 0.0
 0.0
 0.0
 0.7024894343219131
 1.0
 0.0
 0.0
 0.3330498483438813
 0.0
 0.0
 0.9050639000242879
