
PROBLEM STATISTICS
  Objective sense = Min
  # Variables = 572
  # Bin-Int Variables = 0
  # Constraints = 621
  # NL Constraints = 261
  # Linear Constraints = 360
  # Detected convex constraints = 0
  # Detected nonlinear terms = 261
  # Variables involved in nonlinear terms = 124
  # Potential variables for partitioning = 124
SUB-SOLVERS USED BY ALPINE
  NLP local solver = Knitro
  MIP solver = Gurobi
ALPINE CONFIGURATION
  Maximum iterations (lower-bounding MIPs) =  1
  Relative global optimality gap = 0.01%
  Potential variables chosen for partitioning = All
  Discretization ratio = 10
  Bound-tightening presolve = false
PRESOLVE 
  Doing local search

Feasible solution found during presolve: [1.2734925287382246, 0.0, 0.0, 0.7265074712617753, 0.0, 0.0, 0.0, 0.0, 0.0, 0.0, 0.0, 0.0, 0.0, 0.0, 0.0, 0.0, 1.4944412200042196, 0.0, 0.0, 1.5055587799957806, 0.0, 0.0, 0.0, 0.0, 0.0, 0.0, 0.0, 0.0, 0.0, 0.0, 0.0, 0.0, 0.0, 0.0, 0.0, 0.0, 0.0, 0.0, 0.0, 0.0, 0.0, 0.0, 0.0, 0.0, 0.0, 0.0, 0.0, 0.0, 0.0, 0.0, 0.0, 0.0, 0.0, 0.0, 0.0, 0.0, 0.0, 0.0, 0.0, 1.911821314410582, 1.0, 0.0, 0.0, 0.0, 0.0, 0.0, 0.0, 0.0, 0.0, 0.0, 0.0, 0.0, 0.0, 0.0, 0.6591954837536528, 1.9775864512609582, 0.0, 0.4875208383243887, 1.4625625149731662, 0.0, 0.0, 0.0, 0.0, 0.0, 0.0, 0.0, 0.0, 0.0, 0.0, 0.0, 0.0, 0.0, 0.8532836779219586, 2.559851033765876, 0.0, 0.0, 0.0, 0.0, 0.0, 0.0, 0.0, 0.5223298849714137, 0.8143402072196064, 1.551312613388019, 0.020259809865439644, 0.03158612639013538, 0.060171358165385505, 0.0, 0.0, 0.0, 0.0, 0.0, 0.0, 0.0, 0.0, 0.0, 0.0, 0.0, 3.9461899703940158, 3.184029742162087, 0.0, 0.0, 0.0, 0.4813762247344675, 0.3884040627094311, 0.0, 0.0, 0.0, 0.0, 0.0, 0.0, 0.0, 0.0, 0.0, 0.0, 0.0, 0.0, 0.0, 0.0, 0.0, 0.0, 0.0, 0.0, 0.0, 0.0, 0.0, 0.0, 0.0, 0.0, 0.0, 0.0, 0.039968079031078324, 0.0, 0.6999444311349633, 0.3499722155674816, 0.0, 0.0, 1.3000555688650366, 0.6500277844325182, 0.0, 0.0, 0.0, 0.0, 0.0, 0.0, 0.0, 0.0, 0.0, 0.0, 0.0, 0.0, 0.0, 0.0, 2.0, 0.0, 0.0, 0.0, 0.7285106460455757, 0.0, 0.0, 0.0, 0.0, 0.0, 0.0, 0.0, 0.0, 0.0, 0.0, 0.0, 0.0, 0.0, 0.0, 0.0, 0.0, 1.2714893539544243, 0.9679282135941396, 0.7605824324514361, 0.0, 0.0, 0.0, 0.0, 0.0, 0.0, 0.0, 0.0, 0.0, 1.4195594874699111, 0.7097797437349554, 0.0, 0.5804405125300888, 0.29022025626504433, 0.0, 0.0, 0.0, 0.0, 0.0, 0.0, 0.0, 0.0, 0.0, 0.0, 0.0, 0.0, 0.0, 0.0, 0.07511276883449972, 0.43649259972959153, 0.0, 0.0, 0.0, 0.0, 0.0, 0.0, 0.09696980228132747, 0.5635074002704086, 0.0, 0.0, 0.0, 0.0, 0.0, 0.0, 0.0, 0.0, 0.0, 0.0, 0.0, 0.0, 0.0, 0.0, 0.0, 0.0, 0.0, 0.0, 0.0, 0.0, 0.0, 0.0, 2.0, 0.0, 0.0, 1.0, 0.0, 0.0, 0.0, 2.1293392312048667, 0.0, 0.5116053685640912, 0.0, 0.0, 0.0, 0.8706607687951332, 0.0, 3.0, 0.0, 0.0, 2.636781935014611, 0.0, 0.0, 0.0, 7.130219712556102, 0.0, 0.0, 0.660477202551736, 3.0, 1.049916646702445, 1.9500833532975548, 0.0, 0.8697802874438986, 0.0, 2.7285106460455757, 0.0, 1.2734925287382246, 0.0, 0.0, 0.0, 0.0, 0.0, 0.0, 0.0, 0.7265074712617753, 0.0, 0.0, 0.0, 2.911821314410582, 0.0, 0.0, 1.9500833532975548, 0.0, 2.887982705579039, 0.0, 0.0, 0.0, 0.0, 0.0, 0.0, 0.0, 0.0, 0.0, 0.0, 0.0, 0.0, 0.0, 0.0, 0.0, 0.11201729442096053, 0.039968079031078324, 0.0, 0.0, 3.4131347116878343, 0.0, 0.0, 3.0, 2.0, 0.0, 0.0, 1.0, 0.17208257111582717, 1.0, 0.0, 0.0, 2.0, 1.0, 0.0, 1.2714893539544243, 0.9679282135941396, 0.7605824324514361, 2.0, 0.0, 0.0, 0.0, 0.7285106460455757, 0.0, 0.0, 2.0, 1.0, 0.039968079031078324, 0.0, 0.0, 4.427566195128483, 3.572433804871517, 0.0, 0.0, 0.5425896948368535, 0.8459263336097419, 1.6114839715534046, 2.0, 6.0, 0.0, 1.911821314410582, 1.0, 0.0, 0.0, 0.0, 0.0, 0.0, 0.0, 0.0, 0.0, 1.4944412200042196, 0.0, 0.0, 1.5055587799957806, 2.0, 0.0, 0.0, 0.0, 0.0, 1.1302197125561027, 0.0, 0.0, 0.0, 1.8279174288841729, 0.0, 0.0, 0.9899938979816679, 0.0, 0.0, 0.0, 0.0, 0.0, 0.0, 0.0, 0.0, 0.29380737081911074, 0.0, 0.0, 0.0, 0.0, 0.0, 0.0, 0.0, 0.0, 2.0, 0.0, 0.0, 0.0, 0.0, 0.0, 0.0, 0.0, 0.0, 0.0, 0.0, 0.0, 0.0, 0.0, 0.0, 0.0, 0.8697802874438979, 0.0, 0.0, 0.0, 0.0, 0.0, 0.0, 0.0, 0.0, 0.0, 0.0, 0.0, 0.27148935395442425, 0.0, 1.572433804871517, 0.15407366639025818, 1.9600319209689219, 0.0, 0.0, 0.0, 0.0, 6.0, 0.0, 0.0, 0.0, 0.0, 0.7061926291808892, 0.0, 0.0, 0.0, 0.0, 0.0, 0.0, 0.0, 0.5995340270024284, 0.0, 0.0, 0.0, 0.0, 0.0, 0.0, 0.0, 0.0, 0.0, 0.08817868558941805, 0.0, 0.26620475133724386, 0.5055587799957802, 1.4004659729975717, 0.0, 0.0, 0.0, 0.0, 0.0, 0.0, 0.0, 0.0, 0.0, 0.0, 0.0, 0.0, 0.0, 1.2911328317034367, 0.0, 0.0, 0.0, 0.0, 0.16627747345970975, 0.0, 0.032071786405860364, 4.388516028446595, 0.0, 0.0, 0.0, 0.0, 0.0, 0.7097797437349556, 0.0, 0.43649259972959153, 0.0, 0.0, 0.0, 0.2902202562650444, 0.0, 1.0, 0.0, 0.0, 0.3295977418768264, 0.0, 0.0, 0.0, 0.8912774640695128, 0.0, 0.0, 0.5635074002704086, 1.0, 0.34997221556748165, 0.24376041916219435, 0.0, 0.10872253593048732, 0.0, 1.0, 0.0, 0.6367462643691123, 0.0, 0.0, 0.0, 0.0, 0.0, 0.0, 0.0, 0.36325373563088764, 0.0, 0.0, 0.0, 1.0, 0.0, 0.0, 0.6500277844325183, 0.0, 0.9626609018596798, 0.0, 0.0, 0.0, 0.0, 0.0, 1.0, 0.0, 1.0, 0.0, 0.0, 0.0, 0.0, 0.0, 0.0, 0.0, 0.03733909814032018, 1.0, 0.0, 0.0, 0.4266418389609793, 0.0, 0.0, 1.0]  :with objective: -571.8680000468697

  Local solver returns a feasible point with value -571.868
disc:  333  :[0.0, 1.8, 2.0]
disc:  334  :[0.0, 0.6, 6.0]
disc:  335  :[0.0, 0.1, 1.0]
disc:  336  :[0.0, 0.9, 1.0]
disc:  337  :[0.0, 0.3720825711158272, 2.0]
disc:  338  :[0.0, 0.9, 1.0]
disc:  339  :[0.0, 0.2, 2.0]
disc:  340  :[0.0, 0.2, 2.0]
disc:  341  :[0.0, 1.8, 2.0]
disc:  342  :[0.0, 0.9, 1.0]
disc:  343  :[0.0, 0.2, 2.0]
disc:  344  :[0.0, 1.0714893539544244, 1.4714893539544243, 2.0]
disc:  345  :[0.0, 0.8679282135941396, 1.0]
disc:  346  :[0.0, 0.4605824324514361, 1.0605824324514361, 3.0]
disc:  347  :[0.0, 1.8, 2.0]
disc:  348  :[0.0, 0.6, 6.0]
disc:  349  :[0.0, 0.2, 2.0]
disc:  350  :[0.0, 0.1, 1.0]
disc:  351  :[0.0, 0.5285106460455757, 0.9285106460455756, 2.0]
disc:  352  :[0.0, 0.6, 6.0]
disc:  353  :[0.0, 0.1, 1.0]
disc:  354  :[0.0, 1.8, 2.0]
disc:  355  :[0.0, 0.9, 1.0]
disc:  356  :[0.0, 0.23996807903107834, 2.0]
disc:  357  :[0.0, 0.1, 1.0]
disc:  358  :[0.0, 0.2, 2.0]
disc:  359  :[0.0, 3.8275661951284827, 5.0275661951284825, 6.0]
disc:  360  :[0.0, 2.972433804871517, 4.172433804871517, 6.0]
disc:  361  :[0.0, 0.2, 2.0]
disc:  362  :[0.0, 0.1, 1.0]
disc:  363  :[0.0, 0.3425896948368535, 0.7425896948368536, 2.0]
disc:  364  :[0.0, 0.7459263336097419, 0.9459263336097419, 1.0]
disc:  365  :[0.0, 1.3114839715534046, 1.9114839715534047, 3.0]
disc:  366  :[0.0, 1.8, 2.0]
disc:  367  :[0.0, 5.4, 6.0]
disc:  368  :[0.0, 0.2, 2.0]
disc:  369  :[0.0, 1.711821314410582, 2.0]
disc:  370  :[0.0, 0.9, 1.0]
disc:  371  :[0.0, 0.2, 2.0]
disc:  372  :[0.0, 0.2, 2.0]
disc:  373  :[0.0, 0.2, 2.0]
disc:  374  :[0.0, 0.6, 6.0]
disc:  375  :[0.0, 0.2, 2.0]
disc:  376  :[0.0, 0.2, 2.0]
disc:  377  :[0.0, 0.6, 6.0]
disc:  378  :[0.0, 0.6, 6.0]
disc:  379  :[0.0, 1.2944412200042197, 1.6944412200042196, 2.0]
disc:  380  :[0.0, 0.1, 1.0]
disc:  381  :[0.0, 0.3, 3.0]
disc:  382  :[0.0, 1.2055587799957805, 1.8055587799957806, 3.0]
disc:  383  :[0.0, 1.8, 2.0]
disc:  384  :[0.0, 0.6, 6.0]
disc:  385  :[0.0, 0.2, 2.0]
disc:  502  :[0.0, 0.1, 1.0]
disc:  503  :[0.0, 0.1, 1.0]
disc:  504  :[0.0, 0.1, 1.0]
disc:  505  :[0.0, 0.6097797437349556, 0.8097797437349555, 1.0]
disc:  506  :[0.0, 0.1, 1.0]
disc:  507  :[0.0, 0.33649259972959156, 0.5364925997295915, 1.0]
disc:  508  :[0.0, 0.1, 1.0]
disc:  509  :[0.0, 0.1, 1.0]
disc:  510  :[0.0, 0.1, 1.0]
disc:  511  :[0.0, 0.19022025626504438, 0.3902202562650444, 1.0]
disc:  512  :[0.0, 0.1, 1.0]
disc:  513  :[0.0, 0.9, 1.0]
disc:  514  :[0.0, 0.1, 1.0]
disc:  515  :[0.0, 0.1, 1.0]
disc:  516  :[0.0, 0.22959774187682638, 0.4295977418768264, 1.0]
disc:  517  :[0.0, 0.1, 1.0]
disc:  518  :[0.0, 0.1, 1.0]
disc:  519  :[0.0, 0.1, 1.0]
disc:  520  :[0.0, 0.7912774640695128, 0.9912774640695128, 1.0]
disc:  521  :[0.0, 0.1, 1.0]
disc:  522  :[0.0, 0.1, 1.0]
disc:  523  :[0.0, 0.4635074002704086, 0.6635074002704086, 1.0]
disc:  524  :[0.0, 0.9, 1.0]
disc:  525  :[0.0, 0.24997221556748164, 0.4499722155674817, 1.0]
disc:  526  :[0.0, 0.14376041916219434, 0.34376041916219435, 1.0]
disc:  527  :[0.0, 0.1, 1.0]
disc:  528  :[0.0, 0.008722535930487316, 0.20872253593048734, 1.0]
disc:  529  :[0.0, 0.1, 1.0]
disc:  530  :[0.0, 0.9, 1.0]
disc:  531  :[0.0, 0.1, 1.0]
disc:  532  :[0.0, 0.5367462643691123, 0.7367462643691123, 1.0]
disc:  533  :[0.0, 0.1, 1.0]
disc:  534  :[0.0, 0.1, 1.0]
disc:  535  :[0.0, 0.1, 1.0]
disc:  536  :[0.0, 0.1, 1.0]
disc:  537  :[0.0, 0.1, 1.0]
disc:  538  :[0.0, 0.1, 1.0]
disc:  539  :[0.0, 0.1, 1.0]
disc:  540  :[0.0, 0.2632537356308876, 0.4632537356308877, 1.0]
disc:  541  :[0.0, 0.1, 1.0]
disc:  542  :[0.0, 0.1, 1.0]
disc:  543  :[0.0, 0.1, 1.0]
disc:  544  :[0.0, 0.9, 1.0]
disc:  545  :[0.0, 0.1, 1.0]
disc:  546  :[0.0, 0.1, 1.0]
disc:  547  :[0.0, 0.5500277844325183, 0.7500277844325183, 1.0]
disc:  548  :[0.0, 0.1, 1.0]
disc:  549  :[0.0, 0.8626609018596798, 1.0]
disc:  550  :[0.0, 0.1, 1.0]
disc:  551  :[0.0, 0.1, 1.0]
disc:  552  :[0.0, 0.1, 1.0]
disc:  553  :[0.0, 0.1, 1.0]
disc:  554  :[0.0, 0.1, 1.0]
disc:  555  :[0.0, 0.9, 1.0]
disc:  556  :[0.0, 0.1, 1.0]
disc:  557  :[0.0, 0.9, 1.0]
disc:  558  :[0.0, 0.1, 1.0]
disc:  559  :[0.0, 0.1, 1.0]
disc:  560  :[0.0, 0.1, 1.0]
disc:  561  :[0.0, 0.1, 1.0]
disc:  562  :[0.0, 0.1, 1.0]
disc:  563  :[0.0, 0.1, 1.0]
disc:  564  :[0.0, 0.1, 1.0]
disc:  565  :[0.0, 0.1373390981403202, 1.0]
disc:  566  :[0.0, 0.9, 1.0]
disc:  567  :[0.0, 0.1, 1.0]
disc:  568  :[0.0, 0.1, 1.0]
disc:  569  :[0.0, 0.3266418389609793, 0.5266418389609793, 1.0]
disc:  570  :[0.0, 0.1, 1.0]
disc:  571  :[0.0, 0.1, 1.0]
disc:  572  :[0.0, 0.9, 1.0]
  Completed presolve in 6.66s
LOWER-BOUNDING ITERATIONS
====================================================================================================
| Iter   | Incumbent       | Best Incumbent      | Lower Bound        | Gap (%)         | Time      
| finish | -571.868        | -571.868            | -637.6188          | 11.498          | 21.18s           
Final UBD: -571.8680000468697
Final LBD: -637.6188209095963
====================================================================================================

*** Alpine ended with status OTHER_LIMIT ***

 Total time for local solves: 4.21s

 Total time for solving max-min problems: 0.0s

 Total time excluding max-min time: 21.18s

presolve objective value: -571.8680000468697
w_opt: 1-dimensional DenseAxisArray{Float64,1,...} with index sets:
    Dimension 1, [(25, 1, 2), (25, 1, 1), (25, 1, 14), (20, 1, 2), (20, 1, 1), (20, 1, 14), (1, 1, 2), (1, 1, 1), (1, 1, 14), (2, 1, 2)  …  (20, 15, 23), (20, 15, 3), (8, 15, 30), (8, 15, 29), (8, 15, 23), (8, 15, 3), (2, 15, 30), (2, 15, 29), (2, 15, 23), (2, 15, 3)]
And data, a 261-element Vector{Float64}:
 1.2734925287382246
 0.0
 0.0
 0.7265074712617753
 0.0
 0.0
 0.0
 0.0
 0.0
 0.0
 0.0
 0.0
 0.0
 0.0
 0.0
 0.0
 1.4944412200042196
 0.0
 0.0
 1.5055587799957806
 0.0
 0.0
 0.0
 0.0
 0.0
 0.0
 0.0
 0.0
 0.0
 0.0
 0.0
 0.0
 0.0
 0.0
 0.0
 0.0
 0.0
 0.0
 0.0
 0.0
 0.0
 0.0
 0.0
 0.0
 0.0
 0.0
 0.0
 0.0
 0.0
 0.0
 0.0
 0.0
 0.0
 0.0
 0.0
 0.0
 0.0
 0.0
 0.0
 1.911821314410582
 1.0
 0.0
 0.0
 0.0
 0.0
 0.0
 0.0
 0.0
 0.0
 0.0
 0.0
 0.0
 0.0
 0.0
 0.6591954837536528
 1.9775864512609582
 0.0
 0.4875208383243887
 1.4625625149731662
 0.0
 0.0
 0.0
 0.0
 0.0
 0.0
 0.0
 0.0
 0.0
 0.0
 0.0
 0.0
 0.0
 0.8532836779219586
 2.559851033765876
 0.0
 0.0
 0.0
 0.0
 0.0
 0.0
 0.0
 0.5223298849714137
 0.8143402072196064
 1.551312613388019
 0.020259809865439644
 0.03158612639013538
 0.060171358165385505
 0.0
 0.0
 0.0
 0.0
 0.0
 0.0
 0.0
 0.0
 0.0
 0.0
 0.0
 3.9461899703940158
 3.184029742162087
 0.0
 0.0
 0.0
 0.4813762247344675
 0.3884040627094311
 0.0
 0.0
 0.0
 0.0
 0.0
 0.0
 0.0
 0.0
 0.0
 0.0
 0.0
 0.0
 0.0
 0.0
 0.0
 0.0
 0.0
 0.0
 0.0
 0.0
 0.0
 0.0
 0.0
 0.0
 0.0
 0.0
 0.039968079031078324
 0.0
 0.6999444311349633
 0.3499722155674816
 0.0
 0.0
 1.3000555688650366
 0.6500277844325182
 0.0
 0.0
 0.0
 0.0
 0.0
 0.0
 0.0
 0.0
 0.0
 0.0
 0.0
 0.0
 0.0
 0.0
 2.0
 0.0
 0.0
 0.0
 0.7285106460455757
 0.0
 0.0
 0.0
 0.0
 0.0
 0.0
 0.0
 0.0
 0.0
 0.0
 0.0
 0.0
 0.0
 0.0
 0.0
 0.0
 1.2714893539544243
 0.9679282135941396
 0.7605824324514361
 0.0
 0.0
 0.0
 0.0
 0.0
 0.0
 0.0
 0.0
 0.0
 1.4195594874699111
 0.7097797437349554
 0.0
 0.5804405125300888
 0.29022025626504433
 0.0
 0.0
 0.0
 0.0
 0.0
 0.0
 0.0
 0.0
 0.0
 0.0
 0.0
 0.0
 0.0
 0.0
 0.07511276883449972
 0.43649259972959153
 0.0
 0.0
 0.0
 0.0
 0.0
 0.0
 0.09696980228132747
 0.5635074002704086
 0.0
 0.0
 0.0
 0.0
 0.0
 0.0
 0.0
 0.0
 0.0
 0.0
 0.0
 0.0
 0.0
 0.0
 0.0
 0.0
 0.0
 0.0
 0.0
 0.0
 0.0
 0.0
 2.0
 0.0
 0.0
 1.0
x_ij_opt: 1-dimensional DenseAxisArray{Float64,1,...} with index sets:
    Dimension 1, [(43, 30), (43, 22), (43, 6), (44, 22), (45, 30), (45, 29), (45, 28), (45, 24), (45, 23), (40, 29)  …  (5, 7), (5, 14), (6, 4), (6, 3), (1, 14), (1, 10), (1, 23), (1, 1), (3, 2), (3, 1)]
And data, a 116-element Vector{Float64}:
 0.0
 0.0
 1.1302197125561027
 0.0
 0.0
 0.0
 1.8279174288841729
 0.0
 0.0
 0.9899938979816679
 0.0
 0.0
 0.0
 0.0
 0.0
 0.0
 0.0
 0.0
 0.29380737081911074
 0.0
 0.0
 0.0
 0.0
 0.0
 0.0
 0.0
 0.0
 2.0
 0.0
 0.0
 0.0
 0.0
 0.0
 0.0
 0.0
 0.0
 0.0
 0.0
 0.0
 0.0
 0.0
 0.0
 0.0
 0.8697802874438979
 0.0
 0.0
 0.0
 0.0
 0.0
 0.0
 0.0
 0.0
 0.0
 0.0
 0.0
 0.27148935395442425
 0.0
 1.572433804871517
 0.15407366639025818
 1.9600319209689219
 0.0
 0.0
 0.0
 0.0
 6.0
 0.0
 0.0
 0.0
 0.0
 0.7061926291808892
 0.0
 0.0
 0.0
 0.0
 0.0
 0.0
 0.0
 0.5995340270024284
 0.0
 0.0
 0.0
 0.0
 0.0
 0.0
 0.0
 0.0
 0.0
 0.08817868558941805
 0.0
 0.26620475133724386
 0.5055587799957802
 1.4004659729975717
 0.0
 0.0
 0.0
 0.0
 0.0
 0.0
 0.0
 0.0
 0.0
 0.0
 0.0
 0.0
 0.0
 1.2911328317034367
 0.0
 0.0
 0.0
 0.0
 0.16627747345970975
 0.0
 0.032071786405860364
 4.388516028446595
 0.0
 0.0
x_il_opt: 1-dimensional DenseAxisArray{Float64,1,...} with index sets:
    Dimension 1, [(43, 15), (43, 14), (44, 15), (44, 13), (44, 3), (40, 14), (40, 2), (41, 14), (42, 6), (37, 13)  …  (4, 13), (5, 2), (5, 7), (5, 9), (6, 11), (1, 1), (1, 6), (1, 3), (2, 1), (2, 15)]
And data, a 71-element Vector{Float64}:
 0.0
 0.0
 0.0
 2.1293392312048667
 0.0
 0.5116053685640912
 0.0
 0.0
 0.0
 0.8706607687951332
 0.0
 3.0
 0.0
 0.0
 2.636781935014611
 0.0
 0.0
 0.0
 7.130219712556102
 0.0
 0.0
 0.660477202551736
 3.0
 1.049916646702445
 1.9500833532975548
 0.0
 0.8697802874438986
 0.0
 2.7285106460455757
 0.0
 1.2734925287382246
 0.0
 0.0
 0.0
 0.0
 0.0
 0.0
 0.0
 0.7265074712617753
 0.0
 0.0
 0.0
 2.911821314410582
 0.0
 0.0
 1.9500833532975548
 0.0
 2.887982705579039
 0.0
 0.0
 0.0
 0.0
 0.0
 0.0
 0.0
 0.0
 0.0
 0.0
 0.0
 0.0
 0.0
 0.0
 0.0
 0.11201729442096053
 0.039968079031078324
 0.0
 0.0
 3.4131347116878343
 0.0
 0.0
 3.0
x_lj_opt: 1-dimensional DenseAxisArray{Float64,1,...} with index sets:
    Dimension 1, [(15, 30), (15, 29), (15, 23), (15, 3), (14, 28), (14, 27), (14, 10), (14, 24), (13, 26), (13, 25)  …  (3, 6), (3, 5), (3, 29), (2, 4), (2, 3), (2, 1), (2, 5), (1, 2), (1, 1), (1, 14)]
And data, a 53-element Vector{Float64}:
 2.0
 0.0
 0.0
 1.0
 0.17208257111582717
 1.0
 0.0
 0.0
 2.0
 1.0
 0.0
 1.2714893539544243
 0.9679282135941396
 0.7605824324514361
 2.0
 0.0
 0.0
 0.0
 0.7285106460455757
 0.0
 0.0
 2.0
 1.0
 0.039968079031078324
 0.0
 0.0
 4.427566195128483
 3.572433804871517
 0.0
 0.0
 0.5425896948368535
 0.8459263336097419
 1.6114839715534046
 2.0
 6.0
 0.0
 1.911821314410582
 1.0
 0.0
 0.0
 0.0
 0.0
 0.0
 0.0
 0.0
 0.0
 1.4944412200042196
 0.0
 0.0
 1.5055587799957806
 2.0
 0.0
 0.0
q_opt: 1-dimensional DenseAxisArray{Float64,1,...} with index sets:
    Dimension 1, [(43, 15), (43, 14), (44, 15), (44, 13), (44, 3), (40, 14), (40, 2), (41, 14), (42, 6), (37, 13)  …  (4, 13), (5, 2), (5, 7), (5, 9), (6, 11), (1, 1), (1, 6), (1, 3), (2, 1), (2, 15)]
And data, a 71-element Vector{Float64}:
 0.0
 0.0
 0.0
 0.7097797437349556
 0.0
 0.43649259972959153
 0.0
 0.0
 0.0
 0.2902202562650444
 0.0
 1.0
 0.0
 0.0
 0.3295977418768264
 0.0
 0.0
 0.0
 0.8912774640695128
 0.0
 0.0
 0.5635074002704086
 1.0
 0.34997221556748165
 0.24376041916219435
 0.0
 0.10872253593048732
 0.0
 1.0
 0.0
 0.6367462643691123
 0.0
 0.0
 0.0
 0.0
 0.0
 0.0
 0.0
 0.36325373563088764
 0.0
 0.0
 0.0
 1.0
 0.0
 0.0
 0.6500277844325183
 0.0
 0.9626609018596798
 0.0
 0.0
 0.0
 0.0
 0.0
 1.0
 0.0
 1.0
 0.0
 0.0
 0.0
 0.0
 0.0
 0.0
 0.0
 0.03733909814032018
 1.0
 0.0
 0.0
 0.4266418389609793
 0.0
 0.0
 1.0
