
PROBLEM STATISTICS
  Objective sense = Min
  # Variables = 572
  # Bin-Int Variables = 0
  # Constraints = 621
  # NL Constraints = 261
  # Linear Constraints = 360
  # Detected convex constraints = 0
  # Detected nonlinear terms = 261
  # Variables involved in nonlinear terms = 124
  # Potential variables for partitioning = 124
SUB-SOLVERS USED BY ALPINE
  NLP local solver = Knitro
  MIP solver = Gurobi
ALPINE CONFIGURATION
  Maximum iterations (lower-bounding MIPs) =  1
  Relative global optimality gap = 0.01%
  Potential variables chosen for partitioning = All
  Discretization ratio = 10
  Bound-tightening presolve = false
PRESOLVE 
  Doing local search

Feasible solution found during presolve: [1.2993011326697272, 0.0, 0.12704365877732338, 0.5901502990867341, 0.0, 0.05770398511887423, 0.0, 0.0, 0.0, 0.0, 0.0, 0.0, 0.0, 0.0, 0.0, 0.0, 1.597806940970639, 0.0, 0.0, 1.4021930590293608, 0.0, 0.0, 0.0, 0.0, 0.0, 0.0, 0.0, 0.0, 0.0, 0.29177379487961763, 0.21590092678761538, 0.0, 0.0, 0.0, 0.0, 4.306033146091021, 3.186292132241746, 0.0, 0.0, 0.0, 0.0, 0.0, 0.0, 0.0, 0.0, 0.0, 0.0, 0.0, 0.0, 1.010637990135731, 0.08112444901069712, 0.0, 0.0, 0.0, 0.0, 0.0, 0.0, 0.0, 0.0, 2.0, 1.0, 0.0, 0.0, 0.0, 0.0, 0.0, 0.0, 0.0, 0.0, 0.0, 0.0, 0.18449230460975866, 0.553476913829276, 0.0, 0.75, 2.25, 0.0, 0.5655076953902413, 1.696523086170724, 0.0, 0.0, 0.0, 0.0, 0.0, 0.0, 0.0, 0.0, 0.0, 0.0, 0.0, 0.0, 0.0, 0.5, 1.5, 0.0, 0.0, 0.0, 0.0, 0.0, 0.0, 0.0, 1.8152523561038025, 0.8282057084215937, 0.0, 0.0, 0.0, 0.0, 0.0, 0.0, 0.0, 0.0, 0.0, 0.0, 0.0, 0.0, 0.0, 0.0, 0.0, 4.00187529105769, 2.2988958570874596, 0.0, 0.0, 0.0, 1.0792491579530066, 0.6199796939018435, 0.0, 0.0, 0.0, 0.0, 0.0, 0.0, 0.0, 0.0, 0.0, 0.0, 0.0, 0.0, 0.0, 0.0, 0.0, 0.0, 0.0, 0.0, 0.0, 0.0, 0.0, 0.0, 0.2641698061799687, 0.21881555980527043, 0.0, 0.0, 0.0, 0.0, 0.4919794789593565, 0.24598973947967825, 0.0, 0.0, 1.5080205210406434, 0.7540102605203217, 0.0, 0.0, 0.0, 0.0, 0.0, 0.0, 0.0, 0.0, 0.0, 0.0, 0.0, 0.0, 0.0, 0.0, 0.0, 0.0, 0.0, 0.0, 0.0, 0.0, 0.0, 0.0, 0.0, 0.0, 0.0, 0.0, 0.0, 0.0, 0.0, 0.0, 0.0, 0.0, 0.0, 0.0, 0.0, 1.6951072708535502, 1.0, 0.30489272914644944, 0.0, 0.0, 0.0, 0.0, 0.0, 0.0, 0.0, 0.0, 0.0, 1.3953407190347051, 0.6205439001667545, 0.0771264593505982, 0.604659280965295, 0.2689075315897071, 0.03342210889294047, 0.0, 0.0, 0.0, 0.0, 0.0, 0.0, 0.0, 0.0, 0.0, 0.0, 0.0, 0.0, 0.0, 0.46193909221635626, 0.6309375329682828, 0.0, 0.0, 0.0, 0.0, 0.0, 0.0, 0.0, 0.0, 0.0, 0.0, 0.0, 0.0, 0.0, 0.0, 0.0, 0.0, 0.0, 0.0, 0.0, 0.0, 0.0, 0.0, 0.0, 0.0, 0.0, 0.0, 0.0, 0.0, 0.0, 0.0, 2.0, 2.2929142118241894, 0.0, 1.0, 0.0, 0.0, 0.0, 2.093011078552058, 0.507674721667233, 1.0928766251846391, 0.0, 0.0, 0.7379692184390346, 0.9069889214479425, 0.0, 3.0, 0.0, 0.0, 3.0, 0.0, 0.0, 0.0, 6.3007711481451505, 0.0, 0.0, 0.0, 3.0, 0.7379692184390347, 2.262030781560965, 0.0, 1.69922885185485, 0.0, 0.0, 0.4829853659852391, 1.4263447914470506, 0.0, 0.0, 0.0, 0.0, 0.0, 0.0, 0.0, 0.6478542842056083, 0.0, 0.0, 0.0, 3.0, 0.0, 0.0, 2.262030781560965, 0.0, 2.6434580645253964, 0.0, 0.0, 0.0, 0.0, 0.0, 0.0, 1.0917624391464282, 0.0, 0.0, 7.492325278332768, 0.0, 0.0, 0.0, 0.0, 0.0, 0.0, 0.0, 0.0, 0.0, 2.0, 0.0, 0.0, 5.292914211824189, 2.0, 2.2929142118241894, 0.0, 1.0, 0.46193909221635626, 0.6309375329682828, 0.0, 0.0, 2.0, 0.8894514317564616, 0.11054856824353868, 1.6951072708535502, 1.0, 0.30489272914644944, 0.0, 0.0, 0.0, 0.0, 0.0, 0.0, 0.0, 2.0, 1.0, 0.2641698061799687, 0.21881555980527043, 0.0, 5.081124449010696, 2.9188755509893025, 0.0, 0.0, 1.8152523561038025, 0.8282057084215937, 0.0, 2.0, 6.0, 0.0, 2.0, 1.0, 0.0, 0.0, 1.010637990135731, 0.08112444901069712, 0.0, 0.0, 4.597806940970639, 3.4021930590293614, 1.5978069409706392, 0.0, 0.0, 1.4021930590293608, 1.8894514317564612, 0.0, 0.18474764389619758, 0.0, 1.7119148317067723, 1.51164526436655, 0.0, 0.0, 0.0, 1.5380609077836438, 0.0, 0.0, 0.0, 0.0, 0.0, 0.0, 0.0, 0.0, 0.0, 0.0, 0.0, 0.0, 0.0, 0.0, 0.0, 0.0, 0.0, 0.0, 0.0, 0.0, 2.0, 0.0, 0.0, 0.0, 0.0, 0.0, 0.0, 0.0, 0.0, 0.0, 0.0, 0.0, 0.0, 0.0, 0.0, 0.0, 0.4883547356334503, 0.0, 0.0, 0.28808516829322767, 0.0, 0.0, 0.0, 0.0, 0.0, 0.0, 0.0, 0.0, 3.0, 0.0, 0.9188755509893035, 0.1717942915784064, 1.7358301938200313, 0.0, 0.0, 0.0, 0.30489272914645, 6.0, 0.0, 0.0, 0.0, 0.0, 0.7811844401947297, 0.0, 0.0, 0.0, 0.0, 0.0, 0.0, 0.36906246703171725, 0.9893620098642689, 0.0, 0.0, 0.0, 0.0, 0.0, 0.0, 0.0, 0.0, 0.0, 0.0, 0.0, 0.0, 0.0, 0.0, 0.0, 0.0, 0.0, 0.0, 0.0, 0.11054856824353843, 0.0, 0.0, 0.0, 0.0, 0.0, 0.0, 0.0, 0.0, 0.0, 0.0, 0.4021930590293608, 0.0, 0.0, 0.0, 0.0, 6.0, 0.0, 0.0, 0.0, 0.0, 0.0, 0.6976703595173526, 0.06345934020840413, 1.0, 0.0, 0.0, 0.09224615230487933, 0.3023296404826475, 0.0, 1.0, 0.0, 0.0, 0.375, 0.0, 0.0, 0.0, 0.7875963935181438, 1.0, 0.0, 0.0, 1.0, 0.24598973947967825, 0.28275384769512063, 0.0, 0.21240360648185624, 0.0, 0.0, 1.0, 0.6876605086704336, 0.0, 0.0, 0.0, 0.0, 0.0, 0.0, 0.0, 0.3123394913295664, 0.0, 0.0, 0.0, 1.0, 0.0, 0.0, 0.7540102605203217, 0.0, 1.0, 0.0, 0.0, 0.0, 0.0, 0.0, 0.0, 1.0, 0.0, 0.0, 0.936540659791596, 0.0, 0.0, 0.0, 0.0, 0.0, 0.0, 0.0, 0.0, 0.0, 0.25, 0.0, 0.0, 1.0]  :with objective: -617.0144868952221

  Local solver returns a feasible point with value -617.0145
disc:  333  :[0.0, 1.8, 2.0]
disc:  334  :[0.0, 1.6929142118241893, 2.8929142118241895, 6.0]
disc:  335  :[0.0, 0.1, 1.0]
disc:  336  :[0.0, 0.9, 1.0]
disc:  337  :[0.0, 0.26193909221635625, 0.6619390922163563, 2.0]
disc:  338  :[0.0, 0.5309375329682828, 0.7309375329682828, 1.0]
disc:  339  :[0.0, 0.2, 2.0]
disc:  340  :[0.0, 0.2, 2.0]
disc:  341  :[0.0, 1.8, 2.0]
disc:  342  :[0.0, 0.7894514317564616, 0.9894514317564616, 1.0]
disc:  343  :[0.0, 0.3105485682435387, 2.0]
disc:  344  :[0.0, 1.4951072708535502, 1.8951072708535501, 2.0]
disc:  345  :[0.0, 0.9, 1.0]
disc:  346  :[0.0, 0.004892729146449448, 0.6048927291464494, 3.0]
disc:  347  :[0.0, 0.2, 2.0]
disc:  348  :[0.0, 0.6, 6.0]
disc:  349  :[0.0, 0.2, 2.0]
disc:  350  :[0.0, 0.1, 1.0]
disc:  351  :[0.0, 0.2, 2.0]
disc:  352  :[0.0, 0.6, 6.0]
disc:  353  :[0.0, 0.1, 1.0]
disc:  354  :[0.0, 1.8, 2.0]
disc:  355  :[0.0, 0.9, 1.0]
disc:  356  :[0.0, 0.0641698061799687, 0.4641698061799687, 2.0]
disc:  357  :[0.0, 0.11881555980527042, 0.31881555980527043, 1.0]
disc:  358  :[0.0, 0.2, 2.0]
disc:  359  :[0.0, 4.4811244490106965, 5.681124449010696, 6.0]
disc:  360  :[0.0, 2.3188755509893024, 3.5188755509893026, 6.0]
disc:  361  :[0.0, 0.2, 2.0]
disc:  362  :[0.0, 0.1, 1.0]
disc:  363  :[0.0, 1.6152523561038026, 2.0]
disc:  364  :[0.0, 0.7282057084215937, 0.9282057084215937, 1.0]
disc:  365  :[0.0, 0.3, 3.0]
disc:  366  :[0.0, 1.8, 2.0]
disc:  367  :[0.0, 5.4, 6.0]
disc:  368  :[0.0, 0.2, 2.0]
disc:  369  :[0.0, 1.8, 2.0]
disc:  370  :[0.0, 0.9, 1.0]
disc:  371  :[0.0, 0.2, 2.0]
disc:  372  :[0.0, 0.2, 2.0]
disc:  373  :[0.0, 0.810637990135731, 1.210637990135731, 2.0]
disc:  374  :[0.0, 0.6811244490106971, 6.0]
disc:  375  :[0.0, 0.2, 2.0]
disc:  376  :[0.0, 0.2, 2.0]
disc:  377  :[0.0, 3.9978069409706385, 5.197806940970638, 6.0]
disc:  378  :[0.0, 2.8021930590293613, 4.002193059029361, 6.0]
disc:  379  :[0.0, 1.3978069409706393, 1.7978069409706392, 2.0]
disc:  380  :[0.0, 0.1, 1.0]
disc:  381  :[0.0, 0.3, 3.0]
disc:  382  :[0.0, 1.1021930590293607, 1.7021930590293608, 3.0]
disc:  383  :[0.0, 1.6894514317564613, 2.0]
disc:  384  :[0.0, 0.6, 6.0]
disc:  385  :[0.0, 0.3847476438961976, 2.0]
disc:  502  :[0.0, 0.1, 1.0]
disc:  503  :[0.0, 0.1, 1.0]
disc:  504  :[0.0, 0.1, 1.0]
disc:  505  :[0.0, 0.5976703595173526, 0.7976703595173525, 1.0]
disc:  506  :[0.0, 0.16345934020840414, 1.0]
disc:  507  :[0.0, 0.9, 1.0]
disc:  508  :[0.0, 0.1, 1.0]
disc:  509  :[0.0, 0.1, 1.0]
disc:  510  :[0.0, 0.19224615230487935, 1.0]
disc:  511  :[0.0, 0.20232964048264748, 0.4023296404826475, 1.0]
disc:  512  :[0.0, 0.1, 1.0]
disc:  513  :[0.0, 0.9, 1.0]
disc:  514  :[0.0, 0.1, 1.0]
disc:  515  :[0.0, 0.1, 1.0]
disc:  516  :[0.0, 0.275, 0.475, 1.0]
disc:  517  :[0.0, 0.1, 1.0]
disc:  518  :[0.0, 0.1, 1.0]
disc:  519  :[0.0, 0.1, 1.0]
disc:  520  :[0.0, 0.6875963935181438, 0.8875963935181438, 1.0]
disc:  521  :[0.0, 0.9, 1.0]
disc:  522  :[0.0, 0.1, 1.0]
disc:  523  :[0.0, 0.1, 1.0]
disc:  524  :[0.0, 0.9, 1.0]
disc:  525  :[0.0, 0.14598973947967825, 0.34598973947967826, 1.0]
disc:  526  :[0.0, 0.18275384769512062, 0.38275384769512066, 1.0]
disc:  527  :[0.0, 0.1, 1.0]
disc:  528  :[0.0, 0.11240360648185624, 0.3124036064818563, 1.0]
disc:  529  :[0.0, 0.1, 1.0]
disc:  530  :[0.0, 0.1, 1.0]
disc:  531  :[0.0, 0.9, 1.0]
disc:  532  :[0.0, 0.5876605086704336, 0.7876605086704336, 1.0]
disc:  533  :[0.0, 0.1, 1.0]
disc:  534  :[0.0, 0.1, 1.0]
disc:  535  :[0.0, 0.1, 1.0]
disc:  536  :[0.0, 0.1, 1.0]
disc:  537  :[0.0, 0.1, 1.0]
disc:  538  :[0.0, 0.1, 1.0]
disc:  539  :[0.0, 0.1, 1.0]
disc:  540  :[0.0, 0.2123394913295664, 0.4123394913295664, 1.0]
disc:  541  :[0.0, 0.1, 1.0]
disc:  542  :[0.0, 0.1, 1.0]
disc:  543  :[0.0, 0.1, 1.0]
disc:  544  :[0.0, 0.9, 1.0]
disc:  545  :[0.0, 0.1, 1.0]
disc:  546  :[0.0, 0.1, 1.0]
disc:  547  :[0.0, 0.6540102605203217, 0.8540102605203217, 1.0]
disc:  548  :[0.0, 0.1, 1.0]
disc:  549  :[0.0, 0.9, 1.0]
disc:  550  :[0.0, 0.1, 1.0]
disc:  551  :[0.0, 0.1, 1.0]
disc:  552  :[0.0, 0.1, 1.0]
disc:  553  :[0.0, 0.1, 1.0]
disc:  554  :[0.0, 0.1, 1.0]
disc:  555  :[0.0, 0.1, 1.0]
disc:  556  :[0.0, 0.9, 1.0]
disc:  557  :[0.0, 0.1, 1.0]
disc:  558  :[0.0, 0.1, 1.0]
disc:  559  :[0.0, 0.836540659791596, 1.0]
disc:  560  :[0.0, 0.1, 1.0]
disc:  561  :[0.0, 0.1, 1.0]
disc:  562  :[0.0, 0.1, 1.0]
disc:  563  :[0.0, 0.1, 1.0]
disc:  564  :[0.0, 0.1, 1.0]
disc:  565  :[0.0, 0.1, 1.0]
disc:  566  :[0.0, 0.1, 1.0]
disc:  567  :[0.0, 0.1, 1.0]
disc:  568  :[0.0, 0.1, 1.0]
disc:  569  :[0.0, 0.15, 0.35, 1.0]
disc:  570  :[0.0, 0.1, 1.0]
disc:  571  :[0.0, 0.1, 1.0]
disc:  572  :[0.0, 0.9, 1.0]
  Completed presolve in 7.41s
LOWER-BOUNDING ITERATIONS
====================================================================================================
| Iter   | Incumbent       | Best Incumbent      | Lower Bound        | Gap (%)         | Time      
| finish | -617.0145       | -617.0145           | -628.4473          | 1.853           | 17.63s           
Final UBD: -617.0144868952221
Final LBD: -628.4472612299654
====================================================================================================

*** Alpine ended with status OTHER_LIMIT ***

 Total time for local solves: 4.93s

 Total time for solving max-min problems: 0.0s

 Total time excluding max-min time: 17.63s

presolve objective value: -617.0144868952221
w_opt: 1-dimensional DenseAxisArray{Float64,1,...} with index sets:
    Dimension 1, [(25, 1, 2), (25, 1, 1), (25, 1, 14), (20, 1, 2), (20, 1, 1), (20, 1, 14), (1, 1, 2), (1, 1, 1), (1, 1, 14), (2, 1, 2)  …  (20, 15, 23), (20, 15, 3), (8, 15, 30), (8, 15, 29), (8, 15, 23), (8, 15, 3), (2, 15, 30), (2, 15, 29), (2, 15, 23), (2, 15, 3)]
And data, a 261-element Vector{Float64}:
 1.2993011326697272
 0.0
 0.12704365877732338
 0.5901502990867341
 0.0
 0.05770398511887423
 0.0
 0.0
 0.0
 0.0
 0.0
 0.0
 0.0
 0.0
 0.0
 0.0
 1.597806940970639
 0.0
 0.0
 1.4021930590293608
 0.0
 0.0
 0.0
 0.0
 0.0
 0.0
 0.0
 0.0
 0.0
 0.29177379487961763
 0.21590092678761538
 0.0
 0.0
 0.0
 0.0
 4.306033146091021
 3.186292132241746
 0.0
 0.0
 0.0
 0.0
 0.0
 0.0
 0.0
 0.0
 0.0
 0.0
 0.0
 0.0
 1.010637990135731
 0.08112444901069712
 0.0
 0.0
 0.0
 0.0
 0.0
 0.0
 0.0
 0.0
 2.0
 1.0
 0.0
 0.0
 0.0
 0.0
 0.0
 0.0
 0.0
 0.0
 0.0
 0.0
 0.18449230460975866
 0.553476913829276
 0.0
 0.75
 2.25
 0.0
 0.5655076953902413
 1.696523086170724
 0.0
 0.0
 0.0
 0.0
 0.0
 0.0
 0.0
 0.0
 0.0
 0.0
 0.0
 0.0
 0.0
 0.5
 1.5
 0.0
 0.0
 0.0
 0.0
 0.0
 0.0
 0.0
 1.8152523561038025
 0.8282057084215937
 0.0
 0.0
 0.0
 0.0
 0.0
 0.0
 0.0
 0.0
 0.0
 0.0
 0.0
 0.0
 0.0
 0.0
 0.0
 4.00187529105769
 2.2988958570874596
 0.0
 0.0
 0.0
 1.0792491579530066
 0.6199796939018435
 0.0
 0.0
 0.0
 0.0
 0.0
 0.0
 0.0
 0.0
 0.0
 0.0
 0.0
 0.0
 0.0
 0.0
 0.0
 0.0
 0.0
 0.0
 0.0
 0.0
 0.0
 0.0
 0.2641698061799687
 0.21881555980527043
 0.0
 0.0
 0.0
 0.0
 0.4919794789593565
 0.24598973947967825
 0.0
 0.0
 1.5080205210406434
 0.7540102605203217
 0.0
 0.0
 0.0
 0.0
 0.0
 0.0
 0.0
 0.0
 0.0
 0.0
 0.0
 0.0
 0.0
 0.0
 0.0
 0.0
 0.0
 0.0
 0.0
 0.0
 0.0
 0.0
 0.0
 0.0
 0.0
 0.0
 0.0
 0.0
 0.0
 0.0
 0.0
 0.0
 0.0
 0.0
 0.0
 1.6951072708535502
 1.0
 0.30489272914644944
 0.0
 0.0
 0.0
 0.0
 0.0
 0.0
 0.0
 0.0
 0.0
 1.3953407190347051
 0.6205439001667545
 0.0771264593505982
 0.604659280965295
 0.2689075315897071
 0.03342210889294047
 0.0
 0.0
 0.0
 0.0
 0.0
 0.0
 0.0
 0.0
 0.0
 0.0
 0.0
 0.0
 0.0
 0.46193909221635626
 0.6309375329682828
 0.0
 0.0
 0.0
 0.0
 0.0
 0.0
 0.0
 0.0
 0.0
 0.0
 0.0
 0.0
 0.0
 0.0
 0.0
 0.0
 0.0
 0.0
 0.0
 0.0
 0.0
 0.0
 0.0
 0.0
 0.0
 0.0
 0.0
 0.0
 0.0
 0.0
 2.0
 2.2929142118241894
 0.0
 1.0
x_ij_opt: 1-dimensional DenseAxisArray{Float64,1,...} with index sets:
    Dimension 1, [(43, 30), (43, 22), (43, 6), (44, 22), (45, 30), (45, 29), (45, 28), (45, 24), (45, 23), (40, 29)  …  (5, 7), (5, 14), (6, 4), (6, 3), (1, 14), (1, 10), (1, 23), (1, 1), (3, 2), (3, 1)]
And data, a 116-element Vector{Float64}:
 0.0
 1.7119148317067723
 1.51164526436655
 0.0
 0.0
 0.0
 1.5380609077836438
 0.0
 0.0
 0.0
 0.0
 0.0
 0.0
 0.0
 0.0
 0.0
 0.0
 0.0
 0.0
 0.0
 0.0
 0.0
 0.0
 0.0
 0.0
 0.0
 0.0
 2.0
 0.0
 0.0
 0.0
 0.0
 0.0
 0.0
 0.0
 0.0
 0.0
 0.0
 0.0
 0.0
 0.0
 0.0
 0.0
 0.4883547356334503
 0.0
 0.0
 0.28808516829322767
 0.0
 0.0
 0.0
 0.0
 0.0
 0.0
 0.0
 0.0
 3.0
 0.0
 0.9188755509893035
 0.1717942915784064
 1.7358301938200313
 0.0
 0.0
 0.0
 0.30489272914645
 6.0
 0.0
 0.0
 0.0
 0.0
 0.7811844401947297
 0.0
 0.0
 0.0
 0.0
 0.0
 0.0
 0.36906246703171725
 0.9893620098642689
 0.0
 0.0
 0.0
 0.0
 0.0
 0.0
 0.0
 0.0
 0.0
 0.0
 0.0
 0.0
 0.0
 0.0
 0.0
 0.0
 0.0
 0.0
 0.0
 0.11054856824353843
 0.0
 0.0
 0.0
 0.0
 0.0
 0.0
 0.0
 0.0
 0.0
 0.0
 0.4021930590293608
 0.0
 0.0
 0.0
 0.0
 6.0
 0.0
 0.0
x_il_opt: 1-dimensional DenseAxisArray{Float64,1,...} with index sets:
    Dimension 1, [(43, 15), (43, 14), (44, 15), (44, 13), (44, 3), (40, 14), (40, 2), (41, 14), (42, 6), (37, 13)  …  (4, 13), (5, 2), (5, 7), (5, 9), (6, 11), (1, 1), (1, 6), (1, 3), (2, 1), (2, 15)]
And data, a 71-element Vector{Float64}:
 0.0
 0.0
 0.0
 2.093011078552058
 0.507674721667233
 1.0928766251846391
 0.0
 0.0
 0.7379692184390346
 0.9069889214479425
 0.0
 3.0
 0.0
 0.0
 3.0
 0.0
 0.0
 0.0
 6.3007711481451505
 0.0
 0.0
 0.0
 3.0
 0.7379692184390347
 2.262030781560965
 0.0
 1.69922885185485
 0.0
 0.0
 0.4829853659852391
 1.4263447914470506
 0.0
 0.0
 0.0
 0.0
 0.0
 0.0
 0.0
 0.6478542842056083
 0.0
 0.0
 0.0
 3.0
 0.0
 0.0
 2.262030781560965
 0.0
 2.6434580645253964
 0.0
 0.0
 0.0
 0.0
 0.0
 0.0
 1.0917624391464282
 0.0
 0.0
 7.492325278332768
 0.0
 0.0
 0.0
 0.0
 0.0
 0.0
 0.0
 0.0
 0.0
 2.0
 0.0
 0.0
 5.292914211824189
x_lj_opt: 1-dimensional DenseAxisArray{Float64,1,...} with index sets:
    Dimension 1, [(15, 30), (15, 29), (15, 23), (15, 3), (14, 28), (14, 27), (14, 10), (14, 24), (13, 26), (13, 25)  …  (3, 6), (3, 5), (3, 29), (2, 4), (2, 3), (2, 1), (2, 5), (1, 2), (1, 1), (1, 14)]
And data, a 53-element Vector{Float64}:
 2.0
 2.2929142118241894
 0.0
 1.0
 0.46193909221635626
 0.6309375329682828
 0.0
 0.0
 2.0
 0.8894514317564616
 0.11054856824353868
 1.6951072708535502
 1.0
 0.30489272914644944
 0.0
 0.0
 0.0
 0.0
 0.0
 0.0
 0.0
 2.0
 1.0
 0.2641698061799687
 0.21881555980527043
 0.0
 5.081124449010696
 2.9188755509893025
 0.0
 0.0
 1.8152523561038025
 0.8282057084215937
 0.0
 2.0
 6.0
 0.0
 2.0
 1.0
 0.0
 0.0
 1.010637990135731
 0.08112444901069712
 0.0
 0.0
 4.597806940970639
 3.4021930590293614
 1.5978069409706392
 0.0
 0.0
 1.4021930590293608
 1.8894514317564612
 0.0
 0.18474764389619758
q_opt: 1-dimensional DenseAxisArray{Float64,1,...} with index sets:
    Dimension 1, [(43, 15), (43, 14), (44, 15), (44, 13), (44, 3), (40, 14), (40, 2), (41, 14), (42, 6), (37, 13)  …  (4, 13), (5, 2), (5, 7), (5, 9), (6, 11), (1, 1), (1, 6), (1, 3), (2, 1), (2, 15)]
And data, a 71-element Vector{Float64}:
 0.0
 0.0
 0.0
 0.6976703595173526
 0.06345934020840413
 1.0
 0.0
 0.0
 0.09224615230487933
 0.3023296404826475
 0.0
 1.0
 0.0
 0.0
 0.375
 0.0
 0.0
 0.0
 0.7875963935181438
 1.0
 0.0
 0.0
 1.0
 0.24598973947967825
 0.28275384769512063
 0.0
 0.21240360648185624
 0.0
 0.0
 1.0
 0.6876605086704336
 0.0
 0.0
 0.0
 0.0
 0.0
 0.0
 0.0
 0.3123394913295664
 0.0
 0.0
 0.0
 1.0
 0.0
 0.0
 0.7540102605203217
 0.0
 1.0
 0.0
 0.0
 0.0
 0.0
 0.0
 0.0
 1.0
 0.0
 0.0
 0.936540659791596
 0.0
 0.0
 0.0
 0.0
 0.0
 0.0
 0.0
 0.0
 0.0
 0.25
 0.0
 0.0
 1.0
