
PROBLEM STATISTICS
  Objective sense = Min
  # Variables = 572
  # Bin-Int Variables = 0
  # Constraints = 621
  # NL Constraints = 261
  # Linear Constraints = 360
  # Detected convex constraints = 0
  # Detected nonlinear terms = 261
  # Variables involved in nonlinear terms = 124
  # Potential variables for partitioning = 124
SUB-SOLVERS USED BY ALPINE
  NLP local solver = Knitro
  MIP solver = Gurobi
ALPINE CONFIGURATION
  Maximum iterations (lower-bounding MIPs) =  1
  Relative global optimality gap = 0.01%
  Potential variables chosen for partitioning = All
  Discretization ratio = 10
  Bound-tightening presolve = false
PRESOLVE 
  Doing local search

Feasible solution found during presolve: [1.268176911943202, 0.0, 0.0, 0.731823088056798, 0.0, 0.0, 0.0, 0.0, 0.0, 0.0, 0.0, 0.0, 0.0, 0.0, 0.0, 0.0, 1.7864478812891589, 0.0, 0.0, 1.213552118710841, 0.0, 0.0, 0.0, 0.0, 0.0, 0.0, 0.0, 0.0, 0.0, 2.0738487055992643, 1.3923521298155839, 0.0, 0.0, 0.0, 0.0, 1.2157788890513777, 0.8162564226527589, 0.0, 0.0, 0.0, 0.0, 1.496820286638517, 1.0049435662424975, 0.0, 0.0, 0.0, 0.0, 0.0, 0.0, 1.3785421599403718, 2.161296964367521, 0.0, 0.0, 0.0, 0.0, 0.0, 0.0, 0.0, 0.0, 2.0, 1.0, 0.0, 0.0, 0.0, 0.0, 0.0, 0.0, 0.0, 0.0, 0.0, 0.0, 0.5070340490539036, 1.521102147161711, 0.0, 0.75, 2.25, 0.0, 0.48438741712629896, 1.4531622513788969, 0.0, 0.0, 0.0, 0.0, 0.0, 0.0, 0.0, 0.0, 0.0, 0.0, 0.0, 0.0, 0.0, 0.2585785338197972, 0.7757356014593919, 0.0, 0.0, 0.0, 0.0, 0.0, 0.0, 0.0, 0.505407832656879, 0.8256226639286248, 1.5234679733205718, 0.025762008194542597, 0.042084226755878903, 0.07765529514350265, 0.0, 0.0, 0.0, 0.0, 0.0, 0.0, 0.0, 0.0, 0.0, 0.0, 0.0, 2.821612075060046, 2.275163817634576, 0.0, 0.0, 0.0, 1.607245908049404, 1.2959781992559747, 0.0, 0.0, 0.0, 0.0, 0.0, 0.0, 0.0, 0.0, 0.0, 0.0, 0.0, 0.0, 0.0, 0.0, 0.0, 0.0, 0.0, 0.0, 0.0, 0.0, 0.0, 0.0, 0.0, 0.02838796185075132, 0.0, 0.0, 0.0, 0.0, 0.7083002209965362, 0.3541501104982681, 0.0, 0.0, 1.2916997790034637, 0.6458498895017318, 0.0, 0.0, 0.0, 0.0, 0.0, 0.0, 0.0, 0.0, 0.0, 0.0, 0.0, 0.0, 0.0, 0.0, 2.0, 0.0, 0.0, 0.0, 0.7324389812580709, 0.0, 0.0, 0.0, 0.0, 0.0, 0.0, 0.0, 0.0, 0.0, 0.0, 0.0, 0.0, 0.0, 0.0, 0.0, 0.0, 1.2675610187419293, 0.9933640695455259, 0.7390749117125448, 0.0, 0.0, 0.0, 0.0, 0.0, 0.0, 0.0, 0.0, 0.0, 1.4231592166540497, 0.711579608327025, 0.0, 0.5768407833459505, 0.28842039167297534, 0.0, 0.0, 0.0, 0.0, 0.0, 0.0, 0.0, 0.0, 0.0, 0.0, 0.0, 0.0, 0.0, 0.0, 0.29127929823292487, 0.618720385768022, 0.0, 0.0, 0.0, 0.0, 0.0, 0.0, 0.0, 0.0, 0.0, 0.0, 0.0, 0.0, 0.0, 0.0, 0.0, 0.0, 0.0, 0.0, 0.0, 0.0, 0.0, 0.0, 0.09880370161357645, 0.1011440139888749, 0.0, 0.049401850806788314, 0.0, 0.0, 0.0, 0.0, 1.9011962983864235, 1.94622895558774, 0.0, 0.9505981491932117, 0.0, 0.0, 0.0, 2.1347388249810746, 3.4662008354148486, 0.9099996840009469, 0.0, 0.0, 2.028136196215615, 0.8652611750189259, 0.0, 3.0, 0.0, 0.0, 3.0, 0.0, 0.0, 0.0, 5.096775892694622, 0.0, 0.0, 0.0, 3.0, 1.0624503314948044, 1.9375496685051958, 0.0, 2.9032241073053786, 0.0, 2.732438981258071, 0.02838796185075132, 1.268176911943202, 0.0, 0.0, 0.0, 0.0, 0.0, 0.0, 0.0, 0.731823088056798, 0.24934956640923964, 0.0, 0.0, 3.0, 0.0, 0.0, 1.9375496685051954, 0.0, 2.854498469906076, 0.0, 0.0, 0.0, 0.0, 0.0, 0.0, 3.5398391243078926, 0.0, 0.0, 2.0320353117041363, 0.0, 0.0, 0.0, 0.0, 0.0, 0.14550153009392414, 0.0, 0.0, 0.0, 1.0343141352791891, 2.5017638528810147, 0.0, 4.798023403167376, 2.0, 2.047372969576615, 0.0, 1.0, 0.29127929823292487, 0.618720385768022, 0.0, 0.0, 2.0, 1.0, 0.0, 1.2675610187419293, 0.9933640695455259, 0.7390749117125448, 2.0, 0.0, 0.0, 0.0, 0.7324389812580709, 0.0, 0.0, 2.0, 1.0, 0.0, 0.02838796185075132, 0.0, 4.42885798310945, 3.5711420168905503, 0.0, 0.0, 0.5311698408514216, 0.8677068906845038, 1.6011232684640744, 2.0, 6.0, 0.0, 2.0, 1.0, 0.0, 0.0, 1.3785421599403718, 2.161296964367521, 0.0, 0.0, 4.786447881289159, 3.2135521187108402, 1.786447881289159, 0.0, 0.0, 1.213552118710841, 2.0, 0.0, 0.0, 0.0, 0.0, 1.6266108688076553, 0.0, 0.0, 0.0, 1.7087207017670754, 0.0, 0.0, 0.0, 0.0, 0.0, 0.0, 0.0, 0.0, 0.0, 0.0, 0.0, 0.26091593348120645, 0.0, 0.0, 0.0, 0.0, 0.0, 0.0, 0.0, 0.0, 2.0, 0.0, 0.0, 0.0, 0.0, 0.0, 0.0, 0.0, 0.0, 0.0, 0.0, 0.0, 0.0, 0.0, 0.0, 0.0, 0.3733891311923448, 0.0, 0.0, 0.0, 0.0, 0.0, 0.0, 0.0, 0.0, 0.0, 0.0, 0.0, 0.26756101874192884, 0.0, 1.5711420168905506, 0.13229310931549623, 2.0, 0.0, 0.0, 0.0, 0.0, 6.0, 0.0, 0.0, 0.0, 0.0, 0.7106961046680423, 0.0, 0.0, 0.0, 0.0, 0.0, 0.0, 0.38127961423197804, 0.6214578400596285, 0.0, 0.0, 0.0, 0.0, 0.0, 0.0, 0.0, 0.0, 0.0, 0.0, 0.0, 0.0, 0.0, 0.0, 0.0, 0.0, 0.0, 0.0, 0.0, 0.0, 0.0, 0.0, 0.0, 0.0, 0.0, 0.0, 0.0, 1.410420809299182, 0.0, 0.0, 0.21355211871084087, 0.0, 0.058409349849396545, 0.0, 0.006635930454474054, 4.398876731535926, 0.0, 0.0, 0.0, 0.0, 0.0, 0.7115796083270248, 0.433275104426856, 1.0, 0.0, 0.0, 0.25351702452695185, 0.28842039167297523, 0.0, 1.0, 0.0, 0.0, 0.375, 0.0, 0.0, 0.0, 0.6370969865868278, 0.0, 0.0, 0.0, 1.0, 0.3541501104982681, 0.24219370856314948, 0.0, 0.3629030134131723, 0.0, 1.0, 1.0, 0.634088455971601, 0.0, 0.0, 0.0, 0.0, 0.0, 0.0, 0.0, 0.365911544028399, 0.049401850806788224, 0.0, 0.0, 1.0, 0.0, 0.0, 0.6458498895017318, 0.0, 0.9514994899686919, 0.0, 0.0, 0.0, 0.0, 0.0, 0.0, 1.0, 0.0, 0.0, 0.2540044139630171, 0.0, 0.0, 0.0, 0.0, 0.0, 0.048500510031308085, 0.0, 0.0, 0.0, 0.12928926690989864, 0.31272048161012683, 0.0, 0.9505981491932117]  :with objective: -618.3338909324027

  Local solver returns a feasible point with value -618.3339
disc:  333  :[0.0, 1.8, 2.0]
disc:  334  :[0.0, 1.447372969576615, 2.6473729695766153, 6.0]
disc:  335  :[0.0, 0.1, 1.0]
disc:  336  :[0.0, 0.9, 1.0]
disc:  337  :[0.0, 0.09127929823292485, 0.4912792982329249, 2.0]
disc:  338  :[0.0, 0.518720385768022, 0.718720385768022, 1.0]
disc:  339  :[0.0, 0.2, 2.0]
disc:  340  :[0.0, 0.2, 2.0]
disc:  341  :[0.0, 1.8, 2.0]
disc:  342  :[0.0, 0.9, 1.0]
disc:  343  :[0.0, 0.2, 2.0]
disc:  344  :[0.0, 1.0675610187419293, 1.4675610187419292, 2.0]
disc:  345  :[0.0, 0.8933640695455259, 1.0]
disc:  346  :[0.0, 0.4390749117125448, 1.0390749117125448, 3.0]
disc:  347  :[0.0, 1.8, 2.0]
disc:  348  :[0.0, 0.6, 6.0]
disc:  349  :[0.0, 0.2, 2.0]
disc:  350  :[0.0, 0.1, 1.0]
disc:  351  :[0.0, 0.532438981258071, 0.9324389812580709, 2.0]
disc:  352  :[0.0, 0.6, 6.0]
disc:  353  :[0.0, 0.1, 1.0]
disc:  354  :[0.0, 1.8, 2.0]
disc:  355  :[0.0, 0.9, 1.0]
disc:  356  :[0.0, 0.2, 2.0]
disc:  357  :[0.0, 0.12838796185075133, 1.0]
disc:  358  :[0.0, 0.2, 2.0]
disc:  359  :[0.0, 3.8288579831094496, 5.028857983109449, 6.0]
disc:  360  :[0.0, 2.9711420168905502, 4.17114201689055, 6.0]
disc:  361  :[0.0, 0.2, 2.0]
disc:  362  :[0.0, 0.1, 1.0]
disc:  363  :[0.0, 0.3311698408514216, 0.7311698408514216, 2.0]
disc:  364  :[0.0, 0.7677068906845038, 0.9677068906845038, 1.0]
disc:  365  :[0.0, 1.3011232684640743, 1.9011232684640744, 3.0]
disc:  366  :[0.0, 1.8, 2.0]
disc:  367  :[0.0, 5.4, 6.0]
disc:  368  :[0.0, 0.2, 2.0]
disc:  369  :[0.0, 1.8, 2.0]
disc:  370  :[0.0, 0.9, 1.0]
disc:  371  :[0.0, 0.2, 2.0]
disc:  372  :[0.0, 0.2, 2.0]
disc:  373  :[0.0, 1.1785421599403718, 1.5785421599403717, 2.0]
disc:  374  :[0.0, 1.561296964367521, 2.761296964367521, 6.0]
disc:  375  :[0.0, 0.2, 2.0]
disc:  376  :[0.0, 0.2, 2.0]
disc:  377  :[0.0, 4.186447881289159, 5.3864478812891585, 6.0]
disc:  378  :[0.0, 2.61355211871084, 3.8135521187108403, 6.0]
disc:  379  :[0.0, 1.5864478812891591, 1.986447881289159, 2.0]
disc:  380  :[0.0, 0.1, 1.0]
disc:  381  :[0.0, 0.3, 3.0]
disc:  382  :[0.0, 0.9135521187108409, 1.513552118710841, 3.0]
disc:  383  :[0.0, 1.8, 2.0]
disc:  384  :[0.0, 0.6, 6.0]
disc:  385  :[0.0, 0.2, 2.0]
disc:  502  :[0.0, 0.1, 1.0]
disc:  503  :[0.0, 0.1, 1.0]
disc:  504  :[0.0, 0.1, 1.0]
disc:  505  :[0.0, 0.6115796083270248, 0.8115796083270248, 1.0]
disc:  506  :[0.0, 0.33327510442685604, 0.533275104426856, 1.0]
disc:  507  :[0.0, 0.9, 1.0]
disc:  508  :[0.0, 0.1, 1.0]
disc:  509  :[0.0, 0.1, 1.0]
disc:  510  :[0.0, 0.15351702452695185, 0.3535170245269519, 1.0]
disc:  511  :[0.0, 0.18842039167297522, 0.38842039167297526, 1.0]
disc:  512  :[0.0, 0.1, 1.0]
disc:  513  :[0.0, 0.9, 1.0]
disc:  514  :[0.0, 0.1, 1.0]
disc:  515  :[0.0, 0.1, 1.0]
disc:  516  :[0.0, 0.275, 0.475, 1.0]
disc:  517  :[0.0, 0.1, 1.0]
disc:  518  :[0.0, 0.1, 1.0]
disc:  519  :[0.0, 0.1, 1.0]
disc:  520  :[0.0, 0.5370969865868278, 0.7370969865868278, 1.0]
disc:  521  :[0.0, 0.1, 1.0]
disc:  522  :[0.0, 0.1, 1.0]
disc:  523  :[0.0, 0.1, 1.0]
disc:  524  :[0.0, 0.9, 1.0]
disc:  525  :[0.0, 0.2541501104982681, 0.45415011049826814, 1.0]
disc:  526  :[0.0, 0.14219370856314947, 0.34219370856314946, 1.0]
disc:  527  :[0.0, 0.1, 1.0]
disc:  528  :[0.0, 0.26290301341317235, 0.4629030134131723, 1.0]
disc:  529  :[0.0, 0.1, 1.0]
disc:  530  :[0.0, 0.9, 1.0]
disc:  531  :[0.0, 0.9, 1.0]
disc:  532  :[0.0, 0.534088455971601, 0.734088455971601, 1.0]
disc:  533  :[0.0, 0.1, 1.0]
disc:  534  :[0.0, 0.1, 1.0]
disc:  535  :[0.0, 0.1, 1.0]
disc:  536  :[0.0, 0.1, 1.0]
disc:  537  :[0.0, 0.1, 1.0]
disc:  538  :[0.0, 0.1, 1.0]
disc:  539  :[0.0, 0.1, 1.0]
disc:  540  :[0.0, 0.265911544028399, 0.46591154402839896, 1.0]
disc:  541  :[0.0, 0.14940185080678822, 1.0]
disc:  542  :[0.0, 0.1, 1.0]
disc:  543  :[0.0, 0.1, 1.0]
disc:  544  :[0.0, 0.9, 1.0]
disc:  545  :[0.0, 0.1, 1.0]
disc:  546  :[0.0, 0.1, 1.0]
disc:  547  :[0.0, 0.5458498895017319, 0.7458498895017318, 1.0]
disc:  548  :[0.0, 0.1, 1.0]
disc:  549  :[0.0, 0.851499489968692, 1.0]
disc:  550  :[0.0, 0.1, 1.0]
disc:  551  :[0.0, 0.1, 1.0]
disc:  552  :[0.0, 0.1, 1.0]
disc:  553  :[0.0, 0.1, 1.0]
disc:  554  :[0.0, 0.1, 1.0]
disc:  555  :[0.0, 0.1, 1.0]
disc:  556  :[0.0, 0.9, 1.0]
disc:  557  :[0.0, 0.1, 1.0]
disc:  558  :[0.0, 0.1, 1.0]
disc:  559  :[0.0, 0.1540044139630171, 0.3540044139630171, 1.0]
disc:  560  :[0.0, 0.1, 1.0]
disc:  561  :[0.0, 0.1, 1.0]
disc:  562  :[0.0, 0.1, 1.0]
disc:  563  :[0.0, 0.1, 1.0]
disc:  564  :[0.0, 0.1, 1.0]
disc:  565  :[0.0, 0.1485005100313081, 1.0]
disc:  566  :[0.0, 0.1, 1.0]
disc:  567  :[0.0, 0.1, 1.0]
disc:  568  :[0.0, 0.1, 1.0]
disc:  569  :[0.0, 0.029289266909898637, 0.22928926690989865, 1.0]
disc:  570  :[0.0, 0.21272048161012683, 0.41272048161012687, 1.0]
disc:  571  :[0.0, 0.1, 1.0]
disc:  572  :[0.0, 0.8505981491932117, 1.0]
  Completed presolve in 7.79s
LOWER-BOUNDING ITERATIONS
====================================================================================================
| Iter   | Incumbent       | Best Incumbent      | Lower Bound        | Gap (%)         | Time      
| finish | -618.3339       | -618.3339           | -624.9239          | 1.066           | 31.5s            
Final UBD: -618.3338909324027
Final LBD: -624.9238641406288
====================================================================================================

*** Alpine ended with status OTHER_LIMIT ***

 Total time for local solves: 5.31s

 Total time for solving max-min problems: 0.0s

 Total time excluding max-min time: 31.5s

presolve objective value: -618.3338909324027
w_opt: 1-dimensional DenseAxisArray{Float64,1,...} with index sets:
    Dimension 1, [(25, 1, 2), (25, 1, 1), (25, 1, 14), (20, 1, 2), (20, 1, 1), (20, 1, 14), (1, 1, 2), (1, 1, 1), (1, 1, 14), (2, 1, 2)  …  (20, 15, 23), (20, 15, 3), (8, 15, 30), (8, 15, 29), (8, 15, 23), (8, 15, 3), (2, 15, 30), (2, 15, 29), (2, 15, 23), (2, 15, 3)]
And data, a 261-element Vector{Float64}:
 1.268176911943202
 0.0
 0.0
 0.731823088056798
 0.0
 0.0
 0.0
 0.0
 0.0
 0.0
 0.0
 0.0
 0.0
 0.0
 0.0
 0.0
 1.7864478812891589
 0.0
 0.0
 1.213552118710841
 0.0
 0.0
 0.0
 0.0
 0.0
 0.0
 0.0
 0.0
 0.0
 2.0738487055992643
 1.3923521298155839
 0.0
 0.0
 0.0
 0.0
 1.2157788890513777
 0.8162564226527589
 0.0
 0.0
 0.0
 0.0
 1.496820286638517
 1.0049435662424975
 0.0
 0.0
 0.0
 0.0
 0.0
 0.0
 1.3785421599403718
 2.161296964367521
 0.0
 0.0
 0.0
 0.0
 0.0
 0.0
 0.0
 0.0
 2.0
 1.0
 0.0
 0.0
 0.0
 0.0
 0.0
 0.0
 0.0
 0.0
 0.0
 0.0
 0.5070340490539036
 1.521102147161711
 0.0
 0.75
 2.25
 0.0
 0.48438741712629896
 1.4531622513788969
 0.0
 0.0
 0.0
 0.0
 0.0
 0.0
 0.0
 0.0
 0.0
 0.0
 0.0
 0.0
 0.0
 0.2585785338197972
 0.7757356014593919
 0.0
 0.0
 0.0
 0.0
 0.0
 0.0
 0.0
 0.505407832656879
 0.8256226639286248
 1.5234679733205718
 0.025762008194542597
 0.042084226755878903
 0.07765529514350265
 0.0
 0.0
 0.0
 0.0
 0.0
 0.0
 0.0
 0.0
 0.0
 0.0
 0.0
 2.821612075060046
 2.275163817634576
 0.0
 0.0
 0.0
 1.607245908049404
 1.2959781992559747
 0.0
 0.0
 0.0
 0.0
 0.0
 0.0
 0.0
 0.0
 0.0
 0.0
 0.0
 0.0
 0.0
 0.0
 0.0
 0.0
 0.0
 0.0
 0.0
 0.0
 0.0
 0.0
 0.0
 0.02838796185075132
 0.0
 0.0
 0.0
 0.0
 0.7083002209965362
 0.3541501104982681
 0.0
 0.0
 1.2916997790034637
 0.6458498895017318
 0.0
 0.0
 0.0
 0.0
 0.0
 0.0
 0.0
 0.0
 0.0
 0.0
 0.0
 0.0
 0.0
 0.0
 2.0
 0.0
 0.0
 0.0
 0.7324389812580709
 0.0
 0.0
 0.0
 0.0
 0.0
 0.0
 0.0
 0.0
 0.0
 0.0
 0.0
 0.0
 0.0
 0.0
 0.0
 0.0
 1.2675610187419293
 0.9933640695455259
 0.7390749117125448
 0.0
 0.0
 0.0
 0.0
 0.0
 0.0
 0.0
 0.0
 0.0
 1.4231592166540497
 0.711579608327025
 0.0
 0.5768407833459505
 0.28842039167297534
 0.0
 0.0
 0.0
 0.0
 0.0
 0.0
 0.0
 0.0
 0.0
 0.0
 0.0
 0.0
 0.0
 0.0
 0.29127929823292487
 0.618720385768022
 0.0
 0.0
 0.0
 0.0
 0.0
 0.0
 0.0
 0.0
 0.0
 0.0
 0.0
 0.0
 0.0
 0.0
 0.0
 0.0
 0.0
 0.0
 0.0
 0.0
 0.0
 0.0
 0.09880370161357645
 0.1011440139888749
 0.0
 0.049401850806788314
 0.0
 0.0
 0.0
 0.0
 1.9011962983864235
 1.94622895558774
 0.0
 0.9505981491932117
x_ij_opt: 1-dimensional DenseAxisArray{Float64,1,...} with index sets:
    Dimension 1, [(43, 30), (43, 22), (43, 6), (44, 22), (45, 30), (45, 29), (45, 28), (45, 24), (45, 23), (40, 29)  …  (5, 7), (5, 14), (6, 4), (6, 3), (1, 14), (1, 10), (1, 23), (1, 1), (3, 2), (3, 1)]
And data, a 116-element Vector{Float64}:
 0.0
 0.0
 1.6266108688076553
 0.0
 0.0
 0.0
 1.7087207017670754
 0.0
 0.0
 0.0
 0.0
 0.0
 0.0
 0.0
 0.0
 0.0
 0.0
 0.0
 0.26091593348120645
 0.0
 0.0
 0.0
 0.0
 0.0
 0.0
 0.0
 0.0
 2.0
 0.0
 0.0
 0.0
 0.0
 0.0
 0.0
 0.0
 0.0
 0.0
 0.0
 0.0
 0.0
 0.0
 0.0
 0.0
 0.3733891311923448
 0.0
 0.0
 0.0
 0.0
 0.0
 0.0
 0.0
 0.0
 0.0
 0.0
 0.0
 0.26756101874192884
 0.0
 1.5711420168905506
 0.13229310931549623
 2.0
 0.0
 0.0
 0.0
 0.0
 6.0
 0.0
 0.0
 0.0
 0.0
 0.7106961046680423
 0.0
 0.0
 0.0
 0.0
 0.0
 0.0
 0.38127961423197804
 0.6214578400596285
 0.0
 0.0
 0.0
 0.0
 0.0
 0.0
 0.0
 0.0
 0.0
 0.0
 0.0
 0.0
 0.0
 0.0
 0.0
 0.0
 0.0
 0.0
 0.0
 0.0
 0.0
 0.0
 0.0
 0.0
 0.0
 0.0
 0.0
 1.410420809299182
 0.0
 0.0
 0.21355211871084087
 0.0
 0.058409349849396545
 0.0
 0.006635930454474054
 4.398876731535926
 0.0
 0.0
x_il_opt: 1-dimensional DenseAxisArray{Float64,1,...} with index sets:
    Dimension 1, [(43, 15), (43, 14), (44, 15), (44, 13), (44, 3), (40, 14), (40, 2), (41, 14), (42, 6), (37, 13)  …  (4, 13), (5, 2), (5, 7), (5, 9), (6, 11), (1, 1), (1, 6), (1, 3), (2, 1), (2, 15)]
And data, a 71-element Vector{Float64}:
 0.0
 0.0
 0.0
 2.1347388249810746
 3.4662008354148486
 0.9099996840009469
 0.0
 0.0
 2.028136196215615
 0.8652611750189259
 0.0
 3.0
 0.0
 0.0
 3.0
 0.0
 0.0
 0.0
 5.096775892694622
 0.0
 0.0
 0.0
 3.0
 1.0624503314948044
 1.9375496685051958
 0.0
 2.9032241073053786
 0.0
 2.732438981258071
 0.02838796185075132
 1.268176911943202
 0.0
 0.0
 0.0
 0.0
 0.0
 0.0
 0.0
 0.731823088056798
 0.24934956640923964
 0.0
 0.0
 3.0
 0.0
 0.0
 1.9375496685051954
 0.0
 2.854498469906076
 0.0
 0.0
 0.0
 0.0
 0.0
 0.0
 3.5398391243078926
 0.0
 0.0
 2.0320353117041363
 0.0
 0.0
 0.0
 0.0
 0.0
 0.14550153009392414
 0.0
 0.0
 0.0
 1.0343141352791891
 2.5017638528810147
 0.0
 4.798023403167376
x_lj_opt: 1-dimensional DenseAxisArray{Float64,1,...} with index sets:
    Dimension 1, [(15, 30), (15, 29), (15, 23), (15, 3), (14, 28), (14, 27), (14, 10), (14, 24), (13, 26), (13, 25)  …  (3, 6), (3, 5), (3, 29), (2, 4), (2, 3), (2, 1), (2, 5), (1, 2), (1, 1), (1, 14)]
And data, a 53-element Vector{Float64}:
 2.0
 2.047372969576615
 0.0
 1.0
 0.29127929823292487
 0.618720385768022
 0.0
 0.0
 2.0
 1.0
 0.0
 1.2675610187419293
 0.9933640695455259
 0.7390749117125448
 2.0
 0.0
 0.0
 0.0
 0.7324389812580709
 0.0
 0.0
 2.0
 1.0
 0.0
 0.02838796185075132
 0.0
 4.42885798310945
 3.5711420168905503
 0.0
 0.0
 0.5311698408514216
 0.8677068906845038
 1.6011232684640744
 2.0
 6.0
 0.0
 2.0
 1.0
 0.0
 0.0
 1.3785421599403718
 2.161296964367521
 0.0
 0.0
 4.786447881289159
 3.2135521187108402
 1.786447881289159
 0.0
 0.0
 1.213552118710841
 2.0
 0.0
 0.0
q_opt: 1-dimensional DenseAxisArray{Float64,1,...} with index sets:
    Dimension 1, [(43, 15), (43, 14), (44, 15), (44, 13), (44, 3), (40, 14), (40, 2), (41, 14), (42, 6), (37, 13)  …  (4, 13), (5, 2), (5, 7), (5, 9), (6, 11), (1, 1), (1, 6), (1, 3), (2, 1), (2, 15)]
And data, a 71-element Vector{Float64}:
 0.0
 0.0
 0.0
 0.7115796083270248
 0.433275104426856
 1.0
 0.0
 0.0
 0.25351702452695185
 0.28842039167297523
 0.0
 1.0
 0.0
 0.0
 0.375
 0.0
 0.0
 0.0
 0.6370969865868278
 0.0
 0.0
 0.0
 1.0
 0.3541501104982681
 0.24219370856314948
 0.0
 0.3629030134131723
 0.0
 1.0
 1.0
 0.634088455971601
 0.0
 0.0
 0.0
 0.0
 0.0
 0.0
 0.0
 0.365911544028399
 0.049401850806788224
 0.0
 0.0
 1.0
 0.0
 0.0
 0.6458498895017318
 0.0
 0.9514994899686919
 0.0
 0.0
 0.0
 0.0
 0.0
 0.0
 1.0
 0.0
 0.0
 0.2540044139630171
 0.0
 0.0
 0.0
 0.0
 0.0
 0.048500510031308085
 0.0
 0.0
 0.0
 0.12928926690989864
 0.31272048161012683
 0.0
 0.9505981491932117
