
PROBLEM STATISTICS
  Objective sense = Min
  # Variables = 572
  # Bin-Int Variables = 0
  # Constraints = 621
  # NL Constraints = 261
  # Linear Constraints = 360
  # Detected convex constraints = 0
  # Detected nonlinear terms = 261
  # Variables involved in nonlinear terms = 124
  # Potential variables for partitioning = 124
SUB-SOLVERS USED BY ALPINE
  NLP local solver = Knitro
  MIP solver = Gurobi
ALPINE CONFIGURATION
  Maximum iterations (lower-bounding MIPs) =  1
  Relative global optimality gap = 0.01%
  Potential variables chosen for partitioning = All
  Discretization ratio = 10
  Bound-tightening presolve = false
PRESOLVE 
  Doing local search

Feasible solution found during presolve: [1.1806271154955843, 0.25843469418283166, 0.0, 0.6878525381701447, 0.15056825140786867, 0.0, 0.0, 0.0, 0.0, 0.0, 0.0, 0.0, 0.0, 0.0, 0.0, 0.0, 1.5609155898720868, 0.0, 0.0, 1.4390844101279134, 0.0, 0.0, 0.0, 0.0, 0.0, 0.0, 0.0, 0.0, 0.0, 3.005398424783722, 2.2661719264988482, 0.0, 0.0, 0.0, 0.0, 0.0, 0.0, 0.0, 0.0, 0.0, 0.0, 1.5555171650883637, 1.172912483629065, 0.0, 0.0, 0.0, 0.0, 0.0, 0.0, 1.4006594141198003, 0.0, 0.0, 0.0, 0.0, 0.0, 0.0, 0.0, 0.0, 0.0, 2.0, 1.0, 0.0, 0.0, 0.0, 0.0, 0.0, 0.0, 0.0, 0.0, 0.0, 0.0, 0.4571149784804014, 1.371344935441204, 0.0, 0.6446145460507352, 1.9338436381522055, 0.0, 0.5279508540630006, 1.5838525621890016, 0.0, 0.0, 0.0, 0.0, 0.0, 0.0, 0.0, 0.0, 0.0, 0.0, 0.0, 0.0, 0.0, 0.37031962140586305, 1.110958864217589, 0.0, 0.0, 0.0, 0.0, 0.0, 0.0, 0.0, 0.03869871175295454, 0.14167512256259054, 0.41179945711291466, 0.1573522365292022, 0.5760630359386307, 1.6744114361037072, 0.0, 0.0, 0.0, 0.0, 0.0, 0.0, 0.0, 0.0, 0.0, 0.0, 0.0, 4.100711529183068, 2.4604269175098397, 0.0, 0.0, 0.0, 0.899288470816933, 0.5395730824901597, 0.0, 0.0, 0.0, 0.0, 0.0, 0.0, 0.0, 0.0, 0.0, 0.0, 0.0, 0.0, 0.0, 0.0, 0.0, 0.0, 0.0, 0.0, 0.0, 0.0, 0.0, 0.0, 0.27867634882280623, 0.0, 0.0, 0.0, 0.3267556753829279, 0.0, 0.5921310558319984, 0.2960655279159992, 0.0, 0.0, 1.4078689441680015, 0.7039344720840007, 0.0, 0.0, 0.0, 0.0, 0.0, 0.0, 0.0, 0.0, 0.0, 0.0, 0.0, 0.0, 0.0, 0.0, 0.0, 0.0, 0.0, 0.0, 0.0, 0.0, 0.0, 0.0, 0.0, 0.0, 0.0, 0.0, 0.0, 0.0, 0.0, 0.0, 0.0, 0.0, 0.0, 0.0, 0.0, 1.705609259383734, 1.0, 0.29439074061626597, 0.0, 0.0, 0.0, 0.0, 0.0, 0.0, 0.0, 0.0, 0.0, 1.5587039297384808, 0.6768513245333431, 0.10250064033589722, 0.44129607026151924, 0.19162832913238564, 0.029019705998373932, 0.0, 0.0, 0.0, 0.0, 0.0, 0.0, 0.0, 0.0, 0.0, 0.0, 0.0, 0.0, 0.0, 0.3513740641983561, 0.701778204692227, 0.0, 0.0, 0.0, 0.0, 0.0, 0.0, 0.0, 0.0, 0.0, 0.0, 0.0, 0.0, 0.0, 0.0, 0.0, 0.0, 0.0, 0.0, 0.0, 0.0, 0.0, 0.0, 0.57384396177658, 0.5293661866652741, 0.0, 0.28692198088829, 0.0, 0.0, 0.0, 0.0, 1.42615603822342, 1.3156168467934874, 0.0, 0.71307801911171, 0.0, 0.0, 0.0, 2.338055894607721, 5.271570351282571, 1.053152268890583, 0.0, 0.0, 1.8284599139216056, 0.6619441053922788, 0.0, 3.0, 0.0, 0.0, 2.578458184202941, 0.0, 0.0, 0.0, 6.561138446692907, 0.0, 0.0, 0.0, 3.0, 0.8881965837479977, 2.1118034162520023, 0.0, 1.4388615533070925, 0.0, 0.0, 0.27867634882280623, 1.439061809678416, 0.0, 0.0, 0.0, 0.0, 0.0, 0.0, 0.0, 0.8384207895780134, 1.3901321293301443, 0.0, 0.0, 3.0, 0.0, 0.0, 2.1118034162520023, 0.0, 0.5921732914284598, 0.0, 0.0, 0.0, 0.0, 0.0, 0.0, 1.4006594141198003, 0.0, 0.0, 0.0, 0.0, 0.0, 0.0, 0.0, 0.0, 2.40782670857154, 0.3267556753829279, 0.0, 0.0, 1.481278485623452, 2.728429648717429, 0.0, 3.4548509041286173, 2.0, 1.8449830334587616, 0.0, 1.0, 0.3513740641983561, 0.701778204692227, 0.0, 0.0, 2.0, 0.8684796536657287, 0.13152034633427115, 1.705609259383734, 1.0, 0.29439074061626597, 0.0, 0.0, 0.0, 0.0, 0.0, 0.0, 0.0, 2.0, 1.0, 0.605432024205734, 0.0, 0.0, 5.0, 2.9999999999999996, 0.0, 0.0, 0.19605094828215675, 0.7177381585012214, 2.0862108932166215, 2.0, 6.0, 0.0, 2.0, 1.0, 0.0, 0.0, 1.4006594141198003, 0.0, 0.0, 0.0, 4.560915589872086, 3.439084410127913, 1.5609155898720868, 0.0, 0.0, 1.4390844101279134, 1.8684796536657289, 0.40900294559070033, 0.0, 0.0, 1.828706678103229, 1.4741261078664247, 0.0, 0.0, 0.0, 1.648625935801644, 0.0, 0.0, 0.0, 0.0, 0.0, 0.0, 0.0, 0.0, 0.0, 0.0, 0.0, 0.22855291890815763, 0.0, 0.0, 0.0, 0.0, 0.0, 0.0, 0.0, 0.0, 2.0, 0.0, 0.4215418157970592, 0.0, 0.0, 0.0, 0.0, 0.0, 0.0, 0.0, 0.0, 0.0, 0.0, 0.0, 0.0, 0.0, 0.5258738921335752, 0.0, 0.0, 0.171293321896771, 0.0, 0.0, 0.0, 0.0, 0.0, 0.0, 0.0, 0.0, 3.0, 0.0, 0.9999999999999996, 0.2822618414987787, 1.3945679757942662, 0.0, 0.0, 0.0, 0.29439074061626597, 6.0, 0.0, 0.0, 0.0, 0.0, 0.7714470810918423, 0.0, 0.0, 0.0, 0.0, 0.0, 0.0, 0.29822179530777315, 0.5993405858801998, 0.0, 0.0, 0.0, 0.0, 0.0, 0.0, 0.0, 0.0, 0.0, 0.0, 0.0, 0.0, 0.0, 0.0, 0.0, 0.0, 0.0, 0.0, 0.0, 0.13152034633427132, 0.0, 0.0, 0.0, 0.0, 0.0, 0.0, 0.0, 1.518443347251402, 0.0, 0.0, 0.43908441012791327, 0.0, 0.2855057044664411, 0.0, 0.0, 3.504786161192678, 0.0, 0.0, 0.0, 0.0, 0.0, 0.7793519648692404, 0.6589462939103213, 1.0, 0.0, 0.0, 0.2285574892402007, 0.22064803513075962, 0.0, 1.0, 0.0, 0.0, 0.3223072730253676, 0.0, 0.0, 0.0, 0.8201423058366134, 0.0, 0.0, 0.0, 1.0, 0.2960655279159992, 0.2639754270315003, 0.0, 0.17985769416338657, 0.0, 0.0, 0.46029337385962993, 0.6318651172782845, 0.0, 0.0, 0.0, 0.0, 0.0, 0.0, 0.0, 0.3681348827217155, 0.28692198088829, 0.0, 0.0, 1.0, 0.0, 0.0, 0.7039344720840007, 0.0, 0.19739109714281994, 0.0, 0.0, 0.0, 0.0, 0.0, 0.0, 1.0, 0.0, 0.0, 0.0, 0.0, 0.0, 0.0, 0.0, 0.0, 0.8026089028571801, 0.5397066261403701, 1.0, 0.0, 0.18515981070293153, 0.3410537060896786, 0.0, 0.71307801911171]  :with objective: -607.209425329104

  Local solver returns a feasible point with value -607.2094
disc:  333  :[0.0, 1.8, 2.0]
disc:  334  :[0.0, 1.2449830334587615, 2.4449830334587617, 6.0]
disc:  335  :[0.0, 0.1, 1.0]
disc:  336  :[0.0, 0.9, 1.0]
disc:  337  :[0.0, 0.15137406419835608, 0.5513740641983561, 2.0]
disc:  338  :[0.0, 0.601778204692227, 0.8017782046922269, 1.0]
disc:  339  :[0.0, 0.2, 2.0]
disc:  340  :[0.0, 0.2, 2.0]
disc:  341  :[0.0, 1.8, 2.0]
disc:  342  :[0.0, 0.7684796536657287, 0.9684796536657286, 1.0]
disc:  343  :[0.0, 0.3315203463342712, 2.0]
disc:  344  :[0.0, 1.505609259383734, 1.905609259383734, 2.0]
disc:  345  :[0.0, 0.9, 1.0]
disc:  346  :[0.0, 0.594390740616266, 3.0]
disc:  347  :[0.0, 0.2, 2.0]
disc:  348  :[0.0, 0.6, 6.0]
disc:  349  :[0.0, 0.2, 2.0]
disc:  350  :[0.0, 0.1, 1.0]
disc:  351  :[0.0, 0.2, 2.0]
disc:  352  :[0.0, 0.6, 6.0]
disc:  353  :[0.0, 0.1, 1.0]
disc:  354  :[0.0, 1.8, 2.0]
disc:  355  :[0.0, 0.9, 1.0]
disc:  356  :[0.0, 0.40543202420573404, 0.805432024205734, 2.0]
disc:  357  :[0.0, 0.1, 1.0]
disc:  358  :[0.0, 0.2, 2.0]
disc:  359  :[0.0, 4.4, 5.6, 6.0]
disc:  360  :[0.0, 2.3999999999999995, 3.5999999999999996, 6.0]
disc:  361  :[0.0, 0.2, 2.0]
disc:  362  :[0.0, 0.1, 1.0]
disc:  363  :[0.0, 0.39605094828215676, 2.0]
disc:  364  :[0.0, 0.6177381585012214, 0.8177381585012213, 1.0]
disc:  365  :[0.0, 1.7862108932166214, 2.3862108932166213, 3.0]
disc:  366  :[0.0, 1.8, 2.0]
disc:  367  :[0.0, 5.4, 6.0]
disc:  368  :[0.0, 0.2, 2.0]
disc:  369  :[0.0, 1.8, 2.0]
disc:  370  :[0.0, 0.9, 1.0]
disc:  371  :[0.0, 0.2, 2.0]
disc:  372  :[0.0, 0.2, 2.0]
disc:  373  :[0.0, 1.2006594141198004, 1.6006594141198003, 2.0]
disc:  374  :[0.0, 0.6, 6.0]
disc:  375  :[0.0, 0.2, 2.0]
disc:  376  :[0.0, 0.2, 2.0]
disc:  377  :[0.0, 3.960915589872086, 5.1609155898720855, 6.0]
disc:  378  :[0.0, 2.839084410127913, 4.039084410127913, 6.0]
disc:  379  :[0.0, 1.3609155898720868, 1.7609155898720867, 2.0]
disc:  380  :[0.0, 0.1, 1.0]
disc:  381  :[0.0, 0.3, 3.0]
disc:  382  :[0.0, 1.1390844101279134, 1.7390844101279135, 3.0]
disc:  383  :[0.0, 1.668479653665729, 2.0]
disc:  384  :[0.0, 1.0090029455907004, 6.0]
disc:  385  :[0.0, 0.2, 2.0]
disc:  502  :[0.0, 0.1, 1.0]
disc:  503  :[0.0, 0.1, 1.0]
disc:  504  :[0.0, 0.1, 1.0]
disc:  505  :[0.0, 0.6793519648692404, 0.8793519648692404, 1.0]
disc:  506  :[0.0, 0.5589462939103214, 0.7589462939103213, 1.0]
disc:  507  :[0.0, 0.9, 1.0]
disc:  508  :[0.0, 0.1, 1.0]
disc:  509  :[0.0, 0.1, 1.0]
disc:  510  :[0.0, 0.1285574892402007, 0.3285574892402007, 1.0]
disc:  511  :[0.0, 0.12064803513075961, 0.3206480351307596, 1.0]
disc:  512  :[0.0, 0.1, 1.0]
disc:  513  :[0.0, 0.9, 1.0]
disc:  514  :[0.0, 0.1, 1.0]
disc:  515  :[0.0, 0.1, 1.0]
disc:  516  :[0.0, 0.2223072730253676, 0.42230727302536764, 1.0]
disc:  517  :[0.0, 0.1, 1.0]
disc:  518  :[0.0, 0.1, 1.0]
disc:  519  :[0.0, 0.1, 1.0]
disc:  520  :[0.0, 0.7201423058366134, 0.9201423058366134, 1.0]
disc:  521  :[0.0, 0.1, 1.0]
disc:  522  :[0.0, 0.1, 1.0]
disc:  523  :[0.0, 0.1, 1.0]
disc:  524  :[0.0, 0.9, 1.0]
disc:  525  :[0.0, 0.1960655279159992, 0.39606552791599925, 1.0]
disc:  526  :[0.0, 0.16397542703150028, 0.3639754270315003, 1.0]
disc:  527  :[0.0, 0.1, 1.0]
disc:  528  :[0.0, 0.07985769416338656, 0.27985769416338657, 1.0]
disc:  529  :[0.0, 0.1, 1.0]
disc:  530  :[0.0, 0.1, 1.0]
disc:  531  :[0.0, 0.3602933738596299, 0.56029337385963, 1.0]
disc:  532  :[0.0, 0.5318651172782846, 0.7318651172782845, 1.0]
disc:  533  :[0.0, 0.1, 1.0]
disc:  534  :[0.0, 0.1, 1.0]
disc:  535  :[0.0, 0.1, 1.0]
disc:  536  :[0.0, 0.1, 1.0]
disc:  537  :[0.0, 0.1, 1.0]
disc:  538  :[0.0, 0.1, 1.0]
disc:  539  :[0.0, 0.1, 1.0]
disc:  540  :[0.0, 0.2681348827217155, 0.46813488272171555, 1.0]
disc:  541  :[0.0, 0.18692198088829, 0.38692198088829, 1.0]
disc:  542  :[0.0, 0.1, 1.0]
disc:  543  :[0.0, 0.1, 1.0]
disc:  544  :[0.0, 0.9, 1.0]
disc:  545  :[0.0, 0.1, 1.0]
disc:  546  :[0.0, 0.1, 1.0]
disc:  547  :[0.0, 0.6039344720840008, 0.8039344720840007, 1.0]
disc:  548  :[0.0, 0.1, 1.0]
disc:  549  :[0.0, 0.09739109714281993, 0.29739109714281997, 1.0]
disc:  550  :[0.0, 0.1, 1.0]
disc:  551  :[0.0, 0.1, 1.0]
disc:  552  :[0.0, 0.1, 1.0]
disc:  553  :[0.0, 0.1, 1.0]
disc:  554  :[0.0, 0.1, 1.0]
disc:  555  :[0.0, 0.1, 1.0]
disc:  556  :[0.0, 0.9, 1.0]
disc:  557  :[0.0, 0.1, 1.0]
disc:  558  :[0.0, 0.1, 1.0]
disc:  559  :[0.0, 0.1, 1.0]
disc:  560  :[0.0, 0.1, 1.0]
disc:  561  :[0.0, 0.1, 1.0]
disc:  562  :[0.0, 0.1, 1.0]
disc:  563  :[0.0, 0.1, 1.0]
disc:  564  :[0.0, 0.1, 1.0]
disc:  565  :[0.0, 0.7026089028571801, 0.9026089028571801, 1.0]
disc:  566  :[0.0, 0.43970662614037015, 0.6397066261403701, 1.0]
disc:  567  :[0.0, 0.9, 1.0]
disc:  568  :[0.0, 0.1, 1.0]
disc:  569  :[0.0, 0.08515981070293152, 0.2851598107029315, 1.0]
disc:  570  :[0.0, 0.2410537060896786, 0.44105370608967864, 1.0]
disc:  571  :[0.0, 0.1, 1.0]
disc:  572  :[0.0, 0.61307801911171, 0.81307801911171, 1.0]
  Completed presolve in 38.72s
LOWER-BOUNDING ITERATIONS
====================================================================================================
| Iter   | Incumbent       | Best Incumbent      | Lower Bound        | Gap (%)         | Time      
| finish | -607.2094       | -607.2094           | -633.5437          | 4.337           | 59.87s           
Final UBD: -607.209425329104
Final LBD: -633.5437137471667
====================================================================================================

*** Alpine ended with status OTHER_LIMIT ***

 Total time for local solves: 36.44s

 Total time for solving max-min problems: 0.0s

 Total time excluding max-min time: 59.87s

presolve objective value: -607.209425329104
w_opt: 1-dimensional DenseAxisArray{Float64,1,...} with index sets:
    Dimension 1, [(25, 1, 2), (25, 1, 1), (25, 1, 14), (20, 1, 2), (20, 1, 1), (20, 1, 14), (1, 1, 2), (1, 1, 1), (1, 1, 14), (2, 1, 2)  …  (20, 15, 23), (20, 15, 3), (8, 15, 30), (8, 15, 29), (8, 15, 23), (8, 15, 3), (2, 15, 30), (2, 15, 29), (2, 15, 23), (2, 15, 3)]
And data, a 261-element Vector{Float64}:
 1.1806271154955843
 0.25843469418283166
 0.0
 0.6878525381701447
 0.15056825140786867
 0.0
 0.0
 0.0
 0.0
 0.0
 0.0
 0.0
 0.0
 0.0
 0.0
 0.0
 1.5609155898720868
 0.0
 0.0
 1.4390844101279134
 0.0
 0.0
 0.0
 0.0
 0.0
 0.0
 0.0
 0.0
 0.0
 3.005398424783722
 2.2661719264988482
 0.0
 0.0
 0.0
 0.0
 0.0
 0.0
 0.0
 0.0
 0.0
 0.0
 1.5555171650883637
 1.172912483629065
 0.0
 0.0
 0.0
 0.0
 0.0
 0.0
 1.4006594141198003
 0.0
 0.0
 0.0
 0.0
 0.0
 0.0
 0.0
 0.0
 0.0
 2.0
 1.0
 0.0
 0.0
 0.0
 0.0
 0.0
 0.0
 0.0
 0.0
 0.0
 0.0
 0.4571149784804014
 1.371344935441204
 0.0
 0.6446145460507352
 1.9338436381522055
 0.0
 0.5279508540630006
 1.5838525621890016
 0.0
 0.0
 0.0
 0.0
 0.0
 0.0
 0.0
 0.0
 0.0
 0.0
 0.0
 0.0
 0.0
 0.37031962140586305
 1.110958864217589
 0.0
 0.0
 0.0
 0.0
 0.0
 0.0
 0.0
 0.03869871175295454
 0.14167512256259054
 0.41179945711291466
 0.1573522365292022
 0.5760630359386307
 1.6744114361037072
 0.0
 0.0
 0.0
 0.0
 0.0
 0.0
 0.0
 0.0
 0.0
 0.0
 0.0
 4.100711529183068
 2.4604269175098397
 0.0
 0.0
 0.0
 0.899288470816933
 0.5395730824901597
 0.0
 0.0
 0.0
 0.0
 0.0
 0.0
 0.0
 0.0
 0.0
 0.0
 0.0
 0.0
 0.0
 0.0
 0.0
 0.0
 0.0
 0.0
 0.0
 0.0
 0.0
 0.0
 0.27867634882280623
 0.0
 0.0
 0.0
 0.3267556753829279
 0.0
 0.5921310558319984
 0.2960655279159992
 0.0
 0.0
 1.4078689441680015
 0.7039344720840007
 0.0
 0.0
 0.0
 0.0
 0.0
 0.0
 0.0
 0.0
 0.0
 0.0
 0.0
 0.0
 0.0
 0.0
 0.0
 0.0
 0.0
 0.0
 0.0
 0.0
 0.0
 0.0
 0.0
 0.0
 0.0
 0.0
 0.0
 0.0
 0.0
 0.0
 0.0
 0.0
 0.0
 0.0
 0.0
 1.705609259383734
 1.0
 0.29439074061626597
 0.0
 0.0
 0.0
 0.0
 0.0
 0.0
 0.0
 0.0
 0.0
 1.5587039297384808
 0.6768513245333431
 0.10250064033589722
 0.44129607026151924
 0.19162832913238564
 0.029019705998373932
 0.0
 0.0
 0.0
 0.0
 0.0
 0.0
 0.0
 0.0
 0.0
 0.0
 0.0
 0.0
 0.0
 0.3513740641983561
 0.701778204692227
 0.0
 0.0
 0.0
 0.0
 0.0
 0.0
 0.0
 0.0
 0.0
 0.0
 0.0
 0.0
 0.0
 0.0
 0.0
 0.0
 0.0
 0.0
 0.0
 0.0
 0.0
 0.0
 0.57384396177658
 0.5293661866652741
 0.0
 0.28692198088829
 0.0
 0.0
 0.0
 0.0
 1.42615603822342
 1.3156168467934874
 0.0
 0.71307801911171
x_ij_opt: 1-dimensional DenseAxisArray{Float64,1,...} with index sets:
    Dimension 1, [(43, 30), (43, 22), (43, 6), (44, 22), (45, 30), (45, 29), (45, 28), (45, 24), (45, 23), (40, 29)  …  (5, 7), (5, 14), (6, 4), (6, 3), (1, 14), (1, 10), (1, 23), (1, 1), (3, 2), (3, 1)]
And data, a 116-element Vector{Float64}:
 0.0
 1.828706678103229
 1.4741261078664247
 0.0
 0.0
 0.0
 1.648625935801644
 0.0
 0.0
 0.0
 0.0
 0.0
 0.0
 0.0
 0.0
 0.0
 0.0
 0.0
 0.22855291890815763
 0.0
 0.0
 0.0
 0.0
 0.0
 0.0
 0.0
 0.0
 2.0
 0.0
 0.4215418157970592
 0.0
 0.0
 0.0
 0.0
 0.0
 0.0
 0.0
 0.0
 0.0
 0.0
 0.0
 0.0
 0.0
 0.5258738921335752
 0.0
 0.0
 0.171293321896771
 0.0
 0.0
 0.0
 0.0
 0.0
 0.0
 0.0
 0.0
 3.0
 0.0
 0.9999999999999996
 0.2822618414987787
 1.3945679757942662
 0.0
 0.0
 0.0
 0.29439074061626597
 6.0
 0.0
 0.0
 0.0
 0.0
 0.7714470810918423
 0.0
 0.0
 0.0
 0.0
 0.0
 0.0
 0.29822179530777315
 0.5993405858801998
 0.0
 0.0
 0.0
 0.0
 0.0
 0.0
 0.0
 0.0
 0.0
 0.0
 0.0
 0.0
 0.0
 0.0
 0.0
 0.0
 0.0
 0.0
 0.0
 0.13152034633427132
 0.0
 0.0
 0.0
 0.0
 0.0
 0.0
 0.0
 1.518443347251402
 0.0
 0.0
 0.43908441012791327
 0.0
 0.2855057044664411
 0.0
 0.0
 3.504786161192678
 0.0
 0.0
x_il_opt: 1-dimensional DenseAxisArray{Float64,1,...} with index sets:
    Dimension 1, [(43, 15), (43, 14), (44, 15), (44, 13), (44, 3), (40, 14), (40, 2), (41, 14), (42, 6), (37, 13)  …  (4, 13), (5, 2), (5, 7), (5, 9), (6, 11), (1, 1), (1, 6), (1, 3), (2, 1), (2, 15)]
And data, a 71-element Vector{Float64}:
 0.0
 0.0
 0.0
 2.338055894607721
 5.271570351282571
 1.053152268890583
 0.0
 0.0
 1.8284599139216056
 0.6619441053922788
 0.0
 3.0
 0.0
 0.0
 2.578458184202941
 0.0
 0.0
 0.0
 6.561138446692907
 0.0
 0.0
 0.0
 3.0
 0.8881965837479977
 2.1118034162520023
 0.0
 1.4388615533070925
 0.0
 0.0
 0.27867634882280623
 1.439061809678416
 0.0
 0.0
 0.0
 0.0
 0.0
 0.0
 0.0
 0.8384207895780134
 1.3901321293301443
 0.0
 0.0
 3.0
 0.0
 0.0
 2.1118034162520023
 0.0
 0.5921732914284598
 0.0
 0.0
 0.0
 0.0
 0.0
 0.0
 1.4006594141198003
 0.0
 0.0
 0.0
 0.0
 0.0
 0.0
 0.0
 0.0
 2.40782670857154
 0.3267556753829279
 0.0
 0.0
 1.481278485623452
 2.728429648717429
 0.0
 3.4548509041286173
x_lj_opt: 1-dimensional DenseAxisArray{Float64,1,...} with index sets:
    Dimension 1, [(15, 30), (15, 29), (15, 23), (15, 3), (14, 28), (14, 27), (14, 10), (14, 24), (13, 26), (13, 25)  …  (3, 6), (3, 5), (3, 29), (2, 4), (2, 3), (2, 1), (2, 5), (1, 2), (1, 1), (1, 14)]
And data, a 53-element Vector{Float64}:
 2.0
 1.8449830334587616
 0.0
 1.0
 0.3513740641983561
 0.701778204692227
 0.0
 0.0
 2.0
 0.8684796536657287
 0.13152034633427115
 1.705609259383734
 1.0
 0.29439074061626597
 0.0
 0.0
 0.0
 0.0
 0.0
 0.0
 0.0
 2.0
 1.0
 0.605432024205734
 0.0
 0.0
 5.0
 2.9999999999999996
 0.0
 0.0
 0.19605094828215675
 0.7177381585012214
 2.0862108932166215
 2.0
 6.0
 0.0
 2.0
 1.0
 0.0
 0.0
 1.4006594141198003
 0.0
 0.0
 0.0
 4.560915589872086
 3.439084410127913
 1.5609155898720868
 0.0
 0.0
 1.4390844101279134
 1.8684796536657289
 0.40900294559070033
 0.0
q_opt: 1-dimensional DenseAxisArray{Float64,1,...} with index sets:
    Dimension 1, [(43, 15), (43, 14), (44, 15), (44, 13), (44, 3), (40, 14), (40, 2), (41, 14), (42, 6), (37, 13)  …  (4, 13), (5, 2), (5, 7), (5, 9), (6, 11), (1, 1), (1, 6), (1, 3), (2, 1), (2, 15)]
And data, a 71-element Vector{Float64}:
 0.0
 0.0
 0.0
 0.7793519648692404
 0.6589462939103213
 1.0
 0.0
 0.0
 0.2285574892402007
 0.22064803513075962
 0.0
 1.0
 0.0
 0.0
 0.3223072730253676
 0.0
 0.0
 0.0
 0.8201423058366134
 0.0
 0.0
 0.0
 1.0
 0.2960655279159992
 0.2639754270315003
 0.0
 0.17985769416338657
 0.0
 0.0
 0.46029337385962993
 0.6318651172782845
 0.0
 0.0
 0.0
 0.0
 0.0
 0.0
 0.0
 0.3681348827217155
 0.28692198088829
 0.0
 0.0
 1.0
 0.0
 0.0
 0.7039344720840007
 0.0
 0.19739109714281994
 0.0
 0.0
 0.0
 0.0
 0.0
 0.0
 1.0
 0.0
 0.0
 0.0
 0.0
 0.0
 0.0
 0.0
 0.0
 0.8026089028571801
 0.5397066261403701
 1.0
 0.0
 0.18515981070293153
 0.3410537060896786
 0.0
 0.71307801911171
