
PROBLEM STATISTICS
  Objective sense = Min
  # Variables = 572
  # Bin-Int Variables = 0
  # Constraints = 621
  # NL Constraints = 261
  # Linear Constraints = 360
  # Detected convex constraints = 0
  # Detected nonlinear terms = 261
  # Variables involved in nonlinear terms = 124
  # Potential variables for partitioning = 124
SUB-SOLVERS USED BY ALPINE
  NLP local solver = Knitro
  MIP solver = Gurobi
ALPINE CONFIGURATION
  Maximum iterations (lower-bounding MIPs) =  1
  Relative global optimality gap = 0.01%
  Potential variables chosen for partitioning = All
  Discretization ratio = 10
  Bound-tightening presolve = false
PRESOLVE 
  Doing local search

Feasible solution found during presolve: [1.2856132461947944, 1.554119955631825, 0.0, 0.7143867538052056, 0.8635899742117987, 0.0, 0.0, 0.0, 0.0, 0.0, 0.0, 0.0, 0.0, 0.0, 0.0, 0.0, 1.9502417105335441, 0.0, 0.0, 1.049758289466456, 0.0, 0.0, 0.0, 0.0, 0.0, 0.0, 0.0, 0.0, 0.0, 1.074835747438265, 0.46307242255303044, 0.0, 0.0, 0.0, 0.0, 2.5849179747947124, 1.1136624656762388, 0.0, 0.0, 0.0, 0.0, 1.1433579512570904, 0.492593903390156, 0.10343324517562869, 0.35163020984905796, 0.005162184334476414, 0.0, 0.0, 0.0, 0.8935596982051663, 3.0377330195821513, 0.04459610513197982, 0.0, 0.0, 0.0, 0.0, 0.0, 0.0, 0.0, 2.0, 1.0, 0.0, 0.0, 0.0, 0.0, 0.0, 0.0, 0.0, 0.0, 0.0, 0.0, 0.7499999999999999, 2.25, 0.0, 0.0, 0.0, 0.0, 0.5260852500990704, 1.5782557502972097, 0.0, 0.0, 0.0, 0.0, 0.0, 0.0, 0.0, 0.0, 0.0, 0.0, 0.0, 0.0, 0.0, 0.72391474990093, 2.17174424970279, 0.0, 0.0, 0.0, 0.0, 0.0, 0.0, 0.0, 1.9288565090648362, 0.839733201826619, 0.23141028910854447, 0.0, 0.0, 0.0, 0.0, 0.0, 0.0, 0.0, 0.0, 0.0, 0.0, 0.0, 0.0, 0.0, 0.0, 5.545737242694272, 1.8485790808980915, 0.0, 0.0, 0.0, 0.454262757305728, 0.1514209191019094, 0.0, 0.0, 0.0, 0.0, 0.0, 0.0, 0.0, 0.0, 0.0, 0.0, 0.0, 0.0, 0.0, 0.0, 0.0, 0.0, 0.0, 0.0, 0.0, 0.0, 0.0, 0.0, 0.0, 0.0, 0.0, 0.0, 0.22028665017198423, 0.0, 0.5971059997358131, 0.29855299986790657, 0.0, 0.0, 1.4028940002641868, 0.7014470001320934, 0.0, 0.0, 0.0, 0.0, 0.0, 0.0, 0.0, 0.0, 0.0, 0.0, 0.0, 0.0, 0.0, 0.0, 1.7240060023638868, 0.0, 0.0, 0.0, 0.5182271900238464, 0.1471300370434767, 0.0, 0.0, 0.0, 0.0, 0.0, 0.0, 0.0, 0.0, 0.0, 0.0, 0.0, 0.0, 0.0, 0.0, 0.0, 1.4817728099761538, 0.9536341262339627, 0.5645930637898837, 0.0, 0.0, 0.0, 0.0, 0.0, 0.0, 0.0, 0.0, 0.0, 1.4126547945701715, 0.7063273972850858, 0.0, 0.5873452054298286, 0.2936726027149143, 0.0, 0.0, 0.0, 0.0, 0.0, 0.0, 0.0, 0.0, 0.0, 0.0, 0.0, 0.0, 0.0, 0.0, 0.49597161695739933, 0.9601051128547048, 0.0, 0.0, 0.0, 0.0, 0.0, 0.0, 0.0, 0.0, 0.0, 0.0, 0.0, 0.0, 0.0, 0.0, 0.0, 0.0, 0.0, 0.0, 0.0, 0.0, 0.0, 0.0, 0.15397692178808592, 0.028183792918984197, 0.0, 0.07698846089404296, 0.0, 0.0, 0.0, 0.0, 1.8460230782119142, 0.33789435167170656, 0.0, 0.9230115391059571, 0.0, 0.0, 0.0, 2.1189821918552574, 1.5379081699912955, 1.456076729812104, 0.0, 0.0, 3.0, 0.8810178081447428, 0.0, 3.0, 0.0, 0.0, 0.0, 0.0, 0.0, 0.0, 7.3943163235923635, 0.0, 0.46022563935916305, 0.0, 3.0, 0.8956589996037196, 2.10434100039628, 0.0, 0.6056836764076374, 0.0, 2.3893632294312104, 0.0, 2.8397332018266193, 0.0, 0.0, 0.0, 0.0, 0.0, 0.0, 0.0, 1.5779767280170043, 0.259149175601113, 0.0, 0.0, 3.0, 0.0, 0.0, 2.10434100039628, 0.0, 3.0, 0.0, 0.0, 0.0, 0.0, 0.0, 0.0, 3.975888822919298, 0.0, 0.0, 3.698580440470951, 0.0, 0.0, 0.0, 0.0, 0.0, 0.0, 0.22028665017198423, 0.0, 0.0, 2.89565899960372, 1.6359518546472465, 0.0, 3.106928968989578, 2.0, 0.3660781445906907, 0.0, 1.0, 0.49597161695739933, 0.9601051128547048, 0.0, 0.0, 2.0, 1.0, 0.0, 1.4817728099761538, 0.9536341262339627, 0.5645930637898837, 1.7240060023638868, 0.0, 0.0, 0.0, 0.5182271900238464, 0.1471300370434767, 0.0, 2.0, 1.0, 0.22028665017198423, 0.0, 0.0, 6.0, 2.000000000000001, 0.0, 0.0, 1.9288565090648362, 0.839733201826619, 0.23141028910854447, 2.0, 6.0, 0.0, 2.0, 1.0, 0.0, 0.0, 0.9969929433807949, 3.3893632294312095, 0.04975828946645623, 0.0, 4.803111673490068, 2.0693287916194256, 1.950241710533544, 0.0, 0.0, 1.049758289466456, 2.0, 2.4177099298436238, 0.0, 0.0, 0.2759939976361133, 1.394316323592363, 0.0, 0.0, 0.0, 1.504028383042601, 0.0, 0.0, 0.0, 0.0, 0.0, 0.0, 0.0, 0.0, 0.0, 0.0, 0.0, 0.27586416083635346, 0.0, 0.0, 0.0, 0.0, 0.0, 0.0, 0.0, 0.0, 2.0, 0.0, 3.0, 0.0, 0.0, 0.0, 0.0, 0.0, 0.0, 0.0, 0.0, 0.0, 0.0, 0.0, 0.0, 0.0, 0.6056836764076371, 0.0, 0.0, 0.0, 0.0, 0.0, 0.0, 0.0, 0.0, 0.0, 0.0, 0.0, 0.61063677056879, 0.0, 0.0, 0.16026679817338094, 1.7797133498280158, 0.0, 0.0, 0.0, 0.0, 6.0, 0.0, 0.0, 0.0, 0.0, 0.7241358391636465, 0.0, 0.0, 0.0, 0.0, 0.0, 0.0, 0.039894887145295245, 1.003007056619205, 0.0, 0.0, 0.0, 0.0, 0.0, 0.0, 0.0, 0.0, 0.0, 0.0, 0.0, 0.0, 0.0, 0.0, 0.0, 0.0, 0.0, 0.0, 0.0, 0.0, 0.0, 0.0, 0.0, 0.0, 0.0, 0.0, 0.0, 0.0, 0.0, 0.0, 0.0, 0.0, 0.0711434909351638, 0.0, 0.04636587376603734, 3.350879781047832, 0.0, 0.0, 0.0, 0.0, 0.0, 0.7063273972850858, 0.22377904585700817, 1.0, 0.0, 0.0, 0.375, 0.2936726027149143, 0.0, 1.0, 0.0, 0.0, 0.0, 0.0, 0.0, 0.0, 0.9242895404490453, 0.0, 0.10374521290480493, 0.0, 1.0, 0.29855299986790657, 0.26304262504953496, 0.0, 0.07571045955095468, 0.0, 1.0, 0.0, 0.6428066230973972, 0.0, 0.0, 0.0, 0.0, 0.0, 0.0, 0.0, 0.3571933769026028, 0.07698846089404296, 0.0, 0.0, 1.0, 0.0, 0.0, 0.7014470001320934, 0.0, 1.0, 0.0, 0.0, 0.0, 0.0, 0.0, 0.0, 0.8962547870951951, 0.0, 0.0, 0.5381756974466602, 0.0, 0.0, 0.0, 0.0, 0.0, 0.0, 1.0, 0.0, 0.0, 0.361957374950465, 0.23804525669633167, 0.0, 0.9230115391059571]  :with objective: -617.9597785155984

  Local solver returns a feasible point with value -617.9598
disc:  333  :[0.0, 1.8, 2.0]
disc:  334  :[0.0, 0.9660781445906907, 6.0]
disc:  335  :[0.0, 0.1, 1.0]
disc:  336  :[0.0, 0.9, 1.0]
disc:  337  :[0.0, 0.2959716169573993, 0.6959716169573993, 2.0]
disc:  338  :[0.0, 0.8601051128547048, 1.0]
disc:  339  :[0.0, 0.2, 2.0]
disc:  340  :[0.0, 0.2, 2.0]
disc:  341  :[0.0, 1.8, 2.0]
disc:  342  :[0.0, 0.9, 1.0]
disc:  343  :[0.0, 0.2, 2.0]
disc:  344  :[0.0, 1.2817728099761538, 1.6817728099761537, 2.0]
disc:  345  :[0.0, 0.8536341262339627, 1.0]
disc:  346  :[0.0, 0.26459306378988373, 0.8645930637898838, 3.0]
disc:  347  :[0.0, 1.5240060023638868, 1.9240060023638867, 2.0]
disc:  348  :[0.0, 0.6, 6.0]
disc:  349  :[0.0, 0.2, 2.0]
disc:  350  :[0.0, 0.1, 1.0]
disc:  351  :[0.0, 0.3182271900238464, 0.7182271900238464, 2.0]
disc:  352  :[0.0, 0.7471300370434767, 6.0]
disc:  353  :[0.0, 0.1, 1.0]
disc:  354  :[0.0, 1.8, 2.0]
disc:  355  :[0.0, 0.9, 1.0]
disc:  356  :[0.0, 0.020286650171984222, 0.42028665017198424, 2.0]
disc:  357  :[0.0, 0.1, 1.0]
disc:  358  :[0.0, 0.2, 2.0]
disc:  359  :[0.0, 5.4, 6.0]
disc:  360  :[0.0, 1.4000000000000008, 2.600000000000001, 6.0]
disc:  361  :[0.0, 0.2, 2.0]
disc:  362  :[0.0, 0.1, 1.0]
disc:  363  :[0.0, 1.7288565090648362, 2.0]
disc:  364  :[0.0, 0.7397332018266191, 0.939733201826619, 1.0]
disc:  365  :[0.0, 0.5314102891085445, 3.0]
disc:  366  :[0.0, 1.8, 2.0]
disc:  367  :[0.0, 5.4, 6.0]
disc:  368  :[0.0, 0.2, 2.0]
disc:  369  :[0.0, 1.8, 2.0]
disc:  370  :[0.0, 0.9, 1.0]
disc:  371  :[0.0, 0.2, 2.0]
disc:  372  :[0.0, 0.2, 2.0]
disc:  373  :[0.0, 0.796992943380795, 1.1969929433807949, 2.0]
disc:  374  :[0.0, 2.7893632294312094, 3.9893632294312096, 6.0]
disc:  375  :[0.0, 0.24975828946645623, 2.0]
disc:  376  :[0.0, 0.2, 2.0]
disc:  377  :[0.0, 4.203111673490068, 5.403111673490067, 6.0]
disc:  378  :[0.0, 1.4693287916194255, 2.6693287916194257, 6.0]
disc:  379  :[0.0, 1.750241710533544, 2.0]
disc:  380  :[0.0, 0.1, 1.0]
disc:  381  :[0.0, 0.3, 3.0]
disc:  382  :[0.0, 0.7497582894664561, 1.3497582894664562, 3.0]
disc:  383  :[0.0, 1.8, 2.0]
disc:  384  :[0.0, 1.8177099298436237, 3.017709929843624, 6.0]
disc:  385  :[0.0, 0.2, 2.0]
disc:  502  :[0.0, 0.1, 1.0]
disc:  503  :[0.0, 0.1, 1.0]
disc:  504  :[0.0, 0.1, 1.0]
disc:  505  :[0.0, 0.6063273972850858, 0.8063273972850857, 1.0]
disc:  506  :[0.0, 0.12377904585700816, 0.3237790458570082, 1.0]
disc:  507  :[0.0, 0.9, 1.0]
disc:  508  :[0.0, 0.1, 1.0]
disc:  509  :[0.0, 0.1, 1.0]
disc:  510  :[0.0, 0.275, 0.475, 1.0]
disc:  511  :[0.0, 0.1936726027149143, 0.39367260271491433, 1.0]
disc:  512  :[0.0, 0.1, 1.0]
disc:  513  :[0.0, 0.9, 1.0]
disc:  514  :[0.0, 0.1, 1.0]
disc:  515  :[0.0, 0.1, 1.0]
disc:  516  :[0.0, 0.1, 1.0]
disc:  517  :[0.0, 0.1, 1.0]
disc:  518  :[0.0, 0.1, 1.0]
disc:  519  :[0.0, 0.1, 1.0]
disc:  520  :[0.0, 0.8242895404490453, 1.0]
disc:  521  :[0.0, 0.1, 1.0]
disc:  522  :[0.0, 0.003745212904804923, 0.20374521290480493, 1.0]
disc:  523  :[0.0, 0.1, 1.0]
disc:  524  :[0.0, 0.9, 1.0]
disc:  525  :[0.0, 0.19855299986790656, 0.3985529998679066, 1.0]
disc:  526  :[0.0, 0.16304262504953496, 0.363042625049535, 1.0]
disc:  527  :[0.0, 0.1, 1.0]
disc:  528  :[0.0, 0.17571045955095468, 1.0]
disc:  529  :[0.0, 0.1, 1.0]
disc:  530  :[0.0, 0.9, 1.0]
disc:  531  :[0.0, 0.1, 1.0]
disc:  532  :[0.0, 0.5428066230973972, 0.7428066230973972, 1.0]
disc:  533  :[0.0, 0.1, 1.0]
disc:  534  :[0.0, 0.1, 1.0]
disc:  535  :[0.0, 0.1, 1.0]
disc:  536  :[0.0, 0.1, 1.0]
disc:  537  :[0.0, 0.1, 1.0]
disc:  538  :[0.0, 0.1, 1.0]
disc:  539  :[0.0, 0.1, 1.0]
disc:  540  :[0.0, 0.2571933769026028, 0.45719337690260275, 1.0]
disc:  541  :[0.0, 0.17698846089404296, 1.0]
disc:  542  :[0.0, 0.1, 1.0]
disc:  543  :[0.0, 0.1, 1.0]
disc:  544  :[0.0, 0.9, 1.0]
disc:  545  :[0.0, 0.1, 1.0]
disc:  546  :[0.0, 0.1, 1.0]
disc:  547  :[0.0, 0.6014470001320934, 0.8014470001320934, 1.0]
disc:  548  :[0.0, 0.1, 1.0]
disc:  549  :[0.0, 0.9, 1.0]
disc:  550  :[0.0, 0.1, 1.0]
disc:  551  :[0.0, 0.1, 1.0]
disc:  552  :[0.0, 0.1, 1.0]
disc:  553  :[0.0, 0.1, 1.0]
disc:  554  :[0.0, 0.1, 1.0]
disc:  555  :[0.0, 0.1, 1.0]
disc:  556  :[0.0, 0.7962547870951951, 0.9962547870951951, 1.0]
disc:  557  :[0.0, 0.1, 1.0]
disc:  558  :[0.0, 0.1, 1.0]
disc:  559  :[0.0, 0.4381756974466602, 0.6381756974466601, 1.0]
disc:  560  :[0.0, 0.1, 1.0]
disc:  561  :[0.0, 0.1, 1.0]
disc:  562  :[0.0, 0.1, 1.0]
disc:  563  :[0.0, 0.1, 1.0]
disc:  564  :[0.0, 0.1, 1.0]
disc:  565  :[0.0, 0.1, 1.0]
disc:  566  :[0.0, 0.9, 1.0]
disc:  567  :[0.0, 0.1, 1.0]
disc:  568  :[0.0, 0.1, 1.0]
disc:  569  :[0.0, 0.261957374950465, 0.46195737495046496, 1.0]
disc:  570  :[0.0, 0.13804525669633166, 0.3380452566963317, 1.0]
disc:  571  :[0.0, 0.1, 1.0]
disc:  572  :[0.0, 0.8230115391059571, 1.0]
  Completed presolve in 19.46s
LOWER-BOUNDING ITERATIONS
====================================================================================================
| Iter   | Incumbent       | Best Incumbent      | Lower Bound        | Gap (%)         | Time      
| finish | -617.9598       | -617.9598           | -624.1576          | 1.003           | 38.93s           
Final UBD: -617.9597785155984
Final LBD: -624.1575653938737
====================================================================================================

*** Alpine ended with status OTHER_LIMIT ***

 Total time for local solves: 17.25s

 Total time for solving max-min problems: 0.0s

 Total time excluding max-min time: 38.93s

presolve objective value: -617.9597785155984
w_opt: 1-dimensional DenseAxisArray{Float64,1,...} with index sets:
    Dimension 1, [(25, 1, 2), (25, 1, 1), (25, 1, 14), (20, 1, 2), (20, 1, 1), (20, 1, 14), (1, 1, 2), (1, 1, 1), (1, 1, 14), (2, 1, 2)  …  (20, 15, 23), (20, 15, 3), (8, 15, 30), (8, 15, 29), (8, 15, 23), (8, 15, 3), (2, 15, 30), (2, 15, 29), (2, 15, 23), (2, 15, 3)]
And data, a 261-element Vector{Float64}:
 1.2856132461947944
 1.554119955631825
 0.0
 0.7143867538052056
 0.8635899742117987
 0.0
 0.0
 0.0
 0.0
 0.0
 0.0
 0.0
 0.0
 0.0
 0.0
 0.0
 1.9502417105335441
 0.0
 0.0
 1.049758289466456
 0.0
 0.0
 0.0
 0.0
 0.0
 0.0
 0.0
 0.0
 0.0
 1.074835747438265
 0.46307242255303044
 0.0
 0.0
 0.0
 0.0
 2.5849179747947124
 1.1136624656762388
 0.0
 0.0
 0.0
 0.0
 1.1433579512570904
 0.492593903390156
 0.10343324517562869
 0.35163020984905796
 0.005162184334476414
 0.0
 0.0
 0.0
 0.8935596982051663
 3.0377330195821513
 0.04459610513197982
 0.0
 0.0
 0.0
 0.0
 0.0
 0.0
 0.0
 2.0
 1.0
 0.0
 0.0
 0.0
 0.0
 0.0
 0.0
 0.0
 0.0
 0.0
 0.0
 0.7499999999999999
 2.25
 0.0
 0.0
 0.0
 0.0
 0.5260852500990704
 1.5782557502972097
 0.0
 0.0
 0.0
 0.0
 0.0
 0.0
 0.0
 0.0
 0.0
 0.0
 0.0
 0.0
 0.0
 0.72391474990093
 2.17174424970279
 0.0
 0.0
 0.0
 0.0
 0.0
 0.0
 0.0
 1.9288565090648362
 0.839733201826619
 0.23141028910854447
 0.0
 0.0
 0.0
 0.0
 0.0
 0.0
 0.0
 0.0
 0.0
 0.0
 0.0
 0.0
 0.0
 0.0
 5.545737242694272
 1.8485790808980915
 0.0
 0.0
 0.0
 0.454262757305728
 0.1514209191019094
 0.0
 0.0
 0.0
 0.0
 0.0
 0.0
 0.0
 0.0
 0.0
 0.0
 0.0
 0.0
 0.0
 0.0
 0.0
 0.0
 0.0
 0.0
 0.0
 0.0
 0.0
 0.0
 0.0
 0.0
 0.0
 0.0
 0.22028665017198423
 0.0
 0.5971059997358131
 0.29855299986790657
 0.0
 0.0
 1.4028940002641868
 0.7014470001320934
 0.0
 0.0
 0.0
 0.0
 0.0
 0.0
 0.0
 0.0
 0.0
 0.0
 0.0
 0.0
 0.0
 0.0
 1.7240060023638868
 0.0
 0.0
 0.0
 0.5182271900238464
 0.1471300370434767
 0.0
 0.0
 0.0
 0.0
 0.0
 0.0
 0.0
 0.0
 0.0
 0.0
 0.0
 0.0
 0.0
 0.0
 0.0
 1.4817728099761538
 0.9536341262339627
 0.5645930637898837
 0.0
 0.0
 0.0
 0.0
 0.0
 0.0
 0.0
 0.0
 0.0
 1.4126547945701715
 0.7063273972850858
 0.0
 0.5873452054298286
 0.2936726027149143
 0.0
 0.0
 0.0
 0.0
 0.0
 0.0
 0.0
 0.0
 0.0
 0.0
 0.0
 0.0
 0.0
 0.0
 0.49597161695739933
 0.9601051128547048
 0.0
 0.0
 0.0
 0.0
 0.0
 0.0
 0.0
 0.0
 0.0
 0.0
 0.0
 0.0
 0.0
 0.0
 0.0
 0.0
 0.0
 0.0
 0.0
 0.0
 0.0
 0.0
 0.15397692178808592
 0.028183792918984197
 0.0
 0.07698846089404296
 0.0
 0.0
 0.0
 0.0
 1.8460230782119142
 0.33789435167170656
 0.0
 0.9230115391059571
x_ij_opt: 1-dimensional DenseAxisArray{Float64,1,...} with index sets:
    Dimension 1, [(43, 30), (43, 22), (43, 6), (44, 22), (45, 30), (45, 29), (45, 28), (45, 24), (45, 23), (40, 29)  …  (5, 7), (5, 14), (6, 4), (6, 3), (1, 14), (1, 10), (1, 23), (1, 1), (3, 2), (3, 1)]
And data, a 116-element Vector{Float64}:
 0.0
 0.2759939976361133
 1.394316323592363
 0.0
 0.0
 0.0
 1.504028383042601
 0.0
 0.0
 0.0
 0.0
 0.0
 0.0
 0.0
 0.0
 0.0
 0.0
 0.0
 0.27586416083635346
 0.0
 0.0
 0.0
 0.0
 0.0
 0.0
 0.0
 0.0
 2.0
 0.0
 3.0
 0.0
 0.0
 0.0
 0.0
 0.0
 0.0
 0.0
 0.0
 0.0
 0.0
 0.0
 0.0
 0.0
 0.6056836764076371
 0.0
 0.0
 0.0
 0.0
 0.0
 0.0
 0.0
 0.0
 0.0
 0.0
 0.0
 0.61063677056879
 0.0
 0.0
 0.16026679817338094
 1.7797133498280158
 0.0
 0.0
 0.0
 0.0
 6.0
 0.0
 0.0
 0.0
 0.0
 0.7241358391636465
 0.0
 0.0
 0.0
 0.0
 0.0
 0.0
 0.039894887145295245
 1.003007056619205
 0.0
 0.0
 0.0
 0.0
 0.0
 0.0
 0.0
 0.0
 0.0
 0.0
 0.0
 0.0
 0.0
 0.0
 0.0
 0.0
 0.0
 0.0
 0.0
 0.0
 0.0
 0.0
 0.0
 0.0
 0.0
 0.0
 0.0
 0.0
 0.0
 0.0
 0.0
 0.0
 0.0711434909351638
 0.0
 0.04636587376603734
 3.350879781047832
 0.0
 0.0
x_il_opt: 1-dimensional DenseAxisArray{Float64,1,...} with index sets:
    Dimension 1, [(43, 15), (43, 14), (44, 15), (44, 13), (44, 3), (40, 14), (40, 2), (41, 14), (42, 6), (37, 13)  …  (4, 13), (5, 2), (5, 7), (5, 9), (6, 11), (1, 1), (1, 6), (1, 3), (2, 1), (2, 15)]
And data, a 71-element Vector{Float64}:
 0.0
 0.0
 0.0
 2.1189821918552574
 1.5379081699912955
 1.456076729812104
 0.0
 0.0
 3.0
 0.8810178081447428
 0.0
 3.0
 0.0
 0.0
 0.0
 0.0
 0.0
 0.0
 7.3943163235923635
 0.0
 0.46022563935916305
 0.0
 3.0
 0.8956589996037196
 2.10434100039628
 0.0
 0.6056836764076374
 0.0
 2.3893632294312104
 0.0
 2.8397332018266193
 0.0
 0.0
 0.0
 0.0
 0.0
 0.0
 0.0
 1.5779767280170043
 0.259149175601113
 0.0
 0.0
 3.0
 0.0
 0.0
 2.10434100039628
 0.0
 3.0
 0.0
 0.0
 0.0
 0.0
 0.0
 0.0
 3.975888822919298
 0.0
 0.0
 3.698580440470951
 0.0
 0.0
 0.0
 0.0
 0.0
 0.0
 0.22028665017198423
 0.0
 0.0
 2.89565899960372
 1.6359518546472465
 0.0
 3.106928968989578
x_lj_opt: 1-dimensional DenseAxisArray{Float64,1,...} with index sets:
    Dimension 1, [(15, 30), (15, 29), (15, 23), (15, 3), (14, 28), (14, 27), (14, 10), (14, 24), (13, 26), (13, 25)  …  (3, 6), (3, 5), (3, 29), (2, 4), (2, 3), (2, 1), (2, 5), (1, 2), (1, 1), (1, 14)]
And data, a 53-element Vector{Float64}:
 2.0
 0.3660781445906907
 0.0
 1.0
 0.49597161695739933
 0.9601051128547048
 0.0
 0.0
 2.0
 1.0
 0.0
 1.4817728099761538
 0.9536341262339627
 0.5645930637898837
 1.7240060023638868
 0.0
 0.0
 0.0
 0.5182271900238464
 0.1471300370434767
 0.0
 2.0
 1.0
 0.22028665017198423
 0.0
 0.0
 6.0
 2.000000000000001
 0.0
 0.0
 1.9288565090648362
 0.839733201826619
 0.23141028910854447
 2.0
 6.0
 0.0
 2.0
 1.0
 0.0
 0.0
 0.9969929433807949
 3.3893632294312095
 0.04975828946645623
 0.0
 4.803111673490068
 2.0693287916194256
 1.950241710533544
 0.0
 0.0
 1.049758289466456
 2.0
 2.4177099298436238
 0.0
q_opt: 1-dimensional DenseAxisArray{Float64,1,...} with index sets:
    Dimension 1, [(43, 15), (43, 14), (44, 15), (44, 13), (44, 3), (40, 14), (40, 2), (41, 14), (42, 6), (37, 13)  …  (4, 13), (5, 2), (5, 7), (5, 9), (6, 11), (1, 1), (1, 6), (1, 3), (2, 1), (2, 15)]
And data, a 71-element Vector{Float64}:
 0.0
 0.0
 0.0
 0.7063273972850858
 0.22377904585700817
 1.0
 0.0
 0.0
 0.375
 0.2936726027149143
 0.0
 1.0
 0.0
 0.0
 0.0
 0.0
 0.0
 0.0
 0.9242895404490453
 0.0
 0.10374521290480493
 0.0
 1.0
 0.29855299986790657
 0.26304262504953496
 0.0
 0.07571045955095468
 0.0
 1.0
 0.0
 0.6428066230973972
 0.0
 0.0
 0.0
 0.0
 0.0
 0.0
 0.0
 0.3571933769026028
 0.07698846089404296
 0.0
 0.0
 1.0
 0.0
 0.0
 0.7014470001320934
 0.0
 1.0
 0.0
 0.0
 0.0
 0.0
 0.0
 0.0
 0.8962547870951951
 0.0
 0.0
 0.5381756974466602
 0.0
 0.0
 0.0
 0.0
 0.0
 0.0
 1.0
 0.0
 0.0
 0.361957374950465
 0.23804525669633167
 0.0
 0.9230115391059571
