
PROBLEM STATISTICS
  Objective sense = Min
  # Variables = 572
  # Bin-Int Variables = 0
  # Constraints = 621
  # NL Constraints = 261
  # Linear Constraints = 360
  # Detected convex constraints = 0
  # Detected nonlinear terms = 261
  # Variables involved in nonlinear terms = 124
  # Potential variables for partitioning = 124
SUB-SOLVERS USED BY ALPINE
  NLP local solver = Knitro
  MIP solver = Gurobi
ALPINE CONFIGURATION
  Maximum iterations (lower-bounding MIPs) =  1
  Relative global optimality gap = 0.01%
  Potential variables chosen for partitioning = All
  Discretization ratio = 10
  Bound-tightening presolve = false
PRESOLVE 
  Doing local search

Feasible solution found during presolve: [1.129992832799091, 0.0, 0.0, 0.870007167200909, 0.0, 0.0, 0.0, 0.0, 0.0, 0.0, 0.0, 0.0, 0.0, 0.0, 0.0, 0.0, 1.9867839257133804, 0.0, 0.0, 1.0132160742866196, 0.0, 0.0, 0.0, 0.0, 0.0, 0.0, 0.0, 0.0, 0.0, 0.8837460483785758, 0.5339950232916225, 0.0, 0.0, 0.0, 0.0, 4.103037877334804, 2.479221050994997, 0.0, 0.0, 0.0, 0.0, 0.0, 0.0, 0.0, 0.0, 0.0, 0.0, 0.0, 0.0, 1.5451388110633892, 2.560492830940107, 0.0, 0.0, 0.0, 0.0, 0.0, 0.0, 0.0, 0.0, 1.9026766118360399, 1.0, 0.0, 0.0, 0.0, 0.0, 0.0, 0.0, 0.0, 0.0, 0.0, 0.0, 0.0, 0.0, 0.0, 0.6656863601284092, 1.9970590803852275, 0.0, 0.5251466258122551, 1.5754398774367653, 0.0, 0.0, 0.0, 0.0, 0.0, 0.0, 0.0, 0.0, 0.0, 0.0, 0.0, 0.0, 0.0, 0.8091670140593357, 2.4275010421780068, 0.0, 0.0, 0.0, 0.0, 0.0, 0.0, 0.0, 1.1359095217823616, 0.4090570808147155, 1.0835230724105258, 0.1605492764958659, 0.057816064669714444, 0.15314498382681688, 0.0, 0.0, 0.0, 0.0, 0.0, 0.0, 0.0, 0.0, 0.0, 0.0, 0.0, 4.15258976889439, 2.435878135184056, 0.0, 0.0, 0.0, 0.8896626386176151, 0.5218694573039386, 0.0, 0.0, 0.0, 0.0, 0.0, 0.0, 0.0, 0.0, 0.0, 0.0, 0.0, 0.0, 0.0, 0.0, 0.0, 0.0, 0.0, 0.0, 0.0, 0.0, 0.0, 0.0, 0.37913272019734373, 0.0, 0.0, 0.0, 0.2961054339072677, 0.0, 0.5996089978339862, 0.2998044989169931, 0.0, 0.0, 1.4003910021660138, 0.7001955010830068, 0.0, 0.0, 0.0, 0.0, 0.0, 0.0, 0.0, 0.0, 0.0, 0.0, 0.0, 0.0, 0.0, 0.0, 2.0, 0.0, 0.0, 0.0, 0.5182404234281017, 0.0, 0.0, 0.0, 0.0, 0.0, 0.0, 0.0, 0.0, 0.0, 0.0, 0.0, 0.0, 0.0, 0.0, 0.0, 0.0, 1.4817595765718985, 1.0, 0.5182404234281015, 0.0, 0.0, 0.0, 0.0, 0.0, 0.0, 0.0, 0.0, 0.0, 1.4710616693122602, 0.7355308346561301, 0.0, 0.5289383306877399, 0.26446916534386994, 0.0, 0.0, 0.0, 0.0, 0.0, 0.0, 0.0, 0.0, 0.0, 0.0, 0.0, 0.0, 0.0, 0.0, 0.7174200065601084, 0.968897897623539, 0.0, 0.0, 0.0, 0.0, 0.0, 0.0, 0.0, 0.0, 0.0, 0.0, 0.0, 0.0, 0.0, 0.0, 0.0, 0.0, 0.0, 0.0, 0.0, 0.0, 0.0, 0.0, 0.0, 0.0, 0.0, 0.0, 0.0, 0.0, 0.0, 0.0, 2.0, 2.468543502285279, 0.0, 1.0, 0.0, 0.0, 0.0, 2.2065925039683902, 1.4177410716701981, 1.6863179041836474, 0.0, 0.0, 0.0, 0.7934074960316096, 0.0, 3.0, 0.0, 0.0, 2.662745440513637, 0.0, 0.0, 0.0, 6.5884679040784455, 0.0, 0.0, 0.0, 3.0, 0.8994134967509794, 2.1005865032490205, 0.0, 1.4115320959215536, 0.0, 2.518240423428102, 0.37913272019734373, 1.129992832799091, 0.0, 0.0, 0.0, 0.0, 0.0, 0.0, 0.0, 0.870007167200909, 0.0, 0.0, 0.0, 2.90267661183604, 0.0, 0.0, 2.1005865032490205, 0.0, 2.6284896750076028, 0.0, 0.0, 0.0, 0.0, 0.0, 0.0, 4.105631642003496, 0.0, 0.0, 6.582258928329802, 0.0, 0.0, 0.0, 0.0, 0.0, 0.3715103249923972, 0.2961054339072677, 0.0, 0.0, 3.236668056237342, 0.0, 0.0, 5.4685435022852795, 2.0, 2.468543502285279, 0.0, 1.0, 0.7174200065601084, 0.968897897623539, 0.0, 0.0, 2.0, 1.0, 0.0, 1.4817595765718985, 1.0, 0.5182404234281015, 2.0, 0.0, 0.0, 0.0, 0.5182404234281017, 0.0, 0.0, 2.0, 1.0, 0.6752381541046114, 0.0, 0.0, 5.042252407512006, 2.957747592487995, 0.0, 0.0, 1.2964587982782274, 0.46687314548442993, 1.2366680562373427, 2.0, 6.0, 0.0, 1.9026766118360399, 1.0, 0.0, 0.0, 1.5451388110633892, 2.560492830940107, 0.0, 0.0, 4.986783925713381, 3.0132160742866194, 1.9867839257133804, 0.0, 0.0, 1.0132160742866196, 2.0, 0.0, 0.0, 0.0, 0.0, 1.2892872683477168, 0.0, 0.0, 0.0, 1.2825799934398918, 0.0, 0.0, 0.0, 0.0, 0.0, 0.0, 0.0, 0.0, 0.0, 0.0, 0.0, 0.22890906441487227, 0.0, 0.0, 0.0, 0.0, 0.0, 0.0, 0.0, 0.0, 2.0, 0.0, 0.0, 0.0, 0.0, 0.0, 0.0, 0.0, 0.0, 0.0, 0.0, 0.0, 0.0, 0.0, 0.0, 0.0, 0.7107127316522834, 0.0, 0.0, 0.0, 0.0, 0.0, 0.0, 0.0, 0.0, 0.0, 0.0, 0.0, 0.48175957657189805, 0.0, 0.9577475924879941, 0.5331268545155711, 1.3247618458953885, 0.0, 0.0, 0.0, 0.0, 6.0, 0.0, 0.0, 0.0, 0.0, 0.7710909355851278, 0.0, 0.0, 0.0, 0.0, 0.0, 0.0, 0.031102102376461063, 0.4548611889366108, 0.0, 0.0, 0.0, 0.0, 0.0, 0.0, 0.0, 0.0, 0.0, 0.09732338816396027, 0.0, 0.0, 0.0, 0.0, 0.0, 0.0, 0.0, 0.0, 0.0, 0.0, 0.0, 0.0, 0.0, 0.0, 0.0, 0.0, 0.0, 0.7035412017217726, 0.0, 0.0, 0.013216074286619608, 0.0, 0.0, 0.0, 0.0, 4.763331943762657, 0.0, 0.0, 0.0, 0.0, 0.0, 0.7355308346561301, 0.1772176339587748, 1.0, 0.0, 0.0, 0.0, 0.26446916534386994, 0.0, 1.0, 0.0, 0.0, 0.3328431800642046, 0.0, 0.0, 0.0, 0.8235584880098057, 0.0, 0.0, 0.0, 1.0, 0.2998044989169931, 0.26257331290612757, 0.0, 0.1764415119901942, 0.0, 1.0, 0.561480002118788, 0.5649964163995455, 0.0, 0.0, 0.0, 0.0, 0.0, 0.0, 0.0, 0.4350035836004545, 0.0, 0.0, 0.0, 1.0, 0.0, 0.0, 0.7001955010830069, 0.0, 0.8761632250025342, 0.0, 0.0, 0.0, 0.0, 0.0, 0.0, 1.0, 0.0, 0.0, 0.8227823660412252, 0.0, 0.0, 0.0, 0.0, 0.0, 0.12383677499746575, 0.438519997881212, 0.0, 0.0, 0.40458350702966783, 0.0, 0.0, 1.0]  :with objective: -628.5343646722216

  Local solver returns a feasible point with value -628.5344
disc:  333  :[0.0, 1.8, 2.0]
disc:  334  :[0.0, 1.868543502285279, 3.068543502285279, 6.0]
disc:  335  :[0.0, 0.1, 1.0]
disc:  336  :[0.0, 0.9, 1.0]
disc:  337  :[0.0, 0.5174200065601084, 0.9174200065601084, 2.0]
disc:  338  :[0.0, 0.868897897623539, 1.0]
disc:  339  :[0.0, 0.2, 2.0]
disc:  340  :[0.0, 0.2, 2.0]
disc:  341  :[0.0, 1.8, 2.0]
disc:  342  :[0.0, 0.9, 1.0]
disc:  343  :[0.0, 0.2, 2.0]
disc:  344  :[0.0, 1.2817595765718985, 1.6817595765718985, 2.0]
disc:  345  :[0.0, 0.9, 1.0]
disc:  346  :[0.0, 0.21824042342810152, 0.8182404234281015, 3.0]
disc:  347  :[0.0, 1.8, 2.0]
disc:  348  :[0.0, 0.6, 6.0]
disc:  349  :[0.0, 0.2, 2.0]
disc:  350  :[0.0, 0.1, 1.0]
disc:  351  :[0.0, 0.3182404234281017, 0.7182404234281017, 2.0]
disc:  352  :[0.0, 0.6, 6.0]
disc:  353  :[0.0, 0.1, 1.0]
disc:  354  :[0.0, 1.8, 2.0]
disc:  355  :[0.0, 0.9, 1.0]
disc:  356  :[0.0, 0.4752381541046114, 0.8752381541046115, 2.0]
disc:  357  :[0.0, 0.1, 1.0]
disc:  358  :[0.0, 0.2, 2.0]
disc:  359  :[0.0, 4.442252407512006, 5.6422524075120055, 6.0]
disc:  360  :[0.0, 2.357747592487995, 3.557747592487995, 6.0]
disc:  361  :[0.0, 0.2, 2.0]
disc:  362  :[0.0, 0.1, 1.0]
disc:  363  :[0.0, 1.0964587982782275, 1.4964587982782274, 2.0]
disc:  364  :[0.0, 0.36687314548442995, 0.5668731454844299, 1.0]
disc:  365  :[0.0, 0.9366680562373426, 1.5366680562373427, 3.0]
disc:  366  :[0.0, 1.8, 2.0]
disc:  367  :[0.0, 5.4, 6.0]
disc:  368  :[0.0, 0.2, 2.0]
disc:  369  :[0.0, 1.70267661183604, 2.0]
disc:  370  :[0.0, 0.9, 1.0]
disc:  371  :[0.0, 0.2, 2.0]
disc:  372  :[0.0, 0.2, 2.0]
disc:  373  :[0.0, 1.3451388110633893, 1.7451388110633892, 2.0]
disc:  374  :[0.0, 1.9604928309401068, 3.160492830940107, 6.0]
disc:  375  :[0.0, 0.2, 2.0]
disc:  376  :[0.0, 0.2, 2.0]
disc:  377  :[0.0, 4.386783925713381, 5.58678392571338, 6.0]
disc:  378  :[0.0, 2.4132160742866193, 3.6132160742866195, 6.0]
disc:  379  :[0.0, 1.7867839257133804, 2.0]
disc:  380  :[0.0, 0.1, 1.0]
disc:  381  :[0.0, 0.3, 3.0]
disc:  382  :[0.0, 0.7132160742866196, 1.3132160742866197, 3.0]
disc:  383  :[0.0, 1.8, 2.0]
disc:  384  :[0.0, 0.6, 6.0]
disc:  385  :[0.0, 0.2, 2.0]
disc:  502  :[0.0, 0.1, 1.0]
disc:  503  :[0.0, 0.1, 1.0]
disc:  504  :[0.0, 0.1, 1.0]
disc:  505  :[0.0, 0.6355308346561301, 0.8355308346561301, 1.0]
disc:  506  :[0.0, 0.07721763395877479, 0.2772176339587748, 1.0]
disc:  507  :[0.0, 0.9, 1.0]
disc:  508  :[0.0, 0.1, 1.0]
disc:  509  :[0.0, 0.1, 1.0]
disc:  510  :[0.0, 0.1, 1.0]
disc:  511  :[0.0, 0.16446916534386993, 0.36446916534386997, 1.0]
disc:  512  :[0.0, 0.1, 1.0]
disc:  513  :[0.0, 0.9, 1.0]
disc:  514  :[0.0, 0.1, 1.0]
disc:  515  :[0.0, 0.1, 1.0]
disc:  516  :[0.0, 0.2328431800642046, 0.43284318006420464, 1.0]
disc:  517  :[0.0, 0.1, 1.0]
disc:  518  :[0.0, 0.1, 1.0]
disc:  519  :[0.0, 0.1, 1.0]
disc:  520  :[0.0, 0.7235584880098057, 0.9235584880098057, 1.0]
disc:  521  :[0.0, 0.1, 1.0]
disc:  522  :[0.0, 0.1, 1.0]
disc:  523  :[0.0, 0.1, 1.0]
disc:  524  :[0.0, 0.9, 1.0]
disc:  525  :[0.0, 0.19980449891699312, 0.3998044989169931, 1.0]
disc:  526  :[0.0, 0.16257331290612756, 0.3625733129061276, 1.0]
disc:  527  :[0.0, 0.1, 1.0]
disc:  528  :[0.0, 0.0764415119901942, 0.2764415119901942, 1.0]
disc:  529  :[0.0, 0.1, 1.0]
disc:  530  :[0.0, 0.9, 1.0]
disc:  531  :[0.0, 0.46148000211878804, 0.661480002118788, 1.0]
disc:  532  :[0.0, 0.4649964163995455, 0.6649964163995454, 1.0]
disc:  533  :[0.0, 0.1, 1.0]
disc:  534  :[0.0, 0.1, 1.0]
disc:  535  :[0.0, 0.1, 1.0]
disc:  536  :[0.0, 0.1, 1.0]
disc:  537  :[0.0, 0.1, 1.0]
disc:  538  :[0.0, 0.1, 1.0]
disc:  539  :[0.0, 0.1, 1.0]
disc:  540  :[0.0, 0.33500358360045446, 0.5350035836004545, 1.0]
disc:  541  :[0.0, 0.1, 1.0]
disc:  542  :[0.0, 0.1, 1.0]
disc:  543  :[0.0, 0.1, 1.0]
disc:  544  :[0.0, 0.9, 1.0]
disc:  545  :[0.0, 0.1, 1.0]
disc:  546  :[0.0, 0.1, 1.0]
disc:  547  :[0.0, 0.6001955010830069, 0.8001955010830069, 1.0]
disc:  548  :[0.0, 0.1, 1.0]
disc:  549  :[0.0, 0.7761632250025342, 0.9761632250025342, 1.0]
disc:  550  :[0.0, 0.1, 1.0]
disc:  551  :[0.0, 0.1, 1.0]
disc:  552  :[0.0, 0.1, 1.0]
disc:  553  :[0.0, 0.1, 1.0]
disc:  554  :[0.0, 0.1, 1.0]
disc:  555  :[0.0, 0.1, 1.0]
disc:  556  :[0.0, 0.9, 1.0]
disc:  557  :[0.0, 0.1, 1.0]
disc:  558  :[0.0, 0.1, 1.0]
disc:  559  :[0.0, 0.7227823660412253, 0.9227823660412252, 1.0]
disc:  560  :[0.0, 0.1, 1.0]
disc:  561  :[0.0, 0.1, 1.0]
disc:  562  :[0.0, 0.1, 1.0]
disc:  563  :[0.0, 0.1, 1.0]
disc:  564  :[0.0, 0.1, 1.0]
disc:  565  :[0.0, 0.02383677499746574, 0.22383677499746574, 1.0]
disc:  566  :[0.0, 0.338519997881212, 0.538519997881212, 1.0]
disc:  567  :[0.0, 0.1, 1.0]
disc:  568  :[0.0, 0.1, 1.0]
disc:  569  :[0.0, 0.30458350702966785, 0.5045835070296678, 1.0]
disc:  570  :[0.0, 0.1, 1.0]
disc:  571  :[0.0, 0.1, 1.0]
disc:  572  :[0.0, 0.9, 1.0]
  Completed presolve in 7.68s
LOWER-BOUNDING ITERATIONS
====================================================================================================
| Iter   | Incumbent       | Best Incumbent      | Lower Bound        | Gap (%)         | Time      
| finish | -628.5344       | -628.5344           | -631.8156          | 0.522           | 27.64s           
Final UBD: -628.5343646722216
Final LBD: -631.8155507239545
====================================================================================================

*** Alpine ended with status OTHER_LIMIT ***

 Total time for local solves: 5.31s

 Total time for solving max-min problems: 0.0s

 Total time excluding max-min time: 27.64s

presolve objective value: -628.5343646722216
w_opt: 1-dimensional DenseAxisArray{Float64,1,...} with index sets:
    Dimension 1, [(25, 1, 2), (25, 1, 1), (25, 1, 14), (20, 1, 2), (20, 1, 1), (20, 1, 14), (1, 1, 2), (1, 1, 1), (1, 1, 14), (2, 1, 2)  …  (20, 15, 23), (20, 15, 3), (8, 15, 30), (8, 15, 29), (8, 15, 23), (8, 15, 3), (2, 15, 30), (2, 15, 29), (2, 15, 23), (2, 15, 3)]
And data, a 261-element Vector{Float64}:
 1.129992832799091
 0.0
 0.0
 0.870007167200909
 0.0
 0.0
 0.0
 0.0
 0.0
 0.0
 0.0
 0.0
 0.0
 0.0
 0.0
 0.0
 1.9867839257133804
 0.0
 0.0
 1.0132160742866196
 0.0
 0.0
 0.0
 0.0
 0.0
 0.0
 0.0
 0.0
 0.0
 0.8837460483785758
 0.5339950232916225
 0.0
 0.0
 0.0
 0.0
 4.103037877334804
 2.479221050994997
 0.0
 0.0
 0.0
 0.0
 0.0
 0.0
 0.0
 0.0
 0.0
 0.0
 0.0
 0.0
 1.5451388110633892
 2.560492830940107
 0.0
 0.0
 0.0
 0.0
 0.0
 0.0
 0.0
 0.0
 1.9026766118360399
 1.0
 0.0
 0.0
 0.0
 0.0
 0.0
 0.0
 0.0
 0.0
 0.0
 0.0
 0.0
 0.0
 0.0
 0.6656863601284092
 1.9970590803852275
 0.0
 0.5251466258122551
 1.5754398774367653
 0.0
 0.0
 0.0
 0.0
 0.0
 0.0
 0.0
 0.0
 0.0
 0.0
 0.0
 0.0
 0.0
 0.8091670140593357
 2.4275010421780068
 0.0
 0.0
 0.0
 0.0
 0.0
 0.0
 0.0
 1.1359095217823616
 0.4090570808147155
 1.0835230724105258
 0.1605492764958659
 0.057816064669714444
 0.15314498382681688
 0.0
 0.0
 0.0
 0.0
 0.0
 0.0
 0.0
 0.0
 0.0
 0.0
 0.0
 4.15258976889439
 2.435878135184056
 0.0
 0.0
 0.0
 0.8896626386176151
 0.5218694573039386
 0.0
 0.0
 0.0
 0.0
 0.0
 0.0
 0.0
 0.0
 0.0
 0.0
 0.0
 0.0
 0.0
 0.0
 0.0
 0.0
 0.0
 0.0
 0.0
 0.0
 0.0
 0.0
 0.37913272019734373
 0.0
 0.0
 0.0
 0.2961054339072677
 0.0
 0.5996089978339862
 0.2998044989169931
 0.0
 0.0
 1.4003910021660138
 0.7001955010830068
 0.0
 0.0
 0.0
 0.0
 0.0
 0.0
 0.0
 0.0
 0.0
 0.0
 0.0
 0.0
 0.0
 0.0
 2.0
 0.0
 0.0
 0.0
 0.5182404234281017
 0.0
 0.0
 0.0
 0.0
 0.0
 0.0
 0.0
 0.0
 0.0
 0.0
 0.0
 0.0
 0.0
 0.0
 0.0
 0.0
 1.4817595765718985
 1.0
 0.5182404234281015
 0.0
 0.0
 0.0
 0.0
 0.0
 0.0
 0.0
 0.0
 0.0
 1.4710616693122602
 0.7355308346561301
 0.0
 0.5289383306877399
 0.26446916534386994
 0.0
 0.0
 0.0
 0.0
 0.0
 0.0
 0.0
 0.0
 0.0
 0.0
 0.0
 0.0
 0.0
 0.0
 0.7174200065601084
 0.968897897623539
 0.0
 0.0
 0.0
 0.0
 0.0
 0.0
 0.0
 0.0
 0.0
 0.0
 0.0
 0.0
 0.0
 0.0
 0.0
 0.0
 0.0
 0.0
 0.0
 0.0
 0.0
 0.0
 0.0
 0.0
 0.0
 0.0
 0.0
 0.0
 0.0
 0.0
 2.0
 2.468543502285279
 0.0
 1.0
x_ij_opt: 1-dimensional DenseAxisArray{Float64,1,...} with index sets:
    Dimension 1, [(43, 30), (43, 22), (43, 6), (44, 22), (45, 30), (45, 29), (45, 28), (45, 24), (45, 23), (40, 29)  …  (5, 7), (5, 14), (6, 4), (6, 3), (1, 14), (1, 10), (1, 23), (1, 1), (3, 2), (3, 1)]
And data, a 116-element Vector{Float64}:
 0.0
 0.0
 1.2892872683477168
 0.0
 0.0
 0.0
 1.2825799934398918
 0.0
 0.0
 0.0
 0.0
 0.0
 0.0
 0.0
 0.0
 0.0
 0.0
 0.0
 0.22890906441487227
 0.0
 0.0
 0.0
 0.0
 0.0
 0.0
 0.0
 0.0
 2.0
 0.0
 0.0
 0.0
 0.0
 0.0
 0.0
 0.0
 0.0
 0.0
 0.0
 0.0
 0.0
 0.0
 0.0
 0.0
 0.7107127316522834
 0.0
 0.0
 0.0
 0.0
 0.0
 0.0
 0.0
 0.0
 0.0
 0.0
 0.0
 0.48175957657189805
 0.0
 0.9577475924879941
 0.5331268545155711
 1.3247618458953885
 0.0
 0.0
 0.0
 0.0
 6.0
 0.0
 0.0
 0.0
 0.0
 0.7710909355851278
 0.0
 0.0
 0.0
 0.0
 0.0
 0.0
 0.031102102376461063
 0.4548611889366108
 0.0
 0.0
 0.0
 0.0
 0.0
 0.0
 0.0
 0.0
 0.0
 0.09732338816396027
 0.0
 0.0
 0.0
 0.0
 0.0
 0.0
 0.0
 0.0
 0.0
 0.0
 0.0
 0.0
 0.0
 0.0
 0.0
 0.0
 0.0
 0.7035412017217726
 0.0
 0.0
 0.013216074286619608
 0.0
 0.0
 0.0
 0.0
 4.763331943762657
 0.0
 0.0
x_il_opt: 1-dimensional DenseAxisArray{Float64,1,...} with index sets:
    Dimension 1, [(43, 15), (43, 14), (44, 15), (44, 13), (44, 3), (40, 14), (40, 2), (41, 14), (42, 6), (37, 13)  …  (4, 13), (5, 2), (5, 7), (5, 9), (6, 11), (1, 1), (1, 6), (1, 3), (2, 1), (2, 15)]
And data, a 71-element Vector{Float64}:
 0.0
 0.0
 0.0
 2.2065925039683902
 1.4177410716701981
 1.6863179041836474
 0.0
 0.0
 0.0
 0.7934074960316096
 0.0
 3.0
 0.0
 0.0
 2.662745440513637
 0.0
 0.0
 0.0
 6.5884679040784455
 0.0
 0.0
 0.0
 3.0
 0.8994134967509794
 2.1005865032490205
 0.0
 1.4115320959215536
 0.0
 2.518240423428102
 0.37913272019734373
 1.129992832799091
 0.0
 0.0
 0.0
 0.0
 0.0
 0.0
 0.0
 0.870007167200909
 0.0
 0.0
 0.0
 2.90267661183604
 0.0
 0.0
 2.1005865032490205
 0.0
 2.6284896750076028
 0.0
 0.0
 0.0
 0.0
 0.0
 0.0
 4.105631642003496
 0.0
 0.0
 6.582258928329802
 0.0
 0.0
 0.0
 0.0
 0.0
 0.3715103249923972
 0.2961054339072677
 0.0
 0.0
 3.236668056237342
 0.0
 0.0
 5.4685435022852795
x_lj_opt: 1-dimensional DenseAxisArray{Float64,1,...} with index sets:
    Dimension 1, [(15, 30), (15, 29), (15, 23), (15, 3), (14, 28), (14, 27), (14, 10), (14, 24), (13, 26), (13, 25)  …  (3, 6), (3, 5), (3, 29), (2, 4), (2, 3), (2, 1), (2, 5), (1, 2), (1, 1), (1, 14)]
And data, a 53-element Vector{Float64}:
 2.0
 2.468543502285279
 0.0
 1.0
 0.7174200065601084
 0.968897897623539
 0.0
 0.0
 2.0
 1.0
 0.0
 1.4817595765718985
 1.0
 0.5182404234281015
 2.0
 0.0
 0.0
 0.0
 0.5182404234281017
 0.0
 0.0
 2.0
 1.0
 0.6752381541046114
 0.0
 0.0
 5.042252407512006
 2.957747592487995
 0.0
 0.0
 1.2964587982782274
 0.46687314548442993
 1.2366680562373427
 2.0
 6.0
 0.0
 1.9026766118360399
 1.0
 0.0
 0.0
 1.5451388110633892
 2.560492830940107
 0.0
 0.0
 4.986783925713381
 3.0132160742866194
 1.9867839257133804
 0.0
 0.0
 1.0132160742866196
 2.0
 0.0
 0.0
q_opt: 1-dimensional DenseAxisArray{Float64,1,...} with index sets:
    Dimension 1, [(43, 15), (43, 14), (44, 15), (44, 13), (44, 3), (40, 14), (40, 2), (41, 14), (42, 6), (37, 13)  …  (4, 13), (5, 2), (5, 7), (5, 9), (6, 11), (1, 1), (1, 6), (1, 3), (2, 1), (2, 15)]
And data, a 71-element Vector{Float64}:
 0.0
 0.0
 0.0
 0.7355308346561301
 0.1772176339587748
 1.0
 0.0
 0.0
 0.0
 0.26446916534386994
 0.0
 1.0
 0.0
 0.0
 0.3328431800642046
 0.0
 0.0
 0.0
 0.8235584880098057
 0.0
 0.0
 0.0
 1.0
 0.2998044989169931
 0.26257331290612757
 0.0
 0.1764415119901942
 0.0
 1.0
 0.561480002118788
 0.5649964163995455
 0.0
 0.0
 0.0
 0.0
 0.0
 0.0
 0.0
 0.4350035836004545
 0.0
 0.0
 0.0
 1.0
 0.0
 0.0
 0.7001955010830069
 0.0
 0.8761632250025342
 0.0
 0.0
 0.0
 0.0
 0.0
 0.0
 1.0
 0.0
 0.0
 0.8227823660412252
 0.0
 0.0
 0.0
 0.0
 0.0
 0.12383677499746575
 0.438519997881212
 0.0
 0.0
 0.40458350702966783
 0.0
 0.0
 1.0
