
PROBLEM STATISTICS
  Objective sense = Min
  # Variables = 572
  # Bin-Int Variables = 0
  # Constraints = 621
  # NL Constraints = 261
  # Linear Constraints = 360
  # Detected convex constraints = 0
  # Detected nonlinear terms = 261
  # Variables involved in nonlinear terms = 124
  # Potential variables for partitioning = 124
SUB-SOLVERS USED BY ALPINE
  NLP local solver = Knitro
  MIP solver = Gurobi
ALPINE CONFIGURATION
  Maximum iterations (lower-bounding MIPs) =  1
  Relative global optimality gap = 0.01%
  Potential variables chosen for partitioning = All
  Discretization ratio = 10
  Bound-tightening presolve = false
PRESOLVE 
  Doing local search

Feasible solution found during presolve: [1.1301837517809636, 1.8698162482190361, 0.0, 0.8698162482190364, 1.4390549778493735, 0.0, 0.0, 0.0, 0.0, 0.0, 0.0, 0.0, 0.0, 0.0, 0.0, 0.0, 2.0, 0.0, 0.0, 0.9999999999999998, 0.0, 0.0, 0.0, 0.0, 0.0, 0.0, 0.0, 0.0, 0.9466229256025623, 3.163039911965865, 0.9512010215769574, 0.0, 0.0, 0.0, 0.0, 0.0, 0.0, 0.0, 0.0, 0.0, 0.5497586439461847, 1.836960088034135, 0.5524174088742968, 0.34253797038929257, 0.8653285187511147, 0.0, 0.0, 0.0, 0.0, 0.7420777903703593, 1.8746566239342564, 0.0, 0.0, 0.0, 0.0, 0.0, 0.0, 0.0, 0.0, 2.0, 1.0, 0.0, 0.0, 0.0, 0.0, 0.0, 0.0, 0.0, 0.0, 0.0, 0.0, 0.14369357084476814, 0.4310807125343043, 0.0, 0.7499999999999999, 2.2499999999999996, 0.0, 0.5730662423541487, 1.7191987270624463, 0.0, 0.0, 0.0, 0.0, 0.0, 0.0, 0.0, 0.0, 0.0, 0.0, 0.0, 0.0, 0.0, 0.5332401868010832, 1.5997205604032498, 0.0, 0.0, 0.0, 0.0, 0.0, 0.0, 0.0, 2.0, 0.9703650245990347, 0.02963497540096486, 0.0, 0.0, 0.0, 0.0, 0.0, 0.0, 0.0, 0.0, 0.0, 0.0, 0.0, 0.0, 0.0, 0.0, 5.54928930339314, 1.8223542591312303, 0.0, 0.0274088419998172, 0.0, 0.4507106966068599, 0.14801076546780387, 0.0, 0.0022261334011493697, 0.0, 0.0, 0.0, 0.0, 0.0, 0.0, 0.0, 0.0, 0.0, 0.0, 0.0, 0.0, 0.0, 0.0, 0.0, 0.0, 0.0, 0.0, 0.0, 0.0, 0.0, 0.0, 0.0, 0.0, 0.0, 0.0, 0.47182335372227013, 0.23591167686113507, 0.0, 0.0, 1.52817664627773, 0.764088323138865, 0.0, 0.0, 0.0, 0.0, 0.0, 0.0, 0.0, 0.0, 0.0, 0.0, 0.0, 0.0, 0.0, 0.0, 1.40132522674905, 0.0, 0.0, 0.0, 0.30902494053535473, 0.0, 0.0, 0.0, 0.0, 0.0, 0.0, 0.0, 0.0, 0.0, 0.0, 0.0, 0.0, 0.0, 0.0, 0.0, 0.0, 1.6909750594646453, 1.0, 0.30902494053535445, 0.0, 0.0, 0.0, 0.0, 0.0, 0.0, 0.0, 0.0, 0.0, 1.3661708276764424, 0.6830854138382212, 0.0, 0.6338291723235575, 0.31691458616177876, 0.0, 0.0, 0.0, 0.0, 0.0, 0.0, 0.0, 0.0, 0.0, 0.0, 0.0, 0.0, 0.0, 0.0, 0.5257381073243684, 0.550740003449277, 0.0, 0.0, 0.0, 0.0, 0.0, 0.0, 0.0, 0.0, 0.0, 0.0, 0.0, 0.0, 0.0, 0.0, 0.0, 0.0, 0.0, 0.0, 0.0, 0.0, 0.0, 0.0, 0.0, 0.0, 0.0, 0.0, 0.0, 0.0, 0.0, 0.0, 0.9818758173282605, 4.187356629013391, 0.0, 0.7722349843318065, 0.0, 0.0, 0.0, 2.0492562415146636, 5.060863859145384, 1.0764781107736454, 0.0, 0.0, 0.5747742833790724, 0.9507437584853362, 0.0, 3.0, 0.0, 0.0, 3.0, 0.0, 0.0, 0.0, 7.399052404524187, 0.0, 1.2078664891404074, 0.0, 3.0, 0.7077350305834051, 2.292264969416595, 0.0, 0.6009475954758132, 0.0, 1.710350167284405, 0.0, 3.0, 0.0, 0.0, 0.0, 0.0, 0.0, 0.0, 0.0, 2.30887122606841, 0.0, 0.0, 0.0, 3.0, 0.0, 0.0, 2.292264969416595, 0.0, 3.0, 0.0, 0.0, 0.0, 0.0, 0.0, 0.0, 2.6167344143046156, 0.0, 0.0, 0.0, 0.0, 0.0, 0.0, 0.0, 0.0, 0.0, 0.0, 0.0, 0.0, 2.132960747204333, 2.939136140854617, 0.0, 5.941467430673458, 0.9818758173282605, 4.187356629013391, 0.0, 0.7722349843318065, 0.5257381073243684, 0.550740003449277, 0.0, 0.0, 2.0, 1.0, 0.0, 1.6909750594646453, 1.0, 0.30902494053535445, 1.40132522674905, 0.0, 0.0, 0.0, 0.30902494053535473, 0.0, 0.0, 2.0, 1.0, 0.0, 0.0, 0.0, 6.0, 1.970365024599034, 0.0, 0.029634975400965276, 2.0, 0.9703650245990347, 0.02963497540096486, 2.0, 6.0, 0.0, 2.0, 1.0, 0.0, 0.0, 1.0846157607596518, 2.7399851426853714, 0.0, 1.496381569548747, 5.0, 1.503618430451254, 2.0, 0.0, 0.0, 0.9999999999999998, 2.0, 3.3088712260684097, 0.0, 0.0, 0.5986747732509501, 0.2816998222109859, 0.0, 1.0181241826717398, 0.0, 1.4742618926756317, 0.0, 0.0, 0.0, 0.0, 0.0, 0.0, 0.0, 0.0, 0.0, 0.0, 0.0, 0.3088712260684101, 0.0, 0.9833100564483819, 0.0, 0.0, 0.0, 0.0, 0.0, 0.0, 2.0, 0.0, 0.0, 0.0, 0.0, 0.0, 0.0, 0.0, 0.0, 0.0, 0.0, 0.0, 0.0, 0.0, 0.0, 0.0, 0.22191860824026707, 0.0, 0.0, 0.0, 0.0, 0.0, 0.0, 0.0, 0.0, 0.0, 0.0, 0.0, 1.2896498327155947, 0.0, 0.0, 0.0, 2.0, 0.0, 0.0, 0.0, 0.0, 6.0, 0.0, 0.0, 0.0, 0.0, 0.69112877393159, 0.0, 0.0, 0.0, 0.0, 0.0, 0.0, 0.4492599965507231, 0.9153842392403483, 0.0, 0.0, 0.0, 0.0, 0.0, 0.0, 0.0, 0.0, 0.0, 0.0, 0.0, 0.0, 0.0, 0.0, 0.0, 0.0, 0.0, 0.0, 0.0, 0.0, 0.0, 0.22776501566819352, 0.0, 0.0, 0.0, 0.0, 0.0, 0.0, 0.0, 0.0, 0.0, 0.0, 0.0, 0.0, 0.0, 1.678183742082243, 0.0, 0.0, 0.0, 0.0, 0.0, 0.6830854138382212, 0.632607982393173, 1.0, 0.0, 0.0, 0.07184678542238405, 0.31691458616177876, 0.0, 1.0, 0.0, 0.0, 0.37499999999999994, 0.0, 0.0, 0.0, 0.9248815505655233, 0.0, 0.3158150404797575, 0.0, 1.0, 0.23591167686113507, 0.28653312117707436, 0.0, 0.07511844943447665, 0.0, 1.0, 1.0, 0.5650918758904818, 0.0, 0.0, 0.0, 0.0, 0.0, 0.0, 0.0, 0.4349081241095182, 0.0, 0.0, 0.0, 1.0, 0.0, 0.0, 0.764088323138865, 0.0, 1.0, 0.0, 0.0, 0.0, 0.0, 0.0, 0.0, 0.6841849595202424, 0.0, 0.0, 0.0, 0.0, 0.0, 0.0, 0.0, 0.0, 0.0, 0.0, 0.0, 0.0, 0.2666200934005416, 0.367392017606827, 0.0, 1.0]  :with objective: -631.6322832413068

  Local solver returns a feasible point with value -631.6323
disc:  333  :[0.0, 0.7818758173282605, 1.1818758173282604, 2.0]
disc:  334  :[0.0, 3.587356629013391, 4.787356629013391, 6.0]
disc:  335  :[0.0, 0.1, 1.0]
disc:  336  :[0.0, 0.6722349843318065, 0.8722349843318065, 1.0]
disc:  337  :[0.0, 0.3257381073243684, 0.7257381073243685, 2.0]
disc:  338  :[0.0, 0.450740003449277, 0.650740003449277, 1.0]
disc:  339  :[0.0, 0.2, 2.0]
disc:  340  :[0.0, 0.2, 2.0]
disc:  341  :[0.0, 1.8, 2.0]
disc:  342  :[0.0, 0.9, 1.0]
disc:  343  :[0.0, 0.2, 2.0]
disc:  344  :[0.0, 1.4909750594646454, 1.8909750594646453, 2.0]
disc:  345  :[0.0, 0.9, 1.0]
disc:  346  :[0.0, 0.009024940535354464, 0.6090249405353545, 3.0]
disc:  347  :[0.0, 1.20132522674905, 1.6013252267490499, 2.0]
disc:  348  :[0.0, 0.6, 6.0]
disc:  349  :[0.0, 0.2, 2.0]
disc:  350  :[0.0, 0.1, 1.0]
disc:  351  :[0.0, 0.10902494053535472, 0.5090249405353547, 2.0]
disc:  352  :[0.0, 0.6, 6.0]
disc:  353  :[0.0, 0.1, 1.0]
disc:  354  :[0.0, 1.8, 2.0]
disc:  355  :[0.0, 0.9, 1.0]
disc:  356  :[0.0, 0.2, 2.0]
disc:  357  :[0.0, 0.1, 1.0]
disc:  358  :[0.0, 0.2, 2.0]
disc:  359  :[0.0, 5.4, 6.0]
disc:  360  :[0.0, 1.370365024599034, 2.570365024599034, 6.0]
disc:  361  :[0.0, 0.2, 2.0]
disc:  362  :[0.0, 0.12963497540096527, 1.0]
disc:  363  :[0.0, 1.8, 2.0]
disc:  364  :[0.0, 0.8703650245990348, 1.0]
disc:  365  :[0.0, 0.32963497540096487, 3.0]
disc:  366  :[0.0, 1.8, 2.0]
disc:  367  :[0.0, 5.4, 6.0]
disc:  368  :[0.0, 0.2, 2.0]
disc:  369  :[0.0, 1.8, 2.0]
disc:  370  :[0.0, 0.9, 1.0]
disc:  371  :[0.0, 0.2, 2.0]
disc:  372  :[0.0, 0.2, 2.0]
disc:  373  :[0.0, 0.8846157607596519, 1.2846157607596518, 2.0]
disc:  374  :[0.0, 2.1399851426853713, 3.3399851426853715, 6.0]
disc:  375  :[0.0, 0.2, 2.0]
disc:  376  :[0.0, 1.296381569548747, 1.696381569548747, 2.0]
disc:  377  :[0.0, 4.4, 5.6, 6.0]
disc:  378  :[0.0, 0.9036184304512541, 2.103618430451254, 6.0]
disc:  379  :[0.0, 1.8, 2.0]
disc:  380  :[0.0, 0.1, 1.0]
disc:  381  :[0.0, 0.3, 3.0]
disc:  382  :[0.0, 0.6999999999999997, 1.2999999999999998, 3.0]
disc:  383  :[0.0, 1.8, 2.0]
disc:  384  :[0.0, 2.7088712260684096, 3.9088712260684098, 6.0]
disc:  385  :[0.0, 0.2, 2.0]
disc:  502  :[0.0, 0.1, 1.0]
disc:  503  :[0.0, 0.1, 1.0]
disc:  504  :[0.0, 0.1, 1.0]
disc:  505  :[0.0, 0.5830854138382212, 0.7830854138382212, 1.0]
disc:  506  :[0.0, 0.532607982393173, 0.7326079823931729, 1.0]
disc:  507  :[0.0, 0.9, 1.0]
disc:  508  :[0.0, 0.1, 1.0]
disc:  509  :[0.0, 0.1, 1.0]
disc:  510  :[0.0, 0.17184678542238407, 1.0]
disc:  511  :[0.0, 0.21691458616177875, 0.4169145861617788, 1.0]
disc:  512  :[0.0, 0.1, 1.0]
disc:  513  :[0.0, 0.9, 1.0]
disc:  514  :[0.0, 0.1, 1.0]
disc:  515  :[0.0, 0.1, 1.0]
disc:  516  :[0.0, 0.2749999999999999, 0.475, 1.0]
disc:  517  :[0.0, 0.1, 1.0]
disc:  518  :[0.0, 0.1, 1.0]
disc:  519  :[0.0, 0.1, 1.0]
disc:  520  :[0.0, 0.8248815505655234, 1.0]
disc:  521  :[0.0, 0.1, 1.0]
disc:  522  :[0.0, 0.2158150404797575, 0.4158150404797575, 1.0]
disc:  523  :[0.0, 0.1, 1.0]
disc:  524  :[0.0, 0.9, 1.0]
disc:  525  :[0.0, 0.13591167686113506, 0.3359116768611351, 1.0]
disc:  526  :[0.0, 0.18653312117707435, 0.3865331211770744, 1.0]
disc:  527  :[0.0, 0.1, 1.0]
disc:  528  :[0.0, 0.17511844943447666, 1.0]
disc:  529  :[0.0, 0.1, 1.0]
disc:  530  :[0.0, 0.9, 1.0]
disc:  531  :[0.0, 0.9, 1.0]
disc:  532  :[0.0, 0.46509187589048184, 0.6650918758904818, 1.0]
disc:  533  :[0.0, 0.1, 1.0]
disc:  534  :[0.0, 0.1, 1.0]
disc:  535  :[0.0, 0.1, 1.0]
disc:  536  :[0.0, 0.1, 1.0]
disc:  537  :[0.0, 0.1, 1.0]
disc:  538  :[0.0, 0.1, 1.0]
disc:  539  :[0.0, 0.1, 1.0]
disc:  540  :[0.0, 0.3349081241095182, 0.5349081241095182, 1.0]
disc:  541  :[0.0, 0.1, 1.0]
disc:  542  :[0.0, 0.1, 1.0]
disc:  543  :[0.0, 0.1, 1.0]
disc:  544  :[0.0, 0.9, 1.0]
disc:  545  :[0.0, 0.1, 1.0]
disc:  546  :[0.0, 0.1, 1.0]
disc:  547  :[0.0, 0.664088323138865, 0.864088323138865, 1.0]
disc:  548  :[0.0, 0.1, 1.0]
disc:  549  :[0.0, 0.9, 1.0]
disc:  550  :[0.0, 0.1, 1.0]
disc:  551  :[0.0, 0.1, 1.0]
disc:  552  :[0.0, 0.1, 1.0]
disc:  553  :[0.0, 0.1, 1.0]
disc:  554  :[0.0, 0.1, 1.0]
disc:  555  :[0.0, 0.1, 1.0]
disc:  556  :[0.0, 0.5841849595202424, 0.7841849595202424, 1.0]
disc:  557  :[0.0, 0.1, 1.0]
disc:  558  :[0.0, 0.1, 1.0]
disc:  559  :[0.0, 0.1, 1.0]
disc:  560  :[0.0, 0.1, 1.0]
disc:  561  :[0.0, 0.1, 1.0]
disc:  562  :[0.0, 0.1, 1.0]
disc:  563  :[0.0, 0.1, 1.0]
disc:  564  :[0.0, 0.1, 1.0]
disc:  565  :[0.0, 0.1, 1.0]
disc:  566  :[0.0, 0.1, 1.0]
disc:  567  :[0.0, 0.1, 1.0]
disc:  568  :[0.0, 0.1, 1.0]
disc:  569  :[0.0, 0.1666200934005416, 0.3666200934005416, 1.0]
disc:  570  :[0.0, 0.26739201760682696, 0.467392017606827, 1.0]
disc:  571  :[0.0, 0.1, 1.0]
disc:  572  :[0.0, 0.9, 1.0]
  Completed presolve in 7.35s
LOWER-BOUNDING ITERATIONS
====================================================================================================
| Iter   | Incumbent       | Best Incumbent      | Lower Bound        | Gap (%)         | Time      
| finish | -631.6323       | -631.6323           | -634.0563          | 0.384           | 28.01s           
Final UBD: -631.6322832413068
Final LBD: -634.0563257552653
====================================================================================================

*** Alpine ended with status OTHER_LIMIT ***

 Total time for local solves: 5.06s

 Total time for solving max-min problems: 0.0s

 Total time excluding max-min time: 28.01s

presolve objective value: -631.6322832413068
w_opt: 1-dimensional DenseAxisArray{Float64,1,...} with index sets:
    Dimension 1, [(25, 1, 2), (25, 1, 1), (25, 1, 14), (20, 1, 2), (20, 1, 1), (20, 1, 14), (1, 1, 2), (1, 1, 1), (1, 1, 14), (2, 1, 2)  …  (20, 15, 23), (20, 15, 3), (8, 15, 30), (8, 15, 29), (8, 15, 23), (8, 15, 3), (2, 15, 30), (2, 15, 29), (2, 15, 23), (2, 15, 3)]
And data, a 261-element Vector{Float64}:
 1.1301837517809636
 1.8698162482190361
 0.0
 0.8698162482190364
 1.4390549778493735
 0.0
 0.0
 0.0
 0.0
 0.0
 0.0
 0.0
 0.0
 0.0
 0.0
 0.0
 2.0
 0.0
 0.0
 0.9999999999999998
 0.0
 0.0
 0.0
 0.0
 0.0
 0.0
 0.0
 0.0
 0.9466229256025623
 3.163039911965865
 0.9512010215769574
 0.0
 0.0
 0.0
 0.0
 0.0
 0.0
 0.0
 0.0
 0.0
 0.5497586439461847
 1.836960088034135
 0.5524174088742968
 0.34253797038929257
 0.8653285187511147
 0.0
 0.0
 0.0
 0.0
 0.7420777903703593
 1.8746566239342564
 0.0
 0.0
 0.0
 0.0
 0.0
 0.0
 0.0
 0.0
 2.0
 1.0
 0.0
 0.0
 0.0
 0.0
 0.0
 0.0
 0.0
 0.0
 0.0
 0.0
 0.14369357084476814
 0.4310807125343043
 0.0
 0.7499999999999999
 2.2499999999999996
 0.0
 0.5730662423541487
 1.7191987270624463
 0.0
 0.0
 0.0
 0.0
 0.0
 0.0
 0.0
 0.0
 0.0
 0.0
 0.0
 0.0
 0.0
 0.5332401868010832
 1.5997205604032498
 0.0
 0.0
 0.0
 0.0
 0.0
 0.0
 0.0
 2.0
 0.9703650245990347
 0.02963497540096486
 0.0
 0.0
 0.0
 0.0
 0.0
 0.0
 0.0
 0.0
 0.0
 0.0
 0.0
 0.0
 0.0
 0.0
 5.54928930339314
 1.8223542591312303
 0.0
 0.0274088419998172
 0.0
 0.4507106966068599
 0.14801076546780387
 0.0
 0.0022261334011493697
 0.0
 0.0
 0.0
 0.0
 0.0
 0.0
 0.0
 0.0
 0.0
 0.0
 0.0
 0.0
 0.0
 0.0
 0.0
 0.0
 0.0
 0.0
 0.0
 0.0
 0.0
 0.0
 0.0
 0.0
 0.0
 0.0
 0.47182335372227013
 0.23591167686113507
 0.0
 0.0
 1.52817664627773
 0.764088323138865
 0.0
 0.0
 0.0
 0.0
 0.0
 0.0
 0.0
 0.0
 0.0
 0.0
 0.0
 0.0
 0.0
 0.0
 1.40132522674905
 0.0
 0.0
 0.0
 0.30902494053535473
 0.0
 0.0
 0.0
 0.0
 0.0
 0.0
 0.0
 0.0
 0.0
 0.0
 0.0
 0.0
 0.0
 0.0
 0.0
 0.0
 1.6909750594646453
 1.0
 0.30902494053535445
 0.0
 0.0
 0.0
 0.0
 0.0
 0.0
 0.0
 0.0
 0.0
 1.3661708276764424
 0.6830854138382212
 0.0
 0.6338291723235575
 0.31691458616177876
 0.0
 0.0
 0.0
 0.0
 0.0
 0.0
 0.0
 0.0
 0.0
 0.0
 0.0
 0.0
 0.0
 0.0
 0.5257381073243684
 0.550740003449277
 0.0
 0.0
 0.0
 0.0
 0.0
 0.0
 0.0
 0.0
 0.0
 0.0
 0.0
 0.0
 0.0
 0.0
 0.0
 0.0
 0.0
 0.0
 0.0
 0.0
 0.0
 0.0
 0.0
 0.0
 0.0
 0.0
 0.0
 0.0
 0.0
 0.0
 0.9818758173282605
 4.187356629013391
 0.0
 0.7722349843318065
x_ij_opt: 1-dimensional DenseAxisArray{Float64,1,...} with index sets:
    Dimension 1, [(43, 30), (43, 22), (43, 6), (44, 22), (45, 30), (45, 29), (45, 28), (45, 24), (45, 23), (40, 29)  …  (5, 7), (5, 14), (6, 4), (6, 3), (1, 14), (1, 10), (1, 23), (1, 1), (3, 2), (3, 1)]
And data, a 116-element Vector{Float64}:
 0.0
 0.5986747732509501
 0.2816998222109859
 0.0
 1.0181241826717398
 0.0
 1.4742618926756317
 0.0
 0.0
 0.0
 0.0
 0.0
 0.0
 0.0
 0.0
 0.0
 0.0
 0.0
 0.3088712260684101
 0.0
 0.9833100564483819
 0.0
 0.0
 0.0
 0.0
 0.0
 0.0
 2.0
 0.0
 0.0
 0.0
 0.0
 0.0
 0.0
 0.0
 0.0
 0.0
 0.0
 0.0
 0.0
 0.0
 0.0
 0.0
 0.22191860824026707
 0.0
 0.0
 0.0
 0.0
 0.0
 0.0
 0.0
 0.0
 0.0
 0.0
 0.0
 1.2896498327155947
 0.0
 0.0
 0.0
 2.0
 0.0
 0.0
 0.0
 0.0
 6.0
 0.0
 0.0
 0.0
 0.0
 0.69112877393159
 0.0
 0.0
 0.0
 0.0
 0.0
 0.0
 0.4492599965507231
 0.9153842392403483
 0.0
 0.0
 0.0
 0.0
 0.0
 0.0
 0.0
 0.0
 0.0
 0.0
 0.0
 0.0
 0.0
 0.0
 0.0
 0.0
 0.0
 0.0
 0.0
 0.0
 0.0
 0.22776501566819352
 0.0
 0.0
 0.0
 0.0
 0.0
 0.0
 0.0
 0.0
 0.0
 0.0
 0.0
 0.0
 0.0
 1.678183742082243
 0.0
 0.0
x_il_opt: 1-dimensional DenseAxisArray{Float64,1,...} with index sets:
    Dimension 1, [(43, 15), (43, 14), (44, 15), (44, 13), (44, 3), (40, 14), (40, 2), (41, 14), (42, 6), (37, 13)  …  (4, 13), (5, 2), (5, 7), (5, 9), (6, 11), (1, 1), (1, 6), (1, 3), (2, 1), (2, 15)]
And data, a 71-element Vector{Float64}:
 0.0
 0.0
 0.0
 2.0492562415146636
 5.060863859145384
 1.0764781107736454
 0.0
 0.0
 0.5747742833790724
 0.9507437584853362
 0.0
 3.0
 0.0
 0.0
 3.0
 0.0
 0.0
 0.0
 7.399052404524187
 0.0
 1.2078664891404074
 0.0
 3.0
 0.7077350305834051
 2.292264969416595
 0.0
 0.6009475954758132
 0.0
 1.710350167284405
 0.0
 3.0
 0.0
 0.0
 0.0
 0.0
 0.0
 0.0
 0.0
 2.30887122606841
 0.0
 0.0
 0.0
 3.0
 0.0
 0.0
 2.292264969416595
 0.0
 3.0
 0.0
 0.0
 0.0
 0.0
 0.0
 0.0
 2.6167344143046156
 0.0
 0.0
 0.0
 0.0
 0.0
 0.0
 0.0
 0.0
 0.0
 0.0
 0.0
 0.0
 2.132960747204333
 2.939136140854617
 0.0
 5.941467430673458
x_lj_opt: 1-dimensional DenseAxisArray{Float64,1,...} with index sets:
    Dimension 1, [(15, 30), (15, 29), (15, 23), (15, 3), (14, 28), (14, 27), (14, 10), (14, 24), (13, 26), (13, 25)  …  (3, 6), (3, 5), (3, 29), (2, 4), (2, 3), (2, 1), (2, 5), (1, 2), (1, 1), (1, 14)]
And data, a 53-element Vector{Float64}:
 0.9818758173282605
 4.187356629013391
 0.0
 0.7722349843318065
 0.5257381073243684
 0.550740003449277
 0.0
 0.0
 2.0
 1.0
 0.0
 1.6909750594646453
 1.0
 0.30902494053535445
 1.40132522674905
 0.0
 0.0
 0.0
 0.30902494053535473
 0.0
 0.0
 2.0
 1.0
 0.0
 0.0
 0.0
 6.0
 1.970365024599034
 0.0
 0.029634975400965276
 2.0
 0.9703650245990347
 0.02963497540096486
 2.0
 6.0
 0.0
 2.0
 1.0
 0.0
 0.0
 1.0846157607596518
 2.7399851426853714
 0.0
 1.496381569548747
 5.0
 1.503618430451254
 2.0
 0.0
 0.0
 0.9999999999999998
 2.0
 3.3088712260684097
 0.0
q_opt: 1-dimensional DenseAxisArray{Float64,1,...} with index sets:
    Dimension 1, [(43, 15), (43, 14), (44, 15), (44, 13), (44, 3), (40, 14), (40, 2), (41, 14), (42, 6), (37, 13)  …  (4, 13), (5, 2), (5, 7), (5, 9), (6, 11), (1, 1), (1, 6), (1, 3), (2, 1), (2, 15)]
And data, a 71-element Vector{Float64}:
 0.0
 0.0
 0.0
 0.6830854138382212
 0.632607982393173
 1.0
 0.0
 0.0
 0.07184678542238405
 0.31691458616177876
 0.0
 1.0
 0.0
 0.0
 0.37499999999999994
 0.0
 0.0
 0.0
 0.9248815505655233
 0.0
 0.3158150404797575
 0.0
 1.0
 0.23591167686113507
 0.28653312117707436
 0.0
 0.07511844943447665
 0.0
 1.0
 1.0
 0.5650918758904818
 0.0
 0.0
 0.0
 0.0
 0.0
 0.0
 0.0
 0.4349081241095182
 0.0
 0.0
 0.0
 1.0
 0.0
 0.0
 0.764088323138865
 0.0
 1.0
 0.0
 0.0
 0.0
 0.0
 0.0
 0.0
 0.6841849595202424
 0.0
 0.0
 0.0
 0.0
 0.0
 0.0
 0.0
 0.0
 0.0
 0.0
 0.0
 0.0
 0.2666200934005416
 0.367392017606827
 0.0
 1.0
