
PROBLEM STATISTICS
  Objective sense = Min
  # Variables = 572
  # Bin-Int Variables = 0
  # Constraints = 621
  # NL Constraints = 261
  # Linear Constraints = 360
  # Detected convex constraints = 0
  # Detected nonlinear terms = 261
  # Variables involved in nonlinear terms = 124
  # Potential variables for partitioning = 124
SUB-SOLVERS USED BY ALPINE
  NLP local solver = Knitro
  MIP solver = Gurobi
ALPINE CONFIGURATION
  Maximum iterations (lower-bounding MIPs) =  1
  Relative global optimality gap = 0.01%
  Potential variables chosen for partitioning = All
  Discretization ratio = 10
  Bound-tightening presolve = false
PRESOLVE 
  Doing local search

Feasible solution found during presolve: [0.678411834565876, 0.736695130993994, 0.0, 1.2121538275539256, 1.3162916347798448, 0.0, 0.0, 0.0, 0.0, 0.0, 0.0, 0.0, 0.0, 0.0, 0.0, 0.0, 2.0, 0.0, 0.0, 1.0000000000000002, 0.0, 0.0, 0.0, 0.0, 0.0, 0.0, 0.0, 0.0, 0.0, 0.9720435857184847, 0.40885782654808595, 0.0, 0.0, 0.0, 0.0, 4.027956414281515, 1.694225988597298, 0.0, 0.0, 0.0, 0.0, 0.0, 0.0, 0.0, 0.0, 0.0, 0.0, 0.0, 0.0, 0.0, 0.0, 0.0, 0.0, 0.0, 0.0, 0.0, 0.0, 0.0, 0.0, 2.0, 1.0, 0.0, 0.0, 0.0, 0.0, 0.0, 0.0, 0.0, 0.0, 0.0, 0.0, 0.0, 0.0, 0.0, 0.46571506053365097, 1.397145181600953, 0.0, 0.5192464760565016, 1.557739428169505, 0.0, 0.0, 0.0, 0.0, 0.0, 0.0, 0.0, 0.0, 0.0, 0.0, 0.0, 0.0, 0.0, 1.0150384634098473, 3.045115390229542, 0.0, 0.0, 0.0, 0.0, 0.0, 0.0, 0.0, 2.0, 0.9928329121344492, 0.007167087865550895, 0.0, 0.0, 0.0, 0.0, 0.0, 0.0, 0.0, 0.0, 0.0, 0.0, 0.0, 0.0, 0.0, 0.0, 3.894039108803947, 3.6385800093726846, 0.0, 0.0, 0.0, 0.24161575196809199, 0.2257651298552765, 0.0, 0.0, 0.0, 0.0, 0.0, 0.0, 0.0, 0.0, 0.0, 0.0, 0.0, 0.0, 0.0, 0.0, 0.0, 0.0, 0.0, 0.0, 0.0, 0.0, 0.0, 0.0, 0.21926687043106605, 0.0, 0.0, 0.0, 0.0, 0.0, 0.6153427305159955, 0.30767136525799776, 0.0, 0.0, 1.3846572694840045, 0.6923286347420022, 0.0, 0.0, 0.0, 0.0, 0.0, 0.0, 0.0, 0.0, 0.0, 0.0, 0.0, 0.0, 0.0, 0.0, 1.0, 0.0, 0.0, 0.0, 2.0, 0.0, 0.0, 0.0, 0.0, 0.0, 0.0, 0.0, 0.0, 0.0, 0.0, 0.0, 0.0, 0.0, 0.0, 0.0, 0.0, 0.0, 0.0, 0.0, 0.0, 0.0, 0.0, 0.0, 0.0, 0.0, 0.0, 0.0, 0.0, 1.5436134295385306, 0.6873445579669996, 0.08446215680226583, 0.45638657046146924, 0.20322110415280198, 0.024972181077932743, 0.0, 0.0, 0.0, 0.0, 0.0, 0.0, 0.0, 0.0, 0.0, 0.0, 0.0, 0.0, 0.0, 0.8545926429307792, 0.9600718551052907, 0.0, 0.0, 0.0, 0.0, 0.0, 0.0, 0.0, 0.0, 0.0, 0.0, 0.0, 0.0, 0.0, 0.0, 0.0, 0.0, 0.0, 0.0, 0.0, 0.0, 0.0, 0.0, 0.0, 0.0, 0.0, 0.0, 0.0, 0.0, 0.0, 0.0, 1.2198817827938615, 3.896916184854616, 0.0, 0.9587774332364136, 0.0, 0.0, 0.0, 2.315420144307796, 1.3809014122665706, 1.8146644980360698, 0.0, 0.0, 0.0, 0.684579855692204, 0.0, 0.0, 0.0, 0.0, 1.8628602421346039, 0.0, 0.0, 0.0, 7.5326191181766315, 0.0, 0.0, 0.0, 3.0, 0.9230140957739934, 2.0769859042260066, 0.0, 0.46738088182336845, 0.0, 3.0, 0.21926687043106605, 1.41510696555987, 0.0, 0.0, 0.0, 0.0, 0.0, 0.0, 0.0, 2.5284454623337704, 0.0, 0.0, 0.0, 3.0, 0.0, 0.0, 2.0769859042260066, 0.0, 3.0, 0.0, 0.0, 0.0, 0.0, 0.0, 0.0, 0.0, 0.0, 0.0, 5.722182402878812, 0.0, 0.0, 0.0, 0.0, 0.0, 0.0, 0.0, 0.0, 0.0, 4.060153853639389, 0.0, 0.0, 6.07557540088489, 1.2198817827938615, 3.896916184854616, 0.0, 0.9587774332364136, 0.8545926429307792, 0.9600718551052907, 0.0, 0.0, 2.0, 0.8905656621198016, 0.10943433788019856, 0.0, 0.0, 0.0, 1.0, 0.0, 0.0, 0.0, 2.0, 0.0, 0.0, 2.0, 1.0, 0.21926687043106605, 0.0, 0.0, 4.135654860772039, 3.8643451392279613, 0.0, 0.0, 2.0, 0.9928329121344492, 0.007167087865550895, 2.0, 6.0, 0.0, 2.0, 1.0, 0.0, 0.0, 0.0, 0.0, 0.0, 0.0, 5.0, 2.103083815145384, 2.0, 0.0, 0.0, 1.0000000000000002, 1.8905656621198015, 2.0529867657738388, 0.0, 0.0, 1.0, 1.5326191181766313, 0.0, 0.7801182172061384, 0.0, 1.1454073570692207, 0.0, 0.0, 0.0, 0.0, 0.0, 0.0, 0.0, 0.0, 0.0, 0.0, 0.0, 0.5284454623337705, 0.0, 0.0, 0.0, 0.0, 0.0, 0.0, 0.0, 0.0, 2.0, 0.0, 0.0, 0.0, 0.0, 0.0, 0.0, 0.0, 0.0, 0.0, 0.0, 0.0, 0.0, 0.0, 0.0, 0.0, 0.46738088182336873, 0.0, 0.0, 0.0, 0.0, 0.0, 0.0, 0.0, 0.0, 0.0, 0.0, 0.0, 0.0, 0.0, 1.358459076143513, 0.007167087865550858, 1.780733129568934, 0.0, 0.0, 0.0, 0.0, 6.0, 0.0, 0.5058860630844484, 0.0, 0.0, 0.4715545376662294, 0.0, 0.0, 0.0, 0.0, 0.0, 0.0, 0.039928144894709354, 0.4771822596073824, 0.0, 0.0, 0.0, 0.0, 0.0, 0.0, 0.0, 0.0, 0.0, 0.0, 0.0, 0.0, 0.0, 1.5228177403926175, 0.33859877236979496, 0.0, 0.0, 0.0, 0.0, 0.10943433788019846, 0.0, 0.04122256676358641, 0.0, 0.0, 0.0, 0.0, 0.0, 0.0, 0.0, 0.0, 0.0, 0.0, 0.0, 0.0, 0.0, 3.939846146360611, 0.0, 0.0, 0.0, 0.0, 0.0, 0.7718067147692653, 0.19440871714369695, 1.0, 0.0, 0.0, 0.0, 0.22819328523073465, 0.0, 0.0, 0.0, 0.0, 0.23285753026682549, 0.0, 0.0, 0.0, 0.9415773897720789, 0.0, 0.0, 0.0, 1.0, 0.30767136525799776, 0.2596232380282508, 0.0, 0.05842261022792106, 0.0, 1.0, 1.0, 0.35884066243179563, 0.0, 0.0, 1.0, 0.0, 0.0, 0.0, 0.0, 0.6411593375682043, 0.0, 0.0, 0.0, 1.0, 0.0, 0.0, 0.6923286347420022, 0.0, 1.0, 0.0, 0.0, 0.0, 0.0, 0.0, 0.0, 0.0, 1.0, 0.0, 0.805591282856303, 0.0, 0.0, 0.0, 0.0, 0.0, 0.0, 0.0, 0.0, 0.0, 0.5075192317049236, 0.0, 0.0, 1.0]  :with objective: -597.3966832721637

  Local solver returns a feasible point with value -597.3967
disc:  333  :[0.0, 1.0198817827938615, 1.4198817827938615, 2.0]
disc:  334  :[0.0, 3.296916184854616, 4.496916184854616, 6.0]
disc:  335  :[0.0, 0.1, 1.0]
disc:  336  :[0.0, 0.8587774332364136, 1.0]
disc:  337  :[0.0, 0.6545926429307791, 1.0545926429307793, 2.0]
disc:  338  :[0.0, 0.8600718551052907, 1.0]
disc:  339  :[0.0, 0.2, 2.0]
disc:  340  :[0.0, 0.2, 2.0]
disc:  341  :[0.0, 1.8, 2.0]
disc:  342  :[0.0, 0.7905656621198016, 0.9905656621198016, 1.0]
disc:  343  :[0.0, 0.3094343378801986, 2.0]
disc:  344  :[0.0, 0.2, 2.0]
disc:  345  :[0.0, 0.1, 1.0]
disc:  346  :[0.0, 0.3, 3.0]
disc:  347  :[0.0, 0.8, 1.2, 2.0]
disc:  348  :[0.0, 0.6, 6.0]
disc:  349  :[0.0, 0.2, 2.0]
disc:  350  :[0.0, 0.1, 1.0]
disc:  351  :[0.0, 1.8, 2.0]
disc:  352  :[0.0, 0.6, 6.0]
disc:  353  :[0.0, 0.1, 1.0]
disc:  354  :[0.0, 1.8, 2.0]
disc:  355  :[0.0, 0.9, 1.0]
disc:  356  :[0.0, 0.019266870431066035, 0.41926687043106603, 2.0]
disc:  357  :[0.0, 0.1, 1.0]
disc:  358  :[0.0, 0.2, 2.0]
disc:  359  :[0.0, 3.535654860772039, 4.735654860772039, 6.0]
disc:  360  :[0.0, 3.264345139227961, 4.464345139227961, 6.0]
disc:  361  :[0.0, 0.2, 2.0]
disc:  362  :[0.0, 0.1, 1.0]
disc:  363  :[0.0, 1.8, 2.0]
disc:  364  :[0.0, 0.8928329121344493, 1.0]
disc:  365  :[0.0, 0.30716708786555086, 3.0]
disc:  366  :[0.0, 1.8, 2.0]
disc:  367  :[0.0, 5.4, 6.0]
disc:  368  :[0.0, 0.2, 2.0]
disc:  369  :[0.0, 1.8, 2.0]
disc:  370  :[0.0, 0.9, 1.0]
disc:  371  :[0.0, 0.2, 2.0]
disc:  372  :[0.0, 0.2, 2.0]
disc:  373  :[0.0, 0.2, 2.0]
disc:  374  :[0.0, 0.6, 6.0]
disc:  375  :[0.0, 0.2, 2.0]
disc:  376  :[0.0, 0.2, 2.0]
disc:  377  :[0.0, 4.4, 5.6, 6.0]
disc:  378  :[0.0, 1.5030838151453838, 2.703083815145384, 6.0]
disc:  379  :[0.0, 1.8, 2.0]
disc:  380  :[0.0, 0.1, 1.0]
disc:  381  :[0.0, 0.3, 3.0]
disc:  382  :[0.0, 0.7000000000000002, 1.3000000000000003, 3.0]
disc:  383  :[0.0, 1.6905656621198015, 2.0]
disc:  384  :[0.0, 1.4529867657738387, 2.652986765773839, 6.0]
disc:  385  :[0.0, 0.2, 2.0]
disc:  502  :[0.0, 0.1, 1.0]
disc:  503  :[0.0, 0.1, 1.0]
disc:  504  :[0.0, 0.1, 1.0]
disc:  505  :[0.0, 0.6718067147692653, 0.8718067147692653, 1.0]
disc:  506  :[0.0, 0.09440871714369695, 0.294408717143697, 1.0]
disc:  507  :[0.0, 0.9, 1.0]
disc:  508  :[0.0, 0.1, 1.0]
disc:  509  :[0.0, 0.1, 1.0]
disc:  510  :[0.0, 0.1, 1.0]
disc:  511  :[0.0, 0.12819328523073464, 0.32819328523073465, 1.0]
disc:  512  :[0.0, 0.1, 1.0]
disc:  513  :[0.0, 0.1, 1.0]
disc:  514  :[0.0, 0.1, 1.0]
disc:  515  :[0.0, 0.1, 1.0]
disc:  516  :[0.0, 0.13285753026682548, 0.3328575302668255, 1.0]
disc:  517  :[0.0, 0.1, 1.0]
disc:  518  :[0.0, 0.1, 1.0]
disc:  519  :[0.0, 0.1, 1.0]
disc:  520  :[0.0, 0.841577389772079, 1.0]
disc:  521  :[0.0, 0.1, 1.0]
disc:  522  :[0.0, 0.1, 1.0]
disc:  523  :[0.0, 0.1, 1.0]
disc:  524  :[0.0, 0.9, 1.0]
disc:  525  :[0.0, 0.20767136525799776, 0.40767136525799774, 1.0]
disc:  526  :[0.0, 0.15962323802825082, 0.3596232380282508, 1.0]
disc:  527  :[0.0, 0.1, 1.0]
disc:  528  :[0.0, 0.15842261022792106, 1.0]
disc:  529  :[0.0, 0.1, 1.0]
disc:  530  :[0.0, 0.9, 1.0]
disc:  531  :[0.0, 0.9, 1.0]
disc:  532  :[0.0, 0.2588406624317956, 0.45884066243179567, 1.0]
disc:  533  :[0.0, 0.1, 1.0]
disc:  534  :[0.0, 0.1, 1.0]
disc:  535  :[0.0, 0.9, 1.0]
disc:  536  :[0.0, 0.1, 1.0]
disc:  537  :[0.0, 0.1, 1.0]
disc:  538  :[0.0, 0.1, 1.0]
disc:  539  :[0.0, 0.1, 1.0]
disc:  540  :[0.0, 0.5411593375682043, 0.7411593375682043, 1.0]
disc:  541  :[0.0, 0.1, 1.0]
disc:  542  :[0.0, 0.1, 1.0]
disc:  543  :[0.0, 0.1, 1.0]
disc:  544  :[0.0, 0.9, 1.0]
disc:  545  :[0.0, 0.1, 1.0]
disc:  546  :[0.0, 0.1, 1.0]
disc:  547  :[0.0, 0.5923286347420023, 0.7923286347420022, 1.0]
disc:  548  :[0.0, 0.1, 1.0]
disc:  549  :[0.0, 0.9, 1.0]
disc:  550  :[0.0, 0.1, 1.0]
disc:  551  :[0.0, 0.1, 1.0]
disc:  552  :[0.0, 0.1, 1.0]
disc:  553  :[0.0, 0.1, 1.0]
disc:  554  :[0.0, 0.1, 1.0]
disc:  555  :[0.0, 0.1, 1.0]
disc:  556  :[0.0, 0.1, 1.0]
disc:  557  :[0.0, 0.9, 1.0]
disc:  558  :[0.0, 0.1, 1.0]
disc:  559  :[0.0, 0.705591282856303, 0.905591282856303, 1.0]
disc:  560  :[0.0, 0.1, 1.0]
disc:  561  :[0.0, 0.1, 1.0]
disc:  562  :[0.0, 0.1, 1.0]
disc:  563  :[0.0, 0.1, 1.0]
disc:  564  :[0.0, 0.1, 1.0]
disc:  565  :[0.0, 0.1, 1.0]
disc:  566  :[0.0, 0.1, 1.0]
disc:  567  :[0.0, 0.1, 1.0]
disc:  568  :[0.0, 0.1, 1.0]
disc:  569  :[0.0, 0.40751923170492366, 0.6075192317049236, 1.0]
disc:  570  :[0.0, 0.1, 1.0]
disc:  571  :[0.0, 0.1, 1.0]
disc:  572  :[0.0, 0.9, 1.0]
  Completed presolve in 7.71s
LOWER-BOUNDING ITERATIONS
====================================================================================================
| Iter   | Incumbent       | Best Incumbent      | Lower Bound        | Gap (%)         | Time      
| finish | -597.3967       | -597.3967           | -631.228           | 5.663           | 22.78s           
Final UBD: -597.3966832721637
Final LBD: -631.2280446496977
====================================================================================================

*** Alpine ended with status OTHER_LIMIT ***

 Total time for local solves: 5.34s

 Total time for solving max-min problems: 0.0s

 Total time excluding max-min time: 22.78s

presolve objective value: -597.3966832721637
w_opt: 1-dimensional DenseAxisArray{Float64,1,...} with index sets:
    Dimension 1, [(25, 1, 2), (25, 1, 1), (25, 1, 14), (20, 1, 2), (20, 1, 1), (20, 1, 14), (1, 1, 2), (1, 1, 1), (1, 1, 14), (2, 1, 2)  …  (20, 15, 23), (20, 15, 3), (8, 15, 30), (8, 15, 29), (8, 15, 23), (8, 15, 3), (2, 15, 30), (2, 15, 29), (2, 15, 23), (2, 15, 3)]
And data, a 261-element Vector{Float64}:
 0.678411834565876
 0.736695130993994
 0.0
 1.2121538275539256
 1.3162916347798448
 0.0
 0.0
 0.0
 0.0
 0.0
 0.0
 0.0
 0.0
 0.0
 0.0
 0.0
 2.0
 0.0
 0.0
 1.0000000000000002
 0.0
 0.0
 0.0
 0.0
 0.0
 0.0
 0.0
 0.0
 0.0
 0.9720435857184847
 0.40885782654808595
 0.0
 0.0
 0.0
 0.0
 4.027956414281515
 1.694225988597298
 0.0
 0.0
 0.0
 0.0
 0.0
 0.0
 0.0
 0.0
 0.0
 0.0
 0.0
 0.0
 0.0
 0.0
 0.0
 0.0
 0.0
 0.0
 0.0
 0.0
 0.0
 0.0
 2.0
 1.0
 0.0
 0.0
 0.0
 0.0
 0.0
 0.0
 0.0
 0.0
 0.0
 0.0
 0.0
 0.0
 0.0
 0.46571506053365097
 1.397145181600953
 0.0
 0.5192464760565016
 1.557739428169505
 0.0
 0.0
 0.0
 0.0
 0.0
 0.0
 0.0
 0.0
 0.0
 0.0
 0.0
 0.0
 0.0
 1.0150384634098473
 3.045115390229542
 0.0
 0.0
 0.0
 0.0
 0.0
 0.0
 0.0
 2.0
 0.9928329121344492
 0.007167087865550895
 0.0
 0.0
 0.0
 0.0
 0.0
 0.0
 0.0
 0.0
 0.0
 0.0
 0.0
 0.0
 0.0
 0.0
 3.894039108803947
 3.6385800093726846
 0.0
 0.0
 0.0
 0.24161575196809199
 0.2257651298552765
 0.0
 0.0
 0.0
 0.0
 0.0
 0.0
 0.0
 0.0
 0.0
 0.0
 0.0
 0.0
 0.0
 0.0
 0.0
 0.0
 0.0
 0.0
 0.0
 0.0
 0.0
 0.0
 0.21926687043106605
 0.0
 0.0
 0.0
 0.0
 0.0
 0.6153427305159955
 0.30767136525799776
 0.0
 0.0
 1.3846572694840045
 0.6923286347420022
 0.0
 0.0
 0.0
 0.0
 0.0
 0.0
 0.0
 0.0
 0.0
 0.0
 0.0
 0.0
 0.0
 0.0
 1.0
 0.0
 0.0
 0.0
 2.0
 0.0
 0.0
 0.0
 0.0
 0.0
 0.0
 0.0
 0.0
 0.0
 0.0
 0.0
 0.0
 0.0
 0.0
 0.0
 0.0
 0.0
 0.0
 0.0
 0.0
 0.0
 0.0
 0.0
 0.0
 0.0
 0.0
 0.0
 0.0
 1.5436134295385306
 0.6873445579669996
 0.08446215680226583
 0.45638657046146924
 0.20322110415280198
 0.024972181077932743
 0.0
 0.0
 0.0
 0.0
 0.0
 0.0
 0.0
 0.0
 0.0
 0.0
 0.0
 0.0
 0.0
 0.8545926429307792
 0.9600718551052907
 0.0
 0.0
 0.0
 0.0
 0.0
 0.0
 0.0
 0.0
 0.0
 0.0
 0.0
 0.0
 0.0
 0.0
 0.0
 0.0
 0.0
 0.0
 0.0
 0.0
 0.0
 0.0
 0.0
 0.0
 0.0
 0.0
 0.0
 0.0
 0.0
 0.0
 1.2198817827938615
 3.896916184854616
 0.0
 0.9587774332364136
x_ij_opt: 1-dimensional DenseAxisArray{Float64,1,...} with index sets:
    Dimension 1, [(43, 30), (43, 22), (43, 6), (44, 22), (45, 30), (45, 29), (45, 28), (45, 24), (45, 23), (40, 29)  …  (5, 7), (5, 14), (6, 4), (6, 3), (1, 14), (1, 10), (1, 23), (1, 1), (3, 2), (3, 1)]
And data, a 116-element Vector{Float64}:
 0.0
 1.0
 1.5326191181766313
 0.0
 0.7801182172061384
 0.0
 1.1454073570692207
 0.0
 0.0
 0.0
 0.0
 0.0
 0.0
 0.0
 0.0
 0.0
 0.0
 0.0
 0.5284454623337705
 0.0
 0.0
 0.0
 0.0
 0.0
 0.0
 0.0
 0.0
 2.0
 0.0
 0.0
 0.0
 0.0
 0.0
 0.0
 0.0
 0.0
 0.0
 0.0
 0.0
 0.0
 0.0
 0.0
 0.0
 0.46738088182336873
 0.0
 0.0
 0.0
 0.0
 0.0
 0.0
 0.0
 0.0
 0.0
 0.0
 0.0
 0.0
 0.0
 1.358459076143513
 0.007167087865550858
 1.780733129568934
 0.0
 0.0
 0.0
 0.0
 6.0
 0.0
 0.5058860630844484
 0.0
 0.0
 0.4715545376662294
 0.0
 0.0
 0.0
 0.0
 0.0
 0.0
 0.039928144894709354
 0.4771822596073824
 0.0
 0.0
 0.0
 0.0
 0.0
 0.0
 0.0
 0.0
 0.0
 0.0
 0.0
 0.0
 0.0
 1.5228177403926175
 0.33859877236979496
 0.0
 0.0
 0.0
 0.0
 0.10943433788019846
 0.0
 0.04122256676358641
 0.0
 0.0
 0.0
 0.0
 0.0
 0.0
 0.0
 0.0
 0.0
 0.0
 0.0
 0.0
 0.0
 3.939846146360611
 0.0
 0.0
x_il_opt: 1-dimensional DenseAxisArray{Float64,1,...} with index sets:
    Dimension 1, [(43, 15), (43, 14), (44, 15), (44, 13), (44, 3), (40, 14), (40, 2), (41, 14), (42, 6), (37, 13)  …  (4, 13), (5, 2), (5, 7), (5, 9), (6, 11), (1, 1), (1, 6), (1, 3), (2, 1), (2, 15)]
And data, a 71-element Vector{Float64}:
 0.0
 0.0
 0.0
 2.315420144307796
 1.3809014122665706
 1.8146644980360698
 0.0
 0.0
 0.0
 0.684579855692204
 0.0
 0.0
 0.0
 0.0
 1.8628602421346039
 0.0
 0.0
 0.0
 7.5326191181766315
 0.0
 0.0
 0.0
 3.0
 0.9230140957739934
 2.0769859042260066
 0.0
 0.46738088182336845
 0.0
 3.0
 0.21926687043106605
 1.41510696555987
 0.0
 0.0
 0.0
 0.0
 0.0
 0.0
 0.0
 2.5284454623337704
 0.0
 0.0
 0.0
 3.0
 0.0
 0.0
 2.0769859042260066
 0.0
 3.0
 0.0
 0.0
 0.0
 0.0
 0.0
 0.0
 0.0
 0.0
 0.0
 5.722182402878812
 0.0
 0.0
 0.0
 0.0
 0.0
 0.0
 0.0
 0.0
 0.0
 4.060153853639389
 0.0
 0.0
 6.07557540088489
x_lj_opt: 1-dimensional DenseAxisArray{Float64,1,...} with index sets:
    Dimension 1, [(15, 30), (15, 29), (15, 23), (15, 3), (14, 28), (14, 27), (14, 10), (14, 24), (13, 26), (13, 25)  …  (3, 6), (3, 5), (3, 29), (2, 4), (2, 3), (2, 1), (2, 5), (1, 2), (1, 1), (1, 14)]
And data, a 53-element Vector{Float64}:
 1.2198817827938615
 3.896916184854616
 0.0
 0.9587774332364136
 0.8545926429307792
 0.9600718551052907
 0.0
 0.0
 2.0
 0.8905656621198016
 0.10943433788019856
 0.0
 0.0
 0.0
 1.0
 0.0
 0.0
 0.0
 2.0
 0.0
 0.0
 2.0
 1.0
 0.21926687043106605
 0.0
 0.0
 4.135654860772039
 3.8643451392279613
 0.0
 0.0
 2.0
 0.9928329121344492
 0.007167087865550895
 2.0
 6.0
 0.0
 2.0
 1.0
 0.0
 0.0
 0.0
 0.0
 0.0
 0.0
 5.0
 2.103083815145384
 2.0
 0.0
 0.0
 1.0000000000000002
 1.8905656621198015
 2.0529867657738388
 0.0
q_opt: 1-dimensional DenseAxisArray{Float64,1,...} with index sets:
    Dimension 1, [(43, 15), (43, 14), (44, 15), (44, 13), (44, 3), (40, 14), (40, 2), (41, 14), (42, 6), (37, 13)  …  (4, 13), (5, 2), (5, 7), (5, 9), (6, 11), (1, 1), (1, 6), (1, 3), (2, 1), (2, 15)]
And data, a 71-element Vector{Float64}:
 0.0
 0.0
 0.0
 0.7718067147692653
 0.19440871714369695
 1.0
 0.0
 0.0
 0.0
 0.22819328523073465
 0.0
 0.0
 0.0
 0.0
 0.23285753026682549
 0.0
 0.0
 0.0
 0.9415773897720789
 0.0
 0.0
 0.0
 1.0
 0.30767136525799776
 0.2596232380282508
 0.0
 0.05842261022792106
 0.0
 1.0
 1.0
 0.35884066243179563
 0.0
 0.0
 1.0
 0.0
 0.0
 0.0
 0.0
 0.6411593375682043
 0.0
 0.0
 0.0
 1.0
 0.0
 0.0
 0.6923286347420022
 0.0
 1.0
 0.0
 0.0
 0.0
 0.0
 0.0
 0.0
 0.0
 1.0
 0.0
 0.805591282856303
 0.0
 0.0
 0.0
 0.0
 0.0
 0.0
 0.0
 0.0
 0.0
 0.5075192317049236
 0.0
 0.0
 1.0
