
PROBLEM STATISTICS
  Objective sense = Min
  # Variables = 572
  # Bin-Int Variables = 0
  # Constraints = 621
  # NL Constraints = 261
  # Linear Constraints = 360
  # Detected convex constraints = 0
  # Detected nonlinear terms = 261
  # Variables involved in nonlinear terms = 124
  # Potential variables for partitioning = 124
SUB-SOLVERS USED BY ALPINE
  NLP local solver = Knitro
  MIP solver = Gurobi
ALPINE CONFIGURATION
  Maximum iterations (lower-bounding MIPs) =  1
  Relative global optimality gap = 0.01%
  Potential variables chosen for partitioning = All
  Discretization ratio = 10
  Bound-tightening presolve = false
PRESOLVE 
  Doing local search

Feasible solution found during presolve: [1.3821575034250593, 0.0, 0.0, 0.6178424965749407, 0.0, 0.0, 0.0, 0.0, 0.0, 0.0, 0.0, 0.0, 0.0, 0.0, 0.0, 0.0, 1.6465032593677504, 0.0, 0.0, 1.3534967406322496, 0.0, 0.0, 0.0, 0.0, 0.0, 0.0, 0.0, 0.0, 0.0, 0.89121887262734, 0.6151003561231664, 0.0, 0.0, 0.0, 0.0, 3.7552843867404104, 2.5918176046005477, 0.0, 0.0, 0.0, 0.0, 0.0, 0.0, 0.0, 0.0, 0.0, 0.0, 0.0, 0.0, 0.0, 0.0, 0.0, 0.0, 0.0, 0.0, 0.0, 0.0, 0.0, 0.0, 1.7966375671371888, 1.0, 0.0, 0.0, 0.0, 0.0, 0.0, 0.0, 0.0, 0.0, 0.0, 0.0, 0.0, 0.0, 0.0, 0.679520268637148, 2.038560805911444, 0.0, 0.4764825436622367, 1.4294476309867101, 0.0, 0.0, 0.0, 0.0, 0.0, 0.0, 0.0, 0.0, 0.0, 0.0, 0.0, 0.0, 0.0, 0.8439971877006152, 2.5319915631018453, 0.0, 0.0, 0.0, 0.0, 0.0, 0.0, 0.0, 0.4740439106851656, 0.5658622221548919, 1.0715346247124038, 0.19949226453956706, 0.2381322353701599, 0.4509347425378115, 0.0, 0.0, 0.0, 0.0, 0.0, 0.0, 0.0, 0.0, 0.0, 0.0, 0.0, 4.241795122260778, 3.170426906064812, 0.0, 0.0, 0.0, 0.3363679236392309, 0.2514100480351793, 0.0, 0.0, 0.0, 0.0, 0.0, 0.0, 0.0, 0.0, 0.0, 0.0, 0.0, 0.0, 0.0, 0.0, 0.0, 0.0, 0.0, 0.0, 0.0, 0.0, 0.0, 0.0, 0.0, 0.0, 0.0, 0.0, 0.0, 0.0, 0.7293798835673688, 0.3646899417836844, 0.0, 0.0, 1.2706201164326312, 0.6353100582163156, 0.0, 0.0, 0.0, 0.0, 0.0, 0.0, 0.0, 0.0, 0.0, 0.0, 0.0, 0.0, 0.0, 0.0, 2.0, 0.0, 0.0, 0.0, 0.6424481812327621, 0.0, 0.0, 0.0, 0.0, 0.0, 0.0, 0.0, 0.0, 0.0, 0.0, 0.0, 0.0, 0.0, 0.0, 0.0, 0.0, 1.357551818767238, 0.9755099208127207, 0.6669382604200412, 0.0, 0.0, 0.0, 0.0, 0.0, 0.0, 0.0, 0.0, 0.0, 1.4453643016942381, 0.722682150847119, 0.0, 0.5546356983057618, 0.2773178491528808, 0.0, 0.0, 0.0, 0.0, 0.0, 0.0, 0.0, 0.0, 0.0, 0.0, 0.0, 0.0, 0.0, 0.0, 0.0, 0.36511579120570503, 0.0, 0.0, 0.0, 0.0, 0.0, 0.0, 0.0, 0.634884208794295, 0.0, 0.0, 0.0, 0.0, 0.0, 0.0, 0.0, 0.0, 0.0, 0.0, 0.0, 0.0, 0.0, 0.0, 0.0, 0.0, 0.0, 0.0, 0.0, 0.0, 0.0, 0.0, 2.0, 2.1261437788562443, 0.0, 1.0, 0.0, 0.0, 0.0, 2.168046452541357, 1.5063192287505065, 0.36511579120570503, 0.0, 0.0, 0.0, 0.8319535474586426, 0.0, 3.0, 0.0, 0.0, 2.718081074548592, 0.0, 0.0, 0.0, 7.41222202832559, 0.0, 0.0, 0.634884208794295, 3.0, 1.0940698253510532, 1.9059301746489468, 0.0, 0.5877779716744101, 0.0, 2.642448181232762, 0.0, 1.3821575034250593, 0.0, 0.0, 0.0, 0.0, 0.0, 0.0, 0.0, 0.6178424965749407, 0.0, 0.0, 0.0, 2.796637567137189, 0.0, 0.0, 1.9059301746489468, 0.0, 2.111440757552461, 0.0, 0.0, 0.0, 0.0, 0.0, 0.0, 0.0, 0.0, 0.0, 6.347101991340957, 0.0, 0.0, 0.0, 0.0, 0.0, 0.8885592424475385, 0.0, 0.0, 0.0, 3.3759887508024606, 0.0, 0.0, 5.126143778856244, 2.0, 2.1261437788562443, 0.0, 1.0, 0.0, 1.0, 0.0, 0.0, 2.0, 1.0, 0.0, 1.357551818767238, 0.9755099208127207, 0.6669382604200411, 2.0, 0.0, 0.0, 0.0, 0.6424481812327621, 0.0, 0.0, 2.0, 1.0, 0.0, 0.0, 0.0, 4.578163045900009, 3.4218369540999913, 0.0, 0.0, 0.6735361752247327, 0.8039944575250518, 1.5224693672502152, 2.0, 6.0, 0.0, 1.7966375671371888, 1.0, 0.0, 0.0, 0.0, 0.0, 0.0, 0.0, 4.64650325936775, 3.206917960723714, 1.6465032593677504, 0.0, 0.0, 1.3534967406322496, 2.0, 0.0, 0.0, 0.0, 0.0, 1.41222202832559, 0.0, 0.0, 0.0, 1.9688865791771484, 0.0, 0.0, 0.0, 0.0, 0.0, 0.0, 0.0, 0.0, 0.0, 0.0, 0.0, 0.2872503972232105, 0.0, 0.0, 0.0, 0.0, 0.0, 0.0, 0.0, 0.0, 2.0, 0.031113420822851696, 0.0, 0.0, 0.0, 0.0, 0.0, 0.0, 0.0, 0.0, 0.0, 0.0, 0.0, 0.0, 0.0, 0.0, 0.5877779716744101, 0.0, 0.0, 0.0, 0.0, 0.0, 0.0, 0.0, 0.0, 0.0, 0.0, 0.0, 0.35755181876723796, 0.0, 1.4218369540999907, 0.19600554247494997, 2.0, 0.0, 0.0, 0.0, 0.0, 6.0, 0.0, 0.0, 0.0, 0.0, 0.7127496027767896, 0.0, 0.0, 0.0, 0.0, 0.0, 0.0, 0.0, 0.5451531577704657, 0.0, 0.0, 0.0, 0.0, 0.0, 0.0, 0.0, 0.0, 0.0, 0.2033624328628113, 0.0, 0.0, 0.35349674063224973, 1.4548468422295344, 0.0, 0.0, 0.0, 0.0, 0.0, 0.0, 0.0, 0.0, 0.0, 0.0, 0.0, 0.0, 0.0, 1.2044732875147923, 0.0, 0.0, 0.0, 0.0, 0.12199053726047486, 0.0, 0.02449007918727935, 4.477530632749785, 0.0, 0.0, 0.0, 0.0, 0.0, 0.7226821508471191, 0.19180420692282224, 0.36511579120570503, 0.0, 0.0, 0.0, 0.2773178491528809, 0.0, 1.0, 0.0, 0.0, 0.339760134318574, 0.0, 0.0, 0.0, 0.9265277535406987, 0.0, 0.0, 0.634884208794295, 1.0, 0.3646899417836844, 0.23824127183111835, 0.0, 0.07347224645930127, 0.0, 1.0, 1.0, 0.6910787517125296, 0.0, 0.0, 0.0, 0.0, 0.0, 0.0, 0.0, 0.30892124828747036, 0.0, 0.0, 0.0, 1.0, 0.0, 0.0, 0.6353100582163156, 0.0, 0.7038135858508204, 0.0, 0.0, 0.0, 0.0, 0.0, 0.0, 0.0, 1.0, 0.0, 0.8081957930771777, 0.0, 0.0, 0.0, 0.0, 0.0, 0.2961864141491795, 0.0, 0.0, 0.0, 0.4219985938503076, 0.0, 0.0, 1.0]  :with objective: -618.5859137951837

  Local solver returns a feasible point with value -618.5859
disc:  333  :[0.0, 1.8, 2.0]
disc:  334  :[0.0, 1.5261437788562442, 2.7261437788562444, 6.0]
disc:  335  :[0.0, 0.1, 1.0]
disc:  336  :[0.0, 0.9, 1.0]
disc:  337  :[0.0, 0.2, 2.0]
disc:  338  :[0.0, 0.9, 1.0]
disc:  339  :[0.0, 0.2, 2.0]
disc:  340  :[0.0, 0.2, 2.0]
disc:  341  :[0.0, 1.8, 2.0]
disc:  342  :[0.0, 0.9, 1.0]
disc:  343  :[0.0, 0.2, 2.0]
disc:  344  :[0.0, 1.157551818767238, 1.557551818767238, 2.0]
disc:  345  :[0.0, 0.8755099208127207, 1.0]
disc:  346  :[0.0, 0.36693826042004113, 0.9669382604200412, 3.0]
disc:  347  :[0.0, 1.8, 2.0]
disc:  348  :[0.0, 0.6, 6.0]
disc:  349  :[0.0, 0.2, 2.0]
disc:  350  :[0.0, 0.1, 1.0]
disc:  351  :[0.0, 0.44244818123276214, 0.8424481812327622, 2.0]
disc:  352  :[0.0, 0.6, 6.0]
disc:  353  :[0.0, 0.1, 1.0]
disc:  354  :[0.0, 1.8, 2.0]
disc:  355  :[0.0, 0.9, 1.0]
disc:  356  :[0.0, 0.2, 2.0]
disc:  357  :[0.0, 0.1, 1.0]
disc:  358  :[0.0, 0.2, 2.0]
disc:  359  :[0.0, 3.978163045900009, 5.178163045900009, 6.0]
disc:  360  :[0.0, 2.8218369540999912, 4.021836954099991, 6.0]
disc:  361  :[0.0, 0.2, 2.0]
disc:  362  :[0.0, 0.1, 1.0]
disc:  363  :[0.0, 0.47353617522473274, 0.8735361752247328, 2.0]
disc:  364  :[0.0, 0.7039944575250519, 0.9039944575250518, 1.0]
disc:  365  :[0.0, 1.2224693672502152, 1.8224693672502152, 3.0]
disc:  366  :[0.0, 1.8, 2.0]
disc:  367  :[0.0, 5.4, 6.0]
disc:  368  :[0.0, 0.2, 2.0]
disc:  369  :[0.0, 1.5966375671371889, 1.9966375671371888, 2.0]
disc:  370  :[0.0, 0.9, 1.0]
disc:  371  :[0.0, 0.2, 2.0]
disc:  372  :[0.0, 0.2, 2.0]
disc:  373  :[0.0, 0.2, 2.0]
disc:  374  :[0.0, 0.6, 6.0]
disc:  375  :[0.0, 0.2, 2.0]
disc:  376  :[0.0, 0.2, 2.0]
disc:  377  :[0.0, 4.046503259367751, 5.24650325936775, 6.0]
disc:  378  :[0.0, 2.606917960723714, 3.8069179607237142, 6.0]
disc:  379  :[0.0, 1.4465032593677505, 1.8465032593677504, 2.0]
disc:  380  :[0.0, 0.1, 1.0]
disc:  381  :[0.0, 0.3, 3.0]
disc:  382  :[0.0, 1.0534967406322495, 1.6534967406322496, 3.0]
disc:  383  :[0.0, 1.8, 2.0]
disc:  384  :[0.0, 0.6, 6.0]
disc:  385  :[0.0, 0.2, 2.0]
disc:  502  :[0.0, 0.1, 1.0]
disc:  503  :[0.0, 0.1, 1.0]
disc:  504  :[0.0, 0.1, 1.0]
disc:  505  :[0.0, 0.6226821508471191, 0.822682150847119, 1.0]
disc:  506  :[0.0, 0.09180420692282223, 0.2918042069228223, 1.0]
disc:  507  :[0.0, 0.26511579120570505, 0.465115791205705, 1.0]
disc:  508  :[0.0, 0.1, 1.0]
disc:  509  :[0.0, 0.1, 1.0]
disc:  510  :[0.0, 0.1, 1.0]
disc:  511  :[0.0, 0.17731784915288087, 0.3773178491528809, 1.0]
disc:  512  :[0.0, 0.1, 1.0]
disc:  513  :[0.0, 0.9, 1.0]
disc:  514  :[0.0, 0.1, 1.0]
disc:  515  :[0.0, 0.1, 1.0]
disc:  516  :[0.0, 0.239760134318574, 0.43976013431857397, 1.0]
disc:  517  :[0.0, 0.1, 1.0]
disc:  518  :[0.0, 0.1, 1.0]
disc:  519  :[0.0, 0.1, 1.0]
disc:  520  :[0.0, 0.8265277535406987, 1.0]
disc:  521  :[0.0, 0.1, 1.0]
disc:  522  :[0.0, 0.1, 1.0]
disc:  523  :[0.0, 0.534884208794295, 0.734884208794295, 1.0]
disc:  524  :[0.0, 0.9, 1.0]
disc:  525  :[0.0, 0.26468994178368443, 0.4646899417836844, 1.0]
disc:  526  :[0.0, 0.13824127183111834, 0.33824127183111835, 1.0]
disc:  527  :[0.0, 0.1, 1.0]
disc:  528  :[0.0, 0.17347224645930126, 1.0]
disc:  529  :[0.0, 0.1, 1.0]
disc:  530  :[0.0, 0.9, 1.0]
disc:  531  :[0.0, 0.9, 1.0]
disc:  532  :[0.0, 0.5910787517125297, 0.7910787517125296, 1.0]
disc:  533  :[0.0, 0.1, 1.0]
disc:  534  :[0.0, 0.1, 1.0]
disc:  535  :[0.0, 0.1, 1.0]
disc:  536  :[0.0, 0.1, 1.0]
disc:  537  :[0.0, 0.1, 1.0]
disc:  538  :[0.0, 0.1, 1.0]
disc:  539  :[0.0, 0.1, 1.0]
disc:  540  :[0.0, 0.20892124828747036, 0.40892124828747034, 1.0]
disc:  541  :[0.0, 0.1, 1.0]
disc:  542  :[0.0, 0.1, 1.0]
disc:  543  :[0.0, 0.1, 1.0]
disc:  544  :[0.0, 0.9, 1.0]
disc:  545  :[0.0, 0.1, 1.0]
disc:  546  :[0.0, 0.1, 1.0]
disc:  547  :[0.0, 0.5353100582163156, 0.7353100582163156, 1.0]
disc:  548  :[0.0, 0.1, 1.0]
disc:  549  :[0.0, 0.6038135858508205, 0.8038135858508204, 1.0]
disc:  550  :[0.0, 0.1, 1.0]
disc:  551  :[0.0, 0.1, 1.0]
disc:  552  :[0.0, 0.1, 1.0]
disc:  553  :[0.0, 0.1, 1.0]
disc:  554  :[0.0, 0.1, 1.0]
disc:  555  :[0.0, 0.1, 1.0]
disc:  556  :[0.0, 0.1, 1.0]
disc:  557  :[0.0, 0.9, 1.0]
disc:  558  :[0.0, 0.1, 1.0]
disc:  559  :[0.0, 0.7081957930771777, 0.9081957930771777, 1.0]
disc:  560  :[0.0, 0.1, 1.0]
disc:  561  :[0.0, 0.1, 1.0]
disc:  562  :[0.0, 0.1, 1.0]
disc:  563  :[0.0, 0.1, 1.0]
disc:  564  :[0.0, 0.1, 1.0]
disc:  565  :[0.0, 0.1961864141491795, 0.39618641414917954, 1.0]
disc:  566  :[0.0, 0.1, 1.0]
disc:  567  :[0.0, 0.1, 1.0]
disc:  568  :[0.0, 0.1, 1.0]
disc:  569  :[0.0, 0.3219985938503076, 0.5219985938503076, 1.0]
disc:  570  :[0.0, 0.1, 1.0]
disc:  571  :[0.0, 0.1, 1.0]
disc:  572  :[0.0, 0.9, 1.0]
  Completed presolve in 7.75s
LOWER-BOUNDING ITERATIONS
====================================================================================================
| Iter   | Incumbent       | Best Incumbent      | Lower Bound        | Gap (%)         | Time      
| finish | -618.5859       | -618.5859           | -632.504           | 2.25            | 19.99s           
Final UBD: -618.5859137951837
Final LBD: -632.5039866826774
====================================================================================================

*** Alpine ended with status OTHER_LIMIT ***

 Total time for local solves: 5.36s

 Total time for solving max-min problems: 0.0s

 Total time excluding max-min time: 19.99s

presolve objective value: -618.5859137951837
w_opt: 1-dimensional DenseAxisArray{Float64,1,...} with index sets:
    Dimension 1, [(25, 1, 2), (25, 1, 1), (25, 1, 14), (20, 1, 2), (20, 1, 1), (20, 1, 14), (1, 1, 2), (1, 1, 1), (1, 1, 14), (2, 1, 2)  …  (20, 15, 23), (20, 15, 3), (8, 15, 30), (8, 15, 29), (8, 15, 23), (8, 15, 3), (2, 15, 30), (2, 15, 29), (2, 15, 23), (2, 15, 3)]
And data, a 261-element Vector{Float64}:
 1.3821575034250593
 0.0
 0.0
 0.6178424965749407
 0.0
 0.0
 0.0
 0.0
 0.0
 0.0
 0.0
 0.0
 0.0
 0.0
 0.0
 0.0
 1.6465032593677504
 0.0
 0.0
 1.3534967406322496
 0.0
 0.0
 0.0
 0.0
 0.0
 0.0
 0.0
 0.0
 0.0
 0.89121887262734
 0.6151003561231664
 0.0
 0.0
 0.0
 0.0
 3.7552843867404104
 2.5918176046005477
 0.0
 0.0
 0.0
 0.0
 0.0
 0.0
 0.0
 0.0
 0.0
 0.0
 0.0
 0.0
 0.0
 0.0
 0.0
 0.0
 0.0
 0.0
 0.0
 0.0
 0.0
 0.0
 1.7966375671371888
 1.0
 0.0
 0.0
 0.0
 0.0
 0.0
 0.0
 0.0
 0.0
 0.0
 0.0
 0.0
 0.0
 0.0
 0.679520268637148
 2.038560805911444
 0.0
 0.4764825436622367
 1.4294476309867101
 0.0
 0.0
 0.0
 0.0
 0.0
 0.0
 0.0
 0.0
 0.0
 0.0
 0.0
 0.0
 0.0
 0.8439971877006152
 2.5319915631018453
 0.0
 0.0
 0.0
 0.0
 0.0
 0.0
 0.0
 0.4740439106851656
 0.5658622221548919
 1.0715346247124038
 0.19949226453956706
 0.2381322353701599
 0.4509347425378115
 0.0
 0.0
 0.0
 0.0
 0.0
 0.0
 0.0
 0.0
 0.0
 0.0
 0.0
 4.241795122260778
 3.170426906064812
 0.0
 0.0
 0.0
 0.3363679236392309
 0.2514100480351793
 0.0
 0.0
 0.0
 0.0
 0.0
 0.0
 0.0
 0.0
 0.0
 0.0
 0.0
 0.0
 0.0
 0.0
 0.0
 0.0
 0.0
 0.0
 0.0
 0.0
 0.0
 0.0
 0.0
 0.0
 0.0
 0.0
 0.0
 0.0
 0.7293798835673688
 0.3646899417836844
 0.0
 0.0
 1.2706201164326312
 0.6353100582163156
 0.0
 0.0
 0.0
 0.0
 0.0
 0.0
 0.0
 0.0
 0.0
 0.0
 0.0
 0.0
 0.0
 0.0
 2.0
 0.0
 0.0
 0.0
 0.6424481812327621
 0.0
 0.0
 0.0
 0.0
 0.0
 0.0
 0.0
 0.0
 0.0
 0.0
 0.0
 0.0
 0.0
 0.0
 0.0
 0.0
 1.357551818767238
 0.9755099208127207
 0.6669382604200412
 0.0
 0.0
 0.0
 0.0
 0.0
 0.0
 0.0
 0.0
 0.0
 1.4453643016942381
 0.722682150847119
 0.0
 0.5546356983057618
 0.2773178491528808
 0.0
 0.0
 0.0
 0.0
 0.0
 0.0
 0.0
 0.0
 0.0
 0.0
 0.0
 0.0
 0.0
 0.0
 0.0
 0.36511579120570503
 0.0
 0.0
 0.0
 0.0
 0.0
 0.0
 0.0
 0.634884208794295
 0.0
 0.0
 0.0
 0.0
 0.0
 0.0
 0.0
 0.0
 0.0
 0.0
 0.0
 0.0
 0.0
 0.0
 0.0
 0.0
 0.0
 0.0
 0.0
 0.0
 0.0
 0.0
 2.0
 2.1261437788562443
 0.0
 1.0
x_ij_opt: 1-dimensional DenseAxisArray{Float64,1,...} with index sets:
    Dimension 1, [(43, 30), (43, 22), (43, 6), (44, 22), (45, 30), (45, 29), (45, 28), (45, 24), (45, 23), (40, 29)  …  (5, 7), (5, 14), (6, 4), (6, 3), (1, 14), (1, 10), (1, 23), (1, 1), (3, 2), (3, 1)]
And data, a 116-element Vector{Float64}:
 0.0
 0.0
 1.41222202832559
 0.0
 0.0
 0.0
 1.9688865791771484
 0.0
 0.0
 0.0
 0.0
 0.0
 0.0
 0.0
 0.0
 0.0
 0.0
 0.0
 0.2872503972232105
 0.0
 0.0
 0.0
 0.0
 0.0
 0.0
 0.0
 0.0
 2.0
 0.031113420822851696
 0.0
 0.0
 0.0
 0.0
 0.0
 0.0
 0.0
 0.0
 0.0
 0.0
 0.0
 0.0
 0.0
 0.0
 0.5877779716744101
 0.0
 0.0
 0.0
 0.0
 0.0
 0.0
 0.0
 0.0
 0.0
 0.0
 0.0
 0.35755181876723796
 0.0
 1.4218369540999907
 0.19600554247494997
 2.0
 0.0
 0.0
 0.0
 0.0
 6.0
 0.0
 0.0
 0.0
 0.0
 0.7127496027767896
 0.0
 0.0
 0.0
 0.0
 0.0
 0.0
 0.0
 0.5451531577704657
 0.0
 0.0
 0.0
 0.0
 0.0
 0.0
 0.0
 0.0
 0.0
 0.2033624328628113
 0.0
 0.0
 0.35349674063224973
 1.4548468422295344
 0.0
 0.0
 0.0
 0.0
 0.0
 0.0
 0.0
 0.0
 0.0
 0.0
 0.0
 0.0
 0.0
 1.2044732875147923
 0.0
 0.0
 0.0
 0.0
 0.12199053726047486
 0.0
 0.02449007918727935
 4.477530632749785
 0.0
 0.0
x_il_opt: 1-dimensional DenseAxisArray{Float64,1,...} with index sets:
    Dimension 1, [(43, 15), (43, 14), (44, 15), (44, 13), (44, 3), (40, 14), (40, 2), (41, 14), (42, 6), (37, 13)  …  (4, 13), (5, 2), (5, 7), (5, 9), (6, 11), (1, 1), (1, 6), (1, 3), (2, 1), (2, 15)]
And data, a 71-element Vector{Float64}:
 0.0
 0.0
 0.0
 2.168046452541357
 1.5063192287505065
 0.36511579120570503
 0.0
 0.0
 0.0
 0.8319535474586426
 0.0
 3.0
 0.0
 0.0
 2.718081074548592
 0.0
 0.0
 0.0
 7.41222202832559
 0.0
 0.0
 0.634884208794295
 3.0
 1.0940698253510532
 1.9059301746489468
 0.0
 0.5877779716744101
 0.0
 2.642448181232762
 0.0
 1.3821575034250593
 0.0
 0.0
 0.0
 0.0
 0.0
 0.0
 0.0
 0.6178424965749407
 0.0
 0.0
 0.0
 2.796637567137189
 0.0
 0.0
 1.9059301746489468
 0.0
 2.111440757552461
 0.0
 0.0
 0.0
 0.0
 0.0
 0.0
 0.0
 0.0
 0.0
 6.347101991340957
 0.0
 0.0
 0.0
 0.0
 0.0
 0.8885592424475385
 0.0
 0.0
 0.0
 3.3759887508024606
 0.0
 0.0
 5.126143778856244
x_lj_opt: 1-dimensional DenseAxisArray{Float64,1,...} with index sets:
    Dimension 1, [(15, 30), (15, 29), (15, 23), (15, 3), (14, 28), (14, 27), (14, 10), (14, 24), (13, 26), (13, 25)  …  (3, 6), (3, 5), (3, 29), (2, 4), (2, 3), (2, 1), (2, 5), (1, 2), (1, 1), (1, 14)]
And data, a 53-element Vector{Float64}:
 2.0
 2.1261437788562443
 0.0
 1.0
 0.0
 1.0
 0.0
 0.0
 2.0
 1.0
 0.0
 1.357551818767238
 0.9755099208127207
 0.6669382604200411
 2.0
 0.0
 0.0
 0.0
 0.6424481812327621
 0.0
 0.0
 2.0
 1.0
 0.0
 0.0
 0.0
 4.578163045900009
 3.4218369540999913
 0.0
 0.0
 0.6735361752247327
 0.8039944575250518
 1.5224693672502152
 2.0
 6.0
 0.0
 1.7966375671371888
 1.0
 0.0
 0.0
 0.0
 0.0
 0.0
 0.0
 4.64650325936775
 3.206917960723714
 1.6465032593677504
 0.0
 0.0
 1.3534967406322496
 2.0
 0.0
 0.0
q_opt: 1-dimensional DenseAxisArray{Float64,1,...} with index sets:
    Dimension 1, [(43, 15), (43, 14), (44, 15), (44, 13), (44, 3), (40, 14), (40, 2), (41, 14), (42, 6), (37, 13)  …  (4, 13), (5, 2), (5, 7), (5, 9), (6, 11), (1, 1), (1, 6), (1, 3), (2, 1), (2, 15)]
And data, a 71-element Vector{Float64}:
 0.0
 0.0
 0.0
 0.7226821508471191
 0.19180420692282224
 0.36511579120570503
 0.0
 0.0
 0.0
 0.2773178491528809
 0.0
 1.0
 0.0
 0.0
 0.339760134318574
 0.0
 0.0
 0.0
 0.9265277535406987
 0.0
 0.0
 0.634884208794295
 1.0
 0.3646899417836844
 0.23824127183111835
 0.0
 0.07347224645930127
 0.0
 1.0
 1.0
 0.6910787517125296
 0.0
 0.0
 0.0
 0.0
 0.0
 0.0
 0.0
 0.30892124828747036
 0.0
 0.0
 0.0
 1.0
 0.0
 0.0
 0.6353100582163156
 0.0
 0.7038135858508204
 0.0
 0.0
 0.0
 0.0
 0.0
 0.0
 0.0
 1.0
 0.0
 0.8081957930771777
 0.0
 0.0
 0.0
 0.0
 0.0
 0.2961864141491795
 0.0
 0.0
 0.0
 0.4219985938503076
 0.0
 0.0
 1.0
