
PROBLEM STATISTICS
  Objective sense = Min
  # Variables = 572
  # Bin-Int Variables = 0
  # Constraints = 621
  # NL Constraints = 261
  # Linear Constraints = 360
  # Detected convex constraints = 0
  # Detected nonlinear terms = 261
  # Variables involved in nonlinear terms = 124
  # Potential variables for partitioning = 124
SUB-SOLVERS USED BY ALPINE
  NLP local solver = Knitro
  MIP solver = Gurobi
ALPINE CONFIGURATION
  Maximum iterations (lower-bounding MIPs) =  1
  Relative global optimality gap = 0.01%
  Potential variables chosen for partitioning = All
  Discretization ratio = 10
  Bound-tightening presolve = false
PRESOLVE 
  Doing local search

Feasible solution found during presolve: [1.0796157436878575, 1.9203842563121425, 0.0, 0.7948979438478144, 1.4139377882040098, 0.0, 0.0, 0.0, 0.0, 0.0, 0.0, 0.0, 0.0, 0.0, 0.0, 0.0, 1.8868482498906685, 0.0, 0.0, 1.1131517501093315, 0.0, 0.0, 0.0, 0.0, 0.0, 0.0, 0.0, 0.0, 0.0, 2.8330362089898093, 1.8047770630768103, 0.0, 0.0, 0.0, 0.0, 0.0, 0.0, 0.0, 0.0, 0.0, 0.0, 2.05381204090086, 1.3083746870325212, 0.4713809014873173, 1.3269830459322631, 0.04730472700129552, 0.0, 0.0, 0.0, 0.6561506868451441, 1.847127947426488, 0.06584702310803571, 0.0, 0.0, 0.0, 0.0, 0.0, 0.0, 0.0, 2.0, 1.0, 0.0, 0.0, 0.0, 0.0, 0.0, 0.0, 0.0, 0.0, 0.0, 0.0, 0.21997551646736152, 0.6599265494020846, 0.0, 0.7499999999999999, 2.25, 0.0, 0.4423935145017896, 1.3271805435053687, 0.0, 0.0, 0.0, 0.0, 0.0, 0.0, 0.0, 0.0, 0.0, 0.0, 0.0, 0.0, 0.0, 0.5876309690308488, 1.7628929070925463, 0.0, 0.0, 0.0, 0.0, 0.0, 0.0, 0.0, 1.579962032440202, 0.9810115633339199, 0.439026404225878, 0.0, 0.0, 0.0, 0.0, 0.0, 0.0, 0.0, 0.0, 0.0, 0.0, 0.0, 0.0, 0.0, 0.0, 5.37979753251569, 1.7762401867181452, 0.0, 0.0170256574537511, 0.0, 0.6202024674843095, 0.20477137661577474, 0.0, 0.0019627792123287557, 0.0, 0.0, 0.0, 0.0, 0.0, 0.0, 0.0, 0.0, 0.0, 0.0, 0.0, 0.0, 0.0, 0.0, 0.0, 0.0, 0.0, 0.0, 0.0, 0.0, 0.0, 0.0, 0.0, 0.0, 0.0, 0.0, 0.820283961328561, 0.4101419806642805, 0.0, 0.0, 1.1797160386714391, 0.5898580193357196, 0.0, 0.0, 0.0, 0.0, 0.0, 0.0, 0.0, 0.0, 0.0, 0.0, 0.0, 0.0, 0.0, 0.0, 1.6213020276367636, 0.0, 0.0, 0.0, 0.5338205290559069, 0.0, 0.0, 0.0, 0.0, 0.0, 0.0, 0.0, 0.0, 0.0, 0.0, 0.0, 0.0, 0.0, 0.0, 0.0, 0.0, 1.4661794709440932, 0.9393621553147449, 0.5944583737411617, 0.0, 0.0, 0.0, 0.0, 0.0, 0.0, 0.0, 0.0, 0.0, 1.5316156430940653, 0.6697094219647549, 0.09609839958227737, 0.4683843569059349, 0.20480426557091658, 0.02938791288205076, 0.0, 0.0, 0.0, 0.0, 0.0, 0.0, 0.0, 0.0, 0.0, 0.0, 0.0, 0.0, 0.0, 0.0, 0.2885370213132374, 0.0, 0.0, 0.0, 0.0, 0.0, 0.0, 0.0, 0.7114629786867626, 0.0, 0.0, 0.0, 0.0, 0.0, 0.0, 0.0, 0.0, 0.0, 0.0, 0.0, 0.0, 0.0, 0.0, 0.0, 0.0, 0.0, 0.0, 0.0, 0.0, 0.0, 0.0, 2.0, 2.2923898761495063, 0.0, 1.0, 0.0, 0.0, 0.0, 2.297423464641098, 4.637813272066619, 0.2885370213132374, 0.0, 0.0, 0.8799020658694461, 0.7025765353589023, 0.0, 3.0, 0.0, 0.0, 3.0, 0.0, 0.0, 0.0, 7.173063376687587, 0.0, 1.8456686744208761, 0.7114629786867626, 3.0, 1.2304259419928414, 1.7695740580071584, 0.0, 0.826936623312413, 0.0, 2.1551225566926706, 0.0, 3.0, 0.0, 0.0, 0.0, 0.0, 0.0, 0.0, 0.0, 2.208835732051824, 0.0, 0.0, 0.0, 3.0, 0.0, 0.0, 1.7695740580071586, 0.0, 3.0, 0.0, 0.0, 0.0, 0.0, 0.0, 0.0, 2.5691256573796672, 0.0, 0.0, 0.0, 0.0, 0.0, 0.0, 0.0, 0.0, 0.0, 0.0, 0.0, 0.0, 2.350523876123395, 3.362186727933381, 0.0, 5.292389876149507, 2.0, 2.2923898761495063, 0.0, 1.0, 0.0, 1.0, 0.0, 0.0, 2.0, 0.8745136875356715, 0.12548631246432812, 1.4661794709440932, 0.9393621553147449, 0.594458373741162, 1.6213020276367636, 0.0, 0.0, 0.0, 0.5338205290559069, 0.0, 0.0, 2.0, 1.0, 0.0, 0.0, 0.0, 6.0, 1.9810115633339198, 0.0, 0.018988436666080293, 1.579962032440202, 0.9810115633339198, 0.439026404225878, 2.0, 6.0, 0.0, 2.0, 1.0, 0.0, 0.0, 1.1275315883324615, 3.174110993358751, 0.11315175010933122, 0.0, 4.886848249890669, 3.1131517501093318, 1.8868482498906687, 0.0, 0.0, 1.1131517501093315, 1.874513687535672, 3.3343220445161523, 0.0, 0.0, 0.37869797236323643, 1.3508715554897206, 0.0, 0.0, 0.0, 1.9682517900814007, 0.0, 0.0, 0.0, 0.0, 0.0, 0.0, 0.0, 0.0, 0.0, 0.0, 0.0, 0.20883573205182407, 0.0, 0.0, 0.0, 0.0, 0.0, 0.0, 0.0, 0.0, 2.0, 0.03174820991859936, 0.0, 0.0, 0.0, 0.0, 0.0, 0.0, 0.0, 0.0, 0.0, 0.0, 0.0, 0.0, 0.0, 0.0, 0.6491284445102793, 0.0, 0.0, 0.0, 0.0, 0.0, 0.0, 0.0, 0.0, 0.0, 0.0, 0.0, 0.8448774433073294, 0.0, 0.0, 0.0, 2.0, 0.0, 0.0, 0.0, 0.0, 6.0, 0.0, 0.0, 0.0, 0.0, 0.791164267948176, 0.0, 0.0, 0.0, 0.0, 0.0, 0.0, 0.0, 0.8724684116675385, 0.0, 0.0, 0.0, 0.0, 0.0, 0.0, 0.0, 0.0, 0.0, 0.0, 0.0, 0.0, 0.0, 0.0, 0.0, 0.0, 0.0, 0.0, 0.0, 0.1254863124643285, 0.0, 0.0, 0.0, 0.0, 0.0, 0.0, 0.0, 0.42003796755979783, 0.0, 0.0, 0.0, 0.0, 0.0, 0.0, 0.06063784468525523, 2.2266515512579694, 0.0, 0.0, 0.0, 0.0, 0.0, 0.7658078215470326, 0.5797266590083274, 0.28853702131323744, 0.0, 0.0, 0.10998775823368076, 0.23419217845296744, 0.0, 1.0, 0.0, 0.0, 0.375, 0.0, 0.0, 0.0, 0.8966329220859484, 0.0, 0.41806447496912785, 0.7114629786867626, 1.0, 0.4101419806642805, 0.2211967572508948, 0.0, 0.10336707791405159, 0.0, 1.0, 0.0, 0.5759444440798795, 0.0, 0.0, 0.0, 0.0, 0.0, 0.0, 0.0, 0.4240555559201205, 0.0, 0.0, 0.0, 1.0, 0.0, 0.0, 0.5898580193357196, 0.0, 1.0, 0.0, 0.0, 0.0, 0.0, 0.0, 0.0, 0.5819355250308722, 0.0, 0.0, 0.0, 0.0, 0.0, 0.0, 0.0, 0.0, 0.0, 1.0, 0.0, 0.0, 0.2938154845154244, 0.4202733409916727, 0.0, 1.0]  :with objective: -625.2002592398842

  Local solver returns a feasible point with value -625.2003
disc:  333  :[0.0, 1.8, 2.0]
disc:  334  :[0.0, 1.6923898761495062, 2.8923898761495064, 6.0]
disc:  335  :[0.0, 0.1, 1.0]
disc:  336  :[0.0, 0.9, 1.0]
disc:  337  :[0.0, 0.2, 2.0]
disc:  338  :[0.0, 0.9, 1.0]
disc:  339  :[0.0, 0.2, 2.0]
disc:  340  :[0.0, 0.2, 2.0]
disc:  341  :[0.0, 1.8, 2.0]
disc:  342  :[0.0, 0.7745136875356715, 0.9745136875356715, 1.0]
disc:  343  :[0.0, 0.32548631246432813, 2.0]
disc:  344  :[0.0, 1.2661794709440932, 1.6661794709440931, 2.0]
disc:  345  :[0.0, 0.8393621553147449, 1.0]
disc:  346  :[0.0, 0.29445837374116196, 0.894458373741162, 3.0]
disc:  347  :[0.0, 1.4213020276367636, 1.8213020276367635, 2.0]
disc:  348  :[0.0, 0.6, 6.0]
disc:  349  :[0.0, 0.2, 2.0]
disc:  350  :[0.0, 0.1, 1.0]
disc:  351  :[0.0, 0.3338205290559069, 0.733820529055907, 2.0]
disc:  352  :[0.0, 0.6, 6.0]
disc:  353  :[0.0, 0.1, 1.0]
disc:  354  :[0.0, 1.8, 2.0]
disc:  355  :[0.0, 0.9, 1.0]
disc:  356  :[0.0, 0.2, 2.0]
disc:  357  :[0.0, 0.1, 1.0]
disc:  358  :[0.0, 0.2, 2.0]
disc:  359  :[0.0, 5.4, 6.0]
disc:  360  :[0.0, 1.38101156333392, 2.5810115633339197, 6.0]
disc:  361  :[0.0, 0.2, 2.0]
disc:  362  :[0.0, 0.1189884366660803, 1.0]
disc:  363  :[0.0, 1.379962032440202, 1.779962032440202, 2.0]
disc:  364  :[0.0, 0.8810115633339198, 1.0]
disc:  365  :[0.0, 0.13902640422587803, 0.7390264042258781, 3.0]
disc:  366  :[0.0, 1.8, 2.0]
disc:  367  :[0.0, 5.4, 6.0]
disc:  368  :[0.0, 0.2, 2.0]
disc:  369  :[0.0, 1.8, 2.0]
disc:  370  :[0.0, 0.9, 1.0]
disc:  371  :[0.0, 0.2, 2.0]
disc:  372  :[0.0, 0.2, 2.0]
disc:  373  :[0.0, 0.9275315883324615, 1.3275315883324614, 2.0]
disc:  374  :[0.0, 2.574110993358751, 3.774110993358751, 6.0]
disc:  375  :[0.0, 0.3131517501093312, 2.0]
disc:  376  :[0.0, 0.2, 2.0]
disc:  377  :[0.0, 4.286848249890669, 5.486848249890668, 6.0]
disc:  378  :[0.0, 2.5131517501093317, 3.713151750109332, 6.0]
disc:  379  :[0.0, 1.6868482498906687, 2.0]
disc:  380  :[0.0, 0.1, 1.0]
disc:  381  :[0.0, 0.3, 3.0]
disc:  382  :[0.0, 0.8131517501093315, 1.4131517501093316, 3.0]
disc:  383  :[0.0, 1.674513687535672, 2.0]
disc:  384  :[0.0, 2.7343220445161522, 3.9343220445161524, 6.0]
disc:  385  :[0.0, 0.2, 2.0]
disc:  502  :[0.0, 0.1, 1.0]
disc:  503  :[0.0, 0.1, 1.0]
disc:  504  :[0.0, 0.1, 1.0]
disc:  505  :[0.0, 0.6658078215470327, 0.8658078215470326, 1.0]
disc:  506  :[0.0, 0.47972665900832745, 0.6797266590083274, 1.0]
disc:  507  :[0.0, 0.18853702131323744, 0.3885370213132374, 1.0]
disc:  508  :[0.0, 0.1, 1.0]
disc:  509  :[0.0, 0.1, 1.0]
disc:  510  :[0.0, 0.009987758233680755, 0.20998775823368077, 1.0]
disc:  511  :[0.0, 0.13419217845296744, 0.33419217845296745, 1.0]
disc:  512  :[0.0, 0.1, 1.0]
disc:  513  :[0.0, 0.9, 1.0]
disc:  514  :[0.0, 0.1, 1.0]
disc:  515  :[0.0, 0.1, 1.0]
disc:  516  :[0.0, 0.275, 0.475, 1.0]
disc:  517  :[0.0, 0.1, 1.0]
disc:  518  :[0.0, 0.1, 1.0]
disc:  519  :[0.0, 0.1, 1.0]
disc:  520  :[0.0, 0.7966329220859484, 0.9966329220859483, 1.0]
disc:  521  :[0.0, 0.1, 1.0]
disc:  522  :[0.0, 0.3180644749691278, 0.5180644749691279, 1.0]
disc:  523  :[0.0, 0.6114629786867626, 0.8114629786867625, 1.0]
disc:  524  :[0.0, 0.9, 1.0]
disc:  525  :[0.0, 0.31014198066428045, 0.5101419806642805, 1.0]
disc:  526  :[0.0, 0.1211967572508948, 0.3211967572508948, 1.0]
disc:  527  :[0.0, 0.1, 1.0]
disc:  528  :[0.0, 0.0033670779140515805, 0.2033670779140516, 1.0]
disc:  529  :[0.0, 0.1, 1.0]
disc:  530  :[0.0, 0.9, 1.0]
disc:  531  :[0.0, 0.1, 1.0]
disc:  532  :[0.0, 0.47594444407987957, 0.6759444440798795, 1.0]
disc:  533  :[0.0, 0.1, 1.0]
disc:  534  :[0.0, 0.1, 1.0]
disc:  535  :[0.0, 0.1, 1.0]
disc:  536  :[0.0, 0.1, 1.0]
disc:  537  :[0.0, 0.1, 1.0]
disc:  538  :[0.0, 0.1, 1.0]
disc:  539  :[0.0, 0.1, 1.0]
disc:  540  :[0.0, 0.3240555559201205, 0.5240555559201205, 1.0]
disc:  541  :[0.0, 0.1, 1.0]
disc:  542  :[0.0, 0.1, 1.0]
disc:  543  :[0.0, 0.1, 1.0]
disc:  544  :[0.0, 0.9, 1.0]
disc:  545  :[0.0, 0.1, 1.0]
disc:  546  :[0.0, 0.1, 1.0]
disc:  547  :[0.0, 0.4898580193357196, 0.6898580193357196, 1.0]
disc:  548  :[0.0, 0.1, 1.0]
disc:  549  :[0.0, 0.9, 1.0]
disc:  550  :[0.0, 0.1, 1.0]
disc:  551  :[0.0, 0.1, 1.0]
disc:  552  :[0.0, 0.1, 1.0]
disc:  553  :[0.0, 0.1, 1.0]
disc:  554  :[0.0, 0.1, 1.0]
disc:  555  :[0.0, 0.1, 1.0]
disc:  556  :[0.0, 0.4819355250308722, 0.6819355250308722, 1.0]
disc:  557  :[0.0, 0.1, 1.0]
disc:  558  :[0.0, 0.1, 1.0]
disc:  559  :[0.0, 0.1, 1.0]
disc:  560  :[0.0, 0.1, 1.0]
disc:  561  :[0.0, 0.1, 1.0]
disc:  562  :[0.0, 0.1, 1.0]
disc:  563  :[0.0, 0.1, 1.0]
disc:  564  :[0.0, 0.1, 1.0]
disc:  565  :[0.0, 0.1, 1.0]
disc:  566  :[0.0, 0.9, 1.0]
disc:  567  :[0.0, 0.1, 1.0]
disc:  568  :[0.0, 0.1, 1.0]
disc:  569  :[0.0, 0.19381548451542438, 0.39381548451542436, 1.0]
disc:  570  :[0.0, 0.3202733409916727, 0.5202733409916727, 1.0]
disc:  571  :[0.0, 0.1, 1.0]
disc:  572  :[0.0, 0.9, 1.0]
  Completed presolve in 10.11s
LOWER-BOUNDING ITERATIONS
====================================================================================================
| Iter   | Incumbent       | Best Incumbent      | Lower Bound        | Gap (%)         | Time      
| finish | -625.2003       | -625.2003           | -628.8327          | 0.581           | 23.6s            
Final UBD: -625.2002592398842
Final LBD: -628.8327111234372
====================================================================================================

*** Alpine ended with status OTHER_LIMIT ***

 Total time for local solves: 7.77s

 Total time for solving max-min problems: 0.0s

 Total time excluding max-min time: 23.6s

presolve objective value: -625.2002592398842
w_opt: 1-dimensional DenseAxisArray{Float64,1,...} with index sets:
    Dimension 1, [(25, 1, 2), (25, 1, 1), (25, 1, 14), (20, 1, 2), (20, 1, 1), (20, 1, 14), (1, 1, 2), (1, 1, 1), (1, 1, 14), (2, 1, 2)  …  (20, 15, 23), (20, 15, 3), (8, 15, 30), (8, 15, 29), (8, 15, 23), (8, 15, 3), (2, 15, 30), (2, 15, 29), (2, 15, 23), (2, 15, 3)]
And data, a 261-element Vector{Float64}:
 1.0796157436878575
 1.9203842563121425
 0.0
 0.7948979438478144
 1.4139377882040098
 0.0
 0.0
 0.0
 0.0
 0.0
 0.0
 0.0
 0.0
 0.0
 0.0
 0.0
 1.8868482498906685
 0.0
 0.0
 1.1131517501093315
 0.0
 0.0
 0.0
 0.0
 0.0
 0.0
 0.0
 0.0
 0.0
 2.8330362089898093
 1.8047770630768103
 0.0
 0.0
 0.0
 0.0
 0.0
 0.0
 0.0
 0.0
 0.0
 0.0
 2.05381204090086
 1.3083746870325212
 0.4713809014873173
 1.3269830459322631
 0.04730472700129552
 0.0
 0.0
 0.0
 0.6561506868451441
 1.847127947426488
 0.06584702310803571
 0.0
 0.0
 0.0
 0.0
 0.0
 0.0
 0.0
 2.0
 1.0
 0.0
 0.0
 0.0
 0.0
 0.0
 0.0
 0.0
 0.0
 0.0
 0.0
 0.21997551646736152
 0.6599265494020846
 0.0
 0.7499999999999999
 2.25
 0.0
 0.4423935145017896
 1.3271805435053687
 0.0
 0.0
 0.0
 0.0
 0.0
 0.0
 0.0
 0.0
 0.0
 0.0
 0.0
 0.0
 0.0
 0.5876309690308488
 1.7628929070925463
 0.0
 0.0
 0.0
 0.0
 0.0
 0.0
 0.0
 1.579962032440202
 0.9810115633339199
 0.439026404225878
 0.0
 0.0
 0.0
 0.0
 0.0
 0.0
 0.0
 0.0
 0.0
 0.0
 0.0
 0.0
 0.0
 0.0
 5.37979753251569
 1.7762401867181452
 0.0
 0.0170256574537511
 0.0
 0.6202024674843095
 0.20477137661577474
 0.0
 0.0019627792123287557
 0.0
 0.0
 0.0
 0.0
 0.0
 0.0
 0.0
 0.0
 0.0
 0.0
 0.0
 0.0
 0.0
 0.0
 0.0
 0.0
 0.0
 0.0
 0.0
 0.0
 0.0
 0.0
 0.0
 0.0
 0.0
 0.0
 0.820283961328561
 0.4101419806642805
 0.0
 0.0
 1.1797160386714391
 0.5898580193357196
 0.0
 0.0
 0.0
 0.0
 0.0
 0.0
 0.0
 0.0
 0.0
 0.0
 0.0
 0.0
 0.0
 0.0
 1.6213020276367636
 0.0
 0.0
 0.0
 0.5338205290559069
 0.0
 0.0
 0.0
 0.0
 0.0
 0.0
 0.0
 0.0
 0.0
 0.0
 0.0
 0.0
 0.0
 0.0
 0.0
 0.0
 1.4661794709440932
 0.9393621553147449
 0.5944583737411617
 0.0
 0.0
 0.0
 0.0
 0.0
 0.0
 0.0
 0.0
 0.0
 1.5316156430940653
 0.6697094219647549
 0.09609839958227737
 0.4683843569059349
 0.20480426557091658
 0.02938791288205076
 0.0
 0.0
 0.0
 0.0
 0.0
 0.0
 0.0
 0.0
 0.0
 0.0
 0.0
 0.0
 0.0
 0.0
 0.2885370213132374
 0.0
 0.0
 0.0
 0.0
 0.0
 0.0
 0.0
 0.7114629786867626
 0.0
 0.0
 0.0
 0.0
 0.0
 0.0
 0.0
 0.0
 0.0
 0.0
 0.0
 0.0
 0.0
 0.0
 0.0
 0.0
 0.0
 0.0
 0.0
 0.0
 0.0
 0.0
 2.0
 2.2923898761495063
 0.0
 1.0
x_ij_opt: 1-dimensional DenseAxisArray{Float64,1,...} with index sets:
    Dimension 1, [(43, 30), (43, 22), (43, 6), (44, 22), (45, 30), (45, 29), (45, 28), (45, 24), (45, 23), (40, 29)  …  (5, 7), (5, 14), (6, 4), (6, 3), (1, 14), (1, 10), (1, 23), (1, 1), (3, 2), (3, 1)]
And data, a 116-element Vector{Float64}:
 0.0
 0.37869797236323643
 1.3508715554897206
 0.0
 0.0
 0.0
 1.9682517900814007
 0.0
 0.0
 0.0
 0.0
 0.0
 0.0
 0.0
 0.0
 0.0
 0.0
 0.0
 0.20883573205182407
 0.0
 0.0
 0.0
 0.0
 0.0
 0.0
 0.0
 0.0
 2.0
 0.03174820991859936
 0.0
 0.0
 0.0
 0.0
 0.0
 0.0
 0.0
 0.0
 0.0
 0.0
 0.0
 0.0
 0.0
 0.0
 0.6491284445102793
 0.0
 0.0
 0.0
 0.0
 0.0
 0.0
 0.0
 0.0
 0.0
 0.0
 0.0
 0.8448774433073294
 0.0
 0.0
 0.0
 2.0
 0.0
 0.0
 0.0
 0.0
 6.0
 0.0
 0.0
 0.0
 0.0
 0.791164267948176
 0.0
 0.0
 0.0
 0.0
 0.0
 0.0
 0.0
 0.8724684116675385
 0.0
 0.0
 0.0
 0.0
 0.0
 0.0
 0.0
 0.0
 0.0
 0.0
 0.0
 0.0
 0.0
 0.0
 0.0
 0.0
 0.0
 0.0
 0.0
 0.1254863124643285
 0.0
 0.0
 0.0
 0.0
 0.0
 0.0
 0.0
 0.42003796755979783
 0.0
 0.0
 0.0
 0.0
 0.0
 0.0
 0.06063784468525523
 2.2266515512579694
 0.0
 0.0
x_il_opt: 1-dimensional DenseAxisArray{Float64,1,...} with index sets:
    Dimension 1, [(43, 15), (43, 14), (44, 15), (44, 13), (44, 3), (40, 14), (40, 2), (41, 14), (42, 6), (37, 13)  …  (4, 13), (5, 2), (5, 7), (5, 9), (6, 11), (1, 1), (1, 6), (1, 3), (2, 1), (2, 15)]
And data, a 71-element Vector{Float64}:
 0.0
 0.0
 0.0
 2.297423464641098
 4.637813272066619
 0.2885370213132374
 0.0
 0.0
 0.8799020658694461
 0.7025765353589023
 0.0
 3.0
 0.0
 0.0
 3.0
 0.0
 0.0
 0.0
 7.173063376687587
 0.0
 1.8456686744208761
 0.7114629786867626
 3.0
 1.2304259419928414
 1.7695740580071584
 0.0
 0.826936623312413
 0.0
 2.1551225566926706
 0.0
 3.0
 0.0
 0.0
 0.0
 0.0
 0.0
 0.0
 0.0
 2.208835732051824
 0.0
 0.0
 0.0
 3.0
 0.0
 0.0
 1.7695740580071586
 0.0
 3.0
 0.0
 0.0
 0.0
 0.0
 0.0
 0.0
 2.5691256573796672
 0.0
 0.0
 0.0
 0.0
 0.0
 0.0
 0.0
 0.0
 0.0
 0.0
 0.0
 0.0
 2.350523876123395
 3.362186727933381
 0.0
 5.292389876149507
x_lj_opt: 1-dimensional DenseAxisArray{Float64,1,...} with index sets:
    Dimension 1, [(15, 30), (15, 29), (15, 23), (15, 3), (14, 28), (14, 27), (14, 10), (14, 24), (13, 26), (13, 25)  …  (3, 6), (3, 5), (3, 29), (2, 4), (2, 3), (2, 1), (2, 5), (1, 2), (1, 1), (1, 14)]
And data, a 53-element Vector{Float64}:
 2.0
 2.2923898761495063
 0.0
 1.0
 0.0
 1.0
 0.0
 0.0
 2.0
 0.8745136875356715
 0.12548631246432812
 1.4661794709440932
 0.9393621553147449
 0.594458373741162
 1.6213020276367636
 0.0
 0.0
 0.0
 0.5338205290559069
 0.0
 0.0
 2.0
 1.0
 0.0
 0.0
 0.0
 6.0
 1.9810115633339198
 0.0
 0.018988436666080293
 1.579962032440202
 0.9810115633339198
 0.439026404225878
 2.0
 6.0
 0.0
 2.0
 1.0
 0.0
 0.0
 1.1275315883324615
 3.174110993358751
 0.11315175010933122
 0.0
 4.886848249890669
 3.1131517501093318
 1.8868482498906687
 0.0
 0.0
 1.1131517501093315
 1.874513687535672
 3.3343220445161523
 0.0
q_opt: 1-dimensional DenseAxisArray{Float64,1,...} with index sets:
    Dimension 1, [(43, 15), (43, 14), (44, 15), (44, 13), (44, 3), (40, 14), (40, 2), (41, 14), (42, 6), (37, 13)  …  (4, 13), (5, 2), (5, 7), (5, 9), (6, 11), (1, 1), (1, 6), (1, 3), (2, 1), (2, 15)]
And data, a 71-element Vector{Float64}:
 0.0
 0.0
 0.0
 0.7658078215470326
 0.5797266590083274
 0.28853702131323744
 0.0
 0.0
 0.10998775823368076
 0.23419217845296744
 0.0
 1.0
 0.0
 0.0
 0.375
 0.0
 0.0
 0.0
 0.8966329220859484
 0.0
 0.41806447496912785
 0.7114629786867626
 1.0
 0.4101419806642805
 0.2211967572508948
 0.0
 0.10336707791405159
 0.0
 1.0
 0.0
 0.5759444440798795
 0.0
 0.0
 0.0
 0.0
 0.0
 0.0
 0.0
 0.4240555559201205
 0.0
 0.0
 0.0
 1.0
 0.0
 0.0
 0.5898580193357196
 0.0
 1.0
 0.0
 0.0
 0.0
 0.0
 0.0
 0.0
 0.5819355250308722
 0.0
 0.0
 0.0
 0.0
 0.0
 0.0
 0.0
 0.0
 0.0
 1.0
 0.0
 0.0
 0.2938154845154244
 0.4202733409916727
 0.0
 1.0
