
PROBLEM STATISTICS
  Objective sense = Min
  # Variables = 572
  # Bin-Int Variables = 0
  # Constraints = 621
  # NL Constraints = 261
  # Linear Constraints = 360
  # Detected convex constraints = 0
  # Detected nonlinear terms = 261
  # Variables involved in nonlinear terms = 124
  # Potential variables for partitioning = 124
SUB-SOLVERS USED BY ALPINE
  NLP local solver = Knitro
  MIP solver = Gurobi
ALPINE CONFIGURATION
  Maximum iterations (lower-bounding MIPs) =  1
  Relative global optimality gap = 0.01%
  Potential variables chosen for partitioning = All
  Discretization ratio = 10
  Bound-tightening presolve = false
PRESOLVE 
  Doing local search

Feasible solution found during presolve: [1.5463783409683478, 0.0, 0.0, 0.45362165903165236, 0.0, 0.0, 0.0, 0.0, 0.0, 0.0, 0.0, 0.0, 0.0, 0.0, 0.0, 0.0, 2.0, 0.0, 0.06267035451279677, 0.9373296454872035, 0.0, 0.0, 0.0, 0.0, 0.0, 0.0, 0.0, 0.0, 0.0, 1.2019935472722603, 0.4126059530240558, 0.0, 0.0, 0.0, 0.0, 3.860676807240536, 1.3252469091737462, 0.0, 0.0, 0.0, 0.0, 0.0, 0.0, 0.0, 0.0, 0.0, 0.0, 0.0, 0.0, 1.1338135319813039, 0.8588578207101494, 0.0, 0.0, 0.0, 0.0, 0.0, 0.0, 0.0, 0.0, 2.0, 1.0, 0.0, 0.0, 0.0, 0.0, 0.0, 0.0, 0.0, 0.0, 0.0, 0.0, 0.027431178008325355, 0.08229353402497606, 0.0, 0.7500000000000002, 2.25, 0.0, 0.5146712785306894, 1.544013835592068, 0.0, 0.0, 0.0, 0.0, 0.0, 0.0, 0.0, 0.0, 0.0, 0.0, 0.0, 0.0, 0.0, 0.707897543460985, 2.1236926303829557, 0.0, 0.0, 0.0, 0.0, 0.0, 0.0, 0.0, 1.1314138631650592, 0.8432404204961121, 0.7583084264711184, 0.1105502430085221, 0.08239286828223519, 0.07409417857695301, 0.0, 0.0, 0.0, 0.0, 0.0, 0.0, 0.0, 0.0, 0.0, 0.0, 0.0, 3.9411644477528935, 2.882262342928804, 0.0, 0.0, 0.0, 0.6795806044371074, 0.49699260488119584, 0.0, 0.0, 0.0, 0.0, 0.0, 0.0, 0.0, 0.0, 0.0, 0.0, 0.0, 0.0, 0.0, 0.0, 0.0, 0.0, 0.0, 0.0, 0.0, 0.0, 0.0, 0.0, 0.0, 0.0, 0.0, 0.0, 0.19436249646019835, 0.0, 0.6275432572514948, 0.3137716286257473, 0.0, 0.0, 1.3724567427485053, 0.6862283713742526, 0.0, 0.0, 0.0, 0.0, 0.0, 0.0, 0.0, 0.0, 0.0, 0.0, 0.0, 0.0, 0.0, 0.0, 1.9188145967889467, 0.0, 0.0, 0.0, 0.6020402251601841, 0.0, 0.0, 0.0, 0.0, 0.0, 0.0, 0.0, 0.0, 0.0, 0.0, 0.0, 0.0, 0.0, 0.0, 0.0, 0.0, 1.397959774839816, 0.9365172142830721, 0.6655230108771121, 0.0, 0.0, 0.0, 0.0, 0.0, 0.0, 0.0, 0.0, 0.0, 1.3883355142522886, 0.6941677571261442, 0.0, 0.6116644857477115, 0.30583224287385574, 0.0, 0.0, 0.0, 0.0, 0.0, 0.0, 0.0, 0.0, 0.0, 0.0, 0.0, 0.0, 0.0, 0.0, 0.7259763429112539, 0.8322055678330968, 0.0, 0.0, 0.0, 0.0, 0.0, 0.0, 0.0, 0.0, 0.0, 0.0, 0.0, 0.0, 0.0, 0.0, 0.0, 0.0, 0.0, 0.0, 0.0, 0.0, 0.0, 0.0, 0.0, 0.0, 0.0, 0.0, 0.0, 0.0, 0.0, 0.0, 1.0405993354330496, 3.5966241269250863, 0.0, 0.8568213241986448, 0.0, 0.0, 0.0, 2.0825032713784326, 1.614599500296316, 1.5581819107443509, 0.0, 0.0, 0.10972471203330142, 0.9174967286215673, 0.0, 3.0, 0.0, 0.0, 3.0, 0.0, 0.0, 0.0, 6.823426790681697, 0.0, 0.0, 0.0, 3.0, 0.9413148858772422, 2.0586851141227576, 0.0, 1.176573209318303, 0.0, 2.520854821949131, 0.0, 1.5463783409683478, 0.0, 0.0, 0.0, 0.0, 0.0, 0.0, 0.0, 0.45362165903165236, 0.0, 0.0, 0.0, 3.0, 0.0, 0.0, 2.058685114122758, 0.0, 2.7329627101322895, 0.0, 0.0, 0.0, 0.0, 0.0, 0.0, 1.9926713526914532, 0.0, 0.0, 5.185923716414282, 0.0, 0.0, 0.0, 0.0, 0.0, 0.2670372898677103, 0.19436249646019835, 0.0, 0.0, 2.8315901738439404, 0.0, 0.0, 5.49404478655678, 1.0405993354330496, 3.5966241269250863, 0.0, 0.8568213241986448, 0.7259763429112539, 0.8322055678330968, 0.0, 0.0, 2.0, 1.0, 0.0, 1.397959774839816, 0.9365172142830721, 0.6655230108771121, 1.9188145967889467, 0.0, 0.0, 0.0, 0.6020402251601841, 0.0, 0.0, 2.0, 1.0, 0.19436249646019835, 0.0, 0.0, 4.62074505219, 3.37925494781, 0.0, 0.0, 1.241964106173581, 0.9256332887783474, 0.8324026050480714, 2.0, 6.0, 0.0, 2.0, 1.0, 0.0, 0.0, 1.1338135319813039, 0.8588578207101494, 0.0, 0.0, 5.062670354512796, 1.737852862197802, 2.0, 0.0, 0.06267035451279677, 0.9373296454872035, 2.0, 0.0, 0.0, 0.0, 0.08118540321105341, 1.359296062238486, 0.0, 0.9594006645669504, 0.0, 1.2740236570887462, 0.0, 0.0, 0.0, 0.0, 0.0, 0.0, 0.0, 0.0, 0.0, 0.0, 0.0, 0.2870163034693684, 0.0, 0.0, 0.0, 0.0, 0.0, 0.0, 0.0, 0.0, 2.0, 0.0, 0.0, 0.0, 0.0, 0.0, 0.0, 0.0, 0.0, 0.0, 0.0, 0.0, 0.0, 0.0, 0.0, 0.0, 0.6407039377615141, 0.0, 0.0, 0.0, 0.0, 0.0, 0.0, 0.0, 0.0, 0.0, 0.0, 0.0, 0.47914517805086915, 0.0, 1.3792549478099994, 0.07436671122165316, 1.8056375035398018, 0.0, 0.0, 0.0, 0.0, 6.0, 0.0, 0.0, 0.0, 0.0, 0.7129836965306316, 0.0, 0.0, 0.0, 0.0, 0.0, 0.0, 0.16779443216690315, 0.8661864680186961, 0.0, 0.0, 0.0, 0.0, 0.0, 0.0, 0.0, 0.0, 0.0, 0.0, 0.0, 0.0, 0.0, 0.0, 1.2827420534289815, 0.0, 0.0, 0.0, 0.0, 0.0, 0.0, 0.14317867580135532, 0.0, 0.0, 0.0, 0.0, 0.0, 0.758035893826419, 0.0, 0.0, 0.0, 0.0, 0.0, 0.0, 0.06348278571692792, 5.104927040439131, 0.0, 0.0, 0.0, 0.0, 0.0, 0.6941677571261443, 0.2374228348090686, 1.0, 0.0, 0.0, 0.013715589004162677, 0.30583224287385574, 0.0, 1.0, 0.0, 0.0, 0.375, 0.0, 0.0, 0.0, 0.8529283488352122, 0.0, 0.0, 0.0, 1.0, 0.3137716286257474, 0.2573356392653447, 0.0, 0.1470716511647879, 0.0, 1.0, 0.0, 0.7731891704841739, 0.0, 0.0, 0.0, 0.0, 0.0, 0.0, 0.0, 0.22681082951582618, 0.0, 0.0, 0.0, 1.0, 0.0, 0.0, 0.6862283713742526, 0.0, 0.9109875700440966, 0.0, 0.0, 0.0, 0.0, 0.0, 0.0, 1.0, 0.0, 0.0, 0.7625771651909314, 0.0, 0.0, 0.0, 0.0, 0.0, 0.08901242995590344, 1.0, 0.0, 0.0, 0.35394877173049266, 0.0, 0.0, 1.0]  :with objective: -629.4726867428163

  Local solver returns a feasible point with value -629.4727
disc:  333  :[0.0, 0.8405993354330497, 1.2405993354330496, 2.0]
disc:  334  :[0.0, 2.996624126925086, 4.196624126925086, 6.0]
disc:  335  :[0.0, 0.1, 1.0]
disc:  336  :[0.0, 0.7568213241986448, 0.9568213241986447, 1.0]
disc:  337  :[0.0, 0.5259763429112538, 0.925976342911254, 2.0]
disc:  338  :[0.0, 0.7322055678330969, 0.9322055678330968, 1.0]
disc:  339  :[0.0, 0.2, 2.0]
disc:  340  :[0.0, 0.2, 2.0]
disc:  341  :[0.0, 1.8, 2.0]
disc:  342  :[0.0, 0.9, 1.0]
disc:  343  :[0.0, 0.2, 2.0]
disc:  344  :[0.0, 1.197959774839816, 1.597959774839816, 2.0]
disc:  345  :[0.0, 0.8365172142830721, 1.0]
disc:  346  :[0.0, 0.3655230108771121, 0.965523010877112, 3.0]
disc:  347  :[0.0, 1.7188145967889468, 2.0]
disc:  348  :[0.0, 0.6, 6.0]
disc:  349  :[0.0, 0.2, 2.0]
disc:  350  :[0.0, 0.1, 1.0]
disc:  351  :[0.0, 0.40204022516018406, 0.8020402251601841, 2.0]
disc:  352  :[0.0, 0.6, 6.0]
disc:  353  :[0.0, 0.1, 1.0]
disc:  354  :[0.0, 1.8, 2.0]
disc:  355  :[0.0, 0.9, 1.0]
disc:  356  :[0.0, 0.3943624964601984, 2.0]
disc:  357  :[0.0, 0.1, 1.0]
disc:  358  :[0.0, 0.2, 2.0]
disc:  359  :[0.0, 4.020745052190001, 5.22074505219, 6.0]
disc:  360  :[0.0, 2.7792549478099997, 3.97925494781, 6.0]
disc:  361  :[0.0, 0.2, 2.0]
disc:  362  :[0.0, 0.1, 1.0]
disc:  363  :[0.0, 1.0419641061735812, 1.441964106173581, 2.0]
disc:  364  :[0.0, 0.8256332887783474, 1.0]
disc:  365  :[0.0, 0.5324026050480715, 1.1324026050480713, 3.0]
disc:  366  :[0.0, 1.8, 2.0]
disc:  367  :[0.0, 5.4, 6.0]
disc:  368  :[0.0, 0.2, 2.0]
disc:  369  :[0.0, 1.8, 2.0]
disc:  370  :[0.0, 0.9, 1.0]
disc:  371  :[0.0, 0.2, 2.0]
disc:  372  :[0.0, 0.2, 2.0]
disc:  373  :[0.0, 0.9338135319813039, 1.3338135319813038, 2.0]
disc:  374  :[0.0, 0.2588578207101494, 1.4588578207101492, 6.0]
disc:  375  :[0.0, 0.2, 2.0]
disc:  376  :[0.0, 0.2, 2.0]
disc:  377  :[0.0, 4.462670354512796, 5.662670354512795, 6.0]
disc:  378  :[0.0, 1.1378528621978021, 2.337852862197802, 6.0]
disc:  379  :[0.0, 1.8, 2.0]
disc:  380  :[0.0, 0.1, 1.0]
disc:  381  :[0.0, 0.3626703545127968, 3.0]
disc:  382  :[0.0, 0.6373296454872035, 1.2373296454872036, 3.0]
disc:  383  :[0.0, 1.8, 2.0]
disc:  384  :[0.0, 0.6, 6.0]
disc:  385  :[0.0, 0.2, 2.0]
disc:  502  :[0.0, 0.1, 1.0]
disc:  503  :[0.0, 0.1, 1.0]
disc:  504  :[0.0, 0.1, 1.0]
disc:  505  :[0.0, 0.5941677571261443, 0.7941677571261443, 1.0]
disc:  506  :[0.0, 0.13742283480906858, 0.3374228348090686, 1.0]
disc:  507  :[0.0, 0.9, 1.0]
disc:  508  :[0.0, 0.1, 1.0]
disc:  509  :[0.0, 0.1, 1.0]
disc:  510  :[0.0, 0.11371558900416268, 1.0]
disc:  511  :[0.0, 0.20583224287385574, 0.4058322428738558, 1.0]
disc:  512  :[0.0, 0.1, 1.0]
disc:  513  :[0.0, 0.9, 1.0]
disc:  514  :[0.0, 0.1, 1.0]
disc:  515  :[0.0, 0.1, 1.0]
disc:  516  :[0.0, 0.275, 0.475, 1.0]
disc:  517  :[0.0, 0.1, 1.0]
disc:  518  :[0.0, 0.1, 1.0]
disc:  519  :[0.0, 0.1, 1.0]
disc:  520  :[0.0, 0.7529283488352122, 0.9529283488352122, 1.0]
disc:  521  :[0.0, 0.1, 1.0]
disc:  522  :[0.0, 0.1, 1.0]
disc:  523  :[0.0, 0.1, 1.0]
disc:  524  :[0.0, 0.9, 1.0]
disc:  525  :[0.0, 0.21377162862574742, 0.41377162862574746, 1.0]
disc:  526  :[0.0, 0.1573356392653447, 0.35733563926534473, 1.0]
disc:  527  :[0.0, 0.1, 1.0]
disc:  528  :[0.0, 0.0470716511647879, 0.2470716511647879, 1.0]
disc:  529  :[0.0, 0.1, 1.0]
disc:  530  :[0.0, 0.9, 1.0]
disc:  531  :[0.0, 0.1, 1.0]
disc:  532  :[0.0, 0.6731891704841739, 0.8731891704841739, 1.0]
disc:  533  :[0.0, 0.1, 1.0]
disc:  534  :[0.0, 0.1, 1.0]
disc:  535  :[0.0, 0.1, 1.0]
disc:  536  :[0.0, 0.1, 1.0]
disc:  537  :[0.0, 0.1, 1.0]
disc:  538  :[0.0, 0.1, 1.0]
disc:  539  :[0.0, 0.1, 1.0]
disc:  540  :[0.0, 0.12681082951582617, 0.3268108295158262, 1.0]
disc:  541  :[0.0, 0.1, 1.0]
disc:  542  :[0.0, 0.1, 1.0]
disc:  543  :[0.0, 0.1, 1.0]
disc:  544  :[0.0, 0.9, 1.0]
disc:  545  :[0.0, 0.1, 1.0]
disc:  546  :[0.0, 0.1, 1.0]
disc:  547  :[0.0, 0.5862283713742527, 0.7862283713742526, 1.0]
disc:  548  :[0.0, 0.1, 1.0]
disc:  549  :[0.0, 0.8109875700440966, 1.0]
disc:  550  :[0.0, 0.1, 1.0]
disc:  551  :[0.0, 0.1, 1.0]
disc:  552  :[0.0, 0.1, 1.0]
disc:  553  :[0.0, 0.1, 1.0]
disc:  554  :[0.0, 0.1, 1.0]
disc:  555  :[0.0, 0.1, 1.0]
disc:  556  :[0.0, 0.9, 1.0]
disc:  557  :[0.0, 0.1, 1.0]
disc:  558  :[0.0, 0.1, 1.0]
disc:  559  :[0.0, 0.6625771651909315, 0.8625771651909314, 1.0]
disc:  560  :[0.0, 0.1, 1.0]
disc:  561  :[0.0, 0.1, 1.0]
disc:  562  :[0.0, 0.1, 1.0]
disc:  563  :[0.0, 0.1, 1.0]
disc:  564  :[0.0, 0.1, 1.0]
disc:  565  :[0.0, 0.18901242995590345, 1.0]
disc:  566  :[0.0, 0.9, 1.0]
disc:  567  :[0.0, 0.1, 1.0]
disc:  568  :[0.0, 0.1, 1.0]
disc:  569  :[0.0, 0.2539487717304927, 0.45394877173049264, 1.0]
disc:  570  :[0.0, 0.1, 1.0]
disc:  571  :[0.0, 0.1, 1.0]
disc:  572  :[0.0, 0.9, 1.0]
  Completed presolve in 9.42s
LOWER-BOUNDING ITERATIONS
====================================================================================================
| Iter   | Incumbent       | Best Incumbent      | Lower Bound        | Gap (%)         | Time      
| finish | -629.4727       | -629.4727           | -632.9938          | 0.559           | 24.04s           
Final UBD: -629.4726867428163
Final LBD: -632.9937673700372
====================================================================================================

*** Alpine ended with status OTHER_LIMIT ***

 Total time for local solves: 7.18s

 Total time for solving max-min problems: 0.0s

 Total time excluding max-min time: 24.04s

presolve objective value: -629.4726867428163
w_opt: 1-dimensional DenseAxisArray{Float64,1,...} with index sets:
    Dimension 1, [(25, 1, 2), (25, 1, 1), (25, 1, 14), (20, 1, 2), (20, 1, 1), (20, 1, 14), (1, 1, 2), (1, 1, 1), (1, 1, 14), (2, 1, 2)  …  (20, 15, 23), (20, 15, 3), (8, 15, 30), (8, 15, 29), (8, 15, 23), (8, 15, 3), (2, 15, 30), (2, 15, 29), (2, 15, 23), (2, 15, 3)]
And data, a 261-element Vector{Float64}:
 1.5463783409683478
 0.0
 0.0
 0.45362165903165236
 0.0
 0.0
 0.0
 0.0
 0.0
 0.0
 0.0
 0.0
 0.0
 0.0
 0.0
 0.0
 2.0
 0.0
 0.06267035451279677
 0.9373296454872035
 0.0
 0.0
 0.0
 0.0
 0.0
 0.0
 0.0
 0.0
 0.0
 1.2019935472722603
 0.4126059530240558
 0.0
 0.0
 0.0
 0.0
 3.860676807240536
 1.3252469091737462
 0.0
 0.0
 0.0
 0.0
 0.0
 0.0
 0.0
 0.0
 0.0
 0.0
 0.0
 0.0
 1.1338135319813039
 0.8588578207101494
 0.0
 0.0
 0.0
 0.0
 0.0
 0.0
 0.0
 0.0
 2.0
 1.0
 0.0
 0.0
 0.0
 0.0
 0.0
 0.0
 0.0
 0.0
 0.0
 0.0
 0.027431178008325355
 0.08229353402497606
 0.0
 0.7500000000000002
 2.25
 0.0
 0.5146712785306894
 1.544013835592068
 0.0
 0.0
 0.0
 0.0
 0.0
 0.0
 0.0
 0.0
 0.0
 0.0
 0.0
 0.0
 0.0
 0.707897543460985
 2.1236926303829557
 0.0
 0.0
 0.0
 0.0
 0.0
 0.0
 0.0
 1.1314138631650592
 0.8432404204961121
 0.7583084264711184
 0.1105502430085221
 0.08239286828223519
 0.07409417857695301
 0.0
 0.0
 0.0
 0.0
 0.0
 0.0
 0.0
 0.0
 0.0
 0.0
 0.0
 3.9411644477528935
 2.882262342928804
 0.0
 0.0
 0.0
 0.6795806044371074
 0.49699260488119584
 0.0
 0.0
 0.0
 0.0
 0.0
 0.0
 0.0
 0.0
 0.0
 0.0
 0.0
 0.0
 0.0
 0.0
 0.0
 0.0
 0.0
 0.0
 0.0
 0.0
 0.0
 0.0
 0.0
 0.0
 0.0
 0.0
 0.19436249646019835
 0.0
 0.6275432572514948
 0.3137716286257473
 0.0
 0.0
 1.3724567427485053
 0.6862283713742526
 0.0
 0.0
 0.0
 0.0
 0.0
 0.0
 0.0
 0.0
 0.0
 0.0
 0.0
 0.0
 0.0
 0.0
 1.9188145967889467
 0.0
 0.0
 0.0
 0.6020402251601841
 0.0
 0.0
 0.0
 0.0
 0.0
 0.0
 0.0
 0.0
 0.0
 0.0
 0.0
 0.0
 0.0
 0.0
 0.0
 0.0
 1.397959774839816
 0.9365172142830721
 0.6655230108771121
 0.0
 0.0
 0.0
 0.0
 0.0
 0.0
 0.0
 0.0
 0.0
 1.3883355142522886
 0.6941677571261442
 0.0
 0.6116644857477115
 0.30583224287385574
 0.0
 0.0
 0.0
 0.0
 0.0
 0.0
 0.0
 0.0
 0.0
 0.0
 0.0
 0.0
 0.0
 0.0
 0.7259763429112539
 0.8322055678330968
 0.0
 0.0
 0.0
 0.0
 0.0
 0.0
 0.0
 0.0
 0.0
 0.0
 0.0
 0.0
 0.0
 0.0
 0.0
 0.0
 0.0
 0.0
 0.0
 0.0
 0.0
 0.0
 0.0
 0.0
 0.0
 0.0
 0.0
 0.0
 0.0
 0.0
 1.0405993354330496
 3.5966241269250863
 0.0
 0.8568213241986448
x_ij_opt: 1-dimensional DenseAxisArray{Float64,1,...} with index sets:
    Dimension 1, [(43, 30), (43, 22), (43, 6), (44, 22), (45, 30), (45, 29), (45, 28), (45, 24), (45, 23), (40, 29)  …  (5, 7), (5, 14), (6, 4), (6, 3), (1, 14), (1, 10), (1, 23), (1, 1), (3, 2), (3, 1)]
And data, a 116-element Vector{Float64}:
 0.0
 0.08118540321105341
 1.359296062238486
 0.0
 0.9594006645669504
 0.0
 1.2740236570887462
 0.0
 0.0
 0.0
 0.0
 0.0
 0.0
 0.0
 0.0
 0.0
 0.0
 0.0
 0.2870163034693684
 0.0
 0.0
 0.0
 0.0
 0.0
 0.0
 0.0
 0.0
 2.0
 0.0
 0.0
 0.0
 0.0
 0.0
 0.0
 0.0
 0.0
 0.0
 0.0
 0.0
 0.0
 0.0
 0.0
 0.0
 0.6407039377615141
 0.0
 0.0
 0.0
 0.0
 0.0
 0.0
 0.0
 0.0
 0.0
 0.0
 0.0
 0.47914517805086915
 0.0
 1.3792549478099994
 0.07436671122165316
 1.8056375035398018
 0.0
 0.0
 0.0
 0.0
 6.0
 0.0
 0.0
 0.0
 0.0
 0.7129836965306316
 0.0
 0.0
 0.0
 0.0
 0.0
 0.0
 0.16779443216690315
 0.8661864680186961
 0.0
 0.0
 0.0
 0.0
 0.0
 0.0
 0.0
 0.0
 0.0
 0.0
 0.0
 0.0
 0.0
 0.0
 1.2827420534289815
 0.0
 0.0
 0.0
 0.0
 0.0
 0.0
 0.14317867580135532
 0.0
 0.0
 0.0
 0.0
 0.0
 0.758035893826419
 0.0
 0.0
 0.0
 0.0
 0.0
 0.0
 0.06348278571692792
 5.104927040439131
 0.0
 0.0
x_il_opt: 1-dimensional DenseAxisArray{Float64,1,...} with index sets:
    Dimension 1, [(43, 15), (43, 14), (44, 15), (44, 13), (44, 3), (40, 14), (40, 2), (41, 14), (42, 6), (37, 13)  …  (4, 13), (5, 2), (5, 7), (5, 9), (6, 11), (1, 1), (1, 6), (1, 3), (2, 1), (2, 15)]
And data, a 71-element Vector{Float64}:
 0.0
 0.0
 0.0
 2.0825032713784326
 1.614599500296316
 1.5581819107443509
 0.0
 0.0
 0.10972471203330142
 0.9174967286215673
 0.0
 3.0
 0.0
 0.0
 3.0
 0.0
 0.0
 0.0
 6.823426790681697
 0.0
 0.0
 0.0
 3.0
 0.9413148858772422
 2.0586851141227576
 0.0
 1.176573209318303
 0.0
 2.520854821949131
 0.0
 1.5463783409683478
 0.0
 0.0
 0.0
 0.0
 0.0
 0.0
 0.0
 0.45362165903165236
 0.0
 0.0
 0.0
 3.0
 0.0
 0.0
 2.058685114122758
 0.0
 2.7329627101322895
 0.0
 0.0
 0.0
 0.0
 0.0
 0.0
 1.9926713526914532
 0.0
 0.0
 5.185923716414282
 0.0
 0.0
 0.0
 0.0
 0.0
 0.2670372898677103
 0.19436249646019835
 0.0
 0.0
 2.8315901738439404
 0.0
 0.0
 5.49404478655678
x_lj_opt: 1-dimensional DenseAxisArray{Float64,1,...} with index sets:
    Dimension 1, [(15, 30), (15, 29), (15, 23), (15, 3), (14, 28), (14, 27), (14, 10), (14, 24), (13, 26), (13, 25)  …  (3, 6), (3, 5), (3, 29), (2, 4), (2, 3), (2, 1), (2, 5), (1, 2), (1, 1), (1, 14)]
And data, a 53-element Vector{Float64}:
 1.0405993354330496
 3.5966241269250863
 0.0
 0.8568213241986448
 0.7259763429112539
 0.8322055678330968
 0.0
 0.0
 2.0
 1.0
 0.0
 1.397959774839816
 0.9365172142830721
 0.6655230108771121
 1.9188145967889467
 0.0
 0.0
 0.0
 0.6020402251601841
 0.0
 0.0
 2.0
 1.0
 0.19436249646019835
 0.0
 0.0
 4.62074505219
 3.37925494781
 0.0
 0.0
 1.241964106173581
 0.9256332887783474
 0.8324026050480714
 2.0
 6.0
 0.0
 2.0
 1.0
 0.0
 0.0
 1.1338135319813039
 0.8588578207101494
 0.0
 0.0
 5.062670354512796
 1.737852862197802
 2.0
 0.0
 0.06267035451279677
 0.9373296454872035
 2.0
 0.0
 0.0
q_opt: 1-dimensional DenseAxisArray{Float64,1,...} with index sets:
    Dimension 1, [(43, 15), (43, 14), (44, 15), (44, 13), (44, 3), (40, 14), (40, 2), (41, 14), (42, 6), (37, 13)  …  (4, 13), (5, 2), (5, 7), (5, 9), (6, 11), (1, 1), (1, 6), (1, 3), (2, 1), (2, 15)]
And data, a 71-element Vector{Float64}:
 0.0
 0.0
 0.0
 0.6941677571261443
 0.2374228348090686
 1.0
 0.0
 0.0
 0.013715589004162677
 0.30583224287385574
 0.0
 1.0
 0.0
 0.0
 0.375
 0.0
 0.0
 0.0
 0.8529283488352122
 0.0
 0.0
 0.0
 1.0
 0.3137716286257474
 0.2573356392653447
 0.0
 0.1470716511647879
 0.0
 1.0
 0.0
 0.7731891704841739
 0.0
 0.0
 0.0
 0.0
 0.0
 0.0
 0.0
 0.22681082951582618
 0.0
 0.0
 0.0
 1.0
 0.0
 0.0
 0.6862283713742526
 0.0
 0.9109875700440966
 0.0
 0.0
 0.0
 0.0
 0.0
 0.0
 1.0
 0.0
 0.0
 0.7625771651909314
 0.0
 0.0
 0.0
 0.0
 0.0
 0.08901242995590344
 1.0
 0.0
 0.0
 0.35394877173049266
 0.0
 0.0
 1.0
