
PROBLEM STATISTICS
  Objective sense = Min
  # Variables = 572
  # Bin-Int Variables = 0
  # Constraints = 621
  # NL Constraints = 261
  # Linear Constraints = 360
  # Detected convex constraints = 0
  # Detected nonlinear terms = 261
  # Variables involved in nonlinear terms = 124
  # Potential variables for partitioning = 124
SUB-SOLVERS USED BY ALPINE
  NLP local solver = Knitro
  MIP solver = Gurobi
ALPINE CONFIGURATION
  Maximum iterations (lower-bounding MIPs) =  1
  Relative global optimality gap = 0.01%
  Potential variables chosen for partitioning = All
  Discretization ratio = 10
  Bound-tightening presolve = false
PRESOLVE 
  Doing local search

Feasible solution found during presolve: [1.4348926849897785, 0.7947441494229567, 0.0, 0.5651073150102216, 0.3129960429087341, 0.0, 0.0, 0.0, 0.0, 0.0, 0.0, 0.0, 0.0, 0.0, 0.0, 0.0, 1.9319926388926736, 0.0, 0.0, 1.0680073611073264, 0.0, 0.0, 0.0, 0.0, 0.0, 0.0, 0.0, 0.0, 0.0, 1.3314097461922298, 0.7613767494294581, 0.0, 0.0, 0.0, 0.0, 3.6005828927004435, 2.0590206033385714, 0.0, 0.0, 0.0, 0.0, 0.0, 0.0, 0.0, 0.0, 0.0, 0.0, 0.0, 0.0, 1.299509668376593, 1.6605319494321444, 0.06800736110732633, 0.0, 0.0, 0.0, 0.0, 0.0, 0.0, 0.0, 1.7996012871128284, 1.0, 0.0, 0.0, 0.0, 0.0, 0.0, 0.0, 0.0, 0.0, 0.0, 0.0, 0.0, 0.0, 0.0, 0.4830363858073194, 1.4491091574219581, 0.0, 0.4459710774198696, 1.3379132322596088, 0.0, 0.0, 0.0, 0.0, 0.0, 0.0, 0.0, 0.0, 0.0, 0.0, 0.0, 0.0, 0.0, 1.0709925367728115, 3.212977610318433, 0.0, 0.0, 0.0, 0.0, 0.0, 0.0, 0.0, 0.9316920058240263, 0.8419789534631356, 1.226329040712838, 0.0, 0.0, 0.0, 0.0, 0.0, 0.0, 0.0, 0.0, 0.0, 0.0, 0.0, 0.0, 0.0, 0.0, 3.9832102367887257, 1.327736745596242, 0.0, 0.0, 0.0, 2.016789763211274, 0.672263254403758, 0.0, 0.0, 0.0, 0.0, 0.0, 0.0, 0.0, 0.0, 0.0, 0.0, 0.0, 0.0, 0.0, 0.0, 0.0, 0.0, 0.0, 0.0, 0.0, 0.0, 0.0, 0.0, 0.6123421190504003, 0.0, 0.0, 0.0, 0.0, 0.0, 0.8107437935470144, 0.40537189677350727, 0.0, 0.0, 1.1892562064529857, 0.5946281032264928, 0.0, 0.0, 0.0, 0.0, 0.0, 0.0, 0.0, 0.0, 0.0, 0.0, 0.0, 0.0, 0.0, 0.0, 1.9309557247526214, 0.0, 0.0, 0.0, 0.20815075580518497, 0.0, 0.0, 0.0, 0.0, 0.0, 0.0, 0.0, 0.0, 0.0, 0.0, 0.0, 0.0, 0.0, 0.0, 0.0, 0.0, 1.791849244194815, 1.0, 0.2081507558051848, 0.0, 0.0, 0.0, 0.0, 0.0, 0.0, 0.0, 0.0, 0.0, 1.4511536444853634, 0.7255768222426817, 0.0, 0.5488463555146366, 0.2744231777573183, 0.0, 0.0, 0.0, 0.0, 0.0, 0.0, 0.0, 0.0, 0.0, 0.0, 0.0, 0.0, 0.0, 0.0, 0.23567272795354008, 0.6269217406733114, 0.0, 0.0, 0.0, 0.0, 0.0, 0.0, 0.0, 0.0, 0.0, 0.0, 0.0, 0.0, 0.0, 0.0, 0.0, 0.0, 0.0, 0.0, 0.0, 0.0, 0.0, 0.0, 0.2372790005064879, 0.2258418483309526, 0.0, 0.11863950025324399, 0.0, 0.0, 0.0, 0.0, 1.762720999493512, 1.6777555863251112, 0.0, 0.881360499746756, 0.0, 0.0, 0.0, 2.176730466728045, 2.092786495621688, 0.8625944686268515, 0.0, 0.0, 0.0, 0.8232695332719548, 0.0, 3.0, 0.0, 0.0, 1.9321455432292776, 0.0, 0.0, 0.0, 5.3109469823849675, 0.0, 0.0, 0.0, 3.0, 1.2161156903205217, 1.7838843096794783, 0.0, 2.6890530176150316, 0.0, 2.1391064805578064, 0.6123421190504003, 2.229636834412735, 0.0, 0.0, 0.0, 0.0, 0.0, 0.0, 0.0, 0.8781033579189556, 0.5817603490906845, 0.0, 0.0, 2.7996012871128286, 0.0, 0.0, 1.7838843096794785, 0.0, 3.0, 0.0, 0.0, 0.0, 0.0, 0.0, 0.0, 3.028048978916064, 0.0, 0.0, 5.659603496039015, 0.0, 0.0, 0.0, 0.0, 0.0, 0.0, 0.0, 0.0, 0.0, 4.283970147091244, 0.0, 0.0, 4.321837085565379, 2.0, 1.9035974346560638, 0.0, 1.0, 0.23567272795354008, 0.6269217406733114, 0.0, 0.0, 2.0, 1.0, 0.0, 1.791849244194815, 1.0, 0.2081507558051848, 1.9309557247526214, 0.0, 0.0, 0.0, 0.20815075580518497, 0.0, 0.0, 2.0, 1.0, 0.6123421190504003, 0.0, 0.0, 6.0, 2.0000000000000004, 0.0, 0.0, 0.9316920058240263, 0.8419789534631356, 1.226329040712838, 2.0, 6.0, 0.0, 1.7996012871128284, 1.0, 0.0, 0.0, 1.299509668376593, 1.6605319494321444, 0.06800736110732633, 0.0, 4.931992638892673, 2.8203973527680293, 1.9319926388926736, 0.0, 0.0, 1.0680073611073264, 2.0, 1.1077401923316907, 0.0, 0.0, 0.0690442752473785, 1.6035229759043808, 0.0, 0.0, 0.0, 1.76432727204646, 0.0, 0.0, 0.0, 0.0, 0.0, 0.0, 0.0, 0.0, 0.0, 0.0, 0.0, 0.23422151029396382, 0.0, 0.0, 0.0, 0.0, 0.0, 0.0, 0.0, 0.0, 2.0, 0.0, 1.0678544567707218, 0.0, 0.0, 0.0, 0.0, 0.0, 0.0, 0.0, 0.0, 0.0, 0.0, 0.0, 0.0, 0.0, 0.39647702409561936, 0.0, 0.0, 0.0, 0.0, 0.0, 0.0, 0.0, 0.0, 0.0, 0.0, 0.0, 0.8608935194421935, 0.0, 0.0, 0.1580210465368645, 1.3876578809495996, 0.0, 0.0, 0.0, 0.0, 6.0, 0.0, 0.0, 0.0, 0.0, 0.7657784897060362, 0.0, 0.0, 0.0, 0.0, 0.0, 0.0, 0.37307825932668853, 0.700490331623407, 0.0, 0.0, 0.0, 0.0, 0.0, 0.0, 0.0, 0.0, 0.0, 0.2003987128871716, 0.0, 0.0, 0.0, 0.0, 1.4785745311256615, 0.0, 0.0, 0.0, 0.0, 0.0, 0.0, 0.0, 0.0, 0.0, 0.0, 0.0, 0.0, 1.0182089082226893, 0.0, 0.0, 0.0, 0.0, 0.05009908595328433, 0.0, 0.0, 3.665930766955472, 0.0, 0.0, 0.0, 0.0, 0.0, 0.7255768222426817, 0.26995371722435435, 1.0, 0.0, 0.0, 0.0, 0.2744231777573183, 0.0, 1.0, 0.0, 0.0, 0.2415181929036597, 0.0, 0.0, 0.0, 0.6638683727981209, 0.0, 0.0, 0.0, 1.0, 0.4053718967735072, 0.2229855387099348, 0.0, 0.33613162720187895, 0.0, 1.0, 1.0, 0.7174463424948893, 0.0, 0.0, 0.0, 0.0, 0.0, 0.0, 0.0, 0.2825536575051108, 0.11863950025324395, 0.0, 0.0, 1.0, 0.0, 0.0, 0.5946281032264928, 0.0, 1.0, 0.0, 0.0, 0.0, 0.0, 0.0, 0.0, 1.0, 0.0, 0.0, 0.7300462827756458, 0.0, 0.0, 0.0, 0.0, 0.0, 0.0, 0.0, 0.0, 0.0, 0.5354962683864055, 0.0, 0.0, 0.881360499746756]  :with objective: -621.8537218127401

  Local solver returns a feasible point with value -621.8537
disc:  333  :[0.0, 1.8, 2.0]
disc:  334  :[0.0, 1.303597434656064, 2.5035974346560637, 6.0]
disc:  335  :[0.0, 0.1, 1.0]
disc:  336  :[0.0, 0.9, 1.0]
disc:  337  :[0.0, 0.03567272795354007, 0.43567272795354006, 2.0]
disc:  338  :[0.0, 0.5269217406733114, 0.7269217406733114, 1.0]
disc:  339  :[0.0, 0.2, 2.0]
disc:  340  :[0.0, 0.2, 2.0]
disc:  341  :[0.0, 1.8, 2.0]
disc:  342  :[0.0, 0.9, 1.0]
disc:  343  :[0.0, 0.2, 2.0]
disc:  344  :[0.0, 1.591849244194815, 1.991849244194815, 2.0]
disc:  345  :[0.0, 0.9, 1.0]
disc:  346  :[0.0, 0.5081507558051848, 3.0]
disc:  347  :[0.0, 1.7309557247526215, 2.0]
disc:  348  :[0.0, 0.6, 6.0]
disc:  349  :[0.0, 0.2, 2.0]
disc:  350  :[0.0, 0.1, 1.0]
disc:  351  :[0.0, 0.008150755805184956, 0.408150755805185, 2.0]
disc:  352  :[0.0, 0.6, 6.0]
disc:  353  :[0.0, 0.1, 1.0]
disc:  354  :[0.0, 1.8, 2.0]
disc:  355  :[0.0, 0.9, 1.0]
disc:  356  :[0.0, 0.41234211905040025, 0.8123421190504003, 2.0]
disc:  357  :[0.0, 0.1, 1.0]
disc:  358  :[0.0, 0.2, 2.0]
disc:  359  :[0.0, 5.4, 6.0]
disc:  360  :[0.0, 1.4000000000000004, 2.6000000000000005, 6.0]
disc:  361  :[0.0, 0.2, 2.0]
disc:  362  :[0.0, 0.1, 1.0]
disc:  363  :[0.0, 0.7316920058240264, 1.1316920058240263, 2.0]
disc:  364  :[0.0, 0.7419789534631356, 0.9419789534631355, 1.0]
disc:  365  :[0.0, 0.926329040712838, 1.526329040712838, 3.0]
disc:  366  :[0.0, 1.8, 2.0]
disc:  367  :[0.0, 5.4, 6.0]
disc:  368  :[0.0, 0.2, 2.0]
disc:  369  :[0.0, 1.5996012871128285, 1.9996012871128284, 2.0]
disc:  370  :[0.0, 0.9, 1.0]
disc:  371  :[0.0, 0.2, 2.0]
disc:  372  :[0.0, 0.2, 2.0]
disc:  373  :[0.0, 1.099509668376593, 1.499509668376593, 2.0]
disc:  374  :[0.0, 1.0605319494321446, 2.2605319494321443, 6.0]
disc:  375  :[0.0, 0.26800736110732637, 2.0]
disc:  376  :[0.0, 0.2, 2.0]
disc:  377  :[0.0, 4.3319926388926735, 5.531992638892673, 6.0]
disc:  378  :[0.0, 2.220397352768029, 3.4203973527680294, 6.0]
disc:  379  :[0.0, 1.7319926388926736, 2.0]
disc:  380  :[0.0, 0.1, 1.0]
disc:  381  :[0.0, 0.3, 3.0]
disc:  382  :[0.0, 0.7680073611073264, 1.3680073611073265, 3.0]
disc:  383  :[0.0, 1.8, 2.0]
disc:  384  :[0.0, 0.5077401923316908, 1.7077401923316908, 6.0]
disc:  385  :[0.0, 0.2, 2.0]
disc:  502  :[0.0, 0.1, 1.0]
disc:  503  :[0.0, 0.1, 1.0]
disc:  504  :[0.0, 0.1, 1.0]
disc:  505  :[0.0, 0.6255768222426817, 0.8255768222426817, 1.0]
disc:  506  :[0.0, 0.16995371722435434, 0.36995371722435433, 1.0]
disc:  507  :[0.0, 0.9, 1.0]
disc:  508  :[0.0, 0.1, 1.0]
disc:  509  :[0.0, 0.1, 1.0]
disc:  510  :[0.0, 0.1, 1.0]
disc:  511  :[0.0, 0.17442317775731828, 0.37442317775731826, 1.0]
disc:  512  :[0.0, 0.1, 1.0]
disc:  513  :[0.0, 0.9, 1.0]
disc:  514  :[0.0, 0.1, 1.0]
disc:  515  :[0.0, 0.1, 1.0]
disc:  516  :[0.0, 0.1415181929036597, 0.3415181929036597, 1.0]
disc:  517  :[0.0, 0.1, 1.0]
disc:  518  :[0.0, 0.1, 1.0]
disc:  519  :[0.0, 0.1, 1.0]
disc:  520  :[0.0, 0.563868372798121, 0.7638683727981209, 1.0]
disc:  521  :[0.0, 0.1, 1.0]
disc:  522  :[0.0, 0.1, 1.0]
disc:  523  :[0.0, 0.1, 1.0]
disc:  524  :[0.0, 0.9, 1.0]
disc:  525  :[0.0, 0.3053718967735072, 0.5053718967735072, 1.0]
disc:  526  :[0.0, 0.12298553870993478, 0.3229855387099348, 1.0]
disc:  527  :[0.0, 0.1, 1.0]
disc:  528  :[0.0, 0.23613162720187894, 0.4361316272018789, 1.0]
disc:  529  :[0.0, 0.1, 1.0]
disc:  530  :[0.0, 0.9, 1.0]
disc:  531  :[0.0, 0.9, 1.0]
disc:  532  :[0.0, 0.6174463424948893, 0.8174463424948892, 1.0]
disc:  533  :[0.0, 0.1, 1.0]
disc:  534  :[0.0, 0.1, 1.0]
disc:  535  :[0.0, 0.1, 1.0]
disc:  536  :[0.0, 0.1, 1.0]
disc:  537  :[0.0, 0.1, 1.0]
disc:  538  :[0.0, 0.1, 1.0]
disc:  539  :[0.0, 0.1, 1.0]
disc:  540  :[0.0, 0.1825536575051108, 0.38255365750511083, 1.0]
disc:  541  :[0.0, 0.018639500253243943, 0.21863950025324397, 1.0]
disc:  542  :[0.0, 0.1, 1.0]
disc:  543  :[0.0, 0.1, 1.0]
disc:  544  :[0.0, 0.9, 1.0]
disc:  545  :[0.0, 0.1, 1.0]
disc:  546  :[0.0, 0.1, 1.0]
disc:  547  :[0.0, 0.49462810322649287, 0.6946281032264928, 1.0]
disc:  548  :[0.0, 0.1, 1.0]
disc:  549  :[0.0, 0.9, 1.0]
disc:  550  :[0.0, 0.1, 1.0]
disc:  551  :[0.0, 0.1, 1.0]
disc:  552  :[0.0, 0.1, 1.0]
disc:  553  :[0.0, 0.1, 1.0]
disc:  554  :[0.0, 0.1, 1.0]
disc:  555  :[0.0, 0.1, 1.0]
disc:  556  :[0.0, 0.9, 1.0]
disc:  557  :[0.0, 0.1, 1.0]
disc:  558  :[0.0, 0.1, 1.0]
disc:  559  :[0.0, 0.6300462827756458, 0.8300462827756457, 1.0]
disc:  560  :[0.0, 0.1, 1.0]
disc:  561  :[0.0, 0.1, 1.0]
disc:  562  :[0.0, 0.1, 1.0]
disc:  563  :[0.0, 0.1, 1.0]
disc:  564  :[0.0, 0.1, 1.0]
disc:  565  :[0.0, 0.1, 1.0]
disc:  566  :[0.0, 0.1, 1.0]
disc:  567  :[0.0, 0.1, 1.0]
disc:  568  :[0.0, 0.1, 1.0]
disc:  569  :[0.0, 0.43549626838640554, 0.6354962683864055, 1.0]
disc:  570  :[0.0, 0.1, 1.0]
disc:  571  :[0.0, 0.1, 1.0]
disc:  572  :[0.0, 0.781360499746756, 0.981360499746756, 1.0]
  Completed presolve in 29.99s
LOWER-BOUNDING ITERATIONS
====================================================================================================
| Iter   | Incumbent       | Best Incumbent      | Lower Bound        | Gap (%)         | Time      
| finish | -621.8537       | -621.8537           | -625.6399          | 0.609           | 47.56s           
Final UBD: -621.8537218127401
Final LBD: -625.639859994109
====================================================================================================

*** Alpine ended with status OTHER_LIMIT ***

 Total time for local solves: 27.85s

 Total time for solving max-min problems: 0.0s

 Total time excluding max-min time: 47.56s

presolve objective value: -621.8537218127401
w_opt: 1-dimensional DenseAxisArray{Float64,1,...} with index sets:
    Dimension 1, [(25, 1, 2), (25, 1, 1), (25, 1, 14), (20, 1, 2), (20, 1, 1), (20, 1, 14), (1, 1, 2), (1, 1, 1), (1, 1, 14), (2, 1, 2)  …  (20, 15, 23), (20, 15, 3), (8, 15, 30), (8, 15, 29), (8, 15, 23), (8, 15, 3), (2, 15, 30), (2, 15, 29), (2, 15, 23), (2, 15, 3)]
And data, a 261-element Vector{Float64}:
 1.4348926849897785
 0.7947441494229567
 0.0
 0.5651073150102216
 0.3129960429087341
 0.0
 0.0
 0.0
 0.0
 0.0
 0.0
 0.0
 0.0
 0.0
 0.0
 0.0
 1.9319926388926736
 0.0
 0.0
 1.0680073611073264
 0.0
 0.0
 0.0
 0.0
 0.0
 0.0
 0.0
 0.0
 0.0
 1.3314097461922298
 0.7613767494294581
 0.0
 0.0
 0.0
 0.0
 3.6005828927004435
 2.0590206033385714
 0.0
 0.0
 0.0
 0.0
 0.0
 0.0
 0.0
 0.0
 0.0
 0.0
 0.0
 0.0
 1.299509668376593
 1.6605319494321444
 0.06800736110732633
 0.0
 0.0
 0.0
 0.0
 0.0
 0.0
 0.0
 1.7996012871128284
 1.0
 0.0
 0.0
 0.0
 0.0
 0.0
 0.0
 0.0
 0.0
 0.0
 0.0
 0.0
 0.0
 0.0
 0.4830363858073194
 1.4491091574219581
 0.0
 0.4459710774198696
 1.3379132322596088
 0.0
 0.0
 0.0
 0.0
 0.0
 0.0
 0.0
 0.0
 0.0
 0.0
 0.0
 0.0
 0.0
 1.0709925367728115
 3.212977610318433
 0.0
 0.0
 0.0
 0.0
 0.0
 0.0
 0.0
 0.9316920058240263
 0.8419789534631356
 1.226329040712838
 0.0
 0.0
 0.0
 0.0
 0.0
 0.0
 0.0
 0.0
 0.0
 0.0
 0.0
 0.0
 0.0
 0.0
 3.9832102367887257
 1.327736745596242
 0.0
 0.0
 0.0
 2.016789763211274
 0.672263254403758
 0.0
 0.0
 0.0
 0.0
 0.0
 0.0
 0.0
 0.0
 0.0
 0.0
 0.0
 0.0
 0.0
 0.0
 0.0
 0.0
 0.0
 0.0
 0.0
 0.0
 0.0
 0.0
 0.6123421190504003
 0.0
 0.0
 0.0
 0.0
 0.0
 0.8107437935470144
 0.40537189677350727
 0.0
 0.0
 1.1892562064529857
 0.5946281032264928
 0.0
 0.0
 0.0
 0.0
 0.0
 0.0
 0.0
 0.0
 0.0
 0.0
 0.0
 0.0
 0.0
 0.0
 1.9309557247526214
 0.0
 0.0
 0.0
 0.20815075580518497
 0.0
 0.0
 0.0
 0.0
 0.0
 0.0
 0.0
 0.0
 0.0
 0.0
 0.0
 0.0
 0.0
 0.0
 0.0
 0.0
 1.791849244194815
 1.0
 0.2081507558051848
 0.0
 0.0
 0.0
 0.0
 0.0
 0.0
 0.0
 0.0
 0.0
 1.4511536444853634
 0.7255768222426817
 0.0
 0.5488463555146366
 0.2744231777573183
 0.0
 0.0
 0.0
 0.0
 0.0
 0.0
 0.0
 0.0
 0.0
 0.0
 0.0
 0.0
 0.0
 0.0
 0.23567272795354008
 0.6269217406733114
 0.0
 0.0
 0.0
 0.0
 0.0
 0.0
 0.0
 0.0
 0.0
 0.0
 0.0
 0.0
 0.0
 0.0
 0.0
 0.0
 0.0
 0.0
 0.0
 0.0
 0.0
 0.0
 0.2372790005064879
 0.2258418483309526
 0.0
 0.11863950025324399
 0.0
 0.0
 0.0
 0.0
 1.762720999493512
 1.6777555863251112
 0.0
 0.881360499746756
x_ij_opt: 1-dimensional DenseAxisArray{Float64,1,...} with index sets:
    Dimension 1, [(43, 30), (43, 22), (43, 6), (44, 22), (45, 30), (45, 29), (45, 28), (45, 24), (45, 23), (40, 29)  …  (5, 7), (5, 14), (6, 4), (6, 3), (1, 14), (1, 10), (1, 23), (1, 1), (3, 2), (3, 1)]
And data, a 116-element Vector{Float64}:
 0.0
 0.0690442752473785
 1.6035229759043808
 0.0
 0.0
 0.0
 1.76432727204646
 0.0
 0.0
 0.0
 0.0
 0.0
 0.0
 0.0
 0.0
 0.0
 0.0
 0.0
 0.23422151029396382
 0.0
 0.0
 0.0
 0.0
 0.0
 0.0
 0.0
 0.0
 2.0
 0.0
 1.0678544567707218
 0.0
 0.0
 0.0
 0.0
 0.0
 0.0
 0.0
 0.0
 0.0
 0.0
 0.0
 0.0
 0.0
 0.39647702409561936
 0.0
 0.0
 0.0
 0.0
 0.0
 0.0
 0.0
 0.0
 0.0
 0.0
 0.0
 0.8608935194421935
 0.0
 0.0
 0.1580210465368645
 1.3876578809495996
 0.0
 0.0
 0.0
 0.0
 6.0
 0.0
 0.0
 0.0
 0.0
 0.7657784897060362
 0.0
 0.0
 0.0
 0.0
 0.0
 0.0
 0.37307825932668853
 0.700490331623407
 0.0
 0.0
 0.0
 0.0
 0.0
 0.0
 0.0
 0.0
 0.0
 0.2003987128871716
 0.0
 0.0
 0.0
 0.0
 1.4785745311256615
 0.0
 0.0
 0.0
 0.0
 0.0
 0.0
 0.0
 0.0
 0.0
 0.0
 0.0
 0.0
 1.0182089082226893
 0.0
 0.0
 0.0
 0.0
 0.05009908595328433
 0.0
 0.0
 3.665930766955472
 0.0
 0.0
x_il_opt: 1-dimensional DenseAxisArray{Float64,1,...} with index sets:
    Dimension 1, [(43, 15), (43, 14), (44, 15), (44, 13), (44, 3), (40, 14), (40, 2), (41, 14), (42, 6), (37, 13)  …  (4, 13), (5, 2), (5, 7), (5, 9), (6, 11), (1, 1), (1, 6), (1, 3), (2, 1), (2, 15)]
And data, a 71-element Vector{Float64}:
 0.0
 0.0
 0.0
 2.176730466728045
 2.092786495621688
 0.8625944686268515
 0.0
 0.0
 0.0
 0.8232695332719548
 0.0
 3.0
 0.0
 0.0
 1.9321455432292776
 0.0
 0.0
 0.0
 5.3109469823849675
 0.0
 0.0
 0.0
 3.0
 1.2161156903205217
 1.7838843096794783
 0.0
 2.6890530176150316
 0.0
 2.1391064805578064
 0.6123421190504003
 2.229636834412735
 0.0
 0.0
 0.0
 0.0
 0.0
 0.0
 0.0
 0.8781033579189556
 0.5817603490906845
 0.0
 0.0
 2.7996012871128286
 0.0
 0.0
 1.7838843096794785
 0.0
 3.0
 0.0
 0.0
 0.0
 0.0
 0.0
 0.0
 3.028048978916064
 0.0
 0.0
 5.659603496039015
 0.0
 0.0
 0.0
 0.0
 0.0
 0.0
 0.0
 0.0
 0.0
 4.283970147091244
 0.0
 0.0
 4.321837085565379
x_lj_opt: 1-dimensional DenseAxisArray{Float64,1,...} with index sets:
    Dimension 1, [(15, 30), (15, 29), (15, 23), (15, 3), (14, 28), (14, 27), (14, 10), (14, 24), (13, 26), (13, 25)  …  (3, 6), (3, 5), (3, 29), (2, 4), (2, 3), (2, 1), (2, 5), (1, 2), (1, 1), (1, 14)]
And data, a 53-element Vector{Float64}:
 2.0
 1.9035974346560638
 0.0
 1.0
 0.23567272795354008
 0.6269217406733114
 0.0
 0.0
 2.0
 1.0
 0.0
 1.791849244194815
 1.0
 0.2081507558051848
 1.9309557247526214
 0.0
 0.0
 0.0
 0.20815075580518497
 0.0
 0.0
 2.0
 1.0
 0.6123421190504003
 0.0
 0.0
 6.0
 2.0000000000000004
 0.0
 0.0
 0.9316920058240263
 0.8419789534631356
 1.226329040712838
 2.0
 6.0
 0.0
 1.7996012871128284
 1.0
 0.0
 0.0
 1.299509668376593
 1.6605319494321444
 0.06800736110732633
 0.0
 4.931992638892673
 2.8203973527680293
 1.9319926388926736
 0.0
 0.0
 1.0680073611073264
 2.0
 1.1077401923316907
 0.0
q_opt: 1-dimensional DenseAxisArray{Float64,1,...} with index sets:
    Dimension 1, [(43, 15), (43, 14), (44, 15), (44, 13), (44, 3), (40, 14), (40, 2), (41, 14), (42, 6), (37, 13)  …  (4, 13), (5, 2), (5, 7), (5, 9), (6, 11), (1, 1), (1, 6), (1, 3), (2, 1), (2, 15)]
And data, a 71-element Vector{Float64}:
 0.0
 0.0
 0.0
 0.7255768222426817
 0.26995371722435435
 1.0
 0.0
 0.0
 0.0
 0.2744231777573183
 0.0
 1.0
 0.0
 0.0
 0.2415181929036597
 0.0
 0.0
 0.0
 0.6638683727981209
 0.0
 0.0
 0.0
 1.0
 0.4053718967735072
 0.2229855387099348
 0.0
 0.33613162720187895
 0.0
 1.0
 1.0
 0.7174463424948893
 0.0
 0.0
 0.0
 0.0
 0.0
 0.0
 0.0
 0.2825536575051108
 0.11863950025324395
 0.0
 0.0
 1.0
 0.0
 0.0
 0.5946281032264928
 0.0
 1.0
 0.0
 0.0
 0.0
 0.0
 0.0
 0.0
 1.0
 0.0
 0.0
 0.7300462827756458
 0.0
 0.0
 0.0
 0.0
 0.0
 0.0
 0.0
 0.0
 0.0
 0.5354962683864055
 0.0
 0.0
 0.881360499746756
