
PROBLEM STATISTICS
  Objective sense = Min
  # Variables = 572
  # Bin-Int Variables = 0
  # Constraints = 621
  # NL Constraints = 261
  # Linear Constraints = 360
  # Detected convex constraints = 0
  # Detected nonlinear terms = 261
  # Variables involved in nonlinear terms = 124
  # Potential variables for partitioning = 124
SUB-SOLVERS USED BY ALPINE
  NLP local solver = Knitro
  MIP solver = Gurobi
ALPINE CONFIGURATION
  Maximum iterations (lower-bounding MIPs) =  1
  Relative global optimality gap = 0.01%
  Potential variables chosen for partitioning = All
  Discretization ratio = 10
  Bound-tightening presolve = false
PRESOLVE 
  Doing local search

Feasible solution found during presolve: [1.180540347706538, 0.0, 0.0, 0.8194596522934623, 0.0, 0.0, 0.0, 0.0, 0.0, 0.0, 0.0, 0.0, 0.0, 0.0, 0.0, 0.0, 2.0, 0.0, 0.0, 1.0000000000000002, 0.0, 0.0, 0.0, 0.0, 0.0, 0.0, 0.0, 0.0, 0.0, 1.4396475151151273, 0.819243919885135, 0.0, 0.0, 0.0, 0.0, 3.5603524848848727, 2.026049498412541, 0.0, 0.0, 0.0, 0.0, 0.0, 0.0, 0.0, 0.0, 0.0, 0.0, 0.0, 0.0, 0.0, 0.0, 0.0, 0.0, 0.0, 0.0, 0.0, 0.0, 0.0, 0.0, 1.9184367300767369, 1.0, 0.0, 0.0, 0.0, 0.0, 0.0, 0.0, 0.0, 0.0, 0.0, 0.0, 0.11429910060753824, 0.34289730182261474, 0.0, 0.75, 2.25, 0.0, 0.5641182555636831, 1.6923547666910492, 0.0, 0.0, 0.0, 0.0, 0.0, 0.0, 0.0, 0.0, 0.0, 0.0, 0.0, 0.0, 0.0, 0.5715826438287788, 1.7147479314863363, 0.0, 0.0, 0.0, 0.0, 0.0, 0.0, 0.0, 1.9285309380625817, 0.7136694246848845, 0.35779963725253383, 0.0, 0.0, 0.0, 0.0, 0.0, 0.0, 0.0, 0.0, 0.0, 0.0, 0.0, 0.0, 0.0, 0.0, 2.465825935683401, 2.9663031400460333, 0.0, 0.0, 0.0, 1.1656429065436757, 1.4022280177268904, 0.0, 0.0, 0.0, 0.0, 0.0, 0.0, 0.0, 0.0, 0.0, 0.0, 0.0, 0.0, 0.0, 0.0, 0.0, 0.0, 0.0, 0.0, 0.0, 0.0, 0.0, 0.0, 0.08601067812631606, 0.0, 0.0, 0.0, 0.0, 0.0, 0.49568465183017835, 0.24784232591508917, 0.0, 0.0, 1.5043153481698217, 0.7521576740849109, 0.0, 0.0, 0.0, 0.0, 0.0, 0.0, 0.0, 0.0, 0.0, 0.0, 0.0, 0.0, 0.0, 0.0, 2.0, 0.0, 0.0, 0.0, 0.6226676574615404, 0.0, 0.0, 0.0, 0.0, 0.0, 0.0, 0.0, 0.0, 0.0, 0.0, 0.0, 0.0, 0.0, 0.0, 0.0, 0.0, 1.3773323425384596, 1.0, 0.6226676574615403, 0.0, 0.0, 0.0, 0.0, 0.0, 0.0, 0.0, 0.0, 0.0, 1.5478206157705916, 0.7739103078852959, 0.0, 0.45217938422940834, 0.22608969211470414, 0.0, 0.0, 0.0, 0.0, 0.0, 0.0, 0.0, 0.0, 0.0, 0.0, 0.0, 0.0, 0.0, 0.0, 0.8176869799468623, 0.8579813703696821, 0.0, 0.0, 0.0, 0.0, 0.0, 0.0, 0.0, 0.0, 0.0, 0.0, 0.0, 0.0, 0.0, 0.0, 0.0, 0.0, 0.0, 0.0, 0.0, 0.0, 0.0, 0.0, 0.0, 0.0, 0.0, 0.0, 0.0, 0.0, 0.0, 0.0, 1.79155352813272, 2.532038924240784, 0.0, 1.0, 0.0, 0.0, 0.0, 2.3217309236558874, 2.2588914350002622, 1.6756683503165446, 0.0, 0.0, 0.45719640243015297, 0.6782690763441125, 0.0, 3.0, 0.0, 0.0, 3.0, 0.0, 0.0, 0.0, 5.432129075729434, 0.0, 0.0, 0.0, 3.0, 0.7435269777452675, 2.2564730222547325, 0.0, 2.567870924270566, 0.0, 2.62266765746154, 0.08601067812631606, 1.180540347706538, 0.0, 0.0, 0.0, 0.0, 0.0, 0.0, 0.0, 0.8194596522934623, 0.0, 0.0, 0.0, 2.9184367300767367, 0.0, 0.0, 2.2564730222547325, 0.0, 3.0, 0.0, 0.0, 0.0, 0.0, 0.0, 0.0, 0.0, 0.0, 0.0, 5.586401983297414, 0.0, 0.0, 0.0, 0.0, 0.0, 0.0, 0.0, 0.0, 0.0, 2.286330575315115, 0.0, 0.0, 5.323592452373504, 1.79155352813272, 2.532038924240784, 0.0, 1.0, 0.8176869799468623, 0.8579813703696821, 0.0, 0.0, 2.0, 1.0, 0.0, 1.3773323425384596, 1.0, 0.6226676574615403, 2.0, 0.0, 0.0, 0.0, 0.6226676574615404, 0.0, 0.0, 2.0, 1.0, 0.08601067812631606, 0.0, 0.0, 3.631468842227077, 4.3685311577729244, 0.0, 0.0, 1.9285309380625817, 0.7136694246848845, 0.35779963725253383, 2.0, 6.0, 0.0, 1.9184367300767369, 1.0, 0.0, 0.0, 0.0, 0.0, 0.0, 0.0, 5.0, 2.845293418297676, 2.0, 0.0, 0.0, 1.0000000000000002, 2.0, 0.0, 0.0, 0.0, 0.0, 1.5616056208189597, 0.0, 0.2084464718672801, 0.0, 1.1823130200531375, 0.0, 0.0, 0.0, 0.0, 0.0, 0.0, 0.0, 0.0, 0.0, 0.0, 0.0, 0.23135997845791884, 0.0, 0.0, 0.0, 0.0, 0.0, 0.0, 0.0, 0.0, 2.0, 0.0, 0.0, 0.0, 0.0, 0.0, 0.0, 0.0, 0.0, 0.0, 0.0, 0.0, 0.0, 0.0, 0.0, 0.0, 0.4383943791810402, 0.0, 0.0, 0.0, 0.0, 0.0, 0.0, 0.0, 0.0, 0.0, 0.0, 0.0, 0.37733234253846, 0.0, 1.4471183988520295, 0.28633057531511624, 1.9139893218736839, 0.0, 0.0, 0.0, 0.0, 6.0, 0.0, 0.9214127589208931, 0.0, 0.0, 0.7686400215420812, 0.0, 0.0, 0.0, 0.0, 0.0, 0.0, 0.1420186296303179, 0.8256095857086917, 0.0, 0.0, 0.0, 0.0, 0.0, 0.0, 0.0, 0.0, 0.0, 0.08156326992326322, 0.0, 0.0, 0.0, 1.1743904142913082, 0.0, 0.0, 0.0, 0.0, 0.0, 0.0, 0.0, 0.0, 0.0, 0.0, 0.0, 0.0, 0.0, 0.0, 0.0, 0.0, 0.0, 0.0, 0.07146906193741824, 0.0, 0.0, 5.642200362747467, 0.0, 0.0, 0.0, 0.0, 0.0, 0.7739103078852958, 0.28792950302302545, 1.0, 0.0, 0.0, 0.05714955030376912, 0.22608969211470417, 0.0, 1.0, 0.0, 0.0, 0.375, 0.0, 0.0, 0.0, 0.6790161344661793, 0.0, 1.0, 0.0, 1.0, 0.24784232591508917, 0.28205912778184156, 0.0, 0.32098386553382074, 0.0, 1.0, 1.0, 0.590270173853269, 0.0, 0.0, 0.0, 0.0, 0.0, 0.0, 0.0, 0.40972982614673115, 0.0, 0.0, 0.0, 1.0, 0.0, 0.0, 0.7521576740849109, 0.0, 1.0, 0.0, 0.0, 0.0, 0.0, 0.0, 0.0, 0.0, 0.0, 0.0, 0.7120704969769746, 0.0, 0.0, 0.0, 0.0, 0.0, 0.0, 0.0, 0.0, 0.0, 0.2857913219143894, 0.0, 0.0, 1.0]  :with objective: -630.4548173725639

  Local solver returns a feasible point with value -630.4548
disc:  333  :[0.0, 1.59155352813272, 1.99155352813272, 2.0]
disc:  334  :[0.0, 1.9320389242407838, 3.132038924240784, 6.0]
disc:  335  :[0.0, 0.1, 1.0]
disc:  336  :[0.0, 0.9, 1.0]
disc:  337  :[0.0, 0.6176869799468623, 1.0176869799468624, 2.0]
disc:  338  :[0.0, 0.7579813703696822, 0.9579813703696821, 1.0]
disc:  339  :[0.0, 0.2, 2.0]
disc:  340  :[0.0, 0.2, 2.0]
disc:  341  :[0.0, 1.8, 2.0]
disc:  342  :[0.0, 0.9, 1.0]
disc:  343  :[0.0, 0.2, 2.0]
disc:  344  :[0.0, 1.1773323425384596, 1.5773323425384596, 2.0]
disc:  345  :[0.0, 0.9, 1.0]
disc:  346  :[0.0, 0.3226676574615403, 0.9226676574615402, 3.0]
disc:  347  :[0.0, 1.8, 2.0]
disc:  348  :[0.0, 0.6, 6.0]
disc:  349  :[0.0, 0.2, 2.0]
disc:  350  :[0.0, 0.1, 1.0]
disc:  351  :[0.0, 0.4226676574615404, 0.8226676574615404, 2.0]
disc:  352  :[0.0, 0.6, 6.0]
disc:  353  :[0.0, 0.1, 1.0]
disc:  354  :[0.0, 1.8, 2.0]
disc:  355  :[0.0, 0.9, 1.0]
disc:  356  :[0.0, 0.2860106781263161, 2.0]
disc:  357  :[0.0, 0.1, 1.0]
disc:  358  :[0.0, 0.2, 2.0]
disc:  359  :[0.0, 3.031468842227077, 4.231468842227077, 6.0]
disc:  360  :[0.0, 3.7685311577729244, 4.968531157772924, 6.0]
disc:  361  :[0.0, 0.2, 2.0]
disc:  362  :[0.0, 0.1, 1.0]
disc:  363  :[0.0, 1.7285309380625817, 2.0]
disc:  364  :[0.0, 0.6136694246848845, 0.8136694246848845, 1.0]
disc:  365  :[0.0, 0.05779963725253384, 0.6577996372525339, 3.0]
disc:  366  :[0.0, 1.8, 2.0]
disc:  367  :[0.0, 5.4, 6.0]
disc:  368  :[0.0, 0.2, 2.0]
disc:  369  :[0.0, 1.718436730076737, 2.0]
disc:  370  :[0.0, 0.9, 1.0]
disc:  371  :[0.0, 0.2, 2.0]
disc:  372  :[0.0, 0.2, 2.0]
disc:  373  :[0.0, 0.2, 2.0]
disc:  374  :[0.0, 0.6, 6.0]
disc:  375  :[0.0, 0.2, 2.0]
disc:  376  :[0.0, 0.2, 2.0]
disc:  377  :[0.0, 4.4, 5.6, 6.0]
disc:  378  :[0.0, 2.245293418297676, 3.445293418297676, 6.0]
disc:  379  :[0.0, 1.8, 2.0]
disc:  380  :[0.0, 0.1, 1.0]
disc:  381  :[0.0, 0.3, 3.0]
disc:  382  :[0.0, 0.7000000000000002, 1.3000000000000003, 3.0]
disc:  383  :[0.0, 1.8, 2.0]
disc:  384  :[0.0, 0.6, 6.0]
disc:  385  :[0.0, 0.2, 2.0]
disc:  502  :[0.0, 0.1, 1.0]
disc:  503  :[0.0, 0.1, 1.0]
disc:  504  :[0.0, 0.1, 1.0]
disc:  505  :[0.0, 0.6739103078852958, 0.8739103078852958, 1.0]
disc:  506  :[0.0, 0.18792950302302544, 0.3879295030230254, 1.0]
disc:  507  :[0.0, 0.9, 1.0]
disc:  508  :[0.0, 0.1, 1.0]
disc:  509  :[0.0, 0.1, 1.0]
disc:  510  :[0.0, 0.15714955030376912, 1.0]
disc:  511  :[0.0, 0.12608969211470417, 0.3260896921147042, 1.0]
disc:  512  :[0.0, 0.1, 1.0]
disc:  513  :[0.0, 0.9, 1.0]
disc:  514  :[0.0, 0.1, 1.0]
disc:  515  :[0.0, 0.1, 1.0]
disc:  516  :[0.0, 0.275, 0.475, 1.0]
disc:  517  :[0.0, 0.1, 1.0]
disc:  518  :[0.0, 0.1, 1.0]
disc:  519  :[0.0, 0.1, 1.0]
disc:  520  :[0.0, 0.5790161344661793, 0.7790161344661792, 1.0]
disc:  521  :[0.0, 0.1, 1.0]
disc:  522  :[0.0, 0.9, 1.0]
disc:  523  :[0.0, 0.1, 1.0]
disc:  524  :[0.0, 0.9, 1.0]
disc:  525  :[0.0, 0.14784232591508917, 0.3478423259150892, 1.0]
disc:  526  :[0.0, 0.18205912778184155, 0.3820591277818416, 1.0]
disc:  527  :[0.0, 0.1, 1.0]
disc:  528  :[0.0, 0.22098386553382074, 0.4209838655338207, 1.0]
disc:  529  :[0.0, 0.1, 1.0]
disc:  530  :[0.0, 0.9, 1.0]
disc:  531  :[0.0, 0.9, 1.0]
disc:  532  :[0.0, 0.490270173853269, 0.6902701738532689, 1.0]
disc:  533  :[0.0, 0.1, 1.0]
disc:  534  :[0.0, 0.1, 1.0]
disc:  535  :[0.0, 0.1, 1.0]
disc:  536  :[0.0, 0.1, 1.0]
disc:  537  :[0.0, 0.1, 1.0]
disc:  538  :[0.0, 0.1, 1.0]
disc:  539  :[0.0, 0.1, 1.0]
disc:  540  :[0.0, 0.30972982614673117, 0.5097298261467311, 1.0]
disc:  541  :[0.0, 0.1, 1.0]
disc:  542  :[0.0, 0.1, 1.0]
disc:  543  :[0.0, 0.1, 1.0]
disc:  544  :[0.0, 0.9, 1.0]
disc:  545  :[0.0, 0.1, 1.0]
disc:  546  :[0.0, 0.1, 1.0]
disc:  547  :[0.0, 0.6521576740849109, 0.8521576740849108, 1.0]
disc:  548  :[0.0, 0.1, 1.0]
disc:  549  :[0.0, 0.9, 1.0]
disc:  550  :[0.0, 0.1, 1.0]
disc:  551  :[0.0, 0.1, 1.0]
disc:  552  :[0.0, 0.1, 1.0]
disc:  553  :[0.0, 0.1, 1.0]
disc:  554  :[0.0, 0.1, 1.0]
disc:  555  :[0.0, 0.1, 1.0]
disc:  556  :[0.0, 0.1, 1.0]
disc:  557  :[0.0, 0.1, 1.0]
disc:  558  :[0.0, 0.1, 1.0]
disc:  559  :[0.0, 0.6120704969769746, 0.8120704969769745, 1.0]
disc:  560  :[0.0, 0.1, 1.0]
disc:  561  :[0.0, 0.1, 1.0]
disc:  562  :[0.0, 0.1, 1.0]
disc:  563  :[0.0, 0.1, 1.0]
disc:  564  :[0.0, 0.1, 1.0]
disc:  565  :[0.0, 0.1, 1.0]
disc:  566  :[0.0, 0.1, 1.0]
disc:  567  :[0.0, 0.1, 1.0]
disc:  568  :[0.0, 0.1, 1.0]
disc:  569  :[0.0, 0.18579132191438938, 0.38579132191438936, 1.0]
disc:  570  :[0.0, 0.1, 1.0]
disc:  571  :[0.0, 0.1, 1.0]
disc:  572  :[0.0, 0.9, 1.0]
  Completed presolve in 27.87s
LOWER-BOUNDING ITERATIONS
====================================================================================================
| Iter   | Incumbent       | Best Incumbent      | Lower Bound        | Gap (%)         | Time      
| finish | -630.4548       | -630.4548           | -636.2526          | 0.92            | 38.58s           
Final UBD: -630.4548173725639
Final LBD: -636.2525994198382
====================================================================================================

*** Alpine ended with status OTHER_LIMIT ***

 Total time for local solves: 25.56s

 Total time for solving max-min problems: 0.0s

 Total time excluding max-min time: 38.58s

presolve objective value: -630.4548173725639
w_opt: 1-dimensional DenseAxisArray{Float64,1,...} with index sets:
    Dimension 1, [(25, 1, 2), (25, 1, 1), (25, 1, 14), (20, 1, 2), (20, 1, 1), (20, 1, 14), (1, 1, 2), (1, 1, 1), (1, 1, 14), (2, 1, 2)  …  (20, 15, 23), (20, 15, 3), (8, 15, 30), (8, 15, 29), (8, 15, 23), (8, 15, 3), (2, 15, 30), (2, 15, 29), (2, 15, 23), (2, 15, 3)]
And data, a 261-element Vector{Float64}:
 1.180540347706538
 0.0
 0.0
 0.8194596522934623
 0.0
 0.0
 0.0
 0.0
 0.0
 0.0
 0.0
 0.0
 0.0
 0.0
 0.0
 0.0
 2.0
 0.0
 0.0
 1.0000000000000002
 0.0
 0.0
 0.0
 0.0
 0.0
 0.0
 0.0
 0.0
 0.0
 1.4396475151151273
 0.819243919885135
 0.0
 0.0
 0.0
 0.0
 3.5603524848848727
 2.026049498412541
 0.0
 0.0
 0.0
 0.0
 0.0
 0.0
 0.0
 0.0
 0.0
 0.0
 0.0
 0.0
 0.0
 0.0
 0.0
 0.0
 0.0
 0.0
 0.0
 0.0
 0.0
 0.0
 1.9184367300767369
 1.0
 0.0
 0.0
 0.0
 0.0
 0.0
 0.0
 0.0
 0.0
 0.0
 0.0
 0.11429910060753824
 0.34289730182261474
 0.0
 0.75
 2.25
 0.0
 0.5641182555636831
 1.6923547666910492
 0.0
 0.0
 0.0
 0.0
 0.0
 0.0
 0.0
 0.0
 0.0
 0.0
 0.0
 0.0
 0.0
 0.5715826438287788
 1.7147479314863363
 0.0
 0.0
 0.0
 0.0
 0.0
 0.0
 0.0
 1.9285309380625817
 0.7136694246848845
 0.35779963725253383
 0.0
 0.0
 0.0
 0.0
 0.0
 0.0
 0.0
 0.0
 0.0
 0.0
 0.0
 0.0
 0.0
 0.0
 2.465825935683401
 2.9663031400460333
 0.0
 0.0
 0.0
 1.1656429065436757
 1.4022280177268904
 0.0
 0.0
 0.0
 0.0
 0.0
 0.0
 0.0
 0.0
 0.0
 0.0
 0.0
 0.0
 0.0
 0.0
 0.0
 0.0
 0.0
 0.0
 0.0
 0.0
 0.0
 0.0
 0.08601067812631606
 0.0
 0.0
 0.0
 0.0
 0.0
 0.49568465183017835
 0.24784232591508917
 0.0
 0.0
 1.5043153481698217
 0.7521576740849109
 0.0
 0.0
 0.0
 0.0
 0.0
 0.0
 0.0
 0.0
 0.0
 0.0
 0.0
 0.0
 0.0
 0.0
 2.0
 0.0
 0.0
 0.0
 0.6226676574615404
 0.0
 0.0
 0.0
 0.0
 0.0
 0.0
 0.0
 0.0
 0.0
 0.0
 0.0
 0.0
 0.0
 0.0
 0.0
 0.0
 1.3773323425384596
 1.0
 0.6226676574615403
 0.0
 0.0
 0.0
 0.0
 0.0
 0.0
 0.0
 0.0
 0.0
 1.5478206157705916
 0.7739103078852959
 0.0
 0.45217938422940834
 0.22608969211470414
 0.0
 0.0
 0.0
 0.0
 0.0
 0.0
 0.0
 0.0
 0.0
 0.0
 0.0
 0.0
 0.0
 0.0
 0.8176869799468623
 0.8579813703696821
 0.0
 0.0
 0.0
 0.0
 0.0
 0.0
 0.0
 0.0
 0.0
 0.0
 0.0
 0.0
 0.0
 0.0
 0.0
 0.0
 0.0
 0.0
 0.0
 0.0
 0.0
 0.0
 0.0
 0.0
 0.0
 0.0
 0.0
 0.0
 0.0
 0.0
 1.79155352813272
 2.532038924240784
 0.0
 1.0
x_ij_opt: 1-dimensional DenseAxisArray{Float64,1,...} with index sets:
    Dimension 1, [(43, 30), (43, 22), (43, 6), (44, 22), (45, 30), (45, 29), (45, 28), (45, 24), (45, 23), (40, 29)  …  (5, 7), (5, 14), (6, 4), (6, 3), (1, 14), (1, 10), (1, 23), (1, 1), (3, 2), (3, 1)]
And data, a 116-element Vector{Float64}:
 0.0
 0.0
 1.5616056208189597
 0.0
 0.2084464718672801
 0.0
 1.1823130200531375
 0.0
 0.0
 0.0
 0.0
 0.0
 0.0
 0.0
 0.0
 0.0
 0.0
 0.0
 0.23135997845791884
 0.0
 0.0
 0.0
 0.0
 0.0
 0.0
 0.0
 0.0
 2.0
 0.0
 0.0
 0.0
 0.0
 0.0
 0.0
 0.0
 0.0
 0.0
 0.0
 0.0
 0.0
 0.0
 0.0
 0.0
 0.4383943791810402
 0.0
 0.0
 0.0
 0.0
 0.0
 0.0
 0.0
 0.0
 0.0
 0.0
 0.0
 0.37733234253846
 0.0
 1.4471183988520295
 0.28633057531511624
 1.9139893218736839
 0.0
 0.0
 0.0
 0.0
 6.0
 0.0
 0.9214127589208931
 0.0
 0.0
 0.7686400215420812
 0.0
 0.0
 0.0
 0.0
 0.0
 0.0
 0.1420186296303179
 0.8256095857086917
 0.0
 0.0
 0.0
 0.0
 0.0
 0.0
 0.0
 0.0
 0.0
 0.08156326992326322
 0.0
 0.0
 0.0
 1.1743904142913082
 0.0
 0.0
 0.0
 0.0
 0.0
 0.0
 0.0
 0.0
 0.0
 0.0
 0.0
 0.0
 0.0
 0.0
 0.0
 0.0
 0.0
 0.0
 0.07146906193741824
 0.0
 0.0
 5.642200362747467
 0.0
 0.0
x_il_opt: 1-dimensional DenseAxisArray{Float64,1,...} with index sets:
    Dimension 1, [(43, 15), (43, 14), (44, 15), (44, 13), (44, 3), (40, 14), (40, 2), (41, 14), (42, 6), (37, 13)  …  (4, 13), (5, 2), (5, 7), (5, 9), (6, 11), (1, 1), (1, 6), (1, 3), (2, 1), (2, 15)]
And data, a 71-element Vector{Float64}:
 0.0
 0.0
 0.0
 2.3217309236558874
 2.2588914350002622
 1.6756683503165446
 0.0
 0.0
 0.45719640243015297
 0.6782690763441125
 0.0
 3.0
 0.0
 0.0
 3.0
 0.0
 0.0
 0.0
 5.432129075729434
 0.0
 0.0
 0.0
 3.0
 0.7435269777452675
 2.2564730222547325
 0.0
 2.567870924270566
 0.0
 2.62266765746154
 0.08601067812631606
 1.180540347706538
 0.0
 0.0
 0.0
 0.0
 0.0
 0.0
 0.0
 0.8194596522934623
 0.0
 0.0
 0.0
 2.9184367300767367
 0.0
 0.0
 2.2564730222547325
 0.0
 3.0
 0.0
 0.0
 0.0
 0.0
 0.0
 0.0
 0.0
 0.0
 0.0
 5.586401983297414
 0.0
 0.0
 0.0
 0.0
 0.0
 0.0
 0.0
 0.0
 0.0
 2.286330575315115
 0.0
 0.0
 5.323592452373504
x_lj_opt: 1-dimensional DenseAxisArray{Float64,1,...} with index sets:
    Dimension 1, [(15, 30), (15, 29), (15, 23), (15, 3), (14, 28), (14, 27), (14, 10), (14, 24), (13, 26), (13, 25)  …  (3, 6), (3, 5), (3, 29), (2, 4), (2, 3), (2, 1), (2, 5), (1, 2), (1, 1), (1, 14)]
And data, a 53-element Vector{Float64}:
 1.79155352813272
 2.532038924240784
 0.0
 1.0
 0.8176869799468623
 0.8579813703696821
 0.0
 0.0
 2.0
 1.0
 0.0
 1.3773323425384596
 1.0
 0.6226676574615403
 2.0
 0.0
 0.0
 0.0
 0.6226676574615404
 0.0
 0.0
 2.0
 1.0
 0.08601067812631606
 0.0
 0.0
 3.631468842227077
 4.3685311577729244
 0.0
 0.0
 1.9285309380625817
 0.7136694246848845
 0.35779963725253383
 2.0
 6.0
 0.0
 1.9184367300767369
 1.0
 0.0
 0.0
 0.0
 0.0
 0.0
 0.0
 5.0
 2.845293418297676
 2.0
 0.0
 0.0
 1.0000000000000002
 2.0
 0.0
 0.0
q_opt: 1-dimensional DenseAxisArray{Float64,1,...} with index sets:
    Dimension 1, [(43, 15), (43, 14), (44, 15), (44, 13), (44, 3), (40, 14), (40, 2), (41, 14), (42, 6), (37, 13)  …  (4, 13), (5, 2), (5, 7), (5, 9), (6, 11), (1, 1), (1, 6), (1, 3), (2, 1), (2, 15)]
And data, a 71-element Vector{Float64}:
 0.0
 0.0
 0.0
 0.7739103078852958
 0.28792950302302545
 1.0
 0.0
 0.0
 0.05714955030376912
 0.22608969211470417
 0.0
 1.0
 0.0
 0.0
 0.375
 0.0
 0.0
 0.0
 0.6790161344661793
 0.0
 1.0
 0.0
 1.0
 0.24784232591508917
 0.28205912778184156
 0.0
 0.32098386553382074
 0.0
 1.0
 1.0
 0.590270173853269
 0.0
 0.0
 0.0
 0.0
 0.0
 0.0
 0.0
 0.40972982614673115
 0.0
 0.0
 0.0
 1.0
 0.0
 0.0
 0.7521576740849109
 0.0
 1.0
 0.0
 0.0
 0.0
 0.0
 0.0
 0.0
 0.0
 0.0
 0.0
 0.7120704969769746
 0.0
 0.0
 0.0
 0.0
 0.0
 0.0
 0.0
 0.0
 0.0
 0.2857913219143894
 0.0
 0.0
 1.0
