
PROBLEM STATISTICS
  Objective sense = Min
  # Variables = 572
  # Bin-Int Variables = 0
  # Constraints = 621
  # NL Constraints = 261
  # Linear Constraints = 360
  # Detected convex constraints = 0
  # Detected nonlinear terms = 261
  # Variables involved in nonlinear terms = 124
  # Potential variables for partitioning = 124
SUB-SOLVERS USED BY ALPINE
  NLP local solver = Knitro
  MIP solver = Gurobi
ALPINE CONFIGURATION
  Maximum iterations (lower-bounding MIPs) =  1
  Relative global optimality gap = 0.01%
  Potential variables chosen for partitioning = All
  Discretization ratio = 10
  Bound-tightening presolve = false
PRESOLVE 
  Doing local search

Feasible solution found during presolve: [0.0, 0.0, 0.0, 0.3285635761022954, 1.9012378607813556, 0.0, 0.0, 0.0, 0.0, 0.0, 0.0, 0.0, 0.0, 0.0, 0.0, 0.0, 1.2204221928277115, 0.0, 0.0, 1.7795778071722885, 0.0, 0.0, 0.0, 0.0, 0.0, 0.0, 0.0, 0.0, 0.0, 0.0, 0.0, 0.0, 0.0, 0.0, 0.0, 0.0, 0.0, 0.0, 0.0, 0.0, 0.0, 0.0, 0.0, 0.0, 0.0, 0.0, 0.0, 0.0, 0.0, 0.0, 0.0, 0.0, 0.0, 0.0, 0.0, 0.0, 0.0, 0.0, 0.0, 2.0, 1.0, 0.0, 0.0, 0.0, 0.0, 0.0, 0.0, 0.0, 0.0, 0.0, 0.0, 0.741552028302433, 2.2246560849072994, 0.0, 0.0, 0.0, 0.0, 0.5081501216433515, 1.5244503649300547, 0.0, 0.0, 0.0, 0.0, 0.0, 0.0, 0.0, 0.0, 0.0, 0.0, 0.0, 0.0, 0.0, 0.7502978500542153, 2.250893550162646, 0.0, 0.0, 0.0, 0.0, 0.0, 0.0, 0.0, 2.0, 0.9714152259738172, 0.02858477402618262, 0.0, 0.0, 0.0, 0.0, 0.0, 0.0, 0.0, 0.0, 0.0, 0.0, 0.0, 0.0, 0.0, 0.0, 1.7323898227987238, 5.197169468396171, 0.0, 0.0, 0.0, 0.2676101772012762, 0.8028305316038286, 0.0, 0.0, 0.0, 0.0, 0.0, 0.0, 0.0, 0.0, 0.0, 0.0, 0.0, 0.0, 0.0, 0.0, 0.0, 0.0, 0.0, 0.0, 0.0, 0.0, 0.0, 0.0, 0.18651792464330166, 0.0, 0.0, 0.0, 0.0062235680071873285, 0.0, 0.6449330089510626, 0.3224665044755313, 0.0, 0.0, 1.3550669910489375, 0.6775334955244687, 0.0, 0.0, 0.0, 0.0, 0.0, 0.0, 0.0, 0.0, 0.0, 0.0, 0.0, 0.0, 0.0, 0.0, 0.7431342996801322, 0.0, 0.0, 0.0, 2.0, 0.25686570031986794, 0.0, 0.0, 0.0, 0.0, 0.0, 0.0, 0.0, 0.0, 0.0, 0.0, 0.0, 0.0, 0.0, 0.0, 0.0, 0.0, 0.0, 0.0, 0.0, 0.0, 0.0, 0.0, 0.0, 0.0, 0.0, 0.0, 0.0, 1.5523163183795416, 0.6608424978880163, 0.11531566130175429, 0.4476836816204584, 0.19058512683458903, 0.03325671397564016, 0.0, 0.0, 0.0, 0.0, 0.0, 0.0, 0.0, 0.0, 0.0, 0.0, 0.0, 0.0, 0.0, 0.32791783312843614, 0.3523295822910606, 0.0, 0.0, 0.0, 0.0, 0.0, 0.0, 0.3058037611611715, 0.328569234570267, 0.0, 0.0, 0.0, 0.0, 0.0, 0.0, 0.0, 0.0, 0.0, 0.0, 0.0, 0.0, 0.0, 0.0, 0.0, 0.0, 0.0, 0.0, 0.0, 0.0, 0.0, 0.0, 2.0, 0.6802474154194966, 0.0, 1.0, 0.0, 0.0, 0.0, 2.3284744775693125, 0.0, 0.6802474154194967, 0.0, 0.0, 2.966208113209732, 0.6715255224306876, 0.0, 0.0, 0.0, 0.0, 0.0, 0.0, 0.0, 0.0, 6.929559291194895, 0.0, 0.0, 0.6343729957314385, 3.0, 0.967399513426594, 2.032600486573406, 0.0, 1.070440708805105, 0.0, 3.0, 0.18651792464330166, 0.0, 0.0, 0.0, 0.0, 0.0, 0.0, 0.0, 0.0, 2.229801436883651, 0.0, 0.0, 0.0, 3.0, 0.0, 0.0, 2.032600486573406, 0.0, 3.0, 0.0, 0.0, 0.0, 0.0, 0.0, 0.0, 0.0, 0.0, 0.0, 0.0, 0.0, 0.0, 0.0, 0.0, 0.0, 0.0, 0.0062235680071873285, 0.0, 0.0, 3.0011914002168614, 0.0, 0.0, 3.6802474154194966, 2.0, 0.6802474154194966, 0.0, 1.0, 0.6337215942896076, 0.6808988168613276, 0.0, 0.0, 2.0, 0.8514276247226052, 0.14857237527739445, 0.0, 0.0, 0.0, 0.7431342996801322, 0.0, 0.0, 0.0, 2.0, 0.25686570031986794, 0.0, 2.0, 1.0, 0.19274149265048898, 0.0, 0.0, 2.0, 6.0, 0.0, 0.0, 2.0, 0.9714152259738172, 0.02858477402618262, 2.0, 6.0, 0.0, 2.0, 1.0, 0.0, 0.0, 0.0, 0.0, 0.0, 0.0, 0.0, 0.0, 1.2204221928277115, 0.0, 0.0, 1.7795778071722885, 0.3285635761022954, 1.9012378607813556, 0.0, 0.0, 1.2568657003198678, 1.5312737664931142, 0.0, 0.0, 0.0, 1.3662784057103925, 0.0, 0.0, 2.3197525845805034, 0.0, 0.0, 0.0, 0.0, 0.0, 0.0, 0.0, 0.0, 0.2298014368836511, 0.0, 0.0, 0.0, 0.0, 0.0, 0.0, 0.0, 0.0, 2.0, 0.0, 3.0, 0.0, 0.0, 0.0, 0.0, 0.0, 0.0, 0.0, 0.0, 0.0, 0.0, 0.0, 0.0, 0.6017144752982186, 0.4687262335068858, 0.0, 0.0, 0.0, 0.0, 0.0, 0.0, 0.0, 0.0, 0.0, 0.0, 0.0, 0.0, 0.0, 2.7848973013305156, 0.02858477402618281, 1.807258507349511, 0.0, 0.0, 0.0, 0.0, 6.0, 0.0, 1.215102698669484, 0.0, 0.0, 0.7701985631163489, 0.0, 0.0, 0.0, 0.0, 0.0, 0.0, 0.3191011831386724, 0.5396188746011903, 0.0, 0.0, 0.0, 0.0, 0.0, 0.0, 0.0, 0.0, 0.0, 0.0, 0.0, 0.0, 0.0, 1.46038112539881, 0.0, 0.0, 0.0, 0.0, 0.0, 0.1485723752773948, 0.0, 0.0, 0.0, 0.0, 0.0, 0.0, 0.0, 0.0, 0.0, 0.0, 0.7795778071722886, 0.0, 0.0, 0.0, 0.0, 4.070177365192461, 0.9211495733220915, 0.0, 0.0, 0.0, 0.0, 0.7761581591897708, 0.0, 0.5174477816177735, 0.0, 0.0, 0.3707760141512165, 0.2238418408102292, 0.0, 0.0, 0.0, 0.0, 0.0, 0.0, 0.0, 0.0, 0.8661949113993619, 0.0, 0.0, 0.48255221838222645, 1.0, 0.3224665044755313, 0.25407506082167575, 0.0, 0.1338050886006381, 0.0, 1.0, 0.9677102842693404, 0.0, 0.0, 0.0, 1.0, 0.0, 0.0, 0.0, 0.0, 1.0, 0.0, 0.0, 0.0, 1.0, 0.0, 0.0, 0.6775334955244687, 0.0, 1.0, 0.0, 0.0, 0.0, 0.0, 0.0, 1.0, 0.0, 1.0, 0.0, 0.0, 0.0, 0.0, 0.0, 0.0, 0.0, 0.0, 0.03228971573065972, 0.0, 0.0, 0.37514892502710767, 0.0, 0.0, 1.0]  :with objective: -554.2783757199801

  Local solver returns a feasible point with value -554.2784
disc:  333  :[0.0, 1.8, 2.0]
disc:  334  :[0.0, 0.08024741541949665, 1.2802474154194967, 6.0]
disc:  335  :[0.0, 0.1, 1.0]
disc:  336  :[0.0, 0.9, 1.0]
disc:  337  :[0.0, 0.4337215942896076, 0.8337215942896077, 2.0]
disc:  338  :[0.0, 0.5808988168613276, 0.7808988168613276, 1.0]
disc:  339  :[0.0, 0.2, 2.0]
disc:  340  :[0.0, 0.2, 2.0]
disc:  341  :[0.0, 1.8, 2.0]
disc:  342  :[0.0, 0.7514276247226053, 0.9514276247226052, 1.0]
disc:  343  :[0.0, 0.3485723752773945, 2.0]
disc:  344  :[0.0, 0.2, 2.0]
disc:  345  :[0.0, 0.1, 1.0]
disc:  346  :[0.0, 0.3, 3.0]
disc:  347  :[0.0, 0.5431342996801323, 0.9431342996801322, 2.0]
disc:  348  :[0.0, 0.6, 6.0]
disc:  349  :[0.0, 0.2, 2.0]
disc:  350  :[0.0, 0.1, 1.0]
disc:  351  :[0.0, 1.8, 2.0]
disc:  352  :[0.0, 0.8568657003198679, 6.0]
disc:  353  :[0.0, 0.1, 1.0]
disc:  354  :[0.0, 1.8, 2.0]
disc:  355  :[0.0, 0.9, 1.0]
disc:  356  :[0.0, 0.39274149265048897, 2.0]
disc:  357  :[0.0, 0.1, 1.0]
disc:  358  :[0.0, 0.2, 2.0]
disc:  359  :[0.0, 1.4, 2.6, 6.0]
disc:  360  :[0.0, 5.4, 6.0]
disc:  361  :[0.0, 0.2, 2.0]
disc:  362  :[0.0, 0.1, 1.0]
disc:  363  :[0.0, 1.8, 2.0]
disc:  364  :[0.0, 0.8714152259738173, 1.0]
disc:  365  :[0.0, 0.3285847740261826, 3.0]
disc:  366  :[0.0, 1.8, 2.0]
disc:  367  :[0.0, 5.4, 6.0]
disc:  368  :[0.0, 0.2, 2.0]
disc:  369  :[0.0, 1.8, 2.0]
disc:  370  :[0.0, 0.9, 1.0]
disc:  371  :[0.0, 0.2, 2.0]
disc:  372  :[0.0, 0.2, 2.0]
disc:  373  :[0.0, 0.2, 2.0]
disc:  374  :[0.0, 0.6, 6.0]
disc:  375  :[0.0, 0.2, 2.0]
disc:  376  :[0.0, 0.2, 2.0]
disc:  377  :[0.0, 0.6, 6.0]
disc:  378  :[0.0, 0.6, 6.0]
disc:  379  :[0.0, 1.0204221928277115, 1.4204221928277114, 2.0]
disc:  380  :[0.0, 0.1, 1.0]
disc:  381  :[0.0, 0.3, 3.0]
disc:  382  :[0.0, 1.4795778071722885, 2.0795778071722886, 3.0]
disc:  383  :[0.0, 0.1285635761022954, 0.5285635761022954, 2.0]
disc:  384  :[0.0, 1.3012378607813555, 2.5012378607813557, 6.0]
disc:  385  :[0.0, 0.2, 2.0]
disc:  502  :[0.0, 0.1, 1.0]
disc:  503  :[0.0, 0.1, 1.0]
disc:  504  :[0.0, 0.1, 1.0]
disc:  505  :[0.0, 0.6761581591897708, 0.8761581591897708, 1.0]
disc:  506  :[0.0, 0.1, 1.0]
disc:  507  :[0.0, 0.4174477816177735, 0.6174477816177735, 1.0]
disc:  508  :[0.0, 0.1, 1.0]
disc:  509  :[0.0, 0.1, 1.0]
disc:  510  :[0.0, 0.27077601415121655, 0.4707760141512165, 1.0]
disc:  511  :[0.0, 0.1238418408102292, 0.3238418408102292, 1.0]
disc:  512  :[0.0, 0.1, 1.0]
disc:  513  :[0.0, 0.1, 1.0]
disc:  514  :[0.0, 0.1, 1.0]
disc:  515  :[0.0, 0.1, 1.0]
disc:  516  :[0.0, 0.1, 1.0]
disc:  517  :[0.0, 0.1, 1.0]
disc:  518  :[0.0, 0.1, 1.0]
disc:  519  :[0.0, 0.1, 1.0]
disc:  520  :[0.0, 0.7661949113993619, 0.9661949113993619, 1.0]
disc:  521  :[0.0, 0.1, 1.0]
disc:  522  :[0.0, 0.1, 1.0]
disc:  523  :[0.0, 0.3825522183822264, 0.5825522183822265, 1.0]
disc:  524  :[0.0, 0.9, 1.0]
disc:  525  :[0.0, 0.22246650447553132, 0.42246650447553136, 1.0]
disc:  526  :[0.0, 0.15407506082167574, 0.3540750608216757, 1.0]
disc:  527  :[0.0, 0.1, 1.0]
disc:  528  :[0.0, 0.033805088600638106, 0.23380508860063812, 1.0]
disc:  529  :[0.0, 0.1, 1.0]
disc:  530  :[0.0, 0.9, 1.0]
disc:  531  :[0.0, 0.8677102842693404, 1.0]
disc:  532  :[0.0, 0.1, 1.0]
disc:  533  :[0.0, 0.1, 1.0]
disc:  534  :[0.0, 0.1, 1.0]
disc:  535  :[0.0, 0.9, 1.0]
disc:  536  :[0.0, 0.1, 1.0]
disc:  537  :[0.0, 0.1, 1.0]
disc:  538  :[0.0, 0.1, 1.0]
disc:  539  :[0.0, 0.1, 1.0]
disc:  540  :[0.0, 0.9, 1.0]
disc:  541  :[0.0, 0.1, 1.0]
disc:  542  :[0.0, 0.1, 1.0]
disc:  543  :[0.0, 0.1, 1.0]
disc:  544  :[0.0, 0.9, 1.0]
disc:  545  :[0.0, 0.1, 1.0]
disc:  546  :[0.0, 0.1, 1.0]
disc:  547  :[0.0, 0.5775334955244688, 0.7775334955244687, 1.0]
disc:  548  :[0.0, 0.1, 1.0]
disc:  549  :[0.0, 0.9, 1.0]
disc:  550  :[0.0, 0.1, 1.0]
disc:  551  :[0.0, 0.1, 1.0]
disc:  552  :[0.0, 0.1, 1.0]
disc:  553  :[0.0, 0.1, 1.0]
disc:  554  :[0.0, 0.1, 1.0]
disc:  555  :[0.0, 0.9, 1.0]
disc:  556  :[0.0, 0.1, 1.0]
disc:  557  :[0.0, 0.9, 1.0]
disc:  558  :[0.0, 0.1, 1.0]
disc:  559  :[0.0, 0.1, 1.0]
disc:  560  :[0.0, 0.1, 1.0]
disc:  561  :[0.0, 0.1, 1.0]
disc:  562  :[0.0, 0.1, 1.0]
disc:  563  :[0.0, 0.1, 1.0]
disc:  564  :[0.0, 0.1, 1.0]
disc:  565  :[0.0, 0.1, 1.0]
disc:  566  :[0.0, 0.13228971573065973, 1.0]
disc:  567  :[0.0, 0.1, 1.0]
disc:  568  :[0.0, 0.1, 1.0]
disc:  569  :[0.0, 0.27514892502710764, 0.4751489250271077, 1.0]
disc:  570  :[0.0, 0.1, 1.0]
disc:  571  :[0.0, 0.1, 1.0]
disc:  572  :[0.0, 0.9, 1.0]
  Completed presolve in 6.91s
LOWER-BOUNDING ITERATIONS
====================================================================================================
| Iter   | Incumbent       | Best Incumbent      | Lower Bound        | Gap (%)         | Time      
| finish | -554.2784       | -554.2784           | -642.6983          | 15.952          | 15.66s           
Final UBD: -554.2783757199801
Final LBD: -642.6982689315636
====================================================================================================

*** Alpine ended with status OTHER_LIMIT ***

 Total time for local solves: 4.68s

 Total time for solving max-min problems: 0.0s

 Total time excluding max-min time: 15.66s

presolve objective value: -554.2783757199801
w_opt: 1-dimensional DenseAxisArray{Float64,1,...} with index sets:
    Dimension 1, [(25, 1, 2), (25, 1, 1), (25, 1, 14), (20, 1, 2), (20, 1, 1), (20, 1, 14), (1, 1, 2), (1, 1, 1), (1, 1, 14), (2, 1, 2)  …  (20, 15, 23), (20, 15, 3), (8, 15, 30), (8, 15, 29), (8, 15, 23), (8, 15, 3), (2, 15, 30), (2, 15, 29), (2, 15, 23), (2, 15, 3)]
And data, a 261-element Vector{Float64}:
 0.0
 0.0
 0.0
 0.3285635761022954
 1.9012378607813556
 0.0
 0.0
 0.0
 0.0
 0.0
 0.0
 0.0
 0.0
 0.0
 0.0
 0.0
 1.2204221928277115
 0.0
 0.0
 1.7795778071722885
 0.0
 0.0
 0.0
 0.0
 0.0
 0.0
 0.0
 0.0
 0.0
 0.0
 0.0
 0.0
 0.0
 0.0
 0.0
 0.0
 0.0
 0.0
 0.0
 0.0
 0.0
 0.0
 0.0
 0.0
 0.0
 0.0
 0.0
 0.0
 0.0
 0.0
 0.0
 0.0
 0.0
 0.0
 0.0
 0.0
 0.0
 0.0
 0.0
 2.0
 1.0
 0.0
 0.0
 0.0
 0.0
 0.0
 0.0
 0.0
 0.0
 0.0
 0.0
 0.741552028302433
 2.2246560849072994
 0.0
 0.0
 0.0
 0.0
 0.5081501216433515
 1.5244503649300547
 0.0
 0.0
 0.0
 0.0
 0.0
 0.0
 0.0
 0.0
 0.0
 0.0
 0.0
 0.0
 0.0
 0.7502978500542153
 2.250893550162646
 0.0
 0.0
 0.0
 0.0
 0.0
 0.0
 0.0
 2.0
 0.9714152259738172
 0.02858477402618262
 0.0
 0.0
 0.0
 0.0
 0.0
 0.0
 0.0
 0.0
 0.0
 0.0
 0.0
 0.0
 0.0
 0.0
 1.7323898227987238
 5.197169468396171
 0.0
 0.0
 0.0
 0.2676101772012762
 0.8028305316038286
 0.0
 0.0
 0.0
 0.0
 0.0
 0.0
 0.0
 0.0
 0.0
 0.0
 0.0
 0.0
 0.0
 0.0
 0.0
 0.0
 0.0
 0.0
 0.0
 0.0
 0.0
 0.0
 0.18651792464330166
 0.0
 0.0
 0.0
 0.0062235680071873285
 0.0
 0.6449330089510626
 0.3224665044755313
 0.0
 0.0
 1.3550669910489375
 0.6775334955244687
 0.0
 0.0
 0.0
 0.0
 0.0
 0.0
 0.0
 0.0
 0.0
 0.0
 0.0
 0.0
 0.0
 0.0
 0.7431342996801322
 0.0
 0.0
 0.0
 2.0
 0.25686570031986794
 0.0
 0.0
 0.0
 0.0
 0.0
 0.0
 0.0
 0.0
 0.0
 0.0
 0.0
 0.0
 0.0
 0.0
 0.0
 0.0
 0.0
 0.0
 0.0
 0.0
 0.0
 0.0
 0.0
 0.0
 0.0
 0.0
 0.0
 1.5523163183795416
 0.6608424978880163
 0.11531566130175429
 0.4476836816204584
 0.19058512683458903
 0.03325671397564016
 0.0
 0.0
 0.0
 0.0
 0.0
 0.0
 0.0
 0.0
 0.0
 0.0
 0.0
 0.0
 0.0
 0.32791783312843614
 0.3523295822910606
 0.0
 0.0
 0.0
 0.0
 0.0
 0.0
 0.3058037611611715
 0.328569234570267
 0.0
 0.0
 0.0
 0.0
 0.0
 0.0
 0.0
 0.0
 0.0
 0.0
 0.0
 0.0
 0.0
 0.0
 0.0
 0.0
 0.0
 0.0
 0.0
 0.0
 0.0
 0.0
 2.0
 0.6802474154194966
 0.0
 1.0
x_ij_opt: 1-dimensional DenseAxisArray{Float64,1,...} with index sets:
    Dimension 1, [(43, 30), (43, 22), (43, 6), (44, 22), (45, 30), (45, 29), (45, 28), (45, 24), (45, 23), (40, 29)  …  (5, 7), (5, 14), (6, 4), (6, 3), (1, 14), (1, 10), (1, 23), (1, 1), (3, 2), (3, 1)]
And data, a 116-element Vector{Float64}:
 0.0
 1.2568657003198678
 1.5312737664931142
 0.0
 0.0
 0.0
 1.3662784057103925
 0.0
 0.0
 2.3197525845805034
 0.0
 0.0
 0.0
 0.0
 0.0
 0.0
 0.0
 0.0
 0.2298014368836511
 0.0
 0.0
 0.0
 0.0
 0.0
 0.0
 0.0
 0.0
 2.0
 0.0
 3.0
 0.0
 0.0
 0.0
 0.0
 0.0
 0.0
 0.0
 0.0
 0.0
 0.0
 0.0
 0.0
 0.6017144752982186
 0.4687262335068858
 0.0
 0.0
 0.0
 0.0
 0.0
 0.0
 0.0
 0.0
 0.0
 0.0
 0.0
 0.0
 0.0
 2.7848973013305156
 0.02858477402618281
 1.807258507349511
 0.0
 0.0
 0.0
 0.0
 6.0
 0.0
 1.215102698669484
 0.0
 0.0
 0.7701985631163489
 0.0
 0.0
 0.0
 0.0
 0.0
 0.0
 0.3191011831386724
 0.5396188746011903
 0.0
 0.0
 0.0
 0.0
 0.0
 0.0
 0.0
 0.0
 0.0
 0.0
 0.0
 0.0
 0.0
 1.46038112539881
 0.0
 0.0
 0.0
 0.0
 0.0
 0.1485723752773948
 0.0
 0.0
 0.0
 0.0
 0.0
 0.0
 0.0
 0.0
 0.0
 0.0
 0.7795778071722886
 0.0
 0.0
 0.0
 0.0
 4.070177365192461
 0.9211495733220915
 0.0
x_il_opt: 1-dimensional DenseAxisArray{Float64,1,...} with index sets:
    Dimension 1, [(43, 15), (43, 14), (44, 15), (44, 13), (44, 3), (40, 14), (40, 2), (41, 14), (42, 6), (37, 13)  …  (4, 13), (5, 2), (5, 7), (5, 9), (6, 11), (1, 1), (1, 6), (1, 3), (2, 1), (2, 15)]
And data, a 71-element Vector{Float64}:
 0.0
 0.0
 0.0
 2.3284744775693125
 0.0
 0.6802474154194967
 0.0
 0.0
 2.966208113209732
 0.6715255224306876
 0.0
 0.0
 0.0
 0.0
 0.0
 0.0
 0.0
 0.0
 6.929559291194895
 0.0
 0.0
 0.6343729957314385
 3.0
 0.967399513426594
 2.032600486573406
 0.0
 1.070440708805105
 0.0
 3.0
 0.18651792464330166
 0.0
 0.0
 0.0
 0.0
 0.0
 0.0
 0.0
 0.0
 2.229801436883651
 0.0
 0.0
 0.0
 3.0
 0.0
 0.0
 2.032600486573406
 0.0
 3.0
 0.0
 0.0
 0.0
 0.0
 0.0
 0.0
 0.0
 0.0
 0.0
 0.0
 0.0
 0.0
 0.0
 0.0
 0.0
 0.0
 0.0062235680071873285
 0.0
 0.0
 3.0011914002168614
 0.0
 0.0
 3.6802474154194966
x_lj_opt: 1-dimensional DenseAxisArray{Float64,1,...} with index sets:
    Dimension 1, [(15, 30), (15, 29), (15, 23), (15, 3), (14, 28), (14, 27), (14, 10), (14, 24), (13, 26), (13, 25)  …  (3, 6), (3, 5), (3, 29), (2, 4), (2, 3), (2, 1), (2, 5), (1, 2), (1, 1), (1, 14)]
And data, a 53-element Vector{Float64}:
 2.0
 0.6802474154194966
 0.0
 1.0
 0.6337215942896076
 0.6808988168613276
 0.0
 0.0
 2.0
 0.8514276247226052
 0.14857237527739445
 0.0
 0.0
 0.0
 0.7431342996801322
 0.0
 0.0
 0.0
 2.0
 0.25686570031986794
 0.0
 2.0
 1.0
 0.19274149265048898
 0.0
 0.0
 2.0
 6.0
 0.0
 0.0
 2.0
 0.9714152259738172
 0.02858477402618262
 2.0
 6.0
 0.0
 2.0
 1.0
 0.0
 0.0
 0.0
 0.0
 0.0
 0.0
 0.0
 0.0
 1.2204221928277115
 0.0
 0.0
 1.7795778071722885
 0.3285635761022954
 1.9012378607813556
 0.0
q_opt: 1-dimensional DenseAxisArray{Float64,1,...} with index sets:
    Dimension 1, [(43, 15), (43, 14), (44, 15), (44, 13), (44, 3), (40, 14), (40, 2), (41, 14), (42, 6), (37, 13)  …  (4, 13), (5, 2), (5, 7), (5, 9), (6, 11), (1, 1), (1, 6), (1, 3), (2, 1), (2, 15)]
And data, a 71-element Vector{Float64}:
 0.0
 0.0
 0.0
 0.7761581591897708
 0.0
 0.5174477816177735
 0.0
 0.0
 0.3707760141512165
 0.2238418408102292
 0.0
 0.0
 0.0
 0.0
 0.0
 0.0
 0.0
 0.0
 0.8661949113993619
 0.0
 0.0
 0.48255221838222645
 1.0
 0.3224665044755313
 0.25407506082167575
 0.0
 0.1338050886006381
 0.0
 1.0
 0.9677102842693404
 0.0
 0.0
 0.0
 1.0
 0.0
 0.0
 0.0
 0.0
 1.0
 0.0
 0.0
 0.0
 1.0
 0.0
 0.0
 0.6775334955244687
 0.0
 1.0
 0.0
 0.0
 0.0
 0.0
 0.0
 1.0
 0.0
 1.0
 0.0
 0.0
 0.0
 0.0
 0.0
 0.0
 0.0
 0.0
 0.03228971573065972
 0.0
 0.0
 0.37514892502710767
 0.0
 0.0
 1.0
