
PROBLEM STATISTICS
  Objective sense = Min
  # Variables = 572
  # Bin-Int Variables = 0
  # Constraints = 621
  # NL Constraints = 261
  # Linear Constraints = 360
  # Detected convex constraints = 0
  # Detected nonlinear terms = 261
  # Variables involved in nonlinear terms = 124
  # Potential variables for partitioning = 124
SUB-SOLVERS USED BY ALPINE
  NLP local solver = Knitro
  MIP solver = Gurobi
ALPINE CONFIGURATION
  Maximum iterations (lower-bounding MIPs) =  1
  Relative global optimality gap = 0.01%
  Potential variables chosen for partitioning = All
  Discretization ratio = 10
  Bound-tightening presolve = false
PRESOLVE 
  Doing local search

Feasible solution found during presolve: [1.1266773503001726, 1.8733226496998274, 0.0, 0.7024999762547006, 1.1680443532311238, 0.0, 0.0, 0.0, 0.0, 0.0, 0.0, 0.0, 0.0, 0.0, 0.0, 0.0, 2.0, 0.0, 0.0, 0.9999999999999999, 0.0, 0.0, 0.0, 0.0, 0.0, 0.0, 0.0, 0.0, 0.0, 3.002231948166326, 1.801339168899796, 0.0, 0.0, 0.0, 0.0, 0.0, 0.0, 0.0, 0.0, 0.0, 0.0, 1.9977680518336742, 1.198660831100205, 0.0, 0.0, 0.0, 0.0, 0.0, 0.0, 0.0, 0.0, 0.0, 0.0, 0.0, 0.0, 0.0, 0.0, 0.0, 0.0, 2.0, 1.0, 0.0, 0.0, 0.0, 0.0, 0.0, 0.0, 0.0, 0.0, 0.0, 0.0, 0.0, 0.0, 0.0, 0.6711218310881956, 2.013365493264587, 0.0, 0.509363492344423, 1.5280904770332688, 0.0, 0.0, 0.0, 0.0, 0.0, 0.0, 0.0, 0.0, 0.0, 0.0, 0.0, 0.0, 0.0, 0.8195146765673814, 2.458544029702144, 0.0, 0.0, 0.0, 0.0, 0.0, 0.0, 0.0, 1.8680689836193254, 0.8888423882085373, 0.24308862817213744, 0.0, 0.0, 0.0, 0.0, 0.0, 0.0, 0.0, 0.0, 0.0, 0.0, 0.0, 0.0, 0.0, 0.0, 5.1493098384884135, 2.1155120027566165, 0.0, 0.10236485991535149, 0.0, 0.442306117357921, 0.18171442960558687, 0.0, 0.008792751876111152, 0.0, 0.0, 0.0, 0.0, 0.0, 0.0, 0.0, 0.0, 0.0, 0.0, 0.0, 0.0, 0.0, 0.0, 0.0, 0.0, 0.0, 0.0, 0.0, 0.0, 0.0, 0.0, 0.0, 0.0, 0.0, 0.0, 0.6416973537482056, 0.3208486768741027, 0.0, 0.0, 1.3583026462517944, 0.679151323125897, 0.0, 0.0, 0.0, 0.0, 0.0, 0.0, 0.0, 0.0, 0.0, 0.0, 0.0, 0.0, 0.0, 0.0, 0.0, 0.0, 0.0, 0.0, 0.0, 0.0, 0.0, 0.0, 0.0, 0.0, 0.0, 0.0, 0.0, 0.0, 0.0, 0.0, 0.0, 0.0, 0.0, 0.0, 0.0, 1.7215888265533057, 1.0, 0.27841117344669464, 0.0, 0.0, 0.0, 0.0, 0.0, 0.0, 0.0, 0.0, 0.0, 1.3504367818028793, 0.5598757802083392, 0.11534261069310058, 0.6495632181971209, 0.26930154634653436, 0.0554800627520262, 0.0, 0.0, 0.0, 0.0, 0.0, 0.0, 0.0, 0.0, 0.0, 0.004046606512157505, 0.01994240778431334, 0.0, 0.0, 0.1944599288265321, 0.9583336523369747, 0.0, 0.0, 0.0, 0.0, 0.0, 0.0, 0.0, 0.0, 0.0, 0.0, 0.0, 0.0, 0.0, 0.0, 0.0, 0.0, 0.0, 0.0, 0.0, 0.0, 0.0, 0.0, 0.14811302243248264, 0.20155137345964186, 0.0, 0.07405651121624132, 0.0, 0.0, 0.0, 0.0, 1.8518869775675169, 2.5200374530936624, 0.0, 0.9259434887837587, 0.0, 0.023989014296470844, 0.0, 2.0256551727043193, 4.803571117066121, 1.1527935811635068, 0.0, 0.0, 0.0, 0.9743448272956816, 0.0, 3.0, 0.0, 0.0, 2.6844873243527823, 0.0, 0.0, 0.0, 7.3671867011603815, 0.0, 0.0, 0.0, 3.0, 0.9625460306223083, 2.037453969377692, 0.0, 0.632813298839619, 0.0, 0.0, 0.0, 3.0, 0.0, 0.0, 0.0, 0.0, 0.0, 0.0, 0.0, 1.8705443294858244, 0.4237209071083658, 0.0, 0.0, 3.0, 0.0, 0.0, 2.0374539693776916, 0.0, 3.0, 0.0, 0.0, 0.0, 0.0, 0.0, 0.0, 0.0, 0.0, 0.0, 0.0, 0.0, 0.0, 0.0, 0.0, 0.0, 0.0, 0.0, 0.0, 0.0, 3.2780587062695257, 3.196428882933879, 0.0, 5.297867919444937, 2.0, 2.7215888265533046, 0.0, 1.0, 0.19850653533868962, 0.9782760601212881, 0.0, 0.0, 2.0, 0.8291773265548735, 0.17082267344512675, 1.7215888265533057, 1.0, 0.2784111734466947, 0.0, 0.0, 0.0, 0.0, 0.0, 0.0, 0.0, 2.0, 1.0, 0.0, 0.0, 0.0, 5.5916159558463345, 2.2972264323622036, 0.0, 0.11115761179146265, 1.8680689836193256, 0.8888423882085373, 0.24308862817213744, 2.0, 6.0, 0.0, 2.0, 1.0, 0.0, 0.0, 0.0, 0.0, 0.0, 0.0, 5.0, 3.000000000000001, 2.0, 0.0, 0.0, 0.9999999999999999, 1.829177326554873, 3.041367002930951, 0.0, 0.0, 1.5234715236536767, 1.367186701160381, 0.0, 0.0, 0.0, 1.8014934646613103, 0.0, 0.0, 0.0, 0.0, 0.0, 0.0, 0.0, 0.0, 0.0, 0.0, 0.0, 0.2942652365941903, 0.0, 1.731389936110128, 0.0, 0.0, 0.0, 0.0, 0.0, 0.0, 2.0, 0.0, 0.0, 0.0, 0.0, 0.0, 0.0, 0.0, 0.0, 0.0, 0.0, 0.0, 0.0, 0.0, 0.0, 0.0, 0.6328132988396189, 0.0, 0.0, 0.4765284763463234, 0.0, 0.0, 0.0, 0.0, 0.0, 0.0, 0.0, 0.0, 3.0, 0.0, 0.0, 0.0, 2.0, 0.0, 0.0, 0.0, 0.27841117344669436, 6.0, 0.0, 0.40838404415366547, 0.0, 0.0, 0.7057347634058098, 0.0, 0.0, 0.0, 0.0, 0.0, 0.0, 0.021723939878711938, 0.30081683838994355, 0.0, 0.0, 0.0, 0.0, 0.0, 0.0, 0.0, 0.0, 0.0, 0.0, 0.0, 0.0, 0.0, 1.6991831616100566, 0.0, 0.0, 0.0, 0.0, 0.0, 0.17082267344512642, 0.0, 0.0, 0.0, 0.0, 0.0, 0.0, 0.0, 0.13193101638067445, 0.0, 0.0, 0.0, 0.0, 0.0, 0.0, 0.0, 0.9841544327867836, 0.0, 0.0, 0.0, 0.020385255856970663, 0.0, 0.6752183909014396, 0.6004463896332651, 0.9796147441430293, 0.0, 0.0, 0.0, 0.32478160909856046, 0.0, 1.0, 0.0, 0.0, 0.3355609155440978, 0.0, 0.0, 0.0, 0.9208983376450476, 0.0, 1.0, 0.0, 1.0, 0.3208486768741028, 0.2546817461722115, 0.0, 0.07910166235495238, 0.0, 0.0, 1.0, 0.6159475814311509, 0.0, 0.0, 0.0, 0.0, 0.0, 0.0, 0.0, 0.38405241856884914, 0.07405651121624132, 0.0, 0.0, 1.0, 0.0, 0.0, 0.6791513231258972, 0.0, 1.0, 0.0, 0.0, 0.0, 0.0, 0.0, 0.0, 0.0, 0.0, 0.0, 0.0, 0.0, 0.0, 0.0, 0.0, 0.0, 0.0, 0.0, 1.0, 0.0, 0.4097573382836907, 0.39955361036673487, 0.0, 0.9259434887837584]  :with objective: -616.2823023059904

  Local solver returns a feasible point with value -616.2823
disc:  333  :[0.0, 1.8, 2.0]
disc:  334  :[0.0, 2.1215888265533045, 3.3215888265533047, 6.0]
disc:  335  :[0.0, 0.1, 1.0]
disc:  336  :[0.0, 0.9, 1.0]
disc:  337  :[0.0, 0.3985065353386896, 2.0]
disc:  338  :[0.0, 0.8782760601212881, 1.0]
disc:  339  :[0.0, 0.2, 2.0]
disc:  340  :[0.0, 0.2, 2.0]
disc:  341  :[0.0, 1.8, 2.0]
disc:  342  :[0.0, 0.7291773265548736, 0.9291773265548735, 1.0]
disc:  343  :[0.0, 0.37082267344512676, 2.0]
disc:  344  :[0.0, 1.5215888265533057, 1.9215888265533057, 2.0]
disc:  345  :[0.0, 0.9, 1.0]
disc:  346  :[0.0, 0.5784111734466947, 3.0]
disc:  347  :[0.0, 0.2, 2.0]
disc:  348  :[0.0, 0.6, 6.0]
disc:  349  :[0.0, 0.2, 2.0]
disc:  350  :[0.0, 0.1, 1.0]
disc:  351  :[0.0, 0.2, 2.0]
disc:  352  :[0.0, 0.6, 6.0]
disc:  353  :[0.0, 0.1, 1.0]
disc:  354  :[0.0, 1.8, 2.0]
disc:  355  :[0.0, 0.9, 1.0]
disc:  356  :[0.0, 0.2, 2.0]
disc:  357  :[0.0, 0.1, 1.0]
disc:  358  :[0.0, 0.2, 2.0]
disc:  359  :[0.0, 4.991615955846335, 6.0]
disc:  360  :[0.0, 1.6972264323622035, 2.8972264323622037, 6.0]
disc:  361  :[0.0, 0.2, 2.0]
disc:  362  :[0.0, 0.011157611791462643, 0.21115761179146264, 1.0]
disc:  363  :[0.0, 1.6680689836193257, 2.0]
disc:  364  :[0.0, 0.7888423882085374, 0.9888423882085373, 1.0]
disc:  365  :[0.0, 0.5430886281721374, 3.0]
disc:  366  :[0.0, 1.8, 2.0]
disc:  367  :[0.0, 5.4, 6.0]
disc:  368  :[0.0, 0.2, 2.0]
disc:  369  :[0.0, 1.8, 2.0]
disc:  370  :[0.0, 0.9, 1.0]
disc:  371  :[0.0, 0.2, 2.0]
disc:  372  :[0.0, 0.2, 2.0]
disc:  373  :[0.0, 0.2, 2.0]
disc:  374  :[0.0, 0.6, 6.0]
disc:  375  :[0.0, 0.2, 2.0]
disc:  376  :[0.0, 0.2, 2.0]
disc:  377  :[0.0, 4.4, 5.6, 6.0]
disc:  378  :[0.0, 2.400000000000001, 3.600000000000001, 6.0]
disc:  379  :[0.0, 1.8, 2.0]
disc:  380  :[0.0, 0.1, 1.0]
disc:  381  :[0.0, 0.3, 3.0]
disc:  382  :[0.0, 0.7, 1.2999999999999998, 3.0]
disc:  383  :[0.0, 1.629177326554873, 2.0]
disc:  384  :[0.0, 2.441367002930951, 3.6413670029309513, 6.0]
disc:  385  :[0.0, 0.2, 2.0]
disc:  502  :[0.0, 0.1, 1.0]
disc:  503  :[0.0, 0.12038525585697067, 1.0]
disc:  504  :[0.0, 0.1, 1.0]
disc:  505  :[0.0, 0.5752183909014397, 0.7752183909014396, 1.0]
disc:  506  :[0.0, 0.5004463896332652, 0.7004463896332651, 1.0]
disc:  507  :[0.0, 0.8796147441430293, 1.0]
disc:  508  :[0.0, 0.1, 1.0]
disc:  509  :[0.0, 0.1, 1.0]
disc:  510  :[0.0, 0.1, 1.0]
disc:  511  :[0.0, 0.22478160909856046, 0.42478160909856044, 1.0]
disc:  512  :[0.0, 0.1, 1.0]
disc:  513  :[0.0, 0.9, 1.0]
disc:  514  :[0.0, 0.1, 1.0]
disc:  515  :[0.0, 0.1, 1.0]
disc:  516  :[0.0, 0.23556091554409778, 0.4355609155440978, 1.0]
disc:  517  :[0.0, 0.1, 1.0]
disc:  518  :[0.0, 0.1, 1.0]
disc:  519  :[0.0, 0.1, 1.0]
disc:  520  :[0.0, 0.8208983376450476, 1.0]
disc:  521  :[0.0, 0.1, 1.0]
disc:  522  :[0.0, 0.9, 1.0]
disc:  523  :[0.0, 0.1, 1.0]
disc:  524  :[0.0, 0.9, 1.0]
disc:  525  :[0.0, 0.22084867687410278, 0.42084867687410277, 1.0]
disc:  526  :[0.0, 0.1546817461722115, 0.3546817461722115, 1.0]
disc:  527  :[0.0, 0.1, 1.0]
disc:  528  :[0.0, 0.1791016623549524, 1.0]
disc:  529  :[0.0, 0.1, 1.0]
disc:  530  :[0.0, 0.1, 1.0]
disc:  531  :[0.0, 0.9, 1.0]
disc:  532  :[0.0, 0.5159475814311509, 0.7159475814311509, 1.0]
disc:  533  :[0.0, 0.1, 1.0]
disc:  534  :[0.0, 0.1, 1.0]
disc:  535  :[0.0, 0.1, 1.0]
disc:  536  :[0.0, 0.1, 1.0]
disc:  537  :[0.0, 0.1, 1.0]
disc:  538  :[0.0, 0.1, 1.0]
disc:  539  :[0.0, 0.1, 1.0]
disc:  540  :[0.0, 0.2840524185688491, 0.4840524185688492, 1.0]
disc:  541  :[0.0, 0.17405651121624133, 1.0]
disc:  542  :[0.0, 0.1, 1.0]
disc:  543  :[0.0, 0.1, 1.0]
disc:  544  :[0.0, 0.9, 1.0]
disc:  545  :[0.0, 0.1, 1.0]
disc:  546  :[0.0, 0.1, 1.0]
disc:  547  :[0.0, 0.5791513231258972, 0.7791513231258972, 1.0]
disc:  548  :[0.0, 0.1, 1.0]
disc:  549  :[0.0, 0.9, 1.0]
disc:  550  :[0.0, 0.1, 1.0]
disc:  551  :[0.0, 0.1, 1.0]
disc:  552  :[0.0, 0.1, 1.0]
disc:  553  :[0.0, 0.1, 1.0]
disc:  554  :[0.0, 0.1, 1.0]
disc:  555  :[0.0, 0.1, 1.0]
disc:  556  :[0.0, 0.1, 1.0]
disc:  557  :[0.0, 0.1, 1.0]
disc:  558  :[0.0, 0.1, 1.0]
disc:  559  :[0.0, 0.1, 1.0]
disc:  560  :[0.0, 0.1, 1.0]
disc:  561  :[0.0, 0.1, 1.0]
disc:  562  :[0.0, 0.1, 1.0]
disc:  563  :[0.0, 0.1, 1.0]
disc:  564  :[0.0, 0.1, 1.0]
disc:  565  :[0.0, 0.1, 1.0]
disc:  566  :[0.0, 0.1, 1.0]
disc:  567  :[0.0, 0.9, 1.0]
disc:  568  :[0.0, 0.1, 1.0]
disc:  569  :[0.0, 0.3097573382836907, 0.5097573382836907, 1.0]
disc:  570  :[0.0, 0.2995536103667349, 0.49955361036673485, 1.0]
disc:  571  :[0.0, 0.1, 1.0]
disc:  572  :[0.0, 0.8259434887837585, 1.0]
  Completed presolve in 9.0s
LOWER-BOUNDING ITERATIONS
====================================================================================================
| Iter   | Incumbent       | Best Incumbent      | Lower Bound        | Gap (%)         | Time      
| finish | -616.2823       | -616.2823           | -632.4207          | 2.619           | 20.24s           
Final UBD: -616.2823023059904
Final LBD: -632.4206974588495
====================================================================================================

*** Alpine ended with status OTHER_LIMIT ***

 Total time for local solves: 6.85s

 Total time for solving max-min problems: 0.0s

 Total time excluding max-min time: 20.24s

presolve objective value: -616.2823023059904
w_opt: 1-dimensional DenseAxisArray{Float64,1,...} with index sets:
    Dimension 1, [(25, 1, 2), (25, 1, 1), (25, 1, 14), (20, 1, 2), (20, 1, 1), (20, 1, 14), (1, 1, 2), (1, 1, 1), (1, 1, 14), (2, 1, 2)  …  (20, 15, 23), (20, 15, 3), (8, 15, 30), (8, 15, 29), (8, 15, 23), (8, 15, 3), (2, 15, 30), (2, 15, 29), (2, 15, 23), (2, 15, 3)]
And data, a 261-element Vector{Float64}:
 1.1266773503001726
 1.8733226496998274
 0.0
 0.7024999762547006
 1.1680443532311238
 0.0
 0.0
 0.0
 0.0
 0.0
 0.0
 0.0
 0.0
 0.0
 0.0
 0.0
 2.0
 0.0
 0.0
 0.9999999999999999
 0.0
 0.0
 0.0
 0.0
 0.0
 0.0
 0.0
 0.0
 0.0
 3.002231948166326
 1.801339168899796
 0.0
 0.0
 0.0
 0.0
 0.0
 0.0
 0.0
 0.0
 0.0
 0.0
 1.9977680518336742
 1.198660831100205
 0.0
 0.0
 0.0
 0.0
 0.0
 0.0
 0.0
 0.0
 0.0
 0.0
 0.0
 0.0
 0.0
 0.0
 0.0
 0.0
 2.0
 1.0
 0.0
 0.0
 0.0
 0.0
 0.0
 0.0
 0.0
 0.0
 0.0
 0.0
 0.0
 0.0
 0.0
 0.6711218310881956
 2.013365493264587
 0.0
 0.509363492344423
 1.5280904770332688
 0.0
 0.0
 0.0
 0.0
 0.0
 0.0
 0.0
 0.0
 0.0
 0.0
 0.0
 0.0
 0.0
 0.8195146765673814
 2.458544029702144
 0.0
 0.0
 0.0
 0.0
 0.0
 0.0
 0.0
 1.8680689836193254
 0.8888423882085373
 0.24308862817213744
 0.0
 0.0
 0.0
 0.0
 0.0
 0.0
 0.0
 0.0
 0.0
 0.0
 0.0
 0.0
 0.0
 0.0
 5.1493098384884135
 2.1155120027566165
 0.0
 0.10236485991535149
 0.0
 0.442306117357921
 0.18171442960558687
 0.0
 0.008792751876111152
 0.0
 0.0
 0.0
 0.0
 0.0
 0.0
 0.0
 0.0
 0.0
 0.0
 0.0
 0.0
 0.0
 0.0
 0.0
 0.0
 0.0
 0.0
 0.0
 0.0
 0.0
 0.0
 0.0
 0.0
 0.0
 0.0
 0.6416973537482056
 0.3208486768741027
 0.0
 0.0
 1.3583026462517944
 0.679151323125897
 0.0
 0.0
 0.0
 0.0
 0.0
 0.0
 0.0
 0.0
 0.0
 0.0
 0.0
 0.0
 0.0
 0.0
 0.0
 0.0
 0.0
 0.0
 0.0
 0.0
 0.0
 0.0
 0.0
 0.0
 0.0
 0.0
 0.0
 0.0
 0.0
 0.0
 0.0
 0.0
 0.0
 0.0
 0.0
 1.7215888265533057
 1.0
 0.27841117344669464
 0.0
 0.0
 0.0
 0.0
 0.0
 0.0
 0.0
 0.0
 0.0
 1.3504367818028793
 0.5598757802083392
 0.11534261069310058
 0.6495632181971209
 0.26930154634653436
 0.0554800627520262
 0.0
 0.0
 0.0
 0.0
 0.0
 0.0
 0.0
 0.0
 0.0
 0.004046606512157505
 0.01994240778431334
 0.0
 0.0
 0.1944599288265321
 0.9583336523369747
 0.0
 0.0
 0.0
 0.0
 0.0
 0.0
 0.0
 0.0
 0.0
 0.0
 0.0
 0.0
 0.0
 0.0
 0.0
 0.0
 0.0
 0.0
 0.0
 0.0
 0.0
 0.0
 0.14811302243248264
 0.20155137345964186
 0.0
 0.07405651121624132
 0.0
 0.0
 0.0
 0.0
 1.8518869775675169
 2.5200374530936624
 0.0
 0.9259434887837587
x_ij_opt: 1-dimensional DenseAxisArray{Float64,1,...} with index sets:
    Dimension 1, [(43, 30), (43, 22), (43, 6), (44, 22), (45, 30), (45, 29), (45, 28), (45, 24), (45, 23), (40, 29)  …  (5, 7), (5, 14), (6, 4), (6, 3), (1, 14), (1, 10), (1, 23), (1, 1), (3, 2), (3, 1)]
And data, a 116-element Vector{Float64}:
 0.0
 1.5234715236536767
 1.367186701160381
 0.0
 0.0
 0.0
 1.8014934646613103
 0.0
 0.0
 0.0
 0.0
 0.0
 0.0
 0.0
 0.0
 0.0
 0.0
 0.0
 0.2942652365941903
 0.0
 1.731389936110128
 0.0
 0.0
 0.0
 0.0
 0.0
 0.0
 2.0
 0.0
 0.0
 0.0
 0.0
 0.0
 0.0
 0.0
 0.0
 0.0
 0.0
 0.0
 0.0
 0.0
 0.0
 0.0
 0.6328132988396189
 0.0
 0.0
 0.4765284763463234
 0.0
 0.0
 0.0
 0.0
 0.0
 0.0
 0.0
 0.0
 3.0
 0.0
 0.0
 0.0
 2.0
 0.0
 0.0
 0.0
 0.27841117344669436
 6.0
 0.0
 0.40838404415366547
 0.0
 0.0
 0.7057347634058098
 0.0
 0.0
 0.0
 0.0
 0.0
 0.0
 0.021723939878711938
 0.30081683838994355
 0.0
 0.0
 0.0
 0.0
 0.0
 0.0
 0.0
 0.0
 0.0
 0.0
 0.0
 0.0
 0.0
 1.6991831616100566
 0.0
 0.0
 0.0
 0.0
 0.0
 0.17082267344512642
 0.0
 0.0
 0.0
 0.0
 0.0
 0.0
 0.0
 0.13193101638067445
 0.0
 0.0
 0.0
 0.0
 0.0
 0.0
 0.0
 0.9841544327867836
 0.0
 0.0
x_il_opt: 1-dimensional DenseAxisArray{Float64,1,...} with index sets:
    Dimension 1, [(43, 15), (43, 14), (44, 15), (44, 13), (44, 3), (40, 14), (40, 2), (41, 14), (42, 6), (37, 13)  …  (4, 13), (5, 2), (5, 7), (5, 9), (6, 11), (1, 1), (1, 6), (1, 3), (2, 1), (2, 15)]
And data, a 71-element Vector{Float64}:
 0.0
 0.023989014296470844
 0.0
 2.0256551727043193
 4.803571117066121
 1.1527935811635068
 0.0
 0.0
 0.0
 0.9743448272956816
 0.0
 3.0
 0.0
 0.0
 2.6844873243527823
 0.0
 0.0
 0.0
 7.3671867011603815
 0.0
 0.0
 0.0
 3.0
 0.9625460306223083
 2.037453969377692
 0.0
 0.632813298839619
 0.0
 0.0
 0.0
 3.0
 0.0
 0.0
 0.0
 0.0
 0.0
 0.0
 0.0
 1.8705443294858244
 0.4237209071083658
 0.0
 0.0
 3.0
 0.0
 0.0
 2.0374539693776916
 0.0
 3.0
 0.0
 0.0
 0.0
 0.0
 0.0
 0.0
 0.0
 0.0
 0.0
 0.0
 0.0
 0.0
 0.0
 0.0
 0.0
 0.0
 0.0
 0.0
 0.0
 3.2780587062695257
 3.196428882933879
 0.0
 5.297867919444937
x_lj_opt: 1-dimensional DenseAxisArray{Float64,1,...} with index sets:
    Dimension 1, [(15, 30), (15, 29), (15, 23), (15, 3), (14, 28), (14, 27), (14, 10), (14, 24), (13, 26), (13, 25)  …  (3, 6), (3, 5), (3, 29), (2, 4), (2, 3), (2, 1), (2, 5), (1, 2), (1, 1), (1, 14)]
And data, a 53-element Vector{Float64}:
 2.0
 2.7215888265533046
 0.0
 1.0
 0.19850653533868962
 0.9782760601212881
 0.0
 0.0
 2.0
 0.8291773265548735
 0.17082267344512675
 1.7215888265533057
 1.0
 0.2784111734466947
 0.0
 0.0
 0.0
 0.0
 0.0
 0.0
 0.0
 2.0
 1.0
 0.0
 0.0
 0.0
 5.5916159558463345
 2.2972264323622036
 0.0
 0.11115761179146265
 1.8680689836193256
 0.8888423882085373
 0.24308862817213744
 2.0
 6.0
 0.0
 2.0
 1.0
 0.0
 0.0
 0.0
 0.0
 0.0
 0.0
 5.0
 3.000000000000001
 2.0
 0.0
 0.0
 0.9999999999999999
 1.829177326554873
 3.041367002930951
 0.0
q_opt: 1-dimensional DenseAxisArray{Float64,1,...} with index sets:
    Dimension 1, [(43, 15), (43, 14), (44, 15), (44, 13), (44, 3), (40, 14), (40, 2), (41, 14), (42, 6), (37, 13)  …  (4, 13), (5, 2), (5, 7), (5, 9), (6, 11), (1, 1), (1, 6), (1, 3), (2, 1), (2, 15)]
And data, a 71-element Vector{Float64}:
 0.0
 0.020385255856970663
 0.0
 0.6752183909014396
 0.6004463896332651
 0.9796147441430293
 0.0
 0.0
 0.0
 0.32478160909856046
 0.0
 1.0
 0.0
 0.0
 0.3355609155440978
 0.0
 0.0
 0.0
 0.9208983376450476
 0.0
 1.0
 0.0
 1.0
 0.3208486768741028
 0.2546817461722115
 0.0
 0.07910166235495238
 0.0
 0.0
 1.0
 0.6159475814311509
 0.0
 0.0
 0.0
 0.0
 0.0
 0.0
 0.0
 0.38405241856884914
 0.07405651121624132
 0.0
 0.0
 1.0
 0.0
 0.0
 0.6791513231258972
 0.0
 1.0
 0.0
 0.0
 0.0
 0.0
 0.0
 0.0
 0.0
 0.0
 0.0
 0.0
 0.0
 0.0
 0.0
 0.0
 0.0
 0.0
 0.0
 1.0
 0.0
 0.4097573382836907
 0.39955361036673487
 0.0
 0.9259434887837584
