
PROBLEM STATISTICS
  Objective sense = Min
  # Variables = 572
  # Bin-Int Variables = 0
  # Constraints = 621
  # NL Constraints = 261
  # Linear Constraints = 360
  # Detected convex constraints = 0
  # Detected nonlinear terms = 261
  # Variables involved in nonlinear terms = 124
  # Potential variables for partitioning = 124
SUB-SOLVERS USED BY ALPINE
  NLP local solver = Knitro
  MIP solver = Gurobi
ALPINE CONFIGURATION
  Maximum iterations (lower-bounding MIPs) =  1
  Relative global optimality gap = 0.01%
  Potential variables chosen for partitioning = All
  Discretization ratio = 10
  Bound-tightening presolve = false
PRESOLVE 
  Doing local search

Feasible solution found during presolve: [1.6206716460386312, 0.0, 0.0, 0.37932835396136877, 0.0, 0.0, 0.0, 0.0, 0.0, 0.0, 0.0, 0.0, 0.0, 0.0, 0.0, 0.0, 2.0, 0.0, 0.0, 1.0, 0.0, 0.0, 0.0, 0.0, 0.0, 0.0, 0.0, 0.0, 0.3762303336917397, 1.8922387784944803, 0.7591129334049486, 0.0, 0.0, 0.0, 0.6179104110378429, 3.1077612215055197, 1.2467463218654689, 0.0, 0.0, 0.0, 0.0, 0.0, 0.0, 0.0, 0.0, 0.0, 0.0, 0.0, 0.0, 0.0, 0.0, 0.0, 0.0, 0.0, 0.0, 0.0, 0.0, 0.0, 0.0, 2.0, 1.0, 0.0, 0.0, 0.0, 0.0, 0.0, 0.0, 0.0, 0.0, 0.0, 0.0, 0.6610824324419013, 1.983247297325704, 0.0, 0.0, 0.0, 0.0, 0.5037219518567474, 1.5111658555702423, 0.0, 0.0, 0.0, 0.0, 0.0, 0.0, 0.0, 0.0, 0.0, 0.0, 0.0, 0.0, 0.0, 0.8351956157013513, 2.5055868471040537, 0.0, 0.0, 0.0, 0.0, 0.0, 0.0, 0.0, 0.7506121076282131, 0.8032004770160516, 1.4461874153557357, 0.0, 0.0, 0.0, 0.0, 0.0, 0.0, 0.0, 0.0, 0.0, 0.0, 0.0, 0.0, 0.0, 0.0, 4.602072592638296, 3.0402317303943445, 0.0, 0.0, 0.0, 0.21539857638428295, 0.14229710058307551, 0.0, 0.0, 0.0, 0.0, 0.0, 0.0, 0.0, 0.0, 0.0, 0.0, 0.0, 0.0, 0.0, 0.0, 0.0, 0.0, 0.0, 0.0, 0.0, 0.0, 0.0, 0.0, 0.0, 0.0, 0.0, 0.0, 0.0, 0.0, 0.6567414617153402, 0.3283707308576701, 0.0, 0.0, 1.3432585382846598, 0.6716292691423299, 0.0, 0.0, 0.0, 0.0, 0.0, 0.0, 0.0, 0.0, 0.0, 0.0, 0.0, 0.0, 0.0, 0.0, 2.0, 0.0, 0.0, 0.0, 0.5841835740941147, 0.0, 0.0, 0.0, 0.0, 0.0, 0.0, 0.0, 0.0, 0.0, 0.0, 0.0, 0.0, 0.0, 0.0, 0.0, 0.0, 1.4158164259058852, 1.0, 0.5841835740941147, 0.0, 0.0, 0.0, 0.0, 0.0, 0.0, 0.0, 0.0, 0.0, 1.5234677868640825, 0.7617338934320412, 0.0, 0.4765322131359175, 0.23826610656795874, 0.0, 0.0, 0.0, 0.0, 0.0, 0.0, 0.0, 0.0, 0.0, 0.0, 0.0, 0.0, 0.0, 0.0, 0.5544623693072644, 0.8460637737010392, 0.0, 0.0, 0.0, 0.0, 0.0, 0.0, 0.0, 0.0, 0.0, 0.0, 0.0, 0.0, 0.0, 0.0, 0.0, 0.0, 0.0, 0.0, 0.0, 0.0, 0.0, 0.0, 0.47139973594887224, 0.09662685099395307, 0.0, 0.23569986797443612, 0.0, 0.0, 0.0, 0.0, 1.5286002640511276, 0.3133303196415144, 0.0, 0.7643001320255639, 0.0, 0.0, 0.0, 2.2852016802961237, 3.0275820455911684, 1.4005261430083036, 0.0, 0.0, 2.6443297297676054, 0.7147983197038763, 0.0, 3.0, 0.0, 0.0, 0.0, 0.0, 0.0, 0.0, 7.642304323032642, 0.0, 0.0, 0.0, 3.0, 0.9851121925730102, 2.0148878074269896, 0.0, 0.3576956769673585, 0.0, 2.5841835740941144, 0.0, 1.620671646038631, 0.0, 0.0, 0.0, 0.0, 0.0, 0.0, 0.0, 0.37932835396136877, 0.8037264549172615, 0.0, 0.0, 3.0, 0.0, 0.0, 2.0148878074269896, 0.0, 3.0, 0.0, 0.0, 0.0, 0.0, 0.0, 0.0, 0.0, 0.0, 0.0, 4.972417954408831, 0.0, 0.0, 0.0, 0.0, 0.0, 0.0, 0.0, 0.0, 0.0, 3.340782462805405, 0.0, 0.0, 2.606230715718206, 2.0, 0.4099571706354675, 0.0, 1.0, 0.5544623693072644, 0.8460637737010391, 0.0, 0.0, 2.0, 1.0, 0.0, 1.4158164259058852, 1.0, 0.5841835740941148, 2.0, 0.0, 0.0, 0.0, 0.5841835740941147, 0.0, 0.0, 2.0, 1.0, 0.0, 0.0, 0.0, 4.817471169022579, 3.1825288309774202, 0.0, 0.0, 0.750612107628213, 0.8032004770160515, 1.4461874153557355, 2.0, 6.0, 0.0, 2.0, 1.0, 0.0, 0.0, 0.0, 0.0, 0.0, 0.9941407447295827, 5.0, 2.0058592552704178, 2.0, 0.0, 0.0, 1.0, 2.0, 0.0, 0.0, 0.0, 0.0, 0.6481635783030594, 0.0, 0.0, 0.0, 1.4455376306927354, 0.0, 0.0, 0.0, 0.0, 0.0, 0.0, 0.0, 0.0, 0.0, 0.0, 0.0, 0.22159790686879838, 0.0, 0.0, 0.0, 0.0, 0.0, 0.0, 0.0, 0.0, 2.0, 0.0, 3.0, 0.0, 0.0, 0.0, 0.0, 0.0, 0.0, 0.0, 0.0, 0.0, 0.0, 0.0, 0.0, 0.0, 0.35769567696735793, 0.0, 0.0, 0.0, 0.0, 0.0, 0.0, 0.0, 0.0, 0.0, 0.0, 0.0, 0.4158164259058855, 0.0, 1.1825288309774207, 0.19679952298394846, 2.0, 0.0, 0.0, 0.0, 0.0, 6.0, 0.0, 0.0, 0.0, 0.0, 0.7784020931312016, 0.0, 0.0, 0.0, 0.0, 0.0, 0.0, 0.15393622629896087, 0.83294814445876, 0.0, 0.0, 0.0, 0.0, 0.0, 0.0, 0.0, 0.0, 0.0, 0.0, 0.0, 0.0, 0.0, 1.1670518555412401, 0.0, 0.0, 0.0, 0.0, 0.0, 0.0, 0.0, 0.0, 0.0, 0.0, 0.0, 0.0, 0.0, 1.1439829398214567, 0.0, 0.0, 0.0, 0.0, 0.10540495255033032, 0.0, 0.0, 4.553812584644265, 0.0, 0.0, 0.0, 0.0, 0.0, 0.7617338934320412, 0.37844775569889605, 1.0, 0.0, 0.0, 0.3305412162209507, 0.23826610656795874, 0.0, 1.0, 0.0, 0.0, 0.0, 0.0, 0.0, 0.0, 0.9552880403790802, 0.0, 1.0, 0.0, 1.0, 0.3283707308576701, 0.2518609759283737, 0.0, 0.04471195962091981, 0.0, 1.0, 1.0, 0.8103358230193156, 0.0, 0.0, 0.0, 0.0, 0.0, 0.0, 0.0, 0.18966417698068438, 0.23569986797443612, 0.0, 0.0, 1.0, 0.0, 0.0, 0.6716292691423299, 0.0, 1.0, 0.0, 0.0, 0.0, 0.0, 0.0, 0.0, 0.0, 0.0, 0.0, 0.6215522443011039, 0.0, 0.0, 0.0, 0.0, 0.0, 0.0, 0.0, 0.0, 0.0, 0.41759780785067563, 0.0, 0.0, 0.7643001320255638]  :with objective: -625.6828716554384

  Local solver returns a feasible point with value -625.6829
disc:  333  :[0.0, 1.8, 2.0]
disc:  334  :[0.0, 1.0099571706354675, 6.0]
disc:  335  :[0.0, 0.1, 1.0]
disc:  336  :[0.0, 0.9, 1.0]
disc:  337  :[0.0, 0.35446236930726444, 0.7544623693072645, 2.0]
disc:  338  :[0.0, 0.7460637737010392, 0.9460637737010391, 1.0]
disc:  339  :[0.0, 0.2, 2.0]
disc:  340  :[0.0, 0.2, 2.0]
disc:  341  :[0.0, 1.8, 2.0]
disc:  342  :[0.0, 0.9, 1.0]
disc:  343  :[0.0, 0.2, 2.0]
disc:  344  :[0.0, 1.2158164259058852, 1.6158164259058851, 2.0]
disc:  345  :[0.0, 0.9, 1.0]
disc:  346  :[0.0, 0.2841835740941148, 0.8841835740941149, 3.0]
disc:  347  :[0.0, 1.8, 2.0]
disc:  348  :[0.0, 0.6, 6.0]
disc:  349  :[0.0, 0.2, 2.0]
disc:  350  :[0.0, 0.1, 1.0]
disc:  351  :[0.0, 0.3841835740941147, 0.7841835740941148, 2.0]
disc:  352  :[0.0, 0.6, 6.0]
disc:  353  :[0.0, 0.1, 1.0]
disc:  354  :[0.0, 1.8, 2.0]
disc:  355  :[0.0, 0.9, 1.0]
disc:  356  :[0.0, 0.2, 2.0]
disc:  357  :[0.0, 0.1, 1.0]
disc:  358  :[0.0, 0.2, 2.0]
disc:  359  :[0.0, 4.21747116902258, 5.417471169022579, 6.0]
disc:  360  :[0.0, 2.58252883097742, 3.7825288309774203, 6.0]
disc:  361  :[0.0, 0.2, 2.0]
disc:  362  :[0.0, 0.1, 1.0]
disc:  363  :[0.0, 0.5506121076282129, 0.950612107628213, 2.0]
disc:  364  :[0.0, 0.7032004770160515, 0.9032004770160514, 1.0]
disc:  365  :[0.0, 1.1461874153557354, 1.7461874153557355, 3.0]
disc:  366  :[0.0, 1.8, 2.0]
disc:  367  :[0.0, 5.4, 6.0]
disc:  368  :[0.0, 0.2, 2.0]
disc:  369  :[0.0, 1.8, 2.0]
disc:  370  :[0.0, 0.9, 1.0]
disc:  371  :[0.0, 0.2, 2.0]
disc:  372  :[0.0, 0.2, 2.0]
disc:  373  :[0.0, 0.2, 2.0]
disc:  374  :[0.0, 0.6, 6.0]
disc:  375  :[0.0, 0.2, 2.0]
disc:  376  :[0.0, 0.7941407447295827, 1.1941407447295826, 2.0]
disc:  377  :[0.0, 4.4, 5.6, 6.0]
disc:  378  :[0.0, 1.4058592552704177, 2.605859255270418, 6.0]
disc:  379  :[0.0, 1.8, 2.0]
disc:  380  :[0.0, 0.1, 1.0]
disc:  381  :[0.0, 0.3, 3.0]
disc:  382  :[0.0, 0.7, 1.3, 3.0]
disc:  383  :[0.0, 1.8, 2.0]
disc:  384  :[0.0, 0.6, 6.0]
disc:  385  :[0.0, 0.2, 2.0]
disc:  502  :[0.0, 0.1, 1.0]
disc:  503  :[0.0, 0.1, 1.0]
disc:  504  :[0.0, 0.1, 1.0]
disc:  505  :[0.0, 0.6617338934320413, 0.8617338934320412, 1.0]
disc:  506  :[0.0, 0.278447755698896, 0.4784477556988961, 1.0]
disc:  507  :[0.0, 0.9, 1.0]
disc:  508  :[0.0, 0.1, 1.0]
disc:  509  :[0.0, 0.1, 1.0]
disc:  510  :[0.0, 0.23054121622095067, 0.43054121622095065, 1.0]
disc:  511  :[0.0, 0.13826610656795874, 0.33826610656795875, 1.0]
disc:  512  :[0.0, 0.1, 1.0]
disc:  513  :[0.0, 0.9, 1.0]
disc:  514  :[0.0, 0.1, 1.0]
disc:  515  :[0.0, 0.1, 1.0]
disc:  516  :[0.0, 0.1, 1.0]
disc:  517  :[0.0, 0.1, 1.0]
disc:  518  :[0.0, 0.1, 1.0]
disc:  519  :[0.0, 0.1, 1.0]
disc:  520  :[0.0, 0.8552880403790802, 1.0]
disc:  521  :[0.0, 0.1, 1.0]
disc:  522  :[0.0, 0.9, 1.0]
disc:  523  :[0.0, 0.1, 1.0]
disc:  524  :[0.0, 0.9, 1.0]
disc:  525  :[0.0, 0.2283707308576701, 0.4283707308576701, 1.0]
disc:  526  :[0.0, 0.1518609759283737, 0.35186097592837373, 1.0]
disc:  527  :[0.0, 0.1, 1.0]
disc:  528  :[0.0, 0.14471195962091982, 1.0]
disc:  529  :[0.0, 0.1, 1.0]
disc:  530  :[0.0, 0.9, 1.0]
disc:  531  :[0.0, 0.9, 1.0]
disc:  532  :[0.0, 0.7103358230193156, 0.9103358230193156, 1.0]
disc:  533  :[0.0, 0.1, 1.0]
disc:  534  :[0.0, 0.1, 1.0]
disc:  535  :[0.0, 0.1, 1.0]
disc:  536  :[0.0, 0.1, 1.0]
disc:  537  :[0.0, 0.1, 1.0]
disc:  538  :[0.0, 0.1, 1.0]
disc:  539  :[0.0, 0.1, 1.0]
disc:  540  :[0.0, 0.08966417698068438, 0.28966417698068436, 1.0]
disc:  541  :[0.0, 0.13569986797443612, 0.33569986797443613, 1.0]
disc:  542  :[0.0, 0.1, 1.0]
disc:  543  :[0.0, 0.1, 1.0]
disc:  544  :[0.0, 0.9, 1.0]
disc:  545  :[0.0, 0.1, 1.0]
disc:  546  :[0.0, 0.1, 1.0]
disc:  547  :[0.0, 0.5716292691423299, 0.7716292691423299, 1.0]
disc:  548  :[0.0, 0.1, 1.0]
disc:  549  :[0.0, 0.9, 1.0]
disc:  550  :[0.0, 0.1, 1.0]
disc:  551  :[0.0, 0.1, 1.0]
disc:  552  :[0.0, 0.1, 1.0]
disc:  553  :[0.0, 0.1, 1.0]
disc:  554  :[0.0, 0.1, 1.0]
disc:  555  :[0.0, 0.1, 1.0]
disc:  556  :[0.0, 0.1, 1.0]
disc:  557  :[0.0, 0.1, 1.0]
disc:  558  :[0.0, 0.1, 1.0]
disc:  559  :[0.0, 0.5215522443011039, 0.7215522443011039, 1.0]
disc:  560  :[0.0, 0.1, 1.0]
disc:  561  :[0.0, 0.1, 1.0]
disc:  562  :[0.0, 0.1, 1.0]
disc:  563  :[0.0, 0.1, 1.0]
disc:  564  :[0.0, 0.1, 1.0]
disc:  565  :[0.0, 0.1, 1.0]
disc:  566  :[0.0, 0.1, 1.0]
disc:  567  :[0.0, 0.1, 1.0]
disc:  568  :[0.0, 0.1, 1.0]
disc:  569  :[0.0, 0.3175978078506756, 0.5175978078506757, 1.0]
disc:  570  :[0.0, 0.1, 1.0]
disc:  571  :[0.0, 0.1, 1.0]
disc:  572  :[0.0, 0.6643001320255638, 0.8643001320255638, 1.0]
  Completed presolve in 11.67s
LOWER-BOUNDING ITERATIONS
====================================================================================================
| Iter   | Incumbent       | Best Incumbent      | Lower Bound        | Gap (%)         | Time      
| finish | -625.6829       | -625.6829           | -635.7385          | 1.607           | 20.92s           
Final UBD: -625.6828716554384
Final LBD: -635.7385218861327
====================================================================================================

*** Alpine ended with status OTHER_LIMIT ***

 Total time for local solves: 9.41s

 Total time for solving max-min problems: 0.0s

 Total time excluding max-min time: 20.92s

presolve objective value: -625.6828716554384
w_opt: 1-dimensional DenseAxisArray{Float64,1,...} with index sets:
    Dimension 1, [(25, 1, 2), (25, 1, 1), (25, 1, 14), (20, 1, 2), (20, 1, 1), (20, 1, 14), (1, 1, 2), (1, 1, 1), (1, 1, 14), (2, 1, 2)  …  (20, 15, 23), (20, 15, 3), (8, 15, 30), (8, 15, 29), (8, 15, 23), (8, 15, 3), (2, 15, 30), (2, 15, 29), (2, 15, 23), (2, 15, 3)]
And data, a 261-element Vector{Float64}:
 1.6206716460386312
 0.0
 0.0
 0.37932835396136877
 0.0
 0.0
 0.0
 0.0
 0.0
 0.0
 0.0
 0.0
 0.0
 0.0
 0.0
 0.0
 2.0
 0.0
 0.0
 1.0
 0.0
 0.0
 0.0
 0.0
 0.0
 0.0
 0.0
 0.0
 0.3762303336917397
 1.8922387784944803
 0.7591129334049486
 0.0
 0.0
 0.0
 0.6179104110378429
 3.1077612215055197
 1.2467463218654689
 0.0
 0.0
 0.0
 0.0
 0.0
 0.0
 0.0
 0.0
 0.0
 0.0
 0.0
 0.0
 0.0
 0.0
 0.0
 0.0
 0.0
 0.0
 0.0
 0.0
 0.0
 0.0
 2.0
 1.0
 0.0
 0.0
 0.0
 0.0
 0.0
 0.0
 0.0
 0.0
 0.0
 0.0
 0.6610824324419013
 1.983247297325704
 0.0
 0.0
 0.0
 0.0
 0.5037219518567474
 1.5111658555702423
 0.0
 0.0
 0.0
 0.0
 0.0
 0.0
 0.0
 0.0
 0.0
 0.0
 0.0
 0.0
 0.0
 0.8351956157013513
 2.5055868471040537
 0.0
 0.0
 0.0
 0.0
 0.0
 0.0
 0.0
 0.7506121076282131
 0.8032004770160516
 1.4461874153557357
 0.0
 0.0
 0.0
 0.0
 0.0
 0.0
 0.0
 0.0
 0.0
 0.0
 0.0
 0.0
 0.0
 0.0
 4.602072592638296
 3.0402317303943445
 0.0
 0.0
 0.0
 0.21539857638428295
 0.14229710058307551
 0.0
 0.0
 0.0
 0.0
 0.0
 0.0
 0.0
 0.0
 0.0
 0.0
 0.0
 0.0
 0.0
 0.0
 0.0
 0.0
 0.0
 0.0
 0.0
 0.0
 0.0
 0.0
 0.0
 0.0
 0.0
 0.0
 0.0
 0.0
 0.6567414617153402
 0.3283707308576701
 0.0
 0.0
 1.3432585382846598
 0.6716292691423299
 0.0
 0.0
 0.0
 0.0
 0.0
 0.0
 0.0
 0.0
 0.0
 0.0
 0.0
 0.0
 0.0
 0.0
 2.0
 0.0
 0.0
 0.0
 0.5841835740941147
 0.0
 0.0
 0.0
 0.0
 0.0
 0.0
 0.0
 0.0
 0.0
 0.0
 0.0
 0.0
 0.0
 0.0
 0.0
 0.0
 1.4158164259058852
 1.0
 0.5841835740941147
 0.0
 0.0
 0.0
 0.0
 0.0
 0.0
 0.0
 0.0
 0.0
 1.5234677868640825
 0.7617338934320412
 0.0
 0.4765322131359175
 0.23826610656795874
 0.0
 0.0
 0.0
 0.0
 0.0
 0.0
 0.0
 0.0
 0.0
 0.0
 0.0
 0.0
 0.0
 0.0
 0.5544623693072644
 0.8460637737010392
 0.0
 0.0
 0.0
 0.0
 0.0
 0.0
 0.0
 0.0
 0.0
 0.0
 0.0
 0.0
 0.0
 0.0
 0.0
 0.0
 0.0
 0.0
 0.0
 0.0
 0.0
 0.0
 0.47139973594887224
 0.09662685099395307
 0.0
 0.23569986797443612
 0.0
 0.0
 0.0
 0.0
 1.5286002640511276
 0.3133303196415144
 0.0
 0.7643001320255639
x_ij_opt: 1-dimensional DenseAxisArray{Float64,1,...} with index sets:
    Dimension 1, [(43, 30), (43, 22), (43, 6), (44, 22), (45, 30), (45, 29), (45, 28), (45, 24), (45, 23), (40, 29)  …  (5, 7), (5, 14), (6, 4), (6, 3), (1, 14), (1, 10), (1, 23), (1, 1), (3, 2), (3, 1)]
And data, a 116-element Vector{Float64}:
 0.0
 0.0
 0.6481635783030594
 0.0
 0.0
 0.0
 1.4455376306927354
 0.0
 0.0
 0.0
 0.0
 0.0
 0.0
 0.0
 0.0
 0.0
 0.0
 0.0
 0.22159790686879838
 0.0
 0.0
 0.0
 0.0
 0.0
 0.0
 0.0
 0.0
 2.0
 0.0
 3.0
 0.0
 0.0
 0.0
 0.0
 0.0
 0.0
 0.0
 0.0
 0.0
 0.0
 0.0
 0.0
 0.0
 0.35769567696735793
 0.0
 0.0
 0.0
 0.0
 0.0
 0.0
 0.0
 0.0
 0.0
 0.0
 0.0
 0.4158164259058855
 0.0
 1.1825288309774207
 0.19679952298394846
 2.0
 0.0
 0.0
 0.0
 0.0
 6.0
 0.0
 0.0
 0.0
 0.0
 0.7784020931312016
 0.0
 0.0
 0.0
 0.0
 0.0
 0.0
 0.15393622629896087
 0.83294814445876
 0.0
 0.0
 0.0
 0.0
 0.0
 0.0
 0.0
 0.0
 0.0
 0.0
 0.0
 0.0
 0.0
 1.1670518555412401
 0.0
 0.0
 0.0
 0.0
 0.0
 0.0
 0.0
 0.0
 0.0
 0.0
 0.0
 0.0
 0.0
 1.1439829398214567
 0.0
 0.0
 0.0
 0.0
 0.10540495255033032
 0.0
 0.0
 4.553812584644265
 0.0
 0.0
x_il_opt: 1-dimensional DenseAxisArray{Float64,1,...} with index sets:
    Dimension 1, [(43, 15), (43, 14), (44, 15), (44, 13), (44, 3), (40, 14), (40, 2), (41, 14), (42, 6), (37, 13)  …  (4, 13), (5, 2), (5, 7), (5, 9), (6, 11), (1, 1), (1, 6), (1, 3), (2, 1), (2, 15)]
And data, a 71-element Vector{Float64}:
 0.0
 0.0
 0.0
 2.2852016802961237
 3.0275820455911684
 1.4005261430083036
 0.0
 0.0
 2.6443297297676054
 0.7147983197038763
 0.0
 3.0
 0.0
 0.0
 0.0
 0.0
 0.0
 0.0
 7.642304323032642
 0.0
 0.0
 0.0
 3.0
 0.9851121925730102
 2.0148878074269896
 0.0
 0.3576956769673585
 0.0
 2.5841835740941144
 0.0
 1.620671646038631
 0.0
 0.0
 0.0
 0.0
 0.0
 0.0
 0.0
 0.37932835396136877
 0.8037264549172615
 0.0
 0.0
 3.0
 0.0
 0.0
 2.0148878074269896
 0.0
 3.0
 0.0
 0.0
 0.0
 0.0
 0.0
 0.0
 0.0
 0.0
 0.0
 4.972417954408831
 0.0
 0.0
 0.0
 0.0
 0.0
 0.0
 0.0
 0.0
 0.0
 3.340782462805405
 0.0
 0.0
 2.606230715718206
x_lj_opt: 1-dimensional DenseAxisArray{Float64,1,...} with index sets:
    Dimension 1, [(15, 30), (15, 29), (15, 23), (15, 3), (14, 28), (14, 27), (14, 10), (14, 24), (13, 26), (13, 25)  …  (3, 6), (3, 5), (3, 29), (2, 4), (2, 3), (2, 1), (2, 5), (1, 2), (1, 1), (1, 14)]
And data, a 53-element Vector{Float64}:
 2.0
 0.4099571706354675
 0.0
 1.0
 0.5544623693072644
 0.8460637737010391
 0.0
 0.0
 2.0
 1.0
 0.0
 1.4158164259058852
 1.0
 0.5841835740941148
 2.0
 0.0
 0.0
 0.0
 0.5841835740941147
 0.0
 0.0
 2.0
 1.0
 0.0
 0.0
 0.0
 4.817471169022579
 3.1825288309774202
 0.0
 0.0
 0.750612107628213
 0.8032004770160515
 1.4461874153557355
 2.0
 6.0
 0.0
 2.0
 1.0
 0.0
 0.0
 0.0
 0.0
 0.0
 0.9941407447295827
 5.0
 2.0058592552704178
 2.0
 0.0
 0.0
 1.0
 2.0
 0.0
 0.0
q_opt: 1-dimensional DenseAxisArray{Float64,1,...} with index sets:
    Dimension 1, [(43, 15), (43, 14), (44, 15), (44, 13), (44, 3), (40, 14), (40, 2), (41, 14), (42, 6), (37, 13)  …  (4, 13), (5, 2), (5, 7), (5, 9), (6, 11), (1, 1), (1, 6), (1, 3), (2, 1), (2, 15)]
And data, a 71-element Vector{Float64}:
 0.0
 0.0
 0.0
 0.7617338934320412
 0.37844775569889605
 1.0
 0.0
 0.0
 0.3305412162209507
 0.23826610656795874
 0.0
 1.0
 0.0
 0.0
 0.0
 0.0
 0.0
 0.0
 0.9552880403790802
 0.0
 1.0
 0.0
 1.0
 0.3283707308576701
 0.2518609759283737
 0.0
 0.04471195962091981
 0.0
 1.0
 1.0
 0.8103358230193156
 0.0
 0.0
 0.0
 0.0
 0.0
 0.0
 0.0
 0.18966417698068438
 0.23569986797443612
 0.0
 0.0
 1.0
 0.0
 0.0
 0.6716292691423299
 0.0
 1.0
 0.0
 0.0
 0.0
 0.0
 0.0
 0.0
 0.0
 0.0
 0.0
 0.6215522443011039
 0.0
 0.0
 0.0
 0.0
 0.0
 0.0
 0.0
 0.0
 0.0
 0.41759780785067563
 0.0
 0.0
 0.7643001320255638
