
PROBLEM STATISTICS
  Objective sense = Min
  # Variables = 572
  # Bin-Int Variables = 0
  # Constraints = 621
  # NL Constraints = 261
  # Linear Constraints = 360
  # Detected convex constraints = 0
  # Detected nonlinear terms = 261
  # Variables involved in nonlinear terms = 124
  # Potential variables for partitioning = 124
SUB-SOLVERS USED BY ALPINE
  NLP local solver = Knitro
  MIP solver = Gurobi
ALPINE CONFIGURATION
  Maximum iterations (lower-bounding MIPs) =  1
  Relative global optimality gap = 0.01%
  Potential variables chosen for partitioning = All
  Discretization ratio = 10
  Bound-tightening presolve = false
PRESOLVE 
  Doing local search

Feasible solution found during presolve: [1.1676635492618601, 0.0, 0.0, 0.8323364507381399, 0.0, 0.0, 0.0, 0.0, 0.0, 0.0, 0.0, 0.0, 0.0, 0.0, 0.0, 0.0, 1.8086476872686206, 0.0, 0.0, 1.1913523127313794, 0.0, 0.0, 0.0, 0.0, 0.0, 0.0, 0.0, 0.0, 0.0, 2.6701983000136575, 1.7721288966046795, 0.0, 0.0, 0.0, 0.0, 0.0, 0.0, 0.0, 0.0, 0.0, 0.0, 2.1384493872549633, 1.4192234161266999, 0.0, 0.0, 0.0, 0.0, 0.0, 0.0, 1.0156900880114994, 0.6818727712272012, 0.0, 0.0, 0.0, 0.0, 0.0, 0.0, 0.0, 0.0, 2.0, 1.0, 0.0, 0.0, 0.0, 0.0, 0.0, 0.0, 0.0, 0.0, 0.0, 0.0, 0.09231822823405395, 0.27695468470216184, 0.0, 0.7499999999999998, 2.2499999999999996, 0.0, 0.47896829702906446, 1.4369048910871933, 0.0, 0.0, 0.0, 0.0, 0.0, 0.0, 0.0, 0.0, 0.0, 0.0, 0.0, 0.0, 0.0, 0.6787134747368819, 2.036140424210646, 0.0, 0.0, 0.0, 0.0, 0.0, 0.0, 0.0, 0.802258685771921, 0.9223043686012776, 1.2754369456268013, 0.0, 0.0, 0.0, 0.0, 0.0, 0.0, 0.0, 0.0, 0.0, 0.0, 0.0, 0.0, 0.0, 0.0, 4.58668717641892, 2.665752728465209, 0.0, 0.0, 0.0, 0.4727821735635961, 0.2747779215522761, 0.0, 0.0, 0.0, 0.0, 0.0, 0.0, 0.0, 0.0, 0.0, 0.0, 0.0, 0.0, 0.0, 0.0, 0.0, 0.0, 0.0, 0.0, 0.0, 0.0, 0.0, 0.0, 0.0, 0.19435902036336736, 0.0, 0.0, 0.0, 0.0, 0.7227512079224949, 0.36137560396124746, 0.0, 0.0, 1.277248792077505, 0.6386243960387525, 0.0, 0.0, 0.0, 0.0, 0.0, 0.0, 0.0, 0.0, 0.0, 0.0, 0.0, 0.0, 0.0, 0.0, 2.0, 0.0, 0.0, 0.0, 0.6699846264492026, 0.0, 0.0, 0.0, 0.0, 0.0, 0.0, 0.0, 0.0, 0.0, 0.0, 0.0, 0.0, 0.0, 0.0, 0.0, 0.0, 1.3300153735507974, 1.0, 0.6699846264492028, 0.0, 0.0, 0.0, 0.0, 0.0, 0.0, 0.0, 0.0, 0.0, 1.586832567360957, 0.7934162836804787, 0.0, 0.0, 0.0, 0.0, 0.0, 0.0, 0.0, 0.413167432639043, 0.20658371631952152, 0.0, 0.0, 0.0, 0.0, 0.0, 0.0, 0.0, 0.0, 0.4067504982014586, 0.6342035300666071, 0.0, 0.0, 0.0, 0.0, 0.0, 0.0, 0.0, 0.0, 0.0, 0.0, 0.0, 0.0, 0.0, 0.0, 0.0, 0.0, 0.0, 0.0, 0.0, 0.0, 0.0, 0.0, 0.0, 0.0, 0.0, 0.0, 0.0, 0.0, 0.0, 0.0, 2.0, 2.1386630608194186, 0.0, 1.0, 0.0, 0.0, 0.0, 2.3802488510414355, 4.442327196618336, 1.0409540282680658, 0.0, 0.0, 0.36927291293621584, 0.0, 0.0, 3.0, 0.0, 0.0, 3.0, 0.0, 0.0, 0.0, 7.25243990488413, 0.0, 0.0, 0.0, 3.0, 1.0841268118837424, 1.9158731881162578, 0.0, 0.7475600951158722, 0.0, 2.669984626449203, 0.19435902036336736, 1.1676635492618601, 0.6197511489585645, 0.0, 0.0, 0.0, 0.0, 0.0, 0.0, 0.8323364507381399, 0.0, 0.0, 0.0, 3.0, 0.0, 0.0, 1.9158731881162576, 0.0, 3.0, 0.0, 0.0, 0.0, 0.0, 0.0, 0.0, 1.6975628592387006, 0.0, 0.0, 0.0, 0.0, 0.0, 0.0, 0.0, 0.0, 0.0, 0.0, 0.0, 0.0, 2.7148538989475277, 3.5576728033816623, 0.0, 5.138663060819419, 2.0, 2.1386630608194186, 0.0, 1.0, 0.4067504982014586, 0.6342035300666071, 0.0, 0.0, 2.0, 1.0, 0.0, 1.3300153735507974, 1.0, 0.6699846264492028, 2.0, 0.0, 0.0, 0.0, 0.6699846264492026, 0.0, 0.0, 2.0, 1.0, 0.0, 0.19435902036336736, 0.0, 5.059469349982515, 2.940530650017485, 0.0, 0.0, 0.802258685771921, 0.9223043686012776, 1.2754369456268013, 2.0, 6.0, 0.0, 2.0, 1.0, 0.0, 0.0, 1.0156900880114994, 0.6818727712272012, 0.0, 0.0, 4.80864768726862, 3.1913523127313788, 1.8086476872686206, 0.0, 0.0, 1.1913523127313794, 2.0, 0.0, 0.0, 0.0, 0.0, 1.2524399048841297, 0.0, 0.0, 0.0, 1.5932495017985413, 0.0, 0.0, 0.0, 0.0, 0.0, 0.0, 0.0, 0.0, 0.0, 0.0, 0.0, 0.0, 0.0, 3.0, 0.0, 0.0, 0.0, 0.0, 0.0, 0.0, 2.0, 0.0, 0.0, 0.0, 0.0, 0.0, 0.0, 0.0, 0.0, 0.0, 0.0, 0.0, 0.0, 0.0, 0.0, 0.0, 0.7475600951158691, 0.0, 0.0, 0.0, 0.0, 0.0, 0.0, 0.0, 0.0, 0.0, 0.0, 0.0, 0.33001537355079696, 0.0, 0.9405306500174855, 0.07769563139872233, 2.0, 0.0, 0.0, 0.0, 0.0, 6.0, 0.0, 0.0, 0.0, 0.0, 0.8056409796366326, 0.0, 0.0, 0.0, 0.0, 0.0, 0.0, 0.3657964699333928, 0.9843099119885006, 0.0, 0.0, 0.0, 0.0, 0.0, 0.0, 0.0, 0.0, 0.0, 0.0, 0.0, 0.0, 0.0, 0.0, 0.0, 0.0, 0.0, 0.0, 0.0, 0.0, 0.0, 0.0, 0.0, 0.0, 0.0, 0.0, 0.0, 1.194831070930467, 0.0, 0.0, 0.19135231273137943, 0.0, 0.0029102432976121106, 0.0, 0.0, 1.7245630543731985, 0.0, 0.0, 0.0, 0.0, 0.0, 0.7934162836804785, 0.555290899577292, 1.0, 0.0, 0.0, 0.04615911411702697, 0.0, 0.0, 1.0, 0.0, 0.0, 0.3749999999999999, 0.0, 0.0, 0.0, 0.906554988110516, 0.0, 0.0, 0.0, 1.0, 0.36137560396124746, 0.23948414851453223, 0.0, 0.09344501188948402, 0.0, 1.0, 1.0, 0.5838317746309301, 0.2065837163195215, 0.0, 0.0, 0.0, 0.0, 0.0, 0.0, 0.41616822536906994, 0.0, 0.0, 0.0, 1.0, 0.0, 0.0, 0.6386243960387525, 0.0, 1.0, 0.0, 0.0, 0.0, 0.0, 0.0, 0.0, 1.0, 0.0, 0.0, 0.0, 0.0, 0.0, 0.0, 0.0, 0.0, 0.0, 0.0, 0.0, 0.0, 0.33935673736844096, 0.44470910042270795, 0.0, 1.0]  :with objective: -621.983189873594

  Local solver returns a feasible point with value -621.9832
disc:  333  :[0.0, 1.8, 2.0]
disc:  334  :[0.0, 1.5386630608194185, 2.7386630608194187, 6.0]
disc:  335  :[0.0, 0.1, 1.0]
disc:  336  :[0.0, 0.9, 1.0]
disc:  337  :[0.0, 0.20675049820145858, 0.6067504982014587, 2.0]
disc:  338  :[0.0, 0.5342035300666071, 0.7342035300666071, 1.0]
disc:  339  :[0.0, 0.2, 2.0]
disc:  340  :[0.0, 0.2, 2.0]
disc:  341  :[0.0, 1.8, 2.0]
disc:  342  :[0.0, 0.9, 1.0]
disc:  343  :[0.0, 0.2, 2.0]
disc:  344  :[0.0, 1.1300153735507974, 1.5300153735507973, 2.0]
disc:  345  :[0.0, 0.9, 1.0]
disc:  346  :[0.0, 0.36998462644920277, 0.9699846264492027, 3.0]
disc:  347  :[0.0, 1.8, 2.0]
disc:  348  :[0.0, 0.6, 6.0]
disc:  349  :[0.0, 0.2, 2.0]
disc:  350  :[0.0, 0.1, 1.0]
disc:  351  :[0.0, 0.46998462644920264, 0.8699846264492026, 2.0]
disc:  352  :[0.0, 0.6, 6.0]
disc:  353  :[0.0, 0.1, 1.0]
disc:  354  :[0.0, 1.8, 2.0]
disc:  355  :[0.0, 0.9, 1.0]
disc:  356  :[0.0, 0.2, 2.0]
disc:  357  :[0.0, 0.09435902036336735, 0.29435902036336736, 1.0]
disc:  358  :[0.0, 0.2, 2.0]
disc:  359  :[0.0, 4.459469349982515, 5.659469349982515, 6.0]
disc:  360  :[0.0, 2.340530650017485, 3.540530650017485, 6.0]
disc:  361  :[0.0, 0.2, 2.0]
disc:  362  :[0.0, 0.1, 1.0]
disc:  363  :[0.0, 0.602258685771921, 1.0022586857719211, 2.0]
disc:  364  :[0.0, 0.8223043686012776, 1.0]
disc:  365  :[0.0, 0.9754369456268013, 1.5754369456268014, 3.0]
disc:  366  :[0.0, 1.8, 2.0]
disc:  367  :[0.0, 5.4, 6.0]
disc:  368  :[0.0, 0.2, 2.0]
disc:  369  :[0.0, 1.8, 2.0]
disc:  370  :[0.0, 0.9, 1.0]
disc:  371  :[0.0, 0.2, 2.0]
disc:  372  :[0.0, 0.2, 2.0]
disc:  373  :[0.0, 0.8156900880114994, 1.2156900880114994, 2.0]
disc:  374  :[0.0, 0.08187277122720127, 1.2818727712272011, 6.0]
disc:  375  :[0.0, 0.2, 2.0]
disc:  376  :[0.0, 0.2, 2.0]
disc:  377  :[0.0, 4.208647687268621, 5.40864768726862, 6.0]
disc:  378  :[0.0, 2.5913523127313787, 3.791352312731379, 6.0]
disc:  379  :[0.0, 1.6086476872686206, 2.0]
disc:  380  :[0.0, 0.1, 1.0]
disc:  381  :[0.0, 0.3, 3.0]
disc:  382  :[0.0, 0.8913523127313794, 1.4913523127313795, 3.0]
disc:  383  :[0.0, 1.8, 2.0]
disc:  384  :[0.0, 0.6, 6.0]
disc:  385  :[0.0, 0.2, 2.0]
disc:  502  :[0.0, 0.1, 1.0]
disc:  503  :[0.0, 0.1, 1.0]
disc:  504  :[0.0, 0.1, 1.0]
disc:  505  :[0.0, 0.6934162836804785, 0.8934162836804784, 1.0]
disc:  506  :[0.0, 0.4552908995772921, 0.655290899577292, 1.0]
disc:  507  :[0.0, 0.9, 1.0]
disc:  508  :[0.0, 0.1, 1.0]
disc:  509  :[0.0, 0.1, 1.0]
disc:  510  :[0.0, 0.14615911411702698, 1.0]
disc:  511  :[0.0, 0.1, 1.0]
disc:  512  :[0.0, 0.1, 1.0]
disc:  513  :[0.0, 0.9, 1.0]
disc:  514  :[0.0, 0.1, 1.0]
disc:  515  :[0.0, 0.1, 1.0]
disc:  516  :[0.0, 0.2749999999999999, 0.47499999999999987, 1.0]
disc:  517  :[0.0, 0.1, 1.0]
disc:  518  :[0.0, 0.1, 1.0]
disc:  519  :[0.0, 0.1, 1.0]
disc:  520  :[0.0, 0.8065549881105161, 1.0]
disc:  521  :[0.0, 0.1, 1.0]
disc:  522  :[0.0, 0.1, 1.0]
disc:  523  :[0.0, 0.1, 1.0]
disc:  524  :[0.0, 0.9, 1.0]
disc:  525  :[0.0, 0.2613756039612475, 0.46137560396124744, 1.0]
disc:  526  :[0.0, 0.13948414851453222, 0.33948414851453224, 1.0]
disc:  527  :[0.0, 0.1, 1.0]
disc:  528  :[0.0, 0.19344501188948404, 1.0]
disc:  529  :[0.0, 0.1, 1.0]
disc:  530  :[0.0, 0.9, 1.0]
disc:  531  :[0.0, 0.9, 1.0]
disc:  532  :[0.0, 0.4838317746309301, 0.68383177463093, 1.0]
disc:  533  :[0.0, 0.10658371631952149, 0.3065837163195215, 1.0]
disc:  534  :[0.0, 0.1, 1.0]
disc:  535  :[0.0, 0.1, 1.0]
disc:  536  :[0.0, 0.1, 1.0]
disc:  537  :[0.0, 0.1, 1.0]
disc:  538  :[0.0, 0.1, 1.0]
disc:  539  :[0.0, 0.1, 1.0]
disc:  540  :[0.0, 0.31616822536906997, 0.5161682253690699, 1.0]
disc:  541  :[0.0, 0.1, 1.0]
disc:  542  :[0.0, 0.1, 1.0]
disc:  543  :[0.0, 0.1, 1.0]
disc:  544  :[0.0, 0.9, 1.0]
disc:  545  :[0.0, 0.1, 1.0]
disc:  546  :[0.0, 0.1, 1.0]
disc:  547  :[0.0, 0.5386243960387526, 0.7386243960387525, 1.0]
disc:  548  :[0.0, 0.1, 1.0]
disc:  549  :[0.0, 0.9, 1.0]
disc:  550  :[0.0, 0.1, 1.0]
disc:  551  :[0.0, 0.1, 1.0]
disc:  552  :[0.0, 0.1, 1.0]
disc:  553  :[0.0, 0.1, 1.0]
disc:  554  :[0.0, 0.1, 1.0]
disc:  555  :[0.0, 0.1, 1.0]
disc:  556  :[0.0, 0.9, 1.0]
disc:  557  :[0.0, 0.1, 1.0]
disc:  558  :[0.0, 0.1, 1.0]
disc:  559  :[0.0, 0.1, 1.0]
disc:  560  :[0.0, 0.1, 1.0]
disc:  561  :[0.0, 0.1, 1.0]
disc:  562  :[0.0, 0.1, 1.0]
disc:  563  :[0.0, 0.1, 1.0]
disc:  564  :[0.0, 0.1, 1.0]
disc:  565  :[0.0, 0.1, 1.0]
disc:  566  :[0.0, 0.1, 1.0]
disc:  567  :[0.0, 0.1, 1.0]
disc:  568  :[0.0, 0.1, 1.0]
disc:  569  :[0.0, 0.23935673736844096, 0.43935673736844094, 1.0]
disc:  570  :[0.0, 0.34470910042270797, 0.5447091004227079, 1.0]
disc:  571  :[0.0, 0.1, 1.0]
disc:  572  :[0.0, 0.9, 1.0]
  Completed presolve in 7.64s
LOWER-BOUNDING ITERATIONS
====================================================================================================
| Iter   | Incumbent       | Best Incumbent      | Lower Bound        | Gap (%)         | Time      
| finish | -621.9832       | -621.9832           | -627.9084          | 0.953           | 17.86s           
Final UBD: -621.983189873594
Final LBD: -627.9084099796148
====================================================================================================

*** Alpine ended with status OTHER_LIMIT ***

 Total time for local solves: 5.46s

 Total time for solving max-min problems: 0.0s

 Total time excluding max-min time: 17.86s

presolve objective value: -621.983189873594
w_opt: 1-dimensional DenseAxisArray{Float64,1,...} with index sets:
    Dimension 1, [(25, 1, 2), (25, 1, 1), (25, 1, 14), (20, 1, 2), (20, 1, 1), (20, 1, 14), (1, 1, 2), (1, 1, 1), (1, 1, 14), (2, 1, 2)  …  (20, 15, 23), (20, 15, 3), (8, 15, 30), (8, 15, 29), (8, 15, 23), (8, 15, 3), (2, 15, 30), (2, 15, 29), (2, 15, 23), (2, 15, 3)]
And data, a 261-element Vector{Float64}:
 1.1676635492618601
 0.0
 0.0
 0.8323364507381399
 0.0
 0.0
 0.0
 0.0
 0.0
 0.0
 0.0
 0.0
 0.0
 0.0
 0.0
 0.0
 1.8086476872686206
 0.0
 0.0
 1.1913523127313794
 0.0
 0.0
 0.0
 0.0
 0.0
 0.0
 0.0
 0.0
 0.0
 2.6701983000136575
 1.7721288966046795
 0.0
 0.0
 0.0
 0.0
 0.0
 0.0
 0.0
 0.0
 0.0
 0.0
 2.1384493872549633
 1.4192234161266999
 0.0
 0.0
 0.0
 0.0
 0.0
 0.0
 1.0156900880114994
 0.6818727712272012
 0.0
 0.0
 0.0
 0.0
 0.0
 0.0
 0.0
 0.0
 2.0
 1.0
 0.0
 0.0
 0.0
 0.0
 0.0
 0.0
 0.0
 0.0
 0.0
 0.0
 0.09231822823405395
 0.27695468470216184
 0.0
 0.7499999999999998
 2.2499999999999996
 0.0
 0.47896829702906446
 1.4369048910871933
 0.0
 0.0
 0.0
 0.0
 0.0
 0.0
 0.0
 0.0
 0.0
 0.0
 0.0
 0.0
 0.0
 0.6787134747368819
 2.036140424210646
 0.0
 0.0
 0.0
 0.0
 0.0
 0.0
 0.0
 0.802258685771921
 0.9223043686012776
 1.2754369456268013
 0.0
 0.0
 0.0
 0.0
 0.0
 0.0
 0.0
 0.0
 0.0
 0.0
 0.0
 0.0
 0.0
 0.0
 4.58668717641892
 2.665752728465209
 0.0
 0.0
 0.0
 0.4727821735635961
 0.2747779215522761
 0.0
 0.0
 0.0
 0.0
 0.0
 0.0
 0.0
 0.0
 0.0
 0.0
 0.0
 0.0
 0.0
 0.0
 0.0
 0.0
 0.0
 0.0
 0.0
 0.0
 0.0
 0.0
 0.0
 0.19435902036336736
 0.0
 0.0
 0.0
 0.0
 0.7227512079224949
 0.36137560396124746
 0.0
 0.0
 1.277248792077505
 0.6386243960387525
 0.0
 0.0
 0.0
 0.0
 0.0
 0.0
 0.0
 0.0
 0.0
 0.0
 0.0
 0.0
 0.0
 0.0
 2.0
 0.0
 0.0
 0.0
 0.6699846264492026
 0.0
 0.0
 0.0
 0.0
 0.0
 0.0
 0.0
 0.0
 0.0
 0.0
 0.0
 0.0
 0.0
 0.0
 0.0
 0.0
 1.3300153735507974
 1.0
 0.6699846264492028
 0.0
 0.0
 0.0
 0.0
 0.0
 0.0
 0.0
 0.0
 0.0
 1.586832567360957
 0.7934162836804787
 0.0
 0.0
 0.0
 0.0
 0.0
 0.0
 0.0
 0.413167432639043
 0.20658371631952152
 0.0
 0.0
 0.0
 0.0
 0.0
 0.0
 0.0
 0.0
 0.4067504982014586
 0.6342035300666071
 0.0
 0.0
 0.0
 0.0
 0.0
 0.0
 0.0
 0.0
 0.0
 0.0
 0.0
 0.0
 0.0
 0.0
 0.0
 0.0
 0.0
 0.0
 0.0
 0.0
 0.0
 0.0
 0.0
 0.0
 0.0
 0.0
 0.0
 0.0
 0.0
 0.0
 2.0
 2.1386630608194186
 0.0
 1.0
x_ij_opt: 1-dimensional DenseAxisArray{Float64,1,...} with index sets:
    Dimension 1, [(43, 30), (43, 22), (43, 6), (44, 22), (45, 30), (45, 29), (45, 28), (45, 24), (45, 23), (40, 29)  …  (5, 7), (5, 14), (6, 4), (6, 3), (1, 14), (1, 10), (1, 23), (1, 1), (3, 2), (3, 1)]
And data, a 116-element Vector{Float64}:
 0.0
 0.0
 1.2524399048841297
 0.0
 0.0
 0.0
 1.5932495017985413
 0.0
 0.0
 0.0
 0.0
 0.0
 0.0
 0.0
 0.0
 0.0
 0.0
 0.0
 0.0
 0.0
 3.0
 0.0
 0.0
 0.0
 0.0
 0.0
 0.0
 2.0
 0.0
 0.0
 0.0
 0.0
 0.0
 0.0
 0.0
 0.0
 0.0
 0.0
 0.0
 0.0
 0.0
 0.0
 0.0
 0.7475600951158691
 0.0
 0.0
 0.0
 0.0
 0.0
 0.0
 0.0
 0.0
 0.0
 0.0
 0.0
 0.33001537355079696
 0.0
 0.9405306500174855
 0.07769563139872233
 2.0
 0.0
 0.0
 0.0
 0.0
 6.0
 0.0
 0.0
 0.0
 0.0
 0.8056409796366326
 0.0
 0.0
 0.0
 0.0
 0.0
 0.0
 0.3657964699333928
 0.9843099119885006
 0.0
 0.0
 0.0
 0.0
 0.0
 0.0
 0.0
 0.0
 0.0
 0.0
 0.0
 0.0
 0.0
 0.0
 0.0
 0.0
 0.0
 0.0
 0.0
 0.0
 0.0
 0.0
 0.0
 0.0
 0.0
 0.0
 0.0
 1.194831070930467
 0.0
 0.0
 0.19135231273137943
 0.0
 0.0029102432976121106
 0.0
 0.0
 1.7245630543731985
 0.0
 0.0
x_il_opt: 1-dimensional DenseAxisArray{Float64,1,...} with index sets:
    Dimension 1, [(43, 15), (43, 14), (44, 15), (44, 13), (44, 3), (40, 14), (40, 2), (41, 14), (42, 6), (37, 13)  …  (4, 13), (5, 2), (5, 7), (5, 9), (6, 11), (1, 1), (1, 6), (1, 3), (2, 1), (2, 15)]
And data, a 71-element Vector{Float64}:
 0.0
 0.0
 0.0
 2.3802488510414355
 4.442327196618336
 1.0409540282680658
 0.0
 0.0
 0.36927291293621584
 0.0
 0.0
 3.0
 0.0
 0.0
 3.0
 0.0
 0.0
 0.0
 7.25243990488413
 0.0
 0.0
 0.0
 3.0
 1.0841268118837424
 1.9158731881162578
 0.0
 0.7475600951158722
 0.0
 2.669984626449203
 0.19435902036336736
 1.1676635492618601
 0.6197511489585645
 0.0
 0.0
 0.0
 0.0
 0.0
 0.0
 0.8323364507381399
 0.0
 0.0
 0.0
 3.0
 0.0
 0.0
 1.9158731881162576
 0.0
 3.0
 0.0
 0.0
 0.0
 0.0
 0.0
 0.0
 1.6975628592387006
 0.0
 0.0
 0.0
 0.0
 0.0
 0.0
 0.0
 0.0
 0.0
 0.0
 0.0
 0.0
 2.7148538989475277
 3.5576728033816623
 0.0
 5.138663060819419
x_lj_opt: 1-dimensional DenseAxisArray{Float64,1,...} with index sets:
    Dimension 1, [(15, 30), (15, 29), (15, 23), (15, 3), (14, 28), (14, 27), (14, 10), (14, 24), (13, 26), (13, 25)  …  (3, 6), (3, 5), (3, 29), (2, 4), (2, 3), (2, 1), (2, 5), (1, 2), (1, 1), (1, 14)]
And data, a 53-element Vector{Float64}:
 2.0
 2.1386630608194186
 0.0
 1.0
 0.4067504982014586
 0.6342035300666071
 0.0
 0.0
 2.0
 1.0
 0.0
 1.3300153735507974
 1.0
 0.6699846264492028
 2.0
 0.0
 0.0
 0.0
 0.6699846264492026
 0.0
 0.0
 2.0
 1.0
 0.0
 0.19435902036336736
 0.0
 5.059469349982515
 2.940530650017485
 0.0
 0.0
 0.802258685771921
 0.9223043686012776
 1.2754369456268013
 2.0
 6.0
 0.0
 2.0
 1.0
 0.0
 0.0
 1.0156900880114994
 0.6818727712272012
 0.0
 0.0
 4.80864768726862
 3.1913523127313788
 1.8086476872686206
 0.0
 0.0
 1.1913523127313794
 2.0
 0.0
 0.0
q_opt: 1-dimensional DenseAxisArray{Float64,1,...} with index sets:
    Dimension 1, [(43, 15), (43, 14), (44, 15), (44, 13), (44, 3), (40, 14), (40, 2), (41, 14), (42, 6), (37, 13)  …  (4, 13), (5, 2), (5, 7), (5, 9), (6, 11), (1, 1), (1, 6), (1, 3), (2, 1), (2, 15)]
And data, a 71-element Vector{Float64}:
 0.0
 0.0
 0.0
 0.7934162836804785
 0.555290899577292
 1.0
 0.0
 0.0
 0.04615911411702697
 0.0
 0.0
 1.0
 0.0
 0.0
 0.3749999999999999
 0.0
 0.0
 0.0
 0.906554988110516
 0.0
 0.0
 0.0
 1.0
 0.36137560396124746
 0.23948414851453223
 0.0
 0.09344501188948402
 0.0
 1.0
 1.0
 0.5838317746309301
 0.2065837163195215
 0.0
 0.0
 0.0
 0.0
 0.0
 0.0
 0.41616822536906994
 0.0
 0.0
 0.0
 1.0
 0.0
 0.0
 0.6386243960387525
 0.0
 1.0
 0.0
 0.0
 0.0
 0.0
 0.0
 0.0
 1.0
 0.0
 0.0
 0.0
 0.0
 0.0
 0.0
 0.0
 0.0
 0.0
 0.0
 0.0
 0.0
 0.33935673736844096
 0.44470910042270795
 0.0
 1.0
