
PROBLEM STATISTICS
  Objective sense = Min
  # Variables = 572
  # Bin-Int Variables = 0
  # Constraints = 621
  # NL Constraints = 261
  # Linear Constraints = 360
  # Detected convex constraints = 0
  # Detected nonlinear terms = 261
  # Variables involved in nonlinear terms = 124
  # Potential variables for partitioning = 124
SUB-SOLVERS USED BY ALPINE
  NLP local solver = Knitro
  MIP solver = Gurobi
ALPINE CONFIGURATION
  Maximum iterations (lower-bounding MIPs) =  1
  Relative global optimality gap = 0.01%
  Potential variables chosen for partitioning = All
  Discretization ratio = 10
  Bound-tightening presolve = false
PRESOLVE 
  Doing local search

Feasible solution found during presolve: [1.3792232865362035, 0.0, 0.0, 0.6207767134637965, 0.0, 0.0, 0.0, 0.0, 0.0, 0.0, 0.0, 0.0, 0.0, 0.0, 0.0, 0.0, 1.9210584835761202, 0.0, 0.0, 1.07894151642388, 0.0, 0.0, 0.0, 0.0, 0.0, 0.0, 0.0, 0.0, 0.0, 0.8592066011951707, 0.34591891359120813, 0.0, 0.0, 0.0, 0.0, 4.0618518823809495, 1.635312610921687, 0.0, 0.0, 0.0, 0.0, 0.0, 0.0, 0.0, 0.0, 0.0, 0.0, 0.0, 0.0, 1.3302074524891525, 1.1664843664189084, 0.07894151642387987, 0.0, 0.0, 0.0, 0.0, 0.0, 0.0, 0.0, 2.0, 1.0, 0.0, 0.0, 0.0, 0.0, 0.0, 0.0, 0.0, 0.0, 0.0, 0.0, 0.09053477530992425, 0.2716043259297728, 0.0, 0.75, 2.25, 0.0, 0.4528128772147805, 1.3584386316443413, 0.0, 0.0, 0.0, 0.0, 0.0, 0.0, 0.0, 0.0, 0.0, 0.0, 0.0, 0.0, 0.0, 0.7066523474752953, 2.119957042425886, 0.0, 0.0, 0.0, 0.0, 0.0, 0.0, 0.0, 1.2024452684293334, 0.8786149655175683, 0.9189397660530984, 0.0, 0.0, 0.0, 0.0, 0.0, 0.0, 0.0, 0.0, 0.0, 0.0, 0.0, 0.0, 0.0, 0.0, 2.812880200636647, 2.1871197993633538, 0.0, 0.0, 0.0, 1.687728120381988, 1.312271879618012, 0.0, 0.0, 0.0, 0.0, 0.0, 0.0, 0.0, 0.0, 0.0, 0.0, 0.0, 0.0, 0.0, 0.0, 0.0, 0.0, 0.0, 0.0, 0.0, 0.0, 0.0, 0.0, 0.0, 0.0, 0.0, 0.0, 0.0, 0.0, 0.7924989940939187, 0.3962494970469594, 0.0, 0.0, 1.2075010059060816, 0.6037505029530411, 0.0, 0.0, 0.0, 0.0, 0.0, 0.0, 0.0, 0.0, 0.0, 0.0, 0.0, 0.0, 0.0, 0.0, 1.0, 0.0, 0.0, 0.0, 2.0, 0.0, 0.0, 0.0, 0.0, 0.0, 0.0, 0.0, 0.0, 0.0, 0.0, 0.0, 0.0, 0.0, 0.0, 0.0, 0.0, 0.0, 0.0, 0.0, 0.0, 0.0, 0.0, 0.0, 0.0, 0.0, 0.0, 0.0, 0.0, 1.4597688194605258, 0.7298844097302631, 0.0, 0.540231180539474, 0.2701155902697371, 0.0, 0.0, 0.0, 0.0, 0.0, 0.0, 0.0, 0.0, 0.0, 0.0, 0.0, 0.0, 0.0, 0.0, 0.4943368136763472, 0.5578157352968824, 0.0, 0.0, 0.0, 0.0, 0.0, 0.0, 0.0, 0.0, 0.0, 0.0, 0.0, 0.0, 0.0, 0.0, 0.0, 0.0, 0.0, 0.0, 0.0, 0.0, 0.0, 0.0, 0.0, 0.0, 0.0, 0.0, 0.0, 0.0, 0.0, 0.0, 1.2164742689167813, 4.018768475487105, 0.0, 0.9178281372141409, 0.0, 0.0, 0.0, 2.189653229190789, 1.2051255147863786, 1.0521525489732295, 0.0, 0.0, 0.362139101239697, 0.810346770809211, 0.0, 0.0, 0.0, 0.0, 3.0, 0.0, 0.0, 0.0, 5.0, 0.0, 0.0, 0.0, 3.0, 1.188748491140878, 1.811251508859122, 0.0, 3.0, 0.0, 3.0, 0.0, 1.3792232865362035, 0.0, 0.0, 0.0, 0.0, 0.0, 0.0, 0.0, 0.6207767134637965, 0.0, 0.0, 0.0, 3.0, 0.0, 0.0, 1.8112515088591228, 0.0, 3.0, 0.0, 0.0, 0.0, 0.0, 0.0, 0.0, 2.575633335331941, 0.0, 0.0, 5.697164493302636, 0.0, 0.0, 0.0, 0.0, 0.0, 0.0, 0.0, 0.0, 0.0, 2.826609389901181, 0.0, 0.0, 6.153070881618027, 1.2164742689167813, 4.018768475487105, 0.0, 0.9178281372141409, 0.4943368136763472, 0.5578157352968824, 0.0, 0.0, 2.0, 1.0, 0.0, 0.0, 0.0, 0.0, 1.0, 0.0, 0.0, 0.0, 2.0, 0.0, 0.0, 2.0, 1.0, 0.0, 0.0, 0.0, 4.5006083210186345, 3.499391678981365, 0.0, 0.0, 1.2024452684293334, 0.8786149655175683, 0.9189397660530984, 2.0, 6.0, 0.0, 2.0, 1.0, 0.0, 0.0, 1.3302074524891527, 1.1664843664189084, 0.07894151642387987, 0.0, 4.92105848357612, 1.9812315245128949, 1.9210584835761202, 0.0, 0.0, 1.07894151642388, 2.0, 0.0, 0.0, 0.0, 0.9999999999999999, 1.4683079671142345, 0.0, 0.7835257310832187, 0.0, 1.505663186323653, 0.0, 0.0, 0.0, 0.0, 0.0, 0.0, 0.0, 0.0, 0.0, 0.0, 0.0, 0.23007432132346645, 0.0, 0.0, 0.0, 0.0, 0.0, 0.0, 0.0, 0.0, 2.0, 0.0, 0.0, 0.0, 0.0, 0.0, 0.0, 0.0, 0.0, 0.0, 0.0, 0.0, 0.0, 0.0, 0.0, 0.0, 0.5316920328857654, 0.0, 0.0, 0.0, 0.0, 0.0, 0.0, 0.0, 0.0, 0.0, 0.0, 0.0, 0.0, 0.0, 1.499391678981365, 0.12138503448243164, 2.0, 0.0, 0.0, 0.0, 0.0, 6.0, 0.0, 0.0, 0.0, 0.0, 0.7699256786765336, 0.0, 0.0, 0.0, 0.0, 0.0, 0.0, 0.44218426470311756, 0.6697925475108476, 0.0, 0.0, 0.0, 0.0, 0.0, 0.0, 0.0, 0.0, 0.0, 0.0, 0.0, 0.0, 0.0, 0.0, 1.334123954599727, 0.0, 0.0, 0.0, 0.0, 0.0, 0.0, 0.08217186278585913, 0.0, 0.0, 0.0, 0.0, 0.0, 0.7052243554187494, 0.0, 0.0, 0.0, 0.0, 0.09233037615191712, 0.0, 0.0, 5.081060233946902, 0.0, 0.0, 0.0, 0.0, 0.0, 0.7298844097302629, 0.17459792523554554, 1.0, 0.0, 0.0, 0.045267387654962125, 0.270115590269737, 0.0, 0.0, 0.0, 0.0, 0.375, 0.0, 0.0, 0.0, 0.6250000000000001, 0.0, 0.0, 0.0, 1.0, 0.39624949704695933, 0.22640643860739024, 0.0, 0.375, 0.0, 1.0, 1.0, 0.6896116432681018, 0.0, 0.0, 1.0, 0.0, 0.0, 0.0, 0.0, 0.31038835673189824, 0.0, 0.0, 0.0, 1.0, 0.0, 0.0, 0.6037505029530408, 0.0, 1.0, 0.0, 0.0, 0.0, 0.0, 0.0, 0.0, 1.0, 0.0, 0.0, 0.8254020747644545, 0.0, 0.0, 0.0, 0.0, 0.0, 0.0, 0.0, 0.0, 0.0, 0.35332617373764763, 0.0, 0.0, 1.0]  :with objective: -599.242369495647

  Local solver returns a feasible point with value -599.2424
disc:  333  :[0.0, 1.0164742689167814, 1.4164742689167813, 2.0]
disc:  334  :[0.0, 3.4187684754871053, 4.618768475487105, 6.0]
disc:  335  :[0.0, 0.1, 1.0]
disc:  336  :[0.0, 0.8178281372141409, 1.0]
disc:  337  :[0.0, 0.2943368136763472, 0.6943368136763473, 2.0]
disc:  338  :[0.0, 0.45781573529688246, 0.6578157352968824, 1.0]
disc:  339  :[0.0, 0.2, 2.0]
disc:  340  :[0.0, 0.2, 2.0]
disc:  341  :[0.0, 1.8, 2.0]
disc:  342  :[0.0, 0.9, 1.0]
disc:  343  :[0.0, 0.2, 2.0]
disc:  344  :[0.0, 0.2, 2.0]
disc:  345  :[0.0, 0.1, 1.0]
disc:  346  :[0.0, 0.3, 3.0]
disc:  347  :[0.0, 0.8, 1.2, 2.0]
disc:  348  :[0.0, 0.6, 6.0]
disc:  349  :[0.0, 0.2, 2.0]
disc:  350  :[0.0, 0.1, 1.0]
disc:  351  :[0.0, 1.8, 2.0]
disc:  352  :[0.0, 0.6, 6.0]
disc:  353  :[0.0, 0.1, 1.0]
disc:  354  :[0.0, 1.8, 2.0]
disc:  355  :[0.0, 0.9, 1.0]
disc:  356  :[0.0, 0.2, 2.0]
disc:  357  :[0.0, 0.1, 1.0]
disc:  358  :[0.0, 0.2, 2.0]
disc:  359  :[0.0, 3.9006083210186344, 5.100608321018634, 6.0]
disc:  360  :[0.0, 2.899391678981365, 4.099391678981365, 6.0]
disc:  361  :[0.0, 0.2, 2.0]
disc:  362  :[0.0, 0.1, 1.0]
disc:  363  :[0.0, 1.0024452684293335, 1.4024452684293334, 2.0]
disc:  364  :[0.0, 0.7786149655175684, 0.9786149655175683, 1.0]
disc:  365  :[0.0, 0.6189397660530984, 1.2189397660530983, 3.0]
disc:  366  :[0.0, 1.8, 2.0]
disc:  367  :[0.0, 5.4, 6.0]
disc:  368  :[0.0, 0.2, 2.0]
disc:  369  :[0.0, 1.8, 2.0]
disc:  370  :[0.0, 0.9, 1.0]
disc:  371  :[0.0, 0.2, 2.0]
disc:  372  :[0.0, 0.2, 2.0]
disc:  373  :[0.0, 1.1302074524891528, 1.5302074524891527, 2.0]
disc:  374  :[0.0, 0.5664843664189084, 1.7664843664189083, 6.0]
disc:  375  :[0.0, 0.2789415164238799, 2.0]
disc:  376  :[0.0, 0.2, 2.0]
disc:  377  :[0.0, 4.32105848357612, 5.52105848357612, 6.0]
disc:  378  :[0.0, 1.381231524512895, 2.5812315245128947, 6.0]
disc:  379  :[0.0, 1.7210584835761202, 2.0]
disc:  380  :[0.0, 0.1, 1.0]
disc:  381  :[0.0, 0.3, 3.0]
disc:  382  :[0.0, 0.77894151642388, 1.37894151642388, 3.0]
disc:  383  :[0.0, 1.8, 2.0]
disc:  384  :[0.0, 0.6, 6.0]
disc:  385  :[0.0, 0.2, 2.0]
disc:  502  :[0.0, 0.1, 1.0]
disc:  503  :[0.0, 0.1, 1.0]
disc:  504  :[0.0, 0.1, 1.0]
disc:  505  :[0.0, 0.6298844097302629, 0.8298844097302629, 1.0]
disc:  506  :[0.0, 0.07459792523554554, 0.27459792523554555, 1.0]
disc:  507  :[0.0, 0.9, 1.0]
disc:  508  :[0.0, 0.1, 1.0]
disc:  509  :[0.0, 0.1, 1.0]
disc:  510  :[0.0, 0.14526738765496214, 1.0]
disc:  511  :[0.0, 0.17011559026973702, 0.37011559026973706, 1.0]
disc:  512  :[0.0, 0.1, 1.0]
disc:  513  :[0.0, 0.1, 1.0]
disc:  514  :[0.0, 0.1, 1.0]
disc:  515  :[0.0, 0.1, 1.0]
disc:  516  :[0.0, 0.275, 0.475, 1.0]
disc:  517  :[0.0, 0.1, 1.0]
disc:  518  :[0.0, 0.1, 1.0]
disc:  519  :[0.0, 0.1, 1.0]
disc:  520  :[0.0, 0.5250000000000001, 0.7250000000000001, 1.0]
disc:  521  :[0.0, 0.1, 1.0]
disc:  522  :[0.0, 0.1, 1.0]
disc:  523  :[0.0, 0.1, 1.0]
disc:  524  :[0.0, 0.9, 1.0]
disc:  525  :[0.0, 0.29624949704695935, 0.4962494970469593, 1.0]
disc:  526  :[0.0, 0.12640643860739023, 0.32640643860739027, 1.0]
disc:  527  :[0.0, 0.1, 1.0]
disc:  528  :[0.0, 0.275, 0.475, 1.0]
disc:  529  :[0.0, 0.1, 1.0]
disc:  530  :[0.0, 0.9, 1.0]
disc:  531  :[0.0, 0.9, 1.0]
disc:  532  :[0.0, 0.5896116432681018, 0.7896116432681017, 1.0]
disc:  533  :[0.0, 0.1, 1.0]
disc:  534  :[0.0, 0.1, 1.0]
disc:  535  :[0.0, 0.9, 1.0]
disc:  536  :[0.0, 0.1, 1.0]
disc:  537  :[0.0, 0.1, 1.0]
disc:  538  :[0.0, 0.1, 1.0]
disc:  539  :[0.0, 0.1, 1.0]
disc:  540  :[0.0, 0.21038835673189824, 0.4103883567318982, 1.0]
disc:  541  :[0.0, 0.1, 1.0]
disc:  542  :[0.0, 0.1, 1.0]
disc:  543  :[0.0, 0.1, 1.0]
disc:  544  :[0.0, 0.9, 1.0]
disc:  545  :[0.0, 0.1, 1.0]
disc:  546  :[0.0, 0.1, 1.0]
disc:  547  :[0.0, 0.5037505029530408, 0.7037505029530408, 1.0]
disc:  548  :[0.0, 0.1, 1.0]
disc:  549  :[0.0, 0.9, 1.0]
disc:  550  :[0.0, 0.1, 1.0]
disc:  551  :[0.0, 0.1, 1.0]
disc:  552  :[0.0, 0.1, 1.0]
disc:  553  :[0.0, 0.1, 1.0]
disc:  554  :[0.0, 0.1, 1.0]
disc:  555  :[0.0, 0.1, 1.0]
disc:  556  :[0.0, 0.9, 1.0]
disc:  557  :[0.0, 0.1, 1.0]
disc:  558  :[0.0, 0.1, 1.0]
disc:  559  :[0.0, 0.7254020747644545, 0.9254020747644545, 1.0]
disc:  560  :[0.0, 0.1, 1.0]
disc:  561  :[0.0, 0.1, 1.0]
disc:  562  :[0.0, 0.1, 1.0]
disc:  563  :[0.0, 0.1, 1.0]
disc:  564  :[0.0, 0.1, 1.0]
disc:  565  :[0.0, 0.1, 1.0]
disc:  566  :[0.0, 0.1, 1.0]
disc:  567  :[0.0, 0.1, 1.0]
disc:  568  :[0.0, 0.1, 1.0]
disc:  569  :[0.0, 0.25332617373764765, 0.4533261737376476, 1.0]
disc:  570  :[0.0, 0.1, 1.0]
disc:  571  :[0.0, 0.1, 1.0]
disc:  572  :[0.0, 0.9, 1.0]
  Completed presolve in 6.87s
LOWER-BOUNDING ITERATIONS
====================================================================================================
| Iter   | Incumbent       | Best Incumbent      | Lower Bound        | Gap (%)         | Time      
| finish | -599.2424       | -599.2424           | -627.4386          | 4.705           | 20.22s           
Final UBD: -599.242369495647
Final LBD: -627.4385551644377
====================================================================================================

*** Alpine ended with status OTHER_LIMIT ***

 Total time for local solves: 4.6s

 Total time for solving max-min problems: 0.0s

 Total time excluding max-min time: 20.22s

presolve objective value: -599.242369495647
w_opt: 1-dimensional DenseAxisArray{Float64,1,...} with index sets:
    Dimension 1, [(25, 1, 2), (25, 1, 1), (25, 1, 14), (20, 1, 2), (20, 1, 1), (20, 1, 14), (1, 1, 2), (1, 1, 1), (1, 1, 14), (2, 1, 2)  …  (20, 15, 23), (20, 15, 3), (8, 15, 30), (8, 15, 29), (8, 15, 23), (8, 15, 3), (2, 15, 30), (2, 15, 29), (2, 15, 23), (2, 15, 3)]
And data, a 261-element Vector{Float64}:
 1.3792232865362035
 0.0
 0.0
 0.6207767134637965
 0.0
 0.0
 0.0
 0.0
 0.0
 0.0
 0.0
 0.0
 0.0
 0.0
 0.0
 0.0
 1.9210584835761202
 0.0
 0.0
 1.07894151642388
 0.0
 0.0
 0.0
 0.0
 0.0
 0.0
 0.0
 0.0
 0.0
 0.8592066011951707
 0.34591891359120813
 0.0
 0.0
 0.0
 0.0
 4.0618518823809495
 1.635312610921687
 0.0
 0.0
 0.0
 0.0
 0.0
 0.0
 0.0
 0.0
 0.0
 0.0
 0.0
 0.0
 1.3302074524891525
 1.1664843664189084
 0.07894151642387987
 0.0
 0.0
 0.0
 0.0
 0.0
 0.0
 0.0
 2.0
 1.0
 0.0
 0.0
 0.0
 0.0
 0.0
 0.0
 0.0
 0.0
 0.0
 0.0
 0.09053477530992425
 0.2716043259297728
 0.0
 0.75
 2.25
 0.0
 0.4528128772147805
 1.3584386316443413
 0.0
 0.0
 0.0
 0.0
 0.0
 0.0
 0.0
 0.0
 0.0
 0.0
 0.0
 0.0
 0.0
 0.7066523474752953
 2.119957042425886
 0.0
 0.0
 0.0
 0.0
 0.0
 0.0
 0.0
 1.2024452684293334
 0.8786149655175683
 0.9189397660530984
 0.0
 0.0
 0.0
 0.0
 0.0
 0.0
 0.0
 0.0
 0.0
 0.0
 0.0
 0.0
 0.0
 0.0
 2.812880200636647
 2.1871197993633538
 0.0
 0.0
 0.0
 1.687728120381988
 1.312271879618012
 0.0
 0.0
 0.0
 0.0
 0.0
 0.0
 0.0
 0.0
 0.0
 0.0
 0.0
 0.0
 0.0
 0.0
 0.0
 0.0
 0.0
 0.0
 0.0
 0.0
 0.0
 0.0
 0.0
 0.0
 0.0
 0.0
 0.0
 0.0
 0.7924989940939187
 0.3962494970469594
 0.0
 0.0
 1.2075010059060816
 0.6037505029530411
 0.0
 0.0
 0.0
 0.0
 0.0
 0.0
 0.0
 0.0
 0.0
 0.0
 0.0
 0.0
 0.0
 0.0
 1.0
 0.0
 0.0
 0.0
 2.0
 0.0
 0.0
 0.0
 0.0
 0.0
 0.0
 0.0
 0.0
 0.0
 0.0
 0.0
 0.0
 0.0
 0.0
 0.0
 0.0
 0.0
 0.0
 0.0
 0.0
 0.0
 0.0
 0.0
 0.0
 0.0
 0.0
 0.0
 0.0
 1.4597688194605258
 0.7298844097302631
 0.0
 0.540231180539474
 0.2701155902697371
 0.0
 0.0
 0.0
 0.0
 0.0
 0.0
 0.0
 0.0
 0.0
 0.0
 0.0
 0.0
 0.0
 0.0
 0.4943368136763472
 0.5578157352968824
 0.0
 0.0
 0.0
 0.0
 0.0
 0.0
 0.0
 0.0
 0.0
 0.0
 0.0
 0.0
 0.0
 0.0
 0.0
 0.0
 0.0
 0.0
 0.0
 0.0
 0.0
 0.0
 0.0
 0.0
 0.0
 0.0
 0.0
 0.0
 0.0
 0.0
 1.2164742689167813
 4.018768475487105
 0.0
 0.9178281372141409
x_ij_opt: 1-dimensional DenseAxisArray{Float64,1,...} with index sets:
    Dimension 1, [(43, 30), (43, 22), (43, 6), (44, 22), (45, 30), (45, 29), (45, 28), (45, 24), (45, 23), (40, 29)  …  (5, 7), (5, 14), (6, 4), (6, 3), (1, 14), (1, 10), (1, 23), (1, 1), (3, 2), (3, 1)]
And data, a 116-element Vector{Float64}:
 0.0
 0.9999999999999999
 1.4683079671142345
 0.0
 0.7835257310832187
 0.0
 1.505663186323653
 0.0
 0.0
 0.0
 0.0
 0.0
 0.0
 0.0
 0.0
 0.0
 0.0
 0.0
 0.23007432132346645
 0.0
 0.0
 0.0
 0.0
 0.0
 0.0
 0.0
 0.0
 2.0
 0.0
 0.0
 0.0
 0.0
 0.0
 0.0
 0.0
 0.0
 0.0
 0.0
 0.0
 0.0
 0.0
 0.0
 0.0
 0.5316920328857654
 0.0
 0.0
 0.0
 0.0
 0.0
 0.0
 0.0
 0.0
 0.0
 0.0
 0.0
 0.0
 0.0
 1.499391678981365
 0.12138503448243164
 2.0
 0.0
 0.0
 0.0
 0.0
 6.0
 0.0
 0.0
 0.0
 0.0
 0.7699256786765336
 0.0
 0.0
 0.0
 0.0
 0.0
 0.0
 0.44218426470311756
 0.6697925475108476
 0.0
 0.0
 0.0
 0.0
 0.0
 0.0
 0.0
 0.0
 0.0
 0.0
 0.0
 0.0
 0.0
 0.0
 1.334123954599727
 0.0
 0.0
 0.0
 0.0
 0.0
 0.0
 0.08217186278585913
 0.0
 0.0
 0.0
 0.0
 0.0
 0.7052243554187494
 0.0
 0.0
 0.0
 0.0
 0.09233037615191712
 0.0
 0.0
 5.081060233946902
 0.0
 0.0
x_il_opt: 1-dimensional DenseAxisArray{Float64,1,...} with index sets:
    Dimension 1, [(43, 15), (43, 14), (44, 15), (44, 13), (44, 3), (40, 14), (40, 2), (41, 14), (42, 6), (37, 13)  …  (4, 13), (5, 2), (5, 7), (5, 9), (6, 11), (1, 1), (1, 6), (1, 3), (2, 1), (2, 15)]
And data, a 71-element Vector{Float64}:
 0.0
 0.0
 0.0
 2.189653229190789
 1.2051255147863786
 1.0521525489732295
 0.0
 0.0
 0.362139101239697
 0.810346770809211
 0.0
 0.0
 0.0
 0.0
 3.0
 0.0
 0.0
 0.0
 5.0
 0.0
 0.0
 0.0
 3.0
 1.188748491140878
 1.811251508859122
 0.0
 3.0
 0.0
 3.0
 0.0
 1.3792232865362035
 0.0
 0.0
 0.0
 0.0
 0.0
 0.0
 0.0
 0.6207767134637965
 0.0
 0.0
 0.0
 3.0
 0.0
 0.0
 1.8112515088591228
 0.0
 3.0
 0.0
 0.0
 0.0
 0.0
 0.0
 0.0
 2.575633335331941
 0.0
 0.0
 5.697164493302636
 0.0
 0.0
 0.0
 0.0
 0.0
 0.0
 0.0
 0.0
 0.0
 2.826609389901181
 0.0
 0.0
 6.153070881618027
x_lj_opt: 1-dimensional DenseAxisArray{Float64,1,...} with index sets:
    Dimension 1, [(15, 30), (15, 29), (15, 23), (15, 3), (14, 28), (14, 27), (14, 10), (14, 24), (13, 26), (13, 25)  …  (3, 6), (3, 5), (3, 29), (2, 4), (2, 3), (2, 1), (2, 5), (1, 2), (1, 1), (1, 14)]
And data, a 53-element Vector{Float64}:
 1.2164742689167813
 4.018768475487105
 0.0
 0.9178281372141409
 0.4943368136763472
 0.5578157352968824
 0.0
 0.0
 2.0
 1.0
 0.0
 0.0
 0.0
 0.0
 1.0
 0.0
 0.0
 0.0
 2.0
 0.0
 0.0
 2.0
 1.0
 0.0
 0.0
 0.0
 4.5006083210186345
 3.499391678981365
 0.0
 0.0
 1.2024452684293334
 0.8786149655175683
 0.9189397660530984
 2.0
 6.0
 0.0
 2.0
 1.0
 0.0
 0.0
 1.3302074524891527
 1.1664843664189084
 0.07894151642387987
 0.0
 4.92105848357612
 1.9812315245128949
 1.9210584835761202
 0.0
 0.0
 1.07894151642388
 2.0
 0.0
 0.0
q_opt: 1-dimensional DenseAxisArray{Float64,1,...} with index sets:
    Dimension 1, [(43, 15), (43, 14), (44, 15), (44, 13), (44, 3), (40, 14), (40, 2), (41, 14), (42, 6), (37, 13)  …  (4, 13), (5, 2), (5, 7), (5, 9), (6, 11), (1, 1), (1, 6), (1, 3), (2, 1), (2, 15)]
And data, a 71-element Vector{Float64}:
 0.0
 0.0
 0.0
 0.7298844097302629
 0.17459792523554554
 1.0
 0.0
 0.0
 0.045267387654962125
 0.270115590269737
 0.0
 0.0
 0.0
 0.0
 0.375
 0.0
 0.0
 0.0
 0.6250000000000001
 0.0
 0.0
 0.0
 1.0
 0.39624949704695933
 0.22640643860739024
 0.0
 0.375
 0.0
 1.0
 1.0
 0.6896116432681018
 0.0
 0.0
 1.0
 0.0
 0.0
 0.0
 0.0
 0.31038835673189824
 0.0
 0.0
 0.0
 1.0
 0.0
 0.0
 0.6037505029530408
 0.0
 1.0
 0.0
 0.0
 0.0
 0.0
 0.0
 0.0
 1.0
 0.0
 0.0
 0.8254020747644545
 0.0
 0.0
 0.0
 0.0
 0.0
 0.0
 0.0
 0.0
 0.0
 0.35332617373764763
 0.0
 0.0
 1.0
