
PROBLEM STATISTICS
  Objective sense = Min
  # Variables = 572
  # Bin-Int Variables = 0
  # Constraints = 621
  # NL Constraints = 261
  # Linear Constraints = 360
  # Detected convex constraints = 0
  # Detected nonlinear terms = 261
  # Variables involved in nonlinear terms = 124
  # Potential variables for partitioning = 124
SUB-SOLVERS USED BY ALPINE
  NLP local solver = Knitro
  MIP solver = Gurobi
ALPINE CONFIGURATION
  Maximum iterations (lower-bounding MIPs) =  1
  Relative global optimality gap = 0.01%
  Potential variables chosen for partitioning = All
  Discretization ratio = 10
  Bound-tightening presolve = false
PRESOLVE 
  Doing local search

Feasible solution found during presolve: [1.1959728878607097, 0.0, 0.0, 0.8040271121392905, 0.0, 0.0, 0.0, 0.0, 0.0, 0.0, 0.0, 0.0, 0.0, 0.0, 0.0, 0.0, 0.0, 0.0, 0.0, 3.0, 0.0, 0.0, 0.0, 0.0, 0.0, 0.0, 0.0, 0.0, 0.0, 0.0, 0.0, 0.0, 0.0, 0.0, 0.0, 0.0, 0.0, 0.0, 0.0, 0.0, 0.0, 0.0, 0.0, 0.0, 0.0, 0.0, 0.0, 0.0, 0.0, 1.004076071872358, 0.0, 0.18630045768441725, 0.0, 0.0, 0.0, 0.0, 0.0, 0.0, 0.0, 2.0, 1.0, 0.0, 0.0, 0.0, 0.0, 0.0, 0.0, 0.0, 0.0, 0.0, 0.0, 0.17827895870479635, 0.534836876114389, 0.0, 0.7499999999999999, 2.25, 0.0, 0.5259182197391077, 1.5777546592173228, 0.0, 0.0, 0.0, 0.0, 0.0, 0.0, 0.0, 0.0, 0.0, 0.0, 0.0, 0.0, 0.0, 0.5458028215560959, 1.6374084646682878, 0.0, 0.0, 0.0, 0.0, 0.0, 0.0, 0.0, 1.9258336611100924, 0.8167887137756163, 0.2573776251142912, 0.0, 0.0, 0.0, 0.0, 0.0, 0.0, 0.0, 0.0, 0.0, 0.0, 0.0, 0.0, 0.0, 0.0, 3.270225685822037, 1.962135411493222, 0.0, 0.0, 0.0, 1.7297743141779645, 1.0378645885067785, 0.0, 0.0, 0.0, 0.0, 0.0, 0.0, 0.0, 0.0, 0.0, 0.0, 0.0, 0.0, 0.0, 0.0, 0.0, 0.0, 0.0, 0.0, 0.0, 0.0, 0.0, 0.0, 0.15443353235159707, 0.18556279175149842, 0.0, 0.0, 0.0, 0.0, 0.5975514140290464, 0.2987757070145233, 0.0, 0.0, 1.4024485859709537, 0.7012242929854768, 0.0, 0.0, 0.0, 0.0, 0.0, 0.0, 0.0, 0.0, 0.0, 0.0, 0.0, 0.0, 0.0, 0.0, 0.0, 0.0, 0.0, 0.0, 0.0, 0.0, 0.0, 0.0, 0.0, 0.0, 0.0, 0.0, 0.0, 0.0, 0.0, 0.0, 0.0, 0.0, 0.0, 0.0, 0.0, 1.5459568125801255, 1.0, 0.45404318741987454, 0.0, 0.0, 0.0, 0.0, 0.0, 0.0, 0.0, 0.0, 0.0, 1.5234661125171243, 0.761733056258562, 0.0, 0.2893208862750013, 0.14466044313750065, 0.0, 0.0, 0.0, 0.0, 0.18721300120787457, 0.09360650060393728, 0.0, 0.0, 0.0, 0.0, 0.0, 0.0, 0.0, 0.0, 0.2285634729570567, 0.6400892197518666, 0.0, 0.0, 0.0, 0.0, 0.0, 0.0, 0.0, 0.0, 0.0, 0.0, 0.0, 0.0, 0.0, 0.0, 0.0, 0.0, 0.0, 0.0, 0.0, 0.0, 0.0, 0.0, 0.6446124783590803, 0.0, 0.0, 0.32230623917954015, 0.0, 0.0, 0.0, 0.0, 1.3553875216409197, 0.0, 0.0, 0.67769376082046, 0.0, 0.0, 0.0, 2.2851991687756863, 0.0, 0.8686526927089233, 0.0, 0.0, 0.7131158348191854, 0.433981329412502, 0.0, 3.0, 0.0, 0.0, 3.0, 0.0, 0.0, 0.0, 5.232361097315258, 0.0, 0.0, 0.0, 3.0, 0.8963271210435697, 2.1036728789564303, 0.0, 2.7676389026847428, 0.0, 0.0, 0.33999632410309555, 1.1959728878607097, 0.2808195018118118, 0.0, 0.0, 0.0, 0.0, 0.0, 0.0, 0.8040271121392905, 0.9669187175386204, 0.0, 0.0, 3.0, 0.0, 0.0, 2.1036728789564307, 0.0, 3.0, 0.0, 0.0, 0.0, 0.0, 0.0, 0.0, 1.1903765295567752, 0.0, 0.0, 0.0, 0.0, 0.0, 0.0, 0.0, 0.0, 0.0, 0.0, 0.0, 0.0, 2.1832112862243838, 0.0, 0.0, 2.0330812824613798, 2.0, 0.0, 0.0, 1.0, 0.2285634729570567, 0.6400892197518666, 0.0, 0.0, 2.0, 1.0, 0.0, 1.5459568125801255, 1.0, 0.45404318741987454, 0.0, 0.0, 0.0, 0.0, 0.0, 0.0, 0.0, 2.0, 1.0, 0.15443353235159707, 0.18556279175149842, 0.0, 5.000000000000001, 3.0, 0.0, 0.0, 1.9258336611100926, 0.8167887137756163, 0.2573776251142912, 2.0, 6.0, 0.0, 2.0, 1.0, 0.0, 0.0, 1.004076071872358, 0.0, 0.18630045768441725, 0.0, 0.0, 0.0, 0.0, 0.0, 0.0, 3.0, 2.0, 0.0, 0.0, 0.0, 1.602351354586495, 1.557757838380041, 0.0, 0.0, 0.0, 1.7714365270429433, 0.0, 0.0, 0.2708811425076279, 0.0, 0.0, 0.0, 0.0, 0.0, 0.0, 0.0, 0.0, 0.0, 0.0, 0.0, 0.0, 0.0, 0.0, 0.0, 0.0, 0.0, 2.0, 0.0, 0.0, 0.0, 0.0, 0.0, 0.0, 0.0, 0.0, 0.0, 0.0, 0.0, 0.0, 0.0, 0.0, 0.0, 0.44224216161995905, 0.0, 0.0, 0.39764864541350503, 0.0, 0.0, 0.0, 0.0, 0.0, 0.0, 0.0, 0.0, 3.0, 0.0, 0.9999999999999991, 0.18321128622438365, 1.845566467648403, 0.0, 0.0, 0.0, 0.4540431874198745, 6.0, 0.0, 0.0, 0.0, 0.0, 0.8144372082485015, 0.0, 0.0, 0.0, 0.0, 0.0, 0.0, 0.3599107802481334, 0.995923928127642, 0.0, 0.0, 0.0, 0.0, 0.0, 0.0, 0.0, 0.0, 0.0, 0.0, 0.0, 0.22225414000515226, 0.0, 0.0, 0.0, 0.0, 0.0, 0.0, 0.0, 0.0, 0.0, 0.0, 0.0, 0.0, 0.0, 0.0, 0.0, 0.0, 0.0, 0.0, 1.8136995423155828, 0.0, 0.07416633888990747, 0.0, 0.0, 5.742622374885709, 0.0, 0.0, 0.0, 0.0, 0.0, 0.7617330562585621, 0.0, 1.0, 0.0, 0.0, 0.08913947935239817, 0.14466044313750065, 0.0, 1.0, 0.0, 0.0, 0.37499999999999994, 0.0, 0.0, 0.0, 0.6540451371644073, 1.0, 0.0, 0.0, 1.0, 0.2987757070145232, 0.26295910986955384, 0.0, 0.34595486283559285, 0.0, 0.0, 1.0, 0.5979864439303548, 0.09360650060393728, 0.0, 0.0, 0.0, 0.0, 0.0, 0.0, 0.40201355606964523, 0.32230623917954015, 0.0, 0.0, 1.0, 0.0, 0.0, 0.7012242929854768, 0.0, 1.0, 0.0, 0.0, 0.0, 0.0, 0.0, 1.0, 1.0, 0.0, 0.0, 0.0, 0.0, 0.0, 0.0, 0.0, 0.0, 0.0, 0.0, 0.0, 0.0, 0.27290141077804797, 0.0, 0.0, 0.6776937608204598]  :with objective: -572.3577776775868

  Local solver returns a feasible point with value -572.3578
disc:  333  :[0.0, 1.8, 2.0]
disc:  334  :[0.0, 0.6, 6.0]
disc:  335  :[0.0, 0.1, 1.0]
disc:  336  :[0.0, 0.9, 1.0]
disc:  337  :[0.0, 0.02856347295705669, 0.4285634729570567, 2.0]
disc:  338  :[0.0, 0.5400892197518666, 0.7400892197518666, 1.0]
disc:  339  :[0.0, 0.2, 2.0]
disc:  340  :[0.0, 0.2, 2.0]
disc:  341  :[0.0, 1.8, 2.0]
disc:  342  :[0.0, 0.9, 1.0]
disc:  343  :[0.0, 0.2, 2.0]
disc:  344  :[0.0, 1.3459568125801256, 1.7459568125801255, 2.0]
disc:  345  :[0.0, 0.9, 1.0]
disc:  346  :[0.0, 0.15404318741987455, 0.7540431874198745, 3.0]
disc:  347  :[0.0, 0.2, 2.0]
disc:  348  :[0.0, 0.6, 6.0]
disc:  349  :[0.0, 0.2, 2.0]
disc:  350  :[0.0, 0.1, 1.0]
disc:  351  :[0.0, 0.2, 2.0]
disc:  352  :[0.0, 0.6, 6.0]
disc:  353  :[0.0, 0.1, 1.0]
disc:  354  :[0.0, 1.8, 2.0]
disc:  355  :[0.0, 0.9, 1.0]
disc:  356  :[0.0, 0.3544335323515971, 2.0]
disc:  357  :[0.0, 0.08556279175149842, 0.28556279175149846, 1.0]
disc:  358  :[0.0, 0.2, 2.0]
disc:  359  :[0.0, 4.400000000000001, 5.6000000000000005, 6.0]
disc:  360  :[0.0, 2.4, 3.6, 6.0]
disc:  361  :[0.0, 0.2, 2.0]
disc:  362  :[0.0, 0.1, 1.0]
disc:  363  :[0.0, 1.7258336611100926, 2.0]
disc:  364  :[0.0, 0.7167887137756164, 0.9167887137756163, 1.0]
disc:  365  :[0.0, 0.5573776251142912, 3.0]
disc:  366  :[0.0, 1.8, 2.0]
disc:  367  :[0.0, 5.4, 6.0]
disc:  368  :[0.0, 0.2, 2.0]
disc:  369  :[0.0, 1.8, 2.0]
disc:  370  :[0.0, 0.9, 1.0]
disc:  371  :[0.0, 0.2, 2.0]
disc:  372  :[0.0, 0.2, 2.0]
disc:  373  :[0.0, 0.8040760718723581, 1.204076071872358, 2.0]
disc:  374  :[0.0, 0.6, 6.0]
disc:  375  :[0.0, 0.38630045768441723, 2.0]
disc:  376  :[0.0, 0.2, 2.0]
disc:  377  :[0.0, 0.6, 6.0]
disc:  378  :[0.0, 0.6, 6.0]
disc:  379  :[0.0, 0.2, 2.0]
disc:  380  :[0.0, 0.1, 1.0]
disc:  381  :[0.0, 0.3, 3.0]
disc:  382  :[0.0, 2.7, 3.0]
disc:  383  :[0.0, 1.8, 2.0]
disc:  384  :[0.0, 0.6, 6.0]
disc:  385  :[0.0, 0.2, 2.0]
disc:  502  :[0.0, 0.1, 1.0]
disc:  503  :[0.0, 0.1, 1.0]
disc:  504  :[0.0, 0.1, 1.0]
disc:  505  :[0.0, 0.6617330562585622, 0.8617330562585621, 1.0]
disc:  506  :[0.0, 0.1, 1.0]
disc:  507  :[0.0, 0.9, 1.0]
disc:  508  :[0.0, 0.1, 1.0]
disc:  509  :[0.0, 0.1, 1.0]
disc:  510  :[0.0, 0.18913947935239817, 1.0]
disc:  511  :[0.0, 0.044660443137500644, 0.24466044313750065, 1.0]
disc:  512  :[0.0, 0.1, 1.0]
disc:  513  :[0.0, 0.9, 1.0]
disc:  514  :[0.0, 0.1, 1.0]
disc:  515  :[0.0, 0.1, 1.0]
disc:  516  :[0.0, 0.2749999999999999, 0.475, 1.0]
disc:  517  :[0.0, 0.1, 1.0]
disc:  518  :[0.0, 0.1, 1.0]
disc:  519  :[0.0, 0.1, 1.0]
disc:  520  :[0.0, 0.5540451371644073, 0.7540451371644072, 1.0]
disc:  521  :[0.0, 0.9, 1.0]
disc:  522  :[0.0, 0.1, 1.0]
disc:  523  :[0.0, 0.1, 1.0]
disc:  524  :[0.0, 0.9, 1.0]
disc:  525  :[0.0, 0.1987757070145232, 0.39877570701452325, 1.0]
disc:  526  :[0.0, 0.16295910986955384, 0.3629591098695538, 1.0]
disc:  527  :[0.0, 0.1, 1.0]
disc:  528  :[0.0, 0.24595486283559284, 0.4459548628355928, 1.0]
disc:  529  :[0.0, 0.1, 1.0]
disc:  530  :[0.0, 0.1, 1.0]
disc:  531  :[0.0, 0.9, 1.0]
disc:  532  :[0.0, 0.49798644393035485, 0.6979864439303548, 1.0]
disc:  533  :[0.0, 0.1936065006039373, 1.0]
disc:  534  :[0.0, 0.1, 1.0]
disc:  535  :[0.0, 0.1, 1.0]
disc:  536  :[0.0, 0.1, 1.0]
disc:  537  :[0.0, 0.1, 1.0]
disc:  538  :[0.0, 0.1, 1.0]
disc:  539  :[0.0, 0.1, 1.0]
disc:  540  :[0.0, 0.3020135560696452, 0.5020135560696453, 1.0]
disc:  541  :[0.0, 0.22230623917954015, 0.42230623917954013, 1.0]
disc:  542  :[0.0, 0.1, 1.0]
disc:  543  :[0.0, 0.1, 1.0]
disc:  544  :[0.0, 0.9, 1.0]
disc:  545  :[0.0, 0.1, 1.0]
disc:  546  :[0.0, 0.1, 1.0]
disc:  547  :[0.0, 0.6012242929854769, 0.8012242929854768, 1.0]
disc:  548  :[0.0, 0.1, 1.0]
disc:  549  :[0.0, 0.9, 1.0]
disc:  550  :[0.0, 0.1, 1.0]
disc:  551  :[0.0, 0.1, 1.0]
disc:  552  :[0.0, 0.1, 1.0]
disc:  553  :[0.0, 0.1, 1.0]
disc:  554  :[0.0, 0.1, 1.0]
disc:  555  :[0.0, 0.9, 1.0]
disc:  556  :[0.0, 0.9, 1.0]
disc:  557  :[0.0, 0.1, 1.0]
disc:  558  :[0.0, 0.1, 1.0]
disc:  559  :[0.0, 0.1, 1.0]
disc:  560  :[0.0, 0.1, 1.0]
disc:  561  :[0.0, 0.1, 1.0]
disc:  562  :[0.0, 0.1, 1.0]
disc:  563  :[0.0, 0.1, 1.0]
disc:  564  :[0.0, 0.1, 1.0]
disc:  565  :[0.0, 0.1, 1.0]
disc:  566  :[0.0, 0.1, 1.0]
disc:  567  :[0.0, 0.1, 1.0]
disc:  568  :[0.0, 0.1, 1.0]
disc:  569  :[0.0, 0.17290141077804796, 0.37290141077804795, 1.0]
disc:  570  :[0.0, 0.1, 1.0]
disc:  571  :[0.0, 0.1, 1.0]
disc:  572  :[0.0, 0.5776937608204599, 0.7776937608204598, 1.0]
  Completed presolve in 6.79s
LOWER-BOUNDING ITERATIONS
====================================================================================================
| Iter   | Incumbent       | Best Incumbent      | Lower Bound        | Gap (%)         | Time      
| finish | -572.3578       | -572.3578           | -631.7326          | 10.374          | 16.38s           
Final UBD: -572.3577776775868
Final LBD: -631.7326312334853
====================================================================================================

*** Alpine ended with status OTHER_LIMIT ***

 Total time for local solves: 4.32s

 Total time for solving max-min problems: 0.0s

 Total time excluding max-min time: 16.38s

presolve objective value: -572.3577776775868
w_opt: 1-dimensional DenseAxisArray{Float64,1,...} with index sets:
    Dimension 1, [(25, 1, 2), (25, 1, 1), (25, 1, 14), (20, 1, 2), (20, 1, 1), (20, 1, 14), (1, 1, 2), (1, 1, 1), (1, 1, 14), (2, 1, 2)  …  (20, 15, 23), (20, 15, 3), (8, 15, 30), (8, 15, 29), (8, 15, 23), (8, 15, 3), (2, 15, 30), (2, 15, 29), (2, 15, 23), (2, 15, 3)]
And data, a 261-element Vector{Float64}:
 1.1959728878607097
 0.0
 0.0
 0.8040271121392905
 0.0
 0.0
 0.0
 0.0
 0.0
 0.0
 0.0
 0.0
 0.0
 0.0
 0.0
 0.0
 0.0
 0.0
 0.0
 3.0
 0.0
 0.0
 0.0
 0.0
 0.0
 0.0
 0.0
 0.0
 0.0
 0.0
 0.0
 0.0
 0.0
 0.0
 0.0
 0.0
 0.0
 0.0
 0.0
 0.0
 0.0
 0.0
 0.0
 0.0
 0.0
 0.0
 0.0
 0.0
 0.0
 1.004076071872358
 0.0
 0.18630045768441725
 0.0
 0.0
 0.0
 0.0
 0.0
 0.0
 0.0
 2.0
 1.0
 0.0
 0.0
 0.0
 0.0
 0.0
 0.0
 0.0
 0.0
 0.0
 0.0
 0.17827895870479635
 0.534836876114389
 0.0
 0.7499999999999999
 2.25
 0.0
 0.5259182197391077
 1.5777546592173228
 0.0
 0.0
 0.0
 0.0
 0.0
 0.0
 0.0
 0.0
 0.0
 0.0
 0.0
 0.0
 0.0
 0.5458028215560959
 1.6374084646682878
 0.0
 0.0
 0.0
 0.0
 0.0
 0.0
 0.0
 1.9258336611100924
 0.8167887137756163
 0.2573776251142912
 0.0
 0.0
 0.0
 0.0
 0.0
 0.0
 0.0
 0.0
 0.0
 0.0
 0.0
 0.0
 0.0
 0.0
 3.270225685822037
 1.962135411493222
 0.0
 0.0
 0.0
 1.7297743141779645
 1.0378645885067785
 0.0
 0.0
 0.0
 0.0
 0.0
 0.0
 0.0
 0.0
 0.0
 0.0
 0.0
 0.0
 0.0
 0.0
 0.0
 0.0
 0.0
 0.0
 0.0
 0.0
 0.0
 0.0
 0.15443353235159707
 0.18556279175149842
 0.0
 0.0
 0.0
 0.0
 0.5975514140290464
 0.2987757070145233
 0.0
 0.0
 1.4024485859709537
 0.7012242929854768
 0.0
 0.0
 0.0
 0.0
 0.0
 0.0
 0.0
 0.0
 0.0
 0.0
 0.0
 0.0
 0.0
 0.0
 0.0
 0.0
 0.0
 0.0
 0.0
 0.0
 0.0
 0.0
 0.0
 0.0
 0.0
 0.0
 0.0
 0.0
 0.0
 0.0
 0.0
 0.0
 0.0
 0.0
 0.0
 1.5459568125801255
 1.0
 0.45404318741987454
 0.0
 0.0
 0.0
 0.0
 0.0
 0.0
 0.0
 0.0
 0.0
 1.5234661125171243
 0.761733056258562
 0.0
 0.2893208862750013
 0.14466044313750065
 0.0
 0.0
 0.0
 0.0
 0.18721300120787457
 0.09360650060393728
 0.0
 0.0
 0.0
 0.0
 0.0
 0.0
 0.0
 0.0
 0.2285634729570567
 0.6400892197518666
 0.0
 0.0
 0.0
 0.0
 0.0
 0.0
 0.0
 0.0
 0.0
 0.0
 0.0
 0.0
 0.0
 0.0
 0.0
 0.0
 0.0
 0.0
 0.0
 0.0
 0.0
 0.0
 0.6446124783590803
 0.0
 0.0
 0.32230623917954015
 0.0
 0.0
 0.0
 0.0
 1.3553875216409197
 0.0
 0.0
 0.67769376082046
x_ij_opt: 1-dimensional DenseAxisArray{Float64,1,...} with index sets:
    Dimension 1, [(43, 30), (43, 22), (43, 6), (44, 22), (45, 30), (45, 29), (45, 28), (45, 24), (45, 23), (40, 29)  …  (5, 7), (5, 14), (6, 4), (6, 3), (1, 14), (1, 10), (1, 23), (1, 1), (3, 2), (3, 1)]
And data, a 116-element Vector{Float64}:
 0.0
 1.602351354586495
 1.557757838380041
 0.0
 0.0
 0.0
 1.7714365270429433
 0.0
 0.0
 0.2708811425076279
 0.0
 0.0
 0.0
 0.0
 0.0
 0.0
 0.0
 0.0
 0.0
 0.0
 0.0
 0.0
 0.0
 0.0
 0.0
 0.0
 0.0
 2.0
 0.0
 0.0
 0.0
 0.0
 0.0
 0.0
 0.0
 0.0
 0.0
 0.0
 0.0
 0.0
 0.0
 0.0
 0.0
 0.44224216161995905
 0.0
 0.0
 0.39764864541350503
 0.0
 0.0
 0.0
 0.0
 0.0
 0.0
 0.0
 0.0
 3.0
 0.0
 0.9999999999999991
 0.18321128622438365
 1.845566467648403
 0.0
 0.0
 0.0
 0.4540431874198745
 6.0
 0.0
 0.0
 0.0
 0.0
 0.8144372082485015
 0.0
 0.0
 0.0
 0.0
 0.0
 0.0
 0.3599107802481334
 0.995923928127642
 0.0
 0.0
 0.0
 0.0
 0.0
 0.0
 0.0
 0.0
 0.0
 0.0
 0.0
 0.22225414000515226
 0.0
 0.0
 0.0
 0.0
 0.0
 0.0
 0.0
 0.0
 0.0
 0.0
 0.0
 0.0
 0.0
 0.0
 0.0
 0.0
 0.0
 0.0
 1.8136995423155828
 0.0
 0.07416633888990747
 0.0
 0.0
 5.742622374885709
 0.0
 0.0
x_il_opt: 1-dimensional DenseAxisArray{Float64,1,...} with index sets:
    Dimension 1, [(43, 15), (43, 14), (44, 15), (44, 13), (44, 3), (40, 14), (40, 2), (41, 14), (42, 6), (37, 13)  …  (4, 13), (5, 2), (5, 7), (5, 9), (6, 11), (1, 1), (1, 6), (1, 3), (2, 1), (2, 15)]
And data, a 71-element Vector{Float64}:
 0.0
 0.0
 0.0
 2.2851991687756863
 0.0
 0.8686526927089233
 0.0
 0.0
 0.7131158348191854
 0.433981329412502
 0.0
 3.0
 0.0
 0.0
 3.0
 0.0
 0.0
 0.0
 5.232361097315258
 0.0
 0.0
 0.0
 3.0
 0.8963271210435697
 2.1036728789564303
 0.0
 2.7676389026847428
 0.0
 0.0
 0.33999632410309555
 1.1959728878607097
 0.2808195018118118
 0.0
 0.0
 0.0
 0.0
 0.0
 0.0
 0.8040271121392905
 0.9669187175386204
 0.0
 0.0
 3.0
 0.0
 0.0
 2.1036728789564307
 0.0
 3.0
 0.0
 0.0
 0.0
 0.0
 0.0
 0.0
 1.1903765295567752
 0.0
 0.0
 0.0
 0.0
 0.0
 0.0
 0.0
 0.0
 0.0
 0.0
 0.0
 0.0
 2.1832112862243838
 0.0
 0.0
 2.0330812824613798
x_lj_opt: 1-dimensional DenseAxisArray{Float64,1,...} with index sets:
    Dimension 1, [(15, 30), (15, 29), (15, 23), (15, 3), (14, 28), (14, 27), (14, 10), (14, 24), (13, 26), (13, 25)  …  (3, 6), (3, 5), (3, 29), (2, 4), (2, 3), (2, 1), (2, 5), (1, 2), (1, 1), (1, 14)]
And data, a 53-element Vector{Float64}:
 2.0
 0.0
 0.0
 1.0
 0.2285634729570567
 0.6400892197518666
 0.0
 0.0
 2.0
 1.0
 0.0
 1.5459568125801255
 1.0
 0.45404318741987454
 0.0
 0.0
 0.0
 0.0
 0.0
 0.0
 0.0
 2.0
 1.0
 0.15443353235159707
 0.18556279175149842
 0.0
 5.000000000000001
 3.0
 0.0
 0.0
 1.9258336611100926
 0.8167887137756163
 0.2573776251142912
 2.0
 6.0
 0.0
 2.0
 1.0
 0.0
 0.0
 1.004076071872358
 0.0
 0.18630045768441725
 0.0
 0.0
 0.0
 0.0
 0.0
 0.0
 3.0
 2.0
 0.0
 0.0
q_opt: 1-dimensional DenseAxisArray{Float64,1,...} with index sets:
    Dimension 1, [(43, 15), (43, 14), (44, 15), (44, 13), (44, 3), (40, 14), (40, 2), (41, 14), (42, 6), (37, 13)  …  (4, 13), (5, 2), (5, 7), (5, 9), (6, 11), (1, 1), (1, 6), (1, 3), (2, 1), (2, 15)]
And data, a 71-element Vector{Float64}:
 0.0
 0.0
 0.0
 0.7617330562585621
 0.0
 1.0
 0.0
 0.0
 0.08913947935239817
 0.14466044313750065
 0.0
 1.0
 0.0
 0.0
 0.37499999999999994
 0.0
 0.0
 0.0
 0.6540451371644073
 1.0
 0.0
 0.0
 1.0
 0.2987757070145232
 0.26295910986955384
 0.0
 0.34595486283559285
 0.0
 0.0
 1.0
 0.5979864439303548
 0.09360650060393728
 0.0
 0.0
 0.0
 0.0
 0.0
 0.0
 0.40201355606964523
 0.32230623917954015
 0.0
 0.0
 1.0
 0.0
 0.0
 0.7012242929854768
 0.0
 1.0
 0.0
 0.0
 0.0
 0.0
 0.0
 1.0
 1.0
 0.0
 0.0
 0.0
 0.0
 0.0
 0.0
 0.0
 0.0
 0.0
 0.0
 0.0
 0.0
 0.27290141077804797
 0.0
 0.0
 0.6776937608204598
