
PROBLEM STATISTICS
  Objective sense = Min
  # Variables = 572
  # Bin-Int Variables = 0
  # Constraints = 621
  # NL Constraints = 261
  # Linear Constraints = 360
  # Detected convex constraints = 0
  # Detected nonlinear terms = 261
  # Variables involved in nonlinear terms = 124
  # Potential variables for partitioning = 124
SUB-SOLVERS USED BY ALPINE
  NLP local solver = Knitro
  MIP solver = Gurobi
ALPINE CONFIGURATION
  Maximum iterations (lower-bounding MIPs) =  1
  Relative global optimality gap = 0.01%
  Potential variables chosen for partitioning = All
  Discretization ratio = 10
  Bound-tightening presolve = false
PRESOLVE 
  Doing local search

Feasible solution found during presolve: [1.3799756335829485, 1.6200243664170517, 0.0, 0.6200243664170517, 0.7278784906947721, 0.0, 0.0, 0.0, 0.0, 0.0, 0.0, 0.0, 0.0, 0.0, 0.0, 0.0, 2.0, 0.0, 0.0, 0.9999999999999999, 0.0, 0.0, 0.0, 0.0, 0.0, 0.0, 0.0, 0.0, 0.0, 1.8152050213125255, 0.636436801127, 0.0, 0.0, 0.0, 0.0, 1.9154777407346424, 0.6715938484247057, 0.0, 0.0, 0.0, 0.0, 1.2693172379528324, 0.4450407491457535, 0.3898111296411126, 1.4564032947571133, 0.0, 0.0, 0.0, 0.0, 0.734559873370075, 2.744445549200948, 0.0, 0.0, 0.0, 0.0, 0.0, 0.0, 0.0, 0.0, 1.9253169264530785, 1.0, 0.0, 0.0, 0.0, 0.0, 0.0, 0.0, 0.0, 0.0, 0.0, 0.0, 0.75, 2.25, 0.0, 0.0, 0.0, 0.0, 0.4969773723514646, 1.4909321170543934, 0.0, 0.0, 0.0, 0.0, 0.0, 0.0, 0.0, 0.0, 0.0, 0.0, 0.0, 0.0, 0.0, 0.7530226276485354, 2.2590678829456063, 0.0, 0.0, 0.0, 0.0, 0.0, 0.0, 0.0, 1.730198351564288, 0.7991511560419386, 0.4706504923937734, 0.0, 0.0, 0.0, 0.0, 0.0, 0.0, 0.0, 0.0, 0.0, 0.0, 0.0, 0.0, 0.0, 0.0, 4.625982168489348, 1.3871401943778339, 0.0, 0.15485386178528188, 0.0, 1.3740178315106517, 0.4120109616641044, 0.0, 0.04599498217277944, 0.0, 0.0, 0.0, 0.0, 0.0, 0.0, 0.0, 0.0, 0.0, 0.0, 0.0, 0.0, 0.0, 0.0, 0.0, 0.0, 0.0, 0.0, 0.0, 0.0, 0.0, 0.0, 0.0, 0.0, 0.0, 0.0, 0.6747270070627616, 0.3373635035313808, 0.0, 0.0, 1.3252729929372384, 0.6626364964686192, 0.0, 0.0, 0.0, 0.0, 0.0, 0.0, 0.0, 0.0, 0.0, 0.0, 0.0, 0.0, 0.0, 0.0, 2.0, 0.0, 0.0, 0.0, 1.0, 0.0, 0.0, 0.0, 0.0, 0.0, 0.0, 0.0, 0.0, 0.0, 0.0, 0.0, 0.0, 0.0, 0.0, 0.0, 0.0, 0.9999999999999998, 1.0, 1.0000000000000002, 0.0, 0.0, 0.0, 0.0, 0.0, 0.0, 0.0, 0.0, 0.0, 1.5542997221445998, 0.7771498610722999, 0.0, 0.44570027785540034, 0.22285013892770017, 0.0, 0.0, 0.0, 0.0, 0.0, 0.0, 0.0, 0.0, 0.0, 0.0, 0.0, 0.0, 0.0, 0.0, 0.7317766697138015, 1.0, 0.0, 0.0, 0.0, 0.0, 0.0, 0.0, 0.0, 0.0, 0.0, 0.0, 0.0, 0.0, 0.0, 0.0, 0.0, 0.0, 0.0, 0.0, 0.0, 0.0, 0.0, 0.0, 0.5327312390430076, 0.06577328986352957, 0.0, 0.2663656195215038, 0.0, 0.0, 0.0, 0.0, 1.4672687609569925, 0.18115531143901079, 0.0, 0.7336343804784963, 0.0, 0.0, 0.0, 2.3314495832168998, 2.4516418224395253, 1.7317766697138015, 0.0, 0.0, 3.0, 0.6685504167831005, 0.0, 3.0, 0.0, 0.0, 0.0, 0.0, 0.0, 0.0, 6.167976224652464, 0.0, 1.8462144243982257, 0.0, 3.0, 1.0120905105941422, 1.987909489405858, 0.0, 1.8320237753475355, 0.0, 3.0, 0.0, 3.0, 0.0, 0.0, 0.0, 0.0, 0.0, 0.0, 0.0, 1.3479028571118237, 0.8648701484280409, 0.0, 0.0, 2.9253169264530783, 0.0, 0.0, 1.9879094894058578, 0.0, 3.0, 0.0, 0.0, 0.0, 0.0, 0.0, 0.0, 3.4790054225710234, 0.0, 0.0, 2.5870715891593483, 0.0, 0.0, 0.0, 0.0, 0.0, 0.0, 0.0, 0.0, 0.0, 3.012090510594142, 1.7143579870985857, 0.0, 2.3820584528744995, 2.0, 0.24692860130254032, 0.0, 1.0, 0.7317766697138015, 1.0, 0.0, 0.0, 2.0, 1.0, 0.0, 0.9999999999999998, 1.0, 1.0000000000000004, 2.0, 0.0, 0.0, 0.0, 1.0, 0.0, 0.0, 2.0, 1.0, 0.0, 0.0, 0.0, 6.0, 1.7991511560419384, 0.0, 0.20084884395806132, 1.730198351564288, 0.7991511560419386, 0.4706504923937734, 2.0, 6.0, 0.0, 1.9253169264530785, 1.0, 0.0, 0.0, 1.1243710030111878, 4.200848843958061, 0.0, 0.0, 5.0, 1.753071398697459, 2.0, 0.0, 0.0, 0.9999999999999999, 2.0, 2.347902857111824, 0.0, 0.0, 0.0, 1.535478323290424, 0.0, 0.0, 0.0, 1.2682233302861987, 0.0, 0.0, 0.0, 0.0, 0.0, 0.0, 0.0, 0.0, 0.0, 0.0, 0.0, 0.21277300553986506, 0.0, 0.0, 0.0, 0.0, 0.0, 0.0, 0.0, 0.0, 2.0, 0.0, 3.0, 0.0, 0.0, 0.0, 0.0, 0.0, 0.0, 0.0, 0.0, 0.0, 0.0, 0.0, 0.0, 0.0, 0.4645216767095759, 0.0, 0.0, 0.0, 0.0, 0.0, 0.0, 0.0, 0.0, 0.0, 0.0, 0.0, 0.0, 0.0, 0.0, 0.0, 2.0, 0.0, 0.0, 0.0, 0.0, 6.0, 0.0, 0.0, 0.0, 0.0, 0.787226994460135, 0.0, 0.0, 0.0, 0.0, 0.0, 0.0, 0.0, 0.8756289969888124, 0.0, 0.0, 0.0, 0.0, 0.0, 0.0, 0.0, 0.0, 0.0, 0.07468307354692136, 0.0, 0.0, 0.0, 0.0, 0.0, 0.0, 0.0, 0.0, 0.0, 0.0, 0.0, 0.0, 0.0, 0.0, 0.0, 0.0, 0.0, 0.17769679662284207, 0.0, 0.0, 0.0, 0.0, 0.09210485181287016, 0.0, 0.0, 3.1814466504944026, 0.0, 0.0, 0.0, 0.0, 0.0, 0.7771498610722999, 0.3630410042625051, 1.0, 0.0, 0.0, 0.375, 0.22285013892770017, 0.0, 1.0, 0.0, 0.0, 0.0, 0.0, 0.0, 0.0, 0.770997028081558, 0.0, 0.34669262067160755, 0.0, 1.0, 0.3373635035313808, 0.24848868617573225, 0.0, 0.22900297191844193, 0.0, 1.0, 1.0, 0.6899878167914743, 0.0, 0.0, 0.0, 0.0, 0.0, 0.0, 0.0, 0.31001218320852586, 0.2663656195215038, 0.0, 0.0, 1.0, 0.0, 0.0, 0.6626364964686192, 0.0, 1.0, 0.0, 0.0, 0.0, 0.0, 0.0, 0.0, 0.6533073793283924, 0.0, 0.0, 0.3830955481469285, 0.0, 0.0, 0.0, 0.0, 0.0, 0.0, 0.0, 0.0, 0.0, 0.3765113138242677, 0.25386344759056645, 0.0, 0.7336343804784963]  :with objective: -615.53453550953

  Local solver returns a feasible point with value -615.5345
disc:  333  :[0.0, 1.8, 2.0]
disc:  334  :[0.0, 0.8469286013025403, 6.0]
disc:  335  :[0.0, 0.1, 1.0]
disc:  336  :[0.0, 0.9, 1.0]
disc:  337  :[0.0, 0.5317766697138016, 0.9317766697138015, 2.0]
disc:  338  :[0.0, 0.9, 1.0]
disc:  339  :[0.0, 0.2, 2.0]
disc:  340  :[0.0, 0.2, 2.0]
disc:  341  :[0.0, 1.8, 2.0]
disc:  342  :[0.0, 0.9, 1.0]
disc:  343  :[0.0, 0.2, 2.0]
disc:  344  :[0.0, 0.7999999999999998, 1.1999999999999997, 2.0]
disc:  345  :[0.0, 0.9, 1.0]
disc:  346  :[0.0, 0.7000000000000004, 1.3000000000000005, 3.0]
disc:  347  :[0.0, 1.8, 2.0]
disc:  348  :[0.0, 0.6, 6.0]
disc:  349  :[0.0, 0.2, 2.0]
disc:  350  :[0.0, 0.1, 1.0]
disc:  351  :[0.0, 0.8, 1.2, 2.0]
disc:  352  :[0.0, 0.6, 6.0]
disc:  353  :[0.0, 0.1, 1.0]
disc:  354  :[0.0, 1.8, 2.0]
disc:  355  :[0.0, 0.9, 1.0]
disc:  356  :[0.0, 0.2, 2.0]
disc:  357  :[0.0, 0.1, 1.0]
disc:  358  :[0.0, 0.2, 2.0]
disc:  359  :[0.0, 5.4, 6.0]
disc:  360  :[0.0, 1.1991511560419386, 2.3991511560419383, 6.0]
disc:  361  :[0.0, 0.2, 2.0]
disc:  362  :[0.0, 0.10084884395806132, 0.30084884395806133, 1.0]
disc:  363  :[0.0, 1.530198351564288, 1.930198351564288, 2.0]
disc:  364  :[0.0, 0.6991511560419387, 0.8991511560419386, 1.0]
disc:  365  :[0.0, 0.1706504923937734, 0.7706504923937734, 3.0]
disc:  366  :[0.0, 1.8, 2.0]
disc:  367  :[0.0, 5.4, 6.0]
disc:  368  :[0.0, 0.2, 2.0]
disc:  369  :[0.0, 1.7253169264530785, 2.0]
disc:  370  :[0.0, 0.9, 1.0]
disc:  371  :[0.0, 0.2, 2.0]
disc:  372  :[0.0, 0.2, 2.0]
disc:  373  :[0.0, 0.9243710030111878, 1.3243710030111877, 2.0]
disc:  374  :[0.0, 3.6008488439580613, 4.800848843958061, 6.0]
disc:  375  :[0.0, 0.2, 2.0]
disc:  376  :[0.0, 0.2, 2.0]
disc:  377  :[0.0, 4.4, 5.6, 6.0]
disc:  378  :[0.0, 1.1530713986974592, 2.353071398697459, 6.0]
disc:  379  :[0.0, 1.8, 2.0]
disc:  380  :[0.0, 0.1, 1.0]
disc:  381  :[0.0, 0.3, 3.0]
disc:  382  :[0.0, 0.7, 1.2999999999999998, 3.0]
disc:  383  :[0.0, 1.8, 2.0]
disc:  384  :[0.0, 1.747902857111824, 2.947902857111824, 6.0]
disc:  385  :[0.0, 0.2, 2.0]
disc:  502  :[0.0, 0.1, 1.0]
disc:  503  :[0.0, 0.1, 1.0]
disc:  504  :[0.0, 0.1, 1.0]
disc:  505  :[0.0, 0.6771498610722999, 0.8771498610722999, 1.0]
disc:  506  :[0.0, 0.2630410042625051, 0.46304100426250505, 1.0]
disc:  507  :[0.0, 0.9, 1.0]
disc:  508  :[0.0, 0.1, 1.0]
disc:  509  :[0.0, 0.1, 1.0]
disc:  510  :[0.0, 0.275, 0.475, 1.0]
disc:  511  :[0.0, 0.12285013892770016, 0.3228501389277002, 1.0]
disc:  512  :[0.0, 0.1, 1.0]
disc:  513  :[0.0, 0.9, 1.0]
disc:  514  :[0.0, 0.1, 1.0]
disc:  515  :[0.0, 0.1, 1.0]
disc:  516  :[0.0, 0.1, 1.0]
disc:  517  :[0.0, 0.1, 1.0]
disc:  518  :[0.0, 0.1, 1.0]
disc:  519  :[0.0, 0.1, 1.0]
disc:  520  :[0.0, 0.670997028081558, 0.870997028081558, 1.0]
disc:  521  :[0.0, 0.1, 1.0]
disc:  522  :[0.0, 0.24669262067160755, 0.44669262067160753, 1.0]
disc:  523  :[0.0, 0.1, 1.0]
disc:  524  :[0.0, 0.9, 1.0]
disc:  525  :[0.0, 0.23736350353138078, 0.43736350353138076, 1.0]
disc:  526  :[0.0, 0.14848868617573224, 0.34848868617573225, 1.0]
disc:  527  :[0.0, 0.1, 1.0]
disc:  528  :[0.0, 0.12900297191844193, 0.32900297191844197, 1.0]
disc:  529  :[0.0, 0.1, 1.0]
disc:  530  :[0.0, 0.9, 1.0]
disc:  531  :[0.0, 0.9, 1.0]
disc:  532  :[0.0, 0.5899878167914743, 0.7899878167914742, 1.0]
disc:  533  :[0.0, 0.1, 1.0]
disc:  534  :[0.0, 0.1, 1.0]
disc:  535  :[0.0, 0.1, 1.0]
disc:  536  :[0.0, 0.1, 1.0]
disc:  537  :[0.0, 0.1, 1.0]
disc:  538  :[0.0, 0.1, 1.0]
disc:  539  :[0.0, 0.1, 1.0]
disc:  540  :[0.0, 0.21001218320852585, 0.41001218320852584, 1.0]
disc:  541  :[0.0, 0.16636561952150378, 0.3663656195215038, 1.0]
disc:  542  :[0.0, 0.1, 1.0]
disc:  543  :[0.0, 0.1, 1.0]
disc:  544  :[0.0, 0.9, 1.0]
disc:  545  :[0.0, 0.1, 1.0]
disc:  546  :[0.0, 0.1, 1.0]
disc:  547  :[0.0, 0.5626364964686192, 0.7626364964686192, 1.0]
disc:  548  :[0.0, 0.1, 1.0]
disc:  549  :[0.0, 0.9, 1.0]
disc:  550  :[0.0, 0.1, 1.0]
disc:  551  :[0.0, 0.1, 1.0]
disc:  552  :[0.0, 0.1, 1.0]
disc:  553  :[0.0, 0.1, 1.0]
disc:  554  :[0.0, 0.1, 1.0]
disc:  555  :[0.0, 0.1, 1.0]
disc:  556  :[0.0, 0.5533073793283925, 0.7533073793283924, 1.0]
disc:  557  :[0.0, 0.1, 1.0]
disc:  558  :[0.0, 0.1, 1.0]
disc:  559  :[0.0, 0.2830955481469285, 0.48309554814692846, 1.0]
disc:  560  :[0.0, 0.1, 1.0]
disc:  561  :[0.0, 0.1, 1.0]
disc:  562  :[0.0, 0.1, 1.0]
disc:  563  :[0.0, 0.1, 1.0]
disc:  564  :[0.0, 0.1, 1.0]
disc:  565  :[0.0, 0.1, 1.0]
disc:  566  :[0.0, 0.1, 1.0]
disc:  567  :[0.0, 0.1, 1.0]
disc:  568  :[0.0, 0.1, 1.0]
disc:  569  :[0.0, 0.27651131382426775, 0.4765113138242677, 1.0]
disc:  570  :[0.0, 0.15386344759056644, 0.3538634475905664, 1.0]
disc:  571  :[0.0, 0.1, 1.0]
disc:  572  :[0.0, 0.6336343804784963, 0.8336343804784963, 1.0]
  Completed presolve in 7.91s
LOWER-BOUNDING ITERATIONS
====================================================================================================
| Iter   | Incumbent       | Best Incumbent      | Lower Bound        | Gap (%)         | Time      
| finish | -615.5345       | -615.5345           | -625.284           | 1.584           | 28.99s           
Final UBD: -615.53453550953
Final LBD: -625.2839628078326
====================================================================================================

*** Alpine ended with status OTHER_LIMIT ***

 Total time for local solves: 5.56s

 Total time for solving max-min problems: 0.0s

 Total time excluding max-min time: 28.99s

presolve objective value: -615.53453550953
w_opt: 1-dimensional DenseAxisArray{Float64,1,...} with index sets:
    Dimension 1, [(25, 1, 2), (25, 1, 1), (25, 1, 14), (20, 1, 2), (20, 1, 1), (20, 1, 14), (1, 1, 2), (1, 1, 1), (1, 1, 14), (2, 1, 2)  …  (20, 15, 23), (20, 15, 3), (8, 15, 30), (8, 15, 29), (8, 15, 23), (8, 15, 3), (2, 15, 30), (2, 15, 29), (2, 15, 23), (2, 15, 3)]
And data, a 261-element Vector{Float64}:
 1.3799756335829485
 1.6200243664170517
 0.0
 0.6200243664170517
 0.7278784906947721
 0.0
 0.0
 0.0
 0.0
 0.0
 0.0
 0.0
 0.0
 0.0
 0.0
 0.0
 2.0
 0.0
 0.0
 0.9999999999999999
 0.0
 0.0
 0.0
 0.0
 0.0
 0.0
 0.0
 0.0
 0.0
 1.8152050213125255
 0.636436801127
 0.0
 0.0
 0.0
 0.0
 1.9154777407346424
 0.6715938484247057
 0.0
 0.0
 0.0
 0.0
 1.2693172379528324
 0.4450407491457535
 0.3898111296411126
 1.4564032947571133
 0.0
 0.0
 0.0
 0.0
 0.734559873370075
 2.744445549200948
 0.0
 0.0
 0.0
 0.0
 0.0
 0.0
 0.0
 0.0
 1.9253169264530785
 1.0
 0.0
 0.0
 0.0
 0.0
 0.0
 0.0
 0.0
 0.0
 0.0
 0.0
 0.75
 2.25
 0.0
 0.0
 0.0
 0.0
 0.4969773723514646
 1.4909321170543934
 0.0
 0.0
 0.0
 0.0
 0.0
 0.0
 0.0
 0.0
 0.0
 0.0
 0.0
 0.0
 0.0
 0.7530226276485354
 2.2590678829456063
 0.0
 0.0
 0.0
 0.0
 0.0
 0.0
 0.0
 1.730198351564288
 0.7991511560419386
 0.4706504923937734
 0.0
 0.0
 0.0
 0.0
 0.0
 0.0
 0.0
 0.0
 0.0
 0.0
 0.0
 0.0
 0.0
 0.0
 4.625982168489348
 1.3871401943778339
 0.0
 0.15485386178528188
 0.0
 1.3740178315106517
 0.4120109616641044
 0.0
 0.04599498217277944
 0.0
 0.0
 0.0
 0.0
 0.0
 0.0
 0.0
 0.0
 0.0
 0.0
 0.0
 0.0
 0.0
 0.0
 0.0
 0.0
 0.0
 0.0
 0.0
 0.0
 0.0
 0.0
 0.0
 0.0
 0.0
 0.0
 0.6747270070627616
 0.3373635035313808
 0.0
 0.0
 1.3252729929372384
 0.6626364964686192
 0.0
 0.0
 0.0
 0.0
 0.0
 0.0
 0.0
 0.0
 0.0
 0.0
 0.0
 0.0
 0.0
 0.0
 2.0
 0.0
 0.0
 0.0
 1.0
 0.0
 0.0
 0.0
 0.0
 0.0
 0.0
 0.0
 0.0
 0.0
 0.0
 0.0
 0.0
 0.0
 0.0
 0.0
 0.0
 0.9999999999999998
 1.0
 1.0000000000000002
 0.0
 0.0
 0.0
 0.0
 0.0
 0.0
 0.0
 0.0
 0.0
 1.5542997221445998
 0.7771498610722999
 0.0
 0.44570027785540034
 0.22285013892770017
 0.0
 0.0
 0.0
 0.0
 0.0
 0.0
 0.0
 0.0
 0.0
 0.0
 0.0
 0.0
 0.0
 0.0
 0.7317766697138015
 1.0
 0.0
 0.0
 0.0
 0.0
 0.0
 0.0
 0.0
 0.0
 0.0
 0.0
 0.0
 0.0
 0.0
 0.0
 0.0
 0.0
 0.0
 0.0
 0.0
 0.0
 0.0
 0.0
 0.5327312390430076
 0.06577328986352957
 0.0
 0.2663656195215038
 0.0
 0.0
 0.0
 0.0
 1.4672687609569925
 0.18115531143901079
 0.0
 0.7336343804784963
x_ij_opt: 1-dimensional DenseAxisArray{Float64,1,...} with index sets:
    Dimension 1, [(43, 30), (43, 22), (43, 6), (44, 22), (45, 30), (45, 29), (45, 28), (45, 24), (45, 23), (40, 29)  …  (5, 7), (5, 14), (6, 4), (6, 3), (1, 14), (1, 10), (1, 23), (1, 1), (3, 2), (3, 1)]
And data, a 116-element Vector{Float64}:
 0.0
 0.0
 1.535478323290424
 0.0
 0.0
 0.0
 1.2682233302861987
 0.0
 0.0
 0.0
 0.0
 0.0
 0.0
 0.0
 0.0
 0.0
 0.0
 0.0
 0.21277300553986506
 0.0
 0.0
 0.0
 0.0
 0.0
 0.0
 0.0
 0.0
 2.0
 0.0
 3.0
 0.0
 0.0
 0.0
 0.0
 0.0
 0.0
 0.0
 0.0
 0.0
 0.0
 0.0
 0.0
 0.0
 0.4645216767095759
 0.0
 0.0
 0.0
 0.0
 0.0
 0.0
 0.0
 0.0
 0.0
 0.0
 0.0
 0.0
 0.0
 0.0
 0.0
 2.0
 0.0
 0.0
 0.0
 0.0
 6.0
 0.0
 0.0
 0.0
 0.0
 0.787226994460135
 0.0
 0.0
 0.0
 0.0
 0.0
 0.0
 0.0
 0.8756289969888124
 0.0
 0.0
 0.0
 0.0
 0.0
 0.0
 0.0
 0.0
 0.0
 0.07468307354692136
 0.0
 0.0
 0.0
 0.0
 0.0
 0.0
 0.0
 0.0
 0.0
 0.0
 0.0
 0.0
 0.0
 0.0
 0.0
 0.0
 0.0
 0.17769679662284207
 0.0
 0.0
 0.0
 0.0
 0.09210485181287016
 0.0
 0.0
 3.1814466504944026
 0.0
 0.0
x_il_opt: 1-dimensional DenseAxisArray{Float64,1,...} with index sets:
    Dimension 1, [(43, 15), (43, 14), (44, 15), (44, 13), (44, 3), (40, 14), (40, 2), (41, 14), (42, 6), (37, 13)  …  (4, 13), (5, 2), (5, 7), (5, 9), (6, 11), (1, 1), (1, 6), (1, 3), (2, 1), (2, 15)]
And data, a 71-element Vector{Float64}:
 0.0
 0.0
 0.0
 2.3314495832168998
 2.4516418224395253
 1.7317766697138015
 0.0
 0.0
 3.0
 0.6685504167831005
 0.0
 3.0
 0.0
 0.0
 0.0
 0.0
 0.0
 0.0
 6.167976224652464
 0.0
 1.8462144243982257
 0.0
 3.0
 1.0120905105941422
 1.987909489405858
 0.0
 1.8320237753475355
 0.0
 3.0
 0.0
 3.0
 0.0
 0.0
 0.0
 0.0
 0.0
 0.0
 0.0
 1.3479028571118237
 0.8648701484280409
 0.0
 0.0
 2.9253169264530783
 0.0
 0.0
 1.9879094894058578
 0.0
 3.0
 0.0
 0.0
 0.0
 0.0
 0.0
 0.0
 3.4790054225710234
 0.0
 0.0
 2.5870715891593483
 0.0
 0.0
 0.0
 0.0
 0.0
 0.0
 0.0
 0.0
 0.0
 3.012090510594142
 1.7143579870985857
 0.0
 2.3820584528744995
x_lj_opt: 1-dimensional DenseAxisArray{Float64,1,...} with index sets:
    Dimension 1, [(15, 30), (15, 29), (15, 23), (15, 3), (14, 28), (14, 27), (14, 10), (14, 24), (13, 26), (13, 25)  …  (3, 6), (3, 5), (3, 29), (2, 4), (2, 3), (2, 1), (2, 5), (1, 2), (1, 1), (1, 14)]
And data, a 53-element Vector{Float64}:
 2.0
 0.24692860130254032
 0.0
 1.0
 0.7317766697138015
 1.0
 0.0
 0.0
 2.0
 1.0
 0.0
 0.9999999999999998
 1.0
 1.0000000000000004
 2.0
 0.0
 0.0
 0.0
 1.0
 0.0
 0.0
 2.0
 1.0
 0.0
 0.0
 0.0
 6.0
 1.7991511560419384
 0.0
 0.20084884395806132
 1.730198351564288
 0.7991511560419386
 0.4706504923937734
 2.0
 6.0
 0.0
 1.9253169264530785
 1.0
 0.0
 0.0
 1.1243710030111878
 4.200848843958061
 0.0
 0.0
 5.0
 1.753071398697459
 2.0
 0.0
 0.0
 0.9999999999999999
 2.0
 2.347902857111824
 0.0
q_opt: 1-dimensional DenseAxisArray{Float64,1,...} with index sets:
    Dimension 1, [(43, 15), (43, 14), (44, 15), (44, 13), (44, 3), (40, 14), (40, 2), (41, 14), (42, 6), (37, 13)  …  (4, 13), (5, 2), (5, 7), (5, 9), (6, 11), (1, 1), (1, 6), (1, 3), (2, 1), (2, 15)]
And data, a 71-element Vector{Float64}:
 0.0
 0.0
 0.0
 0.7771498610722999
 0.3630410042625051
 1.0
 0.0
 0.0
 0.375
 0.22285013892770017
 0.0
 1.0
 0.0
 0.0
 0.0
 0.0
 0.0
 0.0
 0.770997028081558
 0.0
 0.34669262067160755
 0.0
 1.0
 0.3373635035313808
 0.24848868617573225
 0.0
 0.22900297191844193
 0.0
 1.0
 1.0
 0.6899878167914743
 0.0
 0.0
 0.0
 0.0
 0.0
 0.0
 0.0
 0.31001218320852586
 0.2663656195215038
 0.0
 0.0
 1.0
 0.0
 0.0
 0.6626364964686192
 0.0
 1.0
 0.0
 0.0
 0.0
 0.0
 0.0
 0.0
 0.6533073793283924
 0.0
 0.0
 0.3830955481469285
 0.0
 0.0
 0.0
 0.0
 0.0
 0.0
 0.0
 0.0
 0.0
 0.3765113138242677
 0.25386344759056645
 0.0
 0.7336343804784963
