
PROBLEM STATISTICS
  Objective sense = Min
  # Variables = 572
  # Bin-Int Variables = 0
  # Constraints = 621
  # NL Constraints = 261
  # Linear Constraints = 360
  # Detected convex constraints = 0
  # Detected nonlinear terms = 261
  # Variables involved in nonlinear terms = 124
  # Potential variables for partitioning = 124
SUB-SOLVERS USED BY ALPINE
  NLP local solver = Knitro
  MIP solver = Gurobi
ALPINE CONFIGURATION
  Maximum iterations (lower-bounding MIPs) =  1
  Relative global optimality gap = 0.01%
  Potential variables chosen for partitioning = All
  Discretization ratio = 10
  Bound-tightening presolve = false
PRESOLVE 
  Doing local search

Feasible solution found during presolve: [0.5100140298336332, 1.9116077762814299, 0.0, 0.4297718009816804, 1.610848072259987, 0.0, 0.0, 0.0, 0.0, 0.0, 0.0, 0.0, 0.0, 0.0, 0.0, 0.0, 2.0, 0.0, 0.0, 1.0, 0.0, 0.0, 0.0, 0.0, 0.0, 0.0, 0.0, 0.0, 0.0, 2.9384863498685796, 1.7558568286471967, 0.0, 0.0, 0.0, 0.0, 0.0, 0.0, 0.0, 0.0, 0.0, 0.0, 2.061513650131421, 1.2318324432899108, 0.0, 0.0, 0.0, 0.0, 0.0, 0.0, 1.0058808123649199, 0.8565020764946695, 0.0, 0.0, 0.0, 0.0, 0.0, 0.0, 0.0, 0.0, 1.8690478192486306, 1.0, 0.0, 0.0, 0.0, 0.0, 0.0, 0.0, 0.0, 0.0, 0.0, 0.0, 0.0, 0.0, 0.0, 0.6827210739685544, 2.048163221905663, 0.0, 0.5237946898165021, 1.5713840694495051, 0.0, 0.0, 0.0, 0.0, 0.0, 0.0, 0.0, 0.0, 0.0, 0.0, 0.0, 0.0, 0.0, 0.7934842362149437, 2.380452708644831, 0.0, 0.0, 0.0, 0.0, 0.0, 0.0, 0.0, 2.0, 0.9409483106081437, 0.059051689391856114, 0.0, 0.0, 0.0, 0.0, 0.0, 0.0, 0.0, 0.0, 0.0, 0.0, 0.0, 0.0, 0.0, 0.0, 3.6483085085140146, 1.6770348260304193, 0.0, 0.0, 0.0, 1.8323649869929042, 0.842291678462661, 0.0, 0.0, 0.0, 0.0, 0.0, 0.0, 0.0, 0.0, 0.0, 0.0, 0.0, 0.0, 0.0, 0.0, 0.0, 0.0, 0.0, 0.0, 0.0, 0.0, 0.0, 0.0, 0.0, 0.0, 0.0, 0.0, 0.1570728014904938, 0.0, 0.6032141604893286, 0.3016070802446643, 0.0, 0.0, 1.3967858395106714, 0.6983929197553357, 0.0, 0.0, 0.0, 0.0, 0.0, 0.0, 0.0, 0.0, 0.0, 0.0, 0.0, 0.0, 0.0, 0.0, 1.7069538757203901, 0.0, 0.0, 0.0, 0.2477926699320784, 0.0, 0.0, 0.0, 0.0, 0.0, 0.0, 0.0, 0.0, 0.0, 0.0, 0.0, 0.0, 0.0, 0.0, 0.0, 0.0, 1.7522073300679217, 1.0, 0.24779266993207835, 0.0, 0.0, 0.0, 0.0, 0.0, 0.0, 0.0, 0.0, 0.0, 1.272212929247301, 0.6675729015680126, 1.0602141691846865, 0.0, 0.0, 0.0, 0.0, 0.0, 0.0, 0.0, 0.0, 0.0, 0.0, 0.0, 0.0, 0.0, 0.0, 0.0, 0.0, 0.3458891766376963, 0.623872781625647, 0.0, 0.0, 0.0, 0.0, 0.0, 0.0, 0.0, 0.0, 0.0, 0.0, 0.0, 0.0, 0.0, 0.0, 0.0, 0.0, 0.0, 0.0, 0.0, 0.0, 0.0, 0.0, 0.0, 0.0, 0.0, 0.0, 0.0, 0.0, 0.0, 0.0, 2.0, 2.7645180581308146, 0.0, 1.0, 0.0, 0.0, 0.0, 3.0, 4.694343178515776, 0.9697619582633432, 0.0, 0.0, 0.0, 0.0, 0.0, 3.0, 0.0, 0.0, 2.730884295874217, 0.0, 0.0, 0.0, 5.325343334544434, 0.0, 0.0, 0.0, 3.0, 0.904821240733993, 2.095178759266007, 0.0, 2.674656665455565, 0.0, 1.9547465456524686, 0.0, 2.421621806115063, 0.0, 0.0, 0.0, 0.0, 0.0, 0.0, 0.0, 2.0406198732416674, 0.0, 0.0, 0.0, 2.869047819248631, 0.0, 0.0, 2.095178759266007, 0.0, 3.0, 0.0, 0.0, 0.0, 0.0, 0.0, 0.0, 1.8623828888595892, 0.0, 0.0, 0.0, 0.0, 0.0, 0.0, 0.0, 0.0, 0.0, 0.1570728014904938, 0.0, 0.0, 3.1739369448597747, 3.2933460934213312, 0.0, 5.764518058130815, 2.0, 2.7645180581308146, 0.0, 1.0, 0.3458891766376963, 0.623872781625647, 0.0, 0.0, 1.272212929247301, 0.6675729015680126, 1.0602141691846865, 1.7522073300679217, 1.0, 0.24779266993207835, 1.7069538757203901, 0.0, 0.0, 0.0, 0.2477926699320784, 0.0, 0.0, 2.0, 1.0, 0.1570728014904938, 0.0, 0.0, 5.480673495506919, 2.51932650449308, 0.0, 0.0, 2.0, 0.9409483106081437, 0.059051689391856114, 2.0, 6.0, 0.0, 1.8690478192486306, 1.0, 0.0, 0.0, 1.0058808123649199, 0.8565020764946695, 0.0, 0.0, 5.0, 2.9876892719371075, 2.0, 0.0, 0.0, 1.0, 0.9397858308153135, 3.5224558485414166, 0.0, 0.0, 0.29304612427960985, 1.5738470077727387, 0.0, 0.0, 0.0, 1.6541108233623036, 0.0, 0.0, 0.0, 0.0, 0.0, 0.0, 0.0, 0.0, 0.0, 0.0, 0.0, 0.31245334681359527, 0.0, 0.8857755003478326, 0.0, 0.0, 0.0, 0.7277870707526991, 0.3324270984319875, 0.0, 1.9397858308153135, 0.0, 0.0, 0.0, 0.0, 0.0, 0.0, 0.0, 0.0, 0.0, 0.0, 0.0, 0.0, 0.0, 0.0, 0.0, 0.4261529922272614, 0.0, 0.0, 0.0, 0.0, 0.0, 0.0, 0.0, 0.0, 0.0, 0.0, 0.0, 1.0452534543475316, 0.0, 0.5193265044930806, 0.05905168939185632, 1.8429271985095061, 0.0, 0.0, 0.0, 0.0, 6.0, 0.0, 0.0, 0.0, 0.0, 0.6875466531864047, 0.0, 0.0, 0.0, 0.0, 0.0, 0.0, 0.376127218374353, 0.9941191876350801, 0.0, 0.0, 0.0, 0.0, 0.0, 0.0, 0.0, 0.02740861800360019, 0.0, 0.1309521807513693, 0.03280555118108624, 0.0, 0.0, 0.0, 1.5789179646647187, 0.0, 0.0, 0.0, 0.0, 0.0, 0.0, 0.0, 0.0, 0.0, 0.0, 0.0, 0.0, 0.0, 0.0, 0.0, 0.0, 0.0, 0.0, 0.0, 0.0, 1.532716961718894, 0.0, 0.0, 0.0, 0.0, 0.0, 1.0, 0.5876972699737159, 1.0, 0.0, 0.0, 0.0, 0.0, 0.0, 1.0, 0.0, 0.0, 0.3413605369842772, 0.0, 0.0, 0.0, 0.6656679168180543, 0.0, 0.0, 0.0, 1.0, 0.3016070802446643, 0.2618973449082509, 0.0, 0.3343320831819457, 0.0, 1.0, 0.0, 0.5426917634959119, 0.0, 0.0, 0.0, 0.0, 0.0, 0.0, 0.0, 0.45730823650408825, 0.0, 0.0, 0.0, 1.0, 0.0, 0.0, 0.6983929197553357, 0.0, 1.0, 0.0, 0.0, 0.0, 0.0, 0.0, 0.0, 1.0, 0.0, 0.0, 0.0, 0.0, 0.0, 0.0, 0.0, 0.0, 0.0, 1.0, 0.0, 0.0, 0.39674211810747184, 0.4123027300262842, 0.0, 1.0]  :with objective: -623.580672700806

  Local solver returns a feasible point with value -623.5807
disc:  333  :[0.0, 1.8, 2.0]
disc:  334  :[0.0, 2.1645180581308145, 3.3645180581308147, 6.0]
disc:  335  :[0.0, 0.1, 1.0]
disc:  336  :[0.0, 0.9, 1.0]
disc:  337  :[0.0, 0.1458891766376963, 0.5458891766376963, 2.0]
disc:  338  :[0.0, 0.523872781625647, 0.7238727816256469, 1.0]
disc:  339  :[0.0, 0.2, 2.0]
disc:  340  :[0.0, 0.2, 2.0]
disc:  341  :[0.0, 1.072212929247301, 1.472212929247301, 2.0]
disc:  342  :[0.0, 0.5675729015680127, 0.7675729015680126, 1.0]
disc:  343  :[0.0, 0.8602141691846865, 1.2602141691846864, 2.0]
disc:  344  :[0.0, 1.5522073300679218, 1.9522073300679217, 2.0]
disc:  345  :[0.0, 0.9, 1.0]
disc:  346  :[0.0, 0.5477926699320783, 3.0]
disc:  347  :[0.0, 1.5069538757203902, 1.90695387572039, 2.0]
disc:  348  :[0.0, 0.6, 6.0]
disc:  349  :[0.0, 0.2, 2.0]
disc:  350  :[0.0, 0.1, 1.0]
disc:  351  :[0.0, 0.0477926699320784, 0.44779266993207845, 2.0]
disc:  352  :[0.0, 0.6, 6.0]
disc:  353  :[0.0, 0.1, 1.0]
disc:  354  :[0.0, 1.8, 2.0]
disc:  355  :[0.0, 0.9, 1.0]
disc:  356  :[0.0, 0.3570728014904938, 2.0]
disc:  357  :[0.0, 0.1, 1.0]
disc:  358  :[0.0, 0.2, 2.0]
disc:  359  :[0.0, 4.88067349550692, 6.0]
disc:  360  :[0.0, 1.91932650449308, 3.1193265044930802, 6.0]
disc:  361  :[0.0, 0.2, 2.0]
disc:  362  :[0.0, 0.1, 1.0]
disc:  363  :[0.0, 1.8, 2.0]
disc:  364  :[0.0, 0.8409483106081437, 1.0]
disc:  365  :[0.0, 0.3590516893918561, 3.0]
disc:  366  :[0.0, 1.8, 2.0]
disc:  367  :[0.0, 5.4, 6.0]
disc:  368  :[0.0, 0.2, 2.0]
disc:  369  :[0.0, 1.6690478192486307, 2.0]
disc:  370  :[0.0, 0.9, 1.0]
disc:  371  :[0.0, 0.2, 2.0]
disc:  372  :[0.0, 0.2, 2.0]
disc:  373  :[0.0, 0.8058808123649199, 1.2058808123649198, 2.0]
disc:  374  :[0.0, 0.2565020764946695, 1.4565020764946695, 6.0]
disc:  375  :[0.0, 0.2, 2.0]
disc:  376  :[0.0, 0.2, 2.0]
disc:  377  :[0.0, 4.4, 5.6, 6.0]
disc:  378  :[0.0, 2.3876892719371074, 3.5876892719371076, 6.0]
disc:  379  :[0.0, 1.8, 2.0]
disc:  380  :[0.0, 0.1, 1.0]
disc:  381  :[0.0, 0.3, 3.0]
disc:  382  :[0.0, 0.7, 1.3, 3.0]
disc:  383  :[0.0, 0.7397858308153136, 1.1397858308153135, 2.0]
disc:  384  :[0.0, 2.9224558485414165, 4.122455848541416, 6.0]
disc:  385  :[0.0, 0.2, 2.0]
disc:  502  :[0.0, 0.1, 1.0]
disc:  503  :[0.0, 0.1, 1.0]
disc:  504  :[0.0, 0.1, 1.0]
disc:  505  :[0.0, 0.9, 1.0]
disc:  506  :[0.0, 0.4876972699737159, 0.6876972699737158, 1.0]
disc:  507  :[0.0, 0.9, 1.0]
disc:  508  :[0.0, 0.1, 1.0]
disc:  509  :[0.0, 0.1, 1.0]
disc:  510  :[0.0, 0.1, 1.0]
disc:  511  :[0.0, 0.1, 1.0]
disc:  512  :[0.0, 0.1, 1.0]
disc:  513  :[0.0, 0.9, 1.0]
disc:  514  :[0.0, 0.1, 1.0]
disc:  515  :[0.0, 0.1, 1.0]
disc:  516  :[0.0, 0.2413605369842772, 0.44136053698427724, 1.0]
disc:  517  :[0.0, 0.1, 1.0]
disc:  518  :[0.0, 0.1, 1.0]
disc:  519  :[0.0, 0.1, 1.0]
disc:  520  :[0.0, 0.5656679168180543, 0.7656679168180542, 1.0]
disc:  521  :[0.0, 0.1, 1.0]
disc:  522  :[0.0, 0.1, 1.0]
disc:  523  :[0.0, 0.1, 1.0]
disc:  524  :[0.0, 0.9, 1.0]
disc:  525  :[0.0, 0.2016070802446643, 0.4016070802446643, 1.0]
disc:  526  :[0.0, 0.1618973449082509, 0.3618973449082509, 1.0]
disc:  527  :[0.0, 0.1, 1.0]
disc:  528  :[0.0, 0.23433208318194568, 0.4343320831819457, 1.0]
disc:  529  :[0.0, 0.1, 1.0]
disc:  530  :[0.0, 0.9, 1.0]
disc:  531  :[0.0, 0.1, 1.0]
disc:  532  :[0.0, 0.4426917634959119, 0.6426917634959118, 1.0]
disc:  533  :[0.0, 0.1, 1.0]
disc:  534  :[0.0, 0.1, 1.0]
disc:  535  :[0.0, 0.1, 1.0]
disc:  536  :[0.0, 0.1, 1.0]
disc:  537  :[0.0, 0.1, 1.0]
disc:  538  :[0.0, 0.1, 1.0]
disc:  539  :[0.0, 0.1, 1.0]
disc:  540  :[0.0, 0.3573082365040883, 0.5573082365040882, 1.0]
disc:  541  :[0.0, 0.1, 1.0]
disc:  542  :[0.0, 0.1, 1.0]
disc:  543  :[0.0, 0.1, 1.0]
disc:  544  :[0.0, 0.9, 1.0]
disc:  545  :[0.0, 0.1, 1.0]
disc:  546  :[0.0, 0.1, 1.0]
disc:  547  :[0.0, 0.5983929197553357, 0.7983929197553357, 1.0]
disc:  548  :[0.0, 0.1, 1.0]
disc:  549  :[0.0, 0.9, 1.0]
disc:  550  :[0.0, 0.1, 1.0]
disc:  551  :[0.0, 0.1, 1.0]
disc:  552  :[0.0, 0.1, 1.0]
disc:  553  :[0.0, 0.1, 1.0]
disc:  554  :[0.0, 0.1, 1.0]
disc:  555  :[0.0, 0.1, 1.0]
disc:  556  :[0.0, 0.9, 1.0]
disc:  557  :[0.0, 0.1, 1.0]
disc:  558  :[0.0, 0.1, 1.0]
disc:  559  :[0.0, 0.1, 1.0]
disc:  560  :[0.0, 0.1, 1.0]
disc:  561  :[0.0, 0.1, 1.0]
disc:  562  :[0.0, 0.1, 1.0]
disc:  563  :[0.0, 0.1, 1.0]
disc:  564  :[0.0, 0.1, 1.0]
disc:  565  :[0.0, 0.1, 1.0]
disc:  566  :[0.0, 0.9, 1.0]
disc:  567  :[0.0, 0.1, 1.0]
disc:  568  :[0.0, 0.1, 1.0]
disc:  569  :[0.0, 0.29674211810747186, 0.4967421181074718, 1.0]
disc:  570  :[0.0, 0.31230273002628417, 0.5123027300262842, 1.0]
disc:  571  :[0.0, 0.1, 1.0]
disc:  572  :[0.0, 0.9, 1.0]
  Completed presolve in 21.41s
LOWER-BOUNDING ITERATIONS
====================================================================================================
| Iter   | Incumbent       | Best Incumbent      | Lower Bound        | Gap (%)         | Time      
| finish | -623.5807       | -623.5807           | -626.8537          | 0.525           | 40.2s            
Final UBD: -623.580672700806
Final LBD: -626.8537451887605
====================================================================================================

*** Alpine ended with status OTHER_LIMIT ***

 Total time for local solves: 19.2s

 Total time for solving max-min problems: 0.0s

 Total time excluding max-min time: 40.2s

presolve objective value: -623.580672700806
w_opt: 1-dimensional DenseAxisArray{Float64,1,...} with index sets:
    Dimension 1, [(25, 1, 2), (25, 1, 1), (25, 1, 14), (20, 1, 2), (20, 1, 1), (20, 1, 14), (1, 1, 2), (1, 1, 1), (1, 1, 14), (2, 1, 2)  …  (20, 15, 23), (20, 15, 3), (8, 15, 30), (8, 15, 29), (8, 15, 23), (8, 15, 3), (2, 15, 30), (2, 15, 29), (2, 15, 23), (2, 15, 3)]
And data, a 261-element Vector{Float64}:
 0.5100140298336332
 1.9116077762814299
 0.0
 0.4297718009816804
 1.610848072259987
 0.0
 0.0
 0.0
 0.0
 0.0
 0.0
 0.0
 0.0
 0.0
 0.0
 0.0
 2.0
 0.0
 0.0
 1.0
 0.0
 0.0
 0.0
 0.0
 0.0
 0.0
 0.0
 0.0
 0.0
 2.9384863498685796
 1.7558568286471967
 0.0
 0.0
 0.0
 0.0
 0.0
 0.0
 0.0
 0.0
 0.0
 0.0
 2.061513650131421
 1.2318324432899108
 0.0
 0.0
 0.0
 0.0
 0.0
 0.0
 1.0058808123649199
 0.8565020764946695
 0.0
 0.0
 0.0
 0.0
 0.0
 0.0
 0.0
 0.0
 1.8690478192486306
 1.0
 0.0
 0.0
 0.0
 0.0
 0.0
 0.0
 0.0
 0.0
 0.0
 0.0
 0.0
 0.0
 0.0
 0.6827210739685544
 2.048163221905663
 0.0
 0.5237946898165021
 1.5713840694495051
 0.0
 0.0
 0.0
 0.0
 0.0
 0.0
 0.0
 0.0
 0.0
 0.0
 0.0
 0.0
 0.0
 0.7934842362149437
 2.380452708644831
 0.0
 0.0
 0.0
 0.0
 0.0
 0.0
 0.0
 2.0
 0.9409483106081437
 0.059051689391856114
 0.0
 0.0
 0.0
 0.0
 0.0
 0.0
 0.0
 0.0
 0.0
 0.0
 0.0
 0.0
 0.0
 0.0
 3.6483085085140146
 1.6770348260304193
 0.0
 0.0
 0.0
 1.8323649869929042
 0.842291678462661
 0.0
 0.0
 0.0
 0.0
 0.0
 0.0
 0.0
 0.0
 0.0
 0.0
 0.0
 0.0
 0.0
 0.0
 0.0
 0.0
 0.0
 0.0
 0.0
 0.0
 0.0
 0.0
 0.0
 0.0
 0.0
 0.0
 0.1570728014904938
 0.0
 0.6032141604893286
 0.3016070802446643
 0.0
 0.0
 1.3967858395106714
 0.6983929197553357
 0.0
 0.0
 0.0
 0.0
 0.0
 0.0
 0.0
 0.0
 0.0
 0.0
 0.0
 0.0
 0.0
 0.0
 1.7069538757203901
 0.0
 0.0
 0.0
 0.2477926699320784
 0.0
 0.0
 0.0
 0.0
 0.0
 0.0
 0.0
 0.0
 0.0
 0.0
 0.0
 0.0
 0.0
 0.0
 0.0
 0.0
 1.7522073300679217
 1.0
 0.24779266993207835
 0.0
 0.0
 0.0
 0.0
 0.0
 0.0
 0.0
 0.0
 0.0
 1.272212929247301
 0.6675729015680126
 1.0602141691846865
 0.0
 0.0
 0.0
 0.0
 0.0
 0.0
 0.0
 0.0
 0.0
 0.0
 0.0
 0.0
 0.0
 0.0
 0.0
 0.0
 0.3458891766376963
 0.623872781625647
 0.0
 0.0
 0.0
 0.0
 0.0
 0.0
 0.0
 0.0
 0.0
 0.0
 0.0
 0.0
 0.0
 0.0
 0.0
 0.0
 0.0
 0.0
 0.0
 0.0
 0.0
 0.0
 0.0
 0.0
 0.0
 0.0
 0.0
 0.0
 0.0
 0.0
 2.0
 2.7645180581308146
 0.0
 1.0
x_ij_opt: 1-dimensional DenseAxisArray{Float64,1,...} with index sets:
    Dimension 1, [(43, 30), (43, 22), (43, 6), (44, 22), (45, 30), (45, 29), (45, 28), (45, 24), (45, 23), (40, 29)  …  (5, 7), (5, 14), (6, 4), (6, 3), (1, 14), (1, 10), (1, 23), (1, 1), (3, 2), (3, 1)]
And data, a 116-element Vector{Float64}:
 0.0
 0.29304612427960985
 1.5738470077727387
 0.0
 0.0
 0.0
 1.6541108233623036
 0.0
 0.0
 0.0
 0.0
 0.0
 0.0
 0.0
 0.0
 0.0
 0.0
 0.0
 0.31245334681359527
 0.0
 0.8857755003478326
 0.0
 0.0
 0.0
 0.7277870707526991
 0.3324270984319875
 0.0
 1.9397858308153135
 0.0
 0.0
 0.0
 0.0
 0.0
 0.0
 0.0
 0.0
 0.0
 0.0
 0.0
 0.0
 0.0
 0.0
 0.0
 0.4261529922272614
 0.0
 0.0
 0.0
 0.0
 0.0
 0.0
 0.0
 0.0
 0.0
 0.0
 0.0
 1.0452534543475316
 0.0
 0.5193265044930806
 0.05905168939185632
 1.8429271985095061
 0.0
 0.0
 0.0
 0.0
 6.0
 0.0
 0.0
 0.0
 0.0
 0.6875466531864047
 0.0
 0.0
 0.0
 0.0
 0.0
 0.0
 0.376127218374353
 0.9941191876350801
 0.0
 0.0
 0.0
 0.0
 0.0
 0.0
 0.0
 0.02740861800360019
 0.0
 0.1309521807513693
 0.03280555118108624
 0.0
 0.0
 0.0
 1.5789179646647187
 0.0
 0.0
 0.0
 0.0
 0.0
 0.0
 0.0
 0.0
 0.0
 0.0
 0.0
 0.0
 0.0
 0.0
 0.0
 0.0
 0.0
 0.0
 0.0
 0.0
 1.532716961718894
 0.0
 0.0
x_il_opt: 1-dimensional DenseAxisArray{Float64,1,...} with index sets:
    Dimension 1, [(43, 15), (43, 14), (44, 15), (44, 13), (44, 3), (40, 14), (40, 2), (41, 14), (42, 6), (37, 13)  …  (4, 13), (5, 2), (5, 7), (5, 9), (6, 11), (1, 1), (1, 6), (1, 3), (2, 1), (2, 15)]
And data, a 71-element Vector{Float64}:
 0.0
 0.0
 0.0
 3.0
 4.694343178515776
 0.9697619582633432
 0.0
 0.0
 0.0
 0.0
 0.0
 3.0
 0.0
 0.0
 2.730884295874217
 0.0
 0.0
 0.0
 5.325343334544434
 0.0
 0.0
 0.0
 3.0
 0.904821240733993
 2.095178759266007
 0.0
 2.674656665455565
 0.0
 1.9547465456524686
 0.0
 2.421621806115063
 0.0
 0.0
 0.0
 0.0
 0.0
 0.0
 0.0
 2.0406198732416674
 0.0
 0.0
 0.0
 2.869047819248631
 0.0
 0.0
 2.095178759266007
 0.0
 3.0
 0.0
 0.0
 0.0
 0.0
 0.0
 0.0
 1.8623828888595892
 0.0
 0.0
 0.0
 0.0
 0.0
 0.0
 0.0
 0.0
 0.0
 0.1570728014904938
 0.0
 0.0
 3.1739369448597747
 3.2933460934213312
 0.0
 5.764518058130815
x_lj_opt: 1-dimensional DenseAxisArray{Float64,1,...} with index sets:
    Dimension 1, [(15, 30), (15, 29), (15, 23), (15, 3), (14, 28), (14, 27), (14, 10), (14, 24), (13, 26), (13, 25)  …  (3, 6), (3, 5), (3, 29), (2, 4), (2, 3), (2, 1), (2, 5), (1, 2), (1, 1), (1, 14)]
And data, a 53-element Vector{Float64}:
 2.0
 2.7645180581308146
 0.0
 1.0
 0.3458891766376963
 0.623872781625647
 0.0
 0.0
 1.272212929247301
 0.6675729015680126
 1.0602141691846865
 1.7522073300679217
 1.0
 0.24779266993207835
 1.7069538757203901
 0.0
 0.0
 0.0
 0.2477926699320784
 0.0
 0.0
 2.0
 1.0
 0.1570728014904938
 0.0
 0.0
 5.480673495506919
 2.51932650449308
 0.0
 0.0
 2.0
 0.9409483106081437
 0.059051689391856114
 2.0
 6.0
 0.0
 1.8690478192486306
 1.0
 0.0
 0.0
 1.0058808123649199
 0.8565020764946695
 0.0
 0.0
 5.0
 2.9876892719371075
 2.0
 0.0
 0.0
 1.0
 0.9397858308153135
 3.5224558485414166
 0.0
q_opt: 1-dimensional DenseAxisArray{Float64,1,...} with index sets:
    Dimension 1, [(43, 15), (43, 14), (44, 15), (44, 13), (44, 3), (40, 14), (40, 2), (41, 14), (42, 6), (37, 13)  …  (4, 13), (5, 2), (5, 7), (5, 9), (6, 11), (1, 1), (1, 6), (1, 3), (2, 1), (2, 15)]
And data, a 71-element Vector{Float64}:
 0.0
 0.0
 0.0
 1.0
 0.5876972699737159
 1.0
 0.0
 0.0
 0.0
 0.0
 0.0
 1.0
 0.0
 0.0
 0.3413605369842772
 0.0
 0.0
 0.0
 0.6656679168180543
 0.0
 0.0
 0.0
 1.0
 0.3016070802446643
 0.2618973449082509
 0.0
 0.3343320831819457
 0.0
 1.0
 0.0
 0.5426917634959119
 0.0
 0.0
 0.0
 0.0
 0.0
 0.0
 0.0
 0.45730823650408825
 0.0
 0.0
 0.0
 1.0
 0.0
 0.0
 0.6983929197553357
 0.0
 1.0
 0.0
 0.0
 0.0
 0.0
 0.0
 0.0
 1.0
 0.0
 0.0
 0.0
 0.0
 0.0
 0.0
 0.0
 0.0
 0.0
 1.0
 0.0
 0.0
 0.39674211810747184
 0.4123027300262842
 0.0
 1.0
