
PROBLEM STATISTICS
  Objective sense = Min
  # Variables = 572
  # Bin-Int Variables = 0
  # Constraints = 621
  # NL Constraints = 261
  # Linear Constraints = 360
  # Detected convex constraints = 0
  # Detected nonlinear terms = 261
  # Variables involved in nonlinear terms = 124
  # Potential variables for partitioning = 124
SUB-SOLVERS USED BY ALPINE
  NLP local solver = Knitro
  MIP solver = Gurobi
ALPINE CONFIGURATION
  Maximum iterations (lower-bounding MIPs) =  1
  Relative global optimality gap = 0.01%
  Potential variables chosen for partitioning = All
  Discretization ratio = 10
  Bound-tightening presolve = false
PRESOLVE 
  Doing local search

Feasible solution found during presolve: [1.159895001315305, 0.0, 0.0, 0.8401049986846948, 0.0, 0.0, 0.0, 0.0, 0.0, 0.0, 0.0, 0.0, 0.0, 0.0, 0.0, 0.0, 2.0, 0.0, 0.0, 1.0, 0.0, 0.0, 0.0, 0.0, 0.0, 0.0, 0.0, 0.0, 0.22339764003029097, 1.7991699677920814, 0.8561043406449578, 0.0, 0.0, 0.0, 0.39743764521082986, 3.2008300322079184, 1.5230603741139213, 0.0, 0.0, 0.0, 0.0, 0.0, 0.0, 0.0, 0.0, 0.0, 0.0, 0.0, 0.0, 1.098820758748075, 0.7314439221660827, 0.0, 0.0, 0.0, 0.0, 0.0, 0.0, 0.0, 0.0, 2.0, 1.0, 0.0, 0.0, 0.0, 0.0, 0.0, 0.0, 0.0, 0.0, 0.0, 0.0, 0.75, 2.25, 0.0, 0.2076160539111698, 0.6228481617335094, 0.0, 0.5423839460888298, 1.6271518382664893, 0.0, 0.0, 0.0, 0.0, 0.0, 0.0, 0.0, 0.0, 0.0, 0.0, 0.0, 0.0, 0.0, 0.5000000000000002, 1.5000000000000007, 0.0, 0.0, 0.0, 0.0, 0.0, 0.0, 0.0, 2.0, 0.9948112917795534, 0.0, 0.0, 0.0, 0.0, 0.0, 0.0, 0.0, 0.0, 0.0, 0.0, 0.0, 0.0, 0.0, 0.0, 0.0, 3.510536098797676, 3.2672482653077988, 0.0, 0.0, 0.0, 0.633043466688832, 0.5891721692056943, 0.0, 0.0, 0.0, 0.0, 0.0, 0.0, 0.0, 0.0, 0.0, 0.0, 0.0, 0.0, 0.0, 0.0, 0.0, 0.0, 0.0, 0.0, 0.0, 0.0, 0.0, 0.0, 0.19499159173961245, 0.0, 0.0, 0.0, 0.0, 0.0, 0.5536428104297871, 0.27682140521489357, 0.0, 0.0, 1.4463571895702128, 0.7231785947851064, 0.0, 0.0, 0.0, 0.0, 0.0, 0.0, 0.0, 0.0, 0.0, 0.0, 0.0, 0.0, 0.0, 0.0, 1.4138256435194694, 0.0, 0.0, 0.0, 0.1740387131601058, 0.0, 0.0, 0.0, 0.0, 0.0, 0.0, 0.0, 0.0, 0.0, 0.0, 0.0, 0.0, 0.0, 0.0, 0.0, 0.0, 1.8259612868398942, 1.0, 0.17403871316010536, 0.0, 0.0, 0.0, 0.0, 0.0, 0.0, 0.0, 0.0, 0.0, 1.4913078598909755, 0.7456539299454876, 0.0, 0.5086921401090247, 0.2543460700545123, 0.0, 0.0, 0.0, 0.0, 0.0, 0.0, 0.0, 0.0, 0.0, 0.0, 0.0, 0.0, 0.0, 0.0, 0.3307038740481127, 0.6748731454438484, 0.0, 0.0, 0.0, 0.0, 0.0, 0.0, 0.0, 0.0, 0.0, 0.0, 0.0, 0.0, 0.0, 0.0, 0.0, 0.0, 0.0, 0.0, 0.0, 0.0, 0.0, 0.0, 0.1541354838893041, 0.09843560478446682, 0.0, 0.07706774194465205, 0.0, 0.0, 0.0, 0.0, 1.845864516110696, 1.1788251829412277, 0.0, 0.922932258055348, 0.0, 0.0, 0.0, 2.236961789836463, 2.87867194846733, 1.005577019491961, 0.0, 0.0, 3.0, 0.7630382101635371, 0.0, 3.0, 0.0, 0.0, 0.8304642156446792, 0.0, 0.0, 0.0, 6.777784364105474, 0.0, 0.0, 0.0, 3.0, 0.8304642156446806, 2.169535784355319, 0.0, 1.2222156358945262, 0.0, 1.5878643566795758, 0.19499159173961245, 1.159895001315305, 0.0, 0.0, 0.0, 0.0, 0.0, 0.0, 0.0, 0.8401049986846948, 0.329638830618423, 0.0, 0.0, 3.0, 0.0, 0.0, 2.169535784355319, 0.0, 2.9948112917795533, 0.0, 0.0, 0.0, 0.0, 0.0, 0.0, 1.8302646809141576, 0.0, 0.0, 5.121328051532669, 0.0, 0.0, 0.0, 0.0, 0.0, 0.0, 0.0, 0.0, 0.0, 2.000000000000001, 0.0, 0.0, 3.9476219571072715, 2.0, 1.2772607877256945, 0.0, 1.0, 0.3307038740481127, 0.6748731454438484, 0.0, 0.0, 2.0, 1.0, 0.0, 1.8259612868398942, 1.0, 0.17403871316010563, 1.4138256435194694, 0.0, 0.0, 0.0, 0.1740387131601058, 0.0, 0.0, 2.0, 1.0, 0.19499159173961245, 0.0, 0.0, 4.143579565486507, 3.8564204345134927, 0.0, 0.0, 2.0, 0.9948112917795534, 0.0, 2.0, 6.0, 0.0, 2.0, 1.0, 0.0, 0.0, 1.098820758748075, 0.7314439221660827, 0.0, 0.6208352852411209, 5.0, 2.379164714758879, 2.0, 0.0, 0.0, 1.0, 2.0, 0.0, 0.0, 0.0, 0.5861743564805307, 0.8878746276959257, 0.0, 0.0, 0.0, 1.6692961259518873, 0.0, 0.0, 0.0, 0.0, 0.0, 0.0, 0.0, 0.0, 0.0, 0.0, 0.0, 0.25591243755126075, 0.0, 0.0, 0.0, 0.0, 0.0, 0.0, 0.0, 0.0, 2.0, 0.0, 2.169535784355321, 0.0, 0.0, 0.0, 0.0, 0.0, 0.0, 0.0, 0.0, 0.0, 0.0, 0.0, 0.0, 0.0, 0.4912900870629535, 0.0, 0.0, 0.0, 0.0, 0.0, 0.0, 0.0, 0.0, 0.0, 0.0, 0.0, 1.4121356433204242, 0.0, 1.6399246987246359, 0.0051887082204465605, 1.8050084082603877, 0.0, 0.0, 0.0, 0.0, 6.0, 0.0, 0.2164957357888571, 0.0, 0.0, 0.7440875624487392, 0.0, 0.0, 0.0, 0.0, 0.0, 0.0, 0.3251268545561516, 0.9011792412519253, 0.0, 0.0, 0.0, 0.0, 0.0, 0.0, 0.0, 0.0, 0.0, 0.0, 0.0, 0.0, 0.0, 0.0, 0.0, 0.0, 0.0, 0.0, 0.0, 0.0, 0.0, 0.0, 0.0, 0.0, 0.0, 0.0, 0.0, 0.0, 0.0, 0.0, 0.0, 0.0, 0.0, 0.0, 0.0, 6.0, 0.0, 0.0, 0.0, 0.0, 0.0, 0.7456539299454877, 0.3598339935584163, 1.0, 0.0, 0.0, 0.375, 0.2543460700545124, 0.0, 1.0, 0.0, 0.0, 0.1038080269555849, 0.0, 0.0, 0.0, 0.8472230455131843, 0.0, 0.0, 0.0, 1.0, 0.27682140521489357, 0.2711919730444149, 0.0, 0.15277695448681577, 0.0, 1.0, 1.0, 0.5799475006576525, 0.0, 0.0, 0.0, 0.0, 0.0, 0.0, 0.0, 0.4200524993423474, 0.07706774194465205, 0.0, 0.0, 1.0, 0.0, 0.0, 0.7231785947851064, 0.0, 1.0, 0.0, 0.0, 0.0, 0.0, 0.0, 0.0, 1.0, 0.0, 0.0, 0.6401660064415837, 0.0, 0.0, 0.0, 0.0, 0.0, 0.0, 0.0, 0.0, 0.0, 0.2500000000000001, 0.0, 0.0, 0.922932258055348]  :with objective: -639.0658506888226

  Local solver returns a feasible point with value -639.0659
disc:  333  :[0.0, 1.8, 2.0]
disc:  334  :[0.0, 0.6772607877256945, 1.8772607877256946, 6.0]
disc:  335  :[0.0, 0.1, 1.0]
disc:  336  :[0.0, 0.9, 1.0]
disc:  337  :[0.0, 0.13070387404811268, 0.5307038740481127, 2.0]
disc:  338  :[0.0, 0.5748731454438484, 0.7748731454438483, 1.0]
disc:  339  :[0.0, 0.2, 2.0]
disc:  340  :[0.0, 0.2, 2.0]
disc:  341  :[0.0, 1.8, 2.0]
disc:  342  :[0.0, 0.9, 1.0]
disc:  343  :[0.0, 0.2, 2.0]
disc:  344  :[0.0, 1.6259612868398943, 2.0]
disc:  345  :[0.0, 0.9, 1.0]
disc:  346  :[0.0, 0.4740387131601056, 3.0]
disc:  347  :[0.0, 1.2138256435194694, 1.6138256435194693, 2.0]
disc:  348  :[0.0, 0.6, 6.0]
disc:  349  :[0.0, 0.2, 2.0]
disc:  350  :[0.0, 0.1, 1.0]
disc:  351  :[0.0, 0.37403871316010584, 2.0]
disc:  352  :[0.0, 0.6, 6.0]
disc:  353  :[0.0, 0.1, 1.0]
disc:  354  :[0.0, 1.8, 2.0]
disc:  355  :[0.0, 0.9, 1.0]
disc:  356  :[0.0, 0.39499159173961246, 2.0]
disc:  357  :[0.0, 0.1, 1.0]
disc:  358  :[0.0, 0.2, 2.0]
disc:  359  :[0.0, 3.543579565486507, 4.743579565486507, 6.0]
disc:  360  :[0.0, 3.2564204345134926, 4.456420434513492, 6.0]
disc:  361  :[0.0, 0.2, 2.0]
disc:  362  :[0.0, 0.1, 1.0]
disc:  363  :[0.0, 1.8, 2.0]
disc:  364  :[0.0, 0.8948112917795534, 1.0]
disc:  365  :[0.0, 0.3, 3.0]
disc:  366  :[0.0, 1.8, 2.0]
disc:  367  :[0.0, 5.4, 6.0]
disc:  368  :[0.0, 0.2, 2.0]
disc:  369  :[0.0, 1.8, 2.0]
disc:  370  :[0.0, 0.9, 1.0]
disc:  371  :[0.0, 0.2, 2.0]
disc:  372  :[0.0, 0.2, 2.0]
disc:  373  :[0.0, 0.898820758748075, 1.298820758748075, 2.0]
disc:  374  :[0.0, 0.1314439221660827, 1.3314439221660828, 6.0]
disc:  375  :[0.0, 0.2, 2.0]
disc:  376  :[0.0, 0.42083528524112085, 0.8208352852411209, 2.0]
disc:  377  :[0.0, 4.4, 5.6, 6.0]
disc:  378  :[0.0, 1.779164714758879, 2.979164714758879, 6.0]
disc:  379  :[0.0, 1.8, 2.0]
disc:  380  :[0.0, 0.1, 1.0]
disc:  381  :[0.0, 0.3, 3.0]
disc:  382  :[0.0, 0.7, 1.3, 3.0]
disc:  383  :[0.0, 1.8, 2.0]
disc:  384  :[0.0, 0.6, 6.0]
disc:  385  :[0.0, 0.2, 2.0]
disc:  502  :[0.0, 0.1, 1.0]
disc:  503  :[0.0, 0.1, 1.0]
disc:  504  :[0.0, 0.1, 1.0]
disc:  505  :[0.0, 0.6456539299454878, 0.8456539299454877, 1.0]
disc:  506  :[0.0, 0.2598339935584163, 0.45983399355841625, 1.0]
disc:  507  :[0.0, 0.9, 1.0]
disc:  508  :[0.0, 0.1, 1.0]
disc:  509  :[0.0, 0.1, 1.0]
disc:  510  :[0.0, 0.275, 0.475, 1.0]
disc:  511  :[0.0, 0.15434607005451237, 0.35434607005451235, 1.0]
disc:  512  :[0.0, 0.1, 1.0]
disc:  513  :[0.0, 0.9, 1.0]
disc:  514  :[0.0, 0.1, 1.0]
disc:  515  :[0.0, 0.1, 1.0]
disc:  516  :[0.0, 0.003808026955584895, 0.20380802695558492, 1.0]
disc:  517  :[0.0, 0.1, 1.0]
disc:  518  :[0.0, 0.1, 1.0]
disc:  519  :[0.0, 0.1, 1.0]
disc:  520  :[0.0, 0.7472230455131843, 0.9472230455131843, 1.0]
disc:  521  :[0.0, 0.1, 1.0]
disc:  522  :[0.0, 0.1, 1.0]
disc:  523  :[0.0, 0.1, 1.0]
disc:  524  :[0.0, 0.9, 1.0]
disc:  525  :[0.0, 0.17682140521489356, 0.3768214052148936, 1.0]
disc:  526  :[0.0, 0.17119197304441489, 0.37119197304441487, 1.0]
disc:  527  :[0.0, 0.1, 1.0]
disc:  528  :[0.0, 0.05277695448681577, 0.2527769544868158, 1.0]
disc:  529  :[0.0, 0.1, 1.0]
disc:  530  :[0.0, 0.9, 1.0]
disc:  531  :[0.0, 0.9, 1.0]
disc:  532  :[0.0, 0.47994750065765257, 0.6799475006576525, 1.0]
disc:  533  :[0.0, 0.1, 1.0]
disc:  534  :[0.0, 0.1, 1.0]
disc:  535  :[0.0, 0.1, 1.0]
disc:  536  :[0.0, 0.1, 1.0]
disc:  537  :[0.0, 0.1, 1.0]
disc:  538  :[0.0, 0.1, 1.0]
disc:  539  :[0.0, 0.1, 1.0]
disc:  540  :[0.0, 0.32005249934234736, 0.5200524993423474, 1.0]
disc:  541  :[0.0, 0.17706774194465205, 1.0]
disc:  542  :[0.0, 0.1, 1.0]
disc:  543  :[0.0, 0.1, 1.0]
disc:  544  :[0.0, 0.9, 1.0]
disc:  545  :[0.0, 0.1, 1.0]
disc:  546  :[0.0, 0.1, 1.0]
disc:  547  :[0.0, 0.6231785947851064, 0.8231785947851064, 1.0]
disc:  548  :[0.0, 0.1, 1.0]
disc:  549  :[0.0, 0.9, 1.0]
disc:  550  :[0.0, 0.1, 1.0]
disc:  551  :[0.0, 0.1, 1.0]
disc:  552  :[0.0, 0.1, 1.0]
disc:  553  :[0.0, 0.1, 1.0]
disc:  554  :[0.0, 0.1, 1.0]
disc:  555  :[0.0, 0.1, 1.0]
disc:  556  :[0.0, 0.9, 1.0]
disc:  557  :[0.0, 0.1, 1.0]
disc:  558  :[0.0, 0.1, 1.0]
disc:  559  :[0.0, 0.5401660064415837, 0.7401660064415837, 1.0]
disc:  560  :[0.0, 0.1, 1.0]
disc:  561  :[0.0, 0.1, 1.0]
disc:  562  :[0.0, 0.1, 1.0]
disc:  563  :[0.0, 0.1, 1.0]
disc:  564  :[0.0, 0.1, 1.0]
disc:  565  :[0.0, 0.1, 1.0]
disc:  566  :[0.0, 0.1, 1.0]
disc:  567  :[0.0, 0.1, 1.0]
disc:  568  :[0.0, 0.1, 1.0]
disc:  569  :[0.0, 0.1500000000000001, 0.3500000000000001, 1.0]
disc:  570  :[0.0, 0.1, 1.0]
disc:  571  :[0.0, 0.1, 1.0]
disc:  572  :[0.0, 0.822932258055348, 1.0]
  Completed presolve in 8.7s
LOWER-BOUNDING ITERATIONS
====================================================================================================
| Iter   | Incumbent       | Best Incumbent      | Lower Bound        | Gap (%)         | Time      
| finish | -639.0659       | -639.0659           | -641.2275          | 0.338           | 25.59s           
Final UBD: -639.0658506888226
Final LBD: -641.2275483097277
====================================================================================================

*** Alpine ended with status OTHER_LIMIT ***

 Total time for local solves: 6.34s

 Total time for solving max-min problems: 0.0s

 Total time excluding max-min time: 25.59s

presolve objective value: -639.0658506888226
w_opt: 1-dimensional DenseAxisArray{Float64,1,...} with index sets:
    Dimension 1, [(25, 1, 2), (25, 1, 1), (25, 1, 14), (20, 1, 2), (20, 1, 1), (20, 1, 14), (1, 1, 2), (1, 1, 1), (1, 1, 14), (2, 1, 2)  …  (20, 15, 23), (20, 15, 3), (8, 15, 30), (8, 15, 29), (8, 15, 23), (8, 15, 3), (2, 15, 30), (2, 15, 29), (2, 15, 23), (2, 15, 3)]
And data, a 261-element Vector{Float64}:
 1.159895001315305
 0.0
 0.0
 0.8401049986846948
 0.0
 0.0
 0.0
 0.0
 0.0
 0.0
 0.0
 0.0
 0.0
 0.0
 0.0
 0.0
 2.0
 0.0
 0.0
 1.0
 0.0
 0.0
 0.0
 0.0
 0.0
 0.0
 0.0
 0.0
 0.22339764003029097
 1.7991699677920814
 0.8561043406449578
 0.0
 0.0
 0.0
 0.39743764521082986
 3.2008300322079184
 1.5230603741139213
 0.0
 0.0
 0.0
 0.0
 0.0
 0.0
 0.0
 0.0
 0.0
 0.0
 0.0
 0.0
 1.098820758748075
 0.7314439221660827
 0.0
 0.0
 0.0
 0.0
 0.0
 0.0
 0.0
 0.0
 2.0
 1.0
 0.0
 0.0
 0.0
 0.0
 0.0
 0.0
 0.0
 0.0
 0.0
 0.0
 0.75
 2.25
 0.0
 0.2076160539111698
 0.6228481617335094
 0.0
 0.5423839460888298
 1.6271518382664893
 0.0
 0.0
 0.0
 0.0
 0.0
 0.0
 0.0
 0.0
 0.0
 0.0
 0.0
 0.0
 0.0
 0.5000000000000002
 1.5000000000000007
 0.0
 0.0
 0.0
 0.0
 0.0
 0.0
 0.0
 2.0
 0.9948112917795534
 0.0
 0.0
 0.0
 0.0
 0.0
 0.0
 0.0
 0.0
 0.0
 0.0
 0.0
 0.0
 0.0
 0.0
 0.0
 3.510536098797676
 3.2672482653077988
 0.0
 0.0
 0.0
 0.633043466688832
 0.5891721692056943
 0.0
 0.0
 0.0
 0.0
 0.0
 0.0
 0.0
 0.0
 0.0
 0.0
 0.0
 0.0
 0.0
 0.0
 0.0
 0.0
 0.0
 0.0
 0.0
 0.0
 0.0
 0.0
 0.19499159173961245
 0.0
 0.0
 0.0
 0.0
 0.0
 0.5536428104297871
 0.27682140521489357
 0.0
 0.0
 1.4463571895702128
 0.7231785947851064
 0.0
 0.0
 0.0
 0.0
 0.0
 0.0
 0.0
 0.0
 0.0
 0.0
 0.0
 0.0
 0.0
 0.0
 1.4138256435194694
 0.0
 0.0
 0.0
 0.1740387131601058
 0.0
 0.0
 0.0
 0.0
 0.0
 0.0
 0.0
 0.0
 0.0
 0.0
 0.0
 0.0
 0.0
 0.0
 0.0
 0.0
 1.8259612868398942
 1.0
 0.17403871316010536
 0.0
 0.0
 0.0
 0.0
 0.0
 0.0
 0.0
 0.0
 0.0
 1.4913078598909755
 0.7456539299454876
 0.0
 0.5086921401090247
 0.2543460700545123
 0.0
 0.0
 0.0
 0.0
 0.0
 0.0
 0.0
 0.0
 0.0
 0.0
 0.0
 0.0
 0.0
 0.0
 0.3307038740481127
 0.6748731454438484
 0.0
 0.0
 0.0
 0.0
 0.0
 0.0
 0.0
 0.0
 0.0
 0.0
 0.0
 0.0
 0.0
 0.0
 0.0
 0.0
 0.0
 0.0
 0.0
 0.0
 0.0
 0.0
 0.1541354838893041
 0.09843560478446682
 0.0
 0.07706774194465205
 0.0
 0.0
 0.0
 0.0
 1.845864516110696
 1.1788251829412277
 0.0
 0.922932258055348
x_ij_opt: 1-dimensional DenseAxisArray{Float64,1,...} with index sets:
    Dimension 1, [(43, 30), (43, 22), (43, 6), (44, 22), (45, 30), (45, 29), (45, 28), (45, 24), (45, 23), (40, 29)  …  (5, 7), (5, 14), (6, 4), (6, 3), (1, 14), (1, 10), (1, 23), (1, 1), (3, 2), (3, 1)]
And data, a 116-element Vector{Float64}:
 0.0
 0.5861743564805307
 0.8878746276959257
 0.0
 0.0
 0.0
 1.6692961259518873
 0.0
 0.0
 0.0
 0.0
 0.0
 0.0
 0.0
 0.0
 0.0
 0.0
 0.0
 0.25591243755126075
 0.0
 0.0
 0.0
 0.0
 0.0
 0.0
 0.0
 0.0
 2.0
 0.0
 2.169535784355321
 0.0
 0.0
 0.0
 0.0
 0.0
 0.0
 0.0
 0.0
 0.0
 0.0
 0.0
 0.0
 0.0
 0.4912900870629535
 0.0
 0.0
 0.0
 0.0
 0.0
 0.0
 0.0
 0.0
 0.0
 0.0
 0.0
 1.4121356433204242
 0.0
 1.6399246987246359
 0.0051887082204465605
 1.8050084082603877
 0.0
 0.0
 0.0
 0.0
 6.0
 0.0
 0.2164957357888571
 0.0
 0.0
 0.7440875624487392
 0.0
 0.0
 0.0
 0.0
 0.0
 0.0
 0.3251268545561516
 0.9011792412519253
 0.0
 0.0
 0.0
 0.0
 0.0
 0.0
 0.0
 0.0
 0.0
 0.0
 0.0
 0.0
 0.0
 0.0
 0.0
 0.0
 0.0
 0.0
 0.0
 0.0
 0.0
 0.0
 0.0
 0.0
 0.0
 0.0
 0.0
 0.0
 0.0
 0.0
 0.0
 0.0
 0.0
 0.0
 0.0
 6.0
 0.0
 0.0
x_il_opt: 1-dimensional DenseAxisArray{Float64,1,...} with index sets:
    Dimension 1, [(43, 15), (43, 14), (44, 15), (44, 13), (44, 3), (40, 14), (40, 2), (41, 14), (42, 6), (37, 13)  …  (4, 13), (5, 2), (5, 7), (5, 9), (6, 11), (1, 1), (1, 6), (1, 3), (2, 1), (2, 15)]
And data, a 71-element Vector{Float64}:
 0.0
 0.0
 0.0
 2.236961789836463
 2.87867194846733
 1.005577019491961
 0.0
 0.0
 3.0
 0.7630382101635371
 0.0
 3.0
 0.0
 0.0
 0.8304642156446792
 0.0
 0.0
 0.0
 6.777784364105474
 0.0
 0.0
 0.0
 3.0
 0.8304642156446806
 2.169535784355319
 0.0
 1.2222156358945262
 0.0
 1.5878643566795758
 0.19499159173961245
 1.159895001315305
 0.0
 0.0
 0.0
 0.0
 0.0
 0.0
 0.0
 0.8401049986846948
 0.329638830618423
 0.0
 0.0
 3.0
 0.0
 0.0
 2.169535784355319
 0.0
 2.9948112917795533
 0.0
 0.0
 0.0
 0.0
 0.0
 0.0
 1.8302646809141576
 0.0
 0.0
 5.121328051532669
 0.0
 0.0
 0.0
 0.0
 0.0
 0.0
 0.0
 0.0
 0.0
 2.000000000000001
 0.0
 0.0
 3.9476219571072715
x_lj_opt: 1-dimensional DenseAxisArray{Float64,1,...} with index sets:
    Dimension 1, [(15, 30), (15, 29), (15, 23), (15, 3), (14, 28), (14, 27), (14, 10), (14, 24), (13, 26), (13, 25)  …  (3, 6), (3, 5), (3, 29), (2, 4), (2, 3), (2, 1), (2, 5), (1, 2), (1, 1), (1, 14)]
And data, a 53-element Vector{Float64}:
 2.0
 1.2772607877256945
 0.0
 1.0
 0.3307038740481127
 0.6748731454438484
 0.0
 0.0
 2.0
 1.0
 0.0
 1.8259612868398942
 1.0
 0.17403871316010563
 1.4138256435194694
 0.0
 0.0
 0.0
 0.1740387131601058
 0.0
 0.0
 2.0
 1.0
 0.19499159173961245
 0.0
 0.0
 4.143579565486507
 3.8564204345134927
 0.0
 0.0
 2.0
 0.9948112917795534
 0.0
 2.0
 6.0
 0.0
 2.0
 1.0
 0.0
 0.0
 1.098820758748075
 0.7314439221660827
 0.0
 0.6208352852411209
 5.0
 2.379164714758879
 2.0
 0.0
 0.0
 1.0
 2.0
 0.0
 0.0
q_opt: 1-dimensional DenseAxisArray{Float64,1,...} with index sets:
    Dimension 1, [(43, 15), (43, 14), (44, 15), (44, 13), (44, 3), (40, 14), (40, 2), (41, 14), (42, 6), (37, 13)  …  (4, 13), (5, 2), (5, 7), (5, 9), (6, 11), (1, 1), (1, 6), (1, 3), (2, 1), (2, 15)]
And data, a 71-element Vector{Float64}:
 0.0
 0.0
 0.0
 0.7456539299454877
 0.3598339935584163
 1.0
 0.0
 0.0
 0.375
 0.2543460700545124
 0.0
 1.0
 0.0
 0.0
 0.1038080269555849
 0.0
 0.0
 0.0
 0.8472230455131843
 0.0
 0.0
 0.0
 1.0
 0.27682140521489357
 0.2711919730444149
 0.0
 0.15277695448681577
 0.0
 1.0
 1.0
 0.5799475006576525
 0.0
 0.0
 0.0
 0.0
 0.0
 0.0
 0.0
 0.4200524993423474
 0.07706774194465205
 0.0
 0.0
 1.0
 0.0
 0.0
 0.7231785947851064
 0.0
 1.0
 0.0
 0.0
 0.0
 0.0
 0.0
 0.0
 1.0
 0.0
 0.0
 0.6401660064415837
 0.0
 0.0
 0.0
 0.0
 0.0
 0.0
 0.0
 0.0
 0.0
 0.2500000000000001
 0.0
 0.0
 0.922932258055348
