
PROBLEM STATISTICS
  Objective sense = Min
  # Variables = 572
  # Bin-Int Variables = 0
  # Constraints = 621
  # NL Constraints = 261
  # Linear Constraints = 360
  # Detected convex constraints = 0
  # Detected nonlinear terms = 261
  # Variables involved in nonlinear terms = 124
  # Potential variables for partitioning = 124
SUB-SOLVERS USED BY ALPINE
  NLP local solver = Knitro
  MIP solver = Gurobi
ALPINE CONFIGURATION
  Maximum iterations (lower-bounding MIPs) =  1
  Relative global optimality gap = 0.01%
  Potential variables chosen for partitioning = All
  Discretization ratio = 10
  Bound-tightening presolve = false
PRESOLVE 
  Doing local search

Feasible solution found during presolve: [1.298440347440284, 0.0, 0.0, 0.7015596525597163, 0.0, 0.0, 0.0, 0.0, 0.0, 0.0, 0.0, 0.0, 0.0, 0.0, 0.0, 0.0, 2.0, 0.0, 0.0, 1.0000000000000002, 0.0, 0.0, 0.0, 0.0, 0.0, 0.0, 0.0, 0.0, 0.0, 1.356820052821735, 0.8118983556535697, 0.0, 0.0, 0.0, 0.0, 3.643179947178265, 2.180017757190911, 0.0, 0.0, 0.0, 0.0, 0.0, 0.0, 0.0, 0.0, 0.0, 0.0, 0.0, 0.0, 1.3211966834030302, 1.6188050771995404, 0.0, 0.0, 0.0, 0.0, 0.0, 0.0, 0.0, 0.0, 2.0, 1.0, 0.0, 0.0, 0.0, 0.0, 0.0, 0.0, 0.0, 0.0, 0.0, 0.0, 0.75, 2.25, 0.0, 0.1968722317838865, 0.5906166953516595, 0.0, 0.4609354650106212, 1.3828063950318636, 0.0, 0.0, 0.0, 0.0, 0.0, 0.0, 0.0, 0.0, 0.0, 0.0, 0.0, 0.0, 0.0, 0.5921923032054924, 1.7765769096164772, 0.0, 0.0, 0.0, 0.0, 0.0, 0.0, 0.0, 1.8696219251288653, 0.7616088620491658, 0.3687692128219689, 0.0, 0.0, 0.0, 0.0, 0.0, 0.0, 0.0, 0.0, 0.0, 0.0, 0.0, 0.0, 0.0, 0.0, 4.646001372889744, 2.775745537816922, 0.0, 0.0, 0.0, 0.36198548388370805, 0.21626760540962647, 0.0, 0.0, 0.0, 0.0, 0.0, 0.0, 0.0, 0.0, 0.0, 0.0, 0.0, 0.0, 0.0, 0.0, 0.0, 0.0, 0.0, 0.0, 0.0, 0.0, 0.0, 0.0, 0.47115537138233377, 0.0, 0.0, 0.0, 0.3703470004083518, 0.0, 0.770838759971677, 0.3854193799858384, 0.0, 0.0, 1.2291612400283232, 0.6145806200141617, 0.0, 0.0, 0.0, 0.0, 0.0, 0.0, 0.0, 0.0, 0.0, 0.0, 0.0, 0.0, 0.0, 0.0, 2.0, 0.0, 0.0, 0.0, 0.7955728142910654, 0.0, 0.0, 0.0, 0.0, 0.0, 0.0, 0.0, 0.0, 0.0, 0.0, 0.0, 0.0, 0.0, 0.0, 0.0, 0.0, 1.2044271857089346, 1.0, 0.7955728142910656, 0.0, 0.0, 0.0, 0.0, 0.0, 0.0, 0.0, 0.0, 0.0, 1.530229575962049, 0.7651147879810244, 0.0, 0.4697704240379511, 0.23488521201897553, 0.0, 0.0, 0.0, 0.0, 0.0, 0.0, 0.0, 0.0, 0.0, 0.0, 0.0, 0.0, 0.0, 0.0, 0.0, 0.9979906453921513, 0.0, 0.0, 0.0, 0.0, 0.0, 0.0, 0.0, 0.0, 0.0, 0.0, 0.0, 0.0, 0.0, 0.0, 0.0, 0.0, 0.0, 0.0, 0.0, 0.0, 0.0, 0.0, 0.7834585767138031, 0.0, 0.0, 0.3917292883569016, 0.0, 0.0, 0.0, 0.0, 1.2165414232861969, 0.0, 0.0, 0.6082707116430984, 0.0, 0.0, 0.0, 2.2953443639430735, 2.168718408475305, 0.9979906453921513, 0.0, 0.0, 3.0, 0.7046556360569266, 0.0, 3.0, 0.0, 0.0, 0.787488927135546, 0.0, 0.0, 0.0, 7.421746910706665, 0.0, 0.0, 0.0, 3.0, 1.1562581399575154, 1.8437418600424849, 0.0, 0.5782530892933345, 0.0, 2.7955728142910656, 0.47115537138233377, 1.298440347440284, 0.0, 0.0, 0.0, 0.0, 0.0, 0.0, 0.0, 0.7015596525597163, 1.1751878650707046, 0.0, 0.0, 3.0, 0.0, 0.0, 1.8437418600424849, 0.0, 3.0, 0.0, 0.0, 0.0, 0.0, 0.0, 0.0, 2.9400017606025703, 0.0, 0.0, 5.823197704369176, 0.0, 0.0, 0.0, 0.0, 0.0, 0.0, 0.3703470004083518, 0.0, 0.0, 2.3687692128219697, 0.0, 0.0, 1.8248121349292954, 2.0, 0.0, 0.0, 1.0, 0.0, 0.9979906453921513, 0.0, 0.0, 2.0, 1.0, 0.0, 1.2044271857089346, 1.0, 0.7955728142910656, 2.0, 0.0, 0.0, 0.0, 0.7955728142910654, 0.0, 0.0, 2.0, 1.0, 0.8415023717906855, 0.0, 0.0, 5.007986856773452, 2.992013143226548, 0.0, 0.0, 1.8696219251288653, 0.7616088620491658, 0.3687692128219689, 2.0, 6.0, 0.0, 2.0, 1.0, 0.0, 0.0, 1.3211966834030302, 1.6188050771995404, 0.0, 0.0, 5.0, 2.9919161128444807, 2.0, 0.0, 0.0, 1.0000000000000002, 2.0, 0.0, 0.0, 0.0, 0.0, 1.4217469107066656, 0.0, 0.0, 0.0, 1.9760119340193174, 0.0, 0.0, 0.0, 0.0, 0.0, 0.0, 0.0, 0.0, 0.0, 0.0, 0.0, 0.22176564830723014, 0.0, 0.0, 0.0, 0.0, 0.0, 0.0, 0.0, 0.0, 2.0, 0.023988065980682656, 2.212511072864454, 0.0, 0.0, 0.0, 0.0, 0.0, 0.0, 0.0, 0.0, 0.0, 0.0, 0.0, 0.0, 0.0, 0.5782530892933343, 0.0, 0.0, 0.0, 0.0, 0.0, 0.0, 0.0, 0.0, 0.0, 0.0, 0.0, 0.20442718570893434, 0.0, 0.992013143226548, 0.23839113795083422, 1.1584976282093145, 0.0, 0.0, 0.0, 0.0, 6.0, 0.0, 0.0, 0.0, 0.0, 0.7782343516927699, 0.0, 0.0, 0.0, 0.0, 0.0, 0.0, 0.002009354607848706, 0.6788033165969699, 0.0, 0.0, 0.0, 0.0, 0.0, 0.0, 0.0, 0.0, 0.0, 0.0, 0.0, 0.0, 0.0, 0.0, 1.1847545938649773, 0.0, 0.0, 0.0, 0.0, 0.0, 0.0, 0.0, 0.0, 0.0, 0.0, 0.0, 0.0, 0.13037807487113487, 0.0, 0.0, 0.0, 0.0, 0.0, 0.0, 0.0, 5.631230787178031, 0.0, 0.0, 0.0, 0.0, 0.0, 0.7651147879810245, 0.271364010564347, 1.0, 0.0, 0.0, 0.375, 0.23488521201897555, 0.0, 1.0, 0.0, 0.0, 0.09843611589194325, 0.0, 0.0, 0.0, 0.9277183638383333, 0.0, 0.0, 0.0, 1.0, 0.3854193799858385, 0.2304677325053106, 0.0, 0.07228163616166682, 0.0, 1.0, 0.5598978531453604, 0.649220173720142, 0.0, 0.0, 0.0, 0.0, 0.0, 0.0, 0.0, 0.35077982627985815, 0.3917292883569016, 0.0, 0.0, 1.0, 0.0, 0.0, 0.6145806200141616, 0.0, 1.0, 0.0, 0.0, 0.0, 0.0, 0.0, 0.0, 1.0, 0.0, 0.0, 0.728635989435653, 0.0, 0.0, 0.0, 0.0, 0.0, 0.0, 0.4401021468546396, 0.0, 0.0, 0.2960961516027462, 0.0, 0.0, 0.6082707116430984]  :with objective: -621.4852887639883

  Local solver returns a feasible point with value -621.4853
disc:  333  :[0.0, 1.8, 2.0]
disc:  334  :[0.0, 0.6, 6.0]
disc:  335  :[0.0, 0.1, 1.0]
disc:  336  :[0.0, 0.9, 1.0]
disc:  337  :[0.0, 0.2, 2.0]
disc:  338  :[0.0, 0.8979906453921513, 1.0]
disc:  339  :[0.0, 0.2, 2.0]
disc:  340  :[0.0, 0.2, 2.0]
disc:  341  :[0.0, 1.8, 2.0]
disc:  342  :[0.0, 0.9, 1.0]
disc:  343  :[0.0, 0.2, 2.0]
disc:  344  :[0.0, 1.0044271857089346, 1.4044271857089345, 2.0]
disc:  345  :[0.0, 0.9, 1.0]
disc:  346  :[0.0, 0.49557281429106564, 1.0955728142910657, 3.0]
disc:  347  :[0.0, 1.8, 2.0]
disc:  348  :[0.0, 0.6, 6.0]
disc:  349  :[0.0, 0.2, 2.0]
disc:  350  :[0.0, 0.1, 1.0]
disc:  351  :[0.0, 0.5955728142910655, 0.9955728142910654, 2.0]
disc:  352  :[0.0, 0.6, 6.0]
disc:  353  :[0.0, 0.1, 1.0]
disc:  354  :[0.0, 1.8, 2.0]
disc:  355  :[0.0, 0.9, 1.0]
disc:  356  :[0.0, 0.6415023717906856, 1.0415023717906855, 2.0]
disc:  357  :[0.0, 0.1, 1.0]
disc:  358  :[0.0, 0.2, 2.0]
disc:  359  :[0.0, 4.407986856773452, 5.607986856773452, 6.0]
disc:  360  :[0.0, 2.392013143226548, 3.592013143226548, 6.0]
disc:  361  :[0.0, 0.2, 2.0]
disc:  362  :[0.0, 0.1, 1.0]
disc:  363  :[0.0, 1.6696219251288653, 2.0]
disc:  364  :[0.0, 0.6616088620491658, 0.8616088620491658, 1.0]
disc:  365  :[0.0, 0.0687692128219689, 0.6687692128219689, 3.0]
disc:  366  :[0.0, 1.8, 2.0]
disc:  367  :[0.0, 5.4, 6.0]
disc:  368  :[0.0, 0.2, 2.0]
disc:  369  :[0.0, 1.8, 2.0]
disc:  370  :[0.0, 0.9, 1.0]
disc:  371  :[0.0, 0.2, 2.0]
disc:  372  :[0.0, 0.2, 2.0]
disc:  373  :[0.0, 1.1211966834030302, 1.5211966834030302, 2.0]
disc:  374  :[0.0, 1.0188050771995405, 2.2188050771995402, 6.0]
disc:  375  :[0.0, 0.2, 2.0]
disc:  376  :[0.0, 0.2, 2.0]
disc:  377  :[0.0, 4.4, 5.6, 6.0]
disc:  378  :[0.0, 2.3919161128444806, 3.5919161128444808, 6.0]
disc:  379  :[0.0, 1.8, 2.0]
disc:  380  :[0.0, 0.1, 1.0]
disc:  381  :[0.0, 0.3, 3.0]
disc:  382  :[0.0, 0.7000000000000002, 1.3000000000000003, 3.0]
disc:  383  :[0.0, 1.8, 2.0]
disc:  384  :[0.0, 0.6, 6.0]
disc:  385  :[0.0, 0.2, 2.0]
disc:  502  :[0.0, 0.1, 1.0]
disc:  503  :[0.0, 0.1, 1.0]
disc:  504  :[0.0, 0.1, 1.0]
disc:  505  :[0.0, 0.6651147879810245, 0.8651147879810245, 1.0]
disc:  506  :[0.0, 0.171364010564347, 0.371364010564347, 1.0]
disc:  507  :[0.0, 0.9, 1.0]
disc:  508  :[0.0, 0.1, 1.0]
disc:  509  :[0.0, 0.1, 1.0]
disc:  510  :[0.0, 0.275, 0.475, 1.0]
disc:  511  :[0.0, 0.13488521201897555, 0.3348852120189756, 1.0]
disc:  512  :[0.0, 0.1, 1.0]
disc:  513  :[0.0, 0.9, 1.0]
disc:  514  :[0.0, 0.1, 1.0]
disc:  515  :[0.0, 0.1, 1.0]
disc:  516  :[0.0, 0.19843611589194327, 1.0]
disc:  517  :[0.0, 0.1, 1.0]
disc:  518  :[0.0, 0.1, 1.0]
disc:  519  :[0.0, 0.1, 1.0]
disc:  520  :[0.0, 0.8277183638383333, 1.0]
disc:  521  :[0.0, 0.1, 1.0]
disc:  522  :[0.0, 0.1, 1.0]
disc:  523  :[0.0, 0.1, 1.0]
disc:  524  :[0.0, 0.9, 1.0]
disc:  525  :[0.0, 0.28541937998583844, 0.4854193799858385, 1.0]
disc:  526  :[0.0, 0.1304677325053106, 0.3304677325053106, 1.0]
disc:  527  :[0.0, 0.1, 1.0]
disc:  528  :[0.0, 0.1722816361616668, 1.0]
disc:  529  :[0.0, 0.1, 1.0]
disc:  530  :[0.0, 0.9, 1.0]
disc:  531  :[0.0, 0.45989785314536047, 0.6598978531453604, 1.0]
disc:  532  :[0.0, 0.549220173720142, 0.7492201737201419, 1.0]
disc:  533  :[0.0, 0.1, 1.0]
disc:  534  :[0.0, 0.1, 1.0]
disc:  535  :[0.0, 0.1, 1.0]
disc:  536  :[0.0, 0.1, 1.0]
disc:  537  :[0.0, 0.1, 1.0]
disc:  538  :[0.0, 0.1, 1.0]
disc:  539  :[0.0, 0.1, 1.0]
disc:  540  :[0.0, 0.2507798262798582, 0.45077982627985813, 1.0]
disc:  541  :[0.0, 0.2917292883569016, 0.49172928835690155, 1.0]
disc:  542  :[0.0, 0.1, 1.0]
disc:  543  :[0.0, 0.1, 1.0]
disc:  544  :[0.0, 0.9, 1.0]
disc:  545  :[0.0, 0.1, 1.0]
disc:  546  :[0.0, 0.1, 1.0]
disc:  547  :[0.0, 0.5145806200141616, 0.7145806200141616, 1.0]
disc:  548  :[0.0, 0.1, 1.0]
disc:  549  :[0.0, 0.9, 1.0]
disc:  550  :[0.0, 0.1, 1.0]
disc:  551  :[0.0, 0.1, 1.0]
disc:  552  :[0.0, 0.1, 1.0]
disc:  553  :[0.0, 0.1, 1.0]
disc:  554  :[0.0, 0.1, 1.0]
disc:  555  :[0.0, 0.1, 1.0]
disc:  556  :[0.0, 0.9, 1.0]
disc:  557  :[0.0, 0.1, 1.0]
disc:  558  :[0.0, 0.1, 1.0]
disc:  559  :[0.0, 0.628635989435653, 0.828635989435653, 1.0]
disc:  560  :[0.0, 0.1, 1.0]
disc:  561  :[0.0, 0.1, 1.0]
disc:  562  :[0.0, 0.1, 1.0]
disc:  563  :[0.0, 0.1, 1.0]
disc:  564  :[0.0, 0.1, 1.0]
disc:  565  :[0.0, 0.1, 1.0]
disc:  566  :[0.0, 0.3401021468546396, 0.5401021468546396, 1.0]
disc:  567  :[0.0, 0.1, 1.0]
disc:  568  :[0.0, 0.1, 1.0]
disc:  569  :[0.0, 0.1960961516027462, 0.39609615160274625, 1.0]
disc:  570  :[0.0, 0.1, 1.0]
disc:  571  :[0.0, 0.1, 1.0]
disc:  572  :[0.0, 0.5082707116430984, 0.7082707116430984, 1.0]
  Completed presolve in 19.47s
LOWER-BOUNDING ITERATIONS
====================================================================================================
| Iter   | Incumbent       | Best Incumbent      | Lower Bound        | Gap (%)         | Time      
| finish | -621.4853       | -621.4853           | -639.2813          | 2.863           | 37.64s           
Final UBD: -621.4852887639883
Final LBD: -639.2812713168032
====================================================================================================

*** Alpine ended with status OTHER_LIMIT ***

 Total time for local solves: 17.26s

 Total time for solving max-min problems: 0.0s

 Total time excluding max-min time: 37.64s

presolve objective value: -621.4852887639883
w_opt: 1-dimensional DenseAxisArray{Float64,1,...} with index sets:
    Dimension 1, [(25, 1, 2), (25, 1, 1), (25, 1, 14), (20, 1, 2), (20, 1, 1), (20, 1, 14), (1, 1, 2), (1, 1, 1), (1, 1, 14), (2, 1, 2)  …  (20, 15, 23), (20, 15, 3), (8, 15, 30), (8, 15, 29), (8, 15, 23), (8, 15, 3), (2, 15, 30), (2, 15, 29), (2, 15, 23), (2, 15, 3)]
And data, a 261-element Vector{Float64}:
 1.298440347440284
 0.0
 0.0
 0.7015596525597163
 0.0
 0.0
 0.0
 0.0
 0.0
 0.0
 0.0
 0.0
 0.0
 0.0
 0.0
 0.0
 2.0
 0.0
 0.0
 1.0000000000000002
 0.0
 0.0
 0.0
 0.0
 0.0
 0.0
 0.0
 0.0
 0.0
 1.356820052821735
 0.8118983556535697
 0.0
 0.0
 0.0
 0.0
 3.643179947178265
 2.180017757190911
 0.0
 0.0
 0.0
 0.0
 0.0
 0.0
 0.0
 0.0
 0.0
 0.0
 0.0
 0.0
 1.3211966834030302
 1.6188050771995404
 0.0
 0.0
 0.0
 0.0
 0.0
 0.0
 0.0
 0.0
 2.0
 1.0
 0.0
 0.0
 0.0
 0.0
 0.0
 0.0
 0.0
 0.0
 0.0
 0.0
 0.75
 2.25
 0.0
 0.1968722317838865
 0.5906166953516595
 0.0
 0.4609354650106212
 1.3828063950318636
 0.0
 0.0
 0.0
 0.0
 0.0
 0.0
 0.0
 0.0
 0.0
 0.0
 0.0
 0.0
 0.0
 0.5921923032054924
 1.7765769096164772
 0.0
 0.0
 0.0
 0.0
 0.0
 0.0
 0.0
 1.8696219251288653
 0.7616088620491658
 0.3687692128219689
 0.0
 0.0
 0.0
 0.0
 0.0
 0.0
 0.0
 0.0
 0.0
 0.0
 0.0
 0.0
 0.0
 0.0
 4.646001372889744
 2.775745537816922
 0.0
 0.0
 0.0
 0.36198548388370805
 0.21626760540962647
 0.0
 0.0
 0.0
 0.0
 0.0
 0.0
 0.0
 0.0
 0.0
 0.0
 0.0
 0.0
 0.0
 0.0
 0.0
 0.0
 0.0
 0.0
 0.0
 0.0
 0.0
 0.0
 0.47115537138233377
 0.0
 0.0
 0.0
 0.3703470004083518
 0.0
 0.770838759971677
 0.3854193799858384
 0.0
 0.0
 1.2291612400283232
 0.6145806200141617
 0.0
 0.0
 0.0
 0.0
 0.0
 0.0
 0.0
 0.0
 0.0
 0.0
 0.0
 0.0
 0.0
 0.0
 2.0
 0.0
 0.0
 0.0
 0.7955728142910654
 0.0
 0.0
 0.0
 0.0
 0.0
 0.0
 0.0
 0.0
 0.0
 0.0
 0.0
 0.0
 0.0
 0.0
 0.0
 0.0
 1.2044271857089346
 1.0
 0.7955728142910656
 0.0
 0.0
 0.0
 0.0
 0.0
 0.0
 0.0
 0.0
 0.0
 1.530229575962049
 0.7651147879810244
 0.0
 0.4697704240379511
 0.23488521201897553
 0.0
 0.0
 0.0
 0.0
 0.0
 0.0
 0.0
 0.0
 0.0
 0.0
 0.0
 0.0
 0.0
 0.0
 0.0
 0.9979906453921513
 0.0
 0.0
 0.0
 0.0
 0.0
 0.0
 0.0
 0.0
 0.0
 0.0
 0.0
 0.0
 0.0
 0.0
 0.0
 0.0
 0.0
 0.0
 0.0
 0.0
 0.0
 0.0
 0.7834585767138031
 0.0
 0.0
 0.3917292883569016
 0.0
 0.0
 0.0
 0.0
 1.2165414232861969
 0.0
 0.0
 0.6082707116430984
x_ij_opt: 1-dimensional DenseAxisArray{Float64,1,...} with index sets:
    Dimension 1, [(43, 30), (43, 22), (43, 6), (44, 22), (45, 30), (45, 29), (45, 28), (45, 24), (45, 23), (40, 29)  …  (5, 7), (5, 14), (6, 4), (6, 3), (1, 14), (1, 10), (1, 23), (1, 1), (3, 2), (3, 1)]
And data, a 116-element Vector{Float64}:
 0.0
 0.0
 1.4217469107066656
 0.0
 0.0
 0.0
 1.9760119340193174
 0.0
 0.0
 0.0
 0.0
 0.0
 0.0
 0.0
 0.0
 0.0
 0.0
 0.0
 0.22176564830723014
 0.0
 0.0
 0.0
 0.0
 0.0
 0.0
 0.0
 0.0
 2.0
 0.023988065980682656
 2.212511072864454
 0.0
 0.0
 0.0
 0.0
 0.0
 0.0
 0.0
 0.0
 0.0
 0.0
 0.0
 0.0
 0.0
 0.5782530892933343
 0.0
 0.0
 0.0
 0.0
 0.0
 0.0
 0.0
 0.0
 0.0
 0.0
 0.0
 0.20442718570893434
 0.0
 0.992013143226548
 0.23839113795083422
 1.1584976282093145
 0.0
 0.0
 0.0
 0.0
 6.0
 0.0
 0.0
 0.0
 0.0
 0.7782343516927699
 0.0
 0.0
 0.0
 0.0
 0.0
 0.0
 0.002009354607848706
 0.6788033165969699
 0.0
 0.0
 0.0
 0.0
 0.0
 0.0
 0.0
 0.0
 0.0
 0.0
 0.0
 0.0
 0.0
 0.0
 1.1847545938649773
 0.0
 0.0
 0.0
 0.0
 0.0
 0.0
 0.0
 0.0
 0.0
 0.0
 0.0
 0.0
 0.13037807487113487
 0.0
 0.0
 0.0
 0.0
 0.0
 0.0
 0.0
 5.631230787178031
 0.0
 0.0
x_il_opt: 1-dimensional DenseAxisArray{Float64,1,...} with index sets:
    Dimension 1, [(43, 15), (43, 14), (44, 15), (44, 13), (44, 3), (40, 14), (40, 2), (41, 14), (42, 6), (37, 13)  …  (4, 13), (5, 2), (5, 7), (5, 9), (6, 11), (1, 1), (1, 6), (1, 3), (2, 1), (2, 15)]
And data, a 71-element Vector{Float64}:
 0.0
 0.0
 0.0
 2.2953443639430735
 2.168718408475305
 0.9979906453921513
 0.0
 0.0
 3.0
 0.7046556360569266
 0.0
 3.0
 0.0
 0.0
 0.787488927135546
 0.0
 0.0
 0.0
 7.421746910706665
 0.0
 0.0
 0.0
 3.0
 1.1562581399575154
 1.8437418600424849
 0.0
 0.5782530892933345
 0.0
 2.7955728142910656
 0.47115537138233377
 1.298440347440284
 0.0
 0.0
 0.0
 0.0
 0.0
 0.0
 0.0
 0.7015596525597163
 1.1751878650707046
 0.0
 0.0
 3.0
 0.0
 0.0
 1.8437418600424849
 0.0
 3.0
 0.0
 0.0
 0.0
 0.0
 0.0
 0.0
 2.9400017606025703
 0.0
 0.0
 5.823197704369176
 0.0
 0.0
 0.0
 0.0
 0.0
 0.0
 0.3703470004083518
 0.0
 0.0
 2.3687692128219697
 0.0
 0.0
 1.8248121349292954
x_lj_opt: 1-dimensional DenseAxisArray{Float64,1,...} with index sets:
    Dimension 1, [(15, 30), (15, 29), (15, 23), (15, 3), (14, 28), (14, 27), (14, 10), (14, 24), (13, 26), (13, 25)  …  (3, 6), (3, 5), (3, 29), (2, 4), (2, 3), (2, 1), (2, 5), (1, 2), (1, 1), (1, 14)]
And data, a 53-element Vector{Float64}:
 2.0
 0.0
 0.0
 1.0
 0.0
 0.9979906453921513
 0.0
 0.0
 2.0
 1.0
 0.0
 1.2044271857089346
 1.0
 0.7955728142910656
 2.0
 0.0
 0.0
 0.0
 0.7955728142910654
 0.0
 0.0
 2.0
 1.0
 0.8415023717906855
 0.0
 0.0
 5.007986856773452
 2.992013143226548
 0.0
 0.0
 1.8696219251288653
 0.7616088620491658
 0.3687692128219689
 2.0
 6.0
 0.0
 2.0
 1.0
 0.0
 0.0
 1.3211966834030302
 1.6188050771995404
 0.0
 0.0
 5.0
 2.9919161128444807
 2.0
 0.0
 0.0
 1.0000000000000002
 2.0
 0.0
 0.0
q_opt: 1-dimensional DenseAxisArray{Float64,1,...} with index sets:
    Dimension 1, [(43, 15), (43, 14), (44, 15), (44, 13), (44, 3), (40, 14), (40, 2), (41, 14), (42, 6), (37, 13)  …  (4, 13), (5, 2), (5, 7), (5, 9), (6, 11), (1, 1), (1, 6), (1, 3), (2, 1), (2, 15)]
And data, a 71-element Vector{Float64}:
 0.0
 0.0
 0.0
 0.7651147879810245
 0.271364010564347
 1.0
 0.0
 0.0
 0.375
 0.23488521201897555
 0.0
 1.0
 0.0
 0.0
 0.09843611589194325
 0.0
 0.0
 0.0
 0.9277183638383333
 0.0
 0.0
 0.0
 1.0
 0.3854193799858385
 0.2304677325053106
 0.0
 0.07228163616166682
 0.0
 1.0
 0.5598978531453604
 0.649220173720142
 0.0
 0.0
 0.0
 0.0
 0.0
 0.0
 0.0
 0.35077982627985815
 0.3917292883569016
 0.0
 0.0
 1.0
 0.0
 0.0
 0.6145806200141616
 0.0
 1.0
 0.0
 0.0
 0.0
 0.0
 0.0
 0.0
 1.0
 0.0
 0.0
 0.728635989435653
 0.0
 0.0
 0.0
 0.0
 0.0
 0.0
 0.4401021468546396
 0.0
 0.0
 0.2960961516027462
 0.0
 0.0
 0.6082707116430984
