
PROBLEM STATISTICS
  Objective sense = Min
  # Variables = 572
  # Bin-Int Variables = 0
  # Constraints = 621
  # NL Constraints = 261
  # Linear Constraints = 360
  # Detected convex constraints = 0
  # Detected nonlinear terms = 261
  # Variables involved in nonlinear terms = 124
  # Potential variables for partitioning = 124
SUB-SOLVERS USED BY ALPINE
  NLP local solver = Knitro
  MIP solver = Gurobi
ALPINE CONFIGURATION
  Maximum iterations (lower-bounding MIPs) =  1
  Relative global optimality gap = 0.01%
  Potential variables chosen for partitioning = All
  Discretization ratio = 10
  Bound-tightening presolve = false
PRESOLVE 
  Doing local search

Feasible solution found during presolve: [0.0, 0.0, 0.0, 0.0, 0.0, 0.0, 0.0, 0.0, 0.0, 0.0, 0.0, 0.0, 0.0, 0.0, 0.0, 0.0, 2.0, 0.0, 0.0, 1.0, 0.0, 0.0, 0.0, 0.0, 0.0, 0.0, 0.0, 0.0, 0.28995186755766156, 1.809638008048216, 0.795830937271268, 0.0, 0.0, 0.0, 0.5111803651544182, 3.190361991951784, 1.403036830016652, 0.0, 0.0, 0.0, 0.0, 0.0, 0.0, 0.0, 0.0, 0.0, 0.0, 0.0, 0.0, 0.0, 0.0, 0.0, 0.0, 0.0, 0.0, 0.0, 0.0, 0.0, 0.0, 1.830845094575126, 1.0, 0.0, 0.0, 0.0, 0.0, 0.0, 0.0, 0.0, 0.0, 0.0, 0.0, 0.75, 2.25, 0.0, 0.0, 0.0, 0.0, 0.5100546866286834, 1.53016405988605, 0.0, 0.0, 0.0, 0.0, 0.0, 0.0, 0.0, 0.0, 0.0, 0.0, 0.0, 0.0, 0.0, 0.7399453133713169, 2.2198359401139505, 0.0, 0.0, 0.0, 0.0, 0.0, 0.0, 0.0, 1.792221514163778, 0.7894015961936187, 0.41837688964260333, 0.0, 0.0, 0.0, 0.0, 0.0, 0.0, 0.0, 0.0, 0.0, 0.0, 0.0, 0.0, 0.0, 0.0, 1.7367981402558115, 3.363853734375818, 0.0, 0.0, 0.0, 0.9872429163689257, 1.912105208999444, 0.0, 0.0, 0.0, 0.0, 0.0, 0.0, 0.0, 0.0, 0.0, 0.0, 0.0, 0.0, 0.0, 0.0, 0.0, 0.0, 0.0, 0.0, 0.0, 0.0, 0.0, 0.0, 0.2116253552776729, 0.2224918615413196, 0.0, 0.0, 0.0, 0.0, 0.6398541689901777, 0.31992708449508883, 0.0, 0.0, 1.3601458310098224, 0.6800729155049112, 0.0, 0.0, 0.0, 0.0, 0.0, 0.0, 0.0, 0.0, 0.0, 0.0, 0.0, 0.0, 0.0, 0.0, 1.8847808108775326, 0.0, 0.0, 0.0, 0.39117813249772887, 0.0, 0.0, 0.0, 0.0, 0.0, 0.0, 0.0, 0.0, 0.0, 0.0, 0.0, 0.0, 0.0, 0.0, 0.0, 0.0, 1.6088218675022712, 1.0, 0.391178132497729, 0.0, 0.0, 0.0, 0.0, 0.0, 0.0, 0.0, 0.0, 0.0, 1.277857608817266, 0.16470020459162804, 1.5574421865911061, 0.0, 0.0, 0.0, 0.0, 0.0, 0.0, 0.0, 0.0, 0.0, 0.0, 0.0, 0.0, 0.0, 0.0, 0.0, 0.0, 0.25155718311518405, 0.6435564699837569, 0.0, 0.0, 0.0, 0.0, 0.0, 0.0, 0.0, 0.0, 0.0, 0.0, 0.0, 0.0, 0.0, 0.0, 0.0, 0.0, 0.0, 0.0, 0.0, 0.0, 0.0, 0.0, 0.6592607666475124, 0.13513332719880206, 0.0, 0.3296303833237562, 0.0, 0.0, 0.0, 0.0, 1.3407392333524875, 0.2748207730155488, 0.0, 0.6703696166762437, 0.0, 0.0, 0.0, 3.0, 2.8954208128771457, 0.895113653098941, 0.0, 0.0, 3.0, 0.0, 0.0, 3.0, 0.0, 0.0, 0.0, 0.0, 0.0, 0.0, 5.100651874631629, 0.0, 0.0, 0.0, 3.0, 0.9597812534852666, 2.0402187465147334, 0.0, 2.8993481253683697, 0.0, 2.2759589433752616, 0.4341172168189925, 0.0, 0.0, 0.0, 0.0, 0.0, 0.0, 0.0, 0.0, 0.0, 1.1240244771700705, 0.0, 0.0, 2.830845094575126, 0.0, 0.0, 2.040218746514734, 0.0, 3.0, 0.0, 0.0, 0.0, 0.0, 0.0, 0.0, 0.0, 0.0, 0.0, 5.104579187122854, 0.0, 0.0, 0.0, 0.0, 0.0, 0.0, 0.0, 0.0, 0.0, 2.959781253485267, 0.0, 0.0, 2.28592962304428, 2.0, 0.40995410021435086, 0.0, 1.0, 0.25155718311518405, 0.6435564699837569, 0.0, 0.0, 1.277857608817266, 0.16470020459162804, 1.5574421865911061, 1.6088218675022712, 1.0, 0.3911781324977289, 1.8847808108775326, 0.0, 0.0, 0.0, 0.39117813249772887, 0.0, 0.0, 2.0, 1.0, 0.2116253552776729, 0.2224918615413196, 0.0, 2.724041056624737, 5.2759589433752625, 0.0, 0.0, 1.792221514163778, 0.7894015961936187, 0.41837688964260333, 2.0, 6.0, 0.0, 1.830845094575126, 1.0, 0.0, 0.0, 0.0, 0.0, 0.0, 0.8011322327120797, 5.0, 2.1988677672879198, 2.0, 0.0, 0.0, 1.0, 0.0, 0.0, 0.0, 0.0, 0.11521918912246748, 0.8750274203582966, 0.0, 0.0, 0.0, 1.748442816884816, 0.0, 0.0, 0.0, 0.0, 0.0, 0.0, 0.0, 0.0, 0.0, 0.0, 0.0, 0.0, 0.0, 0.7491828496788856, 0.0, 0.0, 0.0, 0.7221423911827342, 0.2616366152697549, 0.0, 2.0, 0.0, 3.0, 0.0, 0.0, 0.0, 0.0, 0.0, 0.0, 0.0, 0.0, 0.0, 0.0, 0.0, 0.0, 0.44255781340889394, 0.3238403469296237, 0.0, 0.0, 0.0, 0.0, 0.0, 0.0, 0.0, 0.0, 0.0, 0.0, 0.0, 0.7240410566247382, 0.0, 2.3552843793746265, 0.21059840380638067, 1.7883746447223272, 0.0, 0.0, 0.0, 0.0, 6.0, 0.0, 0.9206745640006365, 0.0, 0.0, 0.7775081384586805, 0.0, 0.0, 0.0, 0.0, 0.0, 0.0, 0.3564435300162431, 0.9294448695997727, 0.0, 0.0, 0.0, 0.0, 0.0, 0.0, 0.0, 0.0, 0.0, 0.16915490542487402, 0.0, 0.0, 0.0, 1.0705551304002274, 0.0, 0.0, 0.0, 0.0, 0.0, 0.5736631801386172, 0.0, 0.0, 0.0, 0.0, 0.0, 0.0, 0.0, 0.0, 0.0, 0.0, 0.0, 0.0, 0.20777848583622205, 0.0, 0.0, 4.832440260678511, 0.0, 0.0, 0.0, 0.0, 0.0, 1.0, 0.3619276016096432, 1.0, 0.0, 0.0, 0.375, 0.0, 0.0, 1.0, 0.0, 0.0, 0.0, 0.0, 0.0, 0.0, 0.6375814843289537, 0.0, 1.0, 0.0, 1.0, 0.31992708449508883, 0.2550273433143417, 0.0, 0.3624185156710462, 0.0, 1.0, 1.0, 0.0, 0.0, 0.0, 0.0, 0.0, 0.0, 0.0, 0.0, 0.0, 0.3296303833237562, 0.0, 0.0, 1.0, 0.0, 0.0, 0.6800729155049112, 0.0, 1.0, 0.0, 0.0, 0.0, 0.0, 0.0, 0.0, 0.0, 0.0, 0.0, 0.6380723983903568, 0.0, 0.0, 0.0, 0.0, 0.0, 0.0, 0.0, 0.0, 0.0, 0.3699726566856584, 0.0, 1.0, 0.6703696166762437]  :with objective: -614.7060292726287

  Local solver returns a feasible point with value -614.706
disc:  333  :[0.0, 1.8, 2.0]
disc:  334  :[0.0, 1.0099541002143508, 6.0]
disc:  335  :[0.0, 0.1, 1.0]
disc:  336  :[0.0, 0.9, 1.0]
disc:  337  :[0.0, 0.051557183115184035, 0.45155718311518406, 2.0]
disc:  338  :[0.0, 0.543556469983757, 0.7435564699837569, 1.0]
disc:  339  :[0.0, 0.2, 2.0]
disc:  340  :[0.0, 0.2, 2.0]
disc:  341  :[0.0, 1.077857608817266, 1.477857608817266, 2.0]
disc:  342  :[0.0, 0.06470020459162804, 0.264700204591628, 1.0]
disc:  343  :[0.0, 1.3574421865911062, 1.757442186591106, 2.0]
disc:  344  :[0.0, 1.4088218675022712, 1.8088218675022711, 2.0]
disc:  345  :[0.0, 0.9, 1.0]
disc:  346  :[0.0, 0.09117813249772894, 0.6911781324977289, 3.0]
disc:  347  :[0.0, 1.6847808108775326, 2.0]
disc:  348  :[0.0, 0.6, 6.0]
disc:  349  :[0.0, 0.2, 2.0]
disc:  350  :[0.0, 0.1, 1.0]
disc:  351  :[0.0, 0.19117813249772886, 0.5911781324977289, 2.0]
disc:  352  :[0.0, 0.6, 6.0]
disc:  353  :[0.0, 0.1, 1.0]
disc:  354  :[0.0, 1.8, 2.0]
disc:  355  :[0.0, 0.9, 1.0]
disc:  356  :[0.0, 0.011625355277672889, 0.4116253552776729, 2.0]
disc:  357  :[0.0, 0.12249186154131961, 0.3224918615413196, 1.0]
disc:  358  :[0.0, 0.2, 2.0]
disc:  359  :[0.0, 2.124041056624737, 3.324041056624737, 6.0]
disc:  360  :[0.0, 4.675958943375263, 5.875958943375262, 6.0]
disc:  361  :[0.0, 0.2, 2.0]
disc:  362  :[0.0, 0.1, 1.0]
disc:  363  :[0.0, 1.592221514163778, 1.992221514163778, 2.0]
disc:  364  :[0.0, 0.6894015961936187, 0.8894015961936187, 1.0]
disc:  365  :[0.0, 0.11837688964260334, 0.7183768896426033, 3.0]
disc:  366  :[0.0, 1.8, 2.0]
disc:  367  :[0.0, 5.4, 6.0]
disc:  368  :[0.0, 0.2, 2.0]
disc:  369  :[0.0, 1.630845094575126, 2.0]
disc:  370  :[0.0, 0.9, 1.0]
disc:  371  :[0.0, 0.2, 2.0]
disc:  372  :[0.0, 0.2, 2.0]
disc:  373  :[0.0, 0.2, 2.0]
disc:  374  :[0.0, 0.6, 6.0]
disc:  375  :[0.0, 0.2, 2.0]
disc:  376  :[0.0, 0.6011322327120796, 1.0011322327120797, 2.0]
disc:  377  :[0.0, 4.4, 5.6, 6.0]
disc:  378  :[0.0, 1.5988677672879197, 2.79886776728792, 6.0]
disc:  379  :[0.0, 1.8, 2.0]
disc:  380  :[0.0, 0.1, 1.0]
disc:  381  :[0.0, 0.3, 3.0]
disc:  382  :[0.0, 0.7, 1.3, 3.0]
disc:  383  :[0.0, 0.2, 2.0]
disc:  384  :[0.0, 0.6, 6.0]
disc:  385  :[0.0, 0.2, 2.0]
disc:  502  :[0.0, 0.1, 1.0]
disc:  503  :[0.0, 0.1, 1.0]
disc:  504  :[0.0, 0.1, 1.0]
disc:  505  :[0.0, 0.9, 1.0]
disc:  506  :[0.0, 0.26192760160964323, 0.4619276016096432, 1.0]
disc:  507  :[0.0, 0.9, 1.0]
disc:  508  :[0.0, 0.1, 1.0]
disc:  509  :[0.0, 0.1, 1.0]
disc:  510  :[0.0, 0.275, 0.475, 1.0]
disc:  511  :[0.0, 0.1, 1.0]
disc:  512  :[0.0, 0.1, 1.0]
disc:  513  :[0.0, 0.9, 1.0]
disc:  514  :[0.0, 0.1, 1.0]
disc:  515  :[0.0, 0.1, 1.0]
disc:  516  :[0.0, 0.1, 1.0]
disc:  517  :[0.0, 0.1, 1.0]
disc:  518  :[0.0, 0.1, 1.0]
disc:  519  :[0.0, 0.1, 1.0]
disc:  520  :[0.0, 0.5375814843289537, 0.7375814843289537, 1.0]
disc:  521  :[0.0, 0.1, 1.0]
disc:  522  :[0.0, 0.9, 1.0]
disc:  523  :[0.0, 0.1, 1.0]
disc:  524  :[0.0, 0.9, 1.0]
disc:  525  :[0.0, 0.21992708449508883, 0.41992708449508886, 1.0]
disc:  526  :[0.0, 0.15502734331434168, 0.3550273433143417, 1.0]
disc:  527  :[0.0, 0.1, 1.0]
disc:  528  :[0.0, 0.26241851567104624, 0.4624185156710462, 1.0]
disc:  529  :[0.0, 0.1, 1.0]
disc:  530  :[0.0, 0.9, 1.0]
disc:  531  :[0.0, 0.9, 1.0]
disc:  532  :[0.0, 0.1, 1.0]
disc:  533  :[0.0, 0.1, 1.0]
disc:  534  :[0.0, 0.1, 1.0]
disc:  535  :[0.0, 0.1, 1.0]
disc:  536  :[0.0, 0.1, 1.0]
disc:  537  :[0.0, 0.1, 1.0]
disc:  538  :[0.0, 0.1, 1.0]
disc:  539  :[0.0, 0.1, 1.0]
disc:  540  :[0.0, 0.1, 1.0]
disc:  541  :[0.0, 0.2296303833237562, 0.42963038332375625, 1.0]
disc:  542  :[0.0, 0.1, 1.0]
disc:  543  :[0.0, 0.1, 1.0]
disc:  544  :[0.0, 0.9, 1.0]
disc:  545  :[0.0, 0.1, 1.0]
disc:  546  :[0.0, 0.1, 1.0]
disc:  547  :[0.0, 0.5800729155049112, 0.7800729155049112, 1.0]
disc:  548  :[0.0, 0.1, 1.0]
disc:  549  :[0.0, 0.9, 1.0]
disc:  550  :[0.0, 0.1, 1.0]
disc:  551  :[0.0, 0.1, 1.0]
disc:  552  :[0.0, 0.1, 1.0]
disc:  553  :[0.0, 0.1, 1.0]
disc:  554  :[0.0, 0.1, 1.0]
disc:  555  :[0.0, 0.1, 1.0]
disc:  556  :[0.0, 0.1, 1.0]
disc:  557  :[0.0, 0.1, 1.0]
disc:  558  :[0.0, 0.1, 1.0]
disc:  559  :[0.0, 0.5380723983903568, 0.7380723983903568, 1.0]
disc:  560  :[0.0, 0.1, 1.0]
disc:  561  :[0.0, 0.1, 1.0]
disc:  562  :[0.0, 0.1, 1.0]
disc:  563  :[0.0, 0.1, 1.0]
disc:  564  :[0.0, 0.1, 1.0]
disc:  565  :[0.0, 0.1, 1.0]
disc:  566  :[0.0, 0.1, 1.0]
disc:  567  :[0.0, 0.1, 1.0]
disc:  568  :[0.0, 0.1, 1.0]
disc:  569  :[0.0, 0.2699726566856584, 0.46997265668565835, 1.0]
disc:  570  :[0.0, 0.1, 1.0]
disc:  571  :[0.0, 0.9, 1.0]
disc:  572  :[0.0, 0.5703696166762438, 0.7703696166762437, 1.0]
  Completed presolve in 6.85s
LOWER-BOUNDING ITERATIONS
====================================================================================================
| Iter   | Incumbent       | Best Incumbent      | Lower Bound        | Gap (%)         | Time      
| finish | -614.706        | -614.706            | -634.6118          | 3.238           | 17.46s           
Final UBD: -614.7060292726287
Final LBD: -634.6117860203872
====================================================================================================

*** Alpine ended with status OTHER_LIMIT ***

 Total time for local solves: 4.53s

 Total time for solving max-min problems: 0.0s

 Total time excluding max-min time: 17.46s

presolve objective value: -614.7060292726287
w_opt: 1-dimensional DenseAxisArray{Float64,1,...} with index sets:
    Dimension 1, [(25, 1, 2), (25, 1, 1), (25, 1, 14), (20, 1, 2), (20, 1, 1), (20, 1, 14), (1, 1, 2), (1, 1, 1), (1, 1, 14), (2, 1, 2)  …  (20, 15, 23), (20, 15, 3), (8, 15, 30), (8, 15, 29), (8, 15, 23), (8, 15, 3), (2, 15, 30), (2, 15, 29), (2, 15, 23), (2, 15, 3)]
And data, a 261-element Vector{Float64}:
 0.0
 0.0
 0.0
 0.0
 0.0
 0.0
 0.0
 0.0
 0.0
 0.0
 0.0
 0.0
 0.0
 0.0
 0.0
 0.0
 2.0
 0.0
 0.0
 1.0
 0.0
 0.0
 0.0
 0.0
 0.0
 0.0
 0.0
 0.0
 0.28995186755766156
 1.809638008048216
 0.795830937271268
 0.0
 0.0
 0.0
 0.5111803651544182
 3.190361991951784
 1.403036830016652
 0.0
 0.0
 0.0
 0.0
 0.0
 0.0
 0.0
 0.0
 0.0
 0.0
 0.0
 0.0
 0.0
 0.0
 0.0
 0.0
 0.0
 0.0
 0.0
 0.0
 0.0
 0.0
 1.830845094575126
 1.0
 0.0
 0.0
 0.0
 0.0
 0.0
 0.0
 0.0
 0.0
 0.0
 0.0
 0.75
 2.25
 0.0
 0.0
 0.0
 0.0
 0.5100546866286834
 1.53016405988605
 0.0
 0.0
 0.0
 0.0
 0.0
 0.0
 0.0
 0.0
 0.0
 0.0
 0.0
 0.0
 0.0
 0.7399453133713169
 2.2198359401139505
 0.0
 0.0
 0.0
 0.0
 0.0
 0.0
 0.0
 1.792221514163778
 0.7894015961936187
 0.41837688964260333
 0.0
 0.0
 0.0
 0.0
 0.0
 0.0
 0.0
 0.0
 0.0
 0.0
 0.0
 0.0
 0.0
 0.0
 1.7367981402558115
 3.363853734375818
 0.0
 0.0
 0.0
 0.9872429163689257
 1.912105208999444
 0.0
 0.0
 0.0
 0.0
 0.0
 0.0
 0.0
 0.0
 0.0
 0.0
 0.0
 0.0
 0.0
 0.0
 0.0
 0.0
 0.0
 0.0
 0.0
 0.0
 0.0
 0.0
 0.2116253552776729
 0.2224918615413196
 0.0
 0.0
 0.0
 0.0
 0.6398541689901777
 0.31992708449508883
 0.0
 0.0
 1.3601458310098224
 0.6800729155049112
 0.0
 0.0
 0.0
 0.0
 0.0
 0.0
 0.0
 0.0
 0.0
 0.0
 0.0
 0.0
 0.0
 0.0
 1.8847808108775326
 0.0
 0.0
 0.0
 0.39117813249772887
 0.0
 0.0
 0.0
 0.0
 0.0
 0.0
 0.0
 0.0
 0.0
 0.0
 0.0
 0.0
 0.0
 0.0
 0.0
 0.0
 1.6088218675022712
 1.0
 0.391178132497729
 0.0
 0.0
 0.0
 0.0
 0.0
 0.0
 0.0
 0.0
 0.0
 1.277857608817266
 0.16470020459162804
 1.5574421865911061
 0.0
 0.0
 0.0
 0.0
 0.0
 0.0
 0.0
 0.0
 0.0
 0.0
 0.0
 0.0
 0.0
 0.0
 0.0
 0.0
 0.25155718311518405
 0.6435564699837569
 0.0
 0.0
 0.0
 0.0
 0.0
 0.0
 0.0
 0.0
 0.0
 0.0
 0.0
 0.0
 0.0
 0.0
 0.0
 0.0
 0.0
 0.0
 0.0
 0.0
 0.0
 0.0
 0.6592607666475124
 0.13513332719880206
 0.0
 0.3296303833237562
 0.0
 0.0
 0.0
 0.0
 1.3407392333524875
 0.2748207730155488
 0.0
 0.6703696166762437
x_ij_opt: 1-dimensional DenseAxisArray{Float64,1,...} with index sets:
    Dimension 1, [(43, 30), (43, 22), (43, 6), (44, 22), (45, 30), (45, 29), (45, 28), (45, 24), (45, 23), (40, 29)  …  (5, 7), (5, 14), (6, 4), (6, 3), (1, 14), (1, 10), (1, 23), (1, 1), (3, 2), (3, 1)]
And data, a 116-element Vector{Float64}:
 0.0
 0.11521918912246748
 0.8750274203582966
 0.0
 0.0
 0.0
 1.748442816884816
 0.0
 0.0
 0.0
 0.0
 0.0
 0.0
 0.0
 0.0
 0.0
 0.0
 0.0
 0.0
 0.0
 0.7491828496788856
 0.0
 0.0
 0.0
 0.7221423911827342
 0.2616366152697549
 0.0
 2.0
 0.0
 3.0
 0.0
 0.0
 0.0
 0.0
 0.0
 0.0
 0.0
 0.0
 0.0
 0.0
 0.0
 0.0
 0.44255781340889394
 0.3238403469296237
 0.0
 0.0
 0.0
 0.0
 0.0
 0.0
 0.0
 0.0
 0.0
 0.0
 0.0
 0.7240410566247382
 0.0
 2.3552843793746265
 0.21059840380638067
 1.7883746447223272
 0.0
 0.0
 0.0
 0.0
 6.0
 0.0
 0.9206745640006365
 0.0
 0.0
 0.7775081384586805
 0.0
 0.0
 0.0
 0.0
 0.0
 0.0
 0.3564435300162431
 0.9294448695997727
 0.0
 0.0
 0.0
 0.0
 0.0
 0.0
 0.0
 0.0
 0.0
 0.16915490542487402
 0.0
 0.0
 0.0
 1.0705551304002274
 0.0
 0.0
 0.0
 0.0
 0.0
 0.5736631801386172
 0.0
 0.0
 0.0
 0.0
 0.0
 0.0
 0.0
 0.0
 0.0
 0.0
 0.0
 0.0
 0.20777848583622205
 0.0
 0.0
 4.832440260678511
 0.0
 0.0
x_il_opt: 1-dimensional DenseAxisArray{Float64,1,...} with index sets:
    Dimension 1, [(43, 15), (43, 14), (44, 15), (44, 13), (44, 3), (40, 14), (40, 2), (41, 14), (42, 6), (37, 13)  …  (4, 13), (5, 2), (5, 7), (5, 9), (6, 11), (1, 1), (1, 6), (1, 3), (2, 1), (2, 15)]
And data, a 71-element Vector{Float64}:
 0.0
 0.0
 0.0
 3.0
 2.8954208128771457
 0.895113653098941
 0.0
 0.0
 3.0
 0.0
 0.0
 3.0
 0.0
 0.0
 0.0
 0.0
 0.0
 0.0
 5.100651874631629
 0.0
 0.0
 0.0
 3.0
 0.9597812534852666
 2.0402187465147334
 0.0
 2.8993481253683697
 0.0
 2.2759589433752616
 0.4341172168189925
 0.0
 0.0
 0.0
 0.0
 0.0
 0.0
 0.0
 0.0
 0.0
 1.1240244771700705
 0.0
 0.0
 2.830845094575126
 0.0
 0.0
 2.040218746514734
 0.0
 3.0
 0.0
 0.0
 0.0
 0.0
 0.0
 0.0
 0.0
 0.0
 0.0
 5.104579187122854
 0.0
 0.0
 0.0
 0.0
 0.0
 0.0
 0.0
 0.0
 0.0
 2.959781253485267
 0.0
 0.0
 2.28592962304428
x_lj_opt: 1-dimensional DenseAxisArray{Float64,1,...} with index sets:
    Dimension 1, [(15, 30), (15, 29), (15, 23), (15, 3), (14, 28), (14, 27), (14, 10), (14, 24), (13, 26), (13, 25)  …  (3, 6), (3, 5), (3, 29), (2, 4), (2, 3), (2, 1), (2, 5), (1, 2), (1, 1), (1, 14)]
And data, a 53-element Vector{Float64}:
 2.0
 0.40995410021435086
 0.0
 1.0
 0.25155718311518405
 0.6435564699837569
 0.0
 0.0
 1.277857608817266
 0.16470020459162804
 1.5574421865911061
 1.6088218675022712
 1.0
 0.3911781324977289
 1.8847808108775326
 0.0
 0.0
 0.0
 0.39117813249772887
 0.0
 0.0
 2.0
 1.0
 0.2116253552776729
 0.2224918615413196
 0.0
 2.724041056624737
 5.2759589433752625
 0.0
 0.0
 1.792221514163778
 0.7894015961936187
 0.41837688964260333
 2.0
 6.0
 0.0
 1.830845094575126
 1.0
 0.0
 0.0
 0.0
 0.0
 0.0
 0.8011322327120797
 5.0
 2.1988677672879198
 2.0
 0.0
 0.0
 1.0
 0.0
 0.0
 0.0
q_opt: 1-dimensional DenseAxisArray{Float64,1,...} with index sets:
    Dimension 1, [(43, 15), (43, 14), (44, 15), (44, 13), (44, 3), (40, 14), (40, 2), (41, 14), (42, 6), (37, 13)  …  (4, 13), (5, 2), (5, 7), (5, 9), (6, 11), (1, 1), (1, 6), (1, 3), (2, 1), (2, 15)]
And data, a 71-element Vector{Float64}:
 0.0
 0.0
 0.0
 1.0
 0.3619276016096432
 1.0
 0.0
 0.0
 0.375
 0.0
 0.0
 1.0
 0.0
 0.0
 0.0
 0.0
 0.0
 0.0
 0.6375814843289537
 0.0
 1.0
 0.0
 1.0
 0.31992708449508883
 0.2550273433143417
 0.0
 0.3624185156710462
 0.0
 1.0
 1.0
 0.0
 0.0
 0.0
 0.0
 0.0
 0.0
 0.0
 0.0
 0.0
 0.3296303833237562
 0.0
 0.0
 1.0
 0.0
 0.0
 0.6800729155049112
 0.0
 1.0
 0.0
 0.0
 0.0
 0.0
 0.0
 0.0
 0.0
 0.0
 0.0
 0.6380723983903568
 0.0
 0.0
 0.0
 0.0
 0.0
 0.0
 0.0
 0.0
 0.0
 0.3699726566856584
 0.0
 1.0
 0.6703696166762437
