
PROBLEM STATISTICS
  Objective sense = Min
  # Variables = 572
  # Bin-Int Variables = 0
  # Constraints = 621
  # NL Constraints = 261
  # Linear Constraints = 360
  # Detected convex constraints = 0
  # Detected nonlinear terms = 261
  # Variables involved in nonlinear terms = 124
  # Potential variables for partitioning = 124
SUB-SOLVERS USED BY ALPINE
  NLP local solver = Knitro
  MIP solver = Gurobi
ALPINE CONFIGURATION
  Maximum iterations (lower-bounding MIPs) =  1
  Relative global optimality gap = 0.01%
  Potential variables chosen for partitioning = All
  Discretization ratio = 10
  Bound-tightening presolve = false
PRESOLVE 
  Doing local search

Feasible solution found during presolve: [1.4275640027339285, 0.0, 0.0, 0.5724359972660715, 0.0, 0.0, 0.0, 0.0, 0.0, 0.0, 0.0, 0.0, 0.0, 0.0, 0.0, 0.0, 1.2859446762347773, 0.0, 0.0, 1.7140553237652225, 0.0, 0.0, 0.0, 0.0, 0.0, 0.0, 0.0, 0.0, 0.0, 0.812060915076843, 0.5258626838761882, 0.0, 0.0, 0.0, 0.0, 3.153798743543226, 2.0422914597829838, 0.0, 0.0, 0.0, 0.0, 0.3200850176147079, 0.20727603472394618, 0.0, 0.0, 0.0, 0.0, 0.0, 0.0, 0.0, 0.0, 0.0, 0.0, 0.0, 0.0, 0.0, 0.0, 0.0, 0.0, 2.0, 1.0, 0.0, 0.0, 0.0, 0.0, 0.0, 0.0, 0.0, 0.0, 0.0, 0.0, 0.0, 0.0, 0.0, 0.7500000000000001, 2.2500000000000004, 0.0, 0.48533274555405836, 1.455998236662175, 0.0, 0.0, 0.0, 0.0, 0.0, 0.0, 0.0, 0.0, 0.0, 0.0, 0.0, 0.0, 0.0, 0.7646672544459416, 2.2940017633378247, 0.0, 0.0, 0.0, 0.0, 0.0, 0.0, 0.0, 0.24776367619032047, 0.40400266675205687, 0.9591274977831492, 0.21365160132802438, 0.34837962537359757, 0.8270749325728513, 0.0, 0.0, 0.0, 0.0, 0.0, 0.0, 0.0, 0.0, 0.0, 0.0, 0.0, 4.288201956681174, 3.0496124379139795, 0.0, 0.0, 0.0, 0.386979753927101, 0.2752058514777459, 0.0, 0.0, 0.0, 0.0, 0.0, 0.0, 0.0, 0.0, 0.0, 0.0, 0.0, 0.0, 0.0, 0.0, 0.0, 0.0, 0.0, 0.0, 0.0, 0.0, 0.0, 0.0, 0.0, 0.0, 0.0, 0.0, 0.0, 0.0, 0.7057793451891777, 0.35288967259458875, 0.0, 0.0, 1.2942206548108224, 0.6471103274054112, 0.0, 0.0, 0.0, 0.0, 0.0, 0.0, 0.0, 0.0, 0.0, 0.0, 0.0, 0.0, 0.0, 0.0, 2.0, 0.0, 0.0, 0.0, 0.43542265838183775, 0.0, 0.0, 0.0, 0.0, 0.0, 0.0, 0.0, 0.0, 0.0, 0.0, 0.0, 0.0, 0.0, 0.0, 0.0, 0.0, 1.5645773416181623, 1.0, 0.43542265838183786, 0.0, 0.0, 0.0, 0.0, 0.0, 0.0, 0.0, 0.0, 0.0, 1.431834631327131, 0.7159173156635655, 0.0, 0.5681653686728689, 0.28408268433643447, 0.0, 0.0, 0.0, 0.0, 0.0, 0.0, 0.0, 0.0, 0.0, 0.0, 0.0, 0.0, 0.0, 0.0, 0.5017954240212167, 0.9216152038586259, 0.0, 0.0, 0.0, 0.0, 0.0, 0.0, 0.0, 0.0, 0.0, 0.0, 0.0, 0.0, 0.0, 0.0, 0.0, 0.0, 0.0, 0.0, 0.0, 0.0, 0.0, 0.0, 0.40403862829790016, 0.5634615969772332, 0.0, 0.20201931414895005, 0.0, 0.0, 0.0, 0.0, 1.5959613717021, 2.2256855662578108, 0.0, 0.79798068585105, 0.0, 0.0, 0.0, 2.1477519469906965, 1.3379235989530314, 1.4234106278798426, 0.0, 0.0, 0.0, 0.8522480530093034, 0.0, 3.0, 0.0, 0.0, 3.0, 0.0, 0.0, 0.0, 7.337814394595153, 0.0, 0.0, 0.0, 3.0, 1.0586690177837665, 1.9413309822162335, 0.0, 0.6621856054048468, 0.0, 2.435422658381838, 0.0, 1.4275640027339285, 0.0, 0.0, 0.0, 0.0, 0.0, 0.0, 0.0, 0.5724359972660715, 1.1695195394240834, 0.0, 0.0, 3.0, 0.0, 0.0, 1.9413309822162335, 0.0, 1.6108938407255267, 0.0, 0.0, 0.0, 0.0, 0.0, 0.0, 0.0, 0.0, 0.0, 5.19609020332621, 0.0, 0.0, 0.0, 0.0, 0.0, 1.3891061592744731, 0.0, 0.0, 0.0, 3.0586690177837665, 0.5273610523386542, 0.0, 4.619627623810961, 2.0, 2.7891471632350444, 0.0, 1.0, 0.5017954240212167, 0.9216152038586259, 0.0, 0.0, 2.0, 1.0, 0.0, 1.5645773416181623, 1.0, 0.4354226583818381, 2.0, 0.0, 0.0, 0.0, 0.43542265838183775, 0.0, 0.0, 2.0, 1.0, 0.0, 0.0, 0.0, 4.675181710608275, 3.3248182893917253, 0.0, 0.0, 0.4614152775183448, 0.7523822921256544, 1.7862024303560007, 2.0, 6.0, 0.0, 2.0, 1.0, 0.0, 0.0, 0.0, 0.0, 0.0, 0.0, 4.285944676234777, 2.7754301783831177, 1.2859446762347773, 0.0, 0.0, 1.7140553237652225, 2.0, 0.0, 0.0, 0.0, 0.0, 1.3378143945951522, 0.0, 0.0, 0.0, 1.4982045759787832, 0.0, 0.0, 0.0, 0.0, 0.0, 0.0, 0.0, 0.0, 0.0, 0.0, 0.0, 0.2802998814914433, 0.0, 0.0, 0.0, 0.0, 0.0, 0.0, 0.0, 0.0, 2.0, 0.0, 0.0, 0.0, 0.0, 0.0, 0.0, 0.0, 0.0, 0.0, 0.0, 0.0, 0.0, 0.0, 0.0, 0.0, 0.6621856054048476, 0.0, 0.0, 0.0, 0.0, 0.0, 0.0, 0.0, 0.0, 0.0, 0.0, 0.0, 0.5645773416181621, 0.0, 1.3248182893917253, 0.24761770787434634, 2.0, 0.0, 0.0, 0.0, 0.0, 6.0, 0.0, 0.0, 0.0, 0.0, 0.7197001185085566, 0.0, 0.0, 0.0, 0.0, 0.0, 0.0, 0.07838479614137407, 0.7297719392895068, 0.0, 0.0, 0.0, 0.0, 0.0, 0.0, 0.0, 0.0, 0.0, 0.0, 0.0, 0.0, 0.7140553237652226, 1.2702280607104932, 0.0, 0.0, 0.0, 0.0, 0.0, 0.0, 0.0, 0.0, 0.0, 0.0, 0.0, 0.0, 0.0, 1.3384123622480748, 0.0, 0.0, 0.0, 0.0, 0.20017236023358045, 0.0, 0.0, 4.213797569643999, 0.0, 0.0, 0.0, 0.0, 0.0, 0.7159173156635655, 0.18947069465913927, 1.0, 0.0, 0.0, 0.0, 0.28408268433643447, 0.0, 1.0, 0.0, 0.0, 0.37500000000000006, 0.0, 0.0, 0.0, 0.9172267993243941, 0.0, 0.0, 0.0, 1.0, 0.35288967259458887, 0.24266637277702918, 0.0, 0.08277320067560585, 0.0, 1.0, 1.0, 0.7137820013669642, 0.0, 0.0, 0.0, 0.0, 0.0, 0.0, 0.0, 0.28621799863303576, 0.20201931414895005, 0.0, 0.0, 1.0, 0.0, 0.0, 0.6471103274054112, 0.0, 0.5369646135751756, 0.0, 0.0, 0.0, 0.0, 0.0, 0.0, 0.0, 1.0, 0.0, 0.7358468159962004, 0.0, 0.0, 0.0, 0.0, 0.0, 0.46303538642482445, 0.0, 0.0, 0.0, 0.3823336272229708, 0.07468248934466043, 0.0, 0.79798068585105]  :with objective: -607.2266930586651

  Local solver returns a feasible point with value -607.2267
disc:  333  :[0.0, 1.8, 2.0]
disc:  334  :[0.0, 2.1891471632350443, 3.3891471632350445, 6.0]
disc:  335  :[0.0, 0.1, 1.0]
disc:  336  :[0.0, 0.9, 1.0]
disc:  337  :[0.0, 0.3017954240212167, 0.7017954240212168, 2.0]
disc:  338  :[0.0, 0.821615203858626, 1.0]
disc:  339  :[0.0, 0.2, 2.0]
disc:  340  :[0.0, 0.2, 2.0]
disc:  341  :[0.0, 1.8, 2.0]
disc:  342  :[0.0, 0.9, 1.0]
disc:  343  :[0.0, 0.2, 2.0]
disc:  344  :[0.0, 1.3645773416181624, 1.7645773416181623, 2.0]
disc:  345  :[0.0, 0.9, 1.0]
disc:  346  :[0.0, 0.1354226583818381, 0.7354226583818381, 3.0]
disc:  347  :[0.0, 1.8, 2.0]
disc:  348  :[0.0, 0.6, 6.0]
disc:  349  :[0.0, 0.2, 2.0]
disc:  350  :[0.0, 0.1, 1.0]
disc:  351  :[0.0, 0.23542265838183773, 0.6354226583818378, 2.0]
disc:  352  :[0.0, 0.6, 6.0]
disc:  353  :[0.0, 0.1, 1.0]
disc:  354  :[0.0, 1.8, 2.0]
disc:  355  :[0.0, 0.9, 1.0]
disc:  356  :[0.0, 0.2, 2.0]
disc:  357  :[0.0, 0.1, 1.0]
disc:  358  :[0.0, 0.2, 2.0]
disc:  359  :[0.0, 4.075181710608275, 5.275181710608274, 6.0]
disc:  360  :[0.0, 2.724818289391725, 3.9248182893917254, 6.0]
disc:  361  :[0.0, 0.2, 2.0]
disc:  362  :[0.0, 0.1, 1.0]
disc:  363  :[0.0, 0.2614152775183448, 0.6614152775183448, 2.0]
disc:  364  :[0.0, 0.6523822921256545, 0.8523822921256544, 1.0]
disc:  365  :[0.0, 1.4862024303560006, 2.0862024303560007, 3.0]
disc:  366  :[0.0, 1.8, 2.0]
disc:  367  :[0.0, 5.4, 6.0]
disc:  368  :[0.0, 0.2, 2.0]
disc:  369  :[0.0, 1.8, 2.0]
disc:  370  :[0.0, 0.9, 1.0]
disc:  371  :[0.0, 0.2, 2.0]
disc:  372  :[0.0, 0.2, 2.0]
disc:  373  :[0.0, 0.2, 2.0]
disc:  374  :[0.0, 0.6, 6.0]
disc:  375  :[0.0, 0.2, 2.0]
disc:  376  :[0.0, 0.2, 2.0]
disc:  377  :[0.0, 3.685944676234777, 4.885944676234777, 6.0]
disc:  378  :[0.0, 2.1754301783831176, 3.3754301783831178, 6.0]
disc:  379  :[0.0, 1.0859446762347773, 1.4859446762347772, 2.0]
disc:  380  :[0.0, 0.1, 1.0]
disc:  381  :[0.0, 0.3, 3.0]
disc:  382  :[0.0, 1.4140553237652225, 2.0140553237652226, 3.0]
disc:  383  :[0.0, 1.8, 2.0]
disc:  384  :[0.0, 0.6, 6.0]
disc:  385  :[0.0, 0.2, 2.0]
disc:  502  :[0.0, 0.1, 1.0]
disc:  503  :[0.0, 0.1, 1.0]
disc:  504  :[0.0, 0.1, 1.0]
disc:  505  :[0.0, 0.6159173156635656, 0.8159173156635655, 1.0]
disc:  506  :[0.0, 0.08947069465913926, 0.28947069465913927, 1.0]
disc:  507  :[0.0, 0.9, 1.0]
disc:  508  :[0.0, 0.1, 1.0]
disc:  509  :[0.0, 0.1, 1.0]
disc:  510  :[0.0, 0.1, 1.0]
disc:  511  :[0.0, 0.18408268433643446, 0.38408268433643444, 1.0]
disc:  512  :[0.0, 0.1, 1.0]
disc:  513  :[0.0, 0.9, 1.0]
disc:  514  :[0.0, 0.1, 1.0]
disc:  515  :[0.0, 0.1, 1.0]
disc:  516  :[0.0, 0.275, 0.4750000000000001, 1.0]
disc:  517  :[0.0, 0.1, 1.0]
disc:  518  :[0.0, 0.1, 1.0]
disc:  519  :[0.0, 0.1, 1.0]
disc:  520  :[0.0, 0.8172267993243941, 1.0]
disc:  521  :[0.0, 0.1, 1.0]
disc:  522  :[0.0, 0.1, 1.0]
disc:  523  :[0.0, 0.1, 1.0]
disc:  524  :[0.0, 0.9, 1.0]
disc:  525  :[0.0, 0.25288967259458883, 0.4528896725945889, 1.0]
disc:  526  :[0.0, 0.14266637277702918, 0.34266637277702916, 1.0]
disc:  527  :[0.0, 0.1, 1.0]
disc:  528  :[0.0, 0.18277320067560587, 1.0]
disc:  529  :[0.0, 0.1, 1.0]
disc:  530  :[0.0, 0.9, 1.0]
disc:  531  :[0.0, 0.9, 1.0]
disc:  532  :[0.0, 0.6137820013669643, 0.8137820013669642, 1.0]
disc:  533  :[0.0, 0.1, 1.0]
disc:  534  :[0.0, 0.1, 1.0]
disc:  535  :[0.0, 0.1, 1.0]
disc:  536  :[0.0, 0.1, 1.0]
disc:  537  :[0.0, 0.1, 1.0]
disc:  538  :[0.0, 0.1, 1.0]
disc:  539  :[0.0, 0.1, 1.0]
disc:  540  :[0.0, 0.18621799863303576, 0.38621799863303574, 1.0]
disc:  541  :[0.0, 0.10201931414895005, 0.30201931414895006, 1.0]
disc:  542  :[0.0, 0.1, 1.0]
disc:  543  :[0.0, 0.1, 1.0]
disc:  544  :[0.0, 0.9, 1.0]
disc:  545  :[0.0, 0.1, 1.0]
disc:  546  :[0.0, 0.1, 1.0]
disc:  547  :[0.0, 0.5471103274054112, 0.7471103274054112, 1.0]
disc:  548  :[0.0, 0.1, 1.0]
disc:  549  :[0.0, 0.4369646135751756, 0.6369646135751755, 1.0]
disc:  550  :[0.0, 0.1, 1.0]
disc:  551  :[0.0, 0.1, 1.0]
disc:  552  :[0.0, 0.1, 1.0]
disc:  553  :[0.0, 0.1, 1.0]
disc:  554  :[0.0, 0.1, 1.0]
disc:  555  :[0.0, 0.1, 1.0]
disc:  556  :[0.0, 0.1, 1.0]
disc:  557  :[0.0, 0.9, 1.0]
disc:  558  :[0.0, 0.1, 1.0]
disc:  559  :[0.0, 0.6358468159962004, 0.8358468159962004, 1.0]
disc:  560  :[0.0, 0.1, 1.0]
disc:  561  :[0.0, 0.1, 1.0]
disc:  562  :[0.0, 0.1, 1.0]
disc:  563  :[0.0, 0.1, 1.0]
disc:  564  :[0.0, 0.1, 1.0]
disc:  565  :[0.0, 0.36303538642482447, 0.5630353864248244, 1.0]
disc:  566  :[0.0, 0.1, 1.0]
disc:  567  :[0.0, 0.1, 1.0]
disc:  568  :[0.0, 0.1, 1.0]
disc:  569  :[0.0, 0.28233362722297084, 0.4823336272229708, 1.0]
disc:  570  :[0.0, 0.17468248934466044, 1.0]
disc:  571  :[0.0, 0.1, 1.0]
disc:  572  :[0.0, 0.69798068585105, 0.89798068585105, 1.0]
  Completed presolve in 10.18s
LOWER-BOUNDING ITERATIONS
====================================================================================================
| Iter   | Incumbent       | Best Incumbent      | Lower Bound        | Gap (%)         | Time      
| finish | -607.2267       | -607.2267           | -633.8819          | 4.39            | 29.16s           
Final UBD: -607.2266930586651
Final LBD: -633.881924961458
====================================================================================================

*** Alpine ended with status OTHER_LIMIT ***

 Total time for local solves: 7.84s

 Total time for solving max-min problems: 0.0s

 Total time excluding max-min time: 29.16s

presolve objective value: -607.2266930586651
w_opt: 1-dimensional DenseAxisArray{Float64,1,...} with index sets:
    Dimension 1, [(25, 1, 2), (25, 1, 1), (25, 1, 14), (20, 1, 2), (20, 1, 1), (20, 1, 14), (1, 1, 2), (1, 1, 1), (1, 1, 14), (2, 1, 2)  …  (20, 15, 23), (20, 15, 3), (8, 15, 30), (8, 15, 29), (8, 15, 23), (8, 15, 3), (2, 15, 30), (2, 15, 29), (2, 15, 23), (2, 15, 3)]
And data, a 261-element Vector{Float64}:
 1.4275640027339285
 0.0
 0.0
 0.5724359972660715
 0.0
 0.0
 0.0
 0.0
 0.0
 0.0
 0.0
 0.0
 0.0
 0.0
 0.0
 0.0
 1.2859446762347773
 0.0
 0.0
 1.7140553237652225
 0.0
 0.0
 0.0
 0.0
 0.0
 0.0
 0.0
 0.0
 0.0
 0.812060915076843
 0.5258626838761882
 0.0
 0.0
 0.0
 0.0
 3.153798743543226
 2.0422914597829838
 0.0
 0.0
 0.0
 0.0
 0.3200850176147079
 0.20727603472394618
 0.0
 0.0
 0.0
 0.0
 0.0
 0.0
 0.0
 0.0
 0.0
 0.0
 0.0
 0.0
 0.0
 0.0
 0.0
 0.0
 2.0
 1.0
 0.0
 0.0
 0.0
 0.0
 0.0
 0.0
 0.0
 0.0
 0.0
 0.0
 0.0
 0.0
 0.0
 0.7500000000000001
 2.2500000000000004
 0.0
 0.48533274555405836
 1.455998236662175
 0.0
 0.0
 0.0
 0.0
 0.0
 0.0
 0.0
 0.0
 0.0
 0.0
 0.0
 0.0
 0.0
 0.7646672544459416
 2.2940017633378247
 0.0
 0.0
 0.0
 0.0
 0.0
 0.0
 0.0
 0.24776367619032047
 0.40400266675205687
 0.9591274977831492
 0.21365160132802438
 0.34837962537359757
 0.8270749325728513
 0.0
 0.0
 0.0
 0.0
 0.0
 0.0
 0.0
 0.0
 0.0
 0.0
 0.0
 4.288201956681174
 3.0496124379139795
 0.0
 0.0
 0.0
 0.386979753927101
 0.2752058514777459
 0.0
 0.0
 0.0
 0.0
 0.0
 0.0
 0.0
 0.0
 0.0
 0.0
 0.0
 0.0
 0.0
 0.0
 0.0
 0.0
 0.0
 0.0
 0.0
 0.0
 0.0
 0.0
 0.0
 0.0
 0.0
 0.0
 0.0
 0.0
 0.7057793451891777
 0.35288967259458875
 0.0
 0.0
 1.2942206548108224
 0.6471103274054112
 0.0
 0.0
 0.0
 0.0
 0.0
 0.0
 0.0
 0.0
 0.0
 0.0
 0.0
 0.0
 0.0
 0.0
 2.0
 0.0
 0.0
 0.0
 0.43542265838183775
 0.0
 0.0
 0.0
 0.0
 0.0
 0.0
 0.0
 0.0
 0.0
 0.0
 0.0
 0.0
 0.0
 0.0
 0.0
 0.0
 1.5645773416181623
 1.0
 0.43542265838183786
 0.0
 0.0
 0.0
 0.0
 0.0
 0.0
 0.0
 0.0
 0.0
 1.431834631327131
 0.7159173156635655
 0.0
 0.5681653686728689
 0.28408268433643447
 0.0
 0.0
 0.0
 0.0
 0.0
 0.0
 0.0
 0.0
 0.0
 0.0
 0.0
 0.0
 0.0
 0.0
 0.5017954240212167
 0.9216152038586259
 0.0
 0.0
 0.0
 0.0
 0.0
 0.0
 0.0
 0.0
 0.0
 0.0
 0.0
 0.0
 0.0
 0.0
 0.0
 0.0
 0.0
 0.0
 0.0
 0.0
 0.0
 0.0
 0.40403862829790016
 0.5634615969772332
 0.0
 0.20201931414895005
 0.0
 0.0
 0.0
 0.0
 1.5959613717021
 2.2256855662578108
 0.0
 0.79798068585105
x_ij_opt: 1-dimensional DenseAxisArray{Float64,1,...} with index sets:
    Dimension 1, [(43, 30), (43, 22), (43, 6), (44, 22), (45, 30), (45, 29), (45, 28), (45, 24), (45, 23), (40, 29)  …  (5, 7), (5, 14), (6, 4), (6, 3), (1, 14), (1, 10), (1, 23), (1, 1), (3, 2), (3, 1)]
And data, a 116-element Vector{Float64}:
 0.0
 0.0
 1.3378143945951522
 0.0
 0.0
 0.0
 1.4982045759787832
 0.0
 0.0
 0.0
 0.0
 0.0
 0.0
 0.0
 0.0
 0.0
 0.0
 0.0
 0.2802998814914433
 0.0
 0.0
 0.0
 0.0
 0.0
 0.0
 0.0
 0.0
 2.0
 0.0
 0.0
 0.0
 0.0
 0.0
 0.0
 0.0
 0.0
 0.0
 0.0
 0.0
 0.0
 0.0
 0.0
 0.0
 0.6621856054048476
 0.0
 0.0
 0.0
 0.0
 0.0
 0.0
 0.0
 0.0
 0.0
 0.0
 0.0
 0.5645773416181621
 0.0
 1.3248182893917253
 0.24761770787434634
 2.0
 0.0
 0.0
 0.0
 0.0
 6.0
 0.0
 0.0
 0.0
 0.0
 0.7197001185085566
 0.0
 0.0
 0.0
 0.0
 0.0
 0.0
 0.07838479614137407
 0.7297719392895068
 0.0
 0.0
 0.0
 0.0
 0.0
 0.0
 0.0
 0.0
 0.0
 0.0
 0.0
 0.0
 0.7140553237652226
 1.2702280607104932
 0.0
 0.0
 0.0
 0.0
 0.0
 0.0
 0.0
 0.0
 0.0
 0.0
 0.0
 0.0
 0.0
 1.3384123622480748
 0.0
 0.0
 0.0
 0.0
 0.20017236023358045
 0.0
 0.0
 4.213797569643999
 0.0
 0.0
x_il_opt: 1-dimensional DenseAxisArray{Float64,1,...} with index sets:
    Dimension 1, [(43, 15), (43, 14), (44, 15), (44, 13), (44, 3), (40, 14), (40, 2), (41, 14), (42, 6), (37, 13)  …  (4, 13), (5, 2), (5, 7), (5, 9), (6, 11), (1, 1), (1, 6), (1, 3), (2, 1), (2, 15)]
And data, a 71-element Vector{Float64}:
 0.0
 0.0
 0.0
 2.1477519469906965
 1.3379235989530314
 1.4234106278798426
 0.0
 0.0
 0.0
 0.8522480530093034
 0.0
 3.0
 0.0
 0.0
 3.0
 0.0
 0.0
 0.0
 7.337814394595153
 0.0
 0.0
 0.0
 3.0
 1.0586690177837665
 1.9413309822162335
 0.0
 0.6621856054048468
 0.0
 2.435422658381838
 0.0
 1.4275640027339285
 0.0
 0.0
 0.0
 0.0
 0.0
 0.0
 0.0
 0.5724359972660715
 1.1695195394240834
 0.0
 0.0
 3.0
 0.0
 0.0
 1.9413309822162335
 0.0
 1.6108938407255267
 0.0
 0.0
 0.0
 0.0
 0.0
 0.0
 0.0
 0.0
 0.0
 5.19609020332621
 0.0
 0.0
 0.0
 0.0
 0.0
 1.3891061592744731
 0.0
 0.0
 0.0
 3.0586690177837665
 0.5273610523386542
 0.0
 4.619627623810961
x_lj_opt: 1-dimensional DenseAxisArray{Float64,1,...} with index sets:
    Dimension 1, [(15, 30), (15, 29), (15, 23), (15, 3), (14, 28), (14, 27), (14, 10), (14, 24), (13, 26), (13, 25)  …  (3, 6), (3, 5), (3, 29), (2, 4), (2, 3), (2, 1), (2, 5), (1, 2), (1, 1), (1, 14)]
And data, a 53-element Vector{Float64}:
 2.0
 2.7891471632350444
 0.0
 1.0
 0.5017954240212167
 0.9216152038586259
 0.0
 0.0
 2.0
 1.0
 0.0
 1.5645773416181623
 1.0
 0.4354226583818381
 2.0
 0.0
 0.0
 0.0
 0.43542265838183775
 0.0
 0.0
 2.0
 1.0
 0.0
 0.0
 0.0
 4.675181710608275
 3.3248182893917253
 0.0
 0.0
 0.4614152775183448
 0.7523822921256544
 1.7862024303560007
 2.0
 6.0
 0.0
 2.0
 1.0
 0.0
 0.0
 0.0
 0.0
 0.0
 0.0
 4.285944676234777
 2.7754301783831177
 1.2859446762347773
 0.0
 0.0
 1.7140553237652225
 2.0
 0.0
 0.0
q_opt: 1-dimensional DenseAxisArray{Float64,1,...} with index sets:
    Dimension 1, [(43, 15), (43, 14), (44, 15), (44, 13), (44, 3), (40, 14), (40, 2), (41, 14), (42, 6), (37, 13)  …  (4, 13), (5, 2), (5, 7), (5, 9), (6, 11), (1, 1), (1, 6), (1, 3), (2, 1), (2, 15)]
And data, a 71-element Vector{Float64}:
 0.0
 0.0
 0.0
 0.7159173156635655
 0.18947069465913927
 1.0
 0.0
 0.0
 0.0
 0.28408268433643447
 0.0
 1.0
 0.0
 0.0
 0.37500000000000006
 0.0
 0.0
 0.0
 0.9172267993243941
 0.0
 0.0
 0.0
 1.0
 0.35288967259458887
 0.24266637277702918
 0.0
 0.08277320067560585
 0.0
 1.0
 1.0
 0.7137820013669642
 0.0
 0.0
 0.0
 0.0
 0.0
 0.0
 0.0
 0.28621799863303576
 0.20201931414895005
 0.0
 0.0
 1.0
 0.0
 0.0
 0.6471103274054112
 0.0
 0.5369646135751756
 0.0
 0.0
 0.0
 0.0
 0.0
 0.0
 0.0
 1.0
 0.0
 0.7358468159962004
 0.0
 0.0
 0.0
 0.0
 0.0
 0.46303538642482445
 0.0
 0.0
 0.0
 0.3823336272229708
 0.07468248934466043
 0.0
 0.79798068585105
