
PROBLEM STATISTICS
  Objective sense = Min
  # Variables = 572
  # Bin-Int Variables = 0
  # Constraints = 621
  # NL Constraints = 261
  # Linear Constraints = 360
  # Detected convex constraints = 0
  # Detected nonlinear terms = 261
  # Variables involved in nonlinear terms = 124
  # Potential variables for partitioning = 124
SUB-SOLVERS USED BY ALPINE
  NLP local solver = Knitro
  MIP solver = Gurobi
ALPINE CONFIGURATION
  Maximum iterations (lower-bounding MIPs) =  1
  Relative global optimality gap = 0.01%
  Potential variables chosen for partitioning = All
  Discretization ratio = 10
  Bound-tightening presolve = false
PRESOLVE 
  Doing local search

Feasible solution found during presolve: [1.41405295452239, 0.022769933078834032, 0.0, 0.5859470454776099, 0.009435272540958044, 0.0, 0.0, 0.0, 0.0, 0.0, 0.0, 0.0, 0.0, 0.0, 0.0, 0.0, 1.3708426117144379, 0.0, 0.0, 1.6291573882855623, 0.0, 0.0, 0.0, 0.0, 0.0, 0.0, 0.0, 0.0, 0.0, 0.0, 0.0, 0.0, 0.0, 0.0, 0.0, 3.709795742184592, 1.8864098352790972, 0.0, 0.0, 0.0, 0.0, 0.6610468695298457, 0.3361385377857041, 0.0, 0.0, 0.0, 0.0, 0.0, 0.0, 0.0, 0.0, 0.0, 0.0, 0.0, 0.0, 0.0, 0.0, 0.0, 0.0, 2.0, 1.0, 0.0, 0.0, 0.0, 0.0, 0.0, 0.0, 0.0, 0.0, 0.0, 0.0, 0.3644314913203955, 1.0932944739611865, 0.0, 0.75, 2.25, 0.0, 0.49976217420032676, 1.4992865226009804, 0.0, 0.0, 0.0, 0.0, 0.0, 0.0, 0.0, 0.0, 0.0, 0.0, 0.0, 0.0, 0.0, 0.3858063344792778, 1.1574190034378335, 0.0, 0.0, 0.0, 0.0, 0.0, 0.0, 0.0, 1.5392123640611484, 0.952582096325983, 0.5082055396128689, 0.0, 0.0, 0.0, 0.0, 0.0, 0.0, 0.0, 0.0, 0.0, 0.0, 0.0, 0.0, 0.0, 0.0, 4.135371432051378, 3.242236728683183, 0.0, 0.0, 0.0, 0.3488693592238637, 0.27352248004157625, 0.0, 0.0, 0.0, 0.0, 0.0, 0.0, 0.0, 0.0, 0.0, 0.0, 0.0, 0.0, 0.0, 0.0, 0.0, 0.0, 0.0, 0.0, 0.0, 0.0, 0.0, 0.0, 0.0, 0.0, 0.0, 0.0, 0.0, 0.0, 0.6673008687991285, 0.33365043439956427, 0.0, 0.0, 1.3326991312008714, 0.6663495656004357, 0.0, 0.0, 0.0, 0.0, 0.0, 0.0, 0.0, 0.0, 0.0, 0.0, 0.0, 0.0, 0.0, 0.0, 0.9999999999999998, 0.0, 0.0, 0.0, 2.0, 0.0, 0.0, 0.0, 0.0, 0.0, 0.0, 0.0, 0.0, 0.0, 0.0, 0.0, 0.0, 0.0, 0.0, 0.0, 0.0, 0.0, 0.0, 0.0, 0.0, 0.0, 0.0, 0.0, 0.0, 0.0, 0.0, 0.0, 0.0, 1.3863017847480006, 0.6931508923740003, 0.0, 0.6136982152519994, 0.3068491076259997, 0.0, 0.0, 0.0, 0.0, 0.0, 0.0, 0.0, 0.0, 0.0, 0.0, 0.0, 0.0, 0.0, 0.0, 0.4426679297783984, 0.6415017459594852, 0.0, 0.0, 0.0, 0.0, 0.0, 0.0, 0.0, 0.0, 0.0, 0.0, 0.0, 0.0, 0.0, 0.0, 0.0, 0.0, 0.0, 0.0, 0.0, 0.0, 0.0, 0.0, 0.0, 0.0, 0.0, 0.0, 0.0, 0.0, 0.0, 0.0, 1.1910244050222714, 3.7774516269351994, 0.0, 1.0, 0.0, 0.0, 0.0, 2.079452677122001, 0.0, 1.0841696757378836, 0.0, 0.0, 1.457725965281582, 0.920547322877999, 0.0, 0.0, 0.0, 0.0, 3.0, 0.0, 0.0, 0.0, 7.37760816073456, 0.0, 0.0, 0.0, 3.0, 1.0009513031986927, 1.999048696801307, 0.0, 0.62239183926544, 0.0, 3.0, 0.0, 1.4368228876012241, 0.0, 0.0, 0.0, 0.0, 0.0, 0.0, 0.0, 0.5953823180185679, 0.0, 0.0, 0.0, 3.0, 0.0, 0.0, 1.999048696801307, 0.0, 3.0, 0.0, 0.0, 0.0, 0.0, 0.0, 0.0, 0.0, 0.0, 0.0, 5.59620557746369, 0.0, 0.0, 0.0, 0.0, 0.0, 0.0, 0.0, 0.0, 0.0, 1.5432253379171113, 0.9971854073155498, 0.0, 5.96847603195747, 1.1910244050222714, 3.7774516269351994, 0.0, 1.0, 0.4426679297783984, 0.6415017459594852, 0.0, 0.0, 2.0, 1.0, 0.0, 0.0, 0.0, 0.0, 0.9999999999999998, 0.0, 0.0, 0.0, 2.0, 0.0, 0.0, 2.0, 1.0, 0.0, 0.0, 0.0, 4.4842407912752416, 3.515759208724759, 0.0, 0.0, 1.5392123640611484, 0.952582096325983, 0.5082055396128689, 2.0, 6.0, 0.0, 2.0, 1.0, 0.0, 0.0, 0.0, 0.0, 0.0, 0.0, 4.370842611714438, 2.222548373064801, 1.3708426117144379, 0.0, 0.0, 1.6291573882855623, 2.0, 0.03220520561979207, 0.0, 0.0, 1.0000000000000004, 1.37760816073456, 0.0, 0.8089755949777286, 0.0, 1.5573320702216016, 0.0, 0.0, 0.0, 0.0, 0.0, 0.0, 0.0, 0.0, 0.0, 0.0, 0.0, 0.28430414569524465, 0.0, 0.0, 0.0, 0.0, 0.0, 0.0, 0.0, 0.0, 2.0, 0.0, 0.0, 0.0, 0.0, 0.0, 0.0, 0.0, 0.0, 0.0, 0.0, 0.0, 0.0, 0.0, 0.0, 0.0, 0.62239183926544, 0.0, 0.0, 0.0, 0.0, 0.0, 0.0, 0.0, 0.0, 0.0, 0.0, 0.0, 0.0, 0.0, 1.5157592087247587, 0.04741790367401701, 2.0, 0.0, 0.0, 0.0, 0.0, 6.0, 0.0, 0.0, 0.0, 0.0, 0.7156958543047554, 0.0, 0.0, 0.0, 0.0, 0.0, 0.0, 0.35849825404051483, 0.7029215183424183, 0.0, 0.0, 0.0, 0.0, 0.0, 0.0, 0.0, 0.0, 0.0, 0.0, 0.0, 0.0, 0.629157388285562, 1.2970784816575816, 0.0, 0.0, 0.0, 0.0, 0.0, 0.0, 0.0, 0.0, 0.0, 0.0, 0.0, 0.0, 0.0, 0.46078763593885164, 0.0, 0.0, 0.0, 0.0, 0.0, 0.0, 0.0, 5.459589254767339, 0.0, 0.0, 0.0, 0.0, 0.0, 0.6931508923740003, 0.0, 1.0, 0.0, 0.0, 0.18221574566019774, 0.3068491076259997, 0.0, 0.0, 0.0, 0.0, 0.375, 0.0, 0.0, 0.0, 0.92220102009182, 0.0, 0.0, 0.0, 1.0, 0.33365043439956427, 0.24988108710016338, 0.0, 0.07779897990818, 0.0, 1.0, 1.0, 0.707026477261195, 0.0, 0.0, 1.0, 0.0, 0.0, 0.0, 0.0, 0.29297352273880495, 0.0, 0.0, 0.0, 1.0, 0.0, 0.0, 0.6663495656004357, 0.0, 1.0, 0.0, 0.0, 0.0, 0.0, 0.0, 0.0, 0.0, 1.0, 0.0, 0.8487598551917308, 0.0, 0.0, 0.0, 0.0, 0.0, 0.0, 0.0, 0.0, 0.0, 0.1929031672396389, 0.15124014480826933, 0.0, 1.0]  :with objective: -584.3856330901942

  Local solver returns a feasible point with value -584.3856
disc:  333  :[0.0, 0.9910244050222714, 1.3910244050222713, 2.0]
disc:  334  :[0.0, 3.1774516269351993, 4.3774516269351995, 6.0]
disc:  335  :[0.0, 0.1, 1.0]
disc:  336  :[0.0, 0.9, 1.0]
disc:  337  :[0.0, 0.2426679297783984, 0.6426679297783984, 2.0]
disc:  338  :[0.0, 0.5415017459594852, 0.7415017459594851, 1.0]
disc:  339  :[0.0, 0.2, 2.0]
disc:  340  :[0.0, 0.2, 2.0]
disc:  341  :[0.0, 1.8, 2.0]
disc:  342  :[0.0, 0.9, 1.0]
disc:  343  :[0.0, 0.2, 2.0]
disc:  344  :[0.0, 0.2, 2.0]
disc:  345  :[0.0, 0.1, 1.0]
disc:  346  :[0.0, 0.3, 3.0]
disc:  347  :[0.0, 0.7999999999999998, 1.1999999999999997, 2.0]
disc:  348  :[0.0, 0.6, 6.0]
disc:  349  :[0.0, 0.2, 2.0]
disc:  350  :[0.0, 0.1, 1.0]
disc:  351  :[0.0, 1.8, 2.0]
disc:  352  :[0.0, 0.6, 6.0]
disc:  353  :[0.0, 0.1, 1.0]
disc:  354  :[0.0, 1.8, 2.0]
disc:  355  :[0.0, 0.9, 1.0]
disc:  356  :[0.0, 0.2, 2.0]
disc:  357  :[0.0, 0.1, 1.0]
disc:  358  :[0.0, 0.2, 2.0]
disc:  359  :[0.0, 3.8842407912752415, 5.084240791275241, 6.0]
disc:  360  :[0.0, 2.915759208724759, 4.115759208724759, 6.0]
disc:  361  :[0.0, 0.2, 2.0]
disc:  362  :[0.0, 0.1, 1.0]
disc:  363  :[0.0, 1.3392123640611484, 1.7392123640611483, 2.0]
disc:  364  :[0.0, 0.852582096325983, 1.0]
disc:  365  :[0.0, 0.20820553961286886, 0.8082055396128689, 3.0]
disc:  366  :[0.0, 1.8, 2.0]
disc:  367  :[0.0, 5.4, 6.0]
disc:  368  :[0.0, 0.2, 2.0]
disc:  369  :[0.0, 1.8, 2.0]
disc:  370  :[0.0, 0.9, 1.0]
disc:  371  :[0.0, 0.2, 2.0]
disc:  372  :[0.0, 0.2, 2.0]
disc:  373  :[0.0, 0.2, 2.0]
disc:  374  :[0.0, 0.6, 6.0]
disc:  375  :[0.0, 0.2, 2.0]
disc:  376  :[0.0, 0.2, 2.0]
disc:  377  :[0.0, 3.770842611714438, 4.9708426117144375, 6.0]
disc:  378  :[0.0, 1.622548373064801, 2.822548373064801, 6.0]
disc:  379  :[0.0, 1.170842611714438, 1.5708426117144378, 2.0]
disc:  380  :[0.0, 0.1, 1.0]
disc:  381  :[0.0, 0.3, 3.0]
disc:  382  :[0.0, 1.3291573882855623, 1.9291573882855624, 3.0]
disc:  383  :[0.0, 1.8, 2.0]
disc:  384  :[0.0, 0.6322052056197921, 6.0]
disc:  385  :[0.0, 0.2, 2.0]
disc:  502  :[0.0, 0.1, 1.0]
disc:  503  :[0.0, 0.1, 1.0]
disc:  504  :[0.0, 0.1, 1.0]
disc:  505  :[0.0, 0.5931508923740003, 0.7931508923740003, 1.0]
disc:  506  :[0.0, 0.1, 1.0]
disc:  507  :[0.0, 0.9, 1.0]
disc:  508  :[0.0, 0.1, 1.0]
disc:  509  :[0.0, 0.1, 1.0]
disc:  510  :[0.0, 0.08221574566019774, 0.28221574566019775, 1.0]
disc:  511  :[0.0, 0.2068491076259997, 0.4068491076259997, 1.0]
disc:  512  :[0.0, 0.1, 1.0]
disc:  513  :[0.0, 0.1, 1.0]
disc:  514  :[0.0, 0.1, 1.0]
disc:  515  :[0.0, 0.1, 1.0]
disc:  516  :[0.0, 0.275, 0.475, 1.0]
disc:  517  :[0.0, 0.1, 1.0]
disc:  518  :[0.0, 0.1, 1.0]
disc:  519  :[0.0, 0.1, 1.0]
disc:  520  :[0.0, 0.8222010200918201, 1.0]
disc:  521  :[0.0, 0.1, 1.0]
disc:  522  :[0.0, 0.1, 1.0]
disc:  523  :[0.0, 0.1, 1.0]
disc:  524  :[0.0, 0.9, 1.0]
disc:  525  :[0.0, 0.23365043439956426, 0.4336504343995643, 1.0]
disc:  526  :[0.0, 0.14988108710016337, 0.3498810871001634, 1.0]
disc:  527  :[0.0, 0.1, 1.0]
disc:  528  :[0.0, 0.17779897990818, 1.0]
disc:  529  :[0.0, 0.1, 1.0]
disc:  530  :[0.0, 0.9, 1.0]
disc:  531  :[0.0, 0.9, 1.0]
disc:  532  :[0.0, 0.6070264772611951, 0.807026477261195, 1.0]
disc:  533  :[0.0, 0.1, 1.0]
disc:  534  :[0.0, 0.1, 1.0]
disc:  535  :[0.0, 0.9, 1.0]
disc:  536  :[0.0, 0.1, 1.0]
disc:  537  :[0.0, 0.1, 1.0]
disc:  538  :[0.0, 0.1, 1.0]
disc:  539  :[0.0, 0.1, 1.0]
disc:  540  :[0.0, 0.19297352273880494, 0.3929735227388049, 1.0]
disc:  541  :[0.0, 0.1, 1.0]
disc:  542  :[0.0, 0.1, 1.0]
disc:  543  :[0.0, 0.1, 1.0]
disc:  544  :[0.0, 0.9, 1.0]
disc:  545  :[0.0, 0.1, 1.0]
disc:  546  :[0.0, 0.1, 1.0]
disc:  547  :[0.0, 0.5663495656004357, 0.7663495656004357, 1.0]
disc:  548  :[0.0, 0.1, 1.0]
disc:  549  :[0.0, 0.9, 1.0]
disc:  550  :[0.0, 0.1, 1.0]
disc:  551  :[0.0, 0.1, 1.0]
disc:  552  :[0.0, 0.1, 1.0]
disc:  553  :[0.0, 0.1, 1.0]
disc:  554  :[0.0, 0.1, 1.0]
disc:  555  :[0.0, 0.1, 1.0]
disc:  556  :[0.0, 0.1, 1.0]
disc:  557  :[0.0, 0.9, 1.0]
disc:  558  :[0.0, 0.1, 1.0]
disc:  559  :[0.0, 0.7487598551917308, 0.9487598551917308, 1.0]
disc:  560  :[0.0, 0.1, 1.0]
disc:  561  :[0.0, 0.1, 1.0]
disc:  562  :[0.0, 0.1, 1.0]
disc:  563  :[0.0, 0.1, 1.0]
disc:  564  :[0.0, 0.1, 1.0]
disc:  565  :[0.0, 0.1, 1.0]
disc:  566  :[0.0, 0.1, 1.0]
disc:  567  :[0.0, 0.1, 1.0]
disc:  568  :[0.0, 0.1, 1.0]
disc:  569  :[0.0, 0.0929031672396389, 0.29290316723963894, 1.0]
disc:  570  :[0.0, 0.05124014480826933, 0.25124014480826934, 1.0]
disc:  571  :[0.0, 0.1, 1.0]
disc:  572  :[0.0, 0.9, 1.0]
  Completed presolve in 7.54s
LOWER-BOUNDING ITERATIONS
====================================================================================================
| Iter   | Incumbent       | Best Incumbent      | Lower Bound        | Gap (%)         | Time      
| finish | -584.3856       | -584.3856           | -620.7635          | 6.225           | 24.21s           
Final UBD: -584.3856330901942
Final LBD: -620.7635340787106
====================================================================================================

*** Alpine ended with status OTHER_LIMIT ***

 Total time for local solves: 5.05s

 Total time for solving max-min problems: 0.0s

 Total time excluding max-min time: 24.21s

presolve objective value: -584.3856330901942
w_opt: 1-dimensional DenseAxisArray{Float64,1,...} with index sets:
    Dimension 1, [(25, 1, 2), (25, 1, 1), (25, 1, 14), (20, 1, 2), (20, 1, 1), (20, 1, 14), (1, 1, 2), (1, 1, 1), (1, 1, 14), (2, 1, 2)  …  (20, 15, 23), (20, 15, 3), (8, 15, 30), (8, 15, 29), (8, 15, 23), (8, 15, 3), (2, 15, 30), (2, 15, 29), (2, 15, 23), (2, 15, 3)]
And data, a 261-element Vector{Float64}:
 1.41405295452239
 0.022769933078834032
 0.0
 0.5859470454776099
 0.009435272540958044
 0.0
 0.0
 0.0
 0.0
 0.0
 0.0
 0.0
 0.0
 0.0
 0.0
 0.0
 1.3708426117144379
 0.0
 0.0
 1.6291573882855623
 0.0
 0.0
 0.0
 0.0
 0.0
 0.0
 0.0
 0.0
 0.0
 0.0
 0.0
 0.0
 0.0
 0.0
 0.0
 3.709795742184592
 1.8864098352790972
 0.0
 0.0
 0.0
 0.0
 0.6610468695298457
 0.3361385377857041
 0.0
 0.0
 0.0
 0.0
 0.0
 0.0
 0.0
 0.0
 0.0
 0.0
 0.0
 0.0
 0.0
 0.0
 0.0
 0.0
 2.0
 1.0
 0.0
 0.0
 0.0
 0.0
 0.0
 0.0
 0.0
 0.0
 0.0
 0.0
 0.3644314913203955
 1.0932944739611865
 0.0
 0.75
 2.25
 0.0
 0.49976217420032676
 1.4992865226009804
 0.0
 0.0
 0.0
 0.0
 0.0
 0.0
 0.0
 0.0
 0.0
 0.0
 0.0
 0.0
 0.0
 0.3858063344792778
 1.1574190034378335
 0.0
 0.0
 0.0
 0.0
 0.0
 0.0
 0.0
 1.5392123640611484
 0.952582096325983
 0.5082055396128689
 0.0
 0.0
 0.0
 0.0
 0.0
 0.0
 0.0
 0.0
 0.0
 0.0
 0.0
 0.0
 0.0
 0.0
 4.135371432051378
 3.242236728683183
 0.0
 0.0
 0.0
 0.3488693592238637
 0.27352248004157625
 0.0
 0.0
 0.0
 0.0
 0.0
 0.0
 0.0
 0.0
 0.0
 0.0
 0.0
 0.0
 0.0
 0.0
 0.0
 0.0
 0.0
 0.0
 0.0
 0.0
 0.0
 0.0
 0.0
 0.0
 0.0
 0.0
 0.0
 0.0
 0.6673008687991285
 0.33365043439956427
 0.0
 0.0
 1.3326991312008714
 0.6663495656004357
 0.0
 0.0
 0.0
 0.0
 0.0
 0.0
 0.0
 0.0
 0.0
 0.0
 0.0
 0.0
 0.0
 0.0
 0.9999999999999998
 0.0
 0.0
 0.0
 2.0
 0.0
 0.0
 0.0
 0.0
 0.0
 0.0
 0.0
 0.0
 0.0
 0.0
 0.0
 0.0
 0.0
 0.0
 0.0
 0.0
 0.0
 0.0
 0.0
 0.0
 0.0
 0.0
 0.0
 0.0
 0.0
 0.0
 0.0
 0.0
 1.3863017847480006
 0.6931508923740003
 0.0
 0.6136982152519994
 0.3068491076259997
 0.0
 0.0
 0.0
 0.0
 0.0
 0.0
 0.0
 0.0
 0.0
 0.0
 0.0
 0.0
 0.0
 0.0
 0.4426679297783984
 0.6415017459594852
 0.0
 0.0
 0.0
 0.0
 0.0
 0.0
 0.0
 0.0
 0.0
 0.0
 0.0
 0.0
 0.0
 0.0
 0.0
 0.0
 0.0
 0.0
 0.0
 0.0
 0.0
 0.0
 0.0
 0.0
 0.0
 0.0
 0.0
 0.0
 0.0
 0.0
 1.1910244050222714
 3.7774516269351994
 0.0
 1.0
x_ij_opt: 1-dimensional DenseAxisArray{Float64,1,...} with index sets:
    Dimension 1, [(43, 30), (43, 22), (43, 6), (44, 22), (45, 30), (45, 29), (45, 28), (45, 24), (45, 23), (40, 29)  …  (5, 7), (5, 14), (6, 4), (6, 3), (1, 14), (1, 10), (1, 23), (1, 1), (3, 2), (3, 1)]
And data, a 116-element Vector{Float64}:
 0.0
 1.0000000000000004
 1.37760816073456
 0.0
 0.8089755949777286
 0.0
 1.5573320702216016
 0.0
 0.0
 0.0
 0.0
 0.0
 0.0
 0.0
 0.0
 0.0
 0.0
 0.0
 0.28430414569524465
 0.0
 0.0
 0.0
 0.0
 0.0
 0.0
 0.0
 0.0
 2.0
 0.0
 0.0
 0.0
 0.0
 0.0
 0.0
 0.0
 0.0
 0.0
 0.0
 0.0
 0.0
 0.0
 0.0
 0.0
 0.62239183926544
 0.0
 0.0
 0.0
 0.0
 0.0
 0.0
 0.0
 0.0
 0.0
 0.0
 0.0
 0.0
 0.0
 1.5157592087247587
 0.04741790367401701
 2.0
 0.0
 0.0
 0.0
 0.0
 6.0
 0.0
 0.0
 0.0
 0.0
 0.7156958543047554
 0.0
 0.0
 0.0
 0.0
 0.0
 0.0
 0.35849825404051483
 0.7029215183424183
 0.0
 0.0
 0.0
 0.0
 0.0
 0.0
 0.0
 0.0
 0.0
 0.0
 0.0
 0.0
 0.629157388285562
 1.2970784816575816
 0.0
 0.0
 0.0
 0.0
 0.0
 0.0
 0.0
 0.0
 0.0
 0.0
 0.0
 0.0
 0.0
 0.46078763593885164
 0.0
 0.0
 0.0
 0.0
 0.0
 0.0
 0.0
 5.459589254767339
 0.0
 0.0
x_il_opt: 1-dimensional DenseAxisArray{Float64,1,...} with index sets:
    Dimension 1, [(43, 15), (43, 14), (44, 15), (44, 13), (44, 3), (40, 14), (40, 2), (41, 14), (42, 6), (37, 13)  …  (4, 13), (5, 2), (5, 7), (5, 9), (6, 11), (1, 1), (1, 6), (1, 3), (2, 1), (2, 15)]
And data, a 71-element Vector{Float64}:
 0.0
 0.0
 0.0
 2.079452677122001
 0.0
 1.0841696757378836
 0.0
 0.0
 1.457725965281582
 0.920547322877999
 0.0
 0.0
 0.0
 0.0
 3.0
 0.0
 0.0
 0.0
 7.37760816073456
 0.0
 0.0
 0.0
 3.0
 1.0009513031986927
 1.999048696801307
 0.0
 0.62239183926544
 0.0
 3.0
 0.0
 1.4368228876012241
 0.0
 0.0
 0.0
 0.0
 0.0
 0.0
 0.0
 0.5953823180185679
 0.0
 0.0
 0.0
 3.0
 0.0
 0.0
 1.999048696801307
 0.0
 3.0
 0.0
 0.0
 0.0
 0.0
 0.0
 0.0
 0.0
 0.0
 0.0
 5.59620557746369
 0.0
 0.0
 0.0
 0.0
 0.0
 0.0
 0.0
 0.0
 0.0
 1.5432253379171113
 0.9971854073155498
 0.0
 5.96847603195747
x_lj_opt: 1-dimensional DenseAxisArray{Float64,1,...} with index sets:
    Dimension 1, [(15, 30), (15, 29), (15, 23), (15, 3), (14, 28), (14, 27), (14, 10), (14, 24), (13, 26), (13, 25)  …  (3, 6), (3, 5), (3, 29), (2, 4), (2, 3), (2, 1), (2, 5), (1, 2), (1, 1), (1, 14)]
And data, a 53-element Vector{Float64}:
 1.1910244050222714
 3.7774516269351994
 0.0
 1.0
 0.4426679297783984
 0.6415017459594852
 0.0
 0.0
 2.0
 1.0
 0.0
 0.0
 0.0
 0.0
 0.9999999999999998
 0.0
 0.0
 0.0
 2.0
 0.0
 0.0
 2.0
 1.0
 0.0
 0.0
 0.0
 4.4842407912752416
 3.515759208724759
 0.0
 0.0
 1.5392123640611484
 0.952582096325983
 0.5082055396128689
 2.0
 6.0
 0.0
 2.0
 1.0
 0.0
 0.0
 0.0
 0.0
 0.0
 0.0
 4.370842611714438
 2.222548373064801
 1.3708426117144379
 0.0
 0.0
 1.6291573882855623
 2.0
 0.03220520561979207
 0.0
q_opt: 1-dimensional DenseAxisArray{Float64,1,...} with index sets:
    Dimension 1, [(43, 15), (43, 14), (44, 15), (44, 13), (44, 3), (40, 14), (40, 2), (41, 14), (42, 6), (37, 13)  …  (4, 13), (5, 2), (5, 7), (5, 9), (6, 11), (1, 1), (1, 6), (1, 3), (2, 1), (2, 15)]
And data, a 71-element Vector{Float64}:
 0.0
 0.0
 0.0
 0.6931508923740003
 0.0
 1.0
 0.0
 0.0
 0.18221574566019774
 0.3068491076259997
 0.0
 0.0
 0.0
 0.0
 0.375
 0.0
 0.0
 0.0
 0.92220102009182
 0.0
 0.0
 0.0
 1.0
 0.33365043439956427
 0.24988108710016338
 0.0
 0.07779897990818
 0.0
 1.0
 1.0
 0.707026477261195
 0.0
 0.0
 1.0
 0.0
 0.0
 0.0
 0.0
 0.29297352273880495
 0.0
 0.0
 0.0
 1.0
 0.0
 0.0
 0.6663495656004357
 0.0
 1.0
 0.0
 0.0
 0.0
 0.0
 0.0
 0.0
 0.0
 1.0
 0.0
 0.8487598551917308
 0.0
 0.0
 0.0
 0.0
 0.0
 0.0
 0.0
 0.0
 0.0
 0.1929031672396389
 0.15124014480826933
 0.0
 1.0
