
PROBLEM STATISTICS
  Objective sense = Min
  # Variables = 572
  # Bin-Int Variables = 0
  # Constraints = 621
  # NL Constraints = 261
  # Linear Constraints = 360
  # Detected convex constraints = 0
  # Detected nonlinear terms = 261
  # Variables involved in nonlinear terms = 124
  # Potential variables for partitioning = 124
SUB-SOLVERS USED BY ALPINE
  NLP local solver = Knitro
  MIP solver = Gurobi
ALPINE CONFIGURATION
  Maximum iterations (lower-bounding MIPs) =  1
  Relative global optimality gap = 0.01%
  Potential variables chosen for partitioning = All
  Discretization ratio = 10
  Bound-tightening presolve = false
PRESOLVE 
  Doing local search

Feasible solution found during presolve: [1.3076840967250039, 0.0, 0.0, 0.6923159032749963, 0.0, 0.0, 0.0, 0.0, 0.0, 0.0, 0.0, 0.0, 0.0, 0.0, 0.0, 0.0, 2.0, 0.0, 0.0, 1.0, 0.0, 0.0, 0.0, 0.0, 0.0, 0.0, 0.0, 0.0, 0.12295614569300374, 1.869716859058157, 0.9988739697418901, 0.0, 0.0, 0.0, 0.20585338794660074, 3.130283140941843, 1.672316496618505, 0.0, 0.0, 0.0, 0.0, 0.0, 0.0, 0.0, 0.0, 0.0, 0.0, 0.0, 0.0, 0.0, 0.0, 0.0, 0.0, 0.0, 0.0, 0.0, 0.0, 0.0, 0.0, 2.0, 1.0, 0.0, 0.0, 0.0, 0.0, 0.0, 0.0, 0.0, 0.0, 0.0, 0.0, 0.75, 2.25, 0.0, 0.18699674534772542, 0.5609902360431763, 0.0, 0.536919358380736, 1.6107580751422081, 0.0, 0.0, 0.0, 0.0, 0.0, 0.0, 0.0, 0.0, 0.0, 0.0, 0.0, 0.0, 0.0, 0.5260838962715385, 1.5782516888146154, 0.0, 0.0, 0.0, 0.0, 0.0, 0.0, 0.0, 2.0, 0.8847501907128565, 0.0, 0.0, 0.0, 0.0, 0.0, 0.0, 0.0, 0.0, 0.0, 0.0, 0.0, 0.0, 0.0, 0.0, 0.0, 2.6032470180511145, 2.4712353442727233, 0.0, 0.0, 0.0, 1.500812205611602, 1.424705432064561, 0.0, 0.0, 0.0, 0.0, 0.0, 0.0, 0.0, 0.0, 0.0, 0.0, 0.0, 0.0, 0.0, 0.0, 0.0, 0.0, 0.0, 0.0, 0.0, 0.0, 0.0, 0.0, 0.0, 0.0, 0.0, 0.0, 0.0, 0.0, 0.5682150443180374, 0.2841075221590187, 0.0, 0.0, 1.4317849556819628, 0.7158924778409814, 0.0, 0.0, 0.0, 0.0, 0.0, 0.0, 0.0, 0.0, 0.0, 0.0, 0.0, 0.0, 0.0, 0.0, 1.6450451586988173, 0.0, 0.0, 0.0, 0.566953456276407, 0.0, 0.0, 0.0, 0.0, 0.0, 0.0, 0.0, 0.0, 0.0, 0.0, 0.0, 0.0, 0.0, 0.0, 0.0, 0.0, 1.4330465437235929, 0.8936570676616885, 0.6732963886147189, 0.0, 0.0, 0.0, 0.0, 0.0, 0.0, 0.0, 0.0, 0.0, 1.4811524761858952, 0.7405762380929476, 0.0, 0.5188475238141049, 0.25942376190705246, 0.0, 0.0, 0.0, 0.0, 0.0, 0.0, 0.0, 0.0, 0.0, 0.0, 0.0, 0.0, 0.0, 0.0, 0.3396567128321937, 0.5858037199498319, 0.0, 0.0, 0.0, 0.0, 0.0, 0.0, 0.0, 0.0, 0.0, 0.0, 0.0, 0.0, 0.0, 0.0, 0.0, 0.0, 0.0, 0.0, 0.0, 0.0, 0.0, 0.0, 0.5274535553723637, 0.10641378813560279, 0.0, 0.26372677768618186, 0.0, 0.0, 0.0, 0.0, 1.4725464446276362, 0.297086338280185, 0.0, 0.7362732223138181, 0.0, 0.0, 0.0, 2.221728714278843, 2.9915469744930507, 0.9254604327820256, 0.0, 0.0, 3.0, 0.7782712857211573, 0.0, 3.0, 0.0, 0.0, 0.7479869813909017, 0.0, 0.0, 0.0, 5.074482362323837, 0.0, 0.0, 0.0, 3.0, 0.8523225664770561, 2.147677433522944, 0.0, 2.9255176376761627, 0.0, 2.2119986149752244, 0.0, 1.3076840967250039, 0.0, 0.0, 0.0, 0.0, 0.0, 0.0, 0.0, 0.6923159032749963, 0.8975941211941485, 0.0, 0.0, 3.0, 0.0, 0.0, 2.1476774335229445, 0.0, 2.884750190712856, 0.0, 0.0, 0.0, 0.0, 0.0, 0.0, 0.0, 0.0, 0.0, 5.008453025506949, 0.0, 0.0, 0.0, 0.0, 0.0, 0.0, 0.0, 0.0, 0.0, 2.104335585086154, 0.0, 0.0, 2.5059060052216395, 2.0, 0.40350012641578775, 0.0, 1.0, 0.3396567128321937, 0.5858037199498319, 0.0, 0.0, 2.0, 1.0, 0.0, 1.4330465437235929, 0.8936570676616885, 0.6732963886147189, 1.6450451586988173, 0.0, 0.0, 0.0, 0.566953456276407, 0.0, 0.0, 2.0, 1.0, 0.0, 0.0, 0.0, 4.104059223662716, 3.895940776337284, 0.0, 0.0, 2.0, 0.8847501907128567, 0.0, 2.0, 6.0, 0.0, 2.0, 1.0, 0.0, 0.0, 0.0, 0.0, 0.0, 0.32880953363960447, 5.0, 2.6711904663603954, 2.0, 0.0, 0.0, 1.0, 2.0, 0.0, 0.0, 0.0, 0.3549548413011826, 1.2918726918348564, 0.0, 0.0, 0.0, 1.6603432871678063, 0.0, 0.0, 0.0, 0.0, 0.0, 0.0, 0.0, 0.0, 0.0, 0.0, 0.0, 0.23043941477255478, 0.0, 0.21067851742446478, 0.0, 0.0, 0.0, 0.0, 0.0, 0.0, 2.0, 0.0, 2.252013018609098, 0.0, 0.0, 0.0, 0.0, 0.0, 0.0, 0.0, 0.0, 0.0, 0.0, 0.0, 0.0, 0.0, 0.379317774525539, 0.0, 0.0, 0.0, 0.0, 0.0, 0.0, 0.0, 0.0, 0.0, 0.0, 0.0, 0.7880013850247756, 0.0, 1.5770660939878531, 0.11524980928714333, 2.0, 0.0, 0.0, 0.0, 0.0, 6.0, 0.0, 0.31887468234943045, 0.0, 0.0, 0.7695605852274452, 0.0, 0.0, 0.0, 0.0, 0.0, 0.0, 0.41419628005016806, 0.9176917435875345, 0.0, 0.0, 0.0, 0.0, 0.0, 0.0, 0.0, 0.0, 0.0, 0.0, 0.0, 0.0, 0.0, 1.0823082564124655, 0.0, 0.0, 0.0, 0.0, 0.0, 0.0, 0.0, 0.0, 0.0, 0.0, 0.0, 0.0, 0.0, 0.0, 0.0, 0.0, 0.0, 0.0, 0.0, 0.0, 0.10634293233831144, 5.789321482575535, 0.0, 0.0, 0.0, 0.0, 0.0, 0.7405762380929476, 0.3739433718116314, 1.0, 0.0, 0.0, 0.375, 0.25942376190705246, 0.0, 1.0, 0.0, 0.0, 0.09349837267386271, 0.0, 0.0, 0.0, 0.6343102952904797, 0.0, 0.0, 0.0, 1.0, 0.2841075221590187, 0.268459679190368, 0.0, 0.36568970470952034, 0.0, 1.0, 1.0, 0.6538420483625019, 0.0, 0.0, 0.0, 0.0, 0.0, 0.0, 0.0, 0.34615795163749813, 0.26372677768618186, 0.0, 0.0, 1.0, 0.0, 0.0, 0.7158924778409814, 0.0, 1.0, 0.0, 0.0, 0.0, 0.0, 0.0, 0.0, 0.0, 1.0, 0.0, 0.6260566281883686, 0.0, 0.0, 0.0, 0.0, 0.0, 0.0, 0.0, 0.0, 0.0, 0.26304194813576925, 0.0, 0.0, 0.7362732223138181]  :with objective: -623.1469525510703

  Local solver returns a feasible point with value -623.147
disc:  333  :[0.0, 1.8, 2.0]
disc:  334  :[0.0, 1.0035001264157877, 6.0]
disc:  335  :[0.0, 0.1, 1.0]
disc:  336  :[0.0, 0.9, 1.0]
disc:  337  :[0.0, 0.13965671283219366, 0.5396567128321936, 2.0]
disc:  338  :[0.0, 0.48580371994983196, 0.6858037199498319, 1.0]
disc:  339  :[0.0, 0.2, 2.0]
disc:  340  :[0.0, 0.2, 2.0]
disc:  341  :[0.0, 1.8, 2.0]
disc:  342  :[0.0, 0.9, 1.0]
disc:  343  :[0.0, 0.2, 2.0]
disc:  344  :[0.0, 1.233046543723593, 1.6330465437235928, 2.0]
disc:  345  :[0.0, 0.7936570676616885, 0.9936570676616885, 1.0]
disc:  346  :[0.0, 0.37329638861471887, 0.9732963886147188, 3.0]
disc:  347  :[0.0, 1.4450451586988173, 1.8450451586988172, 2.0]
disc:  348  :[0.0, 0.6, 6.0]
disc:  349  :[0.0, 0.2, 2.0]
disc:  350  :[0.0, 0.1, 1.0]
disc:  351  :[0.0, 0.366953456276407, 0.7669534562764071, 2.0]
disc:  352  :[0.0, 0.6, 6.0]
disc:  353  :[0.0, 0.1, 1.0]
disc:  354  :[0.0, 1.8, 2.0]
disc:  355  :[0.0, 0.9, 1.0]
disc:  356  :[0.0, 0.2, 2.0]
disc:  357  :[0.0, 0.1, 1.0]
disc:  358  :[0.0, 0.2, 2.0]
disc:  359  :[0.0, 3.504059223662716, 4.704059223662716, 6.0]
disc:  360  :[0.0, 3.295940776337284, 4.495940776337284, 6.0]
disc:  361  :[0.0, 0.2, 2.0]
disc:  362  :[0.0, 0.1, 1.0]
disc:  363  :[0.0, 1.8, 2.0]
disc:  364  :[0.0, 0.7847501907128567, 0.9847501907128566, 1.0]
disc:  365  :[0.0, 0.3, 3.0]
disc:  366  :[0.0, 1.8, 2.0]
disc:  367  :[0.0, 5.4, 6.0]
disc:  368  :[0.0, 0.2, 2.0]
disc:  369  :[0.0, 1.8, 2.0]
disc:  370  :[0.0, 0.9, 1.0]
disc:  371  :[0.0, 0.2, 2.0]
disc:  372  :[0.0, 0.2, 2.0]
disc:  373  :[0.0, 0.2, 2.0]
disc:  374  :[0.0, 0.6, 6.0]
disc:  375  :[0.0, 0.2, 2.0]
disc:  376  :[0.0, 0.12880953363960446, 0.5288095336396045, 2.0]
disc:  377  :[0.0, 4.4, 5.6, 6.0]
disc:  378  :[0.0, 2.0711904663603953, 3.2711904663603955, 6.0]
disc:  379  :[0.0, 1.8, 2.0]
disc:  380  :[0.0, 0.1, 1.0]
disc:  381  :[0.0, 0.3, 3.0]
disc:  382  :[0.0, 0.7, 1.3, 3.0]
disc:  383  :[0.0, 1.8, 2.0]
disc:  384  :[0.0, 0.6, 6.0]
disc:  385  :[0.0, 0.2, 2.0]
disc:  502  :[0.0, 0.1, 1.0]
disc:  503  :[0.0, 0.1, 1.0]
disc:  504  :[0.0, 0.1, 1.0]
disc:  505  :[0.0, 0.6405762380929476, 0.8405762380929476, 1.0]
disc:  506  :[0.0, 0.2739433718116314, 0.4739433718116314, 1.0]
disc:  507  :[0.0, 0.9, 1.0]
disc:  508  :[0.0, 0.1, 1.0]
disc:  509  :[0.0, 0.1, 1.0]
disc:  510  :[0.0, 0.275, 0.475, 1.0]
disc:  511  :[0.0, 0.15942376190705246, 0.3594237619070525, 1.0]
disc:  512  :[0.0, 0.1, 1.0]
disc:  513  :[0.0, 0.9, 1.0]
disc:  514  :[0.0, 0.1, 1.0]
disc:  515  :[0.0, 0.1, 1.0]
disc:  516  :[0.0, 0.19349837267386272, 1.0]
disc:  517  :[0.0, 0.1, 1.0]
disc:  518  :[0.0, 0.1, 1.0]
disc:  519  :[0.0, 0.1, 1.0]
disc:  520  :[0.0, 0.5343102952904797, 0.7343102952904796, 1.0]
disc:  521  :[0.0, 0.1, 1.0]
disc:  522  :[0.0, 0.1, 1.0]
disc:  523  :[0.0, 0.1, 1.0]
disc:  524  :[0.0, 0.9, 1.0]
disc:  525  :[0.0, 0.18410752215901868, 0.38410752215901867, 1.0]
disc:  526  :[0.0, 0.168459679190368, 0.36845967919036804, 1.0]
disc:  527  :[0.0, 0.1, 1.0]
disc:  528  :[0.0, 0.26568970470952036, 0.4656897047095203, 1.0]
disc:  529  :[0.0, 0.1, 1.0]
disc:  530  :[0.0, 0.9, 1.0]
disc:  531  :[0.0, 0.9, 1.0]
disc:  532  :[0.0, 0.553842048362502, 0.7538420483625019, 1.0]
disc:  533  :[0.0, 0.1, 1.0]
disc:  534  :[0.0, 0.1, 1.0]
disc:  535  :[0.0, 0.1, 1.0]
disc:  536  :[0.0, 0.1, 1.0]
disc:  537  :[0.0, 0.1, 1.0]
disc:  538  :[0.0, 0.1, 1.0]
disc:  539  :[0.0, 0.1, 1.0]
disc:  540  :[0.0, 0.24615795163749812, 0.44615795163749816, 1.0]
disc:  541  :[0.0, 0.16372677768618185, 0.3637267776861819, 1.0]
disc:  542  :[0.0, 0.1, 1.0]
disc:  543  :[0.0, 0.1, 1.0]
disc:  544  :[0.0, 0.9, 1.0]
disc:  545  :[0.0, 0.1, 1.0]
disc:  546  :[0.0, 0.1, 1.0]
disc:  547  :[0.0, 0.6158924778409814, 0.8158924778409814, 1.0]
disc:  548  :[0.0, 0.1, 1.0]
disc:  549  :[0.0, 0.9, 1.0]
disc:  550  :[0.0, 0.1, 1.0]
disc:  551  :[0.0, 0.1, 1.0]
disc:  552  :[0.0, 0.1, 1.0]
disc:  553  :[0.0, 0.1, 1.0]
disc:  554  :[0.0, 0.1, 1.0]
disc:  555  :[0.0, 0.1, 1.0]
disc:  556  :[0.0, 0.1, 1.0]
disc:  557  :[0.0, 0.9, 1.0]
disc:  558  :[0.0, 0.1, 1.0]
disc:  559  :[0.0, 0.5260566281883686, 0.7260566281883686, 1.0]
disc:  560  :[0.0, 0.1, 1.0]
disc:  561  :[0.0, 0.1, 1.0]
disc:  562  :[0.0, 0.1, 1.0]
disc:  563  :[0.0, 0.1, 1.0]
disc:  564  :[0.0, 0.1, 1.0]
disc:  565  :[0.0, 0.1, 1.0]
disc:  566  :[0.0, 0.1, 1.0]
disc:  567  :[0.0, 0.1, 1.0]
disc:  568  :[0.0, 0.1, 1.0]
disc:  569  :[0.0, 0.16304194813576925, 0.3630419481357693, 1.0]
disc:  570  :[0.0, 0.1, 1.0]
disc:  571  :[0.0, 0.1, 1.0]
disc:  572  :[0.0, 0.6362732223138181, 0.8362732223138181, 1.0]
  Completed presolve in 7.48s
LOWER-BOUNDING ITERATIONS
====================================================================================================
| Iter   | Incumbent       | Best Incumbent      | Lower Bound        | Gap (%)         | Time      
| finish | -623.147        | -623.147            | -633.0311          | 1.586           | 16.93s           
Final UBD: -623.1469525510703
Final LBD: -633.031112849096
====================================================================================================

*** Alpine ended with status OTHER_LIMIT ***

 Total time for local solves: 4.73s

 Total time for solving max-min problems: 0.0s

 Total time excluding max-min time: 16.93s

presolve objective value: -623.1469525510703
w_opt: 1-dimensional DenseAxisArray{Float64,1,...} with index sets:
    Dimension 1, [(25, 1, 2), (25, 1, 1), (25, 1, 14), (20, 1, 2), (20, 1, 1), (20, 1, 14), (1, 1, 2), (1, 1, 1), (1, 1, 14), (2, 1, 2)  …  (20, 15, 23), (20, 15, 3), (8, 15, 30), (8, 15, 29), (8, 15, 23), (8, 15, 3), (2, 15, 30), (2, 15, 29), (2, 15, 23), (2, 15, 3)]
And data, a 261-element Vector{Float64}:
 1.3076840967250039
 0.0
 0.0
 0.6923159032749963
 0.0
 0.0
 0.0
 0.0
 0.0
 0.0
 0.0
 0.0
 0.0
 0.0
 0.0
 0.0
 2.0
 0.0
 0.0
 1.0
 0.0
 0.0
 0.0
 0.0
 0.0
 0.0
 0.0
 0.0
 0.12295614569300374
 1.869716859058157
 0.9988739697418901
 0.0
 0.0
 0.0
 0.20585338794660074
 3.130283140941843
 1.672316496618505
 0.0
 0.0
 0.0
 0.0
 0.0
 0.0
 0.0
 0.0
 0.0
 0.0
 0.0
 0.0
 0.0
 0.0
 0.0
 0.0
 0.0
 0.0
 0.0
 0.0
 0.0
 0.0
 2.0
 1.0
 0.0
 0.0
 0.0
 0.0
 0.0
 0.0
 0.0
 0.0
 0.0
 0.0
 0.75
 2.25
 0.0
 0.18699674534772542
 0.5609902360431763
 0.0
 0.536919358380736
 1.6107580751422081
 0.0
 0.0
 0.0
 0.0
 0.0
 0.0
 0.0
 0.0
 0.0
 0.0
 0.0
 0.0
 0.0
 0.5260838962715385
 1.5782516888146154
 0.0
 0.0
 0.0
 0.0
 0.0
 0.0
 0.0
 2.0
 0.8847501907128565
 0.0
 0.0
 0.0
 0.0
 0.0
 0.0
 0.0
 0.0
 0.0
 0.0
 0.0
 0.0
 0.0
 0.0
 0.0
 2.6032470180511145
 2.4712353442727233
 0.0
 0.0
 0.0
 1.500812205611602
 1.424705432064561
 0.0
 0.0
 0.0
 0.0
 0.0
 0.0
 0.0
 0.0
 0.0
 0.0
 0.0
 0.0
 0.0
 0.0
 0.0
 0.0
 0.0
 0.0
 0.0
 0.0
 0.0
 0.0
 0.0
 0.0
 0.0
 0.0
 0.0
 0.0
 0.5682150443180374
 0.2841075221590187
 0.0
 0.0
 1.4317849556819628
 0.7158924778409814
 0.0
 0.0
 0.0
 0.0
 0.0
 0.0
 0.0
 0.0
 0.0
 0.0
 0.0
 0.0
 0.0
 0.0
 1.6450451586988173
 0.0
 0.0
 0.0
 0.566953456276407
 0.0
 0.0
 0.0
 0.0
 0.0
 0.0
 0.0
 0.0
 0.0
 0.0
 0.0
 0.0
 0.0
 0.0
 0.0
 0.0
 1.4330465437235929
 0.8936570676616885
 0.6732963886147189
 0.0
 0.0
 0.0
 0.0
 0.0
 0.0
 0.0
 0.0
 0.0
 1.4811524761858952
 0.7405762380929476
 0.0
 0.5188475238141049
 0.25942376190705246
 0.0
 0.0
 0.0
 0.0
 0.0
 0.0
 0.0
 0.0
 0.0
 0.0
 0.0
 0.0
 0.0
 0.0
 0.3396567128321937
 0.5858037199498319
 0.0
 0.0
 0.0
 0.0
 0.0
 0.0
 0.0
 0.0
 0.0
 0.0
 0.0
 0.0
 0.0
 0.0
 0.0
 0.0
 0.0
 0.0
 0.0
 0.0
 0.0
 0.0
 0.5274535553723637
 0.10641378813560279
 0.0
 0.26372677768618186
 0.0
 0.0
 0.0
 0.0
 1.4725464446276362
 0.297086338280185
 0.0
 0.7362732223138181
x_ij_opt: 1-dimensional DenseAxisArray{Float64,1,...} with index sets:
    Dimension 1, [(43, 30), (43, 22), (43, 6), (44, 22), (45, 30), (45, 29), (45, 28), (45, 24), (45, 23), (40, 29)  …  (5, 7), (5, 14), (6, 4), (6, 3), (1, 14), (1, 10), (1, 23), (1, 1), (3, 2), (3, 1)]
And data, a 116-element Vector{Float64}:
 0.0
 0.3549548413011826
 1.2918726918348564
 0.0
 0.0
 0.0
 1.6603432871678063
 0.0
 0.0
 0.0
 0.0
 0.0
 0.0
 0.0
 0.0
 0.0
 0.0
 0.0
 0.23043941477255478
 0.0
 0.21067851742446478
 0.0
 0.0
 0.0
 0.0
 0.0
 0.0
 2.0
 0.0
 2.252013018609098
 0.0
 0.0
 0.0
 0.0
 0.0
 0.0
 0.0
 0.0
 0.0
 0.0
 0.0
 0.0
 0.0
 0.379317774525539
 0.0
 0.0
 0.0
 0.0
 0.0
 0.0
 0.0
 0.0
 0.0
 0.0
 0.0
 0.7880013850247756
 0.0
 1.5770660939878531
 0.11524980928714333
 2.0
 0.0
 0.0
 0.0
 0.0
 6.0
 0.0
 0.31887468234943045
 0.0
 0.0
 0.7695605852274452
 0.0
 0.0
 0.0
 0.0
 0.0
 0.0
 0.41419628005016806
 0.9176917435875345
 0.0
 0.0
 0.0
 0.0
 0.0
 0.0
 0.0
 0.0
 0.0
 0.0
 0.0
 0.0
 0.0
 1.0823082564124655
 0.0
 0.0
 0.0
 0.0
 0.0
 0.0
 0.0
 0.0
 0.0
 0.0
 0.0
 0.0
 0.0
 0.0
 0.0
 0.0
 0.0
 0.0
 0.0
 0.0
 0.10634293233831144
 5.789321482575535
 0.0
 0.0
x_il_opt: 1-dimensional DenseAxisArray{Float64,1,...} with index sets:
    Dimension 1, [(43, 15), (43, 14), (44, 15), (44, 13), (44, 3), (40, 14), (40, 2), (41, 14), (42, 6), (37, 13)  …  (4, 13), (5, 2), (5, 7), (5, 9), (6, 11), (1, 1), (1, 6), (1, 3), (2, 1), (2, 15)]
And data, a 71-element Vector{Float64}:
 0.0
 0.0
 0.0
 2.221728714278843
 2.9915469744930507
 0.9254604327820256
 0.0
 0.0
 3.0
 0.7782712857211573
 0.0
 3.0
 0.0
 0.0
 0.7479869813909017
 0.0
 0.0
 0.0
 5.074482362323837
 0.0
 0.0
 0.0
 3.0
 0.8523225664770561
 2.147677433522944
 0.0
 2.9255176376761627
 0.0
 2.2119986149752244
 0.0
 1.3076840967250039
 0.0
 0.0
 0.0
 0.0
 0.0
 0.0
 0.0
 0.6923159032749963
 0.8975941211941485
 0.0
 0.0
 3.0
 0.0
 0.0
 2.1476774335229445
 0.0
 2.884750190712856
 0.0
 0.0
 0.0
 0.0
 0.0
 0.0
 0.0
 0.0
 0.0
 5.008453025506949
 0.0
 0.0
 0.0
 0.0
 0.0
 0.0
 0.0
 0.0
 0.0
 2.104335585086154
 0.0
 0.0
 2.5059060052216395
x_lj_opt: 1-dimensional DenseAxisArray{Float64,1,...} with index sets:
    Dimension 1, [(15, 30), (15, 29), (15, 23), (15, 3), (14, 28), (14, 27), (14, 10), (14, 24), (13, 26), (13, 25)  …  (3, 6), (3, 5), (3, 29), (2, 4), (2, 3), (2, 1), (2, 5), (1, 2), (1, 1), (1, 14)]
And data, a 53-element Vector{Float64}:
 2.0
 0.40350012641578775
 0.0
 1.0
 0.3396567128321937
 0.5858037199498319
 0.0
 0.0
 2.0
 1.0
 0.0
 1.4330465437235929
 0.8936570676616885
 0.6732963886147189
 1.6450451586988173
 0.0
 0.0
 0.0
 0.566953456276407
 0.0
 0.0
 2.0
 1.0
 0.0
 0.0
 0.0
 4.104059223662716
 3.895940776337284
 0.0
 0.0
 2.0
 0.8847501907128567
 0.0
 2.0
 6.0
 0.0
 2.0
 1.0
 0.0
 0.0
 0.0
 0.0
 0.0
 0.32880953363960447
 5.0
 2.6711904663603954
 2.0
 0.0
 0.0
 1.0
 2.0
 0.0
 0.0
q_opt: 1-dimensional DenseAxisArray{Float64,1,...} with index sets:
    Dimension 1, [(43, 15), (43, 14), (44, 15), (44, 13), (44, 3), (40, 14), (40, 2), (41, 14), (42, 6), (37, 13)  …  (4, 13), (5, 2), (5, 7), (5, 9), (6, 11), (1, 1), (1, 6), (1, 3), (2, 1), (2, 15)]
And data, a 71-element Vector{Float64}:
 0.0
 0.0
 0.0
 0.7405762380929476
 0.3739433718116314
 1.0
 0.0
 0.0
 0.375
 0.25942376190705246
 0.0
 1.0
 0.0
 0.0
 0.09349837267386271
 0.0
 0.0
 0.0
 0.6343102952904797
 0.0
 0.0
 0.0
 1.0
 0.2841075221590187
 0.268459679190368
 0.0
 0.36568970470952034
 0.0
 1.0
 1.0
 0.6538420483625019
 0.0
 0.0
 0.0
 0.0
 0.0
 0.0
 0.0
 0.34615795163749813
 0.26372677768618186
 0.0
 0.0
 1.0
 0.0
 0.0
 0.7158924778409814
 0.0
 1.0
 0.0
 0.0
 0.0
 0.0
 0.0
 0.0
 0.0
 1.0
 0.0
 0.6260566281883686
 0.0
 0.0
 0.0
 0.0
 0.0
 0.0
 0.0
 0.0
 0.0
 0.26304194813576925
 0.0
 0.0
 0.7362732223138181
