
PROBLEM STATISTICS
  Objective sense = Min
  # Variables = 572
  # Bin-Int Variables = 0
  # Constraints = 621
  # NL Constraints = 261
  # Linear Constraints = 360
  # Detected convex constraints = 0
  # Detected nonlinear terms = 261
  # Variables involved in nonlinear terms = 124
  # Potential variables for partitioning = 124
SUB-SOLVERS USED BY ALPINE
  NLP local solver = Knitro
  MIP solver = Gurobi
ALPINE CONFIGURATION
  Maximum iterations (lower-bounding MIPs) =  1
  Relative global optimality gap = 0.01%
  Potential variables chosen for partitioning = All
  Discretization ratio = 10
  Bound-tightening presolve = false
PRESOLVE 
  Doing local search

Feasible solution found during presolve: [1.355337001217442, 1.644662998782558, 0.0, 0.6446629987825581, 0.7822802593225876, 0.0, 0.0, 0.0, 0.0, 0.0, 0.0, 0.0, 0.0, 0.0, 0.0, 0.0, 2.0, 0.0, 1.0, 0.0, 0.0, 0.0, 0.0, 0.0, 0.0, 0.0, 0.0, 0.0, 0.0, 3.6102761892781112, 1.135074146668061, 0.0, 0.0, 0.0, 0.0, 0.0, 0.0, 0.0, 0.0, 0.0, 0.0, 2.3897238107218888, 0.7513313588814027, 0.21427813435821985, 0.7745703980328503, 0.0, 0.0, 0.0, 0.0, 0.9002981519114613, 3.2543885075483887, 0.0, 0.0, 0.0, 0.0, 0.0, 0.0, 0.0, 0.0, 2.0, 1.0, 0.0, 0.0, 0.0, 0.0, 0.0, 0.0, 0.0, 0.0, 0.0, 0.0, 0.75, 2.25, 0.0, 0.0, 0.0, 0.0, 0.4455771410256509, 1.3367314230769527, 0.0, 0.0, 0.0, 0.0, 0.0, 0.0, 0.0, 0.0, 0.0, 0.0, 0.0, 0.0, 0.0, 0.8044228589743492, 2.413268576923047, 0.0, 0.0, 0.0, 0.0, 0.0, 0.0, 0.0, 1.8578140128128706, 0.9710410944187602, 0.17114489276836883, 0.0, 0.0, 0.0, 0.0, 0.0, 0.0, 0.0, 0.0, 0.0, 0.0, 0.0, 0.0, 0.0, 0.0, 4.052251919444913, 1.3311925096938708, 0.0, 0.01955813012109935, 0.0, 1.9477480805550875, 0.63984858472489, 0.0, 0.009400775460139307, 0.0, 0.0, 0.0, 0.0, 0.0, 0.0, 0.0, 0.0, 0.0, 0.0, 0.0, 0.0, 0.0, 0.0, 0.0, 0.0, 0.0, 0.0, 0.0, 0.0, 0.0, 0.0, 0.0, 0.0, 0.10482828454445546, 0.0, 0.8117942905982644, 0.4058971452991322, 0.0, 0.0, 1.1882057094017358, 0.5941028547008679, 0.0, 0.0, 0.0, 0.0, 0.0, 0.0, 0.0, 0.0, 0.0, 0.0, 0.0, 0.0, 0.0, 0.0, 2.0, 0.0, 0.0, 0.0, 1.0, 0.0, 0.0, 0.0, 0.0, 0.0, 0.0, 0.0, 0.0, 0.0, 0.0, 0.0, 0.0, 0.0, 0.0, 0.0, 0.0, 1.0, 1.0, 1.0000000000000002, 0.0, 0.0, 0.0, 0.0, 0.0, 0.0, 0.0, 0.0, 0.0, 1.4346787622469497, 0.7173393811234748, 0.0, 0.5653212377530504, 0.2826606188765252, 0.0, 0.0, 0.0, 0.0, 0.0, 0.0, 0.0, 0.0, 0.0, 0.0, 0.0, 0.0, 0.0, 0.0, 0.3881550667948464, 0.5678346518025419, 0.0, 0.0, 0.0, 0.0, 0.0, 0.0, 0.0, 0.0, 0.0, 0.0, 0.0, 0.0, 0.0, 0.0, 0.0, 0.0, 0.0, 0.0, 0.0, 0.0, 0.0, 0.0, 0.5364190979384058, 0.030467128121962946, 0.0, 0.26820954896920285, 0.0, 0.0, 0.0, 0.0, 1.4635809020615942, 0.0831273663285733, 0.0, 0.7317904510307971, 0.0, 0.0, 0.0, 2.1520181433704244, 4.745350335946172, 0.9559897185973882, 0.0, 0.0, 3.0, 0.8479818566295756, 0.0, 3.0, 0.0, 0.0, 0.0, 0.0, 0.0, 0.0, 5.403002559259884, 0.0, 0.9888485323910702, 0.0, 3.0, 1.2176914358973965, 1.7823085641026035, 0.0, 2.5969974407401173, 0.0, 3.0, 0.0, 3.0, 0.0, 0.0, 0.0, 0.0, 0.0, 0.0, 0.0, 1.4269432581051456, 0.8350957750295716, 0.0, 0.0, 3.0, 0.0, 0.0, 1.7823085641026037, 0.0, 3.0, 0.0, 0.0, 0.0, 0.0, 0.0, 0.0, 4.154686659459851, 0.0, 0.0, 0.0, 0.0, 0.0, 0.0, 0.0, 0.0, 0.0, 0.10482828454445546, 0.0, 0.0, 3.2176914358973967, 3.1410551696032916, 0.0, 2.278498719420965, 2.0, 0.11359449445053625, 0.0, 1.0, 0.3881550667948464, 0.5678346518025419, 0.0, 0.0, 2.0, 1.0, 0.0, 1.0, 1.0, 1.0000000000000002, 2.0, 0.0, 0.0, 0.0, 1.0, 0.0, 0.0, 2.0, 1.0, 0.10482828454445546, 0.0, 0.0, 6.0, 1.9710410944187609, 0.0, 0.028958905581239803, 1.8578140128128706, 0.9710410944187602, 0.17114489276836883, 2.0, 6.0, 0.0, 2.0, 1.0, 0.0, 0.0, 1.1145762862696813, 4.02895890558124, 0.0, 0.0, 6.0, 1.8864055055494637, 2.0, 0.0, 1.0, 0.0, 2.0, 2.4269432581051458, 0.0, 0.0, 0.0, 1.5187793042634412, 0.0, 0.0, 0.0, 1.6118449332051537, 0.0, 0.0, 0.0, 0.0, 0.0, 0.0, 0.0, 0.0, 0.0, 0.0, 0.0, 0.2620390331347172, 0.0, 0.7606584546271741, 0.0, 0.0, 0.0, 0.0, 0.0, 0.0, 2.0, 0.0, 3.0, 0.0, 0.0, 0.0, 0.0, 0.0, 0.0, 0.0, 0.0, 0.0, 0.0, 0.0, 0.0, 0.0, 0.4812206957365589, 0.0, 0.0, 0.0, 0.0, 0.0, 0.0, 0.0, 0.0, 0.0, 0.0, 0.0, 0.0, 0.0, 0.0, 0.0, 1.8951717154555445, 0.0, 0.0, 0.0, 0.0, 6.0, 0.0, 0.0, 0.0, 0.0, 0.7379609668652828, 0.0, 0.0, 0.0, 0.0, 0.0, 0.0, 0.4321653481974582, 0.8854237137303186, 0.0, 0.0, 0.0, 0.0, 0.0, 0.0, 0.0, 0.0, 0.0, 0.0, 0.0, 0.0, 0.0, 0.0, 0.0, 0.0, 0.0, 0.0, 0.0, 0.0, 0.0, 0.0, 0.0, 0.0, 0.0, 0.0, 0.0, 0.1421859871871294, 0.0, 0.0, 0.0, 0.0, 0.0, 0.0, 0.0, 1.6412533944993115, 0.0, 0.0, 0.0, 0.0, 0.0, 0.7173393811234748, 0.6017126982130185, 1.0, 0.0, 0.0, 0.375, 0.2826606188765252, 0.0, 1.0, 0.0, 0.0, 0.0, 0.0, 0.0, 0.0, 0.6753753199074854, 0.0, 0.19225075663091346, 0.0, 1.0, 0.4058971452991322, 0.22278857051282544, 0.0, 0.32462468009251455, 0.0, 1.0, 0.0, 0.677668500608721, 0.0, 0.0, 0.0, 0.0, 0.0, 0.0, 0.0, 0.32233149939127903, 0.2682095489692029, 0.0, 0.0, 1.0, 0.0, 0.0, 0.5941028547008679, 0.0, 1.0, 0.0, 0.0, 0.0, 0.0, 0.0, 0.0, 0.8077492433690864, 0.0, 0.0, 0.0, 0.0, 0.0, 0.0, 0.0, 0.0, 0.0, 1.0, 0.0, 0.0, 0.4022114294871746, 0.3982873017869815, 0.0, 0.7317904510307971]  :with objective: -613.4197072172816

  Local solver returns a feasible point with value -613.4197
disc:  333  :[0.0, 1.8, 2.0]
disc:  334  :[0.0, 0.7135944944505362, 6.0]
disc:  335  :[0.0, 0.1, 1.0]
disc:  336  :[0.0, 0.9, 1.0]
disc:  337  :[0.0, 0.1881550667948464, 0.5881550667948464, 2.0]
disc:  338  :[0.0, 0.4678346518025419, 0.6678346518025419, 1.0]
disc:  339  :[0.0, 0.2, 2.0]
disc:  340  :[0.0, 0.2, 2.0]
disc:  341  :[0.0, 1.8, 2.0]
disc:  342  :[0.0, 0.9, 1.0]
disc:  343  :[0.0, 0.2, 2.0]
disc:  344  :[0.0, 0.8, 1.2, 2.0]
disc:  345  :[0.0, 0.9, 1.0]
disc:  346  :[0.0, 0.7000000000000002, 1.3000000000000003, 3.0]
disc:  347  :[0.0, 1.8, 2.0]
disc:  348  :[0.0, 0.6, 6.0]
disc:  349  :[0.0, 0.2, 2.0]
disc:  350  :[0.0, 0.1, 1.0]
disc:  351  :[0.0, 0.8, 1.2, 2.0]
disc:  352  :[0.0, 0.6, 6.0]
disc:  353  :[0.0, 0.1, 1.0]
disc:  354  :[0.0, 1.8, 2.0]
disc:  355  :[0.0, 0.9, 1.0]
disc:  356  :[0.0, 0.3048282845444555, 2.0]
disc:  357  :[0.0, 0.1, 1.0]
disc:  358  :[0.0, 0.2, 2.0]
disc:  359  :[0.0, 5.4, 6.0]
disc:  360  :[0.0, 1.3710410944187608, 2.571041094418761, 6.0]
disc:  361  :[0.0, 0.2, 2.0]
disc:  362  :[0.0, 0.12895890558123982, 1.0]
disc:  363  :[0.0, 1.6578140128128707, 2.0]
disc:  364  :[0.0, 0.8710410944187602, 1.0]
disc:  365  :[0.0, 0.4711448927683688, 3.0]
disc:  366  :[0.0, 1.8, 2.0]
disc:  367  :[0.0, 5.4, 6.0]
disc:  368  :[0.0, 0.2, 2.0]
disc:  369  :[0.0, 1.8, 2.0]
disc:  370  :[0.0, 0.9, 1.0]
disc:  371  :[0.0, 0.2, 2.0]
disc:  372  :[0.0, 0.2, 2.0]
disc:  373  :[0.0, 0.9145762862696813, 1.3145762862696813, 2.0]
disc:  374  :[0.0, 3.4289589055812395, 4.628958905581239, 6.0]
disc:  375  :[0.0, 0.2, 2.0]
disc:  376  :[0.0, 0.2, 2.0]
disc:  377  :[0.0, 5.4, 6.0]
disc:  378  :[0.0, 1.2864055055494639, 2.4864055055494636, 6.0]
disc:  379  :[0.0, 1.8, 2.0]
disc:  380  :[0.0, 0.1, 1.0]
disc:  381  :[0.0, 0.7, 1.3, 3.0]
disc:  382  :[0.0, 0.3, 3.0]
disc:  383  :[0.0, 1.8, 2.0]
disc:  384  :[0.0, 1.8269432581051457, 3.026943258105146, 6.0]
disc:  385  :[0.0, 0.2, 2.0]
disc:  502  :[0.0, 0.1, 1.0]
disc:  503  :[0.0, 0.1, 1.0]
disc:  504  :[0.0, 0.1, 1.0]
disc:  505  :[0.0, 0.6173393811234749, 0.8173393811234748, 1.0]
disc:  506  :[0.0, 0.5017126982130186, 0.7017126982130185, 1.0]
disc:  507  :[0.0, 0.9, 1.0]
disc:  508  :[0.0, 0.1, 1.0]
disc:  509  :[0.0, 0.1, 1.0]
disc:  510  :[0.0, 0.275, 0.475, 1.0]
disc:  511  :[0.0, 0.1826606188765252, 0.38266061887652525, 1.0]
disc:  512  :[0.0, 0.1, 1.0]
disc:  513  :[0.0, 0.9, 1.0]
disc:  514  :[0.0, 0.1, 1.0]
disc:  515  :[0.0, 0.1, 1.0]
disc:  516  :[0.0, 0.1, 1.0]
disc:  517  :[0.0, 0.1, 1.0]
disc:  518  :[0.0, 0.1, 1.0]
disc:  519  :[0.0, 0.1, 1.0]
disc:  520  :[0.0, 0.5753753199074855, 0.7753753199074854, 1.0]
disc:  521  :[0.0, 0.1, 1.0]
disc:  522  :[0.0, 0.09225075663091345, 0.2922507566309135, 1.0]
disc:  523  :[0.0, 0.1, 1.0]
disc:  524  :[0.0, 0.9, 1.0]
disc:  525  :[0.0, 0.30589714529913214, 0.5058971452991322, 1.0]
disc:  526  :[0.0, 0.12278857051282543, 0.32278857051282545, 1.0]
disc:  527  :[0.0, 0.1, 1.0]
disc:  528  :[0.0, 0.22462468009251454, 0.42462468009251453, 1.0]
disc:  529  :[0.0, 0.1, 1.0]
disc:  530  :[0.0, 0.9, 1.0]
disc:  531  :[0.0, 0.1, 1.0]
disc:  532  :[0.0, 0.577668500608721, 0.777668500608721, 1.0]
disc:  533  :[0.0, 0.1, 1.0]
disc:  534  :[0.0, 0.1, 1.0]
disc:  535  :[0.0, 0.1, 1.0]
disc:  536  :[0.0, 0.1, 1.0]
disc:  537  :[0.0, 0.1, 1.0]
disc:  538  :[0.0, 0.1, 1.0]
disc:  539  :[0.0, 0.1, 1.0]
disc:  540  :[0.0, 0.22233149939127902, 0.422331499391279, 1.0]
disc:  541  :[0.0, 0.1682095489692029, 0.3682095489692029, 1.0]
disc:  542  :[0.0, 0.1, 1.0]
disc:  543  :[0.0, 0.1, 1.0]
disc:  544  :[0.0, 0.9, 1.0]
disc:  545  :[0.0, 0.1, 1.0]
disc:  546  :[0.0, 0.1, 1.0]
disc:  547  :[0.0, 0.4941028547008679, 0.6941028547008679, 1.0]
disc:  548  :[0.0, 0.1, 1.0]
disc:  549  :[0.0, 0.9, 1.0]
disc:  550  :[0.0, 0.1, 1.0]
disc:  551  :[0.0, 0.1, 1.0]
disc:  552  :[0.0, 0.1, 1.0]
disc:  553  :[0.0, 0.1, 1.0]
disc:  554  :[0.0, 0.1, 1.0]
disc:  555  :[0.0, 0.1, 1.0]
disc:  556  :[0.0, 0.7077492433690864, 0.9077492433690864, 1.0]
disc:  557  :[0.0, 0.1, 1.0]
disc:  558  :[0.0, 0.1, 1.0]
disc:  559  :[0.0, 0.1, 1.0]
disc:  560  :[0.0, 0.1, 1.0]
disc:  561  :[0.0, 0.1, 1.0]
disc:  562  :[0.0, 0.1, 1.0]
disc:  563  :[0.0, 0.1, 1.0]
disc:  564  :[0.0, 0.1, 1.0]
disc:  565  :[0.0, 0.1, 1.0]
disc:  566  :[0.0, 0.9, 1.0]
disc:  567  :[0.0, 0.1, 1.0]
disc:  568  :[0.0, 0.1, 1.0]
disc:  569  :[0.0, 0.3022114294871746, 0.5022114294871746, 1.0]
disc:  570  :[0.0, 0.2982873017869815, 0.49828730178698155, 1.0]
disc:  571  :[0.0, 0.1, 1.0]
disc:  572  :[0.0, 0.6317904510307971, 0.8317904510307971, 1.0]
  Completed presolve in 10.49s
LOWER-BOUNDING ITERATIONS
====================================================================================================
| Iter   | Incumbent       | Best Incumbent      | Lower Bound        | Gap (%)         | Time      
| finish | -613.4197       | -613.4197           | -628.3261          | 2.43            | 24.03s           
Final UBD: -613.4197072172816
Final LBD: -628.3260626717426
====================================================================================================

*** Alpine ended with status OTHER_LIMIT ***

 Total time for local solves: 8.11s

 Total time for solving max-min problems: 0.0s

 Total time excluding max-min time: 24.03s

presolve objective value: -613.4197072172816
w_opt: 1-dimensional DenseAxisArray{Float64,1,...} with index sets:
    Dimension 1, [(25, 1, 2), (25, 1, 1), (25, 1, 14), (20, 1, 2), (20, 1, 1), (20, 1, 14), (1, 1, 2), (1, 1, 1), (1, 1, 14), (2, 1, 2)  …  (20, 15, 23), (20, 15, 3), (8, 15, 30), (8, 15, 29), (8, 15, 23), (8, 15, 3), (2, 15, 30), (2, 15, 29), (2, 15, 23), (2, 15, 3)]
And data, a 261-element Vector{Float64}:
 1.355337001217442
 1.644662998782558
 0.0
 0.6446629987825581
 0.7822802593225876
 0.0
 0.0
 0.0
 0.0
 0.0
 0.0
 0.0
 0.0
 0.0
 0.0
 0.0
 2.0
 0.0
 1.0
 0.0
 0.0
 0.0
 0.0
 0.0
 0.0
 0.0
 0.0
 0.0
 0.0
 3.6102761892781112
 1.135074146668061
 0.0
 0.0
 0.0
 0.0
 0.0
 0.0
 0.0
 0.0
 0.0
 0.0
 2.3897238107218888
 0.7513313588814027
 0.21427813435821985
 0.7745703980328503
 0.0
 0.0
 0.0
 0.0
 0.9002981519114613
 3.2543885075483887
 0.0
 0.0
 0.0
 0.0
 0.0
 0.0
 0.0
 0.0
 2.0
 1.0
 0.0
 0.0
 0.0
 0.0
 0.0
 0.0
 0.0
 0.0
 0.0
 0.0
 0.75
 2.25
 0.0
 0.0
 0.0
 0.0
 0.4455771410256509
 1.3367314230769527
 0.0
 0.0
 0.0
 0.0
 0.0
 0.0
 0.0
 0.0
 0.0
 0.0
 0.0
 0.0
 0.0
 0.8044228589743492
 2.413268576923047
 0.0
 0.0
 0.0
 0.0
 0.0
 0.0
 0.0
 1.8578140128128706
 0.9710410944187602
 0.17114489276836883
 0.0
 0.0
 0.0
 0.0
 0.0
 0.0
 0.0
 0.0
 0.0
 0.0
 0.0
 0.0
 0.0
 0.0
 4.052251919444913
 1.3311925096938708
 0.0
 0.01955813012109935
 0.0
 1.9477480805550875
 0.63984858472489
 0.0
 0.009400775460139307
 0.0
 0.0
 0.0
 0.0
 0.0
 0.0
 0.0
 0.0
 0.0
 0.0
 0.0
 0.0
 0.0
 0.0
 0.0
 0.0
 0.0
 0.0
 0.0
 0.0
 0.0
 0.0
 0.0
 0.0
 0.10482828454445546
 0.0
 0.8117942905982644
 0.4058971452991322
 0.0
 0.0
 1.1882057094017358
 0.5941028547008679
 0.0
 0.0
 0.0
 0.0
 0.0
 0.0
 0.0
 0.0
 0.0
 0.0
 0.0
 0.0
 0.0
 0.0
 2.0
 0.0
 0.0
 0.0
 1.0
 0.0
 0.0
 0.0
 0.0
 0.0
 0.0
 0.0
 0.0
 0.0
 0.0
 0.0
 0.0
 0.0
 0.0
 0.0
 0.0
 1.0
 1.0
 1.0000000000000002
 0.0
 0.0
 0.0
 0.0
 0.0
 0.0
 0.0
 0.0
 0.0
 1.4346787622469497
 0.7173393811234748
 0.0
 0.5653212377530504
 0.2826606188765252
 0.0
 0.0
 0.0
 0.0
 0.0
 0.0
 0.0
 0.0
 0.0
 0.0
 0.0
 0.0
 0.0
 0.0
 0.3881550667948464
 0.5678346518025419
 0.0
 0.0
 0.0
 0.0
 0.0
 0.0
 0.0
 0.0
 0.0
 0.0
 0.0
 0.0
 0.0
 0.0
 0.0
 0.0
 0.0
 0.0
 0.0
 0.0
 0.0
 0.0
 0.5364190979384058
 0.030467128121962946
 0.0
 0.26820954896920285
 0.0
 0.0
 0.0
 0.0
 1.4635809020615942
 0.0831273663285733
 0.0
 0.7317904510307971
x_ij_opt: 1-dimensional DenseAxisArray{Float64,1,...} with index sets:
    Dimension 1, [(43, 30), (43, 22), (43, 6), (44, 22), (45, 30), (45, 29), (45, 28), (45, 24), (45, 23), (40, 29)  …  (5, 7), (5, 14), (6, 4), (6, 3), (1, 14), (1, 10), (1, 23), (1, 1), (3, 2), (3, 1)]
And data, a 116-element Vector{Float64}:
 0.0
 0.0
 1.5187793042634412
 0.0
 0.0
 0.0
 1.6118449332051537
 0.0
 0.0
 0.0
 0.0
 0.0
 0.0
 0.0
 0.0
 0.0
 0.0
 0.0
 0.2620390331347172
 0.0
 0.7606584546271741
 0.0
 0.0
 0.0
 0.0
 0.0
 0.0
 2.0
 0.0
 3.0
 0.0
 0.0
 0.0
 0.0
 0.0
 0.0
 0.0
 0.0
 0.0
 0.0
 0.0
 0.0
 0.0
 0.4812206957365589
 0.0
 0.0
 0.0
 0.0
 0.0
 0.0
 0.0
 0.0
 0.0
 0.0
 0.0
 0.0
 0.0
 0.0
 0.0
 1.8951717154555445
 0.0
 0.0
 0.0
 0.0
 6.0
 0.0
 0.0
 0.0
 0.0
 0.7379609668652828
 0.0
 0.0
 0.0
 0.0
 0.0
 0.0
 0.4321653481974582
 0.8854237137303186
 0.0
 0.0
 0.0
 0.0
 0.0
 0.0
 0.0
 0.0
 0.0
 0.0
 0.0
 0.0
 0.0
 0.0
 0.0
 0.0
 0.0
 0.0
 0.0
 0.0
 0.0
 0.0
 0.0
 0.0
 0.0
 0.0
 0.0
 0.1421859871871294
 0.0
 0.0
 0.0
 0.0
 0.0
 0.0
 0.0
 1.6412533944993115
 0.0
 0.0
x_il_opt: 1-dimensional DenseAxisArray{Float64,1,...} with index sets:
    Dimension 1, [(43, 15), (43, 14), (44, 15), (44, 13), (44, 3), (40, 14), (40, 2), (41, 14), (42, 6), (37, 13)  …  (4, 13), (5, 2), (5, 7), (5, 9), (6, 11), (1, 1), (1, 6), (1, 3), (2, 1), (2, 15)]
And data, a 71-element Vector{Float64}:
 0.0
 0.0
 0.0
 2.1520181433704244
 4.745350335946172
 0.9559897185973882
 0.0
 0.0
 3.0
 0.8479818566295756
 0.0
 3.0
 0.0
 0.0
 0.0
 0.0
 0.0
 0.0
 5.403002559259884
 0.0
 0.9888485323910702
 0.0
 3.0
 1.2176914358973965
 1.7823085641026035
 0.0
 2.5969974407401173
 0.0
 3.0
 0.0
 3.0
 0.0
 0.0
 0.0
 0.0
 0.0
 0.0
 0.0
 1.4269432581051456
 0.8350957750295716
 0.0
 0.0
 3.0
 0.0
 0.0
 1.7823085641026037
 0.0
 3.0
 0.0
 0.0
 0.0
 0.0
 0.0
 0.0
 4.154686659459851
 0.0
 0.0
 0.0
 0.0
 0.0
 0.0
 0.0
 0.0
 0.0
 0.10482828454445546
 0.0
 0.0
 3.2176914358973967
 3.1410551696032916
 0.0
 2.278498719420965
x_lj_opt: 1-dimensional DenseAxisArray{Float64,1,...} with index sets:
    Dimension 1, [(15, 30), (15, 29), (15, 23), (15, 3), (14, 28), (14, 27), (14, 10), (14, 24), (13, 26), (13, 25)  …  (3, 6), (3, 5), (3, 29), (2, 4), (2, 3), (2, 1), (2, 5), (1, 2), (1, 1), (1, 14)]
And data, a 53-element Vector{Float64}:
 2.0
 0.11359449445053625
 0.0
 1.0
 0.3881550667948464
 0.5678346518025419
 0.0
 0.0
 2.0
 1.0
 0.0
 1.0
 1.0
 1.0000000000000002
 2.0
 0.0
 0.0
 0.0
 1.0
 0.0
 0.0
 2.0
 1.0
 0.10482828454445546
 0.0
 0.0
 6.0
 1.9710410944187609
 0.0
 0.028958905581239803
 1.8578140128128706
 0.9710410944187602
 0.17114489276836883
 2.0
 6.0
 0.0
 2.0
 1.0
 0.0
 0.0
 1.1145762862696813
 4.02895890558124
 0.0
 0.0
 6.0
 1.8864055055494637
 2.0
 0.0
 1.0
 0.0
 2.0
 2.4269432581051458
 0.0
q_opt: 1-dimensional DenseAxisArray{Float64,1,...} with index sets:
    Dimension 1, [(43, 15), (43, 14), (44, 15), (44, 13), (44, 3), (40, 14), (40, 2), (41, 14), (42, 6), (37, 13)  …  (4, 13), (5, 2), (5, 7), (5, 9), (6, 11), (1, 1), (1, 6), (1, 3), (2, 1), (2, 15)]
And data, a 71-element Vector{Float64}:
 0.0
 0.0
 0.0
 0.7173393811234748
 0.6017126982130185
 1.0
 0.0
 0.0
 0.375
 0.2826606188765252
 0.0
 1.0
 0.0
 0.0
 0.0
 0.0
 0.0
 0.0
 0.6753753199074854
 0.0
 0.19225075663091346
 0.0
 1.0
 0.4058971452991322
 0.22278857051282544
 0.0
 0.32462468009251455
 0.0
 1.0
 0.0
 0.677668500608721
 0.0
 0.0
 0.0
 0.0
 0.0
 0.0
 0.0
 0.32233149939127903
 0.2682095489692029
 0.0
 0.0
 1.0
 0.0
 0.0
 0.5941028547008679
 0.0
 1.0
 0.0
 0.0
 0.0
 0.0
 0.0
 0.0
 0.8077492433690864
 0.0
 0.0
 0.0
 0.0
 0.0
 0.0
 0.0
 0.0
 0.0
 1.0
 0.0
 0.0
 0.4022114294871746
 0.3982873017869815
 0.0
 0.7317904510307971
