
PROBLEM STATISTICS
  Objective sense = Min
  # Variables = 572
  # Bin-Int Variables = 0
  # Constraints = 621
  # NL Constraints = 261
  # Linear Constraints = 360
  # Detected convex constraints = 0
  # Detected nonlinear terms = 261
  # Variables involved in nonlinear terms = 124
  # Potential variables for partitioning = 124
SUB-SOLVERS USED BY ALPINE
  NLP local solver = Knitro
  MIP solver = Gurobi
ALPINE CONFIGURATION
  Maximum iterations (lower-bounding MIPs) =  1
  Relative global optimality gap = 0.01%
  Potential variables chosen for partitioning = All
  Discretization ratio = 10
  Bound-tightening presolve = false
PRESOLVE 
  Doing local search

Feasible solution found during presolve: [1.2202151908223775, 0.0, 0.0, 0.7797848091776225, 0.0, 0.0, 0.0, 0.0, 0.0, 0.0, 0.0, 0.0, 0.0, 0.0, 0.0, 0.0, 1.2305594528437687, 0.0, 0.0, 1.7694405471562311, 0.0, 0.0, 0.0, 0.0, 0.0, 0.0, 0.0, 0.0, 0.0, 0.4846245327388764, 0.28952806245220075, 0.0, 0.0, 0.0, 0.0, 3.745934920104893, 2.2379248391752053, 0.0, 0.0, 0.0, 0.0, 0.0, 0.0, 0.0, 0.0, 0.0, 0.0, 0.0, 0.0, 0.0, 0.0, 0.0, 0.0, 0.0, 0.0, 0.0, 0.0, 0.0, 0.0, 1.9787508666908067, 1.0, 0.0, 0.0, 0.0, 0.0, 0.0, 0.0, 0.0, 0.0, 0.0, 0.0, 0.0, 0.0, 0.0, 0.7111340726315105, 2.1334022178945315, 0.0, 0.555341423433884, 1.6660242703016521, 0.0, 0.0, 0.0, 0.0, 0.0, 0.0, 0.0, 0.0, 0.0, 0.0, 0.0, 0.0, 0.0, 0.7335245039346053, 2.200573511803816, 0.0, 0.0, 0.0, 0.0, 0.0, 0.0, 0.0, 0.8414132333953626, 0.6971140579083667, 0.8747156770136322, 0.2045816097787248, 0.16949664030213837, 0.2126787816017754, 0.0, 0.0, 0.0, 0.0, 0.0, 0.0, 0.0, 0.0, 0.0, 0.0, 0.0, 3.4739964394219367, 2.5845440578435253, 0.0, 0.0, 0.0, 1.1132422739149588, 0.8282172288195789, 0.0, 0.0, 0.0, 0.0, 0.0, 0.0, 0.0, 0.0, 0.0, 0.0, 0.0, 0.0, 0.0, 0.0, 0.0, 0.0, 0.0, 0.0, 0.0, 0.0, 0.0, 0.0, 0.6312010347125265, 0.0, 0.0, 0.0, 0.0, 0.0, 0.5190895375096427, 0.25954476875482135, 0.0, 0.0, 1.4809104624903573, 0.7404552312451786, 0.0, 0.0, 0.0, 0.0, 0.0, 0.0, 0.0, 0.0, 0.0, 0.0, 0.0, 0.0, 0.0, 0.0, 2.0, 0.0, 0.0, 0.0, 0.3963814130019175, 0.0, 0.0, 0.0, 0.0, 0.0, 0.0, 0.0, 0.0, 0.0, 0.0, 0.0, 0.0, 0.0, 0.0, 0.0, 0.0, 1.6036185869980826, 1.0, 0.39638141300191737, 0.0, 0.0, 0.0, 0.0, 0.0, 0.0, 0.0, 0.0, 0.0, 1.4993133978744628, 0.7496566989372313, 0.0, 0.5006866021255374, 0.25034330106276864, 0.0, 0.0, 0.0, 0.0, 0.0, 0.0, 0.0, 0.0, 0.0, 0.0, 0.0, 0.0, 0.0, 0.0, 0.6161686831347117, 0.6782512634749137, 0.0, 0.0, 0.0, 0.0, 0.0, 0.0, 0.0, 0.0, 0.0, 0.0, 0.0, 0.0, 0.0, 0.0, 0.0, 0.0, 0.0, 0.0, 0.0, 0.0, 0.0, 0.0, 0.0, 0.0, 0.0, 0.0, 0.0, 0.0, 0.0, 0.0, 1.725093634065418, 3.076165685370677, 0.0, 1.0, 0.0, 0.0, 0.0, 2.248970096811694, 0.7741525951910772, 1.2944199466096253, 0.0, 0.0, 0.0, 0.751029903188306, 0.0, 3.0, 0.0, 0.0, 2.844536290526042, 0.0, 0.0, 0.0, 6.0585404972654615, 0.0, 0.0, 0.0, 3.0, 0.7786343062644641, 2.221365693735536, 0.0, 1.9414595027345376, 0.0, 2.396381413001915, 0.6312010347125265, 1.2202151908223775, 0.0, 0.0, 0.0, 0.0, 0.0, 0.0, 0.0, 0.7797848091776225, 0.0, 0.0, 0.0, 2.978750866690807, 0.0, 0.0, 2.221365693735536, 0.0, 2.4132429683173613, 0.0, 0.0, 0.0, 0.0, 0.0, 0.0, 0.0, 0.0, 0.0, 5.983859759280098, 0.0, 0.0, 0.0, 0.0, 0.0, 0.5867570316826386, 0.0, 0.0, 0.0, 2.9340980157384213, 0.0, 0.0, 5.801259319436095, 1.725093634065418, 3.076165685370677, 0.0, 1.0, 0.6161686831347117, 0.6782512634749137, 0.0, 0.0, 2.0, 1.0, 0.0, 1.6036185869980826, 1.0, 0.39638141300191737, 2.0, 0.0, 0.0, 0.0, 0.3963814130019175, 0.0, 0.0, 2.0, 1.0, 0.6312010347125265, 0.0, 0.0, 4.5872387133368955, 3.412761286663104, 0.0, 0.0, 1.0459948431740875, 0.866610698210505, 1.0873944586154076, 2.0, 6.0, 0.0, 1.9787508666908125, 1.0, 0.0, 0.0, 0.0, 0.0, 0.0, 0.0, 4.230559452843769, 2.527452901627406, 1.2305594528437689, 0.0, 0.0, 1.7694405471562311, 2.0, 0.0, 0.0, 0.0, 0.0, 1.4372831398411337, 0.0, 0.27490636593458223, 0.0, 1.3838313168652883, 0.0, 0.0, 0.0, 0.0, 0.0, 0.0, 0.0, 0.0, 0.0, 0.0, 0.0, 0.2381512786663589, 0.0, 0.0, 0.0, 0.0, 0.0, 0.0, 0.0, 0.0, 2.0, 0.0, 0.0, 0.0, 0.0, 0.0, 0.0, 0.0, 0.0, 0.0, 0.0, 0.0, 0.0, 0.0, 0.0, 0.0, 0.5627168601588663, 0.0, 0.0, 0.0, 0.0, 0.0, 0.0, 0.0, 0.0, 0.0, 0.0, 0.0, 0.6036185869980848, 0.0, 1.015194472675601, 0.13338930178949507, 1.3687989652874737, 0.0, 0.0, 0.0, 0.0, 6.0, 0.0, 0.3975668139875024, 0.0, 0.0, 0.7618487213336411, 0.0, 0.0, 0.0, 0.0, 0.0, 0.0, 0.3217487365250863, 0.6847757467160716, 0.0, 0.0, 0.0, 0.0, 0.0, 0.0, 0.0, 0.0, 0.0, 0.02124913330918749, 0.0, 0.0, 0.7694405471562311, 1.3152242532839284, 0.0, 0.0, 0.0, 0.0, 0.0, 0.0, 0.0, 0.0, 0.0, 0.0, 0.0, 0.0, 0.0, 0.8073573315770121, 0.0, 0.0, 0.0, 0.0, 0.14664782524890072, 0.0, 0.0, 4.912605541384592, 0.0, 0.0, 0.0, 0.0, 0.0, 0.7496566989372314, 0.11455329682534382, 1.0, 0.0, 0.0, 0.0, 0.2503433010627687, 0.0, 1.0, 0.0, 0.0, 0.35556703631575526, 0.0, 0.0, 0.0, 0.7573175621581827, 0.0, 0.0, 0.0, 1.0, 0.25954476875482135, 0.277670711716942, 0.0, 0.24268243784181723, 0.0, 1.0, 1.0, 0.6101075954111888, 0.0, 0.0, 0.0, 0.0, 0.0, 0.0, 0.0, 0.38989240458881125, 0.0, 0.0, 0.0, 1.0, 0.0, 0.0, 0.7404552312451786, 0.0, 0.8044143227724537, 0.0, 0.0, 0.0, 0.0, 0.0, 0.0, 0.0, 1.0, 0.0, 0.8854467031746562, 0.0, 0.0, 0.0, 0.0, 0.0, 0.19558567722754613, 0.0, 0.0, 0.0, 0.36676225196730267, 0.0, 0.0, 1.0]  :with objective: -617.9532368491936

  Local solver returns a feasible point with value -617.9532
disc:  333  :[0.0, 1.525093634065418, 1.925093634065418, 2.0]
disc:  334  :[0.0, 2.476165685370677, 3.6761656853706772, 6.0]
disc:  335  :[0.0, 0.1, 1.0]
disc:  336  :[0.0, 0.9, 1.0]
disc:  337  :[0.0, 0.4161686831347117, 0.8161686831347117, 2.0]
disc:  338  :[0.0, 0.5782512634749137, 0.7782512634749137, 1.0]
disc:  339  :[0.0, 0.2, 2.0]
disc:  340  :[0.0, 0.2, 2.0]
disc:  341  :[0.0, 1.8, 2.0]
disc:  342  :[0.0, 0.9, 1.0]
disc:  343  :[0.0, 0.2, 2.0]
disc:  344  :[0.0, 1.4036185869980826, 1.8036185869980825, 2.0]
disc:  345  :[0.0, 0.9, 1.0]
disc:  346  :[0.0, 0.09638141300191738, 0.6963814130019174, 3.0]
disc:  347  :[0.0, 1.8, 2.0]
disc:  348  :[0.0, 0.6, 6.0]
disc:  349  :[0.0, 0.2, 2.0]
disc:  350  :[0.0, 0.1, 1.0]
disc:  351  :[0.0, 0.19638141300191747, 0.5963814130019175, 2.0]
disc:  352  :[0.0, 0.6, 6.0]
disc:  353  :[0.0, 0.1, 1.0]
disc:  354  :[0.0, 1.8, 2.0]
disc:  355  :[0.0, 0.9, 1.0]
disc:  356  :[0.0, 0.4312010347125265, 0.8312010347125265, 2.0]
disc:  357  :[0.0, 0.1, 1.0]
disc:  358  :[0.0, 0.2, 2.0]
disc:  359  :[0.0, 3.9872387133368954, 5.187238713336895, 6.0]
disc:  360  :[0.0, 2.812761286663104, 4.012761286663104, 6.0]
disc:  361  :[0.0, 0.2, 2.0]
disc:  362  :[0.0, 0.1, 1.0]
disc:  363  :[0.0, 0.8459948431740876, 1.2459948431740875, 2.0]
disc:  364  :[0.0, 0.766610698210505, 0.9666106982105049, 1.0]
disc:  365  :[0.0, 0.7873944586154076, 1.3873944586154077, 3.0]
disc:  366  :[0.0, 1.8, 2.0]
disc:  367  :[0.0, 5.4, 6.0]
disc:  368  :[0.0, 0.2, 2.0]
disc:  369  :[0.0, 1.7787508666908125, 2.0]
disc:  370  :[0.0, 0.9, 1.0]
disc:  371  :[0.0, 0.2, 2.0]
disc:  372  :[0.0, 0.2, 2.0]
disc:  373  :[0.0, 0.2, 2.0]
disc:  374  :[0.0, 0.6, 6.0]
disc:  375  :[0.0, 0.2, 2.0]
disc:  376  :[0.0, 0.2, 2.0]
disc:  377  :[0.0, 3.630559452843769, 4.830559452843769, 6.0]
disc:  378  :[0.0, 1.9274529016274058, 3.127452901627406, 6.0]
disc:  379  :[0.0, 1.030559452843769, 1.4305594528437688, 2.0]
disc:  380  :[0.0, 0.1, 1.0]
disc:  381  :[0.0, 0.3, 3.0]
disc:  382  :[0.0, 1.469440547156231, 2.069440547156231, 3.0]
disc:  383  :[0.0, 1.8, 2.0]
disc:  384  :[0.0, 0.6, 6.0]
disc:  385  :[0.0, 0.2, 2.0]
disc:  502  :[0.0, 0.1, 1.0]
disc:  503  :[0.0, 0.1, 1.0]
disc:  504  :[0.0, 0.1, 1.0]
disc:  505  :[0.0, 0.6496566989372314, 0.8496566989372314, 1.0]
disc:  506  :[0.0, 0.014553296825343814, 0.21455329682534383, 1.0]
disc:  507  :[0.0, 0.9, 1.0]
disc:  508  :[0.0, 0.1, 1.0]
disc:  509  :[0.0, 0.1, 1.0]
disc:  510  :[0.0, 0.1, 1.0]
disc:  511  :[0.0, 0.1503433010627687, 0.3503433010627687, 1.0]
disc:  512  :[0.0, 0.1, 1.0]
disc:  513  :[0.0, 0.9, 1.0]
disc:  514  :[0.0, 0.1, 1.0]
disc:  515  :[0.0, 0.1, 1.0]
disc:  516  :[0.0, 0.2555670363157553, 0.45556703631575524, 1.0]
disc:  517  :[0.0, 0.1, 1.0]
disc:  518  :[0.0, 0.1, 1.0]
disc:  519  :[0.0, 0.1, 1.0]
disc:  520  :[0.0, 0.6573175621581827, 0.8573175621581827, 1.0]
disc:  521  :[0.0, 0.1, 1.0]
disc:  522  :[0.0, 0.1, 1.0]
disc:  523  :[0.0, 0.1, 1.0]
disc:  524  :[0.0, 0.9, 1.0]
disc:  525  :[0.0, 0.15954476875482135, 0.35954476875482133, 1.0]
disc:  526  :[0.0, 0.17767071171694201, 0.377670711716942, 1.0]
disc:  527  :[0.0, 0.1, 1.0]
disc:  528  :[0.0, 0.14268243784181722, 0.34268243784181723, 1.0]
disc:  529  :[0.0, 0.1, 1.0]
disc:  530  :[0.0, 0.9, 1.0]
disc:  531  :[0.0, 0.9, 1.0]
disc:  532  :[0.0, 0.5101075954111888, 0.7101075954111887, 1.0]
disc:  533  :[0.0, 0.1, 1.0]
disc:  534  :[0.0, 0.1, 1.0]
disc:  535  :[0.0, 0.1, 1.0]
disc:  536  :[0.0, 0.1, 1.0]
disc:  537  :[0.0, 0.1, 1.0]
disc:  538  :[0.0, 0.1, 1.0]
disc:  539  :[0.0, 0.1, 1.0]
disc:  540  :[0.0, 0.28989240458881127, 0.4898924045888112, 1.0]
disc:  541  :[0.0, 0.1, 1.0]
disc:  542  :[0.0, 0.1, 1.0]
disc:  543  :[0.0, 0.1, 1.0]
disc:  544  :[0.0, 0.9, 1.0]
disc:  545  :[0.0, 0.1, 1.0]
disc:  546  :[0.0, 0.1, 1.0]
disc:  547  :[0.0, 0.6404552312451787, 0.8404552312451786, 1.0]
disc:  548  :[0.0, 0.1, 1.0]
disc:  549  :[0.0, 0.7044143227724537, 0.9044143227724537, 1.0]
disc:  550  :[0.0, 0.1, 1.0]
disc:  551  :[0.0, 0.1, 1.0]
disc:  552  :[0.0, 0.1, 1.0]
disc:  553  :[0.0, 0.1, 1.0]
disc:  554  :[0.0, 0.1, 1.0]
disc:  555  :[0.0, 0.1, 1.0]
disc:  556  :[0.0, 0.1, 1.0]
disc:  557  :[0.0, 0.9, 1.0]
disc:  558  :[0.0, 0.1, 1.0]
disc:  559  :[0.0, 0.7854467031746563, 0.9854467031746562, 1.0]
disc:  560  :[0.0, 0.1, 1.0]
disc:  561  :[0.0, 0.1, 1.0]
disc:  562  :[0.0, 0.1, 1.0]
disc:  563  :[0.0, 0.1, 1.0]
disc:  564  :[0.0, 0.1, 1.0]
disc:  565  :[0.0, 0.09558567722754613, 0.29558567722754614, 1.0]
disc:  566  :[0.0, 0.1, 1.0]
disc:  567  :[0.0, 0.1, 1.0]
disc:  568  :[0.0, 0.1, 1.0]
disc:  569  :[0.0, 0.26676225196730263, 0.4667622519673027, 1.0]
disc:  570  :[0.0, 0.1, 1.0]
disc:  571  :[0.0, 0.1, 1.0]
disc:  572  :[0.0, 0.9, 1.0]
  Completed presolve in 43.7s
LOWER-BOUNDING ITERATIONS
====================================================================================================
| Iter   | Incumbent       | Best Incumbent      | Lower Bound        | Gap (%)         | Time      
| finish | -617.9532       | -617.9532           | -627.3537          | 1.521           | 57.75s           
Final UBD: -617.9532368491936
Final LBD: -627.3537413950885
====================================================================================================

*** Alpine ended with status OTHER_LIMIT ***

 Total time for local solves: 41.47s

 Total time for solving max-min problems: 0.0s

 Total time excluding max-min time: 57.75s

presolve objective value: -617.9532368491936
w_opt: 1-dimensional DenseAxisArray{Float64,1,...} with index sets:
    Dimension 1, [(25, 1, 2), (25, 1, 1), (25, 1, 14), (20, 1, 2), (20, 1, 1), (20, 1, 14), (1, 1, 2), (1, 1, 1), (1, 1, 14), (2, 1, 2)  …  (20, 15, 23), (20, 15, 3), (8, 15, 30), (8, 15, 29), (8, 15, 23), (8, 15, 3), (2, 15, 30), (2, 15, 29), (2, 15, 23), (2, 15, 3)]
And data, a 261-element Vector{Float64}:
 1.2202151908223775
 0.0
 0.0
 0.7797848091776225
 0.0
 0.0
 0.0
 0.0
 0.0
 0.0
 0.0
 0.0
 0.0
 0.0
 0.0
 0.0
 1.2305594528437687
 0.0
 0.0
 1.7694405471562311
 0.0
 0.0
 0.0
 0.0
 0.0
 0.0
 0.0
 0.0
 0.0
 0.4846245327388764
 0.28952806245220075
 0.0
 0.0
 0.0
 0.0
 3.745934920104893
 2.2379248391752053
 0.0
 0.0
 0.0
 0.0
 0.0
 0.0
 0.0
 0.0
 0.0
 0.0
 0.0
 0.0
 0.0
 0.0
 0.0
 0.0
 0.0
 0.0
 0.0
 0.0
 0.0
 0.0
 1.9787508666908067
 1.0
 0.0
 0.0
 0.0
 0.0
 0.0
 0.0
 0.0
 0.0
 0.0
 0.0
 0.0
 0.0
 0.0
 0.7111340726315105
 2.1334022178945315
 0.0
 0.555341423433884
 1.6660242703016521
 0.0
 0.0
 0.0
 0.0
 0.0
 0.0
 0.0
 0.0
 0.0
 0.0
 0.0
 0.0
 0.0
 0.7335245039346053
 2.200573511803816
 0.0
 0.0
 0.0
 0.0
 0.0
 0.0
 0.0
 0.8414132333953626
 0.6971140579083667
 0.8747156770136322
 0.2045816097787248
 0.16949664030213837
 0.2126787816017754
 0.0
 0.0
 0.0
 0.0
 0.0
 0.0
 0.0
 0.0
 0.0
 0.0
 0.0
 3.4739964394219367
 2.5845440578435253
 0.0
 0.0
 0.0
 1.1132422739149588
 0.8282172288195789
 0.0
 0.0
 0.0
 0.0
 0.0
 0.0
 0.0
 0.0
 0.0
 0.0
 0.0
 0.0
 0.0
 0.0
 0.0
 0.0
 0.0
 0.0
 0.0
 0.0
 0.0
 0.0
 0.6312010347125265
 0.0
 0.0
 0.0
 0.0
 0.0
 0.5190895375096427
 0.25954476875482135
 0.0
 0.0
 1.4809104624903573
 0.7404552312451786
 0.0
 0.0
 0.0
 0.0
 0.0
 0.0
 0.0
 0.0
 0.0
 0.0
 0.0
 0.0
 0.0
 0.0
 2.0
 0.0
 0.0
 0.0
 0.3963814130019175
 0.0
 0.0
 0.0
 0.0
 0.0
 0.0
 0.0
 0.0
 0.0
 0.0
 0.0
 0.0
 0.0
 0.0
 0.0
 0.0
 1.6036185869980826
 1.0
 0.39638141300191737
 0.0
 0.0
 0.0
 0.0
 0.0
 0.0
 0.0
 0.0
 0.0
 1.4993133978744628
 0.7496566989372313
 0.0
 0.5006866021255374
 0.25034330106276864
 0.0
 0.0
 0.0
 0.0
 0.0
 0.0
 0.0
 0.0
 0.0
 0.0
 0.0
 0.0
 0.0
 0.0
 0.6161686831347117
 0.6782512634749137
 0.0
 0.0
 0.0
 0.0
 0.0
 0.0
 0.0
 0.0
 0.0
 0.0
 0.0
 0.0
 0.0
 0.0
 0.0
 0.0
 0.0
 0.0
 0.0
 0.0
 0.0
 0.0
 0.0
 0.0
 0.0
 0.0
 0.0
 0.0
 0.0
 0.0
 1.725093634065418
 3.076165685370677
 0.0
 1.0
x_ij_opt: 1-dimensional DenseAxisArray{Float64,1,...} with index sets:
    Dimension 1, [(43, 30), (43, 22), (43, 6), (44, 22), (45, 30), (45, 29), (45, 28), (45, 24), (45, 23), (40, 29)  …  (5, 7), (5, 14), (6, 4), (6, 3), (1, 14), (1, 10), (1, 23), (1, 1), (3, 2), (3, 1)]
And data, a 116-element Vector{Float64}:
 0.0
 0.0
 1.4372831398411337
 0.0
 0.27490636593458223
 0.0
 1.3838313168652883
 0.0
 0.0
 0.0
 0.0
 0.0
 0.0
 0.0
 0.0
 0.0
 0.0
 0.0
 0.2381512786663589
 0.0
 0.0
 0.0
 0.0
 0.0
 0.0
 0.0
 0.0
 2.0
 0.0
 0.0
 0.0
 0.0
 0.0
 0.0
 0.0
 0.0
 0.0
 0.0
 0.0
 0.0
 0.0
 0.0
 0.0
 0.5627168601588663
 0.0
 0.0
 0.0
 0.0
 0.0
 0.0
 0.0
 0.0
 0.0
 0.0
 0.0
 0.6036185869980848
 0.0
 1.015194472675601
 0.13338930178949507
 1.3687989652874737
 0.0
 0.0
 0.0
 0.0
 6.0
 0.0
 0.3975668139875024
 0.0
 0.0
 0.7618487213336411
 0.0
 0.0
 0.0
 0.0
 0.0
 0.0
 0.3217487365250863
 0.6847757467160716
 0.0
 0.0
 0.0
 0.0
 0.0
 0.0
 0.0
 0.0
 0.0
 0.02124913330918749
 0.0
 0.0
 0.7694405471562311
 1.3152242532839284
 0.0
 0.0
 0.0
 0.0
 0.0
 0.0
 0.0
 0.0
 0.0
 0.0
 0.0
 0.0
 0.0
 0.8073573315770121
 0.0
 0.0
 0.0
 0.0
 0.14664782524890072
 0.0
 0.0
 4.912605541384592
 0.0
 0.0
x_il_opt: 1-dimensional DenseAxisArray{Float64,1,...} with index sets:
    Dimension 1, [(43, 15), (43, 14), (44, 15), (44, 13), (44, 3), (40, 14), (40, 2), (41, 14), (42, 6), (37, 13)  …  (4, 13), (5, 2), (5, 7), (5, 9), (6, 11), (1, 1), (1, 6), (1, 3), (2, 1), (2, 15)]
And data, a 71-element Vector{Float64}:
 0.0
 0.0
 0.0
 2.248970096811694
 0.7741525951910772
 1.2944199466096253
 0.0
 0.0
 0.0
 0.751029903188306
 0.0
 3.0
 0.0
 0.0
 2.844536290526042
 0.0
 0.0
 0.0
 6.0585404972654615
 0.0
 0.0
 0.0
 3.0
 0.7786343062644641
 2.221365693735536
 0.0
 1.9414595027345376
 0.0
 2.396381413001915
 0.6312010347125265
 1.2202151908223775
 0.0
 0.0
 0.0
 0.0
 0.0
 0.0
 0.0
 0.7797848091776225
 0.0
 0.0
 0.0
 2.978750866690807
 0.0
 0.0
 2.221365693735536
 0.0
 2.4132429683173613
 0.0
 0.0
 0.0
 0.0
 0.0
 0.0
 0.0
 0.0
 0.0
 5.983859759280098
 0.0
 0.0
 0.0
 0.0
 0.0
 0.5867570316826386
 0.0
 0.0
 0.0
 2.9340980157384213
 0.0
 0.0
 5.801259319436095
x_lj_opt: 1-dimensional DenseAxisArray{Float64,1,...} with index sets:
    Dimension 1, [(15, 30), (15, 29), (15, 23), (15, 3), (14, 28), (14, 27), (14, 10), (14, 24), (13, 26), (13, 25)  …  (3, 6), (3, 5), (3, 29), (2, 4), (2, 3), (2, 1), (2, 5), (1, 2), (1, 1), (1, 14)]
And data, a 53-element Vector{Float64}:
 1.725093634065418
 3.076165685370677
 0.0
 1.0
 0.6161686831347117
 0.6782512634749137
 0.0
 0.0
 2.0
 1.0
 0.0
 1.6036185869980826
 1.0
 0.39638141300191737
 2.0
 0.0
 0.0
 0.0
 0.3963814130019175
 0.0
 0.0
 2.0
 1.0
 0.6312010347125265
 0.0
 0.0
 4.5872387133368955
 3.412761286663104
 0.0
 0.0
 1.0459948431740875
 0.866610698210505
 1.0873944586154076
 2.0
 6.0
 0.0
 1.9787508666908125
 1.0
 0.0
 0.0
 0.0
 0.0
 0.0
 0.0
 4.230559452843769
 2.527452901627406
 1.2305594528437689
 0.0
 0.0
 1.7694405471562311
 2.0
 0.0
 0.0
q_opt: 1-dimensional DenseAxisArray{Float64,1,...} with index sets:
    Dimension 1, [(43, 15), (43, 14), (44, 15), (44, 13), (44, 3), (40, 14), (40, 2), (41, 14), (42, 6), (37, 13)  …  (4, 13), (5, 2), (5, 7), (5, 9), (6, 11), (1, 1), (1, 6), (1, 3), (2, 1), (2, 15)]
And data, a 71-element Vector{Float64}:
 0.0
 0.0
 0.0
 0.7496566989372314
 0.11455329682534382
 1.0
 0.0
 0.0
 0.0
 0.2503433010627687
 0.0
 1.0
 0.0
 0.0
 0.35556703631575526
 0.0
 0.0
 0.0
 0.7573175621581827
 0.0
 0.0
 0.0
 1.0
 0.25954476875482135
 0.277670711716942
 0.0
 0.24268243784181723
 0.0
 1.0
 1.0
 0.6101075954111888
 0.0
 0.0
 0.0
 0.0
 0.0
 0.0
 0.0
 0.38989240458881125
 0.0
 0.0
 0.0
 1.0
 0.0
 0.0
 0.7404552312451786
 0.0
 0.8044143227724537
 0.0
 0.0
 0.0
 0.0
 0.0
 0.0
 0.0
 1.0
 0.0
 0.8854467031746562
 0.0
 0.0
 0.0
 0.0
 0.0
 0.19558567722754613
 0.0
 0.0
 0.0
 0.36676225196730267
 0.0
 0.0
 1.0
