
PROBLEM STATISTICS
  Objective sense = Min
  # Variables = 572
  # Bin-Int Variables = 0
  # Constraints = 621
  # NL Constraints = 261
  # Linear Constraints = 360
  # Detected convex constraints = 0
  # Detected nonlinear terms = 261
  # Variables involved in nonlinear terms = 124
  # Potential variables for partitioning = 124
SUB-SOLVERS USED BY ALPINE
  NLP local solver = Knitro
  MIP solver = Gurobi
ALPINE CONFIGURATION
  Maximum iterations (lower-bounding MIPs) =  1
  Relative global optimality gap = 0.01%
  Potential variables chosen for partitioning = All
  Discretization ratio = 10
  Bound-tightening presolve = false
PRESOLVE 
  Doing local search

Feasible solution found during presolve: [1.1419189634941729, 0.0, 0.0, 0.858081036505827, 0.0, 0.0, 0.0, 0.0, 0.0, 0.0, 0.0, 0.0, 0.0, 0.0, 0.0, 0.0, 1.4008333624206282, 0.0, 0.0, 1.5991666375793718, 0.0, 0.0, 0.0, 0.0, 0.0, 0.0, 0.0, 0.0, 0.0, 0.8820595360812502, 0.3230474744900667, 0.0, 0.0, 0.0, 0.0, 3.518773826339378, 1.2887236647889666, 0.0, 0.0, 0.0, 0.0, 0.0, 0.0, 0.0, 0.0, 0.0, 0.0, 0.0, 0.0, 0.0, 0.0, 0.0, 0.0, 0.0, 0.0, 0.0, 0.0, 0.0, 0.0, 2.0, 1.0, 0.0, 0.0, 0.0, 0.0, 0.0, 0.0, 0.0, 0.0, 0.0, 0.0, 0.16846150189869002, 0.5053845056960701, 0.0, 0.7500000000000001, 2.2500000000000004, 0.0, 0.5576768751268455, 1.6730306253805365, 0.0, 0.0, 0.0, 0.0, 0.0, 0.0, 0.0, 0.0, 0.0, 0.0, 0.0, 0.0, 0.0, 0.5238616229744646, 1.5715848689233938, 0.0, 0.0, 0.0, 0.0, 0.0, 0.0, 0.0, 1.9666119198767333, 0.9379415882254077, 0.0954464918978586, 0.0, 0.0, 0.0, 0.0, 0.0, 0.0, 0.0, 0.0, 0.0, 0.0, 0.0, 0.0, 0.0, 0.0, 4.46222671453709, 2.7921895490641293, 0.0, 0.0, 0.0, 0.4586121812689383, 0.28697155512984185, 0.0, 0.0, 0.0, 0.0, 0.0, 0.0, 0.0, 0.0, 0.0, 0.0, 0.0, 0.0, 0.0, 0.0, 0.0, 0.0, 0.0, 0.0, 0.0, 0.0, 0.0, 0.0, 0.5392274022793327, 0.1880507452414955, 0.0, 0.0, 0.0, 0.0, 0.512861666328412, 0.256430833164206, 0.0, 0.0, 1.4871383336715882, 0.7435691668357942, 0.0, 0.0, 0.0, 0.0, 0.0, 0.0, 0.0, 0.0, 0.0, 0.0, 0.0, 0.0, 0.0, 0.0, 1.6723440197790336, 0.0, 0.0, 0.0, 0.3310830299951757, 0.0, 0.0, 0.0, 0.0, 0.0, 0.0, 0.0, 0.0, 0.0, 0.0, 0.0, 0.0, 0.0, 0.0, 0.0, 0.0, 1.6689169700048243, 1.0, 0.3310830299951758, 0.0, 0.0, 0.0, 0.0, 0.0, 0.0, 0.0, 0.0, 0.0, 1.4901671441372257, 0.7450835720686124, 0.0, 0.5098328558627744, 0.254916427931387, 0.0, 0.0, 0.0, 0.0, 0.0, 0.0, 0.0, 0.0, 0.0, 0.0, 0.0, 0.0, 0.0, 0.0, 0.4569814387827644, 0.8156043699519447, 0.0, 0.0, 0.0, 0.0, 0.0, 0.0, 0.0, 0.0, 0.0, 0.0, 0.0, 0.0, 0.0, 0.0, 0.0, 0.0, 0.0, 0.0, 0.0, 0.0, 0.0, 0.0, 0.0, 0.0, 0.0, 0.0, 0.0, 0.0, 0.0, 0.0, 0.83861970883633, 4.0571458307257915, 0.0, 0.8266787438766737, 0.0, 0.0, 0.0, 2.2352507162058384, 1.2051070105713169, 1.2725858087347093, 0.0, 0.0, 0.6738460075947601, 0.7647492837941614, 0.0, 3.0, 0.0, 0.0, 3.0, 0.0, 0.0, 0.0, 7.254416263601219, 0.0, 0.0, 0.0, 3.0, 0.769292499492618, 2.230707500507382, 0.0, 0.7455837363987802, 0.0, 2.003427049774209, 0.7272781475208282, 1.1419189634941729, 0.0, 0.0, 0.0, 0.0, 0.0, 0.0, 0.0, 0.858081036505827, 0.0, 0.0, 0.0, 3.0, 0.0, 0.0, 2.2307075005073824, 0.0, 3.0, 0.0, 0.0, 0.0, 0.0, 0.0, 0.0, 0.0, 0.0, 0.0, 4.807497491128345, 0.0, 0.0, 0.0, 0.0, 0.0, 0.0, 0.0, 0.0, 0.0, 2.0954464918978584, 0.0, 0.0, 5.7224442834387945, 0.83861970883633, 4.0571458307257915, 0.0, 0.8266787438766737, 0.4569814387827644, 0.8156043699519447, 0.0, 0.0, 2.0, 1.0, 0.0, 1.6689169700048243, 1.0, 0.3310830299951758, 1.6723440197790336, 0.0, 0.0, 0.0, 0.3310830299951757, 0.0, 0.0, 2.0, 1.0, 0.5392274022793327, 0.1880507452414955, 0.0, 4.920838895806029, 3.0791611041939713, 0.0, 0.0, 1.9666119198767333, 0.9379415882254077, 0.0954464918978586, 2.0, 6.0, 0.0, 2.0, 1.0, 0.0, 0.0, 0.0, 0.0, 0.0, 0.0, 4.400833362420628, 1.6117711392790333, 1.4008333624206284, 0.0, 0.0, 1.5991666375793718, 2.0, 0.0, 0.0, 0.0, 0.32765598022096637, 1.2544162636012188, 0.0, 1.16138029116367, 0.0, 1.5430185612172356, 0.0, 0.0, 0.0, 0.0, 0.0, 0.0, 0.0, 0.0, 0.0, 0.0, 0.0, 0.0, 0.0, 0.0, 0.0, 0.0, 0.0, 0.0, 0.0, 0.0, 2.0, 0.0, 0.0, 0.0, 0.0, 0.0, 0.0, 0.0, 0.0, 0.0, 0.0, 0.0, 0.0, 0.0, 0.0, 0.0, 0.7455837363987814, 0.0, 0.0, 0.0, 0.0, 0.0, 0.0, 0.0, 0.0, 0.0, 0.0, 0.0, 0.9965729502257907, 0.0, 1.0687444772104069, 0.062058411774592266, 1.4607725977206674, 0.0, 0.0, 0.0, 0.0, 6.0, 0.0, 0.010416626983564145, 0.0, 0.0, 0.8119492547585044, 0.0, 0.0, 0.0, 0.0, 0.0, 0.0, 0.18439563004805534, 0.7453781232251645, 0.0, 0.0, 0.0, 0.0, 0.0, 0.0, 0.0, 0.0, 0.0, 0.0, 0.0, 0.0, 0.5991666375793718, 1.2546218767748354, 0.0, 0.0, 0.0, 0.0, 0.0, 0.0, 0.0, 0.17332125612332636, 0.0, 0.0, 0.0, 0.0, 0.0, 0.033388080123266654, 0.0, 0.0, 0.0, 0.0, 0.0, 0.0, 0.0, 5.904553508102142, 0.0, 0.0, 0.0, 0.0, 0.0, 0.7450835720686129, 0.20043011480809247, 1.0, 0.0, 0.0, 0.08423075094934501, 0.2549164279313872, 0.0, 1.0, 0.0, 0.0, 0.37500000000000006, 0.0, 0.0, 0.0, 0.9068020329501524, 0.0, 1.0, 0.0, 1.0, 0.256430833164206, 0.27883843756342275, 0.0, 0.09319796704984752, 0.0, 1.0, 1.0, 0.5709594817470866, 0.0, 0.0, 0.0, 0.0, 0.0, 0.0, 0.0, 0.42904051825291356, 0.0, 0.0, 0.0, 1.0, 0.0, 0.0, 0.7435691668357941, 0.0, 1.0, 0.0, 0.0, 0.0, 0.0, 0.0, 0.0, 0.0, 0.0, 0.0, 0.7995698851919075, 0.0, 0.0, 0.0, 0.0, 0.0, 0.0, 0.0, 0.0, 0.0, 0.2619308114872323, 0.0, 0.0, 1.0]  :with objective: -628.4884656316427

  Local solver returns a feasible point with value -628.4885
disc:  333  :[0.0, 0.6386197088363299, 1.03861970883633, 2.0]
disc:  334  :[0.0, 3.4571458307257914, 4.657145830725791, 6.0]
disc:  335  :[0.0, 0.1, 1.0]
disc:  336  :[0.0, 0.7266787438766737, 0.9266787438766737, 1.0]
disc:  337  :[0.0, 0.2569814387827644, 0.6569814387827644, 2.0]
disc:  338  :[0.0, 0.7156043699519448, 0.9156043699519447, 1.0]
disc:  339  :[0.0, 0.2, 2.0]
disc:  340  :[0.0, 0.2, 2.0]
disc:  341  :[0.0, 1.8, 2.0]
disc:  342  :[0.0, 0.9, 1.0]
disc:  343  :[0.0, 0.2, 2.0]
disc:  344  :[0.0, 1.4689169700048244, 1.8689169700048243, 2.0]
disc:  345  :[0.0, 0.9, 1.0]
disc:  346  :[0.0, 0.031083029995175815, 0.6310830299951757, 3.0]
disc:  347  :[0.0, 1.4723440197790336, 1.8723440197790335, 2.0]
disc:  348  :[0.0, 0.6, 6.0]
disc:  349  :[0.0, 0.2, 2.0]
disc:  350  :[0.0, 0.1, 1.0]
disc:  351  :[0.0, 0.13108302999517568, 0.5310830299951756, 2.0]
disc:  352  :[0.0, 0.6, 6.0]
disc:  353  :[0.0, 0.1, 1.0]
disc:  354  :[0.0, 1.8, 2.0]
disc:  355  :[0.0, 0.9, 1.0]
disc:  356  :[0.0, 0.33922740227933273, 0.7392274022793328, 2.0]
disc:  357  :[0.0, 0.0880507452414955, 0.28805074524149554, 1.0]
disc:  358  :[0.0, 0.2, 2.0]
disc:  359  :[0.0, 4.3208388958060295, 5.520838895806029, 6.0]
disc:  360  :[0.0, 2.479161104193971, 3.6791611041939714, 6.0]
disc:  361  :[0.0, 0.2, 2.0]
disc:  362  :[0.0, 0.1, 1.0]
disc:  363  :[0.0, 1.7666119198767334, 2.0]
disc:  364  :[0.0, 0.8379415882254078, 1.0]
disc:  365  :[0.0, 0.3954464918978586, 3.0]
disc:  366  :[0.0, 1.8, 2.0]
disc:  367  :[0.0, 5.4, 6.0]
disc:  368  :[0.0, 0.2, 2.0]
disc:  369  :[0.0, 1.8, 2.0]
disc:  370  :[0.0, 0.9, 1.0]
disc:  371  :[0.0, 0.2, 2.0]
disc:  372  :[0.0, 0.2, 2.0]
disc:  373  :[0.0, 0.2, 2.0]
disc:  374  :[0.0, 0.6, 6.0]
disc:  375  :[0.0, 0.2, 2.0]
disc:  376  :[0.0, 0.2, 2.0]
disc:  377  :[0.0, 3.800833362420628, 5.000833362420628, 6.0]
disc:  378  :[0.0, 1.0117711392790332, 2.2117711392790333, 6.0]
disc:  379  :[0.0, 1.2008333624206284, 1.6008333624206283, 2.0]
disc:  380  :[0.0, 0.1, 1.0]
disc:  381  :[0.0, 0.3, 3.0]
disc:  382  :[0.0, 1.2991666375793718, 1.8991666375793719, 3.0]
disc:  383  :[0.0, 1.8, 2.0]
disc:  384  :[0.0, 0.6, 6.0]
disc:  385  :[0.0, 0.2, 2.0]
disc:  502  :[0.0, 0.1, 1.0]
disc:  503  :[0.0, 0.1, 1.0]
disc:  504  :[0.0, 0.1, 1.0]
disc:  505  :[0.0, 0.6450835720686129, 0.8450835720686128, 1.0]
disc:  506  :[0.0, 0.10043011480809247, 0.30043011480809245, 1.0]
disc:  507  :[0.0, 0.9, 1.0]
disc:  508  :[0.0, 0.1, 1.0]
disc:  509  :[0.0, 0.1, 1.0]
disc:  510  :[0.0, 0.18423075094934502, 1.0]
disc:  511  :[0.0, 0.15491642793138719, 0.3549164279313872, 1.0]
disc:  512  :[0.0, 0.1, 1.0]
disc:  513  :[0.0, 0.9, 1.0]
disc:  514  :[0.0, 0.1, 1.0]
disc:  515  :[0.0, 0.1, 1.0]
disc:  516  :[0.0, 0.275, 0.4750000000000001, 1.0]
disc:  517  :[0.0, 0.1, 1.0]
disc:  518  :[0.0, 0.1, 1.0]
disc:  519  :[0.0, 0.1, 1.0]
disc:  520  :[0.0, 0.8068020329501524, 1.0]
disc:  521  :[0.0, 0.1, 1.0]
disc:  522  :[0.0, 0.9, 1.0]
disc:  523  :[0.0, 0.1, 1.0]
disc:  524  :[0.0, 0.9, 1.0]
disc:  525  :[0.0, 0.156430833164206, 0.356430833164206, 1.0]
disc:  526  :[0.0, 0.17883843756342274, 0.3788384375634227, 1.0]
disc:  527  :[0.0, 0.1, 1.0]
disc:  528  :[0.0, 0.19319796704984754, 1.0]
disc:  529  :[0.0, 0.1, 1.0]
disc:  530  :[0.0, 0.9, 1.0]
disc:  531  :[0.0, 0.9, 1.0]
disc:  532  :[0.0, 0.4709594817470866, 0.6709594817470865, 1.0]
disc:  533  :[0.0, 0.1, 1.0]
disc:  534  :[0.0, 0.1, 1.0]
disc:  535  :[0.0, 0.1, 1.0]
disc:  536  :[0.0, 0.1, 1.0]
disc:  537  :[0.0, 0.1, 1.0]
disc:  538  :[0.0, 0.1, 1.0]
disc:  539  :[0.0, 0.1, 1.0]
disc:  540  :[0.0, 0.3290405182529136, 0.5290405182529135, 1.0]
disc:  541  :[0.0, 0.1, 1.0]
disc:  542  :[0.0, 0.1, 1.0]
disc:  543  :[0.0, 0.1, 1.0]
disc:  544  :[0.0, 0.9, 1.0]
disc:  545  :[0.0, 0.1, 1.0]
disc:  546  :[0.0, 0.1, 1.0]
disc:  547  :[0.0, 0.6435691668357941, 0.8435691668357941, 1.0]
disc:  548  :[0.0, 0.1, 1.0]
disc:  549  :[0.0, 0.9, 1.0]
disc:  550  :[0.0, 0.1, 1.0]
disc:  551  :[0.0, 0.1, 1.0]
disc:  552  :[0.0, 0.1, 1.0]
disc:  553  :[0.0, 0.1, 1.0]
disc:  554  :[0.0, 0.1, 1.0]
disc:  555  :[0.0, 0.1, 1.0]
disc:  556  :[0.0, 0.1, 1.0]
disc:  557  :[0.0, 0.1, 1.0]
disc:  558  :[0.0, 0.1, 1.0]
disc:  559  :[0.0, 0.6995698851919075, 0.8995698851919075, 1.0]
disc:  560  :[0.0, 0.1, 1.0]
disc:  561  :[0.0, 0.1, 1.0]
disc:  562  :[0.0, 0.1, 1.0]
disc:  563  :[0.0, 0.1, 1.0]
disc:  564  :[0.0, 0.1, 1.0]
disc:  565  :[0.0, 0.1, 1.0]
disc:  566  :[0.0, 0.1, 1.0]
disc:  567  :[0.0, 0.1, 1.0]
disc:  568  :[0.0, 0.1, 1.0]
disc:  569  :[0.0, 0.1619308114872323, 0.3619308114872323, 1.0]
disc:  570  :[0.0, 0.1, 1.0]
disc:  571  :[0.0, 0.1, 1.0]
disc:  572  :[0.0, 0.9, 1.0]
  Completed presolve in 13.41s
LOWER-BOUNDING ITERATIONS
====================================================================================================
| Iter   | Incumbent       | Best Incumbent      | Lower Bound        | Gap (%)         | Time      
| finish | -628.4885       | -628.4885           | -637.0155          | 1.357           | 30.93s           
Final UBD: -628.4884656316427
Final LBD: -637.0155199202563
====================================================================================================

*** Alpine ended with status OTHER_LIMIT ***

 Total time for local solves: 11.07s

 Total time for solving max-min problems: 0.0s

 Total time excluding max-min time: 30.93s

presolve objective value: -628.4884656316427
w_opt: 1-dimensional DenseAxisArray{Float64,1,...} with index sets:
    Dimension 1, [(25, 1, 2), (25, 1, 1), (25, 1, 14), (20, 1, 2), (20, 1, 1), (20, 1, 14), (1, 1, 2), (1, 1, 1), (1, 1, 14), (2, 1, 2)  …  (20, 15, 23), (20, 15, 3), (8, 15, 30), (8, 15, 29), (8, 15, 23), (8, 15, 3), (2, 15, 30), (2, 15, 29), (2, 15, 23), (2, 15, 3)]
And data, a 261-element Vector{Float64}:
 1.1419189634941729
 0.0
 0.0
 0.858081036505827
 0.0
 0.0
 0.0
 0.0
 0.0
 0.0
 0.0
 0.0
 0.0
 0.0
 0.0
 0.0
 1.4008333624206282
 0.0
 0.0
 1.5991666375793718
 0.0
 0.0
 0.0
 0.0
 0.0
 0.0
 0.0
 0.0
 0.0
 0.8820595360812502
 0.3230474744900667
 0.0
 0.0
 0.0
 0.0
 3.518773826339378
 1.2887236647889666
 0.0
 0.0
 0.0
 0.0
 0.0
 0.0
 0.0
 0.0
 0.0
 0.0
 0.0
 0.0
 0.0
 0.0
 0.0
 0.0
 0.0
 0.0
 0.0
 0.0
 0.0
 0.0
 2.0
 1.0
 0.0
 0.0
 0.0
 0.0
 0.0
 0.0
 0.0
 0.0
 0.0
 0.0
 0.16846150189869002
 0.5053845056960701
 0.0
 0.7500000000000001
 2.2500000000000004
 0.0
 0.5576768751268455
 1.6730306253805365
 0.0
 0.0
 0.0
 0.0
 0.0
 0.0
 0.0
 0.0
 0.0
 0.0
 0.0
 0.0
 0.0
 0.5238616229744646
 1.5715848689233938
 0.0
 0.0
 0.0
 0.0
 0.0
 0.0
 0.0
 1.9666119198767333
 0.9379415882254077
 0.0954464918978586
 0.0
 0.0
 0.0
 0.0
 0.0
 0.0
 0.0
 0.0
 0.0
 0.0
 0.0
 0.0
 0.0
 0.0
 4.46222671453709
 2.7921895490641293
 0.0
 0.0
 0.0
 0.4586121812689383
 0.28697155512984185
 0.0
 0.0
 0.0
 0.0
 0.0
 0.0
 0.0
 0.0
 0.0
 0.0
 0.0
 0.0
 0.0
 0.0
 0.0
 0.0
 0.0
 0.0
 0.0
 0.0
 0.0
 0.0
 0.5392274022793327
 0.1880507452414955
 0.0
 0.0
 0.0
 0.0
 0.512861666328412
 0.256430833164206
 0.0
 0.0
 1.4871383336715882
 0.7435691668357942
 0.0
 0.0
 0.0
 0.0
 0.0
 0.0
 0.0
 0.0
 0.0
 0.0
 0.0
 0.0
 0.0
 0.0
 1.6723440197790336
 0.0
 0.0
 0.0
 0.3310830299951757
 0.0
 0.0
 0.0
 0.0
 0.0
 0.0
 0.0
 0.0
 0.0
 0.0
 0.0
 0.0
 0.0
 0.0
 0.0
 0.0
 1.6689169700048243
 1.0
 0.3310830299951758
 0.0
 0.0
 0.0
 0.0
 0.0
 0.0
 0.0
 0.0
 0.0
 1.4901671441372257
 0.7450835720686124
 0.0
 0.5098328558627744
 0.254916427931387
 0.0
 0.0
 0.0
 0.0
 0.0
 0.0
 0.0
 0.0
 0.0
 0.0
 0.0
 0.0
 0.0
 0.0
 0.4569814387827644
 0.8156043699519447
 0.0
 0.0
 0.0
 0.0
 0.0
 0.0
 0.0
 0.0
 0.0
 0.0
 0.0
 0.0
 0.0
 0.0
 0.0
 0.0
 0.0
 0.0
 0.0
 0.0
 0.0
 0.0
 0.0
 0.0
 0.0
 0.0
 0.0
 0.0
 0.0
 0.0
 0.83861970883633
 4.0571458307257915
 0.0
 0.8266787438766737
x_ij_opt: 1-dimensional DenseAxisArray{Float64,1,...} with index sets:
    Dimension 1, [(43, 30), (43, 22), (43, 6), (44, 22), (45, 30), (45, 29), (45, 28), (45, 24), (45, 23), (40, 29)  …  (5, 7), (5, 14), (6, 4), (6, 3), (1, 14), (1, 10), (1, 23), (1, 1), (3, 2), (3, 1)]
And data, a 116-element Vector{Float64}:
 0.0
 0.32765598022096637
 1.2544162636012188
 0.0
 1.16138029116367
 0.0
 1.5430185612172356
 0.0
 0.0
 0.0
 0.0
 0.0
 0.0
 0.0
 0.0
 0.0
 0.0
 0.0
 0.0
 0.0
 0.0
 0.0
 0.0
 0.0
 0.0
 0.0
 0.0
 2.0
 0.0
 0.0
 0.0
 0.0
 0.0
 0.0
 0.0
 0.0
 0.0
 0.0
 0.0
 0.0
 0.0
 0.0
 0.0
 0.7455837363987814
 0.0
 0.0
 0.0
 0.0
 0.0
 0.0
 0.0
 0.0
 0.0
 0.0
 0.0
 0.9965729502257907
 0.0
 1.0687444772104069
 0.062058411774592266
 1.4607725977206674
 0.0
 0.0
 0.0
 0.0
 6.0
 0.0
 0.010416626983564145
 0.0
 0.0
 0.8119492547585044
 0.0
 0.0
 0.0
 0.0
 0.0
 0.0
 0.18439563004805534
 0.7453781232251645
 0.0
 0.0
 0.0
 0.0
 0.0
 0.0
 0.0
 0.0
 0.0
 0.0
 0.0
 0.0
 0.5991666375793718
 1.2546218767748354
 0.0
 0.0
 0.0
 0.0
 0.0
 0.0
 0.0
 0.17332125612332636
 0.0
 0.0
 0.0
 0.0
 0.0
 0.033388080123266654
 0.0
 0.0
 0.0
 0.0
 0.0
 0.0
 0.0
 5.904553508102142
 0.0
 0.0
x_il_opt: 1-dimensional DenseAxisArray{Float64,1,...} with index sets:
    Dimension 1, [(43, 15), (43, 14), (44, 15), (44, 13), (44, 3), (40, 14), (40, 2), (41, 14), (42, 6), (37, 13)  …  (4, 13), (5, 2), (5, 7), (5, 9), (6, 11), (1, 1), (1, 6), (1, 3), (2, 1), (2, 15)]
And data, a 71-element Vector{Float64}:
 0.0
 0.0
 0.0
 2.2352507162058384
 1.2051070105713169
 1.2725858087347093
 0.0
 0.0
 0.6738460075947601
 0.7647492837941614
 0.0
 3.0
 0.0
 0.0
 3.0
 0.0
 0.0
 0.0
 7.254416263601219
 0.0
 0.0
 0.0
 3.0
 0.769292499492618
 2.230707500507382
 0.0
 0.7455837363987802
 0.0
 2.003427049774209
 0.7272781475208282
 1.1419189634941729
 0.0
 0.0
 0.0
 0.0
 0.0
 0.0
 0.0
 0.858081036505827
 0.0
 0.0
 0.0
 3.0
 0.0
 0.0
 2.2307075005073824
 0.0
 3.0
 0.0
 0.0
 0.0
 0.0
 0.0
 0.0
 0.0
 0.0
 0.0
 4.807497491128345
 0.0
 0.0
 0.0
 0.0
 0.0
 0.0
 0.0
 0.0
 0.0
 2.0954464918978584
 0.0
 0.0
 5.7224442834387945
x_lj_opt: 1-dimensional DenseAxisArray{Float64,1,...} with index sets:
    Dimension 1, [(15, 30), (15, 29), (15, 23), (15, 3), (14, 28), (14, 27), (14, 10), (14, 24), (13, 26), (13, 25)  …  (3, 6), (3, 5), (3, 29), (2, 4), (2, 3), (2, 1), (2, 5), (1, 2), (1, 1), (1, 14)]
And data, a 53-element Vector{Float64}:
 0.83861970883633
 4.0571458307257915
 0.0
 0.8266787438766737
 0.4569814387827644
 0.8156043699519447
 0.0
 0.0
 2.0
 1.0
 0.0
 1.6689169700048243
 1.0
 0.3310830299951758
 1.6723440197790336
 0.0
 0.0
 0.0
 0.3310830299951757
 0.0
 0.0
 2.0
 1.0
 0.5392274022793327
 0.1880507452414955
 0.0
 4.920838895806029
 3.0791611041939713
 0.0
 0.0
 1.9666119198767333
 0.9379415882254077
 0.0954464918978586
 2.0
 6.0
 0.0
 2.0
 1.0
 0.0
 0.0
 0.0
 0.0
 0.0
 0.0
 4.400833362420628
 1.6117711392790333
 1.4008333624206284
 0.0
 0.0
 1.5991666375793718
 2.0
 0.0
 0.0
q_opt: 1-dimensional DenseAxisArray{Float64,1,...} with index sets:
    Dimension 1, [(43, 15), (43, 14), (44, 15), (44, 13), (44, 3), (40, 14), (40, 2), (41, 14), (42, 6), (37, 13)  …  (4, 13), (5, 2), (5, 7), (5, 9), (6, 11), (1, 1), (1, 6), (1, 3), (2, 1), (2, 15)]
And data, a 71-element Vector{Float64}:
 0.0
 0.0
 0.0
 0.7450835720686129
 0.20043011480809247
 1.0
 0.0
 0.0
 0.08423075094934501
 0.2549164279313872
 0.0
 1.0
 0.0
 0.0
 0.37500000000000006
 0.0
 0.0
 0.0
 0.9068020329501524
 0.0
 1.0
 0.0
 1.0
 0.256430833164206
 0.27883843756342275
 0.0
 0.09319796704984752
 0.0
 1.0
 1.0
 0.5709594817470866
 0.0
 0.0
 0.0
 0.0
 0.0
 0.0
 0.0
 0.42904051825291356
 0.0
 0.0
 0.0
 1.0
 0.0
 0.0
 0.7435691668357941
 0.0
 1.0
 0.0
 0.0
 0.0
 0.0
 0.0
 0.0
 0.0
 0.0
 0.0
 0.7995698851919075
 0.0
 0.0
 0.0
 0.0
 0.0
 0.0
 0.0
 0.0
 0.0
 0.2619308114872323
 0.0
 0.0
 1.0
