
PROBLEM STATISTICS
  Objective sense = Min
  # Variables = 572
  # Bin-Int Variables = 0
  # Constraints = 621
  # NL Constraints = 261
  # Linear Constraints = 360
  # Detected convex constraints = 0
  # Detected nonlinear terms = 261
  # Variables involved in nonlinear terms = 124
  # Potential variables for partitioning = 124
SUB-SOLVERS USED BY ALPINE
  NLP local solver = Knitro
  MIP solver = Gurobi
ALPINE CONFIGURATION
  Maximum iterations (lower-bounding MIPs) =  1
  Relative global optimality gap = 0.01%
  Potential variables chosen for partitioning = All
  Discretization ratio = 10
  Bound-tightening presolve = false
PRESOLVE 
  Doing local search

Feasible solution found during presolve: [1.0735853672195284, 1.7752223210299432, 0.0, 0.8717549876924584, 1.4414865923786275, 0.0, 0.0, 0.0, 0.0, 0.0, 0.0, 0.0, 0.0, 0.0, 0.0, 0.0, 2.0, 0.0, 0.0, 0.9999999999999998, 0.0, 0.0, 0.0, 0.0, 0.0, 0.0, 0.0, 0.0, 0.026738445870830664, 1.2543453639978543, 0.7258687725278821, 0.0, 0.0, 0.0, 0.07984482313257704, 3.7456546360021457, 2.1675479584687105, 0.0, 0.0, 0.0, 0.0, 0.0, 0.0, 0.0, 0.0, 0.0, 0.0, 0.0, 0.0, 0.0, 0.0, 0.0, 0.0, 0.0, 0.0, 0.0, 0.0, 0.0, 0.0, 2.0, 1.0, 0.0, 0.0, 0.0, 0.0, 0.0, 0.0, 0.0, 0.0, 0.0, 0.0, 0.07871398175679928, 0.2361419452703979, 0.0, 0.7499999999999998, 2.25, 0.0, 0.5758758773190503, 1.7276276319571513, 0.0, 0.0, 0.0, 0.0, 0.0, 0.0, 0.0, 0.0, 0.0, 0.0, 0.0, 0.0, 0.0, 0.5954101409241501, 1.7862304227724506, 0.0, 0.0, 0.0, 0.0, 0.0, 0.0, 0.0, 2.0, 0.8488076882494714, 0.15119231175052839, 0.0, 0.0, 0.0, 0.0, 0.0, 0.0, 0.0, 0.0, 0.0, 0.0, 0.0, 0.0, 0.0, 0.0, 5.511798411327968, 1.8372661371093235, 0.0, 0.0, 0.0, 0.48820158867203217, 0.16273386289067712, 0.0, 0.0, 0.0, 0.0, 0.0, 0.0, 0.0, 0.0, 0.0, 0.0, 0.0, 0.0, 0.0, 0.0, 0.0, 0.0, 0.0, 0.0, 0.0, 0.0, 0.0, 0.0, 0.0, 0.0, 0.0, 0.0, 0.0, 0.0, 0.4643309938158655, 0.23216549690793276, 0.0, 0.0, 1.5356690061841345, 0.7678345030920672, 0.0, 0.0, 0.0, 0.0, 0.0, 0.0, 0.0, 0.0, 0.0, 0.0, 0.0, 0.0, 0.0, 0.0, 0.0, 0.0, 0.0, 0.0, 0.0, 0.0, 0.0, 0.0, 0.0, 0.0, 0.0, 0.0, 0.0, 0.0, 0.0, 0.0, 0.0, 0.0, 0.0, 0.0, 0.0, 1.5347075876749163, 0.9980269593757253, 0.46726545294935823, 0.0, 0.0, 0.0, 0.0, 0.0, 0.0, 0.0, 0.0, 0.0, 1.3428020977559467, 0.6347025058345834, 0.03669854304338988, 0.6571979022440533, 0.3106378490774032, 0.017961102044623395, 0.0, 0.0, 0.0, 0.0, 0.0, 0.0, 0.0, 0.0, 0.0, 0.0, 0.54587759600454, 0.0, 0.0, 0.0, 0.45412240399546006, 0.0, 0.0, 0.0, 0.0, 0.0, 0.0, 0.0, 0.0, 0.0, 0.0, 0.0, 0.0, 0.0, 0.0, 0.0, 0.0, 0.0, 0.0, 0.0, 0.0, 0.0, 0.0, 0.0, 0.0, 0.0, 0.0, 0.0, 0.0, 0.0, 0.0, 2.0, 2.63931781605405, 0.0, 1.0, 0.0, 0.54587759600454, 0.0, 2.01420314663392, 2.0069525823965675, 0.45412240399546006, 0.0, 0.0, 0.31485592702719717, 0.9857968533660798, 0.0, 3.0, 0.0, 0.0, 3.0, 0.0, 0.0, 0.0, 7.349064548437291, 0.0, 0.0, 0.0, 3.0, 0.6964964907237983, 2.3035035092762017, 0.0, 0.6509354515627096, 0.0, 0.0, 0.0, 2.8488076882494715, 0.0, 0.0, 0.0, 0.0, 0.0, 0.0, 0.0, 2.313241580071086, 0.0, 0.0, 0.0, 3.0, 0.0, 0.0, 2.3035035092762017, 0.0, 3.0, 0.0, 0.0, 0.0, 0.0, 0.0, 0.0, 0.0, 0.0, 0.0, 5.993047417603433, 0.0, 0.0, 0.0, 0.0, 0.0, 0.0, 0.0, 0.0, 0.0, 2.381640563696601, 0.0, 0.0, 5.63931781605405, 2.0, 2.63931781605405, 0.0, 1.0, 0.0, 1.0, 0.0, 0.0, 2.0, 0.9453403549119866, 0.05465964508801328, 1.5347075876749163, 0.9980269593757253, 0.46726545294935823, 0.0, 0.0, 0.0, 0.0, 0.0, 0.0, 0.0, 2.0, 1.0, 0.0, 0.0, 0.0, 6.0, 2.000000000000001, 0.0, 0.0, 2.0, 0.8488076882494714, 0.15119231175052839, 2.0, 6.0, 0.0, 2.0, 1.0, 0.0, 0.0, 0.0, 0.0, 0.0, 0.10658326900340771, 5.0, 2.8934167309965924, 2.0, 0.0, 0.0, 0.9999999999999998, 1.9453403549119868, 3.2167089134085707, 0.0, 0.0, 1.5690766318880416, 1.2424812794338824, 0.0, 0.0, 0.0, 1.9231094743384176, 0.0, 0.0, 0.0, 0.0, 0.0, 0.0, 0.0, 0.0, 0.0, 0.0, 0.0, 0.31324158007108593, 0.0, 0.0, 0.0, 0.0, 0.0, 0.0, 0.0, 0.0, 2.0, 0.07689052566158235, 0.0, 0.0, 0.0, 0.0, 0.0, 0.0, 0.0, 0.0, 0.0, 0.0, 0.0, 0.0, 0.0, 0.0, 0.6509354515627093, 0.0, 0.0, 0.43092336811195836, 0.0, 0.0, 0.0, 0.0, 0.0, 0.0, 0.0, 0.0, 3.0, 0.0, 0.0, 0.15119231175052866, 2.0, 0.0, 0.0, 0.0, 0.4652924123250839, 6.0, 0.0, 0.0, 0.0, 0.0, 0.6867584199289141, 0.0, 0.0, 0.0, 0.0, 0.0, 0.0, 0.0, 0.9845477966200376, 0.0, 0.0, 0.0, 0.0, 0.0, 0.0, 0.0, 0.0, 0.0, 0.0, 0.0, 0.0, 0.0, 1.0154522033799624, 0.0, 0.0, 0.0, 0.0, 0.0, 0.054659645088013305, 0.0, 0.0, 0.0, 0.0, 0.0, 0.0, 0.0, 0.0, 0.0, 0.0, 0.0, 0.0, 0.0, 0.0, 0.001973040624274735, 2.632098774840901, 0.0, 0.0, 0.0, 0.54587759600454, 0.0, 0.6714010488779734, 0.2508690727995709, 0.45412240399546006, 0.0, 0.0, 0.039356990878399646, 0.32859895112202664, 0.0, 1.0, 0.0, 0.0, 0.375, 0.0, 0.0, 0.0, 0.9186330685546614, 1.0, 1.0, 0.0, 1.0, 0.23216549690793276, 0.2879379386595252, 0.0, 0.0813669314453387, 0.0, 0.0, 1.0, 0.5518753386823668, 0.0, 0.0, 0.0, 0.0, 0.0, 0.0, 0.0, 0.4481246613176332, 0.0, 0.0, 0.0, 1.0, 0.0, 0.0, 0.7678345030920672, 0.0, 1.0, 0.0, 0.0, 0.0, 0.0, 0.0, 0.0, 0.0, 0.0, 0.0, 0.7491309272004292, 0.0, 0.0, 0.0, 0.0, 0.0, 0.0, 0.0, 0.0, 0.0, 0.2977050704620751, 0.0, 0.0, 1.0]  :with objective: -618.9393815993272

  Local solver returns a feasible point with value -618.9394
disc:  333  :[0.0, 1.8, 2.0]
disc:  334  :[0.0, 2.0393178160540497, 3.23931781605405, 6.0]
disc:  335  :[0.0, 0.1, 1.0]
disc:  336  :[0.0, 0.9, 1.0]
disc:  337  :[0.0, 0.2, 2.0]
disc:  338  :[0.0, 0.9, 1.0]
disc:  339  :[0.0, 0.2, 2.0]
disc:  340  :[0.0, 0.2, 2.0]
disc:  341  :[0.0, 1.8, 2.0]
disc:  342  :[0.0, 0.8453403549119867, 1.0]
disc:  343  :[0.0, 0.2546596450880133, 2.0]
disc:  344  :[0.0, 1.3347075876749164, 1.7347075876749163, 2.0]
disc:  345  :[0.0, 0.8980269593757253, 1.0]
disc:  346  :[0.0, 0.16726545294935824, 0.7672654529493582, 3.0]
disc:  347  :[0.0, 0.2, 2.0]
disc:  348  :[0.0, 0.6, 6.0]
disc:  349  :[0.0, 0.2, 2.0]
disc:  350  :[0.0, 0.1, 1.0]
disc:  351  :[0.0, 0.2, 2.0]
disc:  352  :[0.0, 0.6, 6.0]
disc:  353  :[0.0, 0.1, 1.0]
disc:  354  :[0.0, 1.8, 2.0]
disc:  355  :[0.0, 0.9, 1.0]
disc:  356  :[0.0, 0.2, 2.0]
disc:  357  :[0.0, 0.1, 1.0]
disc:  358  :[0.0, 0.2, 2.0]
disc:  359  :[0.0, 5.4, 6.0]
disc:  360  :[0.0, 1.4000000000000008, 2.600000000000001, 6.0]
disc:  361  :[0.0, 0.2, 2.0]
disc:  362  :[0.0, 0.1, 1.0]
disc:  363  :[0.0, 1.8, 2.0]
disc:  364  :[0.0, 0.7488076882494714, 0.9488076882494714, 1.0]
disc:  365  :[0.0, 0.4511923117505284, 3.0]
disc:  366  :[0.0, 1.8, 2.0]
disc:  367  :[0.0, 5.4, 6.0]
disc:  368  :[0.0, 0.2, 2.0]
disc:  369  :[0.0, 1.8, 2.0]
disc:  370  :[0.0, 0.9, 1.0]
disc:  371  :[0.0, 0.2, 2.0]
disc:  372  :[0.0, 0.2, 2.0]
disc:  373  :[0.0, 0.2, 2.0]
disc:  374  :[0.0, 0.6, 6.0]
disc:  375  :[0.0, 0.2, 2.0]
disc:  376  :[0.0, 0.3065832690034077, 2.0]
disc:  377  :[0.0, 4.4, 5.6, 6.0]
disc:  378  :[0.0, 2.2934167309965923, 3.4934167309965924, 6.0]
disc:  379  :[0.0, 1.8, 2.0]
disc:  380  :[0.0, 0.1, 1.0]
disc:  381  :[0.0, 0.3, 3.0]
disc:  382  :[0.0, 0.6999999999999997, 1.2999999999999998, 3.0]
disc:  383  :[0.0, 1.7453403549119868, 2.0]
disc:  384  :[0.0, 2.6167089134085706, 3.8167089134085708, 6.0]
disc:  385  :[0.0, 0.2, 2.0]
disc:  502  :[0.0, 0.1, 1.0]
disc:  503  :[0.0, 0.44587759600454, 0.64587759600454, 1.0]
disc:  504  :[0.0, 0.1, 1.0]
disc:  505  :[0.0, 0.5714010488779734, 0.7714010488779733, 1.0]
disc:  506  :[0.0, 0.15086907279957087, 0.3508690727995709, 1.0]
disc:  507  :[0.0, 0.35412240399546, 0.5541224039954601, 1.0]
disc:  508  :[0.0, 0.1, 1.0]
disc:  509  :[0.0, 0.1, 1.0]
disc:  510  :[0.0, 0.13935699087839964, 1.0]
disc:  511  :[0.0, 0.22859895112202663, 0.4285989511220266, 1.0]
disc:  512  :[0.0, 0.1, 1.0]
disc:  513  :[0.0, 0.9, 1.0]
disc:  514  :[0.0, 0.1, 1.0]
disc:  515  :[0.0, 0.1, 1.0]
disc:  516  :[0.0, 0.275, 0.475, 1.0]
disc:  517  :[0.0, 0.1, 1.0]
disc:  518  :[0.0, 0.1, 1.0]
disc:  519  :[0.0, 0.1, 1.0]
disc:  520  :[0.0, 0.8186330685546614, 1.0]
disc:  521  :[0.0, 0.9, 1.0]
disc:  522  :[0.0, 0.9, 1.0]
disc:  523  :[0.0, 0.1, 1.0]
disc:  524  :[0.0, 0.9, 1.0]
disc:  525  :[0.0, 0.13216549690793275, 0.33216549690793273, 1.0]
disc:  526  :[0.0, 0.1879379386595252, 0.3879379386595252, 1.0]
disc:  527  :[0.0, 0.1, 1.0]
disc:  528  :[0.0, 0.18136693144533872, 1.0]
disc:  529  :[0.0, 0.1, 1.0]
disc:  530  :[0.0, 0.1, 1.0]
disc:  531  :[0.0, 0.9, 1.0]
disc:  532  :[0.0, 0.45187533868236684, 0.6518753386823668, 1.0]
disc:  533  :[0.0, 0.1, 1.0]
disc:  534  :[0.0, 0.1, 1.0]
disc:  535  :[0.0, 0.1, 1.0]
disc:  536  :[0.0, 0.1, 1.0]
disc:  537  :[0.0, 0.1, 1.0]
disc:  538  :[0.0, 0.1, 1.0]
disc:  539  :[0.0, 0.1, 1.0]
disc:  540  :[0.0, 0.3481246613176332, 0.5481246613176332, 1.0]
disc:  541  :[0.0, 0.1, 1.0]
disc:  542  :[0.0, 0.1, 1.0]
disc:  543  :[0.0, 0.1, 1.0]
disc:  544  :[0.0, 0.9, 1.0]
disc:  545  :[0.0, 0.1, 1.0]
disc:  546  :[0.0, 0.1, 1.0]
disc:  547  :[0.0, 0.6678345030920673, 0.8678345030920672, 1.0]
disc:  548  :[0.0, 0.1, 1.0]
disc:  549  :[0.0, 0.9, 1.0]
disc:  550  :[0.0, 0.1, 1.0]
disc:  551  :[0.0, 0.1, 1.0]
disc:  552  :[0.0, 0.1, 1.0]
disc:  553  :[0.0, 0.1, 1.0]
disc:  554  :[0.0, 0.1, 1.0]
disc:  555  :[0.0, 0.1, 1.0]
disc:  556  :[0.0, 0.1, 1.0]
disc:  557  :[0.0, 0.1, 1.0]
disc:  558  :[0.0, 0.1, 1.0]
disc:  559  :[0.0, 0.6491309272004292, 0.8491309272004292, 1.0]
disc:  560  :[0.0, 0.1, 1.0]
disc:  561  :[0.0, 0.1, 1.0]
disc:  562  :[0.0, 0.1, 1.0]
disc:  563  :[0.0, 0.1, 1.0]
disc:  564  :[0.0, 0.1, 1.0]
disc:  565  :[0.0, 0.1, 1.0]
disc:  566  :[0.0, 0.1, 1.0]
disc:  567  :[0.0, 0.1, 1.0]
disc:  568  :[0.0, 0.1, 1.0]
disc:  569  :[0.0, 0.1977050704620751, 0.39770507046207515, 1.0]
disc:  570  :[0.0, 0.1, 1.0]
disc:  571  :[0.0, 0.1, 1.0]
disc:  572  :[0.0, 0.9, 1.0]
  Completed presolve in 7.54s
LOWER-BOUNDING ITERATIONS
====================================================================================================
| Iter   | Incumbent       | Best Incumbent      | Lower Bound        | Gap (%)         | Time      
| finish | -618.9394       | -618.9394           | -637.1046          | 2.935           | 18.13s           
Final UBD: -618.9393815993272
Final LBD: -637.1045584044552
====================================================================================================

*** Alpine ended with status OTHER_LIMIT ***

 Total time for local solves: 4.99s

 Total time for solving max-min problems: 0.0s

 Total time excluding max-min time: 18.13s

presolve objective value: -618.9393815993272
w_opt: 1-dimensional DenseAxisArray{Float64,1,...} with index sets:
    Dimension 1, [(25, 1, 2), (25, 1, 1), (25, 1, 14), (20, 1, 2), (20, 1, 1), (20, 1, 14), (1, 1, 2), (1, 1, 1), (1, 1, 14), (2, 1, 2)  …  (20, 15, 23), (20, 15, 3), (8, 15, 30), (8, 15, 29), (8, 15, 23), (8, 15, 3), (2, 15, 30), (2, 15, 29), (2, 15, 23), (2, 15, 3)]
And data, a 261-element Vector{Float64}:
 1.0735853672195284
 1.7752223210299432
 0.0
 0.8717549876924584
 1.4414865923786275
 0.0
 0.0
 0.0
 0.0
 0.0
 0.0
 0.0
 0.0
 0.0
 0.0
 0.0
 2.0
 0.0
 0.0
 0.9999999999999998
 0.0
 0.0
 0.0
 0.0
 0.0
 0.0
 0.0
 0.0
 0.026738445870830664
 1.2543453639978543
 0.7258687725278821
 0.0
 0.0
 0.0
 0.07984482313257704
 3.7456546360021457
 2.1675479584687105
 0.0
 0.0
 0.0
 0.0
 0.0
 0.0
 0.0
 0.0
 0.0
 0.0
 0.0
 0.0
 0.0
 0.0
 0.0
 0.0
 0.0
 0.0
 0.0
 0.0
 0.0
 0.0
 2.0
 1.0
 0.0
 0.0
 0.0
 0.0
 0.0
 0.0
 0.0
 0.0
 0.0
 0.0
 0.07871398175679928
 0.2361419452703979
 0.0
 0.7499999999999998
 2.25
 0.0
 0.5758758773190503
 1.7276276319571513
 0.0
 0.0
 0.0
 0.0
 0.0
 0.0
 0.0
 0.0
 0.0
 0.0
 0.0
 0.0
 0.0
 0.5954101409241501
 1.7862304227724506
 0.0
 0.0
 0.0
 0.0
 0.0
 0.0
 0.0
 2.0
 0.8488076882494714
 0.15119231175052839
 0.0
 0.0
 0.0
 0.0
 0.0
 0.0
 0.0
 0.0
 0.0
 0.0
 0.0
 0.0
 0.0
 0.0
 5.511798411327968
 1.8372661371093235
 0.0
 0.0
 0.0
 0.48820158867203217
 0.16273386289067712
 0.0
 0.0
 0.0
 0.0
 0.0
 0.0
 0.0
 0.0
 0.0
 0.0
 0.0
 0.0
 0.0
 0.0
 0.0
 0.0
 0.0
 0.0
 0.0
 0.0
 0.0
 0.0
 0.0
 0.0
 0.0
 0.0
 0.0
 0.0
 0.4643309938158655
 0.23216549690793276
 0.0
 0.0
 1.5356690061841345
 0.7678345030920672
 0.0
 0.0
 0.0
 0.0
 0.0
 0.0
 0.0
 0.0
 0.0
 0.0
 0.0
 0.0
 0.0
 0.0
 0.0
 0.0
 0.0
 0.0
 0.0
 0.0
 0.0
 0.0
 0.0
 0.0
 0.0
 0.0
 0.0
 0.0
 0.0
 0.0
 0.0
 0.0
 0.0
 0.0
 0.0
 1.5347075876749163
 0.9980269593757253
 0.46726545294935823
 0.0
 0.0
 0.0
 0.0
 0.0
 0.0
 0.0
 0.0
 0.0
 1.3428020977559467
 0.6347025058345834
 0.03669854304338988
 0.6571979022440533
 0.3106378490774032
 0.017961102044623395
 0.0
 0.0
 0.0
 0.0
 0.0
 0.0
 0.0
 0.0
 0.0
 0.0
 0.54587759600454
 0.0
 0.0
 0.0
 0.45412240399546006
 0.0
 0.0
 0.0
 0.0
 0.0
 0.0
 0.0
 0.0
 0.0
 0.0
 0.0
 0.0
 0.0
 0.0
 0.0
 0.0
 0.0
 0.0
 0.0
 0.0
 0.0
 0.0
 0.0
 0.0
 0.0
 0.0
 0.0
 0.0
 0.0
 0.0
 2.0
 2.63931781605405
 0.0
 1.0
x_ij_opt: 1-dimensional DenseAxisArray{Float64,1,...} with index sets:
    Dimension 1, [(43, 30), (43, 22), (43, 6), (44, 22), (45, 30), (45, 29), (45, 28), (45, 24), (45, 23), (40, 29)  …  (5, 7), (5, 14), (6, 4), (6, 3), (1, 14), (1, 10), (1, 23), (1, 1), (3, 2), (3, 1)]
And data, a 116-element Vector{Float64}:
 0.0
 1.5690766318880416
 1.2424812794338824
 0.0
 0.0
 0.0
 1.9231094743384176
 0.0
 0.0
 0.0
 0.0
 0.0
 0.0
 0.0
 0.0
 0.0
 0.0
 0.0
 0.31324158007108593
 0.0
 0.0
 0.0
 0.0
 0.0
 0.0
 0.0
 0.0
 2.0
 0.07689052566158235
 0.0
 0.0
 0.0
 0.0
 0.0
 0.0
 0.0
 0.0
 0.0
 0.0
 0.0
 0.0
 0.0
 0.0
 0.6509354515627093
 0.0
 0.0
 0.43092336811195836
 0.0
 0.0
 0.0
 0.0
 0.0
 0.0
 0.0
 0.0
 3.0
 0.0
 0.0
 0.15119231175052866
 2.0
 0.0
 0.0
 0.0
 0.4652924123250839
 6.0
 0.0
 0.0
 0.0
 0.0
 0.6867584199289141
 0.0
 0.0
 0.0
 0.0
 0.0
 0.0
 0.0
 0.9845477966200376
 0.0
 0.0
 0.0
 0.0
 0.0
 0.0
 0.0
 0.0
 0.0
 0.0
 0.0
 0.0
 0.0
 1.0154522033799624
 0.0
 0.0
 0.0
 0.0
 0.0
 0.054659645088013305
 0.0
 0.0
 0.0
 0.0
 0.0
 0.0
 0.0
 0.0
 0.0
 0.0
 0.0
 0.0
 0.0
 0.0
 0.001973040624274735
 2.632098774840901
 0.0
 0.0
x_il_opt: 1-dimensional DenseAxisArray{Float64,1,...} with index sets:
    Dimension 1, [(43, 15), (43, 14), (44, 15), (44, 13), (44, 3), (40, 14), (40, 2), (41, 14), (42, 6), (37, 13)  …  (4, 13), (5, 2), (5, 7), (5, 9), (6, 11), (1, 1), (1, 6), (1, 3), (2, 1), (2, 15)]
And data, a 71-element Vector{Float64}:
 0.0
 0.54587759600454
 0.0
 2.01420314663392
 2.0069525823965675
 0.45412240399546006
 0.0
 0.0
 0.31485592702719717
 0.9857968533660798
 0.0
 3.0
 0.0
 0.0
 3.0
 0.0
 0.0
 0.0
 7.349064548437291
 0.0
 0.0
 0.0
 3.0
 0.6964964907237983
 2.3035035092762017
 0.0
 0.6509354515627096
 0.0
 0.0
 0.0
 2.8488076882494715
 0.0
 0.0
 0.0
 0.0
 0.0
 0.0
 0.0
 2.313241580071086
 0.0
 0.0
 0.0
 3.0
 0.0
 0.0
 2.3035035092762017
 0.0
 3.0
 0.0
 0.0
 0.0
 0.0
 0.0
 0.0
 0.0
 0.0
 0.0
 5.993047417603433
 0.0
 0.0
 0.0
 0.0
 0.0
 0.0
 0.0
 0.0
 0.0
 2.381640563696601
 0.0
 0.0
 5.63931781605405
x_lj_opt: 1-dimensional DenseAxisArray{Float64,1,...} with index sets:
    Dimension 1, [(15, 30), (15, 29), (15, 23), (15, 3), (14, 28), (14, 27), (14, 10), (14, 24), (13, 26), (13, 25)  …  (3, 6), (3, 5), (3, 29), (2, 4), (2, 3), (2, 1), (2, 5), (1, 2), (1, 1), (1, 14)]
And data, a 53-element Vector{Float64}:
 2.0
 2.63931781605405
 0.0
 1.0
 0.0
 1.0
 0.0
 0.0
 2.0
 0.9453403549119866
 0.05465964508801328
 1.5347075876749163
 0.9980269593757253
 0.46726545294935823
 0.0
 0.0
 0.0
 0.0
 0.0
 0.0
 0.0
 2.0
 1.0
 0.0
 0.0
 0.0
 6.0
 2.000000000000001
 0.0
 0.0
 2.0
 0.8488076882494714
 0.15119231175052839
 2.0
 6.0
 0.0
 2.0
 1.0
 0.0
 0.0
 0.0
 0.0
 0.0
 0.10658326900340771
 5.0
 2.8934167309965924
 2.0
 0.0
 0.0
 0.9999999999999998
 1.9453403549119868
 3.2167089134085707
 0.0
q_opt: 1-dimensional DenseAxisArray{Float64,1,...} with index sets:
    Dimension 1, [(43, 15), (43, 14), (44, 15), (44, 13), (44, 3), (40, 14), (40, 2), (41, 14), (42, 6), (37, 13)  …  (4, 13), (5, 2), (5, 7), (5, 9), (6, 11), (1, 1), (1, 6), (1, 3), (2, 1), (2, 15)]
And data, a 71-element Vector{Float64}:
 0.0
 0.54587759600454
 0.0
 0.6714010488779734
 0.2508690727995709
 0.45412240399546006
 0.0
 0.0
 0.039356990878399646
 0.32859895112202664
 0.0
 1.0
 0.0
 0.0
 0.375
 0.0
 0.0
 0.0
 0.9186330685546614
 1.0
 1.0
 0.0
 1.0
 0.23216549690793276
 0.2879379386595252
 0.0
 0.0813669314453387
 0.0
 0.0
 1.0
 0.5518753386823668
 0.0
 0.0
 0.0
 0.0
 0.0
 0.0
 0.0
 0.4481246613176332
 0.0
 0.0
 0.0
 1.0
 0.0
 0.0
 0.7678345030920672
 0.0
 1.0
 0.0
 0.0
 0.0
 0.0
 0.0
 0.0
 0.0
 0.0
 0.0
 0.7491309272004292
 0.0
 0.0
 0.0
 0.0
 0.0
 0.0
 0.0
 0.0
 0.0
 0.2977050704620751
 0.0
 0.0
 1.0
