
PROBLEM STATISTICS
  Objective sense = Min
  # Variables = 572
  # Bin-Int Variables = 0
  # Constraints = 621
  # NL Constraints = 261
  # Linear Constraints = 360
  # Detected convex constraints = 0
  # Detected nonlinear terms = 261
  # Variables involved in nonlinear terms = 124
  # Potential variables for partitioning = 124
SUB-SOLVERS USED BY ALPINE
  NLP local solver = Knitro
  MIP solver = Gurobi
ALPINE CONFIGURATION
  Maximum iterations (lower-bounding MIPs) =  1
  Relative global optimality gap = 0.01%
  Potential variables chosen for partitioning = All
  Discretization ratio = 10
  Bound-tightening presolve = false
PRESOLVE 
  Doing local search

Feasible solution found during presolve: [1.1132717625771007, 1.75887164392836, 0.0, 0.8867282374228996, 1.4009527638276897, 0.0, 0.0, 0.0, 0.0, 0.0, 0.0, 0.0, 0.0, 0.0, 0.0, 0.0, 2.0, 0.0, 0.0, 0.9999999999999999, 0.0, 0.0, 0.0, 0.0, 0.0, 0.0, 0.0, 0.0, 0.7990750379130757, 3.168592584285537, 1.1020805126582467, 0.0, 0.0, 0.0, 0.0, 0.0, 0.0, 0.0, 0.0, 0.0, 0.46185551194058017, 1.8314074157144633, 0.6369889374880979, 0.0, 0.0, 0.0, 0.0, 0.0, 0.0, 1.0100409026446846, 1.1773030082450124, 0.0, 0.0, 0.0, 0.0, 0.0, 0.0, 0.0, 0.0, 2.0, 1.0, 0.0, 0.0, 0.0, 0.0, 0.0, 0.0, 0.0, 0.0, 0.0, 0.0, 0.005784933636198042, 0.01735480090859354, 0.0, 0.75, 2.25, 0.0, 0.5313732622722517, 1.594119786816755, 0.0, 0.0, 0.0, 0.0, 0.0, 0.0, 0.0, 0.0, 0.0, 0.0, 0.0, 0.0, 0.0, 0.7128418040915503, 2.138525412274651, 0.0, 0.0, 0.0, 0.0, 0.0, 0.0, 0.0, 1.5854351023450548, 0.8721434065054607, 0.542421491149484, 0.0, 0.0, 0.0, 0.0, 0.0, 0.0, 0.0, 0.0, 0.0, 0.0, 0.0, 0.0, 0.0, 0.0, 4.544068432636511, 1.514689477545504, 0.0, 0.0, 0.0, 1.4559315673634887, 0.48531052245449635, 0.0, 0.0, 0.0, 0.0, 0.0, 0.0, 0.0, 0.0, 0.0, 0.0, 0.0, 0.0, 0.0, 0.0, 0.0, 0.0, 0.0, 0.0, 0.0, 0.0, 0.0, 0.0, 0.0, 0.0, 0.0, 0.0, 0.0, 0.0, 0.5830046339406623, 0.29150231697033113, 0.0, 0.0, 1.4169953660593377, 0.7084976830296689, 0.12241412163268571, 0.0, 0.0, 0.0, 0.0492213690770034, 0.0, 0.0, 0.0, 0.0, 0.0, 0.0, 0.0, 0.0, 0.0, 1.8775858783673143, 0.0, 0.0, 0.0, 0.7549565871999115, 0.0, 0.0, 0.0, 0.0, 0.0, 0.0, 0.0, 0.0, 0.0, 0.0, 0.0, 0.0, 0.0, 0.0, 0.0, 0.0, 1.1958220437230853, 0.9539720825577241, 0.8502058737191904, 0.0, 0.0, 0.0, 0.0, 0.0, 0.0, 0.0, 0.0, 0.0, 1.4409331738336213, 0.7204665869168106, 0.0, 0.5590668261663787, 0.27953341308318935, 0.0, 0.0, 0.0, 0.0, 0.0, 0.0, 0.0, 0.0, 0.0, 0.0, 0.0, 0.0, 0.0, 0.0, 0.6218845603088559, 0.6267558618084916, 0.0, 0.0, 0.0, 0.0, 0.0, 0.0, 0.0, 0.0, 0.0, 0.0, 0.0, 0.0, 0.0, 0.0, 0.0, 0.0, 0.0, 0.0, 0.0, 0.0, 0.0, 0.0, 0.0, 0.0, 0.0, 0.0, 0.0, 0.0, 0.0, 0.0, 1.0629494432223503, 3.410724676134465, 0.0, 0.8197276438825538, 0.0, 0.0, 0.0, 2.161399760750432, 5.06974813485686, 1.2486404221173475, 0.0, 0.0, 0.023139734544791582, 0.8386002392495681, 0.0, 3.0, 0.0, 0.0, 3.0, 0.0, 0.0, 0.17163549070968911, 6.058757910182015, 0.0, 0.0, 0.0, 3.0, 0.8745069509109934, 2.1254930490890067, 0.0, 1.9412420898179852, 0.0, 2.632542465567226, 0.0, 2.8721434065054607, 0.0, 0.0, 0.0, 0.0, 0.0, 0.0, 0.0, 2.2876810012505895, 0.0, 0.0, 0.0, 3.0, 0.0, 0.0, 2.1254930490890067, 0.0, 3.0, 0.0, 0.0, 0.0, 0.0, 0.0, 0.0, 2.1873439108896973, 0.0, 0.0, 0.0, 0.0, 0.0, 0.0, 0.0, 0.0, 0.0, 0.0, 0.0, 0.0, 2.851367216366201, 2.9302518651431413, 0.0, 5.293401763239369, 1.0629494432223503, 3.410724676134465, 0.0, 0.8197276438825538, 0.6218845603088559, 0.6267558618084916, 0.0, 0.0, 2.0, 1.0, 0.0, 1.1958220437230853, 0.9539720825577241, 0.8502058737191904, 2.0, 0.0, 0.0, 0.0, 0.8041779562769149, 0.0, 0.0, 2.0, 1.0, 0.0, 0.0, 0.0, 6.0, 2.0000000000000004, 0.0, 0.0, 1.5854351023450548, 0.8721434065054607, 0.542421491149484, 2.0, 6.0, 0.0, 2.0, 1.0, 0.0, 0.0, 1.0100409026446846, 1.1773030082450124, 0.0, 1.2609305498536558, 5.0, 1.7390694501463446, 2.0, 0.0, 0.0, 0.9999999999999999, 2.0, 3.1598244077560493, 0.0, 0.0, 0.0, 0.5396314165608813, 0.0, 0.9370505567776497, 0.0, 1.3781154396911444, 0.0, 0.0, 0.0, 0.0, 0.0, 0.0, 0.0, 0.0, 0.0, 0.0, 0.0, 0.28768100125058954, 0.0, 1.8737187594998426, 0.0, 0.0, 0.0, 0.0, 0.0, 0.0, 2.0, 0.0, 0.0, 0.0, 0.0, 0.0, 0.0, 0.0, 0.0, 0.0, 0.0, 0.0, 0.0, 0.0, 0.0, 0.0, 0.19943803358546283, 0.0, 0.0, 0.0, 0.0, 0.0, 0.0, 0.0, 0.0, 0.0, 0.0, 0.0, 0.367457534432774, 0.0, 0.0, 0.12785659349453932, 2.0, 0.0, 0.0, 0.0, 0.0, 6.0, 0.0, 0.0, 0.0, 0.0, 0.7123189987494105, 0.0, 0.0, 0.0, 0.0, 0.0, 0.0, 0.3732441381915084, 0.9899590973553154, 0.0, 0.0, 0.0, 0.0, 0.0, 0.0, 0.0, 0.0, 0.0, 0.0, 0.0, 0.0, 0.0, 0.0, 2.455239457322213, 0.0, 0.0, 0.0, 0.0, 0.0, 0.0, 0.18027235611744621, 0.0, 0.0, 0.0, 0.0, 0.0, 0.39994462087729005, 0.0, 0.0, 0.0, 0.0, 0.014620276777655114, 0.0, 0.04602791744227592, 0.4240353415946241, 0.0, 0.0, 0.0, 0.0, 0.0, 0.7204665869168106, 0.6337185168571075, 1.0, 0.0, 0.0, 0.0028924668180989477, 0.27953341308318935, 0.0, 1.0, 0.0, 0.0, 0.375, 0.0, 0.0, 0.061207060816342855, 0.7573447387727519, 0.0, 0.0, 0.0, 1.0, 0.29150231697033113, 0.26568663113612584, 0.0, 0.24265526122724815, 0.0, 0.9387929391836571, 1.0, 0.5566358812885503, 0.0, 0.0, 0.0, 0.0, 0.0, 0.0, 0.0, 0.4433641187114498, 0.0, 0.0, 0.0, 1.0, 0.0, 0.0, 0.7084976830296689, 0.0, 1.0, 0.0, 0.0, 0.0, 0.0, 0.0, 0.0, 1.0, 0.0, 0.0, 0.0, 0.0, 0.0, 0.0, 0.0, 0.0, 0.0, 0.0, 0.0, 0.0, 0.35642090204577515, 0.36628148314289266, 0.0, 1.0]  :with objective: -622.2732851752694

  Local solver returns a feasible point with value -622.2733
disc:  333  :[0.0, 0.8629494432223503, 1.2629494432223503, 2.0]
disc:  334  :[0.0, 2.810724676134465, 4.010724676134465, 6.0]
disc:  335  :[0.0, 0.1, 1.0]
disc:  336  :[0.0, 0.7197276438825538, 0.9197276438825538, 1.0]
disc:  337  :[0.0, 0.42188456030885585, 0.8218845603088558, 2.0]
disc:  338  :[0.0, 0.5267558618084917, 0.7267558618084916, 1.0]
disc:  339  :[0.0, 0.2, 2.0]
disc:  340  :[0.0, 0.2, 2.0]
disc:  341  :[0.0, 1.8, 2.0]
disc:  342  :[0.0, 0.9, 1.0]
disc:  343  :[0.0, 0.2, 2.0]
disc:  344  :[0.0, 0.9958220437230854, 1.3958220437230853, 2.0]
disc:  345  :[0.0, 0.8539720825577242, 1.0]
disc:  346  :[0.0, 0.5502058737191904, 1.1502058737191905, 3.0]
disc:  347  :[0.0, 1.8, 2.0]
disc:  348  :[0.0, 0.6, 6.0]
disc:  349  :[0.0, 0.2, 2.0]
disc:  350  :[0.0, 0.1, 1.0]
disc:  351  :[0.0, 0.604177956276915, 1.0041779562769149, 2.0]
disc:  352  :[0.0, 0.6, 6.0]
disc:  353  :[0.0, 0.1, 1.0]
disc:  354  :[0.0, 1.8, 2.0]
disc:  355  :[0.0, 0.9, 1.0]
disc:  356  :[0.0, 0.2, 2.0]
disc:  357  :[0.0, 0.1, 1.0]
disc:  358  :[0.0, 0.2, 2.0]
disc:  359  :[0.0, 5.4, 6.0]
disc:  360  :[0.0, 1.4000000000000004, 2.6000000000000005, 6.0]
disc:  361  :[0.0, 0.2, 2.0]
disc:  362  :[0.0, 0.1, 1.0]
disc:  363  :[0.0, 1.3854351023450548, 1.7854351023450548, 2.0]
disc:  364  :[0.0, 0.7721434065054608, 0.9721434065054607, 1.0]
disc:  365  :[0.0, 0.24242149114948403, 0.8424214911494841, 3.0]
disc:  366  :[0.0, 1.8, 2.0]
disc:  367  :[0.0, 5.4, 6.0]
disc:  368  :[0.0, 0.2, 2.0]
disc:  369  :[0.0, 1.8, 2.0]
disc:  370  :[0.0, 0.9, 1.0]
disc:  371  :[0.0, 0.2, 2.0]
disc:  372  :[0.0, 0.2, 2.0]
disc:  373  :[0.0, 0.8100409026446846, 1.2100409026446846, 2.0]
disc:  374  :[0.0, 0.5773030082450125, 1.7773030082450125, 6.0]
disc:  375  :[0.0, 0.2, 2.0]
disc:  376  :[0.0, 1.0609305498536559, 1.4609305498536558, 2.0]
disc:  377  :[0.0, 4.4, 5.6, 6.0]
disc:  378  :[0.0, 1.1390694501463448, 2.3390694501463445, 6.0]
disc:  379  :[0.0, 1.8, 2.0]
disc:  380  :[0.0, 0.1, 1.0]
disc:  381  :[0.0, 0.3, 3.0]
disc:  382  :[0.0, 0.7, 1.2999999999999998, 3.0]
disc:  383  :[0.0, 1.8, 2.0]
disc:  384  :[0.0, 2.5598244077560492, 3.7598244077560494, 6.0]
disc:  385  :[0.0, 0.2, 2.0]
disc:  502  :[0.0, 0.1, 1.0]
disc:  503  :[0.0, 0.1, 1.0]
disc:  504  :[0.0, 0.1, 1.0]
disc:  505  :[0.0, 0.6204665869168107, 0.8204665869168106, 1.0]
disc:  506  :[0.0, 0.5337185168571075, 0.7337185168571074, 1.0]
disc:  507  :[0.0, 0.9, 1.0]
disc:  508  :[0.0, 0.1, 1.0]
disc:  509  :[0.0, 0.1, 1.0]
disc:  510  :[0.0, 0.10289246681809895, 1.0]
disc:  511  :[0.0, 0.17953341308318935, 0.37953341308318933, 1.0]
disc:  512  :[0.0, 0.1, 1.0]
disc:  513  :[0.0, 0.9, 1.0]
disc:  514  :[0.0, 0.1, 1.0]
disc:  515  :[0.0, 0.1, 1.0]
disc:  516  :[0.0, 0.275, 0.475, 1.0]
disc:  517  :[0.0, 0.1, 1.0]
disc:  518  :[0.0, 0.1, 1.0]
disc:  519  :[0.0, 0.16120706081634287, 1.0]
disc:  520  :[0.0, 0.6573447387727519, 0.8573447387727519, 1.0]
disc:  521  :[0.0, 0.1, 1.0]
disc:  522  :[0.0, 0.1, 1.0]
disc:  523  :[0.0, 0.1, 1.0]
disc:  524  :[0.0, 0.9, 1.0]
disc:  525  :[0.0, 0.19150231697033113, 0.3915023169703311, 1.0]
disc:  526  :[0.0, 0.16568663113612583, 0.3656866311361259, 1.0]
disc:  527  :[0.0, 0.1, 1.0]
disc:  528  :[0.0, 0.14265526122724814, 0.34265526122724815, 1.0]
disc:  529  :[0.0, 0.1, 1.0]
disc:  530  :[0.0, 0.8387929391836572, 1.0]
disc:  531  :[0.0, 0.9, 1.0]
disc:  532  :[0.0, 0.45663588128855037, 0.6566358812885503, 1.0]
disc:  533  :[0.0, 0.1, 1.0]
disc:  534  :[0.0, 0.1, 1.0]
disc:  535  :[0.0, 0.1, 1.0]
disc:  536  :[0.0, 0.1, 1.0]
disc:  537  :[0.0, 0.1, 1.0]
disc:  538  :[0.0, 0.1, 1.0]
disc:  539  :[0.0, 0.1, 1.0]
disc:  540  :[0.0, 0.3433641187114498, 0.5433641187114499, 1.0]
disc:  541  :[0.0, 0.1, 1.0]
disc:  542  :[0.0, 0.1, 1.0]
disc:  543  :[0.0, 0.1, 1.0]
disc:  544  :[0.0, 0.9, 1.0]
disc:  545  :[0.0, 0.1, 1.0]
disc:  546  :[0.0, 0.1, 1.0]
disc:  547  :[0.0, 0.6084976830296689, 0.8084976830296688, 1.0]
disc:  548  :[0.0, 0.1, 1.0]
disc:  549  :[0.0, 0.9, 1.0]
disc:  550  :[0.0, 0.1, 1.0]
disc:  551  :[0.0, 0.1, 1.0]
disc:  552  :[0.0, 0.1, 1.0]
disc:  553  :[0.0, 0.1, 1.0]
disc:  554  :[0.0, 0.1, 1.0]
disc:  555  :[0.0, 0.1, 1.0]
disc:  556  :[0.0, 0.9, 1.0]
disc:  557  :[0.0, 0.1, 1.0]
disc:  558  :[0.0, 0.1, 1.0]
disc:  559  :[0.0, 0.1, 1.0]
disc:  560  :[0.0, 0.1, 1.0]
disc:  561  :[0.0, 0.1, 1.0]
disc:  562  :[0.0, 0.1, 1.0]
disc:  563  :[0.0, 0.1, 1.0]
disc:  564  :[0.0, 0.1, 1.0]
disc:  565  :[0.0, 0.1, 1.0]
disc:  566  :[0.0, 0.1, 1.0]
disc:  567  :[0.0, 0.1, 1.0]
disc:  568  :[0.0, 0.1, 1.0]
disc:  569  :[0.0, 0.25642090204577517, 0.4564209020457751, 1.0]
disc:  570  :[0.0, 0.2662814831428927, 0.46628148314289264, 1.0]
disc:  571  :[0.0, 0.1, 1.0]
disc:  572  :[0.0, 0.9, 1.0]
  Completed presolve in 7.67s
LOWER-BOUNDING ITERATIONS
====================================================================================================
| Iter   | Incumbent       | Best Incumbent      | Lower Bound        | Gap (%)         | Time      
| finish | -622.2733       | -622.2733           | -626.8982          | 0.743           | 29.28s           
Final UBD: -622.2732851752694
Final LBD: -626.8982006417531
====================================================================================================

*** Alpine ended with status OTHER_LIMIT ***

 Total time for local solves: 5.33s

 Total time for solving max-min problems: 0.0s

 Total time excluding max-min time: 29.28s

presolve objective value: -622.2732851752694
w_opt: 1-dimensional DenseAxisArray{Float64,1,...} with index sets:
    Dimension 1, [(25, 1, 2), (25, 1, 1), (25, 1, 14), (20, 1, 2), (20, 1, 1), (20, 1, 14), (1, 1, 2), (1, 1, 1), (1, 1, 14), (2, 1, 2)  …  (20, 15, 23), (20, 15, 3), (8, 15, 30), (8, 15, 29), (8, 15, 23), (8, 15, 3), (2, 15, 30), (2, 15, 29), (2, 15, 23), (2, 15, 3)]
And data, a 261-element Vector{Float64}:
 1.1132717625771007
 1.75887164392836
 0.0
 0.8867282374228996
 1.4009527638276897
 0.0
 0.0
 0.0
 0.0
 0.0
 0.0
 0.0
 0.0
 0.0
 0.0
 0.0
 2.0
 0.0
 0.0
 0.9999999999999999
 0.0
 0.0
 0.0
 0.0
 0.0
 0.0
 0.0
 0.0
 0.7990750379130757
 3.168592584285537
 1.1020805126582467
 0.0
 0.0
 0.0
 0.0
 0.0
 0.0
 0.0
 0.0
 0.0
 0.46185551194058017
 1.8314074157144633
 0.6369889374880979
 0.0
 0.0
 0.0
 0.0
 0.0
 0.0
 1.0100409026446846
 1.1773030082450124
 0.0
 0.0
 0.0
 0.0
 0.0
 0.0
 0.0
 0.0
 2.0
 1.0
 0.0
 0.0
 0.0
 0.0
 0.0
 0.0
 0.0
 0.0
 0.0
 0.0
 0.005784933636198042
 0.01735480090859354
 0.0
 0.75
 2.25
 0.0
 0.5313732622722517
 1.594119786816755
 0.0
 0.0
 0.0
 0.0
 0.0
 0.0
 0.0
 0.0
 0.0
 0.0
 0.0
 0.0
 0.0
 0.7128418040915503
 2.138525412274651
 0.0
 0.0
 0.0
 0.0
 0.0
 0.0
 0.0
 1.5854351023450548
 0.8721434065054607
 0.542421491149484
 0.0
 0.0
 0.0
 0.0
 0.0
 0.0
 0.0
 0.0
 0.0
 0.0
 0.0
 0.0
 0.0
 0.0
 4.544068432636511
 1.514689477545504
 0.0
 0.0
 0.0
 1.4559315673634887
 0.48531052245449635
 0.0
 0.0
 0.0
 0.0
 0.0
 0.0
 0.0
 0.0
 0.0
 0.0
 0.0
 0.0
 0.0
 0.0
 0.0
 0.0
 0.0
 0.0
 0.0
 0.0
 0.0
 0.0
 0.0
 0.0
 0.0
 0.0
 0.0
 0.0
 0.5830046339406623
 0.29150231697033113
 0.0
 0.0
 1.4169953660593377
 0.7084976830296689
 0.12241412163268571
 0.0
 0.0
 0.0
 0.0492213690770034
 0.0
 0.0
 0.0
 0.0
 0.0
 0.0
 0.0
 0.0
 0.0
 1.8775858783673143
 0.0
 0.0
 0.0
 0.7549565871999115
 0.0
 0.0
 0.0
 0.0
 0.0
 0.0
 0.0
 0.0
 0.0
 0.0
 0.0
 0.0
 0.0
 0.0
 0.0
 0.0
 1.1958220437230853
 0.9539720825577241
 0.8502058737191904
 0.0
 0.0
 0.0
 0.0
 0.0
 0.0
 0.0
 0.0
 0.0
 1.4409331738336213
 0.7204665869168106
 0.0
 0.5590668261663787
 0.27953341308318935
 0.0
 0.0
 0.0
 0.0
 0.0
 0.0
 0.0
 0.0
 0.0
 0.0
 0.0
 0.0
 0.0
 0.0
 0.6218845603088559
 0.6267558618084916
 0.0
 0.0
 0.0
 0.0
 0.0
 0.0
 0.0
 0.0
 0.0
 0.0
 0.0
 0.0
 0.0
 0.0
 0.0
 0.0
 0.0
 0.0
 0.0
 0.0
 0.0
 0.0
 0.0
 0.0
 0.0
 0.0
 0.0
 0.0
 0.0
 0.0
 1.0629494432223503
 3.410724676134465
 0.0
 0.8197276438825538
x_ij_opt: 1-dimensional DenseAxisArray{Float64,1,...} with index sets:
    Dimension 1, [(43, 30), (43, 22), (43, 6), (44, 22), (45, 30), (45, 29), (45, 28), (45, 24), (45, 23), (40, 29)  …  (5, 7), (5, 14), (6, 4), (6, 3), (1, 14), (1, 10), (1, 23), (1, 1), (3, 2), (3, 1)]
And data, a 116-element Vector{Float64}:
 0.0
 0.0
 0.5396314165608813
 0.0
 0.9370505567776497
 0.0
 1.3781154396911444
 0.0
 0.0
 0.0
 0.0
 0.0
 0.0
 0.0
 0.0
 0.0
 0.0
 0.0
 0.28768100125058954
 0.0
 1.8737187594998426
 0.0
 0.0
 0.0
 0.0
 0.0
 0.0
 2.0
 0.0
 0.0
 0.0
 0.0
 0.0
 0.0
 0.0
 0.0
 0.0
 0.0
 0.0
 0.0
 0.0
 0.0
 0.0
 0.19943803358546283
 0.0
 0.0
 0.0
 0.0
 0.0
 0.0
 0.0
 0.0
 0.0
 0.0
 0.0
 0.367457534432774
 0.0
 0.0
 0.12785659349453932
 2.0
 0.0
 0.0
 0.0
 0.0
 6.0
 0.0
 0.0
 0.0
 0.0
 0.7123189987494105
 0.0
 0.0
 0.0
 0.0
 0.0
 0.0
 0.3732441381915084
 0.9899590973553154
 0.0
 0.0
 0.0
 0.0
 0.0
 0.0
 0.0
 0.0
 0.0
 0.0
 0.0
 0.0
 0.0
 0.0
 2.455239457322213
 0.0
 0.0
 0.0
 0.0
 0.0
 0.0
 0.18027235611744621
 0.0
 0.0
 0.0
 0.0
 0.0
 0.39994462087729005
 0.0
 0.0
 0.0
 0.0
 0.014620276777655114
 0.0
 0.04602791744227592
 0.4240353415946241
 0.0
 0.0
x_il_opt: 1-dimensional DenseAxisArray{Float64,1,...} with index sets:
    Dimension 1, [(43, 15), (43, 14), (44, 15), (44, 13), (44, 3), (40, 14), (40, 2), (41, 14), (42, 6), (37, 13)  …  (4, 13), (5, 2), (5, 7), (5, 9), (6, 11), (1, 1), (1, 6), (1, 3), (2, 1), (2, 15)]
And data, a 71-element Vector{Float64}:
 0.0
 0.0
 0.0
 2.161399760750432
 5.06974813485686
 1.2486404221173475
 0.0
 0.0
 0.023139734544791582
 0.8386002392495681
 0.0
 3.0
 0.0
 0.0
 3.0
 0.0
 0.0
 0.17163549070968911
 6.058757910182015
 0.0
 0.0
 0.0
 3.0
 0.8745069509109934
 2.1254930490890067
 0.0
 1.9412420898179852
 0.0
 2.632542465567226
 0.0
 2.8721434065054607
 0.0
 0.0
 0.0
 0.0
 0.0
 0.0
 0.0
 2.2876810012505895
 0.0
 0.0
 0.0
 3.0
 0.0
 0.0
 2.1254930490890067
 0.0
 3.0
 0.0
 0.0
 0.0
 0.0
 0.0
 0.0
 2.1873439108896973
 0.0
 0.0
 0.0
 0.0
 0.0
 0.0
 0.0
 0.0
 0.0
 0.0
 0.0
 0.0
 2.851367216366201
 2.9302518651431413
 0.0
 5.293401763239369
x_lj_opt: 1-dimensional DenseAxisArray{Float64,1,...} with index sets:
    Dimension 1, [(15, 30), (15, 29), (15, 23), (15, 3), (14, 28), (14, 27), (14, 10), (14, 24), (13, 26), (13, 25)  …  (3, 6), (3, 5), (3, 29), (2, 4), (2, 3), (2, 1), (2, 5), (1, 2), (1, 1), (1, 14)]
And data, a 53-element Vector{Float64}:
 1.0629494432223503
 3.410724676134465
 0.0
 0.8197276438825538
 0.6218845603088559
 0.6267558618084916
 0.0
 0.0
 2.0
 1.0
 0.0
 1.1958220437230853
 0.9539720825577241
 0.8502058737191904
 2.0
 0.0
 0.0
 0.0
 0.8041779562769149
 0.0
 0.0
 2.0
 1.0
 0.0
 0.0
 0.0
 6.0
 2.0000000000000004
 0.0
 0.0
 1.5854351023450548
 0.8721434065054607
 0.542421491149484
 2.0
 6.0
 0.0
 2.0
 1.0
 0.0
 0.0
 1.0100409026446846
 1.1773030082450124
 0.0
 1.2609305498536558
 5.0
 1.7390694501463446
 2.0
 0.0
 0.0
 0.9999999999999999
 2.0
 3.1598244077560493
 0.0
q_opt: 1-dimensional DenseAxisArray{Float64,1,...} with index sets:
    Dimension 1, [(43, 15), (43, 14), (44, 15), (44, 13), (44, 3), (40, 14), (40, 2), (41, 14), (42, 6), (37, 13)  …  (4, 13), (5, 2), (5, 7), (5, 9), (6, 11), (1, 1), (1, 6), (1, 3), (2, 1), (2, 15)]
And data, a 71-element Vector{Float64}:
 0.0
 0.0
 0.0
 0.7204665869168106
 0.6337185168571075
 1.0
 0.0
 0.0
 0.0028924668180989477
 0.27953341308318935
 0.0
 1.0
 0.0
 0.0
 0.375
 0.0
 0.0
 0.061207060816342855
 0.7573447387727519
 0.0
 0.0
 0.0
 1.0
 0.29150231697033113
 0.26568663113612584
 0.0
 0.24265526122724815
 0.0
 0.9387929391836571
 1.0
 0.5566358812885503
 0.0
 0.0
 0.0
 0.0
 0.0
 0.0
 0.0
 0.4433641187114498
 0.0
 0.0
 0.0
 1.0
 0.0
 0.0
 0.7084976830296689
 0.0
 1.0
 0.0
 0.0
 0.0
 0.0
 0.0
 0.0
 1.0
 0.0
 0.0
 0.0
 0.0
 0.0
 0.0
 0.0
 0.0
 0.0
 0.0
 0.0
 0.0
 0.35642090204577515
 0.36628148314289266
 0.0
 1.0
