
PROBLEM STATISTICS
  Objective sense = Min
  # Variables = 572
  # Bin-Int Variables = 0
  # Constraints = 621
  # NL Constraints = 261
  # Linear Constraints = 360
  # Detected convex constraints = 0
  # Detected nonlinear terms = 261
  # Variables involved in nonlinear terms = 124
  # Potential variables for partitioning = 124
SUB-SOLVERS USED BY ALPINE
  NLP local solver = Knitro
  MIP solver = Gurobi
ALPINE CONFIGURATION
  Maximum iterations (lower-bounding MIPs) =  1
  Relative global optimality gap = 0.01%
  Potential variables chosen for partitioning = All
  Discretization ratio = 10
  Bound-tightening presolve = false
PRESOLVE 
  Doing local search

Feasible solution found during presolve: [1.3532827838813588, 1.4532197600103327, 0.0, 0.6467172161186411, 0.6944758691948864, 0.0, 0.0, 0.0, 0.0, 0.0, 0.0, 0.0, 0.0, 0.0, 0.0, 0.0, 2.0, 0.0, 0.0, 1.0, 0.0, 0.0, 0.0, 0.0, 0.0, 0.0, 0.0, 0.0, 0.0, 3.1684515204740396, 1.9010709122844238, 0.0, 0.0, 0.0, 0.0, 0.0, 0.0, 0.0, 0.0, 0.0, 0.0, 1.8315484795259607, 1.0989290877155764, 0.0, 0.0, 0.0, 0.0, 0.0, 0.0, 0.0, 0.0, 0.0, 0.0, 0.0, 0.0, 0.0, 0.0, 0.0, 0.0, 2.0, 1.0, 0.0, 0.0, 0.0, 0.0, 0.0, 0.0, 0.0, 0.0, 0.0, 0.0, 0.729024519054458, 2.187073557163374, 0.0, 0.10947186693409033, 0.328415600802271, 0.0, 0.483736573400062, 1.4512097202001866, 0.0, 0.0, 0.0, 0.0, 0.0, 0.0, 0.0, 0.0, 0.0, 0.0, 0.0, 0.0, 0.0, 0.6777670406113899, 2.033301121834169, 0.0, 0.0, 0.0, 0.0, 0.0, 0.0, 0.0, 0.308599522535618, 0.4471504514760494, 0.9075446610617929, 0.2480057523716539, 0.3593520924156418, 0.7293475201392434, 0.0, 0.0, 0.0, 0.0, 0.0, 0.0, 0.0, 0.0, 0.0, 0.0, 0.0, 5.272661012709637, 2.0782738217636, 0.0, 0.0, 0.0, 0.46555991449298867, 0.18350525103377469, 0.0, 0.0, 0.0, 0.0, 0.0, 0.0, 0.0, 0.0, 0.0, 0.0, 0.0, 0.0, 0.0, 0.0, 0.0, 0.0, 0.0, 0.0, 0.0, 0.0, 0.0, 0.0, 0.0, 0.0, 0.0, 0.0, 0.0, 0.0, 0.7100358042665009, 0.3550179021332504, 0.0, 0.0, 1.289964195733499, 0.6449820978667495, 0.0, 0.0, 0.0, 0.0, 0.0, 0.0, 0.0, 0.0, 0.0, 0.0, 0.0, 0.0, 0.0, 0.0, 2.0, 0.0, 0.0, 0.0, 0.39406038504906327, 0.0, 0.0, 0.0, 0.0, 0.0, 0.0, 0.0, 0.0, 0.0, 0.0, 0.0, 0.0, 0.0, 0.0, 0.0, 0.0, 1.6059396149509368, 1.0, 0.3940603850490634, 0.0, 0.0, 0.0, 0.0, 0.0, 0.0, 0.0, 0.0, 0.0, 1.5299429290482731, 0.7649714645241367, 0.0, 0.470057070951727, 0.23502853547586355, 0.0, 0.0, 0.0, 0.0, 0.0, 0.0, 0.0, 0.0, 0.0, 0.0, 0.0, 0.0, 0.0, 0.0, 0.22142855985247686, 0.5870360896081113, 0.0, 0.0, 0.0, 0.0, 0.0, 0.0, 0.0, 0.0, 0.0, 0.0, 0.0, 0.0, 0.0, 0.0, 0.0, 0.0, 0.0, 0.0, 0.0, 0.0, 0.0, 0.0, 0.5848584610994443, 0.012816320067485393, 0.0, 0.29242923054972214, 0.0, 0.0, 0.0, 0.0, 1.4151415389005557, 0.031010762619811897, 0.0, 0.7075707694502779, 0.0, 0.0, 0.0, 2.2949143935724097, 5.069522432758463, 0.8084646494605882, 0.0, 0.0, 2.916098076217832, 0.7050856064275905, 0.0, 3.0, 0.0, 0.0, 0.43788746773636134, 0.0, 0.0, 0.0, 7.350934834473237, 0.0, 0.0, 0.0, 3.0, 1.0650537063997514, 1.9349462936002486, 0.0, 0.6490651655267633, 0.0, 2.3940603850490634, 0.0, 2.8065025438916913, 0.0, 0.0, 0.0, 0.0, 0.0, 0.0, 0.0, 1.3411930853135274, 0.8901040117166519, 0.0, 0.0, 3.0, 0.0, 0.0, 1.9349462936002486, 0.0, 1.6632946350734605, 0.0, 0.0, 0.0, 0.0, 0.0, 0.0, 0.0, 0.0, 0.0, 0.0, 0.0, 0.0, 0.0, 0.0, 0.0, 1.336705364926539, 0.0, 0.0, 0.0, 2.711068162445559, 2.930477567241537, 0.0, 2.1537230709706456, 2.0, 0.04382708268729729, 0.0, 1.0, 0.22142855985247686, 0.5870360896081113, 0.0, 0.0, 2.0, 1.0, 0.0, 1.6059396149509368, 1.0, 0.3940603850490634, 2.0, 0.0, 0.0, 0.0, 0.39406038504906327, 0.0, 0.0, 2.0, 1.0, 0.0, 0.0, 0.0, 5.738220927202625, 2.261779072797375, 0.0, 0.0, 0.556605274907272, 0.8065025438916913, 1.6368921812010364, 2.0, 6.0, 0.0, 2.0, 1.0, 0.0, 0.0, 0.0, 0.0, 0.0, 0.0, 5.0, 3.0000000000000004, 2.0, 0.0, 0.0, 1.0, 2.0, 2.1476956292052187, 0.0, 0.0, 0.0, 1.3509348344732364, 0.0, 0.0, 0.0, 1.7785714401475232, 0.0, 0.0, 0.0, 0.0, 0.0, 0.0, 0.0, 0.0, 0.0, 0.0, 0.0, 0.2312970970301793, 0.0, 0.0, 0.0, 0.0, 0.0, 0.0, 0.0, 0.0, 2.0, 0.0, 2.562112532263639, 0.0, 0.0, 0.0, 0.0, 0.0, 0.0, 0.0, 0.0, 0.0, 0.0, 0.0, 0.0, 0.0, 0.6490651655267636, 0.0, 0.0, 0.0, 0.0, 0.0, 0.0, 0.0, 0.0, 0.0, 0.0, 0.0, 0.6059396149509366, 0.0, 0.0, 0.1934974561083087, 2.0, 0.0, 0.0, 0.0, 0.0, 6.0, 0.0, 0.2617790727973753, 0.0, 0.0, 0.7687029029698207, 0.0, 0.0, 0.0, 0.0, 0.0, 0.0, 0.4129639103918888, 0.4680168571413653, 0.0, 0.0, 0.0, 0.0, 0.0, 0.0, 0.0, 0.0, 0.0, 0.0, 0.0, 0.0, 0.0, 1.5319831428586348, 0.5808375923280871, 0.0, 0.0, 0.0, 0.0, 0.0, 0.0, 0.0, 0.0, 0.0, 0.0, 0.0, 0.0, 1.3003526443735702, 0.0, 0.0, 0.0, 0.0, 0.1430420807191579, 0.0, 0.0, 2.215412189593745, 0.0, 0.0, 0.0, 0.0, 0.0, 0.7649714645241366, 0.6336903040948079, 1.0, 0.0, 0.0, 0.364512259527229, 0.2350285354758635, 0.0, 1.0, 0.0, 0.0, 0.05473593346704517, 0.0, 0.0, 0.0, 0.9188668543091546, 0.0, 0.0, 0.0, 1.0, 0.35501790213325046, 0.24186828670003108, 0.0, 0.08113314569084543, 0.0, 1.0, 0.0, 0.6766413919406794, 0.0, 0.0, 0.0, 0.0, 0.0, 0.0, 0.0, 0.32335860805932054, 0.29242923054972225, 0.0, 0.0, 1.0, 0.0, 0.0, 0.6449820978667495, 0.0, 0.5544315450244869, 0.0, 0.0, 0.0, 0.0, 0.0, 0.0, 0.0, 1.0, 0.0, 0.0, 0.0, 0.0, 0.0, 0.0, 0.0, 0.44556845497551306, 1.0, 0.0, 0.0, 0.33888352030569485, 0.36630969590519213, 0.0, 0.7075707694502779]  :with objective: -608.7795589541798

  Local solver returns a feasible point with value -608.7796
disc:  333  :[0.0, 1.8, 2.0]
disc:  334  :[0.0, 0.6438270826872973, 6.0]
disc:  335  :[0.0, 0.1, 1.0]
disc:  336  :[0.0, 0.9, 1.0]
disc:  337  :[0.0, 0.021428559852476853, 0.42142855985247685, 2.0]
disc:  338  :[0.0, 0.4870360896081113, 0.6870360896081112, 1.0]
disc:  339  :[0.0, 0.2, 2.0]
disc:  340  :[0.0, 0.2, 2.0]
disc:  341  :[0.0, 1.8, 2.0]
disc:  342  :[0.0, 0.9, 1.0]
disc:  343  :[0.0, 0.2, 2.0]
disc:  344  :[0.0, 1.4059396149509369, 1.8059396149509368, 2.0]
disc:  345  :[0.0, 0.9, 1.0]
disc:  346  :[0.0, 0.09406038504906339, 0.6940603850490634, 3.0]
disc:  347  :[0.0, 1.8, 2.0]
disc:  348  :[0.0, 0.6, 6.0]
disc:  349  :[0.0, 0.2, 2.0]
disc:  350  :[0.0, 0.1, 1.0]
disc:  351  :[0.0, 0.19406038504906326, 0.5940603850490633, 2.0]
disc:  352  :[0.0, 0.6, 6.0]
disc:  353  :[0.0, 0.1, 1.0]
disc:  354  :[0.0, 1.8, 2.0]
disc:  355  :[0.0, 0.9, 1.0]
disc:  356  :[0.0, 0.2, 2.0]
disc:  357  :[0.0, 0.1, 1.0]
disc:  358  :[0.0, 0.2, 2.0]
disc:  359  :[0.0, 5.138220927202625, 6.0]
disc:  360  :[0.0, 1.661779072797375, 2.861779072797375, 6.0]
disc:  361  :[0.0, 0.2, 2.0]
disc:  362  :[0.0, 0.1, 1.0]
disc:  363  :[0.0, 0.35660527490727195, 0.756605274907272, 2.0]
disc:  364  :[0.0, 0.7065025438916913, 0.9065025438916913, 1.0]
disc:  365  :[0.0, 1.3368921812010364, 1.9368921812010365, 3.0]
disc:  366  :[0.0, 1.8, 2.0]
disc:  367  :[0.0, 5.4, 6.0]
disc:  368  :[0.0, 0.2, 2.0]
disc:  369  :[0.0, 1.8, 2.0]
disc:  370  :[0.0, 0.9, 1.0]
disc:  371  :[0.0, 0.2, 2.0]
disc:  372  :[0.0, 0.2, 2.0]
disc:  373  :[0.0, 0.2, 2.0]
disc:  374  :[0.0, 0.6, 6.0]
disc:  375  :[0.0, 0.2, 2.0]
disc:  376  :[0.0, 0.2, 2.0]
disc:  377  :[0.0, 4.4, 5.6, 6.0]
disc:  378  :[0.0, 2.4000000000000004, 3.6000000000000005, 6.0]
disc:  379  :[0.0, 1.8, 2.0]
disc:  380  :[0.0, 0.1, 1.0]
disc:  381  :[0.0, 0.3, 3.0]
disc:  382  :[0.0, 0.7, 1.3, 3.0]
disc:  383  :[0.0, 1.8, 2.0]
disc:  384  :[0.0, 1.5476956292052186, 2.747695629205219, 6.0]
disc:  385  :[0.0, 0.2, 2.0]
disc:  502  :[0.0, 0.1, 1.0]
disc:  503  :[0.0, 0.1, 1.0]
disc:  504  :[0.0, 0.1, 1.0]
disc:  505  :[0.0, 0.6649714645241366, 0.8649714645241365, 1.0]
disc:  506  :[0.0, 0.5336903040948079, 0.7336903040948078, 1.0]
disc:  507  :[0.0, 0.9, 1.0]
disc:  508  :[0.0, 0.1, 1.0]
disc:  509  :[0.0, 0.1, 1.0]
disc:  510  :[0.0, 0.264512259527229, 0.46451225952722897, 1.0]
disc:  511  :[0.0, 0.1350285354758635, 0.33502853547586353, 1.0]
disc:  512  :[0.0, 0.1, 1.0]
disc:  513  :[0.0, 0.9, 1.0]
disc:  514  :[0.0, 0.1, 1.0]
disc:  515  :[0.0, 0.1, 1.0]
disc:  516  :[0.0, 0.15473593346704517, 1.0]
disc:  517  :[0.0, 0.1, 1.0]
disc:  518  :[0.0, 0.1, 1.0]
disc:  519  :[0.0, 0.1, 1.0]
disc:  520  :[0.0, 0.8188668543091546, 1.0]
disc:  521  :[0.0, 0.1, 1.0]
disc:  522  :[0.0, 0.1, 1.0]
disc:  523  :[0.0, 0.1, 1.0]
disc:  524  :[0.0, 0.9, 1.0]
disc:  525  :[0.0, 0.2550179021332505, 0.45501790213325044, 1.0]
disc:  526  :[0.0, 0.14186828670003107, 0.3418682867000311, 1.0]
disc:  527  :[0.0, 0.1, 1.0]
disc:  528  :[0.0, 0.18113314569084543, 1.0]
disc:  529  :[0.0, 0.1, 1.0]
disc:  530  :[0.0, 0.9, 1.0]
disc:  531  :[0.0, 0.1, 1.0]
disc:  532  :[0.0, 0.5766413919406794, 0.7766413919406794, 1.0]
disc:  533  :[0.0, 0.1, 1.0]
disc:  534  :[0.0, 0.1, 1.0]
disc:  535  :[0.0, 0.1, 1.0]
disc:  536  :[0.0, 0.1, 1.0]
disc:  537  :[0.0, 0.1, 1.0]
disc:  538  :[0.0, 0.1, 1.0]
disc:  539  :[0.0, 0.1, 1.0]
disc:  540  :[0.0, 0.22335860805932053, 0.4233586080593206, 1.0]
disc:  541  :[0.0, 0.19242923054972225, 0.39242923054972223, 1.0]
disc:  542  :[0.0, 0.1, 1.0]
disc:  543  :[0.0, 0.1, 1.0]
disc:  544  :[0.0, 0.9, 1.0]
disc:  545  :[0.0, 0.1, 1.0]
disc:  546  :[0.0, 0.1, 1.0]
disc:  547  :[0.0, 0.5449820978667496, 0.7449820978667495, 1.0]
disc:  548  :[0.0, 0.1, 1.0]
disc:  549  :[0.0, 0.4544315450244869, 0.6544315450244869, 1.0]
disc:  550  :[0.0, 0.1, 1.0]
disc:  551  :[0.0, 0.1, 1.0]
disc:  552  :[0.0, 0.1, 1.0]
disc:  553  :[0.0, 0.1, 1.0]
disc:  554  :[0.0, 0.1, 1.0]
disc:  555  :[0.0, 0.1, 1.0]
disc:  556  :[0.0, 0.1, 1.0]
disc:  557  :[0.0, 0.9, 1.0]
disc:  558  :[0.0, 0.1, 1.0]
disc:  559  :[0.0, 0.1, 1.0]
disc:  560  :[0.0, 0.1, 1.0]
disc:  561  :[0.0, 0.1, 1.0]
disc:  562  :[0.0, 0.1, 1.0]
disc:  563  :[0.0, 0.1, 1.0]
disc:  564  :[0.0, 0.1, 1.0]
disc:  565  :[0.0, 0.34556845497551303, 0.5455684549755131, 1.0]
disc:  566  :[0.0, 0.9, 1.0]
disc:  567  :[0.0, 0.1, 1.0]
disc:  568  :[0.0, 0.1, 1.0]
disc:  569  :[0.0, 0.23888352030569485, 0.4388835203056949, 1.0]
disc:  570  :[0.0, 0.26630969590519216, 0.4663096959051921, 1.0]
disc:  571  :[0.0, 0.1, 1.0]
disc:  572  :[0.0, 0.6075707694502779, 0.8075707694502778, 1.0]
  Completed presolve in 11.22s
LOWER-BOUNDING ITERATIONS
====================================================================================================
| Iter   | Incumbent       | Best Incumbent      | Lower Bound        | Gap (%)         | Time      
| finish | -608.7796       | -608.7796           | -633.7439          | 4.101           | 28.16s           
Final UBD: -608.7795589541798
Final LBD: -633.7439046690317
====================================================================================================

*** Alpine ended with status OTHER_LIMIT ***

 Total time for local solves: 8.9s

 Total time for solving max-min problems: 0.0s

 Total time excluding max-min time: 28.16s

presolve objective value: -608.7795589541798
w_opt: 1-dimensional DenseAxisArray{Float64,1,...} with index sets:
    Dimension 1, [(25, 1, 2), (25, 1, 1), (25, 1, 14), (20, 1, 2), (20, 1, 1), (20, 1, 14), (1, 1, 2), (1, 1, 1), (1, 1, 14), (2, 1, 2)  …  (20, 15, 23), (20, 15, 3), (8, 15, 30), (8, 15, 29), (8, 15, 23), (8, 15, 3), (2, 15, 30), (2, 15, 29), (2, 15, 23), (2, 15, 3)]
And data, a 261-element Vector{Float64}:
 1.3532827838813588
 1.4532197600103327
 0.0
 0.6467172161186411
 0.6944758691948864
 0.0
 0.0
 0.0
 0.0
 0.0
 0.0
 0.0
 0.0
 0.0
 0.0
 0.0
 2.0
 0.0
 0.0
 1.0
 0.0
 0.0
 0.0
 0.0
 0.0
 0.0
 0.0
 0.0
 0.0
 3.1684515204740396
 1.9010709122844238
 0.0
 0.0
 0.0
 0.0
 0.0
 0.0
 0.0
 0.0
 0.0
 0.0
 1.8315484795259607
 1.0989290877155764
 0.0
 0.0
 0.0
 0.0
 0.0
 0.0
 0.0
 0.0
 0.0
 0.0
 0.0
 0.0
 0.0
 0.0
 0.0
 0.0
 2.0
 1.0
 0.0
 0.0
 0.0
 0.0
 0.0
 0.0
 0.0
 0.0
 0.0
 0.0
 0.729024519054458
 2.187073557163374
 0.0
 0.10947186693409033
 0.328415600802271
 0.0
 0.483736573400062
 1.4512097202001866
 0.0
 0.0
 0.0
 0.0
 0.0
 0.0
 0.0
 0.0
 0.0
 0.0
 0.0
 0.0
 0.0
 0.6777670406113899
 2.033301121834169
 0.0
 0.0
 0.0
 0.0
 0.0
 0.0
 0.0
 0.308599522535618
 0.4471504514760494
 0.9075446610617929
 0.2480057523716539
 0.3593520924156418
 0.7293475201392434
 0.0
 0.0
 0.0
 0.0
 0.0
 0.0
 0.0
 0.0
 0.0
 0.0
 0.0
 5.272661012709637
 2.0782738217636
 0.0
 0.0
 0.0
 0.46555991449298867
 0.18350525103377469
 0.0
 0.0
 0.0
 0.0
 0.0
 0.0
 0.0
 0.0
 0.0
 0.0
 0.0
 0.0
 0.0
 0.0
 0.0
 0.0
 0.0
 0.0
 0.0
 0.0
 0.0
 0.0
 0.0
 0.0
 0.0
 0.0
 0.0
 0.0
 0.7100358042665009
 0.3550179021332504
 0.0
 0.0
 1.289964195733499
 0.6449820978667495
 0.0
 0.0
 0.0
 0.0
 0.0
 0.0
 0.0
 0.0
 0.0
 0.0
 0.0
 0.0
 0.0
 0.0
 2.0
 0.0
 0.0
 0.0
 0.39406038504906327
 0.0
 0.0
 0.0
 0.0
 0.0
 0.0
 0.0
 0.0
 0.0
 0.0
 0.0
 0.0
 0.0
 0.0
 0.0
 0.0
 1.6059396149509368
 1.0
 0.3940603850490634
 0.0
 0.0
 0.0
 0.0
 0.0
 0.0
 0.0
 0.0
 0.0
 1.5299429290482731
 0.7649714645241367
 0.0
 0.470057070951727
 0.23502853547586355
 0.0
 0.0
 0.0
 0.0
 0.0
 0.0
 0.0
 0.0
 0.0
 0.0
 0.0
 0.0
 0.0
 0.0
 0.22142855985247686
 0.5870360896081113
 0.0
 0.0
 0.0
 0.0
 0.0
 0.0
 0.0
 0.0
 0.0
 0.0
 0.0
 0.0
 0.0
 0.0
 0.0
 0.0
 0.0
 0.0
 0.0
 0.0
 0.0
 0.0
 0.5848584610994443
 0.012816320067485393
 0.0
 0.29242923054972214
 0.0
 0.0
 0.0
 0.0
 1.4151415389005557
 0.031010762619811897
 0.0
 0.7075707694502779
x_ij_opt: 1-dimensional DenseAxisArray{Float64,1,...} with index sets:
    Dimension 1, [(43, 30), (43, 22), (43, 6), (44, 22), (45, 30), (45, 29), (45, 28), (45, 24), (45, 23), (40, 29)  …  (5, 7), (5, 14), (6, 4), (6, 3), (1, 14), (1, 10), (1, 23), (1, 1), (3, 2), (3, 1)]
And data, a 116-element Vector{Float64}:
 0.0
 0.0
 1.3509348344732364
 0.0
 0.0
 0.0
 1.7785714401475232
 0.0
 0.0
 0.0
 0.0
 0.0
 0.0
 0.0
 0.0
 0.0
 0.0
 0.0
 0.2312970970301793
 0.0
 0.0
 0.0
 0.0
 0.0
 0.0
 0.0
 0.0
 2.0
 0.0
 2.562112532263639
 0.0
 0.0
 0.0
 0.0
 0.0
 0.0
 0.0
 0.0
 0.0
 0.0
 0.0
 0.0
 0.0
 0.6490651655267636
 0.0
 0.0
 0.0
 0.0
 0.0
 0.0
 0.0
 0.0
 0.0
 0.0
 0.0
 0.6059396149509366
 0.0
 0.0
 0.1934974561083087
 2.0
 0.0
 0.0
 0.0
 0.0
 6.0
 0.0
 0.2617790727973753
 0.0
 0.0
 0.7687029029698207
 0.0
 0.0
 0.0
 0.0
 0.0
 0.0
 0.4129639103918888
 0.4680168571413653
 0.0
 0.0
 0.0
 0.0
 0.0
 0.0
 0.0
 0.0
 0.0
 0.0
 0.0
 0.0
 0.0
 1.5319831428586348
 0.5808375923280871
 0.0
 0.0
 0.0
 0.0
 0.0
 0.0
 0.0
 0.0
 0.0
 0.0
 0.0
 0.0
 1.3003526443735702
 0.0
 0.0
 0.0
 0.0
 0.1430420807191579
 0.0
 0.0
 2.215412189593745
 0.0
 0.0
x_il_opt: 1-dimensional DenseAxisArray{Float64,1,...} with index sets:
    Dimension 1, [(43, 15), (43, 14), (44, 15), (44, 13), (44, 3), (40, 14), (40, 2), (41, 14), (42, 6), (37, 13)  …  (4, 13), (5, 2), (5, 7), (5, 9), (6, 11), (1, 1), (1, 6), (1, 3), (2, 1), (2, 15)]
And data, a 71-element Vector{Float64}:
 0.0
 0.0
 0.0
 2.2949143935724097
 5.069522432758463
 0.8084646494605882
 0.0
 0.0
 2.916098076217832
 0.7050856064275905
 0.0
 3.0
 0.0
 0.0
 0.43788746773636134
 0.0
 0.0
 0.0
 7.350934834473237
 0.0
 0.0
 0.0
 3.0
 1.0650537063997514
 1.9349462936002486
 0.0
 0.6490651655267633
 0.0
 2.3940603850490634
 0.0
 2.8065025438916913
 0.0
 0.0
 0.0
 0.0
 0.0
 0.0
 0.0
 1.3411930853135274
 0.8901040117166519
 0.0
 0.0
 3.0
 0.0
 0.0
 1.9349462936002486
 0.0
 1.6632946350734605
 0.0
 0.0
 0.0
 0.0
 0.0
 0.0
 0.0
 0.0
 0.0
 0.0
 0.0
 0.0
 0.0
 0.0
 0.0
 1.336705364926539
 0.0
 0.0
 0.0
 2.711068162445559
 2.930477567241537
 0.0
 2.1537230709706456
x_lj_opt: 1-dimensional DenseAxisArray{Float64,1,...} with index sets:
    Dimension 1, [(15, 30), (15, 29), (15, 23), (15, 3), (14, 28), (14, 27), (14, 10), (14, 24), (13, 26), (13, 25)  …  (3, 6), (3, 5), (3, 29), (2, 4), (2, 3), (2, 1), (2, 5), (1, 2), (1, 1), (1, 14)]
And data, a 53-element Vector{Float64}:
 2.0
 0.04382708268729729
 0.0
 1.0
 0.22142855985247686
 0.5870360896081113
 0.0
 0.0
 2.0
 1.0
 0.0
 1.6059396149509368
 1.0
 0.3940603850490634
 2.0
 0.0
 0.0
 0.0
 0.39406038504906327
 0.0
 0.0
 2.0
 1.0
 0.0
 0.0
 0.0
 5.738220927202625
 2.261779072797375
 0.0
 0.0
 0.556605274907272
 0.8065025438916913
 1.6368921812010364
 2.0
 6.0
 0.0
 2.0
 1.0
 0.0
 0.0
 0.0
 0.0
 0.0
 0.0
 5.0
 3.0000000000000004
 2.0
 0.0
 0.0
 1.0
 2.0
 2.1476956292052187
 0.0
q_opt: 1-dimensional DenseAxisArray{Float64,1,...} with index sets:
    Dimension 1, [(43, 15), (43, 14), (44, 15), (44, 13), (44, 3), (40, 14), (40, 2), (41, 14), (42, 6), (37, 13)  …  (4, 13), (5, 2), (5, 7), (5, 9), (6, 11), (1, 1), (1, 6), (1, 3), (2, 1), (2, 15)]
And data, a 71-element Vector{Float64}:
 0.0
 0.0
 0.0
 0.7649714645241366
 0.6336903040948079
 1.0
 0.0
 0.0
 0.364512259527229
 0.2350285354758635
 0.0
 1.0
 0.0
 0.0
 0.05473593346704517
 0.0
 0.0
 0.0
 0.9188668543091546
 0.0
 0.0
 0.0
 1.0
 0.35501790213325046
 0.24186828670003108
 0.0
 0.08113314569084543
 0.0
 1.0
 0.0
 0.6766413919406794
 0.0
 0.0
 0.0
 0.0
 0.0
 0.0
 0.0
 0.32335860805932054
 0.29242923054972225
 0.0
 0.0
 1.0
 0.0
 0.0
 0.6449820978667495
 0.0
 0.5544315450244869
 0.0
 0.0
 0.0
 0.0
 0.0
 0.0
 0.0
 1.0
 0.0
 0.0
 0.0
 0.0
 0.0
 0.0
 0.0
 0.44556845497551306
 1.0
 0.0
 0.0
 0.33888352030569485
 0.36630969590519213
 0.0
 0.7075707694502779
