
PROBLEM STATISTICS
  Objective sense = Min
  # Variables = 572
  # Bin-Int Variables = 0
  # Constraints = 621
  # NL Constraints = 261
  # Linear Constraints = 360
  # Detected convex constraints = 0
  # Detected nonlinear terms = 261
  # Variables involved in nonlinear terms = 124
  # Potential variables for partitioning = 124
SUB-SOLVERS USED BY ALPINE
  NLP local solver = Knitro
  MIP solver = Gurobi
ALPINE CONFIGURATION
  Maximum iterations (lower-bounding MIPs) =  1
  Relative global optimality gap = 0.01%
  Potential variables chosen for partitioning = All
  Discretization ratio = 10
  Bound-tightening presolve = false
PRESOLVE 
  Doing local search

Feasible solution found during presolve: [0.9275602417150961, 1.3078249120216683, 0.0, 0.9247149874822521, 1.3038132110028033, 0.0, 0.0, 0.0, 0.0, 0.0, 0.0, 0.0, 0.0, 0.0, 0.0, 0.0, 2.0, 0.0, 0.0, 1.0, 0.0, 0.0, 0.0, 0.0, 0.0, 0.0, 0.0, 0.0, 0.0, 1.319169124967977, 0.4557203483670102, 0.0, 0.0, 0.0, 0.0, 3.6808308750320236, 1.2715803431878838, 0.0, 0.0, 0.0, 0.0, 0.0, 0.0, 0.0, 0.0, 0.0, 0.0, 0.0, 0.0, 0.0, 0.0, 0.0, 0.0, 0.0, 0.0, 0.0, 0.0, 0.0, 0.0, 2.0, 1.0, 0.0, 0.0, 0.0, 0.0, 0.0, 0.0, 0.0, 0.0, 0.0, 0.0, 0.06223435645527337, 0.18670306936582012, 0.0, 0.75, 2.25, 0.0, 0.5760809603803038, 1.7282428811409112, 0.0, 0.0, 0.0, 0.0, 0.0, 0.0, 0.0, 0.0, 0.0, 0.0, 0.0, 0.0, 0.0, 0.6116846831644228, 1.8350540494932686, 0.0, 0.0, 0.0, 0.0, 0.0, 0.0, 0.0, 1.0891541440532901, 0.8841757584739781, 0.8675253439991529, 0.0610144314681383, 0.04953153923689278, 0.048598782768547975, 0.0, 0.0, 0.0, 0.0, 0.0, 0.0, 0.0, 0.0, 0.0, 0.0, 0.0, 3.887935251476789, 1.9787889925211855, 0.0, 0.0, 0.0, 1.4137426045491055, 0.7195331514529207, 0.0, 0.0, 0.0, 0.0, 0.0, 0.0, 0.0, 0.0, 0.0, 0.0, 0.0, 0.0, 0.0, 0.0, 0.0, 0.0, 0.0, 0.0, 0.0, 0.0, 0.0, 0.0, 0.0, 0.0, 0.0, 0.0, 0.0, 0.0, 0.46378410565252315, 0.23189205282626163, 0.0, 0.0, 1.5362158943474769, 0.7681079471737386, 0.0, 0.0, 0.0, 0.0, 0.0, 0.0, 0.0, 0.0, 0.0, 0.0, 0.0, 0.0, 0.0, 0.0, 1.4533407771514928, 0.0, 0.0, 0.0, 0.46160010549028513, 0.0, 0.0, 0.0, 0.0, 0.0, 0.0, 0.0, 0.0, 0.0, 0.0, 0.0, 0.0, 0.0, 0.0, 0.0, 0.0, 1.5383998945097148, 0.949931327015333, 0.5116687784749523, 0.0, 0.0, 0.0, 0.0, 0.0, 0.0, 0.0, 0.0, 0.0, 1.4759227363379073, 0.6289461941949837, 0.10901517397397006, 0.5240772636620927, 0.2233290350023646, 0.038709596828681796, 0.0, 0.0, 0.0, 0.0, 0.0, 0.0, 0.0, 0.0, 0.0, 0.0, 0.0, 0.0, 0.0, 0.4785300554751348, 0.6000905158895763, 0.0, 0.0, 0.0, 0.0, 0.0, 0.0, 0.0, 0.0, 0.0, 0.0, 0.0, 0.0, 0.0, 0.0, 0.0, 0.0, 0.0, 0.0, 0.0, 0.0, 0.0, 0.0, 0.0, 0.0, 0.0, 0.0, 0.0, 0.0, 0.0, 0.0, 0.9747532834745717, 3.761030529970154, 0.0, 0.8326400740549594, 0.0, 0.0, 0.0, 2.213884104506861, 1.7748894733349871, 1.078620571364711, 0.0, 0.0, 0.2489374258210935, 0.7861158954931391, 0.0, 3.0, 0.0, 0.0, 3.0, 0.0, 0.0, 0.0, 5.866724243997974, 0.0, 0.0, 0.0, 3.0, 0.6956761584787847, 2.304323841521215, 0.0, 2.133275756002026, 0.0, 1.9149408826417782, 0.0, 2.2353851537367646, 0.0, 0.0, 0.0, 0.0, 0.0, 0.0, 0.0, 2.2285281984850553, 0.0, 0.0, 0.0, 3.0, 0.0, 0.0, 2.3043238415212155, 0.0, 2.840855246526421, 0.0, 0.0, 0.0, 0.0, 0.0, 0.0, 0.0, 0.0, 0.0, 4.952411218219908, 0.0, 0.0, 0.0, 0.0, 0.0, 0.15914475347357904, 0.0, 0.0, 0.0, 2.4467387326576913, 0.0, 0.0, 5.568423887499685, 0.9747532834745717, 3.761030529970154, 0.0, 0.8326400740549594, 0.4785300554751348, 0.6000905158895763, 0.0, 0.0, 2.0, 0.8522752291973482, 0.14772477080265184, 1.5383998945097148, 0.949931327015333, 0.5116687784749523, 1.4533407771514928, 0.0, 0.0, 0.0, 0.46160010549028513, 0.0, 0.0, 2.0, 1.0, 0.0, 0.0, 0.0, 5.3016778560258935, 2.698322143974106, 0.0, 0.0, 1.1501685755214284, 0.933707297710871, 0.9161241267677008, 2.0, 6.0, 0.0, 2.0, 1.0, 0.0, 0.0, 0.0, 0.0, 0.0, 0.0, 5.0, 1.7273006915548939, 2.0, 0.0, 0.0, 1.0, 1.852275229197348, 2.6116381230244716, 0.0, 0.0, 0.5466592228485071, 1.4347279074158883, 0.0, 1.0252467165254282, 0.0, 1.5214699445248652, 0.0, 0.0, 0.0, 0.0, 0.0, 0.0, 0.0, 0.0, 0.0, 0.0, 0.0, 0.2285281984850555, 0.0, 0.0, 0.0, 0.0, 0.0, 0.0, 0.0, 0.0, 2.0, 0.0, 0.0, 0.0, 0.0, 0.0, 0.0, 0.0, 0.0, 0.0, 0.0, 0.0, 0.0, 0.0, 0.0, 0.0, 0.5652720925841118, 0.0, 0.0, 0.0, 0.0, 0.0, 0.0, 0.0, 0.0, 0.0, 0.0, 0.0, 1.0850591173582218, 0.0, 0.6983221439741064, 0.06629270228912894, 2.0, 0.0, 0.0, 0.0, 0.0, 6.0, 0.0, 0.0, 0.0, 0.0, 0.7714718015149445, 0.0, 0.0, 0.0, 0.0, 0.0, 0.0, 0.39990948411042365, 0.785853164477383, 0.0, 0.0, 0.0, 0.0, 0.0, 0.0, 0.0, 0.0, 0.0, 0.0, 0.0, 0.0, 0.0, 1.2141468355226173, 1.10816508123917, 0.0, 0.0, 0.0, 0.0, 0.1477247708026518, 0.0, 0.16735992594504057, 0.0, 0.0, 0.0, 0.0, 0.0, 0.8498314244785716, 0.0, 0.0, 0.0, 0.0, 0.0, 0.0, 0.05006867298466705, 2.4722377502078277, 0.0, 0.0, 0.0, 0.0, 0.0, 0.7379613681689536, 0.26383382499359537, 1.0, 0.0, 0.0, 0.031117178227636686, 0.26203863183104636, 0.0, 1.0, 0.0, 0.0, 0.375, 0.0, 0.0, 0.0, 0.7333405304997468, 0.0, 0.0, 0.0, 1.0, 0.23189205282626157, 0.2880404801901519, 0.0, 0.26665946950025327, 0.0, 1.0, 0.0, 0.5007680430499729, 0.0, 0.0, 0.0, 0.0, 0.0, 0.0, 0.0, 0.49923195695002714, 0.0, 0.0, 0.0, 1.0, 0.0, 0.0, 0.7681079471737384, 0.0, 0.9469517488421404, 0.0, 0.0, 0.0, 0.0, 0.0, 0.0, 0.0, 1.0, 0.0, 0.7361661750064047, 0.0, 0.0, 0.0, 0.0, 0.0, 0.05304825115785968, 1.0, 0.0, 0.0, 0.3058423415822114, 0.0, 0.0, 1.0]  :with objective: -617.0575955380887

  Local solver returns a feasible point with value -617.0576
disc:  333  :[0.0, 0.7747532834745716, 1.1747532834745718, 2.0]
disc:  334  :[0.0, 3.1610305299701538, 4.3610305299701535, 6.0]
disc:  335  :[0.0, 0.1, 1.0]
disc:  336  :[0.0, 0.7326400740549595, 0.9326400740549594, 1.0]
disc:  337  :[0.0, 0.27853005547513476, 0.6785300554751348, 2.0]
disc:  338  :[0.0, 0.5000905158895763, 0.7000905158895763, 1.0]
disc:  339  :[0.0, 0.2, 2.0]
disc:  340  :[0.0, 0.2, 2.0]
disc:  341  :[0.0, 1.8, 2.0]
disc:  342  :[0.0, 0.7522752291973482, 0.9522752291973482, 1.0]
disc:  343  :[0.0, 0.34772477080265185, 2.0]
disc:  344  :[0.0, 1.3383998945097149, 1.7383998945097148, 2.0]
disc:  345  :[0.0, 0.849931327015333, 1.0]
disc:  346  :[0.0, 0.2116687784749523, 0.8116687784749523, 3.0]
disc:  347  :[0.0, 1.2533407771514928, 1.6533407771514927, 2.0]
disc:  348  :[0.0, 0.6, 6.0]
disc:  349  :[0.0, 0.2, 2.0]
disc:  350  :[0.0, 0.1, 1.0]
disc:  351  :[0.0, 0.2616001054902851, 0.6616001054902851, 2.0]
disc:  352  :[0.0, 0.6, 6.0]
disc:  353  :[0.0, 0.1, 1.0]
disc:  354  :[0.0, 1.8, 2.0]
disc:  355  :[0.0, 0.9, 1.0]
disc:  356  :[0.0, 0.2, 2.0]
disc:  357  :[0.0, 0.1, 1.0]
disc:  358  :[0.0, 0.2, 2.0]
disc:  359  :[0.0, 4.701677856025894, 5.901677856025893, 6.0]
disc:  360  :[0.0, 2.098322143974106, 3.298322143974106, 6.0]
disc:  361  :[0.0, 0.2, 2.0]
disc:  362  :[0.0, 0.1, 1.0]
disc:  363  :[0.0, 0.9501685755214284, 1.3501685755214283, 2.0]
disc:  364  :[0.0, 0.833707297710871, 1.0]
disc:  365  :[0.0, 0.6161241267677009, 1.2161241267677008, 3.0]
disc:  366  :[0.0, 1.8, 2.0]
disc:  367  :[0.0, 5.4, 6.0]
disc:  368  :[0.0, 0.2, 2.0]
disc:  369  :[0.0, 1.8, 2.0]
disc:  370  :[0.0, 0.9, 1.0]
disc:  371  :[0.0, 0.2, 2.0]
disc:  372  :[0.0, 0.2, 2.0]
disc:  373  :[0.0, 0.2, 2.0]
disc:  374  :[0.0, 0.6, 6.0]
disc:  375  :[0.0, 0.2, 2.0]
disc:  376  :[0.0, 0.2, 2.0]
disc:  377  :[0.0, 4.4, 5.6, 6.0]
disc:  378  :[0.0, 1.1273006915548938, 2.327300691554894, 6.0]
disc:  379  :[0.0, 1.8, 2.0]
disc:  380  :[0.0, 0.1, 1.0]
disc:  381  :[0.0, 0.3, 3.0]
disc:  382  :[0.0, 0.7, 1.3, 3.0]
disc:  383  :[0.0, 1.6522752291973481, 2.0]
disc:  384  :[0.0, 2.0116381230244715, 3.2116381230244717, 6.0]
disc:  385  :[0.0, 0.2, 2.0]
disc:  502  :[0.0, 0.1, 1.0]
disc:  503  :[0.0, 0.1, 1.0]
disc:  504  :[0.0, 0.1, 1.0]
disc:  505  :[0.0, 0.6379613681689537, 0.8379613681689536, 1.0]
disc:  506  :[0.0, 0.16383382499359536, 0.3638338249935954, 1.0]
disc:  507  :[0.0, 0.9, 1.0]
disc:  508  :[0.0, 0.1, 1.0]
disc:  509  :[0.0, 0.1, 1.0]
disc:  510  :[0.0, 0.1311171782276367, 1.0]
disc:  511  :[0.0, 0.16203863183104636, 0.36203863183104634, 1.0]
disc:  512  :[0.0, 0.1, 1.0]
disc:  513  :[0.0, 0.9, 1.0]
disc:  514  :[0.0, 0.1, 1.0]
disc:  515  :[0.0, 0.1, 1.0]
disc:  516  :[0.0, 0.275, 0.475, 1.0]
disc:  517  :[0.0, 0.1, 1.0]
disc:  518  :[0.0, 0.1, 1.0]
disc:  519  :[0.0, 0.1, 1.0]
disc:  520  :[0.0, 0.6333405304997468, 0.8333405304997468, 1.0]
disc:  521  :[0.0, 0.1, 1.0]
disc:  522  :[0.0, 0.1, 1.0]
disc:  523  :[0.0, 0.1, 1.0]
disc:  524  :[0.0, 0.9, 1.0]
disc:  525  :[0.0, 0.13189205282626157, 0.33189205282626155, 1.0]
disc:  526  :[0.0, 0.18804048019015188, 0.3880404801901519, 1.0]
disc:  527  :[0.0, 0.1, 1.0]
disc:  528  :[0.0, 0.16665946950025326, 0.3666594695002533, 1.0]
disc:  529  :[0.0, 0.1, 1.0]
disc:  530  :[0.0, 0.9, 1.0]
disc:  531  :[0.0, 0.1, 1.0]
disc:  532  :[0.0, 0.40076804304997293, 0.6007680430499729, 1.0]
disc:  533  :[0.0, 0.1, 1.0]
disc:  534  :[0.0, 0.1, 1.0]
disc:  535  :[0.0, 0.1, 1.0]
disc:  536  :[0.0, 0.1, 1.0]
disc:  537  :[0.0, 0.1, 1.0]
disc:  538  :[0.0, 0.1, 1.0]
disc:  539  :[0.0, 0.1, 1.0]
disc:  540  :[0.0, 0.3992319569500271, 0.5992319569500272, 1.0]
disc:  541  :[0.0, 0.1, 1.0]
disc:  542  :[0.0, 0.1, 1.0]
disc:  543  :[0.0, 0.1, 1.0]
disc:  544  :[0.0, 0.9, 1.0]
disc:  545  :[0.0, 0.1, 1.0]
disc:  546  :[0.0, 0.1, 1.0]
disc:  547  :[0.0, 0.6681079471737384, 0.8681079471737384, 1.0]
disc:  548  :[0.0, 0.1, 1.0]
disc:  549  :[0.0, 0.8469517488421404, 1.0]
disc:  550  :[0.0, 0.1, 1.0]
disc:  551  :[0.0, 0.1, 1.0]
disc:  552  :[0.0, 0.1, 1.0]
disc:  553  :[0.0, 0.1, 1.0]
disc:  554  :[0.0, 0.1, 1.0]
disc:  555  :[0.0, 0.1, 1.0]
disc:  556  :[0.0, 0.1, 1.0]
disc:  557  :[0.0, 0.9, 1.0]
disc:  558  :[0.0, 0.1, 1.0]
disc:  559  :[0.0, 0.6361661750064047, 0.8361661750064047, 1.0]
disc:  560  :[0.0, 0.1, 1.0]
disc:  561  :[0.0, 0.1, 1.0]
disc:  562  :[0.0, 0.1, 1.0]
disc:  563  :[0.0, 0.1, 1.0]
disc:  564  :[0.0, 0.1, 1.0]
disc:  565  :[0.0, 0.1530482511578597, 1.0]
disc:  566  :[0.0, 0.9, 1.0]
disc:  567  :[0.0, 0.1, 1.0]
disc:  568  :[0.0, 0.1, 1.0]
disc:  569  :[0.0, 0.2058423415822114, 0.40584234158221144, 1.0]
disc:  570  :[0.0, 0.1, 1.0]
disc:  571  :[0.0, 0.1, 1.0]
disc:  572  :[0.0, 0.9, 1.0]
  Completed presolve in 8.49s
LOWER-BOUNDING ITERATIONS
====================================================================================================
| Iter   | Incumbent       | Best Incumbent      | Lower Bound        | Gap (%)         | Time      
| finish | -617.0576       | -617.0576           | -627.918           | 1.76            | 33.89s           
Final UBD: -617.0575955380887
Final LBD: -627.9179996791245
====================================================================================================

*** Alpine ended with status OTHER_LIMIT ***

 Total time for local solves: 6.13s

 Total time for solving max-min problems: 0.0s

 Total time excluding max-min time: 33.89s

presolve objective value: -617.0575955380887
w_opt: 1-dimensional DenseAxisArray{Float64,1,...} with index sets:
    Dimension 1, [(25, 1, 2), (25, 1, 1), (25, 1, 14), (20, 1, 2), (20, 1, 1), (20, 1, 14), (1, 1, 2), (1, 1, 1), (1, 1, 14), (2, 1, 2)  …  (20, 15, 23), (20, 15, 3), (8, 15, 30), (8, 15, 29), (8, 15, 23), (8, 15, 3), (2, 15, 30), (2, 15, 29), (2, 15, 23), (2, 15, 3)]
And data, a 261-element Vector{Float64}:
 0.9275602417150961
 1.3078249120216683
 0.0
 0.9247149874822521
 1.3038132110028033
 0.0
 0.0
 0.0
 0.0
 0.0
 0.0
 0.0
 0.0
 0.0
 0.0
 0.0
 2.0
 0.0
 0.0
 1.0
 0.0
 0.0
 0.0
 0.0
 0.0
 0.0
 0.0
 0.0
 0.0
 1.319169124967977
 0.4557203483670102
 0.0
 0.0
 0.0
 0.0
 3.6808308750320236
 1.2715803431878838
 0.0
 0.0
 0.0
 0.0
 0.0
 0.0
 0.0
 0.0
 0.0
 0.0
 0.0
 0.0
 0.0
 0.0
 0.0
 0.0
 0.0
 0.0
 0.0
 0.0
 0.0
 0.0
 2.0
 1.0
 0.0
 0.0
 0.0
 0.0
 0.0
 0.0
 0.0
 0.0
 0.0
 0.0
 0.06223435645527337
 0.18670306936582012
 0.0
 0.75
 2.25
 0.0
 0.5760809603803038
 1.7282428811409112
 0.0
 0.0
 0.0
 0.0
 0.0
 0.0
 0.0
 0.0
 0.0
 0.0
 0.0
 0.0
 0.0
 0.6116846831644228
 1.8350540494932686
 0.0
 0.0
 0.0
 0.0
 0.0
 0.0
 0.0
 1.0891541440532901
 0.8841757584739781
 0.8675253439991529
 0.0610144314681383
 0.04953153923689278
 0.048598782768547975
 0.0
 0.0
 0.0
 0.0
 0.0
 0.0
 0.0
 0.0
 0.0
 0.0
 0.0
 3.887935251476789
 1.9787889925211855
 0.0
 0.0
 0.0
 1.4137426045491055
 0.7195331514529207
 0.0
 0.0
 0.0
 0.0
 0.0
 0.0
 0.0
 0.0
 0.0
 0.0
 0.0
 0.0
 0.0
 0.0
 0.0
 0.0
 0.0
 0.0
 0.0
 0.0
 0.0
 0.0
 0.0
 0.0
 0.0
 0.0
 0.0
 0.0
 0.46378410565252315
 0.23189205282626163
 0.0
 0.0
 1.5362158943474769
 0.7681079471737386
 0.0
 0.0
 0.0
 0.0
 0.0
 0.0
 0.0
 0.0
 0.0
 0.0
 0.0
 0.0
 0.0
 0.0
 1.4533407771514928
 0.0
 0.0
 0.0
 0.46160010549028513
 0.0
 0.0
 0.0
 0.0
 0.0
 0.0
 0.0
 0.0
 0.0
 0.0
 0.0
 0.0
 0.0
 0.0
 0.0
 0.0
 1.5383998945097148
 0.949931327015333
 0.5116687784749523
 0.0
 0.0
 0.0
 0.0
 0.0
 0.0
 0.0
 0.0
 0.0
 1.4759227363379073
 0.6289461941949837
 0.10901517397397006
 0.5240772636620927
 0.2233290350023646
 0.038709596828681796
 0.0
 0.0
 0.0
 0.0
 0.0
 0.0
 0.0
 0.0
 0.0
 0.0
 0.0
 0.0
 0.0
 0.4785300554751348
 0.6000905158895763
 0.0
 0.0
 0.0
 0.0
 0.0
 0.0
 0.0
 0.0
 0.0
 0.0
 0.0
 0.0
 0.0
 0.0
 0.0
 0.0
 0.0
 0.0
 0.0
 0.0
 0.0
 0.0
 0.0
 0.0
 0.0
 0.0
 0.0
 0.0
 0.0
 0.0
 0.9747532834745717
 3.761030529970154
 0.0
 0.8326400740549594
x_ij_opt: 1-dimensional DenseAxisArray{Float64,1,...} with index sets:
    Dimension 1, [(43, 30), (43, 22), (43, 6), (44, 22), (45, 30), (45, 29), (45, 28), (45, 24), (45, 23), (40, 29)  …  (5, 7), (5, 14), (6, 4), (6, 3), (1, 14), (1, 10), (1, 23), (1, 1), (3, 2), (3, 1)]
And data, a 116-element Vector{Float64}:
 0.0
 0.5466592228485071
 1.4347279074158883
 0.0
 1.0252467165254282
 0.0
 1.5214699445248652
 0.0
 0.0
 0.0
 0.0
 0.0
 0.0
 0.0
 0.0
 0.0
 0.0
 0.0
 0.2285281984850555
 0.0
 0.0
 0.0
 0.0
 0.0
 0.0
 0.0
 0.0
 2.0
 0.0
 0.0
 0.0
 0.0
 0.0
 0.0
 0.0
 0.0
 0.0
 0.0
 0.0
 0.0
 0.0
 0.0
 0.0
 0.5652720925841118
 0.0
 0.0
 0.0
 0.0
 0.0
 0.0
 0.0
 0.0
 0.0
 0.0
 0.0
 1.0850591173582218
 0.0
 0.6983221439741064
 0.06629270228912894
 2.0
 0.0
 0.0
 0.0
 0.0
 6.0
 0.0
 0.0
 0.0
 0.0
 0.7714718015149445
 0.0
 0.0
 0.0
 0.0
 0.0
 0.0
 0.39990948411042365
 0.785853164477383
 0.0
 0.0
 0.0
 0.0
 0.0
 0.0
 0.0
 0.0
 0.0
 0.0
 0.0
 0.0
 0.0
 1.2141468355226173
 1.10816508123917
 0.0
 0.0
 0.0
 0.0
 0.1477247708026518
 0.0
 0.16735992594504057
 0.0
 0.0
 0.0
 0.0
 0.0
 0.8498314244785716
 0.0
 0.0
 0.0
 0.0
 0.0
 0.0
 0.05006867298466705
 2.4722377502078277
 0.0
 0.0
x_il_opt: 1-dimensional DenseAxisArray{Float64,1,...} with index sets:
    Dimension 1, [(43, 15), (43, 14), (44, 15), (44, 13), (44, 3), (40, 14), (40, 2), (41, 14), (42, 6), (37, 13)  …  (4, 13), (5, 2), (5, 7), (5, 9), (6, 11), (1, 1), (1, 6), (1, 3), (2, 1), (2, 15)]
And data, a 71-element Vector{Float64}:
 0.0
 0.0
 0.0
 2.213884104506861
 1.7748894733349871
 1.078620571364711
 0.0
 0.0
 0.2489374258210935
 0.7861158954931391
 0.0
 3.0
 0.0
 0.0
 3.0
 0.0
 0.0
 0.0
 5.866724243997974
 0.0
 0.0
 0.0
 3.0
 0.6956761584787847
 2.304323841521215
 0.0
 2.133275756002026
 0.0
 1.9149408826417782
 0.0
 2.2353851537367646
 0.0
 0.0
 0.0
 0.0
 0.0
 0.0
 0.0
 2.2285281984850553
 0.0
 0.0
 0.0
 3.0
 0.0
 0.0
 2.3043238415212155
 0.0
 2.840855246526421
 0.0
 0.0
 0.0
 0.0
 0.0
 0.0
 0.0
 0.0
 0.0
 4.952411218219908
 0.0
 0.0
 0.0
 0.0
 0.0
 0.15914475347357904
 0.0
 0.0
 0.0
 2.4467387326576913
 0.0
 0.0
 5.568423887499685
x_lj_opt: 1-dimensional DenseAxisArray{Float64,1,...} with index sets:
    Dimension 1, [(15, 30), (15, 29), (15, 23), (15, 3), (14, 28), (14, 27), (14, 10), (14, 24), (13, 26), (13, 25)  …  (3, 6), (3, 5), (3, 29), (2, 4), (2, 3), (2, 1), (2, 5), (1, 2), (1, 1), (1, 14)]
And data, a 53-element Vector{Float64}:
 0.9747532834745717
 3.761030529970154
 0.0
 0.8326400740549594
 0.4785300554751348
 0.6000905158895763
 0.0
 0.0
 2.0
 0.8522752291973482
 0.14772477080265184
 1.5383998945097148
 0.949931327015333
 0.5116687784749523
 1.4533407771514928
 0.0
 0.0
 0.0
 0.46160010549028513
 0.0
 0.0
 2.0
 1.0
 0.0
 0.0
 0.0
 5.3016778560258935
 2.698322143974106
 0.0
 0.0
 1.1501685755214284
 0.933707297710871
 0.9161241267677008
 2.0
 6.0
 0.0
 2.0
 1.0
 0.0
 0.0
 0.0
 0.0
 0.0
 0.0
 5.0
 1.7273006915548939
 2.0
 0.0
 0.0
 1.0
 1.852275229197348
 2.6116381230244716
 0.0
q_opt: 1-dimensional DenseAxisArray{Float64,1,...} with index sets:
    Dimension 1, [(43, 15), (43, 14), (44, 15), (44, 13), (44, 3), (40, 14), (40, 2), (41, 14), (42, 6), (37, 13)  …  (4, 13), (5, 2), (5, 7), (5, 9), (6, 11), (1, 1), (1, 6), (1, 3), (2, 1), (2, 15)]
And data, a 71-element Vector{Float64}:
 0.0
 0.0
 0.0
 0.7379613681689536
 0.26383382499359537
 1.0
 0.0
 0.0
 0.031117178227636686
 0.26203863183104636
 0.0
 1.0
 0.0
 0.0
 0.375
 0.0
 0.0
 0.0
 0.7333405304997468
 0.0
 0.0
 0.0
 1.0
 0.23189205282626157
 0.2880404801901519
 0.0
 0.26665946950025327
 0.0
 1.0
 0.0
 0.5007680430499729
 0.0
 0.0
 0.0
 0.0
 0.0
 0.0
 0.0
 0.49923195695002714
 0.0
 0.0
 0.0
 1.0
 0.0
 0.0
 0.7681079471737384
 0.0
 0.9469517488421404
 0.0
 0.0
 0.0
 0.0
 0.0
 0.0
 0.0
 1.0
 0.0
 0.7361661750064047
 0.0
 0.0
 0.0
 0.0
 0.0
 0.05304825115785968
 1.0
 0.0
 0.0
 0.3058423415822114
 0.0
 0.0
 1.0
