
PROBLEM STATISTICS
  Objective sense = Min
  # Variables = 572
  # Bin-Int Variables = 0
  # Constraints = 621
  # NL Constraints = 261
  # Linear Constraints = 360
  # Detected convex constraints = 0
  # Detected nonlinear terms = 261
  # Variables involved in nonlinear terms = 124
  # Potential variables for partitioning = 124
SUB-SOLVERS USED BY ALPINE
  NLP local solver = Knitro
  MIP solver = Gurobi
ALPINE CONFIGURATION
  Maximum iterations (lower-bounding MIPs) =  1
  Relative global optimality gap = 0.01%
  Potential variables chosen for partitioning = All
  Discretization ratio = 10
  Bound-tightening presolve = false
PRESOLVE 
  Doing local search

Feasible solution found during presolve: [1.166917428978458, 0.0, 0.0, 0.833082571021542, 0.0, 0.0, 0.0, 0.0, 0.0, 0.0, 0.0, 0.0, 0.0, 0.0, 0.0, 0.0, 0.9812702452036488, 0.0, 0.0, 2.018729754796351, 0.0, 0.0, 0.0, 0.0, 0.0, 0.0, 0.0, 0.0, 0.0, 0.0, 0.0, 0.0, 0.0, 0.0, 0.0, 3.625577987461283, 1.6804938207515512, 0.0, 0.0, 0.0, 0.0, 0.35569225774236546, 0.16486713105949868, 0.0, 0.0, 0.0, 0.0, 0.0, 0.0, 0.0, 0.0, 0.0, 0.0, 0.0, 0.0, 0.0, 0.0, 0.0, 0.0, 2.0, 1.0, 0.0, 0.0, 0.0, 0.0, 0.0, 0.0, 0.0, 0.0, 0.0, 0.0, 0.75, 2.25, 0.0, 0.2033046105841846, 0.6099138317525538, 0.0, 0.5310803781870005, 1.5932411345610016, 0.0, 0.0, 0.0, 0.0, 0.0, 0.0, 0.0, 0.0, 0.0, 0.0, 0.0, 0.0, 0.0, 0.5156150112288147, 1.546845033686444, 0.0, 0.0, 0.0, 0.0, 0.0, 0.0, 0.0, 1.3423585582308377, 0.8541998199077463, 0.8034416218614159, 0.0, 0.0, 0.0, 0.0, 0.0, 0.0, 0.0, 0.0, 0.0, 0.0, 0.0, 0.0, 0.0, 0.0, 3.964372701025, 2.3786236206150004, 0.0, 0.0, 0.0, 1.035627298974999, 0.6213763793849995, 0.0, 0.0, 0.0, 0.0, 0.0, 0.0, 0.0, 0.0, 0.0, 0.0, 0.0, 0.0, 0.0, 0.0, 0.0, 0.0, 0.0, 0.0, 0.0, 0.0, 0.0, 0.0, 0.6215327665036432, 0.0, 0.0, 0.0, 0.5528504127731179, 0.0, 0.5837856581679984, 0.2918928290839992, 0.0, 0.0, 1.4162143418320015, 0.7081071709160007, 0.0, 0.0, 0.0, 0.0, 0.0, 0.0, 0.0, 0.0, 0.0, 0.0, 0.0, 0.0, 0.0, 0.0, 0.0, 0.0, 0.0, 0.0, 0.0, 0.0, 0.0, 0.0, 0.0, 0.0, 0.0, 0.0, 0.0, 0.0, 0.0, 0.0, 0.0, 0.0, 0.0, 0.0, 0.0, 1.5805576317428882, 0.9547822510808921, 0.4646601171762196, 0.0, 0.0, 0.0, 0.0, 0.0, 0.0, 0.0, 0.0, 0.0, 1.5722241359292712, 0.7861120679646356, 0.0, 0.0, 0.0, 0.0, 0.0, 0.0, 0.0, 0.4277758640707287, 0.21388793203536435, 0.0, 0.0, 0.0, 0.0, 0.0, 0.0, 0.0, 0.0, 0.6555628106540395, 0.7757937581921672, 0.0, 0.0, 0.0, 0.0, 0.0, 0.0, 0.0, 0.0, 0.0, 0.0, 0.0, 0.0, 0.0, 0.0, 0.0, 0.0, 0.0, 0.0, 0.0, 0.0, 0.0, 0.0, 0.0, 0.0, 0.0, 0.0, 0.0, 0.0, 0.0, 0.0, 2.0, 1.503197373349469, 0.0, 1.0, 0.0, 0.0, 0.0, 2.3583362038939066, 0.0, 1.4313565688462067, 0.0, 0.0, 3.0, 0.0, 0.0, 3.0, 0.0, 0.0, 0.8132184423367383, 0.0, 0.0, 0.0, 6.342996321640001, 0.0, 0.0, 0.0, 3.0, 0.8756784872519976, 2.1243215127480024, 0.0, 1.6570036783599986, 0.0, 0.0, 0.6215327665036432, 1.166917428978458, 0.641663796106093, 0.0, 0.0, 0.0, 0.0, 0.0, 0.0, 0.833082571021542, 0.0, 0.0, 0.0, 3.0, 0.0, 0.0, 2.1243215127480024, 0.0, 3.0, 0.0, 0.0, 0.0, 0.0, 0.0, 0.0, 0.0, 0.0, 0.0, 5.306071808212835, 0.0, 0.0, 0.0, 0.0, 0.0, 0.0, 0.5528504127731179, 0.0, 0.0, 2.062460044915259, 0.520559388801864, 0.0, 4.50319737334947, 2.0, 1.503197373349469, 0.0, 1.0, 0.6555628106540395, 0.7757937581921672, 0.0, 0.0, 2.0, 1.0, 0.0, 1.5805576317428882, 0.9547822510808921, 0.4646601171762196, 0.0, 0.0, 0.0, 0.0, 0.0, 0.0, 0.0, 2.0, 1.0, 1.174383179276761, 0.0, 0.0, 4.999999999999999, 3.0, 0.0, 0.0, 1.3423585582308377, 0.8541998199077463, 0.8034416218614159, 2.0, 6.0, 0.0, 2.0, 1.0, 0.0, 0.0, 0.0, 0.0, 0.0, 0.0, 3.9812702452036484, 1.84536095181105, 0.9812702452036488, 0.0, 0.0, 2.018729754796351, 2.0, 0.0, 0.0, 0.0, 1.6348392059880188, 1.4628274224562947, 0.0, 0.0, 0.0, 1.3444371893459603, 0.0, 0.0, 0.0, 0.0, 0.0, 0.0, 0.0, 0.0, 0.0, 0.0, 0.0, 0.3293319296209075, 0.0, 0.0, 0.0, 0.0, 0.0, 0.0, 0.0, 0.0, 2.0, 0.0, 2.186781557663262, 0.0, 0.0, 0.0, 0.0, 0.0, 0.0, 0.0, 0.0, 0.0, 0.0, 0.0, 0.0, 0.0, 0.5371725775437052, 0.0, 0.0, 0.3651607940119811, 0.0, 0.0, 0.0, 0.0, 0.0, 0.0, 0.0, 0.0, 3.0, 0.0, 0.42408582831955227, 0.14580018009225382, 0.8256168207232393, 0.0, 0.0, 0.0, 0.41944236825711184, 6.0, 0.0, 0.5759141716804489, 0.0, 0.0, 0.6706680703790925, 0.0, 0.0, 0.0, 0.0, 0.0, 0.0, 0.2242062418078328, 0.700041863729999, 0.0, 0.0, 0.0, 0.0, 0.0, 0.0, 0.0, 0.0, 0.0, 0.0, 0.0, 0.0, 1.0187297547963512, 1.299958136270001, 0.0, 0.0, 0.0, 0.0, 0.0, 0.0, 0.0, 0.0, 0.0, 0.0, 0.0, 0.0, 0.0, 0.4824370025439757, 0.0, 0.0, 0.0, 0.0, 0.1752044392251864, 0.0, 0.04521774891910789, 5.196558378138584, 0.0, 0.0, 0.0, 0.0, 0.0, 0.7861120679646356, 0.0, 1.0, 0.0, 0.0, 0.375, 0.0, 0.0, 1.0, 0.0, 0.0, 0.1016523052920923, 0.0, 0.0, 0.0, 0.7928745402050001, 1.0, 0.0, 0.0, 1.0, 0.2918928290839992, 0.26554018909350025, 0.0, 0.20712545979499983, 0.0, 0.0, 0.5292418841407551, 0.583458714489229, 0.21388793203536435, 0.0, 0.0, 0.0, 0.0, 0.0, 0.0, 0.416541285510771, 0.0, 0.0, 0.0, 1.0, 0.0, 0.0, 0.7081071709160007, 0.0, 1.0, 0.0, 0.0, 0.0, 0.0, 0.0, 0.0, 0.0, 1.0, 0.0, 0.9106585999353151, 0.0, 0.0, 0.0, 0.0, 0.0, 0.0, 0.470758115859245, 0.0, 0.0, 0.25780750561440735, 0.08934140006468494, 0.0, 1.0]  :with objective: -601.6223710042042

  Local solver returns a feasible point with value -601.6224
disc:  333  :[0.0, 1.8, 2.0]
disc:  334  :[0.0, 0.903197373349469, 2.103197373349469, 6.0]
disc:  335  :[0.0, 0.1, 1.0]
disc:  336  :[0.0, 0.9, 1.0]
disc:  337  :[0.0, 0.45556281065403953, 0.8555628106540396, 2.0]
disc:  338  :[0.0, 0.6757937581921672, 0.8757937581921672, 1.0]
disc:  339  :[0.0, 0.2, 2.0]
disc:  340  :[0.0, 0.2, 2.0]
disc:  341  :[0.0, 1.8, 2.0]
disc:  342  :[0.0, 0.9, 1.0]
disc:  343  :[0.0, 0.2, 2.0]
disc:  344  :[0.0, 1.3805576317428883, 1.7805576317428882, 2.0]
disc:  345  :[0.0, 0.8547822510808921, 1.0]
disc:  346  :[0.0, 0.1646601171762196, 0.7646601171762195, 3.0]
disc:  347  :[0.0, 0.2, 2.0]
disc:  348  :[0.0, 0.6, 6.0]
disc:  349  :[0.0, 0.2, 2.0]
disc:  350  :[0.0, 0.1, 1.0]
disc:  351  :[0.0, 0.2, 2.0]
disc:  352  :[0.0, 0.6, 6.0]
disc:  353  :[0.0, 0.1, 1.0]
disc:  354  :[0.0, 1.8, 2.0]
disc:  355  :[0.0, 0.9, 1.0]
disc:  356  :[0.0, 0.974383179276761, 1.374383179276761, 2.0]
disc:  357  :[0.0, 0.1, 1.0]
disc:  358  :[0.0, 0.2, 2.0]
disc:  359  :[0.0, 4.3999999999999995, 5.599999999999999, 6.0]
disc:  360  :[0.0, 2.4, 3.6, 6.0]
disc:  361  :[0.0, 0.2, 2.0]
disc:  362  :[0.0, 0.1, 1.0]
disc:  363  :[0.0, 1.1423585582308378, 1.5423585582308377, 2.0]
disc:  364  :[0.0, 0.7541998199077463, 0.9541998199077463, 1.0]
disc:  365  :[0.0, 0.5034416218614159, 1.1034416218614158, 3.0]
disc:  366  :[0.0, 1.8, 2.0]
disc:  367  :[0.0, 5.4, 6.0]
disc:  368  :[0.0, 0.2, 2.0]
disc:  369  :[0.0, 1.8, 2.0]
disc:  370  :[0.0, 0.9, 1.0]
disc:  371  :[0.0, 0.2, 2.0]
disc:  372  :[0.0, 0.2, 2.0]
disc:  373  :[0.0, 0.2, 2.0]
disc:  374  :[0.0, 0.6, 6.0]
disc:  375  :[0.0, 0.2, 2.0]
disc:  376  :[0.0, 0.2, 2.0]
disc:  377  :[0.0, 3.3812702452036483, 4.5812702452036485, 6.0]
disc:  378  :[0.0, 1.2453609518110502, 2.44536095181105, 6.0]
disc:  379  :[0.0, 0.7812702452036488, 1.1812702452036488, 2.0]
disc:  380  :[0.0, 0.1, 1.0]
disc:  381  :[0.0, 0.3, 3.0]
disc:  382  :[0.0, 1.7187297547963512, 2.318729754796351, 3.0]
disc:  383  :[0.0, 1.8, 2.0]
disc:  384  :[0.0, 0.6, 6.0]
disc:  385  :[0.0, 0.2, 2.0]
disc:  502  :[0.0, 0.1, 1.0]
disc:  503  :[0.0, 0.1, 1.0]
disc:  504  :[0.0, 0.1, 1.0]
disc:  505  :[0.0, 0.6861120679646356, 0.8861120679646356, 1.0]
disc:  506  :[0.0, 0.1, 1.0]
disc:  507  :[0.0, 0.9, 1.0]
disc:  508  :[0.0, 0.1, 1.0]
disc:  509  :[0.0, 0.1, 1.0]
disc:  510  :[0.0, 0.275, 0.475, 1.0]
disc:  511  :[0.0, 0.1, 1.0]
disc:  512  :[0.0, 0.1, 1.0]
disc:  513  :[0.0, 0.9, 1.0]
disc:  514  :[0.0, 0.1, 1.0]
disc:  515  :[0.0, 0.1, 1.0]
disc:  516  :[0.0, 0.0016523052920922876, 0.2016523052920923, 1.0]
disc:  517  :[0.0, 0.1, 1.0]
disc:  518  :[0.0, 0.1, 1.0]
disc:  519  :[0.0, 0.1, 1.0]
disc:  520  :[0.0, 0.6928745402050002, 0.8928745402050001, 1.0]
disc:  521  :[0.0, 0.9, 1.0]
disc:  522  :[0.0, 0.1, 1.0]
disc:  523  :[0.0, 0.1, 1.0]
disc:  524  :[0.0, 0.9, 1.0]
disc:  525  :[0.0, 0.1918928290839992, 0.39189282908399925, 1.0]
disc:  526  :[0.0, 0.16554018909350024, 0.3655401890935003, 1.0]
disc:  527  :[0.0, 0.1, 1.0]
disc:  528  :[0.0, 0.10712545979499982, 0.30712545979499983, 1.0]
disc:  529  :[0.0, 0.1, 1.0]
disc:  530  :[0.0, 0.1, 1.0]
disc:  531  :[0.0, 0.42924188414075515, 0.6292418841407551, 1.0]
disc:  532  :[0.0, 0.48345871448922906, 0.683458714489229, 1.0]
disc:  533  :[0.0, 0.11388793203536435, 0.31388793203536436, 1.0]
disc:  534  :[0.0, 0.1, 1.0]
disc:  535  :[0.0, 0.1, 1.0]
disc:  536  :[0.0, 0.1, 1.0]
disc:  537  :[0.0, 0.1, 1.0]
disc:  538  :[0.0, 0.1, 1.0]
disc:  539  :[0.0, 0.1, 1.0]
disc:  540  :[0.0, 0.316541285510771, 0.516541285510771, 1.0]
disc:  541  :[0.0, 0.1, 1.0]
disc:  542  :[0.0, 0.1, 1.0]
disc:  543  :[0.0, 0.1, 1.0]
disc:  544  :[0.0, 0.9, 1.0]
disc:  545  :[0.0, 0.1, 1.0]
disc:  546  :[0.0, 0.1, 1.0]
disc:  547  :[0.0, 0.6081071709160007, 0.8081071709160007, 1.0]
disc:  548  :[0.0, 0.1, 1.0]
disc:  549  :[0.0, 0.9, 1.0]
disc:  550  :[0.0, 0.1, 1.0]
disc:  551  :[0.0, 0.1, 1.0]
disc:  552  :[0.0, 0.1, 1.0]
disc:  553  :[0.0, 0.1, 1.0]
disc:  554  :[0.0, 0.1, 1.0]
disc:  555  :[0.0, 0.1, 1.0]
disc:  556  :[0.0, 0.1, 1.0]
disc:  557  :[0.0, 0.9, 1.0]
disc:  558  :[0.0, 0.1, 1.0]
disc:  559  :[0.0, 0.8106585999353151, 1.0]
disc:  560  :[0.0, 0.1, 1.0]
disc:  561  :[0.0, 0.1, 1.0]
disc:  562  :[0.0, 0.1, 1.0]
disc:  563  :[0.0, 0.1, 1.0]
disc:  564  :[0.0, 0.1, 1.0]
disc:  565  :[0.0, 0.1, 1.0]
disc:  566  :[0.0, 0.370758115859245, 0.570758115859245, 1.0]
disc:  567  :[0.0, 0.1, 1.0]
disc:  568  :[0.0, 0.1, 1.0]
disc:  569  :[0.0, 0.15780750561440735, 0.35780750561440733, 1.0]
disc:  570  :[0.0, 0.18934140006468494, 1.0]
disc:  571  :[0.0, 0.1, 1.0]
disc:  572  :[0.0, 0.9, 1.0]
  Completed presolve in 7.88s
LOWER-BOUNDING ITERATIONS
====================================================================================================
| Iter   | Incumbent       | Best Incumbent      | Lower Bound        | Gap (%)         | Time      
| finish | -601.6224       | -601.6224           | -619.7171          | 3.008           | 30.37s           
Final UBD: -601.6223710042042
Final LBD: -619.7170534590487
====================================================================================================

*** Alpine ended with status OTHER_LIMIT ***

 Total time for local solves: 5.5s

 Total time for solving max-min problems: 0.0s

 Total time excluding max-min time: 30.37s

presolve objective value: -601.6223710042042
w_opt: 1-dimensional DenseAxisArray{Float64,1,...} with index sets:
    Dimension 1, [(25, 1, 2), (25, 1, 1), (25, 1, 14), (20, 1, 2), (20, 1, 1), (20, 1, 14), (1, 1, 2), (1, 1, 1), (1, 1, 14), (2, 1, 2)  …  (20, 15, 23), (20, 15, 3), (8, 15, 30), (8, 15, 29), (8, 15, 23), (8, 15, 3), (2, 15, 30), (2, 15, 29), (2, 15, 23), (2, 15, 3)]
And data, a 261-element Vector{Float64}:
 1.166917428978458
 0.0
 0.0
 0.833082571021542
 0.0
 0.0
 0.0
 0.0
 0.0
 0.0
 0.0
 0.0
 0.0
 0.0
 0.0
 0.0
 0.9812702452036488
 0.0
 0.0
 2.018729754796351
 0.0
 0.0
 0.0
 0.0
 0.0
 0.0
 0.0
 0.0
 0.0
 0.0
 0.0
 0.0
 0.0
 0.0
 0.0
 3.625577987461283
 1.6804938207515512
 0.0
 0.0
 0.0
 0.0
 0.35569225774236546
 0.16486713105949868
 0.0
 0.0
 0.0
 0.0
 0.0
 0.0
 0.0
 0.0
 0.0
 0.0
 0.0
 0.0
 0.0
 0.0
 0.0
 0.0
 2.0
 1.0
 0.0
 0.0
 0.0
 0.0
 0.0
 0.0
 0.0
 0.0
 0.0
 0.0
 0.75
 2.25
 0.0
 0.2033046105841846
 0.6099138317525538
 0.0
 0.5310803781870005
 1.5932411345610016
 0.0
 0.0
 0.0
 0.0
 0.0
 0.0
 0.0
 0.0
 0.0
 0.0
 0.0
 0.0
 0.0
 0.5156150112288147
 1.546845033686444
 0.0
 0.0
 0.0
 0.0
 0.0
 0.0
 0.0
 1.3423585582308377
 0.8541998199077463
 0.8034416218614159
 0.0
 0.0
 0.0
 0.0
 0.0
 0.0
 0.0
 0.0
 0.0
 0.0
 0.0
 0.0
 0.0
 0.0
 3.964372701025
 2.3786236206150004
 0.0
 0.0
 0.0
 1.035627298974999
 0.6213763793849995
 0.0
 0.0
 0.0
 0.0
 0.0
 0.0
 0.0
 0.0
 0.0
 0.0
 0.0
 0.0
 0.0
 0.0
 0.0
 0.0
 0.0
 0.0
 0.0
 0.0
 0.0
 0.0
 0.6215327665036432
 0.0
 0.0
 0.0
 0.5528504127731179
 0.0
 0.5837856581679984
 0.2918928290839992
 0.0
 0.0
 1.4162143418320015
 0.7081071709160007
 0.0
 0.0
 0.0
 0.0
 0.0
 0.0
 0.0
 0.0
 0.0
 0.0
 0.0
 0.0
 0.0
 0.0
 0.0
 0.0
 0.0
 0.0
 0.0
 0.0
 0.0
 0.0
 0.0
 0.0
 0.0
 0.0
 0.0
 0.0
 0.0
 0.0
 0.0
 0.0
 0.0
 0.0
 0.0
 1.5805576317428882
 0.9547822510808921
 0.4646601171762196
 0.0
 0.0
 0.0
 0.0
 0.0
 0.0
 0.0
 0.0
 0.0
 1.5722241359292712
 0.7861120679646356
 0.0
 0.0
 0.0
 0.0
 0.0
 0.0
 0.0
 0.4277758640707287
 0.21388793203536435
 0.0
 0.0
 0.0
 0.0
 0.0
 0.0
 0.0
 0.0
 0.6555628106540395
 0.7757937581921672
 0.0
 0.0
 0.0
 0.0
 0.0
 0.0
 0.0
 0.0
 0.0
 0.0
 0.0
 0.0
 0.0
 0.0
 0.0
 0.0
 0.0
 0.0
 0.0
 0.0
 0.0
 0.0
 0.0
 0.0
 0.0
 0.0
 0.0
 0.0
 0.0
 0.0
 2.0
 1.503197373349469
 0.0
 1.0
x_ij_opt: 1-dimensional DenseAxisArray{Float64,1,...} with index sets:
    Dimension 1, [(43, 30), (43, 22), (43, 6), (44, 22), (45, 30), (45, 29), (45, 28), (45, 24), (45, 23), (40, 29)  …  (5, 7), (5, 14), (6, 4), (6, 3), (1, 14), (1, 10), (1, 23), (1, 1), (3, 2), (3, 1)]
And data, a 116-element Vector{Float64}:
 0.0
 1.6348392059880188
 1.4628274224562947
 0.0
 0.0
 0.0
 1.3444371893459603
 0.0
 0.0
 0.0
 0.0
 0.0
 0.0
 0.0
 0.0
 0.0
 0.0
 0.0
 0.3293319296209075
 0.0
 0.0
 0.0
 0.0
 0.0
 0.0
 0.0
 0.0
 2.0
 0.0
 2.186781557663262
 0.0
 0.0
 0.0
 0.0
 0.0
 0.0
 0.0
 0.0
 0.0
 0.0
 0.0
 0.0
 0.0
 0.5371725775437052
 0.0
 0.0
 0.3651607940119811
 0.0
 0.0
 0.0
 0.0
 0.0
 0.0
 0.0
 0.0
 3.0
 0.0
 0.42408582831955227
 0.14580018009225382
 0.8256168207232393
 0.0
 0.0
 0.0
 0.41944236825711184
 6.0
 0.0
 0.5759141716804489
 0.0
 0.0
 0.6706680703790925
 0.0
 0.0
 0.0
 0.0
 0.0
 0.0
 0.2242062418078328
 0.700041863729999
 0.0
 0.0
 0.0
 0.0
 0.0
 0.0
 0.0
 0.0
 0.0
 0.0
 0.0
 0.0
 1.0187297547963512
 1.299958136270001
 0.0
 0.0
 0.0
 0.0
 0.0
 0.0
 0.0
 0.0
 0.0
 0.0
 0.0
 0.0
 0.0
 0.4824370025439757
 0.0
 0.0
 0.0
 0.0
 0.1752044392251864
 0.0
 0.04521774891910789
 5.196558378138584
 0.0
 0.0
x_il_opt: 1-dimensional DenseAxisArray{Float64,1,...} with index sets:
    Dimension 1, [(43, 15), (43, 14), (44, 15), (44, 13), (44, 3), (40, 14), (40, 2), (41, 14), (42, 6), (37, 13)  …  (4, 13), (5, 2), (5, 7), (5, 9), (6, 11), (1, 1), (1, 6), (1, 3), (2, 1), (2, 15)]
And data, a 71-element Vector{Float64}:
 0.0
 0.0
 0.0
 2.3583362038939066
 0.0
 1.4313565688462067
 0.0
 0.0
 3.0
 0.0
 0.0
 3.0
 0.0
 0.0
 0.8132184423367383
 0.0
 0.0
 0.0
 6.342996321640001
 0.0
 0.0
 0.0
 3.0
 0.8756784872519976
 2.1243215127480024
 0.0
 1.6570036783599986
 0.0
 0.0
 0.6215327665036432
 1.166917428978458
 0.641663796106093
 0.0
 0.0
 0.0
 0.0
 0.0
 0.0
 0.833082571021542
 0.0
 0.0
 0.0
 3.0
 0.0
 0.0
 2.1243215127480024
 0.0
 3.0
 0.0
 0.0
 0.0
 0.0
 0.0
 0.0
 0.0
 0.0
 0.0
 5.306071808212835
 0.0
 0.0
 0.0
 0.0
 0.0
 0.0
 0.5528504127731179
 0.0
 0.0
 2.062460044915259
 0.520559388801864
 0.0
 4.50319737334947
x_lj_opt: 1-dimensional DenseAxisArray{Float64,1,...} with index sets:
    Dimension 1, [(15, 30), (15, 29), (15, 23), (15, 3), (14, 28), (14, 27), (14, 10), (14, 24), (13, 26), (13, 25)  …  (3, 6), (3, 5), (3, 29), (2, 4), (2, 3), (2, 1), (2, 5), (1, 2), (1, 1), (1, 14)]
And data, a 53-element Vector{Float64}:
 2.0
 1.503197373349469
 0.0
 1.0
 0.6555628106540395
 0.7757937581921672
 0.0
 0.0
 2.0
 1.0
 0.0
 1.5805576317428882
 0.9547822510808921
 0.4646601171762196
 0.0
 0.0
 0.0
 0.0
 0.0
 0.0
 0.0
 2.0
 1.0
 1.174383179276761
 0.0
 0.0
 4.999999999999999
 3.0
 0.0
 0.0
 1.3423585582308377
 0.8541998199077463
 0.8034416218614159
 2.0
 6.0
 0.0
 2.0
 1.0
 0.0
 0.0
 0.0
 0.0
 0.0
 0.0
 3.9812702452036484
 1.84536095181105
 0.9812702452036488
 0.0
 0.0
 2.018729754796351
 2.0
 0.0
 0.0
q_opt: 1-dimensional DenseAxisArray{Float64,1,...} with index sets:
    Dimension 1, [(43, 15), (43, 14), (44, 15), (44, 13), (44, 3), (40, 14), (40, 2), (41, 14), (42, 6), (37, 13)  …  (4, 13), (5, 2), (5, 7), (5, 9), (6, 11), (1, 1), (1, 6), (1, 3), (2, 1), (2, 15)]
And data, a 71-element Vector{Float64}:
 0.0
 0.0
 0.0
 0.7861120679646356
 0.0
 1.0
 0.0
 0.0
 0.375
 0.0
 0.0
 1.0
 0.0
 0.0
 0.1016523052920923
 0.0
 0.0
 0.0
 0.7928745402050001
 1.0
 0.0
 0.0
 1.0
 0.2918928290839992
 0.26554018909350025
 0.0
 0.20712545979499983
 0.0
 0.0
 0.5292418841407551
 0.583458714489229
 0.21388793203536435
 0.0
 0.0
 0.0
 0.0
 0.0
 0.0
 0.416541285510771
 0.0
 0.0
 0.0
 1.0
 0.0
 0.0
 0.7081071709160007
 0.0
 1.0
 0.0
 0.0
 0.0
 0.0
 0.0
 0.0
 0.0
 1.0
 0.0
 0.9106585999353151
 0.0
 0.0
 0.0
 0.0
 0.0
 0.0
 0.470758115859245
 0.0
 0.0
 0.25780750561440735
 0.08934140006468494
 0.0
 1.0
