
PROBLEM STATISTICS
  Objective sense = Min
  # Variables = 572
  # Bin-Int Variables = 0
  # Constraints = 621
  # NL Constraints = 261
  # Linear Constraints = 360
  # Detected convex constraints = 0
  # Detected nonlinear terms = 261
  # Variables involved in nonlinear terms = 124
  # Potential variables for partitioning = 124
SUB-SOLVERS USED BY ALPINE
  NLP local solver = Knitro
  MIP solver = Gurobi
ALPINE CONFIGURATION
  Maximum iterations (lower-bounding MIPs) =  1
  Relative global optimality gap = 0.01%
  Potential variables chosen for partitioning = All
  Discretization ratio = 10
  Bound-tightening presolve = false
PRESOLVE 
  Doing local search

Feasible solution found during presolve: [1.1677691898844842, 1.832230810115516, 0.0, 0.6620423724839722, 1.0387450216828367, 0.0, 0.0, 0.0, 0.0, 0.0, 0.0, 0.0, 0.0, 0.0, 0.0, 0.0, 2.0, 0.0, 0.21026310254262917, 0.789736897457371, 0.0, 0.0, 0.0, 0.0, 0.0, 0.0, 0.0, 0.0, 0.2213664776662802, 3.4353667310712184, 1.6180357055535992, 0.0, 0.0, 0.0, 0.0, 0.0, 0.0, 0.0, 0.0, 0.0, 0.11436990246825048, 1.7748963714714108, 0.8359648117692419, 0.0, 0.0, 0.0, 0.0, 0.0, 0.0, 1.002974847808999, 0.0, 0.0, 0.0, 0.0, 0.0, 0.0, 0.0, 0.0, 0.0, 2.0, 1.0, 0.0, 0.0, 0.0, 0.0, 0.0, 0.0, 0.0, 0.0, 0.0, 0.0, 0.7499999999999999, 2.25, 0.0, 0.16452286958395515, 0.49356860875186526, 0.0, 0.5715802393014289, 1.7147407179042866, 0.0, 0.0, 0.0, 0.0, 0.0, 0.0, 0.0, 0.0, 0.0, 0.0, 0.0, 0.0, 0.0, 0.5138968911146159, 1.5416906733438476, 0.0, 0.0, 0.0, 0.0, 0.0, 0.0, 0.0, 1.3916566474030654, 0.9001159107409223, 0.7082274418560122, 0.0, 0.0, 0.0, 0.0, 0.0, 0.0, 0.0, 0.0, 0.0, 0.0, 0.0, 0.0, 0.0, 0.0, 5.024383258358365, 1.5911517618111746, 0.0, 0.08364265764161452, 0.0, 0.9756167416416349, 0.30896414892974766, 0.0, 0.016241431617463973, 0.0, 0.0, 0.0, 0.0, 0.0, 0.0, 0.0, 0.0, 0.0, 0.0, 0.0, 0.0, 0.0, 0.0, 0.0, 0.0, 0.0, 0.0, 0.0, 0.0, 0.0, 0.0, 0.0, 0.0, 0.05287058530504917, 0.0, 0.4757860285295231, 0.23789301426476153, 0.0, 0.0, 1.524213971470477, 0.7621069857352386, 0.0, 0.0, 0.0, 0.0, 0.0, 0.0, 0.0, 0.0, 0.0, 0.0, 0.0, 0.0, 0.0, 0.0, 0.0, 0.0, 0.0, 0.0, 0.0, 0.0, 0.0, 0.0, 0.0, 0.0, 0.0, 0.0, 0.0, 0.0, 0.0, 0.0, 0.0, 0.0, 0.0, 0.0, 0.0, 1.7989446059828718, 1.0, 0.20105539401712866, 0.0, 0.0, 0.0, 0.0, 0.0, 0.0, 0.0, 0.0, 0.0, 1.5555108626563547, 0.6453904496109879, 0.1323649817171897, 0.4444891373436452, 0.18442111275746892, 0.03782345591435375, 0.0, 0.0, 0.0, 0.0, 0.0, 0.0, 0.0, 0.0, 0.0, 0.1250580036984659, 0.5047581486853608, 0.0, 0.0, 0.10509982219864379, 0.42420309065591455, 0.0, 0.0, 0.0, 0.0, 0.0, 0.0, 0.0, 0.0, 0.0, 0.0, 0.0, 0.0, 0.0, 0.0, 0.0, 0.0, 0.0, 0.0, 0.0, 0.0, 0.0, 0.0, 0.263013690570124, 0.1319060431243378, 0.0, 0.131506845285062, 0.0, 0.0, 0.0, 0.0, 1.736986309429876, 0.8711295238715129, 0.0, 0.868493154714938, 0.0, 0.6298161523838267, 0.0, 2.3332662939845323, 5.274768914291098, 0.5293029128545583, 0.0, 0.0, 3.0, 0.6667337060154678, 0.0, 3.0, 0.0, 0.0, 0.6580914783358204, 0.0, 0.0, 0.0, 6.699177677811154, 0.0, 0.0, 0.0, 3.0, 0.7136790427942846, 2.2863209572057155, 0.0, 1.3008223221888464, 0.0, 0.0, 0.0, 3.0, 0.0, 0.0, 0.0, 0.0, 0.0, 0.0, 0.0, 1.700787394166809, 0.5264265789795238, 0.0, 0.0, 3.0, 0.0, 0.0, 2.2863209572057155, 0.0, 3.0, 0.0, 0.0, 0.0, 0.0, 0.0, 0.0, 1.002974847808999, 0.0, 0.0, 0.0, 0.0, 0.0, 0.0, 0.0, 0.0, 0.0, 0.05287058530504917, 0.0, 0.0, 2.0555875644584636, 2.7252310857089026, 0.0, 3.476608988016327, 2.0, 1.0030355669958508, 0.0, 1.0, 0.23015782589710967, 0.9289612393412754, 0.0, 0.0, 2.0, 0.8298115623684569, 0.17018843763154343, 1.7989446059828718, 1.0, 0.20105539401712866, 0.0, 0.0, 0.0, 0.0, 0.0, 0.0, 0.0, 2.0, 1.0, 0.05287058530504917, 0.0, 0.0, 6.0, 1.900115910740922, 0.0, 0.09988408925907773, 1.3916566474030654, 0.9001159107409223, 0.7082274418560122, 2.0, 6.0, 0.0, 2.0, 1.0, 0.0, 0.0, 1.002974847808999, 0.0, 0.0, 0.33573638013453067, 5.210263102542629, 2.4540005173228407, 2.0, 0.0, 0.21026310254262917, 0.789736897457371, 1.8298115623684565, 2.870975831798353, 0.0, 0.0, 1.2412664232610788, 1.140072427932697, 0.0, 0.0, 0.0, 1.7698421741028905, 0.0, 0.0, 0.0, 0.0, 0.0, 0.0, 0.0, 0.0, 0.0, 0.0, 0.0, 0.2272139731463326, 0.0, 0.0, 0.0, 0.0, 0.0, 0.0, 0.0, 0.0, 2.0, 0.0, 2.3419085216641795, 0.0, 0.0, 0.0, 0.0, 0.0, 0.0, 0.0, 0.0, 0.0, 0.0, 0.0, 0.0, 0.0, 0.5241911919327723, 0.0, 0.0, 0.7587335767389211, 0.0, 0.0, 0.0, 0.0, 0.0, 0.0, 0.0, 0.0, 3.0, 0.0, 0.0, 0.0, 1.947129414694951, 0.0, 0.0, 0.0, 0.20105539401712827, 6.0, 0.0, 0.0, 0.0, 0.0, 0.7727860268536675, 0.0, 0.0, 0.0, 0.0, 0.0, 0.0, 0.07103876065872464, 0.9970251521910012, 0.0, 0.0, 0.0, 0.0, 0.0, 0.0, 0.0, 0.0, 0.0, 0.0, 0.0, 0.0, 0.0, 0.0, 0.0, 0.0, 0.0, 0.0, 0.0, 0.17018843763154326, 0.0, 0.0, 0.0, 0.0, 0.0, 0.0, 0.0, 0.6083433525969347, 0.23240273464197617, 0.0, 0.0, 0.0, 0.0, 0.0, 0.0, 2.210533623803006, 0.0, 0.0, 0.0, 0.5433575991214487, 0.0, 0.7777554313281774, 0.6593461142863872, 0.45664240087855135, 0.0, 0.0, 0.375, 0.2222445686718226, 0.0, 1.0, 0.0, 0.0, 0.08226143479197755, 0.0, 0.0, 0.0, 0.8373972097263942, 1.0, 0.0, 0.0, 1.0, 0.23789301426476153, 0.28579011965071444, 0.0, 0.1626027902736058, 0.0, 0.0, 0.0, 0.6381909557795976, 0.0, 0.0, 0.0, 0.0, 0.0, 0.0, 0.0, 0.3618090442204024, 0.131506845285062, 0.0, 0.0, 1.0, 0.0, 0.0, 0.7621069857352386, 0.0, 1.0, 0.0, 0.0, 0.0, 0.0, 0.0, 0.0, 1.0, 0.0, 0.0, 0.0, 0.0, 0.0, 0.0, 0.0, 0.0, 0.0, 1.0, 0.0, 0.0, 0.25694844555730795, 0.3406538857136128, 0.0, 0.868493154714938]  :with objective: -616.9019151296097

  Local solver returns a feasible point with value -616.9019
disc:  333  :[0.0, 1.8, 2.0]
disc:  334  :[0.0, 0.40303556699585086, 1.603035566995851, 6.0]
disc:  335  :[0.0, 0.1, 1.0]
disc:  336  :[0.0, 0.9, 1.0]
disc:  337  :[0.0, 0.030157825897109664, 0.4301578258971097, 2.0]
disc:  338  :[0.0, 0.8289612393412754, 1.0]
disc:  339  :[0.0, 0.2, 2.0]
disc:  340  :[0.0, 0.2, 2.0]
disc:  341  :[0.0, 1.8, 2.0]
disc:  342  :[0.0, 0.7298115623684569, 0.9298115623684569, 1.0]
disc:  343  :[0.0, 0.3701884376315434, 2.0]
disc:  344  :[0.0, 1.5989446059828718, 1.9989446059828717, 2.0]
disc:  345  :[0.0, 0.9, 1.0]
disc:  346  :[0.0, 0.5010553940171286, 3.0]
disc:  347  :[0.0, 0.2, 2.0]
disc:  348  :[0.0, 0.6, 6.0]
disc:  349  :[0.0, 0.2, 2.0]
disc:  350  :[0.0, 0.1, 1.0]
disc:  351  :[0.0, 0.2, 2.0]
disc:  352  :[0.0, 0.6, 6.0]
disc:  353  :[0.0, 0.1, 1.0]
disc:  354  :[0.0, 1.8, 2.0]
disc:  355  :[0.0, 0.9, 1.0]
disc:  356  :[0.0, 0.2528705853050492, 2.0]
disc:  357  :[0.0, 0.1, 1.0]
disc:  358  :[0.0, 0.2, 2.0]
disc:  359  :[0.0, 5.4, 6.0]
disc:  360  :[0.0, 1.3001159107409221, 2.500115910740922, 6.0]
disc:  361  :[0.0, 0.2, 2.0]
disc:  362  :[0.0, 0.19988408925907775, 1.0]
disc:  363  :[0.0, 1.1916566474030654, 1.5916566474030653, 2.0]
disc:  364  :[0.0, 0.8001159107409224, 1.0]
disc:  365  :[0.0, 0.4082274418560122, 1.0082274418560122, 3.0]
disc:  366  :[0.0, 1.8, 2.0]
disc:  367  :[0.0, 5.4, 6.0]
disc:  368  :[0.0, 0.2, 2.0]
disc:  369  :[0.0, 1.8, 2.0]
disc:  370  :[0.0, 0.9, 1.0]
disc:  371  :[0.0, 0.2, 2.0]
disc:  372  :[0.0, 0.2, 2.0]
disc:  373  :[0.0, 0.8029748478089991, 1.202974847808999, 2.0]
disc:  374  :[0.0, 0.6, 6.0]
disc:  375  :[0.0, 0.2, 2.0]
disc:  376  :[0.0, 0.13573638013453065, 0.5357363801345307, 2.0]
disc:  377  :[0.0, 4.610263102542629, 5.810263102542629, 6.0]
disc:  378  :[0.0, 1.8540005173228407, 3.054000517322841, 6.0]
disc:  379  :[0.0, 1.8, 2.0]
disc:  380  :[0.0, 0.1, 1.0]
disc:  381  :[0.0, 0.5102631025426292, 3.0]
disc:  382  :[0.0, 0.489736897457371, 1.089736897457371, 3.0]
disc:  383  :[0.0, 1.6298115623684566, 2.0]
disc:  384  :[0.0, 2.270975831798353, 3.470975831798353, 6.0]
disc:  385  :[0.0, 0.2, 2.0]
disc:  502  :[0.0, 0.1, 1.0]
disc:  503  :[0.0, 0.4433575991214487, 0.6433575991214486, 1.0]
disc:  504  :[0.0, 0.1, 1.0]
disc:  505  :[0.0, 0.6777554313281774, 0.8777554313281773, 1.0]
disc:  506  :[0.0, 0.5593461142863873, 0.7593461142863872, 1.0]
disc:  507  :[0.0, 0.35664240087855137, 0.5566424008785513, 1.0]
disc:  508  :[0.0, 0.1, 1.0]
disc:  509  :[0.0, 0.1, 1.0]
disc:  510  :[0.0, 0.275, 0.475, 1.0]
disc:  511  :[0.0, 0.1222445686718226, 0.3222445686718226, 1.0]
disc:  512  :[0.0, 0.1, 1.0]
disc:  513  :[0.0, 0.9, 1.0]
disc:  514  :[0.0, 0.1, 1.0]
disc:  515  :[0.0, 0.1, 1.0]
disc:  516  :[0.0, 0.18226143479197754, 1.0]
disc:  517  :[0.0, 0.1, 1.0]
disc:  518  :[0.0, 0.1, 1.0]
disc:  519  :[0.0, 0.1, 1.0]
disc:  520  :[0.0, 0.7373972097263942, 0.9373972097263942, 1.0]
disc:  521  :[0.0, 0.9, 1.0]
disc:  522  :[0.0, 0.1, 1.0]
disc:  523  :[0.0, 0.1, 1.0]
disc:  524  :[0.0, 0.9, 1.0]
disc:  525  :[0.0, 0.13789301426476153, 0.33789301426476154, 1.0]
disc:  526  :[0.0, 0.18579011965071443, 0.3857901196507144, 1.0]
disc:  527  :[0.0, 0.1, 1.0]
disc:  528  :[0.0, 0.0626027902736058, 0.2626027902736058, 1.0]
disc:  529  :[0.0, 0.1, 1.0]
disc:  530  :[0.0, 0.1, 1.0]
disc:  531  :[0.0, 0.1, 1.0]
disc:  532  :[0.0, 0.5381909557795976, 0.7381909557795976, 1.0]
disc:  533  :[0.0, 0.1, 1.0]
disc:  534  :[0.0, 0.1, 1.0]
disc:  535  :[0.0, 0.1, 1.0]
disc:  536  :[0.0, 0.1, 1.0]
disc:  537  :[0.0, 0.1, 1.0]
disc:  538  :[0.0, 0.1, 1.0]
disc:  539  :[0.0, 0.1, 1.0]
disc:  540  :[0.0, 0.2618090442204024, 0.46180904422040236, 1.0]
disc:  541  :[0.0, 0.03150684528506201, 0.23150684528506202, 1.0]
disc:  542  :[0.0, 0.1, 1.0]
disc:  543  :[0.0, 0.1, 1.0]
disc:  544  :[0.0, 0.9, 1.0]
disc:  545  :[0.0, 0.1, 1.0]
disc:  546  :[0.0, 0.1, 1.0]
disc:  547  :[0.0, 0.6621069857352386, 0.8621069857352386, 1.0]
disc:  548  :[0.0, 0.1, 1.0]
disc:  549  :[0.0, 0.9, 1.0]
disc:  550  :[0.0, 0.1, 1.0]
disc:  551  :[0.0, 0.1, 1.0]
disc:  552  :[0.0, 0.1, 1.0]
disc:  553  :[0.0, 0.1, 1.0]
disc:  554  :[0.0, 0.1, 1.0]
disc:  555  :[0.0, 0.1, 1.0]
disc:  556  :[0.0, 0.9, 1.0]
disc:  557  :[0.0, 0.1, 1.0]
disc:  558  :[0.0, 0.1, 1.0]
disc:  559  :[0.0, 0.1, 1.0]
disc:  560  :[0.0, 0.1, 1.0]
disc:  561  :[0.0, 0.1, 1.0]
disc:  562  :[0.0, 0.1, 1.0]
disc:  563  :[0.0, 0.1, 1.0]
disc:  564  :[0.0, 0.1, 1.0]
disc:  565  :[0.0, 0.1, 1.0]
disc:  566  :[0.0, 0.9, 1.0]
disc:  567  :[0.0, 0.1, 1.0]
disc:  568  :[0.0, 0.1, 1.0]
disc:  569  :[0.0, 0.15694844555730794, 0.356948445557308, 1.0]
disc:  570  :[0.0, 0.24065388571361282, 0.44065388571361286, 1.0]
disc:  571  :[0.0, 0.1, 1.0]
disc:  572  :[0.0, 0.7684931547149381, 0.968493154714938, 1.0]
  Completed presolve in 6.67s
LOWER-BOUNDING ITERATIONS
====================================================================================================
| Iter   | Incumbent       | Best Incumbent      | Lower Bound        | Gap (%)         | Time      
| finish | -616.9019       | -616.9019           | -629.2028          | 1.994           | 27.44s           
Final UBD: -616.9019151296097
Final LBD: -629.2028281193948
====================================================================================================

*** Alpine ended with status OTHER_LIMIT ***

 Total time for local solves: 4.38s

 Total time for solving max-min problems: 0.0s

 Total time excluding max-min time: 27.44s

presolve objective value: -616.9019151296097
w_opt: 1-dimensional DenseAxisArray{Float64,1,...} with index sets:
    Dimension 1, [(25, 1, 2), (25, 1, 1), (25, 1, 14), (20, 1, 2), (20, 1, 1), (20, 1, 14), (1, 1, 2), (1, 1, 1), (1, 1, 14), (2, 1, 2)  …  (20, 15, 23), (20, 15, 3), (8, 15, 30), (8, 15, 29), (8, 15, 23), (8, 15, 3), (2, 15, 30), (2, 15, 29), (2, 15, 23), (2, 15, 3)]
And data, a 261-element Vector{Float64}:
 1.1677691898844842
 1.832230810115516
 0.0
 0.6620423724839722
 1.0387450216828367
 0.0
 0.0
 0.0
 0.0
 0.0
 0.0
 0.0
 0.0
 0.0
 0.0
 0.0
 2.0
 0.0
 0.21026310254262917
 0.789736897457371
 0.0
 0.0
 0.0
 0.0
 0.0
 0.0
 0.0
 0.0
 0.2213664776662802
 3.4353667310712184
 1.6180357055535992
 0.0
 0.0
 0.0
 0.0
 0.0
 0.0
 0.0
 0.0
 0.0
 0.11436990246825048
 1.7748963714714108
 0.8359648117692419
 0.0
 0.0
 0.0
 0.0
 0.0
 0.0
 1.002974847808999
 0.0
 0.0
 0.0
 0.0
 0.0
 0.0
 0.0
 0.0
 0.0
 2.0
 1.0
 0.0
 0.0
 0.0
 0.0
 0.0
 0.0
 0.0
 0.0
 0.0
 0.0
 0.7499999999999999
 2.25
 0.0
 0.16452286958395515
 0.49356860875186526
 0.0
 0.5715802393014289
 1.7147407179042866
 0.0
 0.0
 0.0
 0.0
 0.0
 0.0
 0.0
 0.0
 0.0
 0.0
 0.0
 0.0
 0.0
 0.5138968911146159
 1.5416906733438476
 0.0
 0.0
 0.0
 0.0
 0.0
 0.0
 0.0
 1.3916566474030654
 0.9001159107409223
 0.7082274418560122
 0.0
 0.0
 0.0
 0.0
 0.0
 0.0
 0.0
 0.0
 0.0
 0.0
 0.0
 0.0
 0.0
 0.0
 5.024383258358365
 1.5911517618111746
 0.0
 0.08364265764161452
 0.0
 0.9756167416416349
 0.30896414892974766
 0.0
 0.016241431617463973
 0.0
 0.0
 0.0
 0.0
 0.0
 0.0
 0.0
 0.0
 0.0
 0.0
 0.0
 0.0
 0.0
 0.0
 0.0
 0.0
 0.0
 0.0
 0.0
 0.0
 0.0
 0.0
 0.0
 0.0
 0.05287058530504917
 0.0
 0.4757860285295231
 0.23789301426476153
 0.0
 0.0
 1.524213971470477
 0.7621069857352386
 0.0
 0.0
 0.0
 0.0
 0.0
 0.0
 0.0
 0.0
 0.0
 0.0
 0.0
 0.0
 0.0
 0.0
 0.0
 0.0
 0.0
 0.0
 0.0
 0.0
 0.0
 0.0
 0.0
 0.0
 0.0
 0.0
 0.0
 0.0
 0.0
 0.0
 0.0
 0.0
 0.0
 0.0
 0.0
 1.7989446059828718
 1.0
 0.20105539401712866
 0.0
 0.0
 0.0
 0.0
 0.0
 0.0
 0.0
 0.0
 0.0
 1.5555108626563547
 0.6453904496109879
 0.1323649817171897
 0.4444891373436452
 0.18442111275746892
 0.03782345591435375
 0.0
 0.0
 0.0
 0.0
 0.0
 0.0
 0.0
 0.0
 0.0
 0.1250580036984659
 0.5047581486853608
 0.0
 0.0
 0.10509982219864379
 0.42420309065591455
 0.0
 0.0
 0.0
 0.0
 0.0
 0.0
 0.0
 0.0
 0.0
 0.0
 0.0
 0.0
 0.0
 0.0
 0.0
 0.0
 0.0
 0.0
 0.0
 0.0
 0.0
 0.0
 0.263013690570124
 0.1319060431243378
 0.0
 0.131506845285062
 0.0
 0.0
 0.0
 0.0
 1.736986309429876
 0.8711295238715129
 0.0
 0.868493154714938
x_ij_opt: 1-dimensional DenseAxisArray{Float64,1,...} with index sets:
    Dimension 1, [(43, 30), (43, 22), (43, 6), (44, 22), (45, 30), (45, 29), (45, 28), (45, 24), (45, 23), (40, 29)  …  (5, 7), (5, 14), (6, 4), (6, 3), (1, 14), (1, 10), (1, 23), (1, 1), (3, 2), (3, 1)]
And data, a 116-element Vector{Float64}:
 0.0
 1.2412664232610788
 1.140072427932697
 0.0
 0.0
 0.0
 1.7698421741028905
 0.0
 0.0
 0.0
 0.0
 0.0
 0.0
 0.0
 0.0
 0.0
 0.0
 0.0
 0.2272139731463326
 0.0
 0.0
 0.0
 0.0
 0.0
 0.0
 0.0
 0.0
 2.0
 0.0
 2.3419085216641795
 0.0
 0.0
 0.0
 0.0
 0.0
 0.0
 0.0
 0.0
 0.0
 0.0
 0.0
 0.0
 0.0
 0.5241911919327723
 0.0
 0.0
 0.7587335767389211
 0.0
 0.0
 0.0
 0.0
 0.0
 0.0
 0.0
 0.0
 3.0
 0.0
 0.0
 0.0
 1.947129414694951
 0.0
 0.0
 0.0
 0.20105539401712827
 6.0
 0.0
 0.0
 0.0
 0.0
 0.7727860268536675
 0.0
 0.0
 0.0
 0.0
 0.0
 0.0
 0.07103876065872464
 0.9970251521910012
 0.0
 0.0
 0.0
 0.0
 0.0
 0.0
 0.0
 0.0
 0.0
 0.0
 0.0
 0.0
 0.0
 0.0
 0.0
 0.0
 0.0
 0.0
 0.0
 0.17018843763154326
 0.0
 0.0
 0.0
 0.0
 0.0
 0.0
 0.0
 0.6083433525969347
 0.23240273464197617
 0.0
 0.0
 0.0
 0.0
 0.0
 0.0
 2.210533623803006
 0.0
 0.0
x_il_opt: 1-dimensional DenseAxisArray{Float64,1,...} with index sets:
    Dimension 1, [(43, 15), (43, 14), (44, 15), (44, 13), (44, 3), (40, 14), (40, 2), (41, 14), (42, 6), (37, 13)  …  (4, 13), (5, 2), (5, 7), (5, 9), (6, 11), (1, 1), (1, 6), (1, 3), (2, 1), (2, 15)]
And data, a 71-element Vector{Float64}:
 0.0
 0.6298161523838267
 0.0
 2.3332662939845323
 5.274768914291098
 0.5293029128545583
 0.0
 0.0
 3.0
 0.6667337060154678
 0.0
 3.0
 0.0
 0.0
 0.6580914783358204
 0.0
 0.0
 0.0
 6.699177677811154
 0.0
 0.0
 0.0
 3.0
 0.7136790427942846
 2.2863209572057155
 0.0
 1.3008223221888464
 0.0
 0.0
 0.0
 3.0
 0.0
 0.0
 0.0
 0.0
 0.0
 0.0
 0.0
 1.700787394166809
 0.5264265789795238
 0.0
 0.0
 3.0
 0.0
 0.0
 2.2863209572057155
 0.0
 3.0
 0.0
 0.0
 0.0
 0.0
 0.0
 0.0
 1.002974847808999
 0.0
 0.0
 0.0
 0.0
 0.0
 0.0
 0.0
 0.0
 0.0
 0.05287058530504917
 0.0
 0.0
 2.0555875644584636
 2.7252310857089026
 0.0
 3.476608988016327
x_lj_opt: 1-dimensional DenseAxisArray{Float64,1,...} with index sets:
    Dimension 1, [(15, 30), (15, 29), (15, 23), (15, 3), (14, 28), (14, 27), (14, 10), (14, 24), (13, 26), (13, 25)  …  (3, 6), (3, 5), (3, 29), (2, 4), (2, 3), (2, 1), (2, 5), (1, 2), (1, 1), (1, 14)]
And data, a 53-element Vector{Float64}:
 2.0
 1.0030355669958508
 0.0
 1.0
 0.23015782589710967
 0.9289612393412754
 0.0
 0.0
 2.0
 0.8298115623684569
 0.17018843763154343
 1.7989446059828718
 1.0
 0.20105539401712866
 0.0
 0.0
 0.0
 0.0
 0.0
 0.0
 0.0
 2.0
 1.0
 0.05287058530504917
 0.0
 0.0
 6.0
 1.900115910740922
 0.0
 0.09988408925907773
 1.3916566474030654
 0.9001159107409223
 0.7082274418560122
 2.0
 6.0
 0.0
 2.0
 1.0
 0.0
 0.0
 1.002974847808999
 0.0
 0.0
 0.33573638013453067
 5.210263102542629
 2.4540005173228407
 2.0
 0.0
 0.21026310254262917
 0.789736897457371
 1.8298115623684565
 2.870975831798353
 0.0
q_opt: 1-dimensional DenseAxisArray{Float64,1,...} with index sets:
    Dimension 1, [(43, 15), (43, 14), (44, 15), (44, 13), (44, 3), (40, 14), (40, 2), (41, 14), (42, 6), (37, 13)  …  (4, 13), (5, 2), (5, 7), (5, 9), (6, 11), (1, 1), (1, 6), (1, 3), (2, 1), (2, 15)]
And data, a 71-element Vector{Float64}:
 0.0
 0.5433575991214487
 0.0
 0.7777554313281774
 0.6593461142863872
 0.45664240087855135
 0.0
 0.0
 0.375
 0.2222445686718226
 0.0
 1.0
 0.0
 0.0
 0.08226143479197755
 0.0
 0.0
 0.0
 0.8373972097263942
 1.0
 0.0
 0.0
 1.0
 0.23789301426476153
 0.28579011965071444
 0.0
 0.1626027902736058
 0.0
 0.0
 0.0
 0.6381909557795976
 0.0
 0.0
 0.0
 0.0
 0.0
 0.0
 0.0
 0.3618090442204024
 0.131506845285062
 0.0
 0.0
 1.0
 0.0
 0.0
 0.7621069857352386
 0.0
 1.0
 0.0
 0.0
 0.0
 0.0
 0.0
 0.0
 1.0
 0.0
 0.0
 0.0
 0.0
 0.0
 0.0
 0.0
 0.0
 0.0
 1.0
 0.0
 0.0
 0.25694844555730795
 0.3406538857136128
 0.0
 0.868493154714938
