
PROBLEM STATISTICS
  Objective sense = Min
  # Variables = 572
  # Bin-Int Variables = 0
  # Constraints = 621
  # NL Constraints = 261
  # Linear Constraints = 360
  # Detected convex constraints = 0
  # Detected nonlinear terms = 261
  # Variables involved in nonlinear terms = 124
  # Potential variables for partitioning = 124
SUB-SOLVERS USED BY ALPINE
  NLP local solver = Knitro
  MIP solver = Gurobi
ALPINE CONFIGURATION
  Maximum iterations (lower-bounding MIPs) =  1
  Relative global optimality gap = 0.01%
  Potential variables chosen for partitioning = All
  Discretization ratio = 10
  Bound-tightening presolve = false
PRESOLVE 
  Doing local search

Feasible solution found during presolve: [1.2931729455727938, 0.0, 0.0, 0.7068270544272061, 0.0, 0.0, 0.0, 0.0, 0.0, 0.0, 0.0, 0.0, 0.0, 0.0, 0.0, 0.0, 2.0, 0.0, 0.0, 1.0000000000000002, 0.0, 0.0, 0.0, 0.0, 0.0, 0.0, 0.0, 0.0, 0.0, 1.4255622904094714, 0.622487328435646, 0.0, 0.0, 0.0, 0.0, 3.5744377095905286, 1.5608172266281874, 0.0, 0.0, 0.0, 0.0, 0.0, 0.0, 0.0, 0.04251999292561674, 0.0, 0.0, 0.0, 0.0, 0.0, 0.0, 0.0, 0.0, 0.0, 0.0, 0.0, 0.0, 0.0, 0.0, 2.0, 1.0, 0.0, 0.0, 0.0, 0.0, 0.0, 0.0, 0.0, 0.0, 0.0, 0.0, 0.6383985792363176, 1.9151957377089528, 0.0, 0.0, 0.0, 0.0, 0.5196652492455647, 1.558995747736694, 0.0, 0.0, 0.0, 0.0, 0.0, 0.0, 0.0, 0.0, 0.0, 0.0, 0.0, 0.0, 0.0, 0.8419361715181177, 2.5258085145543534, 0.0, 0.0, 0.0, 0.0, 0.0, 0.0, 0.0, 0.2771441148102981, 0.364008128882576, 0.8026179558097555, 0.298731703043068, 0.39236181629562755, 0.8651362811586748, 0.0, 0.0, 0.0, 0.0, 0.0, 0.0, 0.0, 0.0, 0.0, 0.0, 0.0, 3.426714509906783, 2.0097966229621456, 0.0, 0.0, 0.0, 1.6158054830188338, 0.9476833841122383, 0.0, 0.0, 0.0, 0.0, 0.0, 0.0, 0.0, 0.0, 0.0, 0.0, 0.0, 0.0, 0.0, 0.0, 0.0, 0.0, 0.0, 0.0, 0.0, 0.0, 0.0, 0.0, 0.19159428696352132, 0.2246296086540155, 0.0, 0.0, 0.0, 0.0, 0.6142260020118276, 0.3071130010059138, 0.0, 0.0, 1.3857739979881725, 0.6928869989940862, 0.0, 0.0, 0.0, 0.0, 0.0, 0.0, 0.0, 0.0, 0.0, 0.0, 0.0, 0.0, 0.0, 0.0, 0.0, 0.0, 0.0, 0.0, 0.0, 0.0, 0.0, 0.0, 0.0, 0.0, 0.0, 0.0, 0.0, 0.0, 0.0, 0.0, 0.0, 0.0, 0.0, 0.0, 0.0, 1.3625957476472519, 0.9207930072708796, 0.7166112450818685, 0.0, 0.0, 0.0, 0.0, 0.0, 0.0, 0.0, 0.0, 0.0, 1.411049774820174, 0.705524887410087, 0.0, 0.5292881605708328, 0.2646440802854164, 0.0, 0.0, 0.0, 0.0, 0.05966206460899335, 0.029831032304496675, 0.0, 0.0, 0.0, 0.0, 0.0, 0.0, 0.0, 0.0, 0.19679193646861398, 0.6735298390128487, 0.0, 0.0, 0.0, 0.0, 0.0, 0.0, 0.0, 0.0, 0.0, 0.0, 0.0, 0.0, 0.0, 0.0, 0.0, 0.0, 0.0, 0.0, 0.0, 0.0, 0.0, 0.0, 0.6245697537632767, 0.03125478202929681, 0.0, 0.31228487688163836, 0.0, 0.0, 0.0, 0.0, 1.3754302462367234, 0.06882941782500142, 0.0, 0.6877151231183617, 0.0, 0.0, 0.0, 2.1165746622302613, 2.0480496188451176, 0.8703217754814627, 0.0, 0.0, 2.5535943169452704, 0.7939322408562492, 0.0, 3.0, 0.0, 0.0, 0.0, 0.0, 0.0, 0.0, 5.436511132868929, 0.0, 0.04251999292561674, 0.0, 3.0, 0.9213390030177415, 2.0786609969822587, 0.0, 2.563488867131072, 0.0, 0.0, 0.4162238956175368, 1.2931729455727938, 0.08949309691349003, 0.0, 0.0, 0.0, 0.0, 0.0, 0.0, 0.7068270544272061, 0.9681094126742119, 0.0, 0.0, 3.0, 0.0, 0.0, 2.0786609969822587, 0.0, 1.4437701995026295, 0.0, 0.0, 0.0, 0.0, 0.0, 0.0, 0.0, 0.0, 0.0, 5.135254936218716, 0.0, 0.0, 0.0, 0.0, 0.0, 1.5562298004973705, 0.0, 0.0, 0.0, 3.367744686072471, 0.0, 0.0, 2.1319747871800865, 2.0, 0.10008419985429823, 0.0, 1.0, 0.19679193646861398, 0.6735298390128487, 0.0, 0.0, 2.0, 1.0, 0.0, 1.3625957476472519, 0.9207930072708796, 0.7166112450818685, 0.0, 0.0, 0.0, 0.0, 0.0, 0.0, 0.0, 2.0, 1.0, 0.19159428696352132, 0.2246296086540155, 0.0, 5.042519992925617, 2.9574800070743836, 0.0, 0.0, 0.5758758178533661, 0.7563699451782034, 1.6677542369684302, 2.0, 6.0, 0.0, 2.0, 1.0, 0.0, 0.0, 0.0, 0.04251999292561674, 0.0, 0.0, 5.0, 2.1833045550638333, 2.0, 0.0, 0.0, 1.0000000000000002, 2.0, 0.0, 0.0, 0.0, 1.83816653845812, 1.5761706721481406, 0.0, 0.0, 0.0, 1.803208063531386, 0.0, 0.0, 0.0, 0.0, 0.0, 0.0, 0.0, 0.0, 0.0, 0.0, 0.0, 0.0, 0.0, 0.0, 0.0, 0.0, 0.0, 0.0, 0.0, 0.0, 2.0, 0.0, 3.0, 0.0, 0.0, 0.0, 0.0, 0.0, 0.0, 0.0, 0.0, 0.0, 0.0, 0.0, 0.0, 0.0, 0.42382932785185945, 0.0, 0.0, 0.16183346154188002, 0.0, 0.0, 0.0, 0.0, 0.0, 0.0, 0.0, 0.0, 3.0, 0.0, 0.9574800070743829, 0.24363005482179662, 1.8084057130364788, 0.0, 0.0, 0.0, 0.6374042523527481, 6.0, 0.0, 0.0, 0.0, 0.0, 0.7753703913459845, 0.0, 0.0, 0.0, 0.0, 0.0, 0.0, 0.32647016098715126, 0.6309250855746055, 0.0, 0.0, 0.0, 0.0, 0.0, 0.0, 0.0, 0.0, 0.0, 0.0, 0.0, 0.0, 0.0, 1.3690749144253946, 0.0, 0.0, 0.0, 0.0, 0.0, 0.0, 0.0, 0.0, 0.0, 0.0, 0.0, 0.0, 0.0, 1.248151090221903, 0.0, 0.0, 0.0, 0.0, 0.17597309192473073, 0.0, 0.07920699272912042, 4.33224576303157, 0.0, 0.0, 0.0, 0.0, 0.0, 0.705524887410087, 0.2851124580818943, 1.0, 0.0, 0.0, 0.3191992896181588, 0.2646440802854164, 0.0, 1.0, 0.0, 0.0, 0.0, 0.0, 0.0, 0.0, 0.6795638916086161, 1.0, 1.0, 0.0, 1.0, 0.3071130010059138, 0.25983262462278234, 0.0, 0.320436108391384, 0.0, 0.0, 1.0, 0.6465864727863969, 0.029831032304496675, 0.0, 0.0, 0.0, 0.0, 0.0, 0.0, 0.35341352721360303, 0.31228487688163836, 0.0, 0.0, 1.0, 0.0, 0.0, 0.6928869989940862, 0.0, 0.48125673316754325, 0.0, 0.0, 0.0, 0.0, 0.0, 0.0, 0.0, 0.0, 0.0, 0.7148875419181058, 0.0, 0.0, 0.0, 0.0, 0.0, 0.5187432668324569, 0.0, 0.0, 0.0, 0.42096808575905886, 0.0, 0.0, 0.6877151231183617]  :with objective: -600.8036928300999

  Local solver returns a feasible point with value -600.8037
disc:  333  :[0.0, 1.8, 2.0]
disc:  334  :[0.0, 0.7000841998542982, 6.0]
disc:  335  :[0.0, 0.1, 1.0]
disc:  336  :[0.0, 0.9, 1.0]
disc:  337  :[0.0, 0.396791936468614, 2.0]
disc:  338  :[0.0, 0.5735298390128487, 0.7735298390128487, 1.0]
disc:  339  :[0.0, 0.2, 2.0]
disc:  340  :[0.0, 0.2, 2.0]
disc:  341  :[0.0, 1.8, 2.0]
disc:  342  :[0.0, 0.9, 1.0]
disc:  343  :[0.0, 0.2, 2.0]
disc:  344  :[0.0, 1.162595747647252, 1.5625957476472518, 2.0]
disc:  345  :[0.0, 0.8207930072708797, 1.0]
disc:  346  :[0.0, 0.4166112450818685, 1.0166112450818685, 3.0]
disc:  347  :[0.0, 0.2, 2.0]
disc:  348  :[0.0, 0.6, 6.0]
disc:  349  :[0.0, 0.2, 2.0]
disc:  350  :[0.0, 0.1, 1.0]
disc:  351  :[0.0, 0.2, 2.0]
disc:  352  :[0.0, 0.6, 6.0]
disc:  353  :[0.0, 0.1, 1.0]
disc:  354  :[0.0, 1.8, 2.0]
disc:  355  :[0.0, 0.9, 1.0]
disc:  356  :[0.0, 0.39159428696352133, 2.0]
disc:  357  :[0.0, 0.12462960865401548, 0.32462960865401547, 1.0]
disc:  358  :[0.0, 0.2, 2.0]
disc:  359  :[0.0, 4.442519992925617, 5.6425199929256165, 6.0]
disc:  360  :[0.0, 2.3574800070743835, 3.5574800070743837, 6.0]
disc:  361  :[0.0, 0.2, 2.0]
disc:  362  :[0.0, 0.1, 1.0]
disc:  363  :[0.0, 0.37587581785336605, 0.775875817853366, 2.0]
disc:  364  :[0.0, 0.6563699451782035, 0.8563699451782034, 1.0]
disc:  365  :[0.0, 1.3677542369684301, 1.9677542369684302, 3.0]
disc:  366  :[0.0, 1.8, 2.0]
disc:  367  :[0.0, 5.4, 6.0]
disc:  368  :[0.0, 0.2, 2.0]
disc:  369  :[0.0, 1.8, 2.0]
disc:  370  :[0.0, 0.9, 1.0]
disc:  371  :[0.0, 0.2, 2.0]
disc:  372  :[0.0, 0.2, 2.0]
disc:  373  :[0.0, 0.2, 2.0]
disc:  374  :[0.0, 0.6425199929256167, 6.0]
disc:  375  :[0.0, 0.2, 2.0]
disc:  376  :[0.0, 0.2, 2.0]
disc:  377  :[0.0, 4.4, 5.6, 6.0]
disc:  378  :[0.0, 1.5833045550638332, 2.7833045550638333, 6.0]
disc:  379  :[0.0, 1.8, 2.0]
disc:  380  :[0.0, 0.1, 1.0]
disc:  381  :[0.0, 0.3, 3.0]
disc:  382  :[0.0, 0.7000000000000002, 1.3000000000000003, 3.0]
disc:  383  :[0.0, 1.8, 2.0]
disc:  384  :[0.0, 0.6, 6.0]
disc:  385  :[0.0, 0.2, 2.0]
disc:  502  :[0.0, 0.1, 1.0]
disc:  503  :[0.0, 0.1, 1.0]
disc:  504  :[0.0, 0.1, 1.0]
disc:  505  :[0.0, 0.605524887410087, 0.805524887410087, 1.0]
disc:  506  :[0.0, 0.18511245808189428, 0.3851124580818943, 1.0]
disc:  507  :[0.0, 0.9, 1.0]
disc:  508  :[0.0, 0.1, 1.0]
disc:  509  :[0.0, 0.1, 1.0]
disc:  510  :[0.0, 0.2191992896181588, 0.4191992896181588, 1.0]
disc:  511  :[0.0, 0.1646440802854164, 0.3646440802854164, 1.0]
disc:  512  :[0.0, 0.1, 1.0]
disc:  513  :[0.0, 0.9, 1.0]
disc:  514  :[0.0, 0.1, 1.0]
disc:  515  :[0.0, 0.1, 1.0]
disc:  516  :[0.0, 0.1, 1.0]
disc:  517  :[0.0, 0.1, 1.0]
disc:  518  :[0.0, 0.1, 1.0]
disc:  519  :[0.0, 0.1, 1.0]
disc:  520  :[0.0, 0.5795638916086161, 0.779563891608616, 1.0]
disc:  521  :[0.0, 0.9, 1.0]
disc:  522  :[0.0, 0.9, 1.0]
disc:  523  :[0.0, 0.1, 1.0]
disc:  524  :[0.0, 0.9, 1.0]
disc:  525  :[0.0, 0.20711300100591382, 0.40711300100591385, 1.0]
disc:  526  :[0.0, 0.15983262462278233, 0.3598326246227823, 1.0]
disc:  527  :[0.0, 0.1, 1.0]
disc:  528  :[0.0, 0.22043610839138397, 0.420436108391384, 1.0]
disc:  529  :[0.0, 0.1, 1.0]
disc:  530  :[0.0, 0.1, 1.0]
disc:  531  :[0.0, 0.9, 1.0]
disc:  532  :[0.0, 0.5465864727863969, 0.7465864727863969, 1.0]
disc:  533  :[0.0, 0.1298310323044967, 1.0]
disc:  534  :[0.0, 0.1, 1.0]
disc:  535  :[0.0, 0.1, 1.0]
disc:  536  :[0.0, 0.1, 1.0]
disc:  537  :[0.0, 0.1, 1.0]
disc:  538  :[0.0, 0.1, 1.0]
disc:  539  :[0.0, 0.1, 1.0]
disc:  540  :[0.0, 0.253413527213603, 0.45341352721360306, 1.0]
disc:  541  :[0.0, 0.21228487688163836, 0.4122848768816384, 1.0]
disc:  542  :[0.0, 0.1, 1.0]
disc:  543  :[0.0, 0.1, 1.0]
disc:  544  :[0.0, 0.9, 1.0]
disc:  545  :[0.0, 0.1, 1.0]
disc:  546  :[0.0, 0.1, 1.0]
disc:  547  :[0.0, 0.5928869989940863, 0.7928869989940862, 1.0]
disc:  548  :[0.0, 0.1, 1.0]
disc:  549  :[0.0, 0.38125673316754327, 0.5812567331675432, 1.0]
disc:  550  :[0.0, 0.1, 1.0]
disc:  551  :[0.0, 0.1, 1.0]
disc:  552  :[0.0, 0.1, 1.0]
disc:  553  :[0.0, 0.1, 1.0]
disc:  554  :[0.0, 0.1, 1.0]
disc:  555  :[0.0, 0.1, 1.0]
disc:  556  :[0.0, 0.1, 1.0]
disc:  557  :[0.0, 0.1, 1.0]
disc:  558  :[0.0, 0.1, 1.0]
disc:  559  :[0.0, 0.6148875419181058, 0.8148875419181058, 1.0]
disc:  560  :[0.0, 0.1, 1.0]
disc:  561  :[0.0, 0.1, 1.0]
disc:  562  :[0.0, 0.1, 1.0]
disc:  563  :[0.0, 0.1, 1.0]
disc:  564  :[0.0, 0.1, 1.0]
disc:  565  :[0.0, 0.4187432668324569, 0.6187432668324568, 1.0]
disc:  566  :[0.0, 0.1, 1.0]
disc:  567  :[0.0, 0.1, 1.0]
disc:  568  :[0.0, 0.1, 1.0]
disc:  569  :[0.0, 0.3209680857590589, 0.5209680857590588, 1.0]
disc:  570  :[0.0, 0.1, 1.0]
disc:  571  :[0.0, 0.1, 1.0]
disc:  572  :[0.0, 0.5877151231183617, 0.7877151231183617, 1.0]
  Completed presolve in 10.86s
LOWER-BOUNDING ITERATIONS
====================================================================================================
| Iter   | Incumbent       | Best Incumbent      | Lower Bound        | Gap (%)         | Time      
| finish | -600.8037       | -600.8037           | -626.3847          | 4.258           | 25.64s           
Final UBD: -600.8036928300999
Final LBD: -626.3846759684537
====================================================================================================

*** Alpine ended with status OTHER_LIMIT ***

 Total time for local solves: 8.65s

 Total time for solving max-min problems: 0.0s

 Total time excluding max-min time: 25.64s

presolve objective value: -600.8036928300999
w_opt: 1-dimensional DenseAxisArray{Float64,1,...} with index sets:
    Dimension 1, [(25, 1, 2), (25, 1, 1), (25, 1, 14), (20, 1, 2), (20, 1, 1), (20, 1, 14), (1, 1, 2), (1, 1, 1), (1, 1, 14), (2, 1, 2)  …  (20, 15, 23), (20, 15, 3), (8, 15, 30), (8, 15, 29), (8, 15, 23), (8, 15, 3), (2, 15, 30), (2, 15, 29), (2, 15, 23), (2, 15, 3)]
And data, a 261-element Vector{Float64}:
 1.2931729455727938
 0.0
 0.0
 0.7068270544272061
 0.0
 0.0
 0.0
 0.0
 0.0
 0.0
 0.0
 0.0
 0.0
 0.0
 0.0
 0.0
 2.0
 0.0
 0.0
 1.0000000000000002
 0.0
 0.0
 0.0
 0.0
 0.0
 0.0
 0.0
 0.0
 0.0
 1.4255622904094714
 0.622487328435646
 0.0
 0.0
 0.0
 0.0
 3.5744377095905286
 1.5608172266281874
 0.0
 0.0
 0.0
 0.0
 0.0
 0.0
 0.0
 0.04251999292561674
 0.0
 0.0
 0.0
 0.0
 0.0
 0.0
 0.0
 0.0
 0.0
 0.0
 0.0
 0.0
 0.0
 0.0
 2.0
 1.0
 0.0
 0.0
 0.0
 0.0
 0.0
 0.0
 0.0
 0.0
 0.0
 0.0
 0.6383985792363176
 1.9151957377089528
 0.0
 0.0
 0.0
 0.0
 0.5196652492455647
 1.558995747736694
 0.0
 0.0
 0.0
 0.0
 0.0
 0.0
 0.0
 0.0
 0.0
 0.0
 0.0
 0.0
 0.0
 0.8419361715181177
 2.5258085145543534
 0.0
 0.0
 0.0
 0.0
 0.0
 0.0
 0.0
 0.2771441148102981
 0.364008128882576
 0.8026179558097555
 0.298731703043068
 0.39236181629562755
 0.8651362811586748
 0.0
 0.0
 0.0
 0.0
 0.0
 0.0
 0.0
 0.0
 0.0
 0.0
 0.0
 3.426714509906783
 2.0097966229621456
 0.0
 0.0
 0.0
 1.6158054830188338
 0.9476833841122383
 0.0
 0.0
 0.0
 0.0
 0.0
 0.0
 0.0
 0.0
 0.0
 0.0
 0.0
 0.0
 0.0
 0.0
 0.0
 0.0
 0.0
 0.0
 0.0
 0.0
 0.0
 0.0
 0.19159428696352132
 0.2246296086540155
 0.0
 0.0
 0.0
 0.0
 0.6142260020118276
 0.3071130010059138
 0.0
 0.0
 1.3857739979881725
 0.6928869989940862
 0.0
 0.0
 0.0
 0.0
 0.0
 0.0
 0.0
 0.0
 0.0
 0.0
 0.0
 0.0
 0.0
 0.0
 0.0
 0.0
 0.0
 0.0
 0.0
 0.0
 0.0
 0.0
 0.0
 0.0
 0.0
 0.0
 0.0
 0.0
 0.0
 0.0
 0.0
 0.0
 0.0
 0.0
 0.0
 1.3625957476472519
 0.9207930072708796
 0.7166112450818685
 0.0
 0.0
 0.0
 0.0
 0.0
 0.0
 0.0
 0.0
 0.0
 1.411049774820174
 0.705524887410087
 0.0
 0.5292881605708328
 0.2646440802854164
 0.0
 0.0
 0.0
 0.0
 0.05966206460899335
 0.029831032304496675
 0.0
 0.0
 0.0
 0.0
 0.0
 0.0
 0.0
 0.0
 0.19679193646861398
 0.6735298390128487
 0.0
 0.0
 0.0
 0.0
 0.0
 0.0
 0.0
 0.0
 0.0
 0.0
 0.0
 0.0
 0.0
 0.0
 0.0
 0.0
 0.0
 0.0
 0.0
 0.0
 0.0
 0.0
 0.6245697537632767
 0.03125478202929681
 0.0
 0.31228487688163836
 0.0
 0.0
 0.0
 0.0
 1.3754302462367234
 0.06882941782500142
 0.0
 0.6877151231183617
x_ij_opt: 1-dimensional DenseAxisArray{Float64,1,...} with index sets:
    Dimension 1, [(43, 30), (43, 22), (43, 6), (44, 22), (45, 30), (45, 29), (45, 28), (45, 24), (45, 23), (40, 29)  …  (5, 7), (5, 14), (6, 4), (6, 3), (1, 14), (1, 10), (1, 23), (1, 1), (3, 2), (3, 1)]
And data, a 116-element Vector{Float64}:
 0.0
 1.83816653845812
 1.5761706721481406
 0.0
 0.0
 0.0
 1.803208063531386
 0.0
 0.0
 0.0
 0.0
 0.0
 0.0
 0.0
 0.0
 0.0
 0.0
 0.0
 0.0
 0.0
 0.0
 0.0
 0.0
 0.0
 0.0
 0.0
 0.0
 2.0
 0.0
 3.0
 0.0
 0.0
 0.0
 0.0
 0.0
 0.0
 0.0
 0.0
 0.0
 0.0
 0.0
 0.0
 0.0
 0.42382932785185945
 0.0
 0.0
 0.16183346154188002
 0.0
 0.0
 0.0
 0.0
 0.0
 0.0
 0.0
 0.0
 3.0
 0.0
 0.9574800070743829
 0.24363005482179662
 1.8084057130364788
 0.0
 0.0
 0.0
 0.6374042523527481
 6.0
 0.0
 0.0
 0.0
 0.0
 0.7753703913459845
 0.0
 0.0
 0.0
 0.0
 0.0
 0.0
 0.32647016098715126
 0.6309250855746055
 0.0
 0.0
 0.0
 0.0
 0.0
 0.0
 0.0
 0.0
 0.0
 0.0
 0.0
 0.0
 0.0
 1.3690749144253946
 0.0
 0.0
 0.0
 0.0
 0.0
 0.0
 0.0
 0.0
 0.0
 0.0
 0.0
 0.0
 0.0
 1.248151090221903
 0.0
 0.0
 0.0
 0.0
 0.17597309192473073
 0.0
 0.07920699272912042
 4.33224576303157
 0.0
 0.0
x_il_opt: 1-dimensional DenseAxisArray{Float64,1,...} with index sets:
    Dimension 1, [(43, 15), (43, 14), (44, 15), (44, 13), (44, 3), (40, 14), (40, 2), (41, 14), (42, 6), (37, 13)  …  (4, 13), (5, 2), (5, 7), (5, 9), (6, 11), (1, 1), (1, 6), (1, 3), (2, 1), (2, 15)]
And data, a 71-element Vector{Float64}:
 0.0
 0.0
 0.0
 2.1165746622302613
 2.0480496188451176
 0.8703217754814627
 0.0
 0.0
 2.5535943169452704
 0.7939322408562492
 0.0
 3.0
 0.0
 0.0
 0.0
 0.0
 0.0
 0.0
 5.436511132868929
 0.0
 0.04251999292561674
 0.0
 3.0
 0.9213390030177415
 2.0786609969822587
 0.0
 2.563488867131072
 0.0
 0.0
 0.4162238956175368
 1.2931729455727938
 0.08949309691349003
 0.0
 0.0
 0.0
 0.0
 0.0
 0.0
 0.7068270544272061
 0.9681094126742119
 0.0
 0.0
 3.0
 0.0
 0.0
 2.0786609969822587
 0.0
 1.4437701995026295
 0.0
 0.0
 0.0
 0.0
 0.0
 0.0
 0.0
 0.0
 0.0
 5.135254936218716
 0.0
 0.0
 0.0
 0.0
 0.0
 1.5562298004973705
 0.0
 0.0
 0.0
 3.367744686072471
 0.0
 0.0
 2.1319747871800865
x_lj_opt: 1-dimensional DenseAxisArray{Float64,1,...} with index sets:
    Dimension 1, [(15, 30), (15, 29), (15, 23), (15, 3), (14, 28), (14, 27), (14, 10), (14, 24), (13, 26), (13, 25)  …  (3, 6), (3, 5), (3, 29), (2, 4), (2, 3), (2, 1), (2, 5), (1, 2), (1, 1), (1, 14)]
And data, a 53-element Vector{Float64}:
 2.0
 0.10008419985429823
 0.0
 1.0
 0.19679193646861398
 0.6735298390128487
 0.0
 0.0
 2.0
 1.0
 0.0
 1.3625957476472519
 0.9207930072708796
 0.7166112450818685
 0.0
 0.0
 0.0
 0.0
 0.0
 0.0
 0.0
 2.0
 1.0
 0.19159428696352132
 0.2246296086540155
 0.0
 5.042519992925617
 2.9574800070743836
 0.0
 0.0
 0.5758758178533661
 0.7563699451782034
 1.6677542369684302
 2.0
 6.0
 0.0
 2.0
 1.0
 0.0
 0.0
 0.0
 0.04251999292561674
 0.0
 0.0
 5.0
 2.1833045550638333
 2.0
 0.0
 0.0
 1.0000000000000002
 2.0
 0.0
 0.0
q_opt: 1-dimensional DenseAxisArray{Float64,1,...} with index sets:
    Dimension 1, [(43, 15), (43, 14), (44, 15), (44, 13), (44, 3), (40, 14), (40, 2), (41, 14), (42, 6), (37, 13)  …  (4, 13), (5, 2), (5, 7), (5, 9), (6, 11), (1, 1), (1, 6), (1, 3), (2, 1), (2, 15)]
And data, a 71-element Vector{Float64}:
 0.0
 0.0
 0.0
 0.705524887410087
 0.2851124580818943
 1.0
 0.0
 0.0
 0.3191992896181588
 0.2646440802854164
 0.0
 1.0
 0.0
 0.0
 0.0
 0.0
 0.0
 0.0
 0.6795638916086161
 1.0
 1.0
 0.0
 1.0
 0.3071130010059138
 0.25983262462278234
 0.0
 0.320436108391384
 0.0
 0.0
 1.0
 0.6465864727863969
 0.029831032304496675
 0.0
 0.0
 0.0
 0.0
 0.0
 0.0
 0.35341352721360303
 0.31228487688163836
 0.0
 0.0
 1.0
 0.0
 0.0
 0.6928869989940862
 0.0
 0.48125673316754325
 0.0
 0.0
 0.0
 0.0
 0.0
 0.0
 0.0
 0.0
 0.0
 0.7148875419181058
 0.0
 0.0
 0.0
 0.0
 0.0
 0.5187432668324569
 0.0
 0.0
 0.0
 0.42096808575905886
 0.0
 0.0
 0.6877151231183617
