
PROBLEM STATISTICS
  Objective sense = Min
  # Variables = 572
  # Bin-Int Variables = 0
  # Constraints = 621
  # NL Constraints = 261
  # Linear Constraints = 360
  # Detected convex constraints = 0
  # Detected nonlinear terms = 261
  # Variables involved in nonlinear terms = 124
  # Potential variables for partitioning = 124
SUB-SOLVERS USED BY ALPINE
  NLP local solver = Knitro
  MIP solver = Gurobi
ALPINE CONFIGURATION
  Maximum iterations (lower-bounding MIPs) =  1
  Relative global optimality gap = 0.01%
  Potential variables chosen for partitioning = All
  Discretization ratio = 10
  Bound-tightening presolve = false
PRESOLVE 
  Doing local search

Feasible solution found during presolve: [1.016566478314311, 1.2581738632039143, 0.0, 0.9834335216856896, 1.2171661957959488, 0.0, 0.0, 0.0, 0.0, 0.0, 0.0, 0.0, 0.0, 0.0, 0.0, 0.0, 1.8839111086555662, 0.0, 0.0, 1.1160888913444338, 0.0, 0.0, 0.0, 0.0, 0.0, 0.0, 0.0, 0.0, 0.0, 2.597264558178517, 1.6571364747567239, 0.0, 0.0, 0.0, 0.0, 0.0, 0.0, 0.0, 0.0, 0.0, 0.0, 2.286646550477049, 1.4589524165877101, 0.2445522352024293, 0.7193273097238325, 0.0, 0.0, 0.0, 0.0, 0.718934595175158, 2.1146782313670784, 0.0, 0.0, 0.0, 0.0, 0.0, 0.0, 0.0, 0.0, 2.0, 1.0, 0.0, 0.0, 0.0, 0.0, 0.0, 0.0, 0.0, 0.0, 0.0, 0.0, 0.34740482643245796, 1.0422144792973742, 0.0, 0.7499999999999999, 2.25, 0.0, 0.5814150292164544, 1.7442450876493631, 0.0, 0.0, 0.0, 0.0, 0.0, 0.0, 0.0, 0.0, 0.0, 0.0, 0.0, 0.0, 0.0, 0.32118014435108766, 0.963540433053263, 0.0, 0.0, 0.0, 0.0, 0.0, 0.0, 0.0, 1.441186419651729, 0.891776397870886, 0.6670371824773851, 0.0, 0.0, 0.0, 0.0, 0.0, 0.0, 0.0, 0.0, 0.0, 0.0, 0.0, 0.0, 0.0, 0.0, 5.006525883406801, 2.4340231313273013, 0.0, 0.0, 0.0, 0.37643806024053905, 0.18301292502535976, 0.0, 0.0, 0.0, 0.0, 0.0, 0.0, 0.0, 0.0, 0.0, 0.0, 0.0, 0.0, 0.0, 0.0, 0.0, 0.0, 0.0, 0.0, 0.0, 0.0, 0.0, 0.0, 0.0, 0.0, 0.0, 0.0, 0.21771679519830817, 0.0, 0.449559922089455, 0.2247799610447275, 0.0, 0.0, 1.5504400779105452, 0.7752200389552726, 0.0, 0.0, 0.0, 0.0, 0.0, 0.0, 0.0, 0.0, 0.0, 0.0, 0.0, 0.0, 0.0, 0.0, 1.7901497359645748, 0.0, 0.0, 0.0, 0.6608918614789959, 0.0, 0.0, 0.0, 0.0, 0.0, 0.0, 0.0, 0.0, 0.0, 0.0, 0.0, 0.0, 0.0, 0.0, 0.0, 0.0, 1.339108138521004, 0.9018338966389248, 0.7590579648400714, 0.0, 0.0, 0.0, 0.0, 0.0, 0.0, 0.0, 0.0, 0.0, 1.5341788562012666, 0.7670894281006333, 0.0, 0.4658211437987334, 0.2329105718993667, 0.0, 0.0, 0.0, 0.0, 0.0, 0.0, 0.0, 0.0, 0.0, 0.0, 0.0, 0.0, 0.0, 0.0, 0.5227461667602605, 0.7291921830088788, 0.0, 0.0, 0.0, 0.0, 0.0, 0.0, 0.0, 0.0, 0.0, 0.0, 0.0, 0.0, 0.0, 0.0, 0.0, 0.0, 0.0, 0.0, 0.0, 0.0, 0.0, 0.0, 0.0, 0.0, 0.0, 0.0, 0.0, 0.0, 0.0, 0.0, 1.9303188741764605, 2.1248531438154945, 0.0, 1.0, 0.0, 0.0, 0.0, 2.3012682843018997, 4.254401032935241, 1.2519383497691394, 0.0, 0.0, 1.389619305729832, 0.6987317156981001, 0.0, 3.0, 0.0, 0.0, 3.0, 0.0, 0.0, 0.0, 7.440549014734102, 0.0, 0.9638795449262618, 0.0, 3.0, 0.6743398831341825, 2.3256601168658175, 0.0, 0.5594509852658988, 0.0, 2.4510415974435715, 0.0, 2.274740341518225, 0.0, 0.0, 0.0, 0.0, 0.0, 0.0, 0.0, 2.2005997174816385, 0.0, 0.0, 0.0, 3.0, 0.0, 0.0, 2.3256601168658175, 0.0, 3.0, 0.0, 0.0, 0.0, 0.0, 0.0, 0.0, 2.8336128265422365, 0.0, 0.0, 0.0, 0.0, 0.0, 0.0, 0.0, 0.0, 0.0, 0.21771679519830817, 0.0, 0.0, 1.2847205774043506, 3.745598967064759, 0.0, 5.055172017991954, 1.9303188741764605, 2.1248531438154945, 0.0, 1.0, 0.5227461667602605, 0.7291921830088788, 0.0, 0.0, 2.0, 1.0, 0.0, 1.339108138521004, 0.9018338966389248, 0.7590579648400714, 1.7901497359645748, 0.0, 0.0, 0.0, 0.6608918614789959, 0.0, 0.0, 2.0, 1.0, 0.21771679519830817, 0.0, 0.0, 5.38296394364734, 2.6170360563526605, 0.0, 0.0, 1.441186419651729, 0.891776397870886, 0.6670371824773851, 2.0, 6.0, 0.0, 2.0, 1.0, 0.0, 0.0, 0.9634868303775874, 2.8340055410909115, 0.0, 0.0, 4.883911108655566, 3.1160888913444342, 1.8839111086555662, 0.0, 0.0, 1.1160888913444338, 2.0, 2.4753400589998624, 0.0, 0.0, 0.20985026403542523, 1.4405490147341018, 0.0, 0.0696811258235396, 0.0, 1.4772538332397396, 0.0, 0.0, 0.0, 0.0, 0.0, 0.0, 0.0, 0.0, 0.0, 0.0, 0.0, 0.2005997174816386, 0.0, 0.0, 0.0, 0.0, 0.0, 0.0, 0.0, 0.0, 2.0, 0.0, 0.0, 0.0, 0.0, 0.0, 0.0, 0.0, 0.0, 0.0, 0.0, 0.0, 0.0, 0.0, 0.0, 0.0, 0.5594509852658983, 0.0, 0.0, 0.0, 0.0, 0.0, 0.0, 0.0, 0.0, 0.0, 0.0, 0.0, 0.5489584025564284, 0.0, 0.61703605635266, 0.10822360212911507, 1.782283204801692, 0.0, 0.0, 0.0, 0.0, 6.0, 0.0, 0.0, 0.0, 0.0, 0.7994002825183614, 0.0, 0.0, 0.0, 0.0, 0.0, 0.0, 0.27080781699112133, 1.0365131696224128, 0.0, 0.0, 0.0, 0.0, 0.0, 0.0, 0.0, 0.0, 0.0, 0.0, 0.0, 0.0, 0.0, 0.0, 0.0, 0.0, 0.0, 0.0, 0.0, 0.0, 0.0, 0.0, 0.0, 0.0, 0.0, 0.0, 0.0, 0.5449219867012084, 0.0, 0.0, 0.11608889134443386, 0.0, 0.013891593647062559, 0.0, 0.09816610336107522, 2.8576227585227523, 0.0, 0.0, 0.0, 0.0, 0.0, 0.7670894281006333, 0.5318001291169051, 1.0, 0.0, 0.0, 0.17370241321622898, 0.2329105718993667, 0.0, 1.0, 0.0, 0.0, 0.37499999999999994, 0.0, 0.0, 0.0, 0.9300686268417627, 0.0, 0.2538200082159816, 0.0, 1.0, 0.2247799610447275, 0.2907075146082272, 0.0, 0.06993137315823734, 0.0, 1.0, 0.0, 0.5082832391571555, 0.0, 0.0, 0.0, 0.0, 0.0, 0.0, 0.0, 0.4917167608428448, 0.0, 0.0, 0.0, 1.0, 0.0, 0.0, 0.7752200389552726, 0.0, 1.0, 0.0, 0.0, 0.0, 0.0, 0.0, 0.0, 0.7461799917840183, 0.0, 0.0, 0.0, 0.0, 0.0, 0.0, 0.0, 0.0, 0.0, 1.0, 0.0, 0.0, 0.16059007217554383, 0.4681998708830949, 0.0, 1.0]  :with objective: -621.2160075650748

  Local solver returns a feasible point with value -621.216
disc:  333  :[0.0, 1.7303188741764606, 2.0]
disc:  334  :[0.0, 1.5248531438154944, 2.7248531438154946, 6.0]
disc:  335  :[0.0, 0.1, 1.0]
disc:  336  :[0.0, 0.9, 1.0]
disc:  337  :[0.0, 0.3227461667602605, 0.7227461667602606, 2.0]
disc:  338  :[0.0, 0.6291921830088788, 0.8291921830088788, 1.0]
disc:  339  :[0.0, 0.2, 2.0]
disc:  340  :[0.0, 0.2, 2.0]
disc:  341  :[0.0, 1.8, 2.0]
disc:  342  :[0.0, 0.9, 1.0]
disc:  343  :[0.0, 0.2, 2.0]
disc:  344  :[0.0, 1.139108138521004, 1.539108138521004, 2.0]
disc:  345  :[0.0, 0.8018338966389248, 1.0]
disc:  346  :[0.0, 0.4590579648400714, 1.0590579648400713, 3.0]
disc:  347  :[0.0, 1.5901497359645749, 1.9901497359645748, 2.0]
disc:  348  :[0.0, 0.6, 6.0]
disc:  349  :[0.0, 0.2, 2.0]
disc:  350  :[0.0, 0.1, 1.0]
disc:  351  :[0.0, 0.4608918614789959, 0.860891861478996, 2.0]
disc:  352  :[0.0, 0.6, 6.0]
disc:  353  :[0.0, 0.1, 1.0]
disc:  354  :[0.0, 1.8, 2.0]
disc:  355  :[0.0, 0.9, 1.0]
disc:  356  :[0.0, 0.017716795198308155, 0.4177167951983082, 2.0]
disc:  357  :[0.0, 0.1, 1.0]
disc:  358  :[0.0, 0.2, 2.0]
disc:  359  :[0.0, 4.78296394364734, 5.98296394364734, 6.0]
disc:  360  :[0.0, 2.0170360563526604, 3.2170360563526605, 6.0]
disc:  361  :[0.0, 0.2, 2.0]
disc:  362  :[0.0, 0.1, 1.0]
disc:  363  :[0.0, 1.241186419651729, 1.641186419651729, 2.0]
disc:  364  :[0.0, 0.791776397870886, 0.991776397870886, 1.0]
disc:  365  :[0.0, 0.3670371824773851, 0.9670371824773851, 3.0]
disc:  366  :[0.0, 1.8, 2.0]
disc:  367  :[0.0, 5.4, 6.0]
disc:  368  :[0.0, 0.2, 2.0]
disc:  369  :[0.0, 1.8, 2.0]
disc:  370  :[0.0, 0.9, 1.0]
disc:  371  :[0.0, 0.2, 2.0]
disc:  372  :[0.0, 0.2, 2.0]
disc:  373  :[0.0, 0.7634868303775875, 1.1634868303775874, 2.0]
disc:  374  :[0.0, 2.2340055410909114, 3.4340055410909116, 6.0]
disc:  375  :[0.0, 0.2, 2.0]
disc:  376  :[0.0, 0.2, 2.0]
disc:  377  :[0.0, 4.283911108655566, 5.483911108655565, 6.0]
disc:  378  :[0.0, 2.516088891344434, 3.7160888913444343, 6.0]
disc:  379  :[0.0, 1.6839111086555663, 2.0]
disc:  380  :[0.0, 0.1, 1.0]
disc:  381  :[0.0, 0.3, 3.0]
disc:  382  :[0.0, 0.8160888913444337, 1.4160888913444338, 3.0]
disc:  383  :[0.0, 1.8, 2.0]
disc:  384  :[0.0, 1.8753400589998623, 3.0753400589998625, 6.0]
disc:  385  :[0.0, 0.2, 2.0]
disc:  502  :[0.0, 0.1, 1.0]
disc:  503  :[0.0, 0.1, 1.0]
disc:  504  :[0.0, 0.1, 1.0]
disc:  505  :[0.0, 0.6670894281006333, 0.8670894281006333, 1.0]
disc:  506  :[0.0, 0.43180012911690513, 0.6318001291169051, 1.0]
disc:  507  :[0.0, 0.9, 1.0]
disc:  508  :[0.0, 0.1, 1.0]
disc:  509  :[0.0, 0.1, 1.0]
disc:  510  :[0.0, 0.07370241321622897, 0.273702413216229, 1.0]
disc:  511  :[0.0, 0.1329105718993667, 0.3329105718993667, 1.0]
disc:  512  :[0.0, 0.1, 1.0]
disc:  513  :[0.0, 0.9, 1.0]
disc:  514  :[0.0, 0.1, 1.0]
disc:  515  :[0.0, 0.1, 1.0]
disc:  516  :[0.0, 0.2749999999999999, 0.475, 1.0]
disc:  517  :[0.0, 0.1, 1.0]
disc:  518  :[0.0, 0.1, 1.0]
disc:  519  :[0.0, 0.1, 1.0]
disc:  520  :[0.0, 0.8300686268417627, 1.0]
disc:  521  :[0.0, 0.1, 1.0]
disc:  522  :[0.0, 0.1538200082159816, 0.3538200082159816, 1.0]
disc:  523  :[0.0, 0.1, 1.0]
disc:  524  :[0.0, 0.9, 1.0]
disc:  525  :[0.0, 0.1247799610447275, 0.3247799610447275, 1.0]
disc:  526  :[0.0, 0.19070751460822719, 0.39070751460822717, 1.0]
disc:  527  :[0.0, 0.1, 1.0]
disc:  528  :[0.0, 0.16993137315823736, 1.0]
disc:  529  :[0.0, 0.1, 1.0]
disc:  530  :[0.0, 0.9, 1.0]
disc:  531  :[0.0, 0.1, 1.0]
disc:  532  :[0.0, 0.4082832391571555, 0.6082832391571554, 1.0]
disc:  533  :[0.0, 0.1, 1.0]
disc:  534  :[0.0, 0.1, 1.0]
disc:  535  :[0.0, 0.1, 1.0]
disc:  536  :[0.0, 0.1, 1.0]
disc:  537  :[0.0, 0.1, 1.0]
disc:  538  :[0.0, 0.1, 1.0]
disc:  539  :[0.0, 0.1, 1.0]
disc:  540  :[0.0, 0.3917167608428448, 0.5917167608428449, 1.0]
disc:  541  :[0.0, 0.1, 1.0]
disc:  542  :[0.0, 0.1, 1.0]
disc:  543  :[0.0, 0.1, 1.0]
disc:  544  :[0.0, 0.9, 1.0]
disc:  545  :[0.0, 0.1, 1.0]
disc:  546  :[0.0, 0.1, 1.0]
disc:  547  :[0.0, 0.6752200389552726, 0.8752200389552726, 1.0]
disc:  548  :[0.0, 0.1, 1.0]
disc:  549  :[0.0, 0.9, 1.0]
disc:  550  :[0.0, 0.1, 1.0]
disc:  551  :[0.0, 0.1, 1.0]
disc:  552  :[0.0, 0.1, 1.0]
disc:  553  :[0.0, 0.1, 1.0]
disc:  554  :[0.0, 0.1, 1.0]
disc:  555  :[0.0, 0.1, 1.0]
disc:  556  :[0.0, 0.6461799917840183, 0.8461799917840183, 1.0]
disc:  557  :[0.0, 0.1, 1.0]
disc:  558  :[0.0, 0.1, 1.0]
disc:  559  :[0.0, 0.1, 1.0]
disc:  560  :[0.0, 0.1, 1.0]
disc:  561  :[0.0, 0.1, 1.0]
disc:  562  :[0.0, 0.1, 1.0]
disc:  563  :[0.0, 0.1, 1.0]
disc:  564  :[0.0, 0.1, 1.0]
disc:  565  :[0.0, 0.1, 1.0]
disc:  566  :[0.0, 0.9, 1.0]
disc:  567  :[0.0, 0.1, 1.0]
disc:  568  :[0.0, 0.1, 1.0]
disc:  569  :[0.0, 0.060590072175543824, 0.26059007217554386, 1.0]
disc:  570  :[0.0, 0.3681998708830949, 0.5681998708830949, 1.0]
disc:  571  :[0.0, 0.1, 1.0]
disc:  572  :[0.0, 0.9, 1.0]
  Completed presolve in 15.82s
LOWER-BOUNDING ITERATIONS
====================================================================================================
| Iter   | Incumbent       | Best Incumbent      | Lower Bound        | Gap (%)         | Time      
| finish | -621.216        | -621.216            | -626.4554          | 0.843           | 31.17s           
Final UBD: -621.2160075650748
Final LBD: -626.4553605087721
====================================================================================================

*** Alpine ended with status OTHER_LIMIT ***

 Total time for local solves: 13.56s

 Total time for solving max-min problems: 0.0s

 Total time excluding max-min time: 31.17s

presolve objective value: -621.2160075650748
w_opt: 1-dimensional DenseAxisArray{Float64,1,...} with index sets:
    Dimension 1, [(25, 1, 2), (25, 1, 1), (25, 1, 14), (20, 1, 2), (20, 1, 1), (20, 1, 14), (1, 1, 2), (1, 1, 1), (1, 1, 14), (2, 1, 2)  …  (20, 15, 23), (20, 15, 3), (8, 15, 30), (8, 15, 29), (8, 15, 23), (8, 15, 3), (2, 15, 30), (2, 15, 29), (2, 15, 23), (2, 15, 3)]
And data, a 261-element Vector{Float64}:
 1.016566478314311
 1.2581738632039143
 0.0
 0.9834335216856896
 1.2171661957959488
 0.0
 0.0
 0.0
 0.0
 0.0
 0.0
 0.0
 0.0
 0.0
 0.0
 0.0
 1.8839111086555662
 0.0
 0.0
 1.1160888913444338
 0.0
 0.0
 0.0
 0.0
 0.0
 0.0
 0.0
 0.0
 0.0
 2.597264558178517
 1.6571364747567239
 0.0
 0.0
 0.0
 0.0
 0.0
 0.0
 0.0
 0.0
 0.0
 0.0
 2.286646550477049
 1.4589524165877101
 0.2445522352024293
 0.7193273097238325
 0.0
 0.0
 0.0
 0.0
 0.718934595175158
 2.1146782313670784
 0.0
 0.0
 0.0
 0.0
 0.0
 0.0
 0.0
 0.0
 2.0
 1.0
 0.0
 0.0
 0.0
 0.0
 0.0
 0.0
 0.0
 0.0
 0.0
 0.0
 0.34740482643245796
 1.0422144792973742
 0.0
 0.7499999999999999
 2.25
 0.0
 0.5814150292164544
 1.7442450876493631
 0.0
 0.0
 0.0
 0.0
 0.0
 0.0
 0.0
 0.0
 0.0
 0.0
 0.0
 0.0
 0.0
 0.32118014435108766
 0.963540433053263
 0.0
 0.0
 0.0
 0.0
 0.0
 0.0
 0.0
 1.441186419651729
 0.891776397870886
 0.6670371824773851
 0.0
 0.0
 0.0
 0.0
 0.0
 0.0
 0.0
 0.0
 0.0
 0.0
 0.0
 0.0
 0.0
 0.0
 5.006525883406801
 2.4340231313273013
 0.0
 0.0
 0.0
 0.37643806024053905
 0.18301292502535976
 0.0
 0.0
 0.0
 0.0
 0.0
 0.0
 0.0
 0.0
 0.0
 0.0
 0.0
 0.0
 0.0
 0.0
 0.0
 0.0
 0.0
 0.0
 0.0
 0.0
 0.0
 0.0
 0.0
 0.0
 0.0
 0.0
 0.21771679519830817
 0.0
 0.449559922089455
 0.2247799610447275
 0.0
 0.0
 1.5504400779105452
 0.7752200389552726
 0.0
 0.0
 0.0
 0.0
 0.0
 0.0
 0.0
 0.0
 0.0
 0.0
 0.0
 0.0
 0.0
 0.0
 1.7901497359645748
 0.0
 0.0
 0.0
 0.6608918614789959
 0.0
 0.0
 0.0
 0.0
 0.0
 0.0
 0.0
 0.0
 0.0
 0.0
 0.0
 0.0
 0.0
 0.0
 0.0
 0.0
 1.339108138521004
 0.9018338966389248
 0.7590579648400714
 0.0
 0.0
 0.0
 0.0
 0.0
 0.0
 0.0
 0.0
 0.0
 1.5341788562012666
 0.7670894281006333
 0.0
 0.4658211437987334
 0.2329105718993667
 0.0
 0.0
 0.0
 0.0
 0.0
 0.0
 0.0
 0.0
 0.0
 0.0
 0.0
 0.0
 0.0
 0.0
 0.5227461667602605
 0.7291921830088788
 0.0
 0.0
 0.0
 0.0
 0.0
 0.0
 0.0
 0.0
 0.0
 0.0
 0.0
 0.0
 0.0
 0.0
 0.0
 0.0
 0.0
 0.0
 0.0
 0.0
 0.0
 0.0
 0.0
 0.0
 0.0
 0.0
 0.0
 0.0
 0.0
 0.0
 1.9303188741764605
 2.1248531438154945
 0.0
 1.0
x_ij_opt: 1-dimensional DenseAxisArray{Float64,1,...} with index sets:
    Dimension 1, [(43, 30), (43, 22), (43, 6), (44, 22), (45, 30), (45, 29), (45, 28), (45, 24), (45, 23), (40, 29)  …  (5, 7), (5, 14), (6, 4), (6, 3), (1, 14), (1, 10), (1, 23), (1, 1), (3, 2), (3, 1)]
And data, a 116-element Vector{Float64}:
 0.0
 0.20985026403542523
 1.4405490147341018
 0.0
 0.0696811258235396
 0.0
 1.4772538332397396
 0.0
 0.0
 0.0
 0.0
 0.0
 0.0
 0.0
 0.0
 0.0
 0.0
 0.0
 0.2005997174816386
 0.0
 0.0
 0.0
 0.0
 0.0
 0.0
 0.0
 0.0
 2.0
 0.0
 0.0
 0.0
 0.0
 0.0
 0.0
 0.0
 0.0
 0.0
 0.0
 0.0
 0.0
 0.0
 0.0
 0.0
 0.5594509852658983
 0.0
 0.0
 0.0
 0.0
 0.0
 0.0
 0.0
 0.0
 0.0
 0.0
 0.0
 0.5489584025564284
 0.0
 0.61703605635266
 0.10822360212911507
 1.782283204801692
 0.0
 0.0
 0.0
 0.0
 6.0
 0.0
 0.0
 0.0
 0.0
 0.7994002825183614
 0.0
 0.0
 0.0
 0.0
 0.0
 0.0
 0.27080781699112133
 1.0365131696224128
 0.0
 0.0
 0.0
 0.0
 0.0
 0.0
 0.0
 0.0
 0.0
 0.0
 0.0
 0.0
 0.0
 0.0
 0.0
 0.0
 0.0
 0.0
 0.0
 0.0
 0.0
 0.0
 0.0
 0.0
 0.0
 0.0
 0.0
 0.5449219867012084
 0.0
 0.0
 0.11608889134443386
 0.0
 0.013891593647062559
 0.0
 0.09816610336107522
 2.8576227585227523
 0.0
 0.0
x_il_opt: 1-dimensional DenseAxisArray{Float64,1,...} with index sets:
    Dimension 1, [(43, 15), (43, 14), (44, 15), (44, 13), (44, 3), (40, 14), (40, 2), (41, 14), (42, 6), (37, 13)  …  (4, 13), (5, 2), (5, 7), (5, 9), (6, 11), (1, 1), (1, 6), (1, 3), (2, 1), (2, 15)]
And data, a 71-element Vector{Float64}:
 0.0
 0.0
 0.0
 2.3012682843018997
 4.254401032935241
 1.2519383497691394
 0.0
 0.0
 1.389619305729832
 0.6987317156981001
 0.0
 3.0
 0.0
 0.0
 3.0
 0.0
 0.0
 0.0
 7.440549014734102
 0.0
 0.9638795449262618
 0.0
 3.0
 0.6743398831341825
 2.3256601168658175
 0.0
 0.5594509852658988
 0.0
 2.4510415974435715
 0.0
 2.274740341518225
 0.0
 0.0
 0.0
 0.0
 0.0
 0.0
 0.0
 2.2005997174816385
 0.0
 0.0
 0.0
 3.0
 0.0
 0.0
 2.3256601168658175
 0.0
 3.0
 0.0
 0.0
 0.0
 0.0
 0.0
 0.0
 2.8336128265422365
 0.0
 0.0
 0.0
 0.0
 0.0
 0.0
 0.0
 0.0
 0.0
 0.21771679519830817
 0.0
 0.0
 1.2847205774043506
 3.745598967064759
 0.0
 5.055172017991954
x_lj_opt: 1-dimensional DenseAxisArray{Float64,1,...} with index sets:
    Dimension 1, [(15, 30), (15, 29), (15, 23), (15, 3), (14, 28), (14, 27), (14, 10), (14, 24), (13, 26), (13, 25)  …  (3, 6), (3, 5), (3, 29), (2, 4), (2, 3), (2, 1), (2, 5), (1, 2), (1, 1), (1, 14)]
And data, a 53-element Vector{Float64}:
 1.9303188741764605
 2.1248531438154945
 0.0
 1.0
 0.5227461667602605
 0.7291921830088788
 0.0
 0.0
 2.0
 1.0
 0.0
 1.339108138521004
 0.9018338966389248
 0.7590579648400714
 1.7901497359645748
 0.0
 0.0
 0.0
 0.6608918614789959
 0.0
 0.0
 2.0
 1.0
 0.21771679519830817
 0.0
 0.0
 5.38296394364734
 2.6170360563526605
 0.0
 0.0
 1.441186419651729
 0.891776397870886
 0.6670371824773851
 2.0
 6.0
 0.0
 2.0
 1.0
 0.0
 0.0
 0.9634868303775874
 2.8340055410909115
 0.0
 0.0
 4.883911108655566
 3.1160888913444342
 1.8839111086555662
 0.0
 0.0
 1.1160888913444338
 2.0
 2.4753400589998624
 0.0
q_opt: 1-dimensional DenseAxisArray{Float64,1,...} with index sets:
    Dimension 1, [(43, 15), (43, 14), (44, 15), (44, 13), (44, 3), (40, 14), (40, 2), (41, 14), (42, 6), (37, 13)  …  (4, 13), (5, 2), (5, 7), (5, 9), (6, 11), (1, 1), (1, 6), (1, 3), (2, 1), (2, 15)]
And data, a 71-element Vector{Float64}:
 0.0
 0.0
 0.0
 0.7670894281006333
 0.5318001291169051
 1.0
 0.0
 0.0
 0.17370241321622898
 0.2329105718993667
 0.0
 1.0
 0.0
 0.0
 0.37499999999999994
 0.0
 0.0
 0.0
 0.9300686268417627
 0.0
 0.2538200082159816
 0.0
 1.0
 0.2247799610447275
 0.2907075146082272
 0.0
 0.06993137315823734
 0.0
 1.0
 0.0
 0.5082832391571555
 0.0
 0.0
 0.0
 0.0
 0.0
 0.0
 0.0
 0.4917167608428448
 0.0
 0.0
 0.0
 1.0
 0.0
 0.0
 0.7752200389552726
 0.0
 1.0
 0.0
 0.0
 0.0
 0.0
 0.0
 0.0
 0.7461799917840183
 0.0
 0.0
 0.0
 0.0
 0.0
 0.0
 0.0
 0.0
 0.0
 1.0
 0.0
 0.0
 0.16059007217554383
 0.4681998708830949
 0.0
 1.0
