
PROBLEM STATISTICS
  Objective sense = Min
  # Variables = 572
  # Bin-Int Variables = 0
  # Constraints = 621
  # NL Constraints = 261
  # Linear Constraints = 360
  # Detected convex constraints = 0
  # Detected nonlinear terms = 261
  # Variables involved in nonlinear terms = 124
  # Potential variables for partitioning = 124
SUB-SOLVERS USED BY ALPINE
  NLP local solver = Knitro
  MIP solver = Gurobi
ALPINE CONFIGURATION
  Maximum iterations (lower-bounding MIPs) =  1
  Relative global optimality gap = 0.01%
  Potential variables chosen for partitioning = All
  Discretization ratio = 10
  Bound-tightening presolve = false
PRESOLVE 
  Doing local search

Feasible solution found during presolve: [1.1263674681366123, 0.08347269119901535, 0.0, 0.0, 0.0, 0.0, 0.0, 0.0, 0.0, 0.0, 0.0, 0.0, 0.0, 0.0, 0.0, 0.0, 1.8583655137451802, 0.0, 0.0, 1.1416344862548196, 0.0, 0.0, 0.0, 0.0, 0.0, 0.0, 0.0, 0.0, 0.0, 0.7585116345638125, 0.49048724362737844, 0.0, 0.0, 0.0, 0.0, 4.099853879181368, 2.6511472426274403, 0.0, 0.0, 0.0, 0.0, 0.0, 0.0, 0.0, 0.0, 0.0, 0.0, 0.0, 0.0, 1.2883546813056712, 1.0614304997589132, 0.1416344862548197, 0.0, 0.0, 0.0, 0.0, 0.0, 0.0, 0.0, 2.0, 1.0, 0.0, 0.0, 0.0, 0.0, 0.0, 0.0, 0.0, 0.0, 0.0, 0.0, 0.2509822292338484, 0.7529466877015452, 0.0, 0.7499999999999998, 2.25, 0.0, 0.4781495979663978, 1.4344487938991934, 0.0, 0.0, 0.0, 0.0, 0.0, 0.0, 0.0, 0.0, 0.0, 0.0, 0.0, 0.0, 0.0, 0.5208681727997541, 1.5626045183992616, 0.0, 0.0, 0.0, 0.0, 0.0, 0.0, 0.0, 2.0, 0.9934279202635938, 0.0, 0.0, 0.0, 0.0, 0.0, 0.0, 0.0, 0.0, 0.0, 0.0, 0.20044889048942385, 0.12516392298751927, 0.0, 0.0, 0.0, 2.8775763313837595, 1.7968108551392974, 0.0, 0.0, 0.0, 1.84681513312391, 1.15318486687609, 0.0, 0.0, 0.0, 0.0, 0.0, 0.0, 0.0, 0.0, 0.0, 0.0, 0.0, 0.0, 0.0, 0.0, 0.0, 0.0, 0.0, 0.0, 0.0, 0.0, 0.0, 0.0, 0.32698285835431373, 0.18556493320314812, 0.0, 0.0, 0.0, 0.0, 0.7249344054229393, 0.36246720271146954, 0.0, 0.0, 1.2750655945770606, 0.6375327972885301, 0.0, 0.0, 0.0, 0.0, 0.0, 0.0, 0.0, 0.0, 0.0, 0.0, 0.0, 0.0, 0.0, 0.0, 1.573154987966718, 0.0, 0.0, 0.0, 0.3811656178138152, 0.0, 0.0, 0.0, 0.0, 0.0, 0.0, 0.0, 0.0, 0.0, 0.0, 0.0, 0.0, 0.0, 0.0, 0.0, 0.0, 1.6188343821861848, 1.0, 0.38116561781381564, 0.0, 0.0, 0.0, 0.0, 0.0, 0.0, 0.0, 0.0, 0.0, 1.301828174567786, 0.6857014437743905, 0.8165900572902257, 0.0, 0.0, 0.0, 0.0, 0.0, 0.0, 0.09093853137623525, 0.047899318418200595, 0.05704247457316207, 0.0, 0.0, 0.0, 0.0, 0.0, 0.0, 0.0, 0.16415887685945935, 0.5680792748344188, 0.0, 0.0, 0.0, 0.0, 0.0, 0.0, 0.08543506403789819, 0.29565193276530793, 0.0, 0.0, 0.0, 0.0, 0.0, 0.0, 0.0, 0.0, 0.0, 0.0, 0.0, 0.0, 0.0, 0.0, 0.0, 0.0, 0.0, 0.0, 0.0, 0.0, 0.0, 0.0, 2.0, 2.4771998959313657, 0.0, 1.0, 0.0, 0.0, 0.0, 2.804119675632402, 1.248998878191191, 0.7322381516938782, 0.0, 0.0, 1.0039289169353938, 0.0, 0.0, 3.0, 0.0, 0.0, 3.0, 0.0, 0.3256128134769431, 0.0, 4.674387186523057, 0.0, 0.0, 0.3810869968032061, 3.0, 1.087401608134409, 1.912598391865591, 0.0, 3.0, 0.0, 1.9543206057805331, 0.5125477915574619, 1.2098401593356276, 0.19588032436759792, 0.0, 0.0, 0.0, 0.0, 0.0, 0.0, 0.0, 0.0, 0.0, 0.0, 3.0, 0.0, 0.0, 1.9125983918655907, 0.0, 2.993427920263594, 0.0, 0.0, 0.0, 0.0, 0.0, 0.0, 2.4914196673194042, 0.0, 0.0, 6.751001121808809, 0.0, 0.0, 0.0, 0.0, 0.0, 0.0, 0.0, 0.0, 0.0, 2.083472691199016, 0.0, 0.0, 5.477199895931365, 2.0, 2.4771998959313657, 0.0, 1.0, 0.24959394089735754, 0.8637312075997268, 0.0, 0.0, 1.3927667059440214, 0.733600762192591, 0.8736325318633877, 1.6188343821861848, 1.0, 0.38116561781381536, 1.573154987966718, 0.0, 0.0, 0.0, 0.3811656178138152, 0.0, 0.0, 2.0, 1.0, 0.32698285835431373, 0.18556493320314812, 0.0, 4.924840354997094, 3.0751596450029064, 0.0, 0.0, 2.0, 0.9934279202635938, 0.0, 2.0, 6.0, 0.0, 2.0, 1.0, 0.0, 0.0, 1.2883546813056712, 1.0614304997589132, 0.1416344862548197, 0.0, 4.858365513745181, 3.141634486254819, 1.8583655137451802, 0.0, 0.0, 1.1416344862548196, 1.1263674681366123, 0.08347269119901535, 0.0, 0.0, 0.426845012033282, 1.4913744525558987, 0.0, 0.0, 0.0, 1.7504060591026425, 0.0, 0.0, 0.0, 0.0, 0.0, 0.0, 0.0, 0.0, 0.0, 0.0, 0.0, 0.0, 0.0, 0.0, 0.0, 0.0, 0.0, 0.6072332940559786, 0.2663992378074091, 0.0, 2.0, 0.0, 0.0, 0.0, 0.0, 0.0, 0.0, 0.0, 0.0, 0.0, 0.0, 0.0, 0.0, 0.0, 0.0, 0.0, 0.5086255474441014, 0.0, 0.0, 0.0, 0.0, 0.0, 0.0, 0.0, 0.0, 0.0, 0.0, 0.0, 1.0456793942194667, 0.0, 1.0751596450029064, 0.006572079736406205, 1.6730171416456863, 0.0, 0.0, 0.0, 0.0, 6.0, 0.0, 0.0, 0.0, 0.0, 0.8144350667968518, 0.0, 0.0, 0.0, 0.0, 0.0, 0.0, 0.13626879240027331, 0.7116453186943288, 0.0, 0.0, 0.0, 0.0, 0.0, 0.0, 0.0, 0.0, 0.0, 0.0, 0.0, 0.0, 0.0, 0.0, 0.8177304610187133, 0.0, 0.0, 0.0, 0.0, 0.0, 0.0, 0.0, 0.0, 0.0, 0.0, 0.0, 0.0, 0.0, 0.0, 0.0, 0.0, 0.0, 0.0, 0.0, 0.0, 5.916527308800984, 0.0, 0.0, 0.0, 0.0, 0.0, 0.934706558544134, 0.1561248597738989, 0.6577037738547014, 0.0, 0.0, 0.1254911146169242, 0.0, 0.0, 1.0, 0.0, 0.0, 0.375, 0.0, 0.04070160168461789, 0.0, 0.5842983983153821, 0.0, 0.0, 0.3422962261452986, 1.0, 0.36246720271146965, 0.2390747989831989, 0.0, 0.375, 0.0, 1.0, 1.0, 1.0, 0.06529344145586596, 0.0, 0.0, 0.0, 0.0, 0.0, 0.0, 0.0, 0.0, 0.0, 0.0, 1.0, 0.0, 0.0, 0.6375327972885303, 0.0, 1.0, 0.0, 0.0, 0.0, 0.0, 0.0, 0.0, 1.0, 0.0, 0.0, 0.8438751402261011, 0.0, 0.0, 0.0, 0.0, 0.0, 0.0, 0.0, 0.0, 0.0, 0.2604340863998769, 0.0, 0.0, 1.0]  :with objective: -626.6593334716144

  Local solver returns a feasible point with value -626.6593
disc:  333  :[0.0, 1.8, 2.0]
disc:  334  :[0.0, 1.8771998959313656, 3.077199895931366, 6.0]
disc:  335  :[0.0, 0.1, 1.0]
disc:  336  :[0.0, 0.9, 1.0]
disc:  337  :[0.0, 0.049593940897357525, 0.44959394089735755, 2.0]
disc:  338  :[0.0, 0.7637312075997268, 0.9637312075997267, 1.0]
disc:  339  :[0.0, 0.2, 2.0]
disc:  340  :[0.0, 0.2, 2.0]
disc:  341  :[0.0, 1.1927667059440215, 1.5927667059440214, 2.0]
disc:  342  :[0.0, 0.633600762192591, 0.8336007621925909, 1.0]
disc:  343  :[0.0, 0.6736325318633878, 1.0736325318633877, 2.0]
disc:  344  :[0.0, 1.4188343821861849, 1.8188343821861848, 2.0]
disc:  345  :[0.0, 0.9, 1.0]
disc:  346  :[0.0, 0.08116561781381537, 0.6811656178138153, 3.0]
disc:  347  :[0.0, 1.373154987966718, 1.7731549879667179, 2.0]
disc:  348  :[0.0, 0.6, 6.0]
disc:  349  :[0.0, 0.2, 2.0]
disc:  350  :[0.0, 0.1, 1.0]
disc:  351  :[0.0, 0.18116561781381518, 0.5811656178138151, 2.0]
disc:  352  :[0.0, 0.6, 6.0]
disc:  353  :[0.0, 0.1, 1.0]
disc:  354  :[0.0, 1.8, 2.0]
disc:  355  :[0.0, 0.9, 1.0]
disc:  356  :[0.0, 0.12698285835431372, 0.5269828583543137, 2.0]
disc:  357  :[0.0, 0.08556493320314812, 0.28556493320314813, 1.0]
disc:  358  :[0.0, 0.2, 2.0]
disc:  359  :[0.0, 4.324840354997094, 5.524840354997093, 6.0]
disc:  360  :[0.0, 2.4751596450029063, 3.6751596450029065, 6.0]
disc:  361  :[0.0, 0.2, 2.0]
disc:  362  :[0.0, 0.1, 1.0]
disc:  363  :[0.0, 1.8, 2.0]
disc:  364  :[0.0, 0.8934279202635939, 1.0]
disc:  365  :[0.0, 0.3, 3.0]
disc:  366  :[0.0, 1.8, 2.0]
disc:  367  :[0.0, 5.4, 6.0]
disc:  368  :[0.0, 0.2, 2.0]
disc:  369  :[0.0, 1.8, 2.0]
disc:  370  :[0.0, 0.9, 1.0]
disc:  371  :[0.0, 0.2, 2.0]
disc:  372  :[0.0, 0.2, 2.0]
disc:  373  :[0.0, 1.0883546813056713, 1.4883546813056712, 2.0]
disc:  374  :[0.0, 0.46143049975891326, 1.661430499758913, 6.0]
disc:  375  :[0.0, 0.34163448625481974, 2.0]
disc:  376  :[0.0, 0.2, 2.0]
disc:  377  :[0.0, 4.258365513745181, 5.45836551374518, 6.0]
disc:  378  :[0.0, 2.541634486254819, 3.741634486254819, 6.0]
disc:  379  :[0.0, 1.6583655137451803, 2.0]
disc:  380  :[0.0, 0.1, 1.0]
disc:  381  :[0.0, 0.3, 3.0]
disc:  382  :[0.0, 0.8416344862548195, 1.4416344862548196, 3.0]
disc:  383  :[0.0, 0.9263674681366123, 1.3263674681366122, 2.0]
disc:  384  :[0.0, 0.6834726911990153, 6.0]
disc:  385  :[0.0, 0.2, 2.0]
disc:  502  :[0.0, 0.1, 1.0]
disc:  503  :[0.0, 0.1, 1.0]
disc:  504  :[0.0, 0.1, 1.0]
disc:  505  :[0.0, 0.834706558544134, 1.0]
disc:  506  :[0.0, 0.05612485977389889, 0.25612485977389887, 1.0]
disc:  507  :[0.0, 0.5577037738547014, 0.7577037738547013, 1.0]
disc:  508  :[0.0, 0.1, 1.0]
disc:  509  :[0.0, 0.1, 1.0]
disc:  510  :[0.0, 0.025491114616924188, 0.2254911146169242, 1.0]
disc:  511  :[0.0, 0.1, 1.0]
disc:  512  :[0.0, 0.1, 1.0]
disc:  513  :[0.0, 0.9, 1.0]
disc:  514  :[0.0, 0.1, 1.0]
disc:  515  :[0.0, 0.1, 1.0]
disc:  516  :[0.0, 0.275, 0.475, 1.0]
disc:  517  :[0.0, 0.1, 1.0]
disc:  518  :[0.0, 0.1407016016846179, 1.0]
disc:  519  :[0.0, 0.1, 1.0]
disc:  520  :[0.0, 0.48429839831538213, 0.6842983983153821, 1.0]
disc:  521  :[0.0, 0.1, 1.0]
disc:  522  :[0.0, 0.1, 1.0]
disc:  523  :[0.0, 0.24229622614529858, 0.4422962261452986, 1.0]
disc:  524  :[0.0, 0.9, 1.0]
disc:  525  :[0.0, 0.2624672027114696, 0.4624672027114697, 1.0]
disc:  526  :[0.0, 0.13907479898319888, 0.3390747989831989, 1.0]
disc:  527  :[0.0, 0.1, 1.0]
disc:  528  :[0.0, 0.275, 0.475, 1.0]
disc:  529  :[0.0, 0.1, 1.0]
disc:  530  :[0.0, 0.9, 1.0]
disc:  531  :[0.0, 0.9, 1.0]
disc:  532  :[0.0, 0.9, 1.0]
disc:  533  :[0.0, 0.16529344145586597, 1.0]
disc:  534  :[0.0, 0.1, 1.0]
disc:  535  :[0.0, 0.1, 1.0]
disc:  536  :[0.0, 0.1, 1.0]
disc:  537  :[0.0, 0.1, 1.0]
disc:  538  :[0.0, 0.1, 1.0]
disc:  539  :[0.0, 0.1, 1.0]
disc:  540  :[0.0, 0.1, 1.0]
disc:  541  :[0.0, 0.1, 1.0]
disc:  542  :[0.0, 0.1, 1.0]
disc:  543  :[0.0, 0.1, 1.0]
disc:  544  :[0.0, 0.9, 1.0]
disc:  545  :[0.0, 0.1, 1.0]
disc:  546  :[0.0, 0.1, 1.0]
disc:  547  :[0.0, 0.5375327972885303, 0.7375327972885303, 1.0]
disc:  548  :[0.0, 0.1, 1.0]
disc:  549  :[0.0, 0.9, 1.0]
disc:  550  :[0.0, 0.1, 1.0]
disc:  551  :[0.0, 0.1, 1.0]
disc:  552  :[0.0, 0.1, 1.0]
disc:  553  :[0.0, 0.1, 1.0]
disc:  554  :[0.0, 0.1, 1.0]
disc:  555  :[0.0, 0.1, 1.0]
disc:  556  :[0.0, 0.9, 1.0]
disc:  557  :[0.0, 0.1, 1.0]
disc:  558  :[0.0, 0.1, 1.0]
disc:  559  :[0.0, 0.7438751402261011, 0.9438751402261011, 1.0]
disc:  560  :[0.0, 0.1, 1.0]
disc:  561  :[0.0, 0.1, 1.0]
disc:  562  :[0.0, 0.1, 1.0]
disc:  563  :[0.0, 0.1, 1.0]
disc:  564  :[0.0, 0.1, 1.0]
disc:  565  :[0.0, 0.1, 1.0]
disc:  566  :[0.0, 0.1, 1.0]
disc:  567  :[0.0, 0.1, 1.0]
disc:  568  :[0.0, 0.1, 1.0]
disc:  569  :[0.0, 0.1604340863998769, 0.36043408639987695, 1.0]
disc:  570  :[0.0, 0.1, 1.0]
disc:  571  :[0.0, 0.1, 1.0]
disc:  572  :[0.0, 0.9, 1.0]
  Completed presolve in 8.75s
LOWER-BOUNDING ITERATIONS
====================================================================================================
| Iter   | Incumbent       | Best Incumbent      | Lower Bound        | Gap (%)         | Time      
| finish | -626.6593       | -626.6593           | -629.326           | 0.426           | 21.87s           
Final UBD: -626.6593334716144
Final LBD: -629.3259997641703
====================================================================================================

*** Alpine ended with status OTHER_LIMIT ***

 Total time for local solves: 6.38s

 Total time for solving max-min problems: 0.0s

 Total time excluding max-min time: 21.87s

presolve objective value: -626.6593334716144
w_opt: 1-dimensional DenseAxisArray{Float64,1,...} with index sets:
    Dimension 1, [(25, 1, 2), (25, 1, 1), (25, 1, 14), (20, 1, 2), (20, 1, 1), (20, 1, 14), (1, 1, 2), (1, 1, 1), (1, 1, 14), (2, 1, 2)  …  (20, 15, 23), (20, 15, 3), (8, 15, 30), (8, 15, 29), (8, 15, 23), (8, 15, 3), (2, 15, 30), (2, 15, 29), (2, 15, 23), (2, 15, 3)]
And data, a 261-element Vector{Float64}:
 1.1263674681366123
 0.08347269119901535
 0.0
 0.0
 0.0
 0.0
 0.0
 0.0
 0.0
 0.0
 0.0
 0.0
 0.0
 0.0
 0.0
 0.0
 1.8583655137451802
 0.0
 0.0
 1.1416344862548196
 0.0
 0.0
 0.0
 0.0
 0.0
 0.0
 0.0
 0.0
 0.0
 0.7585116345638125
 0.49048724362737844
 0.0
 0.0
 0.0
 0.0
 4.099853879181368
 2.6511472426274403
 0.0
 0.0
 0.0
 0.0
 0.0
 0.0
 0.0
 0.0
 0.0
 0.0
 0.0
 0.0
 1.2883546813056712
 1.0614304997589132
 0.1416344862548197
 0.0
 0.0
 0.0
 0.0
 0.0
 0.0
 0.0
 2.0
 1.0
 0.0
 0.0
 0.0
 0.0
 0.0
 0.0
 0.0
 0.0
 0.0
 0.0
 0.2509822292338484
 0.7529466877015452
 0.0
 0.7499999999999998
 2.25
 0.0
 0.4781495979663978
 1.4344487938991934
 0.0
 0.0
 0.0
 0.0
 0.0
 0.0
 0.0
 0.0
 0.0
 0.0
 0.0
 0.0
 0.0
 0.5208681727997541
 1.5626045183992616
 0.0
 0.0
 0.0
 0.0
 0.0
 0.0
 0.0
 2.0
 0.9934279202635938
 0.0
 0.0
 0.0
 0.0
 0.0
 0.0
 0.0
 0.0
 0.0
 0.0
 0.20044889048942385
 0.12516392298751927
 0.0
 0.0
 0.0
 2.8775763313837595
 1.7968108551392974
 0.0
 0.0
 0.0
 1.84681513312391
 1.15318486687609
 0.0
 0.0
 0.0
 0.0
 0.0
 0.0
 0.0
 0.0
 0.0
 0.0
 0.0
 0.0
 0.0
 0.0
 0.0
 0.0
 0.0
 0.0
 0.0
 0.0
 0.0
 0.0
 0.32698285835431373
 0.18556493320314812
 0.0
 0.0
 0.0
 0.0
 0.7249344054229393
 0.36246720271146954
 0.0
 0.0
 1.2750655945770606
 0.6375327972885301
 0.0
 0.0
 0.0
 0.0
 0.0
 0.0
 0.0
 0.0
 0.0
 0.0
 0.0
 0.0
 0.0
 0.0
 1.573154987966718
 0.0
 0.0
 0.0
 0.3811656178138152
 0.0
 0.0
 0.0
 0.0
 0.0
 0.0
 0.0
 0.0
 0.0
 0.0
 0.0
 0.0
 0.0
 0.0
 0.0
 0.0
 1.6188343821861848
 1.0
 0.38116561781381564
 0.0
 0.0
 0.0
 0.0
 0.0
 0.0
 0.0
 0.0
 0.0
 1.301828174567786
 0.6857014437743905
 0.8165900572902257
 0.0
 0.0
 0.0
 0.0
 0.0
 0.0
 0.09093853137623525
 0.047899318418200595
 0.05704247457316207
 0.0
 0.0
 0.0
 0.0
 0.0
 0.0
 0.0
 0.16415887685945935
 0.5680792748344188
 0.0
 0.0
 0.0
 0.0
 0.0
 0.0
 0.08543506403789819
 0.29565193276530793
 0.0
 0.0
 0.0
 0.0
 0.0
 0.0
 0.0
 0.0
 0.0
 0.0
 0.0
 0.0
 0.0
 0.0
 0.0
 0.0
 0.0
 0.0
 0.0
 0.0
 0.0
 0.0
 2.0
 2.4771998959313657
 0.0
 1.0
x_ij_opt: 1-dimensional DenseAxisArray{Float64,1,...} with index sets:
    Dimension 1, [(43, 30), (43, 22), (43, 6), (44, 22), (45, 30), (45, 29), (45, 28), (45, 24), (45, 23), (40, 29)  …  (5, 7), (5, 14), (6, 4), (6, 3), (1, 14), (1, 10), (1, 23), (1, 1), (3, 2), (3, 1)]
And data, a 116-element Vector{Float64}:
 0.0
 0.426845012033282
 1.4913744525558987
 0.0
 0.0
 0.0
 1.7504060591026425
 0.0
 0.0
 0.0
 0.0
 0.0
 0.0
 0.0
 0.0
 0.0
 0.0
 0.0
 0.0
 0.0
 0.0
 0.0
 0.0
 0.0
 0.6072332940559786
 0.2663992378074091
 0.0
 2.0
 0.0
 0.0
 0.0
 0.0
 0.0
 0.0
 0.0
 0.0
 0.0
 0.0
 0.0
 0.0
 0.0
 0.0
 0.0
 0.5086255474441014
 0.0
 0.0
 0.0
 0.0
 0.0
 0.0
 0.0
 0.0
 0.0
 0.0
 0.0
 1.0456793942194667
 0.0
 1.0751596450029064
 0.006572079736406205
 1.6730171416456863
 0.0
 0.0
 0.0
 0.0
 6.0
 0.0
 0.0
 0.0
 0.0
 0.8144350667968518
 0.0
 0.0
 0.0
 0.0
 0.0
 0.0
 0.13626879240027331
 0.7116453186943288
 0.0
 0.0
 0.0
 0.0
 0.0
 0.0
 0.0
 0.0
 0.0
 0.0
 0.0
 0.0
 0.0
 0.0
 0.8177304610187133
 0.0
 0.0
 0.0
 0.0
 0.0
 0.0
 0.0
 0.0
 0.0
 0.0
 0.0
 0.0
 0.0
 0.0
 0.0
 0.0
 0.0
 0.0
 0.0
 0.0
 5.916527308800984
 0.0
 0.0
x_il_opt: 1-dimensional DenseAxisArray{Float64,1,...} with index sets:
    Dimension 1, [(43, 15), (43, 14), (44, 15), (44, 13), (44, 3), (40, 14), (40, 2), (41, 14), (42, 6), (37, 13)  …  (4, 13), (5, 2), (5, 7), (5, 9), (6, 11), (1, 1), (1, 6), (1, 3), (2, 1), (2, 15)]
And data, a 71-element Vector{Float64}:
 0.0
 0.0
 0.0
 2.804119675632402
 1.248998878191191
 0.7322381516938782
 0.0
 0.0
 1.0039289169353938
 0.0
 0.0
 3.0
 0.0
 0.0
 3.0
 0.0
 0.3256128134769431
 0.0
 4.674387186523057
 0.0
 0.0
 0.3810869968032061
 3.0
 1.087401608134409
 1.912598391865591
 0.0
 3.0
 0.0
 1.9543206057805331
 0.5125477915574619
 1.2098401593356276
 0.19588032436759792
 0.0
 0.0
 0.0
 0.0
 0.0
 0.0
 0.0
 0.0
 0.0
 0.0
 3.0
 0.0
 0.0
 1.9125983918655907
 0.0
 2.993427920263594
 0.0
 0.0
 0.0
 0.0
 0.0
 0.0
 2.4914196673194042
 0.0
 0.0
 6.751001121808809
 0.0
 0.0
 0.0
 0.0
 0.0
 0.0
 0.0
 0.0
 0.0
 2.083472691199016
 0.0
 0.0
 5.477199895931365
x_lj_opt: 1-dimensional DenseAxisArray{Float64,1,...} with index sets:
    Dimension 1, [(15, 30), (15, 29), (15, 23), (15, 3), (14, 28), (14, 27), (14, 10), (14, 24), (13, 26), (13, 25)  …  (3, 6), (3, 5), (3, 29), (2, 4), (2, 3), (2, 1), (2, 5), (1, 2), (1, 1), (1, 14)]
And data, a 53-element Vector{Float64}:
 2.0
 2.4771998959313657
 0.0
 1.0
 0.24959394089735754
 0.8637312075997268
 0.0
 0.0
 1.3927667059440214
 0.733600762192591
 0.8736325318633877
 1.6188343821861848
 1.0
 0.38116561781381536
 1.573154987966718
 0.0
 0.0
 0.0
 0.3811656178138152
 0.0
 0.0
 2.0
 1.0
 0.32698285835431373
 0.18556493320314812
 0.0
 4.924840354997094
 3.0751596450029064
 0.0
 0.0
 2.0
 0.9934279202635938
 0.0
 2.0
 6.0
 0.0
 2.0
 1.0
 0.0
 0.0
 1.2883546813056712
 1.0614304997589132
 0.1416344862548197
 0.0
 4.858365513745181
 3.141634486254819
 1.8583655137451802
 0.0
 0.0
 1.1416344862548196
 1.1263674681366123
 0.08347269119901535
 0.0
q_opt: 1-dimensional DenseAxisArray{Float64,1,...} with index sets:
    Dimension 1, [(43, 15), (43, 14), (44, 15), (44, 13), (44, 3), (40, 14), (40, 2), (41, 14), (42, 6), (37, 13)  …  (4, 13), (5, 2), (5, 7), (5, 9), (6, 11), (1, 1), (1, 6), (1, 3), (2, 1), (2, 15)]
And data, a 71-element Vector{Float64}:
 0.0
 0.0
 0.0
 0.934706558544134
 0.1561248597738989
 0.6577037738547014
 0.0
 0.0
 0.1254911146169242
 0.0
 0.0
 1.0
 0.0
 0.0
 0.375
 0.0
 0.04070160168461789
 0.0
 0.5842983983153821
 0.0
 0.0
 0.3422962261452986
 1.0
 0.36246720271146965
 0.2390747989831989
 0.0
 0.375
 0.0
 1.0
 1.0
 1.0
 0.06529344145586596
 0.0
 0.0
 0.0
 0.0
 0.0
 0.0
 0.0
 0.0
 0.0
 0.0
 1.0
 0.0
 0.0
 0.6375327972885303
 0.0
 1.0
 0.0
 0.0
 0.0
 0.0
 0.0
 0.0
 1.0
 0.0
 0.0
 0.8438751402261011
 0.0
 0.0
 0.0
 0.0
 0.0
 0.0
 0.0
 0.0
 0.0
 0.2604340863998769
 0.0
 0.0
 1.0
