
PROBLEM STATISTICS
  Objective sense = Min
  # Variables = 572
  # Bin-Int Variables = 0
  # Constraints = 621
  # NL Constraints = 261
  # Linear Constraints = 360
  # Detected convex constraints = 0
  # Detected nonlinear terms = 261
  # Variables involved in nonlinear terms = 124
  # Potential variables for partitioning = 124
SUB-SOLVERS USED BY ALPINE
  NLP local solver = Knitro
  MIP solver = Gurobi
ALPINE CONFIGURATION
  Maximum iterations (lower-bounding MIPs) =  1
  Relative global optimality gap = 0.01%
  Potential variables chosen for partitioning = All
  Discretization ratio = 10
  Bound-tightening presolve = false
PRESOLVE 
  Doing local search

Feasible solution found during presolve: [0.0, 0.0, 0.0, 0.0, 0.0, 0.0, 0.0, 0.0, 0.0, 0.0, 0.0, 0.0, 0.0, 0.0, 0.0, 0.0, 0.0, 0.0, 0.0, 3.0, 0.0, 0.0, 0.0, 0.0, 0.0, 0.0, 0.0, 0.0, 0.0, 1.3425828153151833, 0.5194536335605101, 0.0, 0.0, 0.0, 0.0, 0.0, 0.0, 0.0, 0.0, 0.0, 0.0, 1.657417184684814, 0.6412650073344257, 0.0, 0.0, 0.0, 0.0, 0.0, 0.0, 1.1712360595179092, 1.26880166276596, 0.34033718498748766, 0.0, 0.0, 0.0, 0.0, 0.0, 0.0, 0.0, 2.0, 1.0, 0.0, 0.0, 0.0, 0.0, 0.0, 0.0, 0.0, 0.0, 0.0, 0.0, 0.5707846672679957, 1.7123540018039878, 0.0, 0.75, 2.25, 0.0, 0.5342665080017178, 1.6027995240051536, 0.0, 0.0, 0.0, 0.0, 0.0, 0.0, 0.0, 0.0, 0.0, 0.0, 0.0, 0.0, 0.0, 0.14494882473028617, 0.4348464741908585, 0.0, 0.0, 0.0, 0.0, 0.0, 0.0, 0.0, 1.5353960311755999, 0.38276631582544113, 1.0818376529989588, 0.0, 0.0, 0.0, 0.0, 0.0, 0.0, 0.0, 0.0, 0.0, 0.0, 0.0, 0.0, 0.0, 0.0, 2.7443889655681577, 3.000167290686215, 0.0, 0.0, 0.0, 1.0775096711875851, 1.1779340725580418, 0.0, 0.0, 0.0, 0.0, 0.0, 0.0, 0.0, 0.0, 0.0, 0.0, 0.0, 0.0, 0.0, 0.0, 0.0, 0.0, 0.0, 0.0, 0.0, 0.0, 0.0, 0.0, 0.0, 0.2046649525811843, 0.0, 0.0, 0.0, 0.0, 0.5752893119954191, 0.28764465599770955, 0.0, 0.0, 1.4247106880045808, 0.7123553440022904, 0.0, 0.0, 0.0, 0.0, 0.0, 0.0, 0.0, 0.0, 0.0, 0.0, 0.0, 0.0, 0.0, 0.0, 1.815456184697666, 0.0, 0.0, 0.0, 0.6314468413125506, 0.0, 0.0, 0.0, 0.0, 0.0, 0.0, 0.0, 0.0, 0.0, 0.0, 0.0, 0.0, 0.0, 0.0, 0.0, 0.0, 1.3685531586874493, 0.902782172403076, 0.0, 0.0, 0.0, 0.0, 0.0, 0.0, 0.0, 0.0, 0.0, 0.0, 1.1879691514462585, 0.3715954248031568, 1.4404354237505848, 0.0, 0.0, 0.0, 0.0, 0.0, 0.0, 0.0, 0.0, 0.0, 0.0, 0.0, 0.0, 0.0, 0.0, 0.0, 0.0, 0.8814129654435603, 0.9312752976198205, 0.0, 0.0, 0.0, 0.0, 0.0, 0.0, 0.0, 0.0, 0.0, 0.0, 0.0, 0.0, 0.0, 0.0, 0.0, 0.0, 0.0, 0.0, 0.0, 0.0, 0.0, 0.0, 0.0, 0.0, 0.0, 0.0, 0.0, 0.0, 0.0, 0.0, 1.0768473391461135, 4.839281359105061, 0.0, 0.7771181594938007, 0.0, 0.0, 0.0, 3.0, 1.8620364488756933, 1.812688263063381, 0.0, 0.0, 2.2831386690719837, 0.0, 0.0, 2.2713353310905253, 0.0, 0.0, 3.0, 0.0, 0.0, 0.0, 5.744556256254373, 0.0, 0.0, 0.0, 3.0, 0.8629339679931287, 2.1370660320068713, 0.0, 2.255443743745627, 0.0, 2.4469030260102165, 0.2046649525811843, 0.0, 0.0, 0.0, 0.0, 0.0, 0.0, 0.0, 0.0, 0.0, 0.0, 0.0, 0.0, 3.0, 0.0, 0.0, 2.1370660320068713, 0.0, 3.0, 0.0, 0.0, 0.0, 0.0, 0.0, 0.0, 2.780374907271357, 0.0, 0.0, 0.0, 0.0, 0.0, 0.0, 0.0, 0.0, 0.0, 0.0, 0.0, 0.0, 0.5797952989211447, 2.29868219201924, 0.0, 6.693246857744976, 1.0768473391461135, 4.839281359105061, 0.0, 0.7771181594938007, 0.8814129654435603, 0.9312752976198205, 0.0, 0.0, 1.1879691514462585, 0.3715954248031568, 1.4404354237505848, 1.3685531586874493, 0.902782172403076, 0.0, 1.815456184697666, 0.0, 0.0, 0.0, 0.6314468413125506, 0.0, 0.0, 2.0, 1.0, 0.0, 0.2046649525811843, 0.0, 3.821898636755743, 4.178101363244257, 0.0, 0.0, 1.5353960311755999, 0.38276631582544113, 1.0818376529989588, 2.0, 6.0, 0.0, 2.0, 1.0, 0.0, 0.0, 1.1712360595179092, 1.26880166276596, 0.34033718498748766, 0.0, 2.9999999999999996, 1.1607186408949395, 0.0, 0.0, 0.0, 3.0, 0.0, 0.0, 0.0, 0.0, 0.184543815302334, 1.3102593024886195, 0.0, 0.9231526608538864, 0.0, 1.1185870345564397, 0.0, 0.0, 0.0, 0.0, 0.0, 0.0, 0.0, 0.0, 0.0, 0.0, 0.0, 0.0, 0.0, 0.0, 0.0, 0.0, 0.0, 0.8120308485537414, 0.3205617672187868, 0.0, 1.8674073842274717, 0.0, 0.0, 0.0, 0.0, 0.0, 0.0, 0.0, 0.0, 0.0, 0.0, 0.0, 0.0, 0.0, 0.0, 0.5595645762494154, 0.6897406975113805, 0.0, 0.0, 0.0, 0.0, 0.0, 0.0, 0.0, 0.0, 0.0, 0.0, 0.0, 0.5530969739897833, 0.0, 2.1781013632442567, 0.6172336841745589, 2.0, 0.0, 0.0, 0.0, 0.0, 6.0, 0.0, 0.0, 0.0, 0.0, 0.7953350474188157, 0.0, 0.0, 0.0, 0.0, 0.0, 0.0, 0.06872470238017951, 0.8287639404820909, 0.0, 0.0, 0.0, 0.0, 0.0, 0.0, 0.0, 0.0, 0.0, 0.0, 0.13259261577252834, 0.0, 0.0, 0.0, 0.0, 0.0, 0.0, 0.0, 0.0, 0.30784280797805635, 0.0, 0.22288184050619922, 0.0, 0.0, 0.0, 0.0, 0.0, 0.3584616343627487, 0.0, 0.0, 1.6596628150125123, 0.0, 0.10614233446165136, 0.0, 0.097217827596924, 4.918162347001041, 0.0, 0.0, 0.0, 0.0, 0.0, 1.0, 0.4475276051050611, 1.0, 0.0, 0.0, 0.28539233363399796, 0.0, 0.0, 1.0, 0.0, 0.0, 0.375, 0.0, 0.0, 0.0, 0.7180695320317966, 0.0, 0.0, 0.0, 1.0, 0.28764465599770955, 0.2671332540008589, 0.0, 0.28193046796820337, 0.0, 1.0, 1.0, 0.0, 0.0, 0.0, 0.0, 0.0, 0.0, 0.0, 0.0, 0.0, 0.0, 0.0, 0.0, 1.0, 0.0, 0.0, 0.7123553440022904, 0.0, 1.0, 0.0, 0.0, 0.0, 0.0, 0.0, 0.0, 1.0, 0.0, 0.0, 0.0, 0.0, 0.0, 0.0, 0.0, 0.0, 0.0, 0.0, 0.0, 0.0, 0.07247441236514308, 0.552472394894938, 1.0, 1.0]  :with objective: -612.2644374428138

  Local solver returns a feasible point with value -612.2644
disc:  333  :[0.0, 0.8768473391461136, 1.2768473391461135, 2.0]
disc:  334  :[0.0, 4.239281359105061, 5.439281359105061, 6.0]
disc:  335  :[0.0, 0.1, 1.0]
disc:  336  :[0.0, 0.6771181594938007, 0.8771181594938007, 1.0]
disc:  337  :[0.0, 0.6814129654435603, 1.0814129654435602, 2.0]
disc:  338  :[0.0, 0.8312752976198206, 1.0]
disc:  339  :[0.0, 0.2, 2.0]
disc:  340  :[0.0, 0.2, 2.0]
disc:  341  :[0.0, 0.9879691514462585, 1.3879691514462584, 2.0]
disc:  342  :[0.0, 0.2715954248031568, 0.47159542480315686, 1.0]
disc:  343  :[0.0, 1.2404354237505848, 1.6404354237505847, 2.0]
disc:  344  :[0.0, 1.1685531586874494, 1.5685531586874493, 2.0]
disc:  345  :[0.0, 0.802782172403076, 1.0]
disc:  346  :[0.0, 0.3, 3.0]
disc:  347  :[0.0, 1.615456184697666, 2.0]
disc:  348  :[0.0, 0.6, 6.0]
disc:  349  :[0.0, 0.2, 2.0]
disc:  350  :[0.0, 0.1, 1.0]
disc:  351  :[0.0, 0.43144684131255057, 0.8314468413125506, 2.0]
disc:  352  :[0.0, 0.6, 6.0]
disc:  353  :[0.0, 0.1, 1.0]
disc:  354  :[0.0, 1.8, 2.0]
disc:  355  :[0.0, 0.9, 1.0]
disc:  356  :[0.0, 0.2, 2.0]
disc:  357  :[0.0, 0.1046649525811843, 0.3046649525811843, 1.0]
disc:  358  :[0.0, 0.2, 2.0]
disc:  359  :[0.0, 3.2218986367557427, 4.421898636755743, 6.0]
disc:  360  :[0.0, 3.5781013632442566, 4.778101363244256, 6.0]
disc:  361  :[0.0, 0.2, 2.0]
disc:  362  :[0.0, 0.1, 1.0]
disc:  363  :[0.0, 1.3353960311756, 1.7353960311755998, 2.0]
disc:  364  :[0.0, 0.2827663158254411, 0.48276631582544116, 1.0]
disc:  365  :[0.0, 0.7818376529989588, 1.3818376529989589, 3.0]
disc:  366  :[0.0, 1.8, 2.0]
disc:  367  :[0.0, 5.4, 6.0]
disc:  368  :[0.0, 0.2, 2.0]
disc:  369  :[0.0, 1.8, 2.0]
disc:  370  :[0.0, 0.9, 1.0]
disc:  371  :[0.0, 0.2, 2.0]
disc:  372  :[0.0, 0.2, 2.0]
disc:  373  :[0.0, 0.9712360595179093, 1.3712360595179092, 2.0]
disc:  374  :[0.0, 0.66880166276596, 1.8688016627659598, 6.0]
disc:  375  :[0.0, 0.14033718498748765, 0.5403371849874876, 2.0]
disc:  376  :[0.0, 0.2, 2.0]
disc:  377  :[0.0, 2.3999999999999995, 3.5999999999999996, 6.0]
disc:  378  :[0.0, 0.5607186408949395, 1.7607186408949396, 6.0]
disc:  379  :[0.0, 0.2, 2.0]
disc:  380  :[0.0, 0.1, 1.0]
disc:  381  :[0.0, 0.3, 3.0]
disc:  382  :[0.0, 2.7, 3.0]
disc:  383  :[0.0, 0.2, 2.0]
disc:  384  :[0.0, 0.6, 6.0]
disc:  385  :[0.0, 0.2, 2.0]
disc:  502  :[0.0, 0.1, 1.0]
disc:  503  :[0.0, 0.1, 1.0]
disc:  504  :[0.0, 0.1, 1.0]
disc:  505  :[0.0, 0.9, 1.0]
disc:  506  :[0.0, 0.3475276051050611, 0.5475276051050612, 1.0]
disc:  507  :[0.0, 0.9, 1.0]
disc:  508  :[0.0, 0.1, 1.0]
disc:  509  :[0.0, 0.1, 1.0]
disc:  510  :[0.0, 0.18539233363399796, 0.38539233363399794, 1.0]
disc:  511  :[0.0, 0.1, 1.0]
disc:  512  :[0.0, 0.1, 1.0]
disc:  513  :[0.0, 0.9, 1.0]
disc:  514  :[0.0, 0.1, 1.0]
disc:  515  :[0.0, 0.1, 1.0]
disc:  516  :[0.0, 0.275, 0.475, 1.0]
disc:  517  :[0.0, 0.1, 1.0]
disc:  518  :[0.0, 0.1, 1.0]
disc:  519  :[0.0, 0.1, 1.0]
disc:  520  :[0.0, 0.6180695320317966, 0.8180695320317966, 1.0]
disc:  521  :[0.0, 0.1, 1.0]
disc:  522  :[0.0, 0.1, 1.0]
disc:  523  :[0.0, 0.1, 1.0]
disc:  524  :[0.0, 0.9, 1.0]
disc:  525  :[0.0, 0.18764465599770955, 0.3876446559977096, 1.0]
disc:  526  :[0.0, 0.1671332540008589, 0.36713325400085894, 1.0]
disc:  527  :[0.0, 0.1, 1.0]
disc:  528  :[0.0, 0.18193046796820336, 0.3819304679682034, 1.0]
disc:  529  :[0.0, 0.1, 1.0]
disc:  530  :[0.0, 0.9, 1.0]
disc:  531  :[0.0, 0.9, 1.0]
disc:  532  :[0.0, 0.1, 1.0]
disc:  533  :[0.0, 0.1, 1.0]
disc:  534  :[0.0, 0.1, 1.0]
disc:  535  :[0.0, 0.1, 1.0]
disc:  536  :[0.0, 0.1, 1.0]
disc:  537  :[0.0, 0.1, 1.0]
disc:  538  :[0.0, 0.1, 1.0]
disc:  539  :[0.0, 0.1, 1.0]
disc:  540  :[0.0, 0.1, 1.0]
disc:  541  :[0.0, 0.1, 1.0]
disc:  542  :[0.0, 0.1, 1.0]
disc:  543  :[0.0, 0.1, 1.0]
disc:  544  :[0.0, 0.9, 1.0]
disc:  545  :[0.0, 0.1, 1.0]
disc:  546  :[0.0, 0.1, 1.0]
disc:  547  :[0.0, 0.6123553440022904, 0.8123553440022904, 1.0]
disc:  548  :[0.0, 0.1, 1.0]
disc:  549  :[0.0, 0.9, 1.0]
disc:  550  :[0.0, 0.1, 1.0]
disc:  551  :[0.0, 0.1, 1.0]
disc:  552  :[0.0, 0.1, 1.0]
disc:  553  :[0.0, 0.1, 1.0]
disc:  554  :[0.0, 0.1, 1.0]
disc:  555  :[0.0, 0.1, 1.0]
disc:  556  :[0.0, 0.9, 1.0]
disc:  557  :[0.0, 0.1, 1.0]
disc:  558  :[0.0, 0.1, 1.0]
disc:  559  :[0.0, 0.1, 1.0]
disc:  560  :[0.0, 0.1, 1.0]
disc:  561  :[0.0, 0.1, 1.0]
disc:  562  :[0.0, 0.1, 1.0]
disc:  563  :[0.0, 0.1, 1.0]
disc:  564  :[0.0, 0.1, 1.0]
disc:  565  :[0.0, 0.1, 1.0]
disc:  566  :[0.0, 0.1, 1.0]
disc:  567  :[0.0, 0.1, 1.0]
disc:  568  :[0.0, 0.1, 1.0]
disc:  569  :[0.0, 0.1724744123651431, 1.0]
disc:  570  :[0.0, 0.45247239489493807, 0.652472394894938, 1.0]
disc:  571  :[0.0, 0.9, 1.0]
disc:  572  :[0.0, 0.9, 1.0]
  Completed presolve in 9.25s
LOWER-BOUNDING ITERATIONS
====================================================================================================
| Iter   | Incumbent       | Best Incumbent      | Lower Bound        | Gap (%)         | Time      
| finish | -612.2644       | -612.2644           | -625.3763          | 2.142           | 26.6s            
Final UBD: -612.2644374428138
Final LBD: -625.3762888312328
====================================================================================================

*** Alpine ended with status OTHER_LIMIT ***

 Total time for local solves: 6.91s

 Total time for solving max-min problems: 0.0s

 Total time excluding max-min time: 26.6s

presolve objective value: -612.2644374428138
w_opt: 1-dimensional DenseAxisArray{Float64,1,...} with index sets:
    Dimension 1, [(25, 1, 2), (25, 1, 1), (25, 1, 14), (20, 1, 2), (20, 1, 1), (20, 1, 14), (1, 1, 2), (1, 1, 1), (1, 1, 14), (2, 1, 2)  …  (20, 15, 23), (20, 15, 3), (8, 15, 30), (8, 15, 29), (8, 15, 23), (8, 15, 3), (2, 15, 30), (2, 15, 29), (2, 15, 23), (2, 15, 3)]
And data, a 261-element Vector{Float64}:
 0.0
 0.0
 0.0
 0.0
 0.0
 0.0
 0.0
 0.0
 0.0
 0.0
 0.0
 0.0
 0.0
 0.0
 0.0
 0.0
 0.0
 0.0
 0.0
 3.0
 0.0
 0.0
 0.0
 0.0
 0.0
 0.0
 0.0
 0.0
 0.0
 1.3425828153151833
 0.5194536335605101
 0.0
 0.0
 0.0
 0.0
 0.0
 0.0
 0.0
 0.0
 0.0
 0.0
 1.657417184684814
 0.6412650073344257
 0.0
 0.0
 0.0
 0.0
 0.0
 0.0
 1.1712360595179092
 1.26880166276596
 0.34033718498748766
 0.0
 0.0
 0.0
 0.0
 0.0
 0.0
 0.0
 2.0
 1.0
 0.0
 0.0
 0.0
 0.0
 0.0
 0.0
 0.0
 0.0
 0.0
 0.0
 0.5707846672679957
 1.7123540018039878
 0.0
 0.75
 2.25
 0.0
 0.5342665080017178
 1.6027995240051536
 0.0
 0.0
 0.0
 0.0
 0.0
 0.0
 0.0
 0.0
 0.0
 0.0
 0.0
 0.0
 0.0
 0.14494882473028617
 0.4348464741908585
 0.0
 0.0
 0.0
 0.0
 0.0
 0.0
 0.0
 1.5353960311755999
 0.38276631582544113
 1.0818376529989588
 0.0
 0.0
 0.0
 0.0
 0.0
 0.0
 0.0
 0.0
 0.0
 0.0
 0.0
 0.0
 0.0
 0.0
 2.7443889655681577
 3.000167290686215
 0.0
 0.0
 0.0
 1.0775096711875851
 1.1779340725580418
 0.0
 0.0
 0.0
 0.0
 0.0
 0.0
 0.0
 0.0
 0.0
 0.0
 0.0
 0.0
 0.0
 0.0
 0.0
 0.0
 0.0
 0.0
 0.0
 0.0
 0.0
 0.0
 0.0
 0.2046649525811843
 0.0
 0.0
 0.0
 0.0
 0.5752893119954191
 0.28764465599770955
 0.0
 0.0
 1.4247106880045808
 0.7123553440022904
 0.0
 0.0
 0.0
 0.0
 0.0
 0.0
 0.0
 0.0
 0.0
 0.0
 0.0
 0.0
 0.0
 0.0
 1.815456184697666
 0.0
 0.0
 0.0
 0.6314468413125506
 0.0
 0.0
 0.0
 0.0
 0.0
 0.0
 0.0
 0.0
 0.0
 0.0
 0.0
 0.0
 0.0
 0.0
 0.0
 0.0
 1.3685531586874493
 0.902782172403076
 0.0
 0.0
 0.0
 0.0
 0.0
 0.0
 0.0
 0.0
 0.0
 0.0
 1.1879691514462585
 0.3715954248031568
 1.4404354237505848
 0.0
 0.0
 0.0
 0.0
 0.0
 0.0
 0.0
 0.0
 0.0
 0.0
 0.0
 0.0
 0.0
 0.0
 0.0
 0.0
 0.8814129654435603
 0.9312752976198205
 0.0
 0.0
 0.0
 0.0
 0.0
 0.0
 0.0
 0.0
 0.0
 0.0
 0.0
 0.0
 0.0
 0.0
 0.0
 0.0
 0.0
 0.0
 0.0
 0.0
 0.0
 0.0
 0.0
 0.0
 0.0
 0.0
 0.0
 0.0
 0.0
 0.0
 1.0768473391461135
 4.839281359105061
 0.0
 0.7771181594938007
x_ij_opt: 1-dimensional DenseAxisArray{Float64,1,...} with index sets:
    Dimension 1, [(43, 30), (43, 22), (43, 6), (44, 22), (45, 30), (45, 29), (45, 28), (45, 24), (45, 23), (40, 29)  …  (5, 7), (5, 14), (6, 4), (6, 3), (1, 14), (1, 10), (1, 23), (1, 1), (3, 2), (3, 1)]
And data, a 116-element Vector{Float64}:
 0.0
 0.184543815302334
 1.3102593024886195
 0.0
 0.9231526608538864
 0.0
 1.1185870345564397
 0.0
 0.0
 0.0
 0.0
 0.0
 0.0
 0.0
 0.0
 0.0
 0.0
 0.0
 0.0
 0.0
 0.0
 0.0
 0.0
 0.0
 0.8120308485537414
 0.3205617672187868
 0.0
 1.8674073842274717
 0.0
 0.0
 0.0
 0.0
 0.0
 0.0
 0.0
 0.0
 0.0
 0.0
 0.0
 0.0
 0.0
 0.0
 0.5595645762494154
 0.6897406975113805
 0.0
 0.0
 0.0
 0.0
 0.0
 0.0
 0.0
 0.0
 0.0
 0.0
 0.0
 0.5530969739897833
 0.0
 2.1781013632442567
 0.6172336841745589
 2.0
 0.0
 0.0
 0.0
 0.0
 6.0
 0.0
 0.0
 0.0
 0.0
 0.7953350474188157
 0.0
 0.0
 0.0
 0.0
 0.0
 0.0
 0.06872470238017951
 0.8287639404820909
 0.0
 0.0
 0.0
 0.0
 0.0
 0.0
 0.0
 0.0
 0.0
 0.0
 0.13259261577252834
 0.0
 0.0
 0.0
 0.0
 0.0
 0.0
 0.0
 0.0
 0.30784280797805635
 0.0
 0.22288184050619922
 0.0
 0.0
 0.0
 0.0
 0.0
 0.3584616343627487
 0.0
 0.0
 1.6596628150125123
 0.0
 0.10614233446165136
 0.0
 0.097217827596924
 4.918162347001041
 0.0
 0.0
x_il_opt: 1-dimensional DenseAxisArray{Float64,1,...} with index sets:
    Dimension 1, [(43, 15), (43, 14), (44, 15), (44, 13), (44, 3), (40, 14), (40, 2), (41, 14), (42, 6), (37, 13)  …  (4, 13), (5, 2), (5, 7), (5, 9), (6, 11), (1, 1), (1, 6), (1, 3), (2, 1), (2, 15)]
And data, a 71-element Vector{Float64}:
 0.0
 0.0
 0.0
 3.0
 1.8620364488756933
 1.812688263063381
 0.0
 0.0
 2.2831386690719837
 0.0
 0.0
 2.2713353310905253
 0.0
 0.0
 3.0
 0.0
 0.0
 0.0
 5.744556256254373
 0.0
 0.0
 0.0
 3.0
 0.8629339679931287
 2.1370660320068713
 0.0
 2.255443743745627
 0.0
 2.4469030260102165
 0.2046649525811843
 0.0
 0.0
 0.0
 0.0
 0.0
 0.0
 0.0
 0.0
 0.0
 0.0
 0.0
 0.0
 3.0
 0.0
 0.0
 2.1370660320068713
 0.0
 3.0
 0.0
 0.0
 0.0
 0.0
 0.0
 0.0
 2.780374907271357
 0.0
 0.0
 0.0
 0.0
 0.0
 0.0
 0.0
 0.0
 0.0
 0.0
 0.0
 0.0
 0.5797952989211447
 2.29868219201924
 0.0
 6.693246857744976
x_lj_opt: 1-dimensional DenseAxisArray{Float64,1,...} with index sets:
    Dimension 1, [(15, 30), (15, 29), (15, 23), (15, 3), (14, 28), (14, 27), (14, 10), (14, 24), (13, 26), (13, 25)  …  (3, 6), (3, 5), (3, 29), (2, 4), (2, 3), (2, 1), (2, 5), (1, 2), (1, 1), (1, 14)]
And data, a 53-element Vector{Float64}:
 1.0768473391461135
 4.839281359105061
 0.0
 0.7771181594938007
 0.8814129654435603
 0.9312752976198205
 0.0
 0.0
 1.1879691514462585
 0.3715954248031568
 1.4404354237505848
 1.3685531586874493
 0.902782172403076
 0.0
 1.815456184697666
 0.0
 0.0
 0.0
 0.6314468413125506
 0.0
 0.0
 2.0
 1.0
 0.0
 0.2046649525811843
 0.0
 3.821898636755743
 4.178101363244257
 0.0
 0.0
 1.5353960311755999
 0.38276631582544113
 1.0818376529989588
 2.0
 6.0
 0.0
 2.0
 1.0
 0.0
 0.0
 1.1712360595179092
 1.26880166276596
 0.34033718498748766
 0.0
 2.9999999999999996
 1.1607186408949395
 0.0
 0.0
 0.0
 3.0
 0.0
 0.0
 0.0
q_opt: 1-dimensional DenseAxisArray{Float64,1,...} with index sets:
    Dimension 1, [(43, 15), (43, 14), (44, 15), (44, 13), (44, 3), (40, 14), (40, 2), (41, 14), (42, 6), (37, 13)  …  (4, 13), (5, 2), (5, 7), (5, 9), (6, 11), (1, 1), (1, 6), (1, 3), (2, 1), (2, 15)]
And data, a 71-element Vector{Float64}:
 0.0
 0.0
 0.0
 1.0
 0.4475276051050611
 1.0
 0.0
 0.0
 0.28539233363399796
 0.0
 0.0
 1.0
 0.0
 0.0
 0.375
 0.0
 0.0
 0.0
 0.7180695320317966
 0.0
 0.0
 0.0
 1.0
 0.28764465599770955
 0.2671332540008589
 0.0
 0.28193046796820337
 0.0
 1.0
 1.0
 0.0
 0.0
 0.0
 0.0
 0.0
 0.0
 0.0
 0.0
 0.0
 0.0
 0.0
 0.0
 1.0
 0.0
 0.0
 0.7123553440022904
 0.0
 1.0
 0.0
 0.0
 0.0
 0.0
 0.0
 0.0
 1.0
 0.0
 0.0
 0.0
 0.0
 0.0
 0.0
 0.0
 0.0
 0.0
 0.0
 0.0
 0.0
 0.07247441236514308
 0.552472394894938
 1.0
 1.0
