
PROBLEM STATISTICS
  Objective sense = Min
  # Variables = 572
  # Bin-Int Variables = 0
  # Constraints = 621
  # NL Constraints = 261
  # Linear Constraints = 360
  # Detected convex constraints = 0
  # Detected nonlinear terms = 261
  # Variables involved in nonlinear terms = 124
  # Potential variables for partitioning = 124
SUB-SOLVERS USED BY ALPINE
  NLP local solver = Knitro
  MIP solver = Gurobi
ALPINE CONFIGURATION
  Maximum iterations (lower-bounding MIPs) =  1
  Relative global optimality gap = 0.01%
  Potential variables chosen for partitioning = All
  Discretization ratio = 10
  Bound-tightening presolve = false
PRESOLVE 
  Doing local search

Feasible solution found during presolve: [1.2987059084536885, 0.0, 0.0, 0.7012940915463116, 0.0, 0.0, 0.0, 0.0, 0.0, 0.0, 0.0, 0.0, 0.0, 0.0, 0.0, 0.0, 2.0, 0.0, 0.0, 1.0000000000000002, 0.0, 0.0, 0.0, 0.0, 0.0, 0.0, 0.0, 0.0, 0.07470323235409532, 1.783316099073528, 0.9952864270900216, 0.0, 0.0, 0.0, 0.13474710680031846, 3.2166839009264714, 1.795263233755565, 0.0, 0.0, 0.0, 0.0, 0.0, 0.0, 0.27682760776408816, 0.7696813195968587, 0.0, 0.0, 0.0, 0.0, 0.8199141042205346, 2.2796590802111614, 0.0, 0.0, 0.0, 0.0, 0.0, 0.0, 0.0, 0.0, 2.0, 1.0, 0.0, 0.0, 0.0, 0.0, 0.0, 0.0, 0.0, 0.0, 0.0, 0.0, 0.0, 0.0, 0.0, 0.6808228685450123, 2.042468605635037, 0.0, 0.5306675078985436, 1.5920025236956308, 0.0, 0.0, 0.0, 0.0, 0.0, 0.0, 0.0, 0.0, 0.0, 0.0, 0.0, 0.0, 0.0, 0.7885096235564442, 2.365528870669332, 0.0, 0.0, 0.0, 0.0, 0.0, 0.0, 0.0, 0.31327025183137464, 0.4915416087636411, 1.098615677931512, 0.18047628512460837, 0.2831791496805984, 0.6329170266682658, 0.0, 0.0, 0.0, 0.0, 0.0, 0.0, 0.0, 0.0, 0.0, 0.0, 0.0, 4.67367262413842, 2.7311323667330467, 0.0, 0.0, 0.0, 0.37566777566960136, 0.21952723345893274, 0.0, 0.0, 0.0, 0.0, 0.0, 0.0, 0.0, 0.0, 0.0, 0.0, 0.0, 0.0, 0.0, 0.0, 0.0, 0.0, 0.0, 0.0, 0.0, 0.0, 0.0, 0.0, 0.5253552497985714, 0.0, 0.0, 0.0, 0.33490671657171395, 0.0, 0.5848866456038838, 0.2924433228019419, 0.0, 0.0, 1.4151133543961163, 0.7075566771980581, 0.0, 0.0, 0.0, 0.0, 0.0, 0.0, 0.0, 0.0, 0.0, 0.0, 0.0, 0.0, 0.0, 0.0, 1.4611217312495035, 0.0, 0.0, 0.0, 1.538878268750496, 0.0, 0.0, 0.0, 0.0, 0.0, 0.0, 0.0, 0.0, 0.0, 0.0, 0.0, 0.0, 0.0, 0.0, 0.0, 0.0, 0.46112173124950395, 1.0, 1.538878268750496, 0.0, 0.0, 0.0, 0.0, 0.0, 0.0, 0.0, 0.0, 0.0, 1.4999801627106835, 0.7499900813553417, 0.0, 0.5000198372893165, 0.25000991864465827, 0.0, 0.0, 0.0, 0.0, 0.0, 0.0, 0.0, 0.0, 0.0, 0.0, 0.0, 0.0, 0.0, 0.0, 0.0, 0.0, 0.0, 0.0, 0.0, 0.0, 0.0, 0.0, 0.10896711582491724, 0.9628240536704797, 0.0, 0.0, 0.0, 0.0, 0.0, 0.0, 0.0, 0.0, 0.0, 0.0, 0.0, 0.0, 0.0, 0.0, 0.19651047918495473, 0.1641424590340379, 0.0, 0.09825523959247748, 0.0, 0.0, 0.0, 0.0, 1.8034895208150452, 1.506429611369879, 0.0, 0.9017447604075226, 0.0, 0.0, 0.0, 2.2499702440660254, 2.8533057585176453, 0.0, 0.0, 0.0, 0.0, 0.7500297559339747, 0.0, 3.0, 0.0, 0.0, 2.723291474180049, 0.0, 0.0, 0.0, 7.404804990871466, 0.0, 1.0465089273609467, 1.071791169495397, 3.0, 0.8773299684058258, 2.1226700315941742, 0.0, 0.5951950091285342, 0.0, 3.0, 0.5253552497985714, 1.2987059084536885, 0.0, 0.0, 0.0, 0.0, 0.0, 0.0, 0.0, 0.7012940915463116, 0.4589081778114701, 0.0, 0.0, 3.0, 0.0, 0.0, 2.1226700315941747, 0.0, 1.9034275385265276, 0.0, 0.0, 0.0, 0.0, 0.0, 0.0, 3.099573184431696, 0.0, 0.0, 5.146694241482354, 0.0, 0.0, 0.0, 0.0, 0.0, 1.0965724614734726, 0.33490671657171395, 0.0, 0.0, 3.1540384942257766, 0.0, 0.0, 4.211663892592447, 2.0, 1.6705720704039166, 0.0, 1.0, 0.10896711582491724, 0.9628240536704797, 0.0, 0.0, 2.0, 1.0, 0.0, 0.46112173124950395, 1.0, 1.538878268750496, 1.4611217312495035, 0.0, 0.0, 0.0, 1.538878268750496, 0.0, 0.0, 2.0, 1.0, 0.8602619663702854, 0.0, 0.0, 5.049340399808021, 2.9506596001919796, 0.0, 0.0, 0.493746536955983, 0.7747207584442395, 1.7315327045997777, 2.0, 6.0, 0.0, 2.0, 1.0, 0.0, 0.0, 1.0967417119846228, 3.04934039980802, 0.0, 0.2094503391544138, 5.0, 2.7905496608455866, 2.0, 0.0, 0.0, 1.0000000000000002, 2.0, 0.0, 0.0, 0.0, 0.5388782687504964, 1.1953546517170524, 0.0, 0.0, 0.0, 1.8910328841750828, 0.0, 0.0, 0.0, 0.0, 0.0, 0.0, 0.0, 0.0, 0.0, 0.0, 0.0, 0.24658347315294712, 0.0, 0.0, 0.0, 0.0, 0.0, 0.0, 0.0, 0.0, 2.0, 0.0, 0.0, 0.0, 0.0, 0.0, 0.0, 0.0, 0.0, 0.0, 0.0, 0.0, 0.0, 0.0, 0.0, 0.0, 0.5951950091285338, 0.0, 0.0, 0.0, 0.0, 0.0, 0.0, 0.0, 0.0, 0.0, 0.0, 0.0, 0.0, 0.0, 0.9506596001919794, 0.22527924155576057, 1.1397380336297147, 0.0, 0.0, 0.0, 0.0, 6.0, 0.0, 0.0, 0.0, 0.0, 0.753416526847053, 0.0, 0.0, 0.0, 0.0, 0.0, 0.0, 0.03717594632952028, 0.9032582880153771, 0.0, 0.0, 0.0, 0.0, 0.0, 0.0, 0.0, 0.0, 0.0, 0.0, 0.0, 0.0, 0.0, 0.0, 0.0, 0.0, 0.0, 0.0, 0.0, 0.0, 0.0, 0.0, 0.0, 0.0, 0.0, 0.0, 0.0, 1.4007803500261415, 0.0, 0.0, 0.0, 0.0, 0.1054731130178755, 0.0, 0.0, 4.268467295400222, 0.0, 0.0, 0.0, 0.0, 0.0, 0.7499900813553417, 0.35666321981470556, 0.0, 0.0, 0.0, 0.0, 0.25000991864465827, 0.0, 1.0, 0.0, 0.0, 0.3404114342725062, 0.0, 0.0, 0.0, 0.9256006238589332, 0.0, 0.25240911760632434, 1.0, 1.0, 0.2924433228019419, 0.2653337539492718, 0.0, 0.07439937614106676, 0.0, 1.0, 0.6106921732402163, 0.6493529542268442, 0.0, 0.0, 0.0, 0.0, 0.0, 0.0, 0.0, 0.3506470457731558, 0.09825523959247738, 0.0, 0.0, 1.0, 0.0, 0.0, 0.7075566771980581, 0.0, 0.6344758461755092, 0.0, 0.0, 0.0, 0.0, 0.0, 0.0, 0.7475908823936755, 0.0, 0.0, 0.6433367801852943, 0.0, 0.0, 0.0, 0.0, 0.0, 0.3655241538244908, 0.3893078267597837, 0.0, 0.0, 0.3942548117782221, 0.0, 0.0, 0.9017447604075226]  :with objective: -627.4818610226839

  Local solver returns a feasible point with value -627.4819
disc:  333  :[0.0, 1.8, 2.0]
disc:  334  :[0.0, 1.0705720704039168, 2.2705720704039165, 6.0]
disc:  335  :[0.0, 0.1, 1.0]
disc:  336  :[0.0, 0.9, 1.0]
disc:  337  :[0.0, 0.30896711582491726, 2.0]
disc:  338  :[0.0, 0.8628240536704798, 1.0]
disc:  339  :[0.0, 0.2, 2.0]
disc:  340  :[0.0, 0.2, 2.0]
disc:  341  :[0.0, 1.8, 2.0]
disc:  342  :[0.0, 0.9, 1.0]
disc:  343  :[0.0, 0.2, 2.0]
disc:  344  :[0.0, 0.26112173124950394, 0.6611217312495039, 2.0]
disc:  345  :[0.0, 0.9, 1.0]
disc:  346  :[0.0, 1.238878268750496, 1.838878268750496, 3.0]
disc:  347  :[0.0, 1.2611217312495036, 1.6611217312495035, 2.0]
disc:  348  :[0.0, 0.6, 6.0]
disc:  349  :[0.0, 0.2, 2.0]
disc:  350  :[0.0, 0.1, 1.0]
disc:  351  :[0.0, 1.338878268750496, 1.738878268750496, 2.0]
disc:  352  :[0.0, 0.6, 6.0]
disc:  353  :[0.0, 0.1, 1.0]
disc:  354  :[0.0, 1.8, 2.0]
disc:  355  :[0.0, 0.9, 1.0]
disc:  356  :[0.0, 0.6602619663702853, 1.0602619663702855, 2.0]
disc:  357  :[0.0, 0.1, 1.0]
disc:  358  :[0.0, 0.2, 2.0]
disc:  359  :[0.0, 4.449340399808022, 5.649340399808021, 6.0]
disc:  360  :[0.0, 2.3506596001919795, 3.5506596001919797, 6.0]
disc:  361  :[0.0, 0.2, 2.0]
disc:  362  :[0.0, 0.1, 1.0]
disc:  363  :[0.0, 0.29374653695598296, 0.693746536955983, 2.0]
disc:  364  :[0.0, 0.6747207584442395, 0.8747207584442395, 1.0]
disc:  365  :[0.0, 1.4315327045997777, 2.0315327045997775, 3.0]
disc:  366  :[0.0, 1.8, 2.0]
disc:  367  :[0.0, 5.4, 6.0]
disc:  368  :[0.0, 0.2, 2.0]
disc:  369  :[0.0, 1.8, 2.0]
disc:  370  :[0.0, 0.9, 1.0]
disc:  371  :[0.0, 0.2, 2.0]
disc:  372  :[0.0, 0.2, 2.0]
disc:  373  :[0.0, 0.8967417119846228, 1.2967417119846227, 2.0]
disc:  374  :[0.0, 2.44934039980802, 3.64934039980802, 6.0]
disc:  375  :[0.0, 0.2, 2.0]
disc:  376  :[0.0, 0.00945033915441379, 0.4094503391544138, 2.0]
disc:  377  :[0.0, 4.4, 5.6, 6.0]
disc:  378  :[0.0, 2.1905496608455866, 3.3905496608455867, 6.0]
disc:  379  :[0.0, 1.8, 2.0]
disc:  380  :[0.0, 0.1, 1.0]
disc:  381  :[0.0, 0.3, 3.0]
disc:  382  :[0.0, 0.7000000000000002, 1.3000000000000003, 3.0]
disc:  383  :[0.0, 1.8, 2.0]
disc:  384  :[0.0, 0.6, 6.0]
disc:  385  :[0.0, 0.2, 2.0]
disc:  502  :[0.0, 0.1, 1.0]
disc:  503  :[0.0, 0.1, 1.0]
disc:  504  :[0.0, 0.1, 1.0]
disc:  505  :[0.0, 0.6499900813553418, 0.8499900813553417, 1.0]
disc:  506  :[0.0, 0.2566632198147055, 0.4566632198147056, 1.0]
disc:  507  :[0.0, 0.1, 1.0]
disc:  508  :[0.0, 0.1, 1.0]
disc:  509  :[0.0, 0.1, 1.0]
disc:  510  :[0.0, 0.1, 1.0]
disc:  511  :[0.0, 0.15000991864465826, 0.35000991864465825, 1.0]
disc:  512  :[0.0, 0.1, 1.0]
disc:  513  :[0.0, 0.9, 1.0]
disc:  514  :[0.0, 0.1, 1.0]
disc:  515  :[0.0, 0.1, 1.0]
disc:  516  :[0.0, 0.2404114342725062, 0.4404114342725062, 1.0]
disc:  517  :[0.0, 0.1, 1.0]
disc:  518  :[0.0, 0.1, 1.0]
disc:  519  :[0.0, 0.1, 1.0]
disc:  520  :[0.0, 0.8256006238589332, 1.0]
disc:  521  :[0.0, 0.1, 1.0]
disc:  522  :[0.0, 0.15240911760632433, 0.3524091176063243, 1.0]
disc:  523  :[0.0, 0.9, 1.0]
disc:  524  :[0.0, 0.9, 1.0]
disc:  525  :[0.0, 0.1924433228019419, 0.39244332280194194, 1.0]
disc:  526  :[0.0, 0.16533375394927177, 0.3653337539492718, 1.0]
disc:  527  :[0.0, 0.1, 1.0]
disc:  528  :[0.0, 0.17439937614106676, 1.0]
disc:  529  :[0.0, 0.1, 1.0]
disc:  530  :[0.0, 0.9, 1.0]
disc:  531  :[0.0, 0.5106921732402163, 0.7106921732402163, 1.0]
disc:  532  :[0.0, 0.5493529542268443, 0.7493529542268442, 1.0]
disc:  533  :[0.0, 0.1, 1.0]
disc:  534  :[0.0, 0.1, 1.0]
disc:  535  :[0.0, 0.1, 1.0]
disc:  536  :[0.0, 0.1, 1.0]
disc:  537  :[0.0, 0.1, 1.0]
disc:  538  :[0.0, 0.1, 1.0]
disc:  539  :[0.0, 0.1, 1.0]
disc:  540  :[0.0, 0.2506470457731558, 0.45064704577315584, 1.0]
disc:  541  :[0.0, 0.19825523959247737, 1.0]
disc:  542  :[0.0, 0.1, 1.0]
disc:  543  :[0.0, 0.1, 1.0]
disc:  544  :[0.0, 0.9, 1.0]
disc:  545  :[0.0, 0.1, 1.0]
disc:  546  :[0.0, 0.1, 1.0]
disc:  547  :[0.0, 0.6075566771980582, 0.8075566771980581, 1.0]
disc:  548  :[0.0, 0.1, 1.0]
disc:  549  :[0.0, 0.5344758461755093, 0.7344758461755092, 1.0]
disc:  550  :[0.0, 0.1, 1.0]
disc:  551  :[0.0, 0.1, 1.0]
disc:  552  :[0.0, 0.1, 1.0]
disc:  553  :[0.0, 0.1, 1.0]
disc:  554  :[0.0, 0.1, 1.0]
disc:  555  :[0.0, 0.1, 1.0]
disc:  556  :[0.0, 0.6475908823936756, 0.8475908823936755, 1.0]
disc:  557  :[0.0, 0.1, 1.0]
disc:  558  :[0.0, 0.1, 1.0]
disc:  559  :[0.0, 0.5433367801852943, 0.7433367801852943, 1.0]
disc:  560  :[0.0, 0.1, 1.0]
disc:  561  :[0.0, 0.1, 1.0]
disc:  562  :[0.0, 0.1, 1.0]
disc:  563  :[0.0, 0.1, 1.0]
disc:  564  :[0.0, 0.1, 1.0]
disc:  565  :[0.0, 0.2655241538244908, 0.46552415382449086, 1.0]
disc:  566  :[0.0, 0.2893078267597837, 0.4893078267597837, 1.0]
disc:  567  :[0.0, 0.1, 1.0]
disc:  568  :[0.0, 0.1, 1.0]
disc:  569  :[0.0, 0.2942548117782221, 0.49425481177822206, 1.0]
disc:  570  :[0.0, 0.1, 1.0]
disc:  571  :[0.0, 0.1, 1.0]
disc:  572  :[0.0, 0.8017447604075226, 1.0]
  Completed presolve in 12.76s
LOWER-BOUNDING ITERATIONS
====================================================================================================
| Iter   | Incumbent       | Best Incumbent      | Lower Bound        | Gap (%)         | Time      
| finish | -627.4819       | -627.4819           | -630.3911          | 0.464           | 34.74s           
Final UBD: -627.4818610226839
Final LBD: -630.3910635323964
====================================================================================================

*** Alpine ended with status OTHER_LIMIT ***

 Total time for local solves: 10.56s

 Total time for solving max-min problems: 0.0s

 Total time excluding max-min time: 34.74s

presolve objective value: -627.4818610226839
w_opt: 1-dimensional DenseAxisArray{Float64,1,...} with index sets:
    Dimension 1, [(25, 1, 2), (25, 1, 1), (25, 1, 14), (20, 1, 2), (20, 1, 1), (20, 1, 14), (1, 1, 2), (1, 1, 1), (1, 1, 14), (2, 1, 2)  …  (20, 15, 23), (20, 15, 3), (8, 15, 30), (8, 15, 29), (8, 15, 23), (8, 15, 3), (2, 15, 30), (2, 15, 29), (2, 15, 23), (2, 15, 3)]
And data, a 261-element Vector{Float64}:
 1.2987059084536885
 0.0
 0.0
 0.7012940915463116
 0.0
 0.0
 0.0
 0.0
 0.0
 0.0
 0.0
 0.0
 0.0
 0.0
 0.0
 0.0
 2.0
 0.0
 0.0
 1.0000000000000002
 0.0
 0.0
 0.0
 0.0
 0.0
 0.0
 0.0
 0.0
 0.07470323235409532
 1.783316099073528
 0.9952864270900216
 0.0
 0.0
 0.0
 0.13474710680031846
 3.2166839009264714
 1.795263233755565
 0.0
 0.0
 0.0
 0.0
 0.0
 0.0
 0.27682760776408816
 0.7696813195968587
 0.0
 0.0
 0.0
 0.0
 0.8199141042205346
 2.2796590802111614
 0.0
 0.0
 0.0
 0.0
 0.0
 0.0
 0.0
 0.0
 2.0
 1.0
 0.0
 0.0
 0.0
 0.0
 0.0
 0.0
 0.0
 0.0
 0.0
 0.0
 0.0
 0.0
 0.0
 0.6808228685450123
 2.042468605635037
 0.0
 0.5306675078985436
 1.5920025236956308
 0.0
 0.0
 0.0
 0.0
 0.0
 0.0
 0.0
 0.0
 0.0
 0.0
 0.0
 0.0
 0.0
 0.7885096235564442
 2.365528870669332
 0.0
 0.0
 0.0
 0.0
 0.0
 0.0
 0.0
 0.31327025183137464
 0.4915416087636411
 1.098615677931512
 0.18047628512460837
 0.2831791496805984
 0.6329170266682658
 0.0
 0.0
 0.0
 0.0
 0.0
 0.0
 0.0
 0.0
 0.0
 0.0
 0.0
 4.67367262413842
 2.7311323667330467
 0.0
 0.0
 0.0
 0.37566777566960136
 0.21952723345893274
 0.0
 0.0
 0.0
 0.0
 0.0
 0.0
 0.0
 0.0
 0.0
 0.0
 0.0
 0.0
 0.0
 0.0
 0.0
 0.0
 0.0
 0.0
 0.0
 0.0
 0.0
 0.0
 0.5253552497985714
 0.0
 0.0
 0.0
 0.33490671657171395
 0.0
 0.5848866456038838
 0.2924433228019419
 0.0
 0.0
 1.4151133543961163
 0.7075566771980581
 0.0
 0.0
 0.0
 0.0
 0.0
 0.0
 0.0
 0.0
 0.0
 0.0
 0.0
 0.0
 0.0
 0.0
 1.4611217312495035
 0.0
 0.0
 0.0
 1.538878268750496
 0.0
 0.0
 0.0
 0.0
 0.0
 0.0
 0.0
 0.0
 0.0
 0.0
 0.0
 0.0
 0.0
 0.0
 0.0
 0.0
 0.46112173124950395
 1.0
 1.538878268750496
 0.0
 0.0
 0.0
 0.0
 0.0
 0.0
 0.0
 0.0
 0.0
 1.4999801627106835
 0.7499900813553417
 0.0
 0.5000198372893165
 0.25000991864465827
 0.0
 0.0
 0.0
 0.0
 0.0
 0.0
 0.0
 0.0
 0.0
 0.0
 0.0
 0.0
 0.0
 0.0
 0.0
 0.0
 0.0
 0.0
 0.0
 0.0
 0.0
 0.0
 0.10896711582491724
 0.9628240536704797
 0.0
 0.0
 0.0
 0.0
 0.0
 0.0
 0.0
 0.0
 0.0
 0.0
 0.0
 0.0
 0.0
 0.0
 0.19651047918495473
 0.1641424590340379
 0.0
 0.09825523959247748
 0.0
 0.0
 0.0
 0.0
 1.8034895208150452
 1.506429611369879
 0.0
 0.9017447604075226
x_ij_opt: 1-dimensional DenseAxisArray{Float64,1,...} with index sets:
    Dimension 1, [(43, 30), (43, 22), (43, 6), (44, 22), (45, 30), (45, 29), (45, 28), (45, 24), (45, 23), (40, 29)  …  (5, 7), (5, 14), (6, 4), (6, 3), (1, 14), (1, 10), (1, 23), (1, 1), (3, 2), (3, 1)]
And data, a 116-element Vector{Float64}:
 0.0
 0.5388782687504964
 1.1953546517170524
 0.0
 0.0
 0.0
 1.8910328841750828
 0.0
 0.0
 0.0
 0.0
 0.0
 0.0
 0.0
 0.0
 0.0
 0.0
 0.0
 0.24658347315294712
 0.0
 0.0
 0.0
 0.0
 0.0
 0.0
 0.0
 0.0
 2.0
 0.0
 0.0
 0.0
 0.0
 0.0
 0.0
 0.0
 0.0
 0.0
 0.0
 0.0
 0.0
 0.0
 0.0
 0.0
 0.5951950091285338
 0.0
 0.0
 0.0
 0.0
 0.0
 0.0
 0.0
 0.0
 0.0
 0.0
 0.0
 0.0
 0.0
 0.9506596001919794
 0.22527924155576057
 1.1397380336297147
 0.0
 0.0
 0.0
 0.0
 6.0
 0.0
 0.0
 0.0
 0.0
 0.753416526847053
 0.0
 0.0
 0.0
 0.0
 0.0
 0.0
 0.03717594632952028
 0.9032582880153771
 0.0
 0.0
 0.0
 0.0
 0.0
 0.0
 0.0
 0.0
 0.0
 0.0
 0.0
 0.0
 0.0
 0.0
 0.0
 0.0
 0.0
 0.0
 0.0
 0.0
 0.0
 0.0
 0.0
 0.0
 0.0
 0.0
 0.0
 1.4007803500261415
 0.0
 0.0
 0.0
 0.0
 0.1054731130178755
 0.0
 0.0
 4.268467295400222
 0.0
 0.0
x_il_opt: 1-dimensional DenseAxisArray{Float64,1,...} with index sets:
    Dimension 1, [(43, 15), (43, 14), (44, 15), (44, 13), (44, 3), (40, 14), (40, 2), (41, 14), (42, 6), (37, 13)  …  (4, 13), (5, 2), (5, 7), (5, 9), (6, 11), (1, 1), (1, 6), (1, 3), (2, 1), (2, 15)]
And data, a 71-element Vector{Float64}:
 0.0
 0.0
 0.0
 2.2499702440660254
 2.8533057585176453
 0.0
 0.0
 0.0
 0.0
 0.7500297559339747
 0.0
 3.0
 0.0
 0.0
 2.723291474180049
 0.0
 0.0
 0.0
 7.404804990871466
 0.0
 1.0465089273609467
 1.071791169495397
 3.0
 0.8773299684058258
 2.1226700315941742
 0.0
 0.5951950091285342
 0.0
 3.0
 0.5253552497985714
 1.2987059084536885
 0.0
 0.0
 0.0
 0.0
 0.0
 0.0
 0.0
 0.7012940915463116
 0.4589081778114701
 0.0
 0.0
 3.0
 0.0
 0.0
 2.1226700315941747
 0.0
 1.9034275385265276
 0.0
 0.0
 0.0
 0.0
 0.0
 0.0
 3.099573184431696
 0.0
 0.0
 5.146694241482354
 0.0
 0.0
 0.0
 0.0
 0.0
 1.0965724614734726
 0.33490671657171395
 0.0
 0.0
 3.1540384942257766
 0.0
 0.0
 4.211663892592447
x_lj_opt: 1-dimensional DenseAxisArray{Float64,1,...} with index sets:
    Dimension 1, [(15, 30), (15, 29), (15, 23), (15, 3), (14, 28), (14, 27), (14, 10), (14, 24), (13, 26), (13, 25)  …  (3, 6), (3, 5), (3, 29), (2, 4), (2, 3), (2, 1), (2, 5), (1, 2), (1, 1), (1, 14)]
And data, a 53-element Vector{Float64}:
 2.0
 1.6705720704039166
 0.0
 1.0
 0.10896711582491724
 0.9628240536704797
 0.0
 0.0
 2.0
 1.0
 0.0
 0.46112173124950395
 1.0
 1.538878268750496
 1.4611217312495035
 0.0
 0.0
 0.0
 1.538878268750496
 0.0
 0.0
 2.0
 1.0
 0.8602619663702854
 0.0
 0.0
 5.049340399808021
 2.9506596001919796
 0.0
 0.0
 0.493746536955983
 0.7747207584442395
 1.7315327045997777
 2.0
 6.0
 0.0
 2.0
 1.0
 0.0
 0.0
 1.0967417119846228
 3.04934039980802
 0.0
 0.2094503391544138
 5.0
 2.7905496608455866
 2.0
 0.0
 0.0
 1.0000000000000002
 2.0
 0.0
 0.0
q_opt: 1-dimensional DenseAxisArray{Float64,1,...} with index sets:
    Dimension 1, [(43, 15), (43, 14), (44, 15), (44, 13), (44, 3), (40, 14), (40, 2), (41, 14), (42, 6), (37, 13)  …  (4, 13), (5, 2), (5, 7), (5, 9), (6, 11), (1, 1), (1, 6), (1, 3), (2, 1), (2, 15)]
And data, a 71-element Vector{Float64}:
 0.0
 0.0
 0.0
 0.7499900813553417
 0.35666321981470556
 0.0
 0.0
 0.0
 0.0
 0.25000991864465827
 0.0
 1.0
 0.0
 0.0
 0.3404114342725062
 0.0
 0.0
 0.0
 0.9256006238589332
 0.0
 0.25240911760632434
 1.0
 1.0
 0.2924433228019419
 0.2653337539492718
 0.0
 0.07439937614106676
 0.0
 1.0
 0.6106921732402163
 0.6493529542268442
 0.0
 0.0
 0.0
 0.0
 0.0
 0.0
 0.0
 0.3506470457731558
 0.09825523959247738
 0.0
 0.0
 1.0
 0.0
 0.0
 0.7075566771980581
 0.0
 0.6344758461755092
 0.0
 0.0
 0.0
 0.0
 0.0
 0.0
 0.7475908823936755
 0.0
 0.0
 0.6433367801852943
 0.0
 0.0
 0.0
 0.0
 0.0
 0.3655241538244908
 0.3893078267597837
 0.0
 0.0
 0.3942548117782221
 0.0
 0.0
 0.9017447604075226
