objective value: -628.916828308
objective bound: -628.979726231
termination status: OPTIMAL
BARON solution time: 451.98


w_opt: 1-dimensional DenseAxisArray{Float64,1,...} with index sets:
    Dimension 1, [(25, 1, 2), (25, 1, 1), (25, 1, 14), (20, 1, 2), (20, 1, 1), (20, 1, 14), (1, 1, 2), (1, 1, 1), (1, 1, 14), (2, 1, 2)  …  (20, 15, 23), (20, 15, 3), (8, 15, 30), (8, 15, 29), (8, 15, 23), (8, 15, 3), (2, 15, 30), (2, 15, 29), (2, 15, 23), (2, 15, 3)]
And data, a 261-element Vector{Float64}:
 0.9449081763644884
 0.672670497809815
 0.0
 1.055091822900767
 0.7511091125027334
 0.0
 0.0
 0.0
 0.0
 0.0
 0.0
 0.0
 0.0
 0.0
 0.0
 0.0
 1.9999999993601791
 0.0
 0.0
 1.0000000007410572
 0.0
 0.0
 0.0
 0.0
 0.0
 0.0
 0.0
 0.0
 0.0
 1.0001039929694178
 0.364132682333163
 0.0
 0.0
 0.0
 0.0
 3.9998960067256206
 1.4563414127080407
 0.0
 0.0
 0.0
 0.0
 0.0
 0.0
 0.22617216587180422
 0.5695715618712497
 0.0
 0.0
 0.0
 0.0
 0.910671386624366
 2.293352597264684
 0.0
 0.0
 0.0
 0.0
 0.0
 0.0
 0.0
 0.0
 2.0
 0.999999999042404
 0.0
 0.0
 0.0
 0.0
 0.0
 0.0
 0.0
 0.0
 0.0
 0.0
 0.0
 0.0
 0.0
 0.6613643576153929
 1.9840930728106136
 0.0
 0.47613502739942004
 1.4284050821605174
 0.0
 0.0
 0.0
 0.0
 0.0
 0.0
 0.0
 0.0
 0.0
 0.0
 0.0
 0.0
 0.0
 0.8625006146980335
 2.587501844061007
 0.0
 0.0
 0.0
 0.0
 0.0
 0.0
 0.0
 1.9999999990480575
 0.973777150049052
 0.02622284901559647
 0.0
 0.0
 0.0
 0.0
 0.0
 0.0
 0.0
 0.0
 0.0
 0.0
 0.0
 0.0
 0.0
 0.0
 4.0947030799318
 1.3649010259644834
 0.0
 0.0
 0.0
 1.9052969197027052
 0.635098972920616
 0.0
 0.0
 0.0
 0.0
 0.0
 0.0
 0.0
 0.0
 0.0
 0.0
 0.0
 0.0
 0.0
 0.0
 0.0
 0.0
 0.0
 0.0
 0.0
 0.0
 0.0
 0.0
 1.3561984763511095
 0.0
 0.0
 0.0
 0.6217518139067231
 0.0
 0.7303065940591817
 0.36515329661430646
 0.0
 0.0
 1.2696934058766323
 0.6348467022152589
 0.0
 0.0
 0.0
 0.0
 0.0
 0.0
 0.0
 0.0
 0.0
 0.0
 0.0
 0.0
 0.0
 0.0
 1.503436242280861
 0.0
 0.0
 0.0
 0.35948791042399303
 0.0
 0.0
 0.0
 0.0
 0.0
 0.0
 0.0
 0.0
 0.0
 0.0
 0.0
 0.0
 0.0
 0.0
 0.0
 0.0
 1.6405120901207768
 1.0
 0.35948790982671575
 0.0
 0.0
 0.0
 0.0
 0.0
 0.0
 0.0
 0.0
 0.0
 1.504668401004413
 0.7523341991942825
 0.0
 0.495331598974235
 0.2476657990587898
 0.0
 0.0
 0.0
 0.0
 0.0
 0.0
 0.0
 0.0
 0.0
 0.0
 0.0
 0.0
 0.0
 0.0
 0.40633911717609233
 0.5173982193516159
 0.0
 0.0
 0.0
 0.0
 0.0
 0.0
 0.0
 0.0
 0.0
 0.0
 0.0
 0.0
 0.0
 0.0
 0.0
 0.0
 0.0
 0.0
 0.0
 0.0
 0.0
 0.0
 0.0
 0.0
 0.0
 0.0
 0.0
 0.0
 0.0
 0.0
 1.076731498755071
 3.820037996105954
 0.0
 0.879131549537745
x_ij_opt: 1-dimensional DenseAxisArray{Float64,1,...} with index sets:
    Dimension 1, [(43, 30), (43, 22), (43, 6), (44, 22), (45, 30), (45, 29), (45, 28), (45, 24), (45, 23), (40, 29)  …  (5, 7), (5, 14), (6, 4), (6, 3), (1, 14), (1, 10), (1, 23), (1, 1), (3, 2), (3, 1)]
And data, a 116-element Vector{Float64}:
 0.0
 0.4965637575368686
 1.491128580177369
 0.0
 0.9232685015310823
 0.0
 1.5936608805718906
 0.0
 0.0
 0.0
 0.0
 0.0
 0.0
 0.0
 0.0
 0.0
 0.0
 0.0
 0.2133630043768972
 0.0
 0.0
 0.0
 0.0
 0.0
 0.0
 0.0
 0.0
 1.9999999966617101
 0.0
 0.0
 0.0
 0.0
 0.0
 0.0
 0.0
 0.0
 0.0
 0.0
 0.0
 0.0
 0.0
 0.0
 0.0
 0.50887141854279
 0.0
 0.0
 0.0
 0.0
 0.0
 0.0
 0.0
 0.0
 0.0
 0.0
 0.0
 1.1370758395983611
 0.0
 0.0
 0.026222848668952473
 0.022049709220913462
 0.0
 0.0
 0.0
 0.0
 5.999999994410609
 0.0
 0.0
 0.0
 0.0
 0.7866369953514583
 0.0
 0.0
 0.0
 0.0
 0.0
 0.0
 0.4826017771240737
 0.8631564469113232
 0.0
 0.0
 0.0
 0.0
 0.0
 0.0
 0.0
 0.0
 0.0
 0.0
 0.0
 0.0
 0.0
 0.0
 0.0
 0.0
 0.0
 0.0
 0.0
 0.0
 0.0
 0.12086845075536634
 0.0
 0.0
 0.0
 0.0
 0.0
 0.0
 0.0
 0.0
 0.0
 0.0
 0.0
 0.0
 0.0
 4.549997541129217
 0.0
 0.0
x_il_opt: 1-dimensional DenseAxisArray{Float64,1,...} with index sets:
    Dimension 1, [(43, 15), (43, 14), (44, 15), (44, 13), (44, 3), (40, 14), (40, 2), (41, 14), (42, 6), (37, 13)  …  (4, 13), (5, 2), (5, 7), (5, 9), (6, 11), (1, 1), (1, 6), (1, 3), (2, 1), (2, 15)]
And data, a 71-element Vector{Float64}:
 0.0
 0.0
 0.0
 2.25700260079788
 1.3642366755204123
 0.9237373363952038
 0.0
 0.0
 0.0
 0.7429973982327333
 0.0
 2.999999999970749
 0.0
 0.0
 2.6454574305193983
 0.0
 0.0
 0.0
 5.459604106827166
 0.0
 0.7957437277667229
 0.0
 3.0
 1.0954598906734883
 1.9045401096329593
 0.0
 2.540395893059768
 0.0
 1.8629241608570697
 1.356198476518441
 1.6175786741656428
 0.0
 0.0
 0.0
 0.0
 0.0
 0.0
 0.0
 1.8062009353947406
 0.0
 0.0
 0.0
 2.9999999992343516
 0.0
 0.0
 1.9045401080918911
 0.0
 2.999999998112702
 0.0
 0.0
 0.0
 0.0
 0.0
 0.0
 3.2040239839991442
 0.0
 0.0
 5.456237420294432
 0.0
 0.0
 0.0
 0.0
 0.0
 0.0
 0.6217518139813009
 0.0
 0.0
 3.450002458874478
 0.0
 0.0
 5.775901044530072
x_lj_opt: 1-dimensional DenseAxisArray{Float64,1,...} with index sets:
    Dimension 1, [(15, 30), (15, 29), (15, 23), (15, 3), (14, 28), (14, 27), (14, 10), (14, 24), (13, 26), (13, 25)  …  (3, 6), (3, 5), (3, 29), (2, 4), (2, 3), (2, 1), (2, 5), (1, 2), (1, 1), (1, 14)]
And data, a 53-element Vector{Float64}:
 1.0767314987162644
 3.82003799604454
 0.0
 0.8791315495022893
 0.4063391196776441
 0.5173982225370632
 0.0
 0.0
 2.0
 0.9999999983220152
 0.0
 1.6405120900742718
 0.9999999999952071
 0.35948790981414797
 1.503436242713317
 0.0
 0.0
 0.0
 0.3594879105293504
 0.0
 0.0
 2.0
 0.9999999988697349
 1.9779502909881963
 0.0
 0.0
 5.999999999859676
 1.9999999989665098
 0.0
 0.0
 1.9999999999877416
 0.9737771505043988
 0.02622284902408756
 2.0
 6.0
 0.0
 2.0
 0.9999999990467848
 0.0
 0.0
 1.1368435531643228
 2.8629241608185034
 0.0
 0.0
 4.9999999998155
 1.8204740950793985
 1.999999999304418
 0.0
 0.0
 1.0000000007162702
 1.9999999994470643
 1.4237796104416536
 0.0
q_opt: 1-dimensional DenseAxisArray{Float64,1,...} with index sets:
    Dimension 1, [(43, 15), (43, 14), (44, 15), (44, 13), (44, 3), (40, 14), (40, 2), (41, 14), (42, 6), (37, 13)  …  (4, 13), (5, 2), (5, 7), (5, 9), (6, 11), (1, 1), (1, 6), (1, 3), (2, 1), (2, 15)]
And data, a 71-element Vector{Float64}:
 0.0
 0.0
 0.0
 0.7523342004538627
 0.20002079860317876
 0.9999999938430127
 0.0
 0.0
 0.0
 0.24766579947058537
 0.0
 1.0
 0.0
 0.0
 0.33068217880377176
 0.0
 0.0
 0.0
 0.6824505133413654
 0.0
 0.19894748511555418
 0.0
 1.0
 0.365153297025586
 0.23806751369479026
 0.0
 0.317549486626538
 0.0
 0.9999999997136222
 0.6856585236395907
 0.4724540883128098
 0.0
 0.0
 0.0
 0.0
 0.0
 0.0
 0.0
 0.5275459115961804
 0.0
 0.0
 0.0
 0.9999999999934133
 0.0
 0.0
 0.6348467029315896
 0.0
 0.9999999995295419
 0.0
 0.0
 0.0
 0.0
 0.0
 0.0
 0.8010525142968405
 0.0
 0.0
 0.7999792013765592
 0.0
 0.0
 0.0
 0.0
 0.0
 0.0
 0.31434147599151674
 0.0
 0.0
 0.4312503073461993
 0.0
 0.0
 1.0

