objective value: -623.748616743
objective bound: -636.419867248
termination status: TIME_LIMIT
BARON solution time: 7227.04


w_opt: 1-dimensional DenseAxisArray{Float64,1,...} with index sets:
    Dimension 1, [(25, 1, 2), (25, 1, 1), (25, 1, 14), (20, 1, 2), (20, 1, 1), (20, 1, 14), (1, 1, 2), (1, 1, 1), (1, 1, 14), (2, 1, 2)  …  (20, 15, 23), (20, 15, 3), (8, 15, 30), (8, 15, 29), (8, 15, 23), (8, 15, 3), (2, 15, 30), (2, 15, 29), (2, 15, 23), (2, 15, 3)]
And data, a 261-element Vector{Float64}:
 1.0795795313262642
 1.9204204686737358
 0.0
 0.8100993209752505
 1.441052995649473
 0.0
 0.0
 0.0
 0.0
 0.0
 0.0
 0.0
 0.0
 0.0
 0.0
 0.0
 1.9158769708667265
 0.0
 0.0
 1.0841230291332735
 0.0
 0.0
 0.0
 0.0
 0.0
 0.0
 0.0
 0.0
 0.0
 2.8077091022507368
 1.761489034595974
 0.0
 0.0
 0.0
 0.0
 1.2729885749962477e-6
 5.2625879803872705e-6
 0.0
 0.0
 0.0
 0.0
 2.1081665956274147
 1.3226162742637757
 0.5628219598463003
 1.5051998808925533
 0.033020898620042295
 0.0
 0.0
 0.0
 0.5576799918040727
 1.491448302464203
 0.032719218280570096
 0.0
 0.0
 0.0
 0.0
 0.0
 0.0
 0.0
 2.0
 1.0
 0.0
 0.0
 0.0
 0.0
 0.0
 0.0
 0.0
 0.0
 0.0
 0.0
 0.17344276780317358
 0.5203283034095207
 0.0
 0.7499999994757023
 2.250000000524298
 0.0
 0.5446351594753123
 1.6339054763287457
 0.0
 0.0
 0.0
 0.0
 0.0
 0.0
 0.0
 0.0
 0.0
 0.0
 0.0
 0.0
 0.0
 0.5319220732458119
 1.5957662197374356
 0.0
 0.0
 0.0
 0.0
 0.0
 0.0
 0.0
 1.9595765297409227
 0.813555073145589
 0.22686839711348838
 0.0
 0.0
 0.0
 0.0
 0.0
 0.0
 0.0
 0.0
 0.0
 0.0
 0.0
 0.0
 0.0
 0.0
 4.552939184488797
 1.3761676591271734
 0.0
 0.14147873570242583
 0.0
 1.447060815511203
 0.43738741401841563
 0.0
 0.044966191151985274
 0.0
 0.0
 0.0
 0.0
 0.0
 0.0
 0.0
 0.0
 0.0
 0.0
 0.0
 0.0
 0.0
 0.0
 0.0
 0.0
 0.0
 0.0
 0.0
 0.0
 0.0
 0.0
 0.0
 0.0
 0.14913687045246285
 0.0
 0.5476395761306279
 0.27381978806531393
 0.0
 0.0
 1.4523604238693721
 0.7261802119346861
 0.0
 0.0
 0.0
 0.0
 0.0
 0.0
 0.0
 0.0
 0.0
 0.0
 0.0
 0.0
 0.0
 0.0
 1.4714553188267496
 0.0
 0.0
 0.0
 0.33874794573433786
 0.0
 0.0
 0.0
 0.0
 0.0
 0.0
 0.0
 0.0
 0.0
 0.0
 0.0
 0.0
 0.0
 0.0
 0.0
 0.0
 1.6612520542656621
 1.0
 0.33874794573433764
 0.0
 0.0
 0.0
 0.0
 0.0
 0.0
 0.0
 0.0
 0.0
 1.4840850369755636
 0.6601795374190885
 0.08186298232691619
 0.5159149630244364
 0.2294993148824259
 0.028458165371569217
 0.0
 0.0
 0.0
 0.0
 0.0
 0.0
 0.0
 0.0
 0.0
 0.0
 0.0
 0.0
 0.0
 0.27142811020727026
 0.5233083654434022
 0.0
 0.0
 0.0
 0.0
 0.0
 0.0
 3.350055546988947e-8
 8.912375382466707e-8
 0.0
 0.0
 0.0
 0.0
 0.0
 0.0
 0.0
 0.0
 0.0
 0.0
 0.0
 0.0
 0.0
 0.0
 0.0
 0.0
 0.0
 0.0
 0.0
 0.0
 0.0
 0.0
 2.0
 2.5771414828182357
 0.0
 1.0
x_ij_opt: 1-dimensional DenseAxisArray{Float64,1,...} with index sets:
    Dimension 1, [(43, 30), (43, 22), (43, 6), (44, 22), (45, 30), (45, 29), (45, 28), (45, 24), (45, 23), (40, 29)  …  (5, 7), (5, 14), (6, 4), (6, 3), (1, 14), (1, 10), (1, 23), (1, 1), (3, 2), (3, 1)]
And data, a 116-element Vector{Float64}:
 0.0
 0.5285446811732505
 1.4193472995482919
 0.0
 0.0
 0.0
 1.7285718562921744
 0.0
 0.0
 0.0
 0.0
 0.0
 0.0
 0.0
 0.0
 0.0
 0.0
 0.0
 0.2511523166247236
 0.0
 0.0
 0.0
 0.0
 0.0
 0.0
 0.0
 0.0
 2.0
 0.0
 0.0
 0.0
 0.0
 0.0
 0.0
 0.0
 0.0
 0.0
 0.0
 0.0
 0.0
 0.0
 0.0
 0.0
 0.5806527004517081
 0.0
 0.0
 0.0
 0.0
 0.0
 0.0
 0.0
 0.0
 0.0
 0.0
 0.0
 1.1897967354389127
 0.0
 0.0
 0.0
 1.850863129547537
 0.0
 0.0
 0.0
 0.0
 6.0
 0.0
 0.0
 0.0
 0.0
 0.7488476833752764
 0.0
 0.0
 0.0
 0.0
 0.0
 0.0
 0.47669154528922586
 0.8794980457597201
 0.0
 0.0
 0.0
 0.0
 0.0
 0.0
 0.0
 0.0
 0.0
 0.0
 0.0
 0.0
 0.0
 0.0
 0.0
 0.0
 0.0
 0.0
 0.0
 0.11032114769848544
 0.0
 0.0
 0.0
 0.0
 0.0
 0.0
 0.0
 0.010552771696816787
 0.0
 0.0
 0.018382912232661086
 0.0
 0.029870698562260673
 0.0
 0.0
 2.4116581385633027
 0.0
 0.0
x_il_opt: 1-dimensional DenseAxisArray{Float64,1,...} with index sets:
    Dimension 1, [(43, 15), (43, 14), (44, 15), (44, 13), (44, 3), (40, 14), (40, 2), (41, 14), (42, 6), (37, 13)  …  (4, 13), (5, 2), (5, 7), (5, 9), (6, 11), (1, 1), (1, 6), (1, 3), (2, 1), (2, 15)]
And data, a 71-element Vector{Float64}:
 0.0
 0.0
 0.0
 2.2261275567215684
 4.569198136846711
 0.7947364756506725
 0.0
 0.0
 0.6937710712126943
 0.7738724432784315
 0.0
 3.0
 0.0
 0.0
 3.0
 0.0
 0.0
 0.0
 6.070585579318396
 0.0
 2.101042739358896
 1.2262430929455654e-7
 3.0
 0.8214593641959418
 2.178540635804058
 0.0
 1.929414420681604
 0.0
 1.8102032645610875
 0.0
 3.0
 0.0
 0.0
 0.0
 0.0
 0.0
 0.0
 0.0
 2.2511523166247236
 0.0
 0.0
 0.0
 3.0
 0.0
 0.0
 2.178540635804058
 0.0
 3.0
 0.0
 0.0
 0.0
 0.0
 0.0
 0.0
 2.081847512548846
 0.0
 0.0
 6.535576555383518e-6
 0.0
 0.0
 0.0
 0.0
 0.0
 0.0
 0.14913687045246285
 0.0
 0.0
 2.1276882929832475
 3.4307828698911904
 0.0
 5.577141482818236
x_lj_opt: 1-dimensional DenseAxisArray{Float64,1,...} with index sets:
    Dimension 1, [(15, 30), (15, 29), (15, 23), (15, 3), (14, 28), (14, 27), (14, 10), (14, 24), (13, 26), (13, 25)  …  (3, 6), (3, 5), (3, 29), (2, 4), (2, 3), (2, 1), (2, 5), (1, 2), (1, 1), (1, 14)]
And data, a 53-element Vector{Float64}:
 2.0
 2.5771414828182357
 0.0
 1.0
 0.2714281437078257
 0.5233084547107741
 0.0
 0.0
 2.0
 0.8896788523015146
 0.11032114769848544
 1.6612520542656621
 1.0
 0.33874794573433764
 1.4714553188267496
 0.0
 0.0
 0.0
 0.33874794573433786
 0.0
 0.0
 2.0
 1.0
 0.14913687045246285
 0.0
 0.0
 6.0
 1.813555073145589
 0.0
 0.18644492685441105
 1.9595765297409227
 0.813555073145589
 0.22686839711348838
 2.0
 6.0
 0.0
 2.0
 1.0
 0.0
 0.0
 1.1205019542402799
 2.9966481914154985
 0.06574011690061239
 0.0
 4.9158769708667265
 3.0841105714474266
 1.9158769708667265
 0.0
 0.0
 1.0841230291332735
 1.8896788523015147
 3.361473464323209
 0.0
q_opt: 1-dimensional DenseAxisArray{Float64,1,...} with index sets:
    Dimension 1, [(43, 15), (43, 14), (44, 15), (44, 13), (44, 3), (40, 14), (40, 2), (41, 14), (42, 6), (37, 13)  …  (4, 13), (5, 2), (5, 7), (5, 9), (6, 11), (1, 1), (1, 6), (1, 3), (2, 1), (2, 15)]
And data, a 71-element Vector{Float64}:
 0.0
 0.0
 0.0
 0.7420425189071895
 0.5711497671058389
 0.9999998765767051
 0.0
 0.0
 0.08672138390158679
 0.2579574810928105
 0.0
 1.0
 0.0
 0.0
 0.375000000087383
 0.0
 0.0
 0.0
 0.7588231974147995
 0.0
 0.5022944919608852
 1.2342329491765724e-7
 1.0
 0.27381978806531393
 0.2723175793881243
 0.0
 0.2411768025852005
 0.0
 1.0
 0.0
 0.5713031767336556
 0.0
 0.0
 0.0
 0.0
 0.0
 0.0
 0.0
 0.4286968232663444
 0.0
 0.0
 0.0
 1.0
 0.0
 0.0
 0.7261802119346861
 0.0
 1.0
 0.0
 0.0
 0.0
 0.0
 0.0
 0.0
 0.4977055055877216
 0.0
 0.0
 1.7063502349938242e-6
 0.0
 0.0
 0.0
 0.0
 0.0
 0.0
 1.0
 0.0
 0.0
 0.26596103662290593
 0.4288485265439262
 0.0
 1.0

