objective value: -625.023418887
objective bound: -625.08592747
termination status: OPTIMAL
BARON solution time: 287.13


w_opt: 1-dimensional DenseAxisArray{Float64,1,...} with index sets:
    Dimension 1, [(25, 1, 2), (25, 1, 1), (25, 1, 14), (20, 1, 2), (20, 1, 1), (20, 1, 14), (1, 1, 2), (1, 1, 1), (1, 1, 14), (2, 1, 2)  …  (20, 15, 23), (20, 15, 3), (8, 15, 30), (8, 15, 29), (8, 15, 23), (8, 15, 3), (2, 15, 30), (2, 15, 29), (2, 15, 23), (2, 15, 3)]
And data, a 261-element Vector{Float64}:
 1.2204660567668222
 0.0
 0.0
 0.7795339425342682
 0.0
 0.0
 0.0
 0.0
 0.0
 0.0
 0.0
 0.0
 0.0
 0.0
 0.0
 0.0
 1.999999999972928
 0.0
 0.0
 1.0000000001161944
 0.0
 0.0
 0.0
 0.0
 0.0
 0.0
 0.0
 0.0
 0.0
 0.8815349572415897
 0.31043806964190634
 0.0
 0.0
 0.0
 0.0
 4.118465043466969
 1.4503433216414248
 0.0
 0.0
 0.0
 0.0
 0.0
 0.0
 0.0
 0.0
 0.0
 0.0
 0.0
 0.0
 1.3496874741165035
 1.0977445539681743
 0.0
 0.0
 0.0
 0.0
 0.0
 0.0
 0.0
 0.0
 2.0
 0.9999999998488629
 0.0
 0.0
 0.0
 0.0
 0.0
 0.0
 0.0
 0.0
 0.0
 0.0
 0.18509751909202354
 0.5552925572732681
 0.0
 0.7500000000397393
 2.2500000000802314
 0.0
 0.500634622537326
 1.5019038675900944
 0.0
 0.0
 0.0
 0.0
 0.0
 0.0
 0.0
 0.0
 0.0
 0.0
 0.0
 0.0
 0.0
 0.5642678584902959
 1.6928035754447341
 0.0
 0.0
 0.0
 0.0
 0.0
 0.0
 0.0
 1.7645287976155106
 0.9783997708237709
 0.2570714309807612
 0.0
 0.0
 0.0
 0.0
 0.0
 0.0
 0.0
 0.0
 0.0
 0.016915472647533986
 0.014013925671035274
 0.0
 0.0
 0.0
 2.7176143868928238
 2.2514562134262173
 0.0
 0.0
 0.0
 1.640717916065209
 1.3592820837238102
 0.0
 0.0
 0.0
 0.0
 0.0
 0.0
 0.0
 0.0
 0.0
 0.0
 0.0
 0.0
 0.0
 0.0
 0.0
 0.0
 0.0
 0.0
 0.0
 0.0
 0.0
 0.0
 0.13318148144083525
 0.0
 0.0
 0.0
 0.0
 0.0
 0.6649743402627338
 0.3324871700090636
 0.0
 0.0
 1.3350256599721892
 0.6675128297394889
 0.0
 0.0
 0.0
 0.0
 0.0
 0.0
 0.0
 0.0
 0.0
 0.0
 0.0
 0.0
 0.0
 0.0
 1.3844458695533632
 0.0
 0.0
 0.0
 0.3380509063771361
 0.0
 0.0
 0.0
 0.0
 0.0
 0.0
 0.0
 0.0
 0.0
 0.0
 0.0
 0.0
 0.0
 0.0
 0.0
 0.0
 1.661949094213153
 1.0
 0.33805090597665444
 0.0
 0.0
 0.0
 0.0
 0.0
 0.0
 0.0
 0.0
 0.0
 1.4571854215286713
 0.7285927098105263
 0.0
 0.5428145786413678
 0.2714072889561235
 0.0
 0.0
 0.0
 0.0
 0.0
 0.0
 0.0
 0.0
 0.0
 0.0
 0.0
 0.0
 0.0
 0.0
 0.03723453752620341
 0.2281879191842056
 0.0
 0.0
 0.0
 0.0
 0.0
 0.0
 0.08593644585609667
 0.5266524057044834
 0.0
 0.0
 0.0
 0.0
 0.0
 0.0
 0.0
 0.0
 0.0
 0.0
 0.0
 0.0
 0.0
 0.0
 0.0
 0.0
 0.0
 0.0
 0.0
 0.0
 0.0
 0.0
 0.4501655834906168
 3.9011677039897648
 0.0
 0.8293635458719688
x_ij_opt: 1-dimensional DenseAxisArray{Float64,1,...} with index sets:
    Dimension 1, [(43, 30), (43, 22), (43, 6), (44, 22), (45, 30), (45, 29), (45, 28), (45, 24), (45, 23), (40, 29)  …  (5, 7), (5, 14), (6, 4), (6, 3), (1, 14), (1, 10), (1, 23), (1, 1), (3, 2), (3, 1)]
And data, a 116-element Vector{Float64}:
 0.0
 0.6155541297336568
 1.612558863637308
 0.0
 1.5498344168676146
 0.0
 1.8768290166030808
 0.0
 0.0
 0.0
 0.0
 0.0
 0.0
 0.0
 0.0
 0.0
 0.0
 0.0
 0.2712832872624061
 0.0
 0.0
 0.0
 0.0
 0.0
 0.0
 0.0
 0.0
 1.9999999995749842
 0.0
 0.0
 0.0
 0.0
 0.0
 0.0
 0.0
 0.0
 0.0
 0.0
 0.0
 0.0
 0.0
 0.0
 0.0
 0.38744113693211757
 0.0
 0.0
 0.0
 0.0
 0.0
 0.0
 0.0
 0.0
 0.0
 0.0
 0.0
 1.2775032230477532
 0.0
 1.6247522244881665
 0.021600229381816802
 1.8668185182104922
 0.0
 0.0
 0.0
 0.0
 6.0
 0.0
 0.0
 0.0
 0.0
 0.7287167049049345
 0.0
 0.0
 0.0
 0.0
 0.0
 0.0
 0.24515967297769245
 0.6503125256660484
 0.0
 0.0
 0.0
 0.0
 0.0
 0.0
 0.0
 0.0
 0.0
 0.0
 0.0
 0.0
 0.0
 0.0
 0.0
 0.0
 0.0
 0.0
 0.0
 0.0
 0.0
 0.17063645457822976
 0.0
 0.0
 0.0
 0.0
 0.0
 0.23547120256757786
 0.0
 0.0
 0.0
 0.0
 0.0
 0.0
 0.0
 5.742928567145081
 0.0
 0.0
x_il_opt: 1-dimensional DenseAxisArray{Float64,1,...} with index sets:
    Dimension 1, [(43, 15), (43, 14), (44, 15), (44, 13), (44, 3), (40, 14), (40, 2), (41, 14), (42, 6), (37, 13)  …  (4, 13), (5, 2), (5, 7), (5, 9), (6, 11), (1, 1), (1, 6), (1, 3), (2, 1), (2, 15)]
And data, a 71-element Vector{Float64}:
 0.0
 0.0
 0.0
 2.185778132145704
 1.1919730269817475
 0.2654224567604596
 0.0
 0.0
 0.7403900764424869
 0.8142218679612014
 0.0
 3.0
 0.0
 0.0
 3.0
 0.0
 0.030929398020446357
 0.0
 4.969070600830225
 0.0
 0.0
 0.6125888516575283
 3.0
 0.9974615102717975
 2.0025384901874848
 0.0
 3.0
 0.0
 1.7224967776618103
 0.1331814895968726
 1.2204660568166423
 0.0
 0.0
 0.0
 0.0
 0.0
 0.0
 0.0
 0.7795339425993516
 0.0
 0.0
 0.0
 3.0
 0.0
 0.0
 2.0025384897116782
 0.0
 2.9999999994198254
 0.0
 0.0
 0.0
 0.0
 0.0
 0.0
 2.44743202817786
 0.0
 0.0
 5.568808365235461
 0.0
 0.0
 0.0
 0.0
 0.0
 0.0
 0.0
 0.0
 0.0
 2.257071433991302
 0.0
 0.0
 5.180696833546273
x_lj_opt: 1-dimensional DenseAxisArray{Float64,1,...} with index sets:
    Dimension 1, [(15, 30), (15, 29), (15, 23), (15, 3), (14, 28), (14, 27), (14, 10), (14, 24), (13, 26), (13, 25)  …  (3, 6), (3, 5), (3, 29), (2, 4), (2, 3), (2, 1), (2, 5), (1, 2), (1, 1), (1, 14)]
And data, a 53-element Vector{Float64}:
 0.45016558341383245
 3.901167703843758
 0.0
 0.8293635458668005
 0.1231709837451774
 0.7548403271733235
 0.0
 0.0
 2.0
 0.9999999987808683
 0.0
 1.6619490940691404
 1.0
 0.3380509059053527
 1.3844458707990448
 0.0
 0.0
 0.0
 0.33805090668259125
 0.0
 0.0
 2.0
 0.9999999997185318
 0.1331814821396716
 0.0
 0.0
 4.375247776095788
 3.6247522232528993
 0.0
 0.0
 1.7645287980345274
 0.9783997710671998
 0.25707143103050323
 2.0
 6.0
 0.0
 2.0
 0.9999999998995397
 0.0
 0.0
 1.3496874745821774
 1.0977445543464406
 0.0
 0.0
 5.00000000064145
 1.7607813912888333
 1.999999999980515
 0.0
 0.0
 1.0000000001816556
 1.9999999994708468
 0.0
 0.0
q_opt: 1-dimensional DenseAxisArray{Float64,1,...} with index sets:
    Dimension 1, [(43, 15), (43, 14), (44, 15), (44, 13), (44, 3), (40, 14), (40, 2), (41, 14), (42, 6), (37, 13)  …  (4, 13), (5, 2), (5, 7), (5, 9), (6, 11), (1, 1), (1, 6), (1, 3), (2, 1), (2, 15)]
And data, a 71-element Vector{Float64}:
 0.0
 0.0
 0.0
 0.7285927107273451
 0.1763069914260373
 0.3022995870440022
 0.0
 0.0
 0.09254875954331636
 0.27140728931343283
 0.0
 1.0
 0.0
 0.0
 0.37500000000625716
 0.0
 0.003866174758646916
 0.0
 0.621133825093529
 0.0
 0.0
 0.6977004099411411
 1.0
 0.3324871701049029
 0.25031731126015216
 0.0
 0.3750000000155827
 0.0
 0.9999999991070324
 0.9999999947543289
 0.6102330285475517
 0.0
 0.0
 0.0
 0.0
 0.0
 0.0
 0.0
 0.38976697137294464
 0.0
 0.0
 0.0
 1.0
 0.0
 0.0
 0.6675128299313171
 0.0
 0.9999999997785872
 0.0
 0.0
 0.0
 0.0
 0.0
 0.0
 0.9999999996555786
 0.0
 0.0
 0.82369300858806
 0.0
 0.0
 0.0
 0.0
 0.0
 0.0
 0.0
 0.0
 0.0
 0.2821339292353589
 0.0
 0.0
 1.0

