objective value: -620.28335832
objective bound: -620.345392816
termination status: OPTIMAL
BARON solution time: 3836.67


w_opt: 1-dimensional DenseAxisArray{Float64,1,...} with index sets:
    Dimension 1, [(25, 1, 2), (25, 1, 1), (25, 1, 14), (20, 1, 2), (20, 1, 1), (20, 1, 14), (1, 1, 2), (1, 1, 1), (1, 1, 14), (2, 1, 2)  …  (20, 15, 23), (20, 15, 3), (8, 15, 30), (8, 15, 29), (8, 15, 23), (8, 15, 3), (2, 15, 30), (2, 15, 29), (2, 15, 23), (2, 15, 3)]
And data, a 261-element Vector{Float64}:
 1.162909978072135
 0.0
 0.0
 0.8370900219218843
 0.0
 0.0
 0.0
 0.0
 0.0
 0.0
 0.0
 0.0
 0.0
 0.0
 0.0
 0.0
 1.7183832274825468
 0.0
 0.0
 1.2816167730034855
 0.0
 0.0
 0.0
 0.0
 0.0
 0.0
 0.0
 0.0
 0.0
 0.34711935677423517
 0.2414201322976578
 0.0
 0.0
 0.0
 0.0
 4.371263871329244
 3.040196639929017
 0.0
 0.0
 0.0
 0.0
 0.0
 0.0
 0.3600595150507664
 1.0006038272064195
 0.0
 0.0
 0.0
 0.0
 0.7051768613924111
 1.9596834325257197
 0.0
 0.0
 0.0
 0.0
 0.0
 0.0
 0.0
 0.0
 1.964970701525512
 1.0
 0.0
 0.0
 0.0
 0.0
 0.0
 0.0
 0.0
 0.0
 0.0
 0.0
 0.0941424003702462
 0.2824272010536421
 0.0
 0.7500000000661841
 2.2500000002128915
 0.0
 0.5740525958114577
 1.7221577874289056
 0.0
 0.0
 0.0
 0.0
 0.0
 0.0
 0.0
 0.0
 0.0
 0.0
 0.0
 0.0
 0.0
 0.5818050040410533
 1.7454150121185426
 0.0
 0.0
 0.0
 0.0
 0.0
 0.0
 0.0
 1.999999999601143
 0.5765367768416958
 0.4234632230192352
 0.0
 0.0
 0.0
 0.0
 0.0
 0.0
 0.0
 0.0
 0.0
 0.0
 0.0
 0.0
 0.0
 0.0
 4.420439889284619
 1.5955882127221515
 0.0
 0.0
 0.0
 1.457777186705208
 0.5261947123372546
 0.0
 0.0
 0.0
 0.0
 0.0
 0.0
 0.0
 0.0
 0.0
 0.0
 0.0
 0.0
 0.0
 0.0
 0.0
 0.0
 0.0
 0.0
 0.0
 0.0
 0.0
 0.0
 0.4643620006926708
 0.18949589274521128
 0.0
 0.0
 0.0
 0.0
 0.46919307821302536
 0.23459653906280356
 0.0
 0.0
 1.5308069220387723
 0.7654034608681001
 0.0
 0.0
 0.0
 0.0
 0.0
 0.0
 0.0
 0.0
 0.0
 0.0
 0.0
 0.0
 0.0
 0.0
 1.5538831464343863
 0.0
 0.0
 0.0
 0.5281870373842668
 0.0
 0.0
 0.0
 0.0
 0.0
 0.0
 0.0
 0.0
 0.0
 0.0
 0.0
 0.0
 0.0
 0.0
 0.0
 0.0
 1.471812963570405
 0.9037567934735697
 0.6244302432567662
 0.0
 0.0
 0.0
 0.0
 0.0
 0.0
 0.0
 0.0
 0.0
 1.5746760137142253
 0.7873380062564896
 0.0
 0.0
 0.0
 0.0
 0.0
 0.0
 0.0
 0.42532398661856374
 0.21266199314949508
 0.0
 0.0
 0.0
 0.0
 0.0
 0.0
 0.0
 0.0
 0.16313192002013718
 0.49446314576272477
 0.0
 0.0
 0.0
 0.0
 0.0
 0.0
 0.0
 0.0
 0.0
 0.0
 0.0
 0.0
 0.0
 0.0
 0.0
 0.0
 0.0
 0.0
 0.0
 0.0
 0.0
 0.0
 0.0
 0.0
 0.0
 0.0
 0.0
 0.0
 0.0
 0.0
 2.0
 2.093952985639768
 0.0
 1.0
x_ij_opt: 1-dimensional DenseAxisArray{Float64,1,...} with index sets:
    Dimension 1, [(43, 30), (43, 22), (43, 6), (44, 22), (45, 30), (45, 29), (45, 28), (45, 24), (45, 23), (40, 29)  …  (5, 7), (5, 14), (6, 4), (6, 3), (1, 14), (1, 10), (1, 23), (1, 1), (3, 2), (3, 1)]
And data, a 116-element Vector{Float64}:
 0.0
 0.4461168541731396
 1.4671856857666872
 0.0
 0.0
 0.0
 1.836868079084175
 0.0
 0.0
 0.0
 0.0
 0.0
 0.0
 0.0
 0.0
 0.0
 0.0
 0.0
 0.0
 0.0
 0.0
 0.0
 0.0
 0.0
 0.0
 0.0
 0.0
 1.9999999999464375
 0.0
 0.0
 0.0
 0.0
 0.0
 0.0
 0.0
 0.0
 0.0
 0.0
 0.0
 0.0
 0.0
 0.0
 0.0
 0.5328143149463686
 0.0
 0.0
 0.0
 0.0
 0.0
 0.0
 0.0
 0.0
 0.0
 0.0
 0.0
 0.91792981614685
 0.0
 0.12178292537929086
 0.42346322354121685
 1.5356379995863993
 0.0
 0.0
 0.0
 0.0
 6.0
 0.0
 0.0
 0.0
 0.0
 0.8105041075394722
 0.0
 0.0
 0.0
 0.0
 0.0
 0.0
 0.5055368505388101
 0.9347636237675949
 0.0
 0.0
 0.0
 0.0
 0.0
 0.0
 0.0
 0.0
 0.0
 0.03502929934688298
 0.0
 0.0
 0.0
 0.0
 0.0
 0.0
 0.0
 0.0
 0.0
 0.0
 0.0
 0.0
 0.0
 0.0
 0.0
 0.0
 0.0
 0.0
 0.0
 0.0
 0.28161677299103094
 0.0
 0.0
 0.0
 0.09624320707686182
 5.5765367778524375
 0.0
 0.0
x_il_opt: 1-dimensional DenseAxisArray{Float64,1,...} with index sets:
    Dimension 1, [(43, 15), (43, 14), (44, 15), (44, 13), (44, 3), (40, 14), (40, 2), (41, 14), (42, 6), (37, 13)  …  (4, 13), (5, 2), (5, 7), (5, 9), (6, 11), (1, 1), (1, 6), (1, 3), (2, 1), (2, 15)]
And data, a 71-element Vector{Float64}:
 0.0
 0.0
 0.0
 2.3620140203864284
 0.5885394890420097
 0.6575950655945407
 0.0
 0.0
 0.376569601431064
 0.0
 0.0
 3.0
 0.0
 0.0
 3.0
 0.0
 0.0
 0.0
 6.01602810183534
 0.0
 1.3606633422247123
 0.0
 3.0
 0.7037896172758289
 2.2962103831990874
 0.0
 1.9839718989631137
 0.0
 2.0820701845895084
 0.653857893437882
 1.1629099780213534
 0.6379859798794284
 0.0
 0.0
 0.0
 0.0
 0.0
 0.0
 0.8370900218786632
 0.0
 0.0
 0.0
 2.9649707014755182
 0.0
 0.0
 2.2962103829068723
 0.0
 2.999999999462499
 0.0
 0.0
 0.0
 0.0
 0.0
 0.0
 2.6648602938701345
 0.0
 0.0
 7.4114605112145036
 0.0
 0.0
 0.0
 0.0
 0.0
 0.0
 0.0
 0.0
 0.0
 2.3272200161176486
 0.0
 0.0
 5.093952985840597
x_lj_opt: 1-dimensional DenseAxisArray{Float64,1,...} with index sets:
    Dimension 1, [(15, 30), (15, 29), (15, 23), (15, 3), (14, 28), (14, 27), (14, 10), (14, 24), (13, 26), (13, 25)  …  (3, 6), (3, 5), (3, 29), (2, 4), (2, 3), (2, 1), (2, 5), (1, 2), (1, 1), (1, 14)]
And data, a 53-element Vector{Float64}:
 2.0
 2.093952985515218
 0.0
 1.0
 0.16313192129212412
 0.4944631496284737
 0.0
 0.0
 2.0
 0.9999999993301262
 0.0
 1.471812963428343
 0.9037567933924558
 0.62443024320571
 1.5538831463144271
 0.0
 0.0
 0.0
 0.5281870373351559
 0.0
 0.0
 2.0
 0.99999999989846
 0.46436200078169204
 0.18949589277818063
 0.0
 5.878217075524449
 2.121782924884477
 0.0
 0.0
 2.0
 0.5765367769764418
 0.423463223123043
 2.0
 6.0
 0.0
 1.9649707013239845
 0.9999999999761876
 0.0
 0.0
 1.0652363764794441
 2.9602872598420493
 0.0
 0.0
 4.718383227908037
 3.2816167720888068
 1.718383227356387
 0.0
 0.0
 1.2816167729158634
 1.9999999999257234
 0.0
 0.0
q_opt: 1-dimensional DenseAxisArray{Float64,1,...} with index sets:
    Dimension 1, [(43, 15), (43, 14), (44, 15), (44, 13), (44, 3), (40, 14), (40, 2), (41, 14), (42, 6), (37, 13)  …  (4, 13), (5, 2), (5, 7), (5, 9), (6, 11), (1, 1), (1, 6), (1, 3), (2, 1), (2, 15)]
And data, a 71-element Vector{Float64}:
 0.0
 0.0
 0.0
 0.7873380067907927
 0.07356743613400826
 0.9999999921775048
 0.0
 0.0
 0.047071200169246506
 0.0
 0.0
 1.0
 0.0
 0.0
 0.37500000001213485
 0.0
 0.0
 0.0
 0.7520035127157463
 0.0
 0.33800903067104515
 0.0
 1.0
 0.23459653908390574
 0.2870262978859739
 0.0
 0.24799648736380078
 0.0
 1.0
 0.9999999998052662
 0.5814549890564972
 0.21266199329034274
 0.0
 0.0
 0.0
 0.0
 0.0
 0.0
 0.4185450109753216
 0.0
 0.0
 0.0
 1.0
 0.0
 0.0
 0.7654034609523078
 0.0
 0.9999999997910108
 0.0
 0.0
 0.0
 0.0
 0.0
 0.0
 0.6619909692922563
 0.0
 0.0
 0.9264325639079987
 0.0
 0.0
 0.0
 0.0
 0.0
 0.0
 0.0
 0.0
 0.0
 0.2909025020007131
 0.0
 0.0
 1.0

