objective value: -622.427758807
objective bound: -637.466533478
termination status: TIME_LIMIT
BARON solution time: 7226.94


w_opt: 1-dimensional DenseAxisArray{Float64,1,...} with index sets:
    Dimension 1, [(25, 1, 2), (25, 1, 1), (25, 1, 14), (20, 1, 2), (20, 1, 1), (20, 1, 14), (1, 1, 2), (1, 1, 1), (1, 1, 14), (2, 1, 2)  …  (20, 15, 23), (20, 15, 3), (8, 15, 30), (8, 15, 29), (8, 15, 23), (8, 15, 3), (2, 15, 30), (2, 15, 29), (2, 15, 23), (2, 15, 3)]
And data, a 261-element Vector{Float64}:
 1.1609606963397083
 0.0
 0.0
 0.8390393038370446
 0.0
 0.0
 0.0
 0.0
 0.0
 0.0
 0.0
 0.0
 0.0
 0.0
 0.0
 0.0
 1.9692891945056565
 0.0
 0.0
 1.030710805677706
 0.0
 0.0
 0.0
 0.0
 0.0
 0.0
 0.0
 0.0
 0.0
 1.0200448959329056
 0.6221133377411521
 0.0
 0.0
 0.0
 0.0
 3.949244299438844
 2.408597467142591
 0.0
 0.0
 0.0
 0.0
 0.0
 0.0
 0.0
 0.0
 0.0
 0.0
 0.0
 0.0
 1.009570471202651
 1.0210596379385173
 0.03071080590979195
 0.0
 0.0
 0.0
 0.0
 0.0
 0.0
 0.0
 1.9849173231488353
 1.0
 0.0
 0.0
 0.0
 0.0
 0.0
 0.0
 0.0
 0.0
 0.0
 0.0
 0.0
 0.0
 0.0
 0.6722253672320078
 2.0166761015949723
 0.0
 0.5209192037293964
 1.5627576111275552
 0.0
 0.0
 0.0
 0.0
 0.0
 0.0
 0.0
 0.0
 0.0
 0.0
 0.0
 0.0
 0.0
 0.8068554292630254
 2.4205662876520306
 0.0
 0.0
 0.0
 0.0
 0.0
 0.0
 0.0
 0.197558163906007
 0.21585070677654744
 0.45820880028388994
 0.48241255210456213
 0.5270806747277622
 1.1188891026935364
 0.0
 0.0
 0.0
 0.0
 0.0
 0.0
 0.0
 0.0
 0.0
 0.0
 0.0
 5.131506223429997
 2.231509004735553
 0.0
 0.0
 0.0
 0.44393379889982565
 0.19305097297964374
 0.0
 0.0
 0.0
 0.0
 0.0
 0.0
 0.0
 0.0
 0.0
 0.0
 0.0
 0.0
 0.0
 0.0
 0.0
 0.0
 0.0
 0.0
 0.0
 0.0
 0.0
 0.0
 1.1991907046607415
 0.0
 0.0
 0.0
 0.8008092948814058
 0.0
 0.6108821237078936
 0.30544106180318686
 0.0
 0.0
 1.3891178765796501
 0.6945589381770977
 0.0
 0.0
 0.0
 0.0
 0.0
 0.0
 0.0
 0.0
 0.0
 0.0
 0.0
 0.0
 0.0
 0.0
 2.0
 0.0
 0.0
 0.0
 0.6133509998938075
 0.0
 0.0
 0.0
 0.0
 0.0
 0.0
 0.0
 0.0
 0.0
 0.0
 0.0
 0.0
 0.0
 0.0
 0.0
 0.0
 1.386649001054224
 1.0
 0.6133509992451485
 0.0
 0.0
 0.0
 0.0
 0.0
 0.0
 0.0
 0.0
 0.0
 1.4208844851117706
 0.7104422420007297
 0.0
 0.5791155153394176
 0.28955775743253837
 0.0
 0.0
 0.0
 0.0
 0.0
 0.0
 0.0
 0.0
 0.0
 0.0
 0.0
 0.0
 0.0
 0.0
 0.3990638255700229
 0.6222741083360508
 0.0
 0.0
 0.0
 0.0
 0.0
 0.0
 0.0
 0.0
 0.0
 0.0
 0.0
 0.0
 0.0
 0.0
 0.0
 0.0
 0.0
 0.0
 0.0
 0.0
 0.0
 0.0
 0.0
 0.0
 0.0
 0.0
 0.0
 0.0
 0.0
 0.0
 2.0
 2.3559381972506896
 0.0
 1.0
x_ij_opt: 1-dimensional DenseAxisArray{Float64,1,...} with index sets:
    Dimension 1, [(43, 30), (43, 22), (43, 6), (44, 22), (45, 30), (45, 29), (45, 28), (45, 24), (45, 23), (40, 29)  …  (5, 7), (5, 14), (6, 4), (6, 3), (1, 14), (1, 10), (1, 23), (1, 1), (3, 2), (3, 1)]
And data, a 116-element Vector{Float64}:
 0.0
 0.0
 1.3630152280608274
 0.0
 0.0
 0.0
 1.6009361746527782
 0.0
 0.0
 0.0
 0.0
 0.0
 0.0
 0.0
 0.0
 0.0
 0.0
 0.0
 0.24476234062810884
 0.0
 0.0
 0.0
 0.0
 0.0
 0.0
 0.0
 0.0
 1.9999999999935367
 0.0
 0.0
 0.0
 0.0
 0.0
 0.0
 0.0
 0.0
 0.0
 0.0
 0.0
 0.0
 0.0
 0.0
 0.0
 0.6369847727300334
 0.0
 0.0
 0.0
 0.0
 0.0
 0.0
 0.0
 0.0
 0.0
 0.0
 0.0
 0.38664899931027225
 0.0
 0.38277998021277054
 0.25706861919438906
 0.0
 0.0
 0.0
 0.0
 0.0
 6.0
 0.0
 0.04177999863684763
 0.0
 0.0
 0.755237659716794
 0.0
 0.0
 0.0
 0.0
 0.0
 0.0
 0.37772589164751463
 0.9904295290838011
 0.0
 0.0
 0.0
 0.0
 0.0
 0.0
 0.0
 0.0
 0.0
 0.015082677700551163
 0.0
 0.0
 0.0
 0.0
 2.1677313857450455
 0.0
 0.0
 0.0
 0.0
 0.0
 0.0
 0.0
 0.0
 0.0
 0.0
 0.0
 0.0
 1.0118753854208165
 0.0
 0.0
 0.0
 0.0
 0.30815389920455877
 0.0
 0.0
 4.422902098309149
 0.0
 0.0
x_il_opt: 1-dimensional DenseAxisArray{Float64,1,...} with index sets:
    Dimension 1, [(43, 15), (43, 14), (44, 15), (44, 13), (44, 3), (40, 14), (40, 2), (41, 14), (42, 6), (37, 13)  …  (4, 13), (5, 2), (5, 7), (5, 9), (6, 11), (1, 1), (1, 6), (1, 3), (2, 1), (2, 15)]
And data, a 71-element Vector{Float64}:
 0.0
 0.0
 0.0
 2.1313267275446406
 1.642158233760202
 1.0213379341070505
 0.0
 0.0
 0.0
 0.8686732730082828
 0.0
 3.0
 0.0
 0.0
 2.688901468922395
 0.0
 0.0
 0.0
 7.363015228597383
 0.0
 0.0
 0.0
 3.0
 0.9163231855110805
 2.0836768149590545
 0.0
 0.6369847722895228
 0.0
 2.613351001434393
 1.1991907046607415
 1.1609606963841832
 0.0
 0.0
 0.0
 0.0
 0.0
 0.0
 0.0
 0.8390393039060303
 0.0
 0.0
 0.0
 2.9849173235352024
 0.0
 0.0
 2.083676814756748
 0.0
 0.8716176709664444
 0.0
 0.0
 0.0
 0.0
 0.0
 0.0
 2.0613409150509603
 0.0
 0.0
 6.357841766624878
 0.0
 0.0
 0.0
 0.0
 0.0
 2.128382329525861
 0.8008092948830432
 0.0
 0.0
 3.2274217170045354
 0.0
 0.0
 5.355938197408736
x_lj_opt: 1-dimensional DenseAxisArray{Float64,1,...} with index sets:
    Dimension 1, [(15, 30), (15, 29), (15, 23), (15, 3), (14, 28), (14, 27), (14, 10), (14, 24), (13, 26), (13, 25)  …  (3, 6), (3, 5), (3, 29), (2, 4), (2, 3), (2, 1), (2, 5), (1, 2), (1, 1), (1, 14)]
And data, a 53-element Vector{Float64}:
 2.0
 2.3559381970271582
 0.0
 0.9999999999981756
 0.399063825731687
 0.6222741085879481
 0.0
 0.0
 2.0
 0.9999999993412997
 0.0
 1.3866490009306243
 1.0
 0.6133509991998108
 1.9999999999578357
 0.0
 0.0
 0.0
 0.613350999834003
 0.0
 0.0
 2.0
 0.9999999999406155
 1.9999999994736062
 0.0
 0.0
 5.5754400219718905
 2.4245599777031677
 0.0
 0.0
 0.6799707159423675
 0.7429313814276114
 1.5770979028033318
 2.0
 5.999999999932053
 0.0
 1.984917322983843
 1.0
 0.0
 0.0
 1.009570471195597
 1.0210596379313812
 0.03071080592097764
 0.0
 4.969289195210745
 3.030710804811349
 1.9692891943941118
 0.0
 0.0
 1.0307108056554124
 2.0
 0.0
 0.0
q_opt: 1-dimensional DenseAxisArray{Float64,1,...} with index sets:
    Dimension 1, [(43, 15), (43, 14), (44, 15), (44, 13), (44, 3), (40, 14), (40, 2), (41, 14), (42, 6), (37, 13)  …  (4, 13), (5, 2), (5, 7), (5, 9), (6, 11), (1, 1), (1, 6), (1, 3), (2, 1), (2, 15)]
And data, a 71-element Vector{Float64}:
 0.0
 0.0
 0.0
 0.7104422424984179
 0.20526977921018105
 0.9999999995948549
 0.0
 0.0
 0.0
 0.2895577576516242
 0.0
 1.0
 0.0
 0.0
 0.3361126836032029
 0.0
 0.0
 0.0
 0.9203769035634355
 0.0
 0.0
 0.0
 1.0
 0.3054410618255327
 0.2604596018577523
 0.0
 0.07962309651424153
 0.0
 1.0
 0.5995953524882025
 0.5804803481672471
 0.0
 0.0
 0.0
 0.0
 0.0
 0.0
 0.0
 0.4195196519166446
 0.0
 0.0
 0.0
 1.0
 0.0
 0.0
 0.6945589382260929
 0.0
 0.2905392236426495
 0.0
 0.0
 0.0
 0.0
 0.0
 0.0
 1.0
 0.0
 0.0
 0.7947302208222795
 0.0
 0.0
 0.0
 0.0
 0.0
 0.7094607764785424
 0.4004046475461083
 0.0
 0.0
 0.40342771461349375
 0.0
 0.0
 1.0

