objective value: -628.243648476
objective bound: -641.29836525
termination status: TIME_LIMIT
BARON solution time: 7227.86


w_opt: 1-dimensional DenseAxisArray{Float64,1,...} with index sets:
    Dimension 1, [(25, 1, 2), (25, 1, 1), (25, 1, 14), (20, 1, 2), (20, 1, 1), (20, 1, 14), (1, 1, 2), (1, 1, 1), (1, 1, 14), (2, 1, 2)  …  (20, 15, 23), (20, 15, 3), (8, 15, 30), (8, 15, 29), (8, 15, 23), (8, 15, 3), (2, 15, 30), (2, 15, 29), (2, 15, 23), (2, 15, 3)]
And data, a 261-element Vector{Float64}:
 0.7204198586334568
 0.7504360350999539
 0.0
 1.1170260922071908
 1.163566803015718
 0.0
 0.0
 0.0
 0.0
 0.0
 0.0
 0.0
 0.0
 0.0
 0.0
 0.0
 2.0
 0.0
 0.0
 1.0000000002327933
 0.0
 0.0
 0.0
 0.0
 0.0
 0.0
 0.0
 0.0
 0.355748837527944
 1.4366232441750801
 0.5062251086535762
 0.0
 0.0
 0.0
 0.8823935879196433
 3.563376756764981
 1.2556324653668824
 0.0
 0.0
 0.0
 0.0
 0.0
 0.0
 0.0
 0.0
 0.0
 0.0
 0.0
 0.0
 1.0804545207126957
 1.3078871569615598
 0.0
 0.0
 0.0
 0.0
 0.0
 0.0
 0.0
 0.0
 2.0
 1.0
 0.0
 0.0
 0.0
 0.0
 0.0
 0.0
 0.0
 0.0
 0.0
 0.0
 0.0
 0.0
 0.0
 0.7401443959755523
 2.220433187890198
 0.0
 0.5467788024506012
 1.6403364073178017
 0.0
 0.0
 0.0
 0.0
 0.0
 0.0
 0.0
 0.0
 0.0
 0.0
 0.0
 0.0
 0.0
 0.7130768018389135
 2.1392304054778126
 0.0
 0.0
 0.0
 0.0
 0.0
 0.0
 0.0
 1.6651091581837678
 0.8864520940578532
 0.44843874801029165
 0.0
 0.0
 0.0
 0.0
 0.0
 0.0
 0.0
 0.0
 0.0
 0.0
 0.0
 0.0
 0.0
 0.0
 4.362880812133101
 3.2505511663403666
 0.0
 0.0
 0.0
 0.22152298913183763
 0.16504503370783963
 0.0
 0.0
 0.0
 0.0
 0.0
 0.0
 0.0
 0.0
 0.0
 0.0
 0.0
 0.0
 0.0
 0.0
 0.0
 0.0
 0.0
 0.0
 0.0
 0.0
 0.0
 0.0
 0.0
 0.0
 0.0
 0.0
 0.0
 0.0
 0.5419231938435534
 0.27096159687257093
 0.0
 0.0
 1.4580768064443173
 0.7290384030972784
 0.0
 0.0
 0.0
 0.0
 0.0
 0.0
 0.0
 0.0
 0.0
 0.0
 0.0
 0.0
 0.0
 0.0
 2.0
 0.0
 0.0
 0.0
 0.45260552147571487
 0.0
 0.0
 0.0
 0.0
 0.0
 0.0
 0.0
 0.0
 0.0
 0.0
 0.0
 0.0
 0.0
 0.0
 0.0
 0.0
 1.5473944794774763
 1.0
 0.4526055208156107
 0.0
 0.0
 0.0
 0.0
 0.0
 0.0
 0.0
 0.0
 0.0
 1.4676304757116365
 0.6145305991520801
 0.11928463859806383
 0.5323695247668997
 0.2229153512621023
 0.04326941106704065
 0.0
 0.0
 0.0
 0.0
 0.0
 0.0
 0.0
 0.0
 0.0
 0.0
 0.0
 0.0
 0.0
 0.20619495168225732
 0.5036093598255463
 0.0
 0.0
 0.0
 0.0
 0.0
 0.0
 0.0
 0.0
 0.0
 0.0
 0.0
 0.0
 0.0
 0.0
 0.0
 0.0
 0.0
 0.0
 0.0
 0.0
 0.0
 0.0
 0.0
 0.0
 0.0
 0.0
 0.0
 0.0
 0.0
 0.0
 0.7080413805987431
 3.7855369067132165
 0.0
 0.8050387948774322
x_ij_opt: 1-dimensional DenseAxisArray{Float64,1,...} with index sets:
    Dimension 1, [(43, 30), (43, 22), (43, 6), (44, 22), (45, 30), (45, 29), (45, 28), (45, 24), (45, 23), (40, 29)  …  (5, 7), (5, 14), (6, 4), (6, 3), (1, 14), (1, 10), (1, 23), (1, 1), (3, 2), (3, 1)]
And data, a 116-element Vector{Float64}:
 0.0
 0.0
 0.3752895525400452
 0.0
 1.2919586197649655
 0.0
 1.7938050482367203
 0.0
 0.0
 0.0
 0.0
 0.0
 0.0
 0.0
 0.0
 0.0
 0.0
 0.0
 0.2805928947827685
 0.0
 0.0
 0.0
 0.0
 0.0
 0.0
 0.0
 0.0
 1.999999999994394
 0.0
 0.0
 0.0
 0.0
 0.0
 0.0
 0.0
 0.0
 0.0
 0.0
 0.0
 0.0
 0.0
 0.0
 0.0
 0.38656802274202784
 0.0
 0.0
 0.0
 0.0
 0.0
 0.0
 0.0
 0.0
 0.0
 0.0
 0.0
 0.5473944785481031
 0.0
 1.4155962001614446
 0.11354790649689968
 2.0
 0.0
 0.0
 0.0
 0.0
 6.0
 0.0
 0.0
 0.0
 0.0
 0.7194071055193888
 0.0
 0.0
 0.0
 0.0
 0.0
 0.0
 0.4963906392640372
 0.919545479569111
 0.0
 0.0
 0.0
 0.0
 0.0
 0.0
 0.0
 0.0
 0.0
 0.0
 0.0
 0.0
 0.0
 0.0
 0.7291221656023055
 0.0
 0.0
 0.0
 0.0
 0.1625540501656355
 0.0
 0.19496120566545586
 0.0
 0.0
 0.0
 0.0
 0.0
 0.33353720997482184
 0.0
 0.0
 0.0
 0.0
 0.0013536324967569993
 0.0
 0.0
 3.637558414895734
 0.0
 0.0
x_il_opt: 1-dimensional DenseAxisArray{Float64,1,...} with index sets:
    Dimension 1, [(43, 15), (43, 14), (44, 15), (44, 13), (44, 3), (40, 14), (40, 2), (41, 14), (42, 6), (37, 13)  …  (4, 13), (5, 2), (5, 7), (5, 9), (6, 11), (1, 1), (1, 6), (1, 3), (2, 1), (2, 15)]
And data, a 71-element Vector{Float64}:
 0.0
 0.0
 0.0
 2.2014457134617804
 2.2985971903566003
 0.7098043117110675
 0.0
 0.0
 0.0
 0.7985542870960426
 0.0
 3.0
 0.0
 0.0
 2.96057758386575
 0.0
 0.0
 0.0
 7.613431978473468
 0.0
 0.0
 0.0
 3.0
 0.8128847907161243
 2.187115209768403
 0.0
 0.3865680228502803
 0.0
 2.452605522343049
 0.0
 1.4708558937334106
 0.0
 0.0
 0.0
 0.0
 0.0
 0.0
 0.0
 2.2805928952229086
 0.0
 0.0
 0.0
 3.0
 0.0
 0.0
 2.1871152095415956
 0.0
 3.0
 0.0
 0.0
 0.0
 0.0
 0.0
 0.0
 2.3883416776742554
 0.0
 0.0
 5.701402810051507
 0.0
 0.0
 0.0
 0.0
 0.0
 0.0
 0.0
 0.0
 0.0
 2.852307207316726
 0.0
 0.0
 5.298617082189391
x_lj_opt: 1-dimensional DenseAxisArray{Float64,1,...} with index sets:
    Dimension 1, [(15, 30), (15, 29), (15, 23), (15, 3), (14, 28), (14, 27), (14, 10), (14, 24), (13, 26), (13, 25)  …  (3, 6), (3, 5), (3, 29), (2, 4), (2, 3), (2, 1), (2, 5), (1, 2), (1, 1), (1, 14)]
And data, a 53-element Vector{Float64}:
 0.7080413805282336
 3.7855369063343733
 0.0
 0.8050387947972794
 0.20619495214818132
 0.5036093609635186
 0.0
 0.0
 2.0
 0.8374459503113535
 0.1625540496720798
 1.5473944793341023
 1.0
 0.45260552078831506
 2.0
 0.0
 0.0
 0.0
 0.4526055214432794
 0.0
 0.0
 2.0
 0.9999999999301435
 0.0
 0.0
 0.0
 4.584403800717773
 3.415596199644532
 0.0
 0.0
 1.6651091581023902
 0.8864520940242725
 0.4484387480035976
 2.0
 6.0
 0.0
 2.0
 1.0
 0.0
 0.0
 1.0804545207105196
 1.3078871569589203
 0.0
 1.2381424254107398
 5.000000000703278
 1.7618575739557774
 2.0
 0.0
 0.0
 1.0000000001662137
 1.8374459507733756
 1.914002838045631
 0.0
q_opt: 1-dimensional DenseAxisArray{Float64,1,...} with index sets:
    Dimension 1, [(43, 15), (43, 14), (44, 15), (44, 13), (44, 3), (40, 14), (40, 2), (41, 14), (42, 6), (37, 13)  …  (4, 13), (5, 2), (5, 7), (5, 9), (6, 11), (1, 1), (1, 6), (1, 3), (2, 1), (2, 15)]
And data, a 71-element Vector{Float64}:
 0.0
 0.0
 0.0
 0.733815237791052
 0.2873246487942478
 0.9999999977403641
 0.0
 0.0
 0.0
 0.2661847623623044
 0.0
 1.0
 0.0
 0.0
 0.3700721979675428
 0.0
 0.0
 0.0
 0.9516789972676026
 0.0
 0.0
 0.0
 1.0
 0.2709615968974237
 0.2733894012077807
 0.0
 0.04832100284729352
 0.0
 1.0
 0.33458158121707904
 0.39207676194805835
 0.0
 0.2387757583494925
 0.0
 0.0
 0.0
 0.0
 0.0
 0.6079232380889232
 0.0
 0.0
 0.0
 1.0
 0.0
 0.0
 0.7290384031541305
 0.0
 1.0
 0.0
 0.0
 0.0
 0.0
 0.0
 0.0
 1.0
 0.0
 0.0
 0.7126753512523998
 0.0
 0.0
 0.0
 0.0
 0.0
 0.0
 0.4266426604334284
 0.0
 0.0
 0.3565384008989
 0.0
 0.0
 1.0

