objective value: -618.90474945
objective bound: -638.153943407
termination status: TIME_LIMIT
BARON solution time: 7226.93


w_opt: 1-dimensional DenseAxisArray{Float64,1,...} with index sets:
    Dimension 1, [(25, 1, 2), (25, 1, 1), (25, 1, 14), (20, 1, 2), (20, 1, 1), (20, 1, 14), (1, 1, 2), (1, 1, 1), (1, 1, 14), (2, 1, 2)  …  (20, 15, 23), (20, 15, 3), (8, 15, 30), (8, 15, 29), (8, 15, 23), (8, 15, 3), (2, 15, 30), (2, 15, 29), (2, 15, 23), (2, 15, 3)]
And data, a 261-element Vector{Float64}:
 1.0175846960129322
 1.3246544368642512
 0.0
 0.9824153042309466
 1.278872212496378
 0.0
 0.0
 0.0
 0.0
 0.0
 0.0
 0.0
 0.0
 0.0
 0.0
 0.0
 2.0
 0.0
 0.0
 1.0000000000457892
 0.0
 0.0
 0.0
 0.0
 0.0
 0.0
 0.0
 0.0
 0.0
 2.882939383485642
 0.8210583943256657
 0.0
 0.0
 0.0
 0.0
 0.0
 0.0
 0.0
 0.0
 0.0
 0.0
 2.1170606170153032
 0.60293685009527
 0.2536258818884604
 0.9366712024661938
 0.0
 0.0
 0.0
 0.0
 0.7974050166667518
 2.9449136273343224
 0.0
 0.0
 0.0
 0.0
 0.0
 0.0
 0.0
 0.0
 1.858405424711373
 1.0
 0.0
 0.0
 0.0
 0.0
 0.0
 0.0
 0.0
 0.0
 0.0
 0.0
 0.07055247258864682
 0.21165741777857527
 0.0
 0.7500000002875001
 2.2500000007158008
 0.0
 0.4723920952366253
 1.4171762856288572
 0.0
 0.0
 0.0
 0.0
 0.0
 0.0
 0.0
 0.0
 0.0
 0.0
 0.0
 0.0
 0.0
 0.7070554321402597
 2.1211662962842723
 0.0
 0.0
 0.0
 0.0
 0.0
 0.0
 0.0
 0.9435278893916553
 0.8323891440475459
 0.9351717206150809
 0.1005484671843246
 0.08870479980255526
 0.09965797950366552
 0.0
 0.0
 0.0
 0.0
 0.0
 0.0
 0.0
 0.0
 0.0
 0.0
 0.0
 5.631542525349929
 1.8771808408836614
 0.0
 0.0
 0.0
 0.36845747536020784
 0.12281915828328635
 0.0
 0.0
 0.0
 0.0
 0.0
 0.0
 0.0
 0.0
 0.0
 0.0
 0.0
 0.0
 0.0
 0.0
 0.0
 0.0
 0.0
 0.0
 0.0
 0.0
 0.0
 0.0
 0.5788548098907197
 0.0
 0.0
 0.0
 0.0
 0.0
 0.7402877464224406
 0.37014387312540953
 0.0
 0.0
 1.2597122538617287
 0.6298561267826963
 0.0
 0.0
 0.0
 0.0
 0.0
 0.0
 0.0
 0.0
 0.0
 0.0
 0.0
 0.0
 0.0
 0.0
 2.0
 0.0
 0.0
 0.0
 0.8815848271849777
 0.0
 0.0
 0.0
 0.0
 0.0
 0.0
 0.0
 0.0
 0.0
 0.0
 0.0
 0.0
 0.0
 0.0
 0.0
 0.0
 1.1184151737900379
 0.9098628465733829
 0.0
 0.0
 0.0
 0.0
 0.0
 0.0
 0.0
 0.0
 0.0
 0.0
 1.4257431658064477
 0.7128715824165948
 0.0
 0.5742568346050433
 0.2871284171011226
 0.0
 0.0
 0.0
 0.0
 0.0
 0.0
 0.0
 0.0
 0.0
 0.0
 0.0
 0.0
 0.0
 0.0
 0.4652866741253452
 0.5200177740695132
 0.0
 0.0
 0.0
 0.0
 0.0
 0.0
 0.0
 0.0
 0.0
 0.0
 0.0
 0.0
 0.0
 0.0
 0.0
 0.0
 0.0
 0.0
 0.0
 0.0
 0.0
 0.0
 0.0
 0.0
 0.0
 0.0
 0.0
 0.0
 0.0
 0.0
 1.0086955291899904
 4.576004757042027
 0.0
 0.8004353683628462
x_ij_opt: 1-dimensional DenseAxisArray{Float64,1,...} with index sets:
    Dimension 1, [(43, 30), (43, 22), (43, 6), (44, 22), (45, 30), (45, 29), (45, 28), (45, 24), (45, 23), (40, 29)  …  (5, 7), (5, 14), (6, 4), (6, 3), (1, 14), (1, 10), (1, 23), (1, 1), (3, 2), (3, 1)]
And data, a 116-element Vector{Float64}:
 0.0
 0.0
 1.5087233662202801
 0.0
 0.9913044711803009
 0.0
 1.534713326046674
 0.0
 0.0
 0.0
 0.0
 0.0
 0.0
 0.0
 0.0
 0.0
 0.0
 0.0
 0.2612875159649835
 0.0
 0.0
 0.0
 0.0
 0.0
 0.0
 0.0
 0.0
 1.9999999999204328
 0.0
 0.0
 0.0
 0.0
 0.0
 0.0
 0.0
 0.0
 0.0
 0.0
 0.0
 0.0
 0.0
 0.0
 0.0
 0.4912766345040216
 0.0
 0.0
 0.0
 0.0
 0.0
 0.0
 0.0
 0.0
 0.0
 0.0
 0.0
 0.11841517199814727
 0.0
 0.0
 0.07890605675948026
 1.4211451902434518
 0.0
 0.0
 0.0
 0.0
 6.0
 0.0
 0.0
 0.0
 0.0
 0.7387124840981094
 0.0
 0.0
 0.0
 0.0
 0.0
 0.0
 0.4799822259083837
 0.9489691017469754
 0.0
 0.0
 0.0
 0.0
 0.0
 0.0
 0.0
 0.0
 0.0
 0.1415945761309811
 0.0
 0.0
 0.0
 0.0
 0.0
 0.0
 0.0
 0.0
 0.0
 0.0
 0.0
 0.19956463216045348
 0.0
 0.0
 0.0
 0.0
 0.0
 0.9559236442089534
 0.0
 0.0
 0.0
 0.0
 0.0
 0.0
 0.0901371540007447
 2.3616436515386874
 0.0
 0.0
x_il_opt: 1-dimensional DenseAxisArray{Float64,1,...} with index sets:
    Dimension 1, [(43, 15), (43, 14), (44, 15), (44, 13), (44, 3), (40, 14), (40, 2), (41, 14), (42, 6), (37, 13)  …  (4, 13), (5, 2), (5, 7), (5, 9), (6, 11), (1, 1), (1, 6), (1, 3), (2, 1), (2, 15)]
And data, a 71-element Vector{Float64}:
 0.0
 0.0
 0.0
 2.138614748587855
 3.703997777902473
 0.9853044483984181
 0.0
 0.0
 0.2822098904521876
 0.8613852519141378
 0.0
 2.028278020429808
 0.0
 0.0
 3.0
 0.0
 0.0
 0.0
 7.508723366764285
 0.0
 1.1902970844019998
 0.0
 3.0
 1.11043161954785
 1.8895683809271233
 0.0
 0.4912766340692634
 0.0
 2.881584828751861
 0.5788548101725283
 2.3422391328960077
 0.0
 0.0
 0.0
 0.0
 0.0
 0.0
 0.0
 2.2612875167478625
 0.0
 0.0
 0.0
 2.858405425130601
 0.0
 0.0
 1.889568380644425
 0.0
 2.7110887540542823
 0.0
 0.0
 0.0
 0.0
 0.0
 0.0
 3.7423186440029332
 0.0
 0.0
 0.0
 0.0
 0.0
 0.0
 0.0
 0.0
 0.2889112464905454
 0.0
 0.0
 0.0
 2.8282217284727853
 2.719997467203666
 0.0
 6.385135654698439
x_lj_opt: 1-dimensional DenseAxisArray{Float64,1,...} with index sets:
    Dimension 1, [(15, 30), (15, 29), (15, 23), (15, 3), (14, 28), (14, 27), (14, 10), (14, 24), (13, 26), (13, 25)  …  (3, 6), (3, 5), (3, 29), (2, 4), (2, 3), (2, 1), (2, 5), (1, 2), (1, 1), (1, 14)]
And data, a 53-element Vector{Float64}:
 1.0086955291129773
 4.576004756628978
 0.0
 0.800435368310318
 0.465286674332481
 0.5200177743012411
 0.0
 0.0
 2.0
 0.9999999994224341
 0.0
 1.1184151736837367
 0.9098628464842612
 0.0
 1.9999999999851574
 0.0
 0.0
 0.0
 0.8815848270937258
 0.0
 0.0
 2.0
 0.9999999998589778
 0.5788548101314469
 0.0
 0.0
 6.0
 1.9999999992258777
 0.0
 0.0
 1.044076356441288
 0.9210939437319906
 1.034829699985244
 2.0
 6.0
 0.0
 1.8584054245444868
 1.0
 0.0
 0.0
 1.0510308985183958
 3.8815848296799618
 0.0
 0.0
 5.000000000859968
 1.4239952445290762
 1.9999999999744789
 0.0
 0.0
 1.0000000000029146
 2.0
 2.603526649174244
 0.0
q_opt: 1-dimensional DenseAxisArray{Float64,1,...} with index sets:
    Dimension 1, [(43, 15), (43, 14), (44, 15), (44, 13), (44, 3), (40, 14), (40, 2), (41, 14), (42, 6), (37, 13)  …  (4, 13), (5, 2), (5, 7), (5, 9), (6, 11), (1, 1), (1, 6), (1, 3), (2, 1), (2, 15)]
And data, a 71-element Vector{Float64}:
 0.0
 0.0
 0.0
 0.7128715828534536
 0.5765878765981896
 0.9999999995505707
 0.0
 0.0
 0.03527623629527946
 0.2871284172889501
 0.0
 1.0
 0.0
 0.0
 0.3750000001190911
 0.0
 0.0
 0.0
 0.9385904208343511
 0.0
 0.24131153731470692
 0.0
 1.0
 0.3701438731790866
 0.23619604760426452
 0.0
 0.06140957923643615
 0.0
 1.0
 0.999999999583333
 0.5087923479829034
 0.0
 0.0
 0.0
 0.0
 0.0
 0.0
 0.0
 0.4912076520926601
 0.0
 0.0
 0.0
 1.0
 0.0
 0.0
 0.6298561268757978
 0.0
 0.9036962513204011
 0.0
 0.0
 0.0
 0.0
 0.0
 0.0
 0.7586884627170325
 0.0
 0.0
 0.0
 0.0
 0.0
 0.0
 0.0
 0.0
 0.09630374880826403
 0.0
 0.0
 0.0
 0.3535277160471205
 0.42341212333046707
 0.0
 1.0

