objective value: -619.177943548
objective bound: -637.065595053
termination status: TIME_LIMIT
BARON solution time: 7227.62


w_opt: 1-dimensional DenseAxisArray{Float64,1,...} with index sets:
    Dimension 1, [(25, 1, 2), (25, 1, 1), (25, 1, 14), (20, 1, 2), (20, 1, 1), (20, 1, 14), (1, 1, 2), (1, 1, 1), (1, 1, 14), (2, 1, 2)  …  (20, 15, 23), (20, 15, 3), (8, 15, 30), (8, 15, 29), (8, 15, 23), (8, 15, 3), (2, 15, 30), (2, 15, 29), (2, 15, 23), (2, 15, 3)]
And data, a 261-element Vector{Float64}:
 1.0335719340891387
 1.3775537661000268
 0.0
 0.9664280662311362
 1.2880638283530297
 0.0
 0.0
 0.0
 0.0
 0.0
 0.0
 0.0
 0.0
 0.0
 0.0
 0.0
 2.0
 0.0
 0.0
 0.999999999963609
 0.0
 0.0
 0.0
 0.0
 0.0
 0.0
 0.0
 0.0
 0.6558558011879478
 3.0143265508421515
 1.1527401284845136
 0.0
 0.0
 0.0
 0.0
 0.0
 0.0
 0.0
 0.0
 0.0
 0.4320419270193966
 1.985673450387594
 0.7593621426585851
 0.09624713068827963
 0.2859257020299574
 0.0
 0.0
 0.0
 0.0
 0.9748276917176328
 2.895964691303279
 0.0
 0.0
 0.0
 0.0
 0.0
 0.0
 0.0
 0.0
 1.9573102764656523
 1.0
 0.0
 0.0
 0.0
 0.0
 0.0
 0.0
 0.0
 0.0
 0.0
 0.0
 0.0
 0.0
 0.0
 0.7480270397965335
 2.2440811192288463
 0.0
 0.5124787646729023
 1.537436293934814
 0.0
 0.0
 0.0
 0.0
 0.0
 0.0
 0.0
 0.0
 0.0
 0.0
 0.0
 0.0
 0.0
 0.7394941957959882
 2.2184825872299947
 0.0
 0.0
 0.0
 0.0
 0.0
 0.0
 0.0
 0.9820794380359585
 0.8577308353544135
 0.8668157493018731
 0.10644860016334311
 0.0929703272506537
 0.09395505041535888
 0.0
 0.0
 0.0
 0.0
 0.0
 0.0
 0.0
 0.0
 0.0
 0.0
 0.0
 5.75925887196982
 1.9197529559227557
 0.0
 0.0
 0.0
 0.24074112897801436
 0.08024704281902853
 0.0
 0.0
 0.0
 0.0
 0.0
 0.0
 0.0
 0.0
 0.0
 0.0
 0.0
 0.0
 0.0
 0.0
 0.0
 0.0
 0.0
 0.0
 0.0
 0.0
 0.0
 0.0
 0.4615349513965145
 0.04815212262091786
 0.0
 0.0
 0.0
 0.0
 0.633389961218118
 0.31669498056109924
 0.0
 0.0
 1.3666100390786602
 0.6833050194388203
 0.0
 0.0
 0.0
 0.0
 0.0
 0.0
 0.0
 0.0
 0.0
 0.0
 0.0
 0.0
 0.0
 0.0
 1.722674716794738
 0.0
 0.0
 0.0
 0.4592156735214614
 0.0
 0.0
 0.0
 0.0
 0.0
 0.0
 0.0
 0.0
 0.0
 0.0
 0.0
 0.0
 0.0
 0.0
 0.0
 0.0
 1.5407843274578181
 0.9913516266087736
 0.4678640463334064
 0.0
 0.0
 0.0
 0.0
 0.0
 0.0
 0.0
 0.0
 0.0
 1.3906865815008742
 0.695343290374517
 0.0
 0.5893878270362669
 0.2946939133505034
 0.0
 0.0
 0.0
 0.0
 0.01992559186701908
 0.00996279592333638
 0.0
 0.0
 0.0
 0.0
 4.947744454234416e-8
 4.783529452283285e-7
 0.0
 0.0
 0.08138948264424987
 0.7868812769507068
 0.0
 0.0
 0.0
 0.0
 0.0
 0.0
 0.0
 0.0
 0.0
 0.0
 0.0
 0.0
 0.0
 0.0
 0.0
 0.0
 0.0
 0.0
 0.0
 0.0
 0.0
 0.0
 0.0
 0.0
 0.0
 0.0
 0.0
 0.0
 0.0
 0.0
 0.4136890860025482
 3.620033684117199
 0.0
 0.8929115603777493
x_ij_opt: 1-dimensional DenseAxisArray{Float64,1,...} with index sets:
    Dimension 1, [(43, 30), (43, 22), (43, 6), (44, 22), (45, 30), (45, 29), (45, 28), (45, 24), (45, 23), (40, 29)  …  (5, 7), (5, 14), (6, 4), (6, 3), (1, 14), (1, 10), (1, 23), (1, 1), (3, 2), (3, 1)]
And data, a 116-element Vector{Float64}:
 0.0
 0.27732528395810885
 0.5911140996452862
 0.0
 1.5863109143358882
 0.0
 1.9186104679962717
 0.0
 0.0
 0.0
 0.0
 0.0
 0.0
 0.0
 0.0
 0.0
 0.0
 0.0
 0.20633977139618778
 0.0
 1.9095784884219313
 0.0
 0.0
 0.0
 0.0
 0.0
 0.0
 2.0
 0.0
 0.0
 0.0
 0.0
 0.0
 0.0
 0.0
 0.0
 0.0
 0.0
 0.0
 0.0
 0.0
 0.0
 0.0
 0.3209881729544462
 0.0
 0.0
 0.0
 0.0
 0.0
 0.0
 0.0
 0.0
 0.0
 0.0
 0.0
 0.8181096090068746
 0.0
 0.0
 0.04929883781350347
 1.5384650489784402
 0.0
 0.0
 0.0
 0.0
 6.0
 0.0
 0.0
 0.0
 0.0
 0.7455081062567279
 0.0
 0.0
 0.0
 0.0
 0.0
 0.0
 0.21311824232080107
 0.9289251779398005
 0.0
 0.0
 0.0
 0.0
 0.0
 0.0
 0.0
 0.0
 0.0
 0.0
 0.0
 0.0
 0.0
 0.0
 0.0
 0.0
 0.0
 0.0
 0.0
 0.0
 0.0
 0.10708844020132195
 0.0
 0.0
 0.0
 0.0
 0.0
 0.9114719626158058
 0.0
 0.0
 0.0
 0.0
 0.0
 0.04268972437881313
 0.008648373975557221
 0.46403311866214986
 0.0
 0.0
x_il_opt: 1-dimensional DenseAxisArray{Float64,1,...} with index sets:
    Dimension 1, [(43, 15), (43, 14), (44, 15), (44, 13), (44, 3), (40, 14), (40, 2), (41, 14), (42, 6), (37, 13)  …  (4, 13), (5, 2), (5, 7), (5, 9), (6, 11), (1, 1), (1, 6), (1, 3), (2, 1), (2, 15)]
And data, a 71-element Vector{Float64}:
 0.0
 5.276304961699478e-7
 0.0
 2.086029872144619
 4.822922480514613
 0.8682707597960058
 0.0
 0.0
 0.0
 0.8840817405275634
 0.0
 3.0
 0.0
 0.0
 2.992108159115345
 0.0
 0.0
 0.0
 7.679011828646599
 0.0
 0.38217283277647135
 0.0
 3.0
 0.9500849417792172
 2.049915058709018
 0.0
 0.32098817223280063
 0.0
 2.1818903918866592
 0.5096870740174324
 2.4111257002052024
 0.02988838785868842
 0.0
 0.0
 0.0
 0.0
 0.0
 0.0
 2.2544918946034893
 0.0
 0.0
 0.0
 2.957310276672205
 0.0
 0.0
 2.0499150585174806
 0.0
 2.706626022692245
 0.0
 0.0
 0.0
 0.0
 0.0
 0.0
 3.8707923830209117
 0.0
 0.0
 0.0
 0.0
 0.0
 0.0
 0.0
 0.0
 0.2933739778293557
 0.0
 0.0
 0.0
 2.957976783116359
 3.1770775200655756
 0.0
 4.926634330598786
x_lj_opt: 1-dimensional DenseAxisArray{Float64,1,...} with index sets:
    Dimension 1, [(15, 30), (15, 29), (15, 23), (15, 3), (14, 28), (14, 27), (14, 10), (14, 24), (13, 26), (13, 25)  …  (3, 6), (3, 5), (3, 29), (2, 4), (2, 3), (2, 1), (2, 5), (1, 2), (1, 1), (1, 14)]
And data, a 53-element Vector{Float64}:
 0.4136890859607269
 3.620033683741774
 0.0
 0.8929115602876999
 0.08138953239644102
 0.7868817579593388
 0.0
 0.0
 2.0
 0.9999999995791236
 0.0
 1.5407843273160855
 0.9913516265186897
 0.4678640463017839
 1.7226747166248302
 0.0
 0.0
 0.0
 0.4592156734761423
 0.0
 0.0
 2.0
 0.9999999999586968
 0.4615349514133674
 0.04815212262266066
 0.0
 6.0
 1.9999999987969586
 0.0
 0.0
 1.088528038063649
 0.9507011624913764
 0.9607707996021697
 2.0
 5.999999999912394
 0.0
 1.957310276301541
 1.0
 0.0
 0.0
 1.0710748223509565
 3.181890393169755
 0.0
 1.08789772816675
 5.000000000937644
 1.912102271049548
 2.0
 0.0
 0.0
 0.9999999999510849
 2.0
 2.6656175942549925
 0.0
q_opt: 1-dimensional DenseAxisArray{Float64,1,...} with index sets:
    Dimension 1, [(43, 15), (43, 14), (44, 15), (44, 13), (44, 3), (40, 14), (40, 2), (41, 14), (42, 6), (37, 13)  …  (4, 13), (5, 2), (5, 7), (5, 9), (6, 11), (1, 1), (1, 6), (1, 3), (2, 1), (2, 15)]
And data, a 71-element Vector{Float64}:
 0.0
 6.079093060202085e-7
 0.0
 0.6953432906893495
 0.6028653100551052
 0.9999993887152308
 0.0
 0.0
 0.0
 0.2946939134956194
 0.0
 1.0
 0.0
 0.0
 0.3740135198770878
 0.0
 0.0
 0.0
 0.9598764785689688
 0.0
 0.08986032411543535
 0.0
 1.0
 0.31669498057870915
 0.2562393823263043
 0.0
 0.040123521506410936
 0.0
 1.0
 0.9999999999633894
 0.5167859670012321
 0.009962795928978117
 0.0
 0.0
 0.0
 0.0
 0.0
 0.0
 0.483214033074975
 0.0
 0.0
 0.0
 1.0
 0.0
 0.0
 0.683305019474495
 0.0
 0.9022086741976365
 0.0
 0.0
 0.0
 0.0
 0.0
 0.0
 0.9101396759359852
 0.0
 0.0
 0.0
 0.0
 0.0
 0.0
 0.0
 0.0
 0.09779132592278324
 0.0
 0.0
 0.0
 0.3697470978772148
 0.39713469000259105
 0.0
 1.0

