objective value: -618.240785673
objective bound: -618.302615873
termination status: OPTIMAL
BARON solution time: 301.06


w_opt: 1-dimensional DenseAxisArray{Float64,1,...} with index sets:
    Dimension 1, [(25, 1, 2), (25, 1, 1), (25, 1, 14), (20, 1, 2), (20, 1, 1), (20, 1, 14), (1, 1, 2), (1, 1, 1), (1, 1, 14), (2, 1, 2)  …  (20, 15, 23), (20, 15, 3), (8, 15, 30), (8, 15, 29), (8, 15, 23), (8, 15, 3), (2, 15, 30), (2, 15, 29), (2, 15, 23), (2, 15, 3)]
And data, a 261-element Vector{Float64}:
 1.1223595472259857
 0.03846362354626516
 0.0
 0.877640453002899
 0.030077021288209976
 0.0
 0.0
 0.0
 0.0
 0.0
 0.0
 0.0
 0.0
 0.0
 0.0
 0.0
 0.0
 0.0
 0.0
 3.0
 0.0
 0.0
 0.0
 0.0
 0.0
 0.0
 0.0
 0.0
 0.0
 0.0
 0.0
 0.0
 0.0
 0.0
 0.0
 0.0
 0.0
 0.0
 0.0
 0.0
 0.0
 0.0
 1.2208521635407854
 0.0
 0.0
 0.0
 0.0
 0.0
 0.0
 1.102236925054917
 1.2029157574879075
 0.1893476433279762
 0.0
 0.0
 0.0
 0.0
 0.0
 0.0
 0.0
 1.8684445310874889
 1.0
 0.0
 0.0
 0.0
 0.0
 0.0
 0.0
 0.0
 0.0
 0.0
 0.0
 0.4556894044236439
 1.3670682132729581
 0.0
 0.7500000000707172
 2.2500000002594187
 0.0
 0.496064334945981
 1.4881930048461276
 0.0
 0.0
 0.0
 0.0
 0.0
 0.0
 0.0
 0.0
 0.0
 0.0
 0.0
 0.0
 0.0
 0.29824626085492667
 0.8947387825439307
 0.0
 0.0
 0.0
 0.0
 0.0
 0.0
 0.0
 1.7177480629538409
 0.9072821593254403
 0.3749697779226958
 0.0
 0.0
 0.0
 0.0
 0.0
 0.0
 0.0
 0.0
 0.0
 0.0
 0.0
 0.0
 0.0
 0.0
 5.388692409554029
 1.955888366711508
 0.0
 0.0
 0.0
 0.4808787199270404
 0.17454050494257395
 0.0
 0.0
 0.0
 0.0
 0.0
 0.0
 0.0
 0.0
 0.0
 0.0
 0.0
 0.0
 0.0
 0.0
 0.0
 0.0
 0.0
 0.0
 0.0
 0.0
 0.0
 0.0
 1.1429665852986748
 0.0
 0.0
 0.0
 0.8570334146872567
 0.0
 0.6771617739132226
 0.3385808868253066
 0.0
 0.0
 1.32283822635288
 0.6614191129201606
 0.0
 0.0
 0.0
 0.0
 0.0
 0.0
 0.0
 0.0
 0.0
 0.0
 0.0
 0.0
 0.0
 0.0
 2.0
 0.0
 0.0
 0.0
 0.6664832557185524
 0.0
 0.0
 0.0
 0.0
 0.0
 0.0
 0.0
 0.0
 0.0
 0.0
 0.0
 0.0
 0.0
 0.0
 0.0
 0.0
 1.3335167452555066
 0.9703267845678634
 0.6961564704855872
 0.0
 0.0
 0.0
 0.0
 0.0
 0.0
 0.0
 0.0
 0.0
 1.5976717142858032
 0.7988358567357929
 0.0
 1.7333680769843985e-8
 0.0
 0.0
 0.0
 0.0
 0.0
 0.40232826873746114
 0.20116413426803526
 0.0
 0.0
 0.0
 0.0
 0.0
 0.0
 0.0
 0.0
 0.2502767454075467
 0.637352140354802
 0.0
 0.0
 0.0
 0.0
 0.0
 0.0
 0.0
 0.0
 0.0
 0.0
 0.0
 0.0
 0.0
 0.0
 0.0
 0.0
 0.0
 0.0
 0.0
 0.0
 0.0
 0.0
 0.0
 0.0
 0.0
 0.0
 0.0
 0.0
 0.0
 0.0
 1.731025026186694
 4.08299136751167
 0.0
 1.0
x_ij_opt: 1-dimensional DenseAxisArray{Float64,1,...} with index sets:
    Dimension 1, [(43, 30), (43, 22), (43, 6), (44, 22), (45, 30), (45, 29), (45, 28), (45, 24), (45, 23), (40, 29)  …  (5, 7), (5, 14), (6, 4), (6, 3), (1, 14), (1, 10), (1, 23), (1, 1), (3, 2), (3, 1)]
And data, a 116-element Vector{Float64}:
 0.0
 0.0
 1.3445807762529707
 0.0
 0.2689749742298416
 0.0
 1.749723254881736
 0.0
 0.0
 0.0
 0.0
 0.0
 0.0
 0.0
 0.0
 0.0
 0.0
 0.0
 0.2565992434405082
 0.0
 0.0
 0.0
 0.0
 0.0
 0.0
 0.0
 0.0
 2.0
 0.0
 0.0
 0.0
 0.0
 0.0
 0.0
 0.0
 0.0
 0.0
 0.0
 0.0
 0.0
 0.0
 0.0
 0.0
 0.6554192245878737
 0.0
 0.0
 0.0
 0.0
 0.0
 0.0
 0.0
 0.0
 0.0
 0.0
 0.0
 0.3335167441491957
 0.0
 0.0
 0.09271784130894446
 0.0
 0.0
 0.0
 0.0
 0.0
 6.0
 0.0
 0.13042887192766928
 0.0
 0.0
 0.7434007569246116
 0.0
 0.0
 0.0
 0.0
 0.0
 0.0
 0.3626478596392022
 0.89776307529111
 0.0
 0.0
 0.0
 0.0
 0.0
 0.0
 0.0
 0.0
 0.0
 0.13155546979734767
 0.0
 0.3528428705464964
 0.0
 0.0
 2.333138627771723
 0.0
 0.0
 0.0
 0.0
 0.0
 0.0
 0.0
 0.0
 0.0
 0.0
 0.0
 0.0
 0.2822519377637947
 0.0
 0.0
 1.8106523567467896
 0.0
 0.0
 0.0
 0.02967321601023602
 5.556489578290568
 0.0
 0.0
x_il_opt: 1-dimensional DenseAxisArray{Float64,1,...} with index sets:
    Dimension 1, [(43, 15), (43, 14), (44, 15), (44, 13), (44, 3), (40, 14), (40, 2), (41, 14), (42, 6), (37, 13)  …  (4, 13), (5, 2), (5, 7), (5, 9), (6, 11), (1, 1), (1, 6), (1, 3), (2, 1), (2, 15)]
And data, a 71-element Vector{Float64}:
 0.0
 0.0
 0.0
 2.3965075712997708
 0.0
 0.8876288855672281
 0.0
 0.0
 1.822757617663101
 2.600077555467785e-8
 0.0
 3.0
 0.0
 0.0
 3.0
 0.0
 0.0
 0.0
 7.3445807759968575
 0.0
 0.0
 0.0
 3.0
 1.0157426607385291
 1.98425733975386
 0.0
 0.6554192248380075
 0.0
 2.666483256628772
 1.142966585246398
 1.1608231707125938
 0.6034924030771213
 0.0
 0.0
 0.0
 0.0
 0.0
 0.0
 0.907717474244392
 0.0
 0.0
 0.0
 2.868444531163108
 0.0
 0.0
 1.9842573392730407
 0.0
 3.0
 0.0
 0.0
 0.0
 0.0
 0.0
 0.0
 2.4945003258708005
 0.0
 0.0
 0.0
 0.0
 0.0
 0.0
 0.0
 0.0
 0.0
 0.8570334146459102
 0.0
 0.0
 1.192985043383866
 1.2208521633692062
 0.0
 6.8140163936969165
x_lj_opt: 1-dimensional DenseAxisArray{Float64,1,...} with index sets:
    Dimension 1, [(15, 30), (15, 29), (15, 23), (15, 3), (14, 28), (14, 27), (14, 10), (14, 24), (13, 26), (13, 25)  …  (3, 6), (3, 5), (3, 29), (2, 4), (2, 3), (2, 1), (2, 5), (1, 2), (1, 1), (1, 14)]
And data, a 53-element Vector{Float64}:
 1.7310250260674742
 4.082991367221417
 0.0
 1.0
 0.250276745508444
 0.6373521406210928
 0.0
 0.0
 2.0
 0.9999999995936909
 0.0
 1.3335167451256362
 0.9703267844766083
 0.6961564704232739
 2.0
 0.0
 0.0
 0.0
 0.6664832556542573
 0.0
 0.0
 2.0
 0.999999999710776
 1.999999999921346
 0.0
 0.0
 5.869571128975506
 2.1304288714736606
 0.0
 0.0
 1.7177480629120792
 0.9072821593114596
 0.37496977792756636
 2.0
 6.0
 0.0
 1.868444530890315
 0.9999999999983118
 0.0
 0.0
 1.1022369249953845
 1.2029157574234342
 0.1893476433126613
 0.0
 0.0
 1.2208521634394294
 0.0
 0.0
 0.0
 3.0
 2.0
 0.0685406448172918
 0.0
q_opt: 1-dimensional DenseAxisArray{Float64,1,...} with index sets:
    Dimension 1, [(43, 15), (43, 14), (44, 15), (44, 13), (44, 3), (40, 14), (40, 2), (41, 14), (42, 6), (37, 13)  …  (4, 13), (5, 2), (5, 7), (5, 9), (6, 11), (1, 1), (1, 6), (1, 3), (2, 1), (2, 15)]
And data, a 71-element Vector{Float64}:
 0.0
 0.0
 0.0
 0.7988358570689702
 0.0
 0.9999999995772245
 0.0
 0.0
 0.22784470219393194
 0.0
 0.0
 1.0
 0.0
 0.0
 0.3750000000156889
 0.0
 0.0
 0.0
 0.9180725969854915
 0.0
 0.0
 0.0
 1.0
 0.3385808869244015
 0.2480321674548443
 0.0
 0.08192740310167453
 0.0
 1.0
 0.5714832926720952
 0.5611797735764724
 0.2011641343481613
 0.0
 0.0
 0.0
 0.0
 0.0
 0.0
 0.4388202264725388
 0.0
 0.0
 0.0
 1.0
 0.0
 0.0
 0.6614191131130873
 0.0
 1.0
 0.0
 0.0
 0.0
 0.0
 0.0
 0.0
 1.0
 0.0
 0.0
 0.0
 0.0
 0.0
 0.0
 0.0
 0.0
 0.0
 0.42851670736076375
 0.0
 0.0
 0.14912313041085684
 1.0
 0.0
 1.0

