objective value: -625.50529294
objective bound: -625.567849725
termination status: OPTIMAL
BARON solution time: 1299.99


w_opt: 1-dimensional DenseAxisArray{Float64,1,...} with index sets:
    Dimension 1, [(25, 1, 2), (25, 1, 1), (25, 1, 14), (20, 1, 2), (20, 1, 1), (20, 1, 14), (1, 1, 2), (1, 1, 1), (1, 1, 14), (2, 1, 2)  …  (20, 15, 23), (20, 15, 3), (8, 15, 30), (8, 15, 29), (8, 15, 23), (8, 15, 3), (2, 15, 30), (2, 15, 29), (2, 15, 23), (2, 15, 3)]
And data, a 261-element Vector{Float64}:
 0.9283308819129998
 0.9866792740053547
 0.0
 1.0716691182075742
 1.1390267501908615
 0.0
 0.0
 0.0
 0.0
 0.0
 0.0
 0.0
 0.0
 0.0
 0.0
 0.0
 1.838845433913215
 0.0
 0.0
 1.1611545662574652
 0.0
 0.0
 0.0
 0.0
 0.0
 0.0
 0.0
 0.0
 0.0
 0.6359837578731428
 0.4154798880913202
 0.0
 0.0
 0.0
 0.0
 4.202861676823546
 2.7456746773117207
 0.0
 0.0
 0.0
 0.0
 0.0
 0.0
 0.04160741317305751
 0.09904215039050582
 0.0
 0.0
 0.0
 0.0
 0.9444796151472095
 2.248236190389404
 0.0
 0.0
 0.0
 0.0
 0.0
 0.0
 0.0
 0.0
 1.8868366173211186
 1.0
 0.0
 0.0
 0.0
 0.0
 0.0
 0.0
 0.0
 0.0
 0.0
 0.0
 0.0
 0.0
 0.0
 0.484181303687402
 1.452543910979928
 0.0
 0.45086009435378926
 1.3525802829901221
 0.0
 0.0
 0.0
 0.0
 0.0
 0.0
 0.0
 0.0
 0.0
 0.0
 0.0
 0.0
 0.0
 1.0649586022183872
 3.194875806380176
 0.0
 0.0
 0.0
 0.0
 0.0
 0.0
 0.0
 1.9227949357002987
 0.858176342905064
 0.2190287216692973
 0.0
 0.0
 0.0
 0.0
 0.0
 0.0
 0.0
 0.0
 0.0
 0.0
 0.0
 0.0
 0.0
 0.0
 4.815523046100305
 2.483017718175883
 0.0
 0.0
 0.0
 0.4628175994606189
 0.23864163630117788
 0.0
 0.0
 0.0
 0.0
 0.0
 0.0
 0.0
 0.0
 0.0
 0.0
 0.0
 0.0
 0.0
 0.0
 0.0
 0.0
 0.0
 0.0
 0.0
 0.0
 0.0
 0.0
 0.22150683107404492
 0.0
 0.0
 0.0
 0.0
 0.0
 0.797706415401145
 0.39885320762932724
 0.0
 0.0
 1.2022935848870002
 0.6011467923379912
 0.0
 0.0
 0.0
 0.0
 0.0
 0.0
 0.0
 0.0
 0.0
 0.0
 0.0
 0.0
 0.0
 0.0
 1.608099132424728
 0.0
 0.0
 0.0
 0.46083856110946947
 0.0
 0.0
 0.0
 0.0
 0.0
 0.0
 0.0
 0.0
 0.0
 0.0
 0.0
 0.0
 0.0
 0.0
 0.0
 0.0
 1.5391614398522055
 0.9695707083361053
 0.49126785220343033
 0.0
 0.0
 0.0
 0.0
 0.0
 0.0
 0.0
 0.0
 0.0
 1.5429295739639495
 0.7714647863689926
 0.0
 0.45707042653414476
 0.22853521307370145
 0.0
 0.0
 0.0
 0.0
 0.0
 0.0
 0.0
 0.0
 0.0
 0.0
 0.0
 0.0
 0.0
 0.0
 0.5620728842390229
 0.6817474813599449
 0.0
 0.0
 0.0
 0.0
 0.0
 0.0
 0.0
 0.0
 0.0
 0.0
 0.0
 0.0
 0.0
 0.0
 0.0
 0.0
 0.0
 0.0
 0.0
 0.0
 0.0
 0.0
 0.0
 0.0
 0.0
 0.0
 0.0
 0.0
 0.0
 0.0
 2.0
 2.3475775837224138
 0.0
 1.0
x_ij_opt: 1-dimensional DenseAxisArray{Float64,1,...} with index sets:
    Dimension 1, [(43, 30), (43, 22), (43, 6), (44, 22), (45, 30), (45, 29), (45, 28), (45, 24), (45, 23), (40, 29)  …  (5, 7), (5, 14), (6, 4), (6, 3), (1, 14), (1, 10), (1, 23), (1, 1), (3, 2), (3, 1)]
And data, a 116-element Vector{Float64}:
 0.0
 0.39190086829338006
 1.2985407640011302
 0.0
 0.0
 0.0
 1.4379271160248812
 0.0
 0.0
 0.0
 0.0
 0.0
 0.0
 0.0
 0.0
 0.0
 0.0
 0.0
 0.21069586786402114
 0.0
 0.0
 0.0
 0.0
 0.0
 0.0
 0.0
 0.0
 2.0
 0.0
 0.0
 0.0
 0.0
 0.0
 0.0
 0.0
 0.0
 0.0
 0.0
 0.0
 0.0
 0.0
 0.0
 0.0
 0.7014592367993081
 0.0
 0.0
 0.0
 0.0
 0.0
 0.0
 0.0
 0.0
 0.0
 0.0
 0.0
 0.9310623057328034
 0.0
 0.7216593557516494
 0.1418236576952768
 1.778493169052958
 0.0
 0.0
 0.0
 0.0
 6.0
 0.0
 0.0
 0.0
 0.0
 0.7893041324520645
 0.0
 0.0
 0.0
 0.0
 0.0
 0.0
 0.31825251874748783
 1.0139129719616176
 0.0
 0.0
 0.0
 0.0
 0.0
 0.0
 0.0
 0.0
 0.0
 0.11316338351889076
 0.0
 0.0
 0.0
 0.0
 0.0
 0.0
 0.0
 0.0
 0.0
 0.0
 0.0
 0.0
 0.0
 0.0
 0.0
 0.0
 0.0
 0.022734020255861808
 0.0
 0.0
 0.16115456654152296
 0.0
 0.05447104472406824
 0.0
 0.030429292233293267
 3.6552652553505642
 0.0
 0.0
x_il_opt: 1-dimensional DenseAxisArray{Float64,1,...} with index sets:
    Dimension 1, [(43, 15), (43, 14), (44, 15), (44, 13), (44, 3), (40, 14), (40, 2), (41, 14), (42, 6), (37, 13)  …  (4, 13), (5, 2), (5, 7), (5, 9), (6, 11), (1, 1), (1, 6), (1, 3), (2, 1), (2, 15)]
And data, a 71-element Vector{Float64}:
 0.0
 0.0
 0.0
 2.314394360833972
 1.0514636460548883
 1.2438203658016962
 0.0
 0.0
 0.0
 0.6856056398297795
 0.0
 3.0
 0.0
 0.0
 1.9367252147715546
 0.0
 0.0
 0.0
 7.2985407647584175
 0.0
 0.14064956362670353
 0.0
 3.0
 1.1965596230304723
 1.8034403774496102
 0.0
 0.701459236179345
 0.0
 2.06893769514264
 0.2215068311170524
 1.9150101559411987
 0.0
 0.0
 0.0
 0.0
 0.0
 0.0
 0.0
 2.210695868414515
 0.0
 0.0
 0.0
 2.8868366175392657
 0.0
 0.0
 1.8034403772249914
 0.0
 3.0
 0.0
 0.0
 0.0
 0.0
 0.0
 0.0
 3.1927158055366136
 0.0
 0.0
 6.948536354168177
 0.0
 0.0
 0.0
 0.0
 0.0
 0.0
 0.0
 0.0
 0.0
 4.259834408677297
 0.0
 0.0
 5.347577583825872
x_lj_opt: 1-dimensional DenseAxisArray{Float64,1,...} with index sets:
    Dimension 1, [(15, 30), (15, 29), (15, 23), (15, 3), (14, 28), (14, 27), (14, 10), (14, 24), (13, 26), (13, 25)  …  (3, 6), (3, 5), (3, 29), (2, 4), (2, 3), (2, 1), (2, 5), (1, 2), (1, 1), (1, 14)]
And data, a 53-element Vector{Float64}:
 2.0
 2.347577583500147
 0.0
 0.9999999999990123
 0.5620728843585936
 0.6817474815048716
 0.0
 0.0
 2.0
 0.9999999993270114
 0.0
 1.5391614397144866
 0.969570708251
 0.49126785216997204
 1.6080991322641605
 0.0
 0.0
 0.0
 0.46083856106340526
 0.0
 0.0
 2.0
 0.9999999999280093
 0.2215068313288414
 0.0
 0.0
 5.278340645194807
 2.721659354411648
 0.0
 0.0
 1.9227949355945817
 0.8581763428602504
 0.21902872168438625
 2.0
 5.999999999898692
 0.0
 1.886836617163592
 1.0
 0.0
 0.0
 0.9860870283190364
 2.3472783407769273
 0.0
 0.0
 4.838845434632249
 3.1611545653747473
 1.8388454338251623
 0.0
 0.0
 1.1611545662301561
 1.9999999999473999
 2.1257060240145638
 0.0
q_opt: 1-dimensional DenseAxisArray{Float64,1,...} with index sets:
    Dimension 1, [(43, 15), (43, 14), (44, 15), (44, 13), (44, 3), (40, 14), (40, 2), (41, 14), (42, 6), (37, 13)  …  (4, 13), (5, 2), (5, 7), (5, 9), (6, 11), (1, 1), (1, 6), (1, 3), (2, 1), (2, 15)]
And data, a 71-element Vector{Float64}:
 0.0
 0.0
 0.0
 0.7714647869186985
 0.1314329557467767
 0.9999999997872137
 0.0
 0.0
 0.0
 0.2285352132535453
 0.0
 1.0
 0.0
 0.0
 0.24209065183429052
 0.0
 0.0
 0.0
 0.9123175955839495
 0.0
 0.0421944635495122
 0.0
 1.0
 0.39885320766378196
 0.22543004716903564
 0.0
 0.08768240450029266
 0.0
 1.0
 0.9999999988497107
 0.46416544096852436
 0.0
 0.0
 0.0
 0.0
 0.0
 0.0
 0.0
 0.5358345591176964
 0.0
 0.0
 0.0
 1.0
 0.0
 0.0
 0.6011467923877443
 0.0
 1.0
 0.0
 0.0
 0.0
 0.0
 0.0
 0.0
 0.9578055364517294
 0.0
 0.0
 0.8685670442676989
 0.0
 0.0
 0.0
 0.0
 0.0
 0.0
 0.0
 0.0
 0.0
 0.5324793010726357
 0.0
 0.0
 1.0

