objective value: -625.34311556
objective bound: -625.405656122
termination status: OPTIMAL
BARON solution time: 2227.38


w_opt: 1-dimensional DenseAxisArray{Float64,1,...} with index sets:
    Dimension 1, [(25, 1, 2), (25, 1, 1), (25, 1, 14), (20, 1, 2), (20, 1, 1), (20, 1, 14), (1, 1, 2), (1, 1, 1), (1, 1, 14), (2, 1, 2)  …  (20, 15, 23), (20, 15, 3), (8, 15, 30), (8, 15, 29), (8, 15, 23), (8, 15, 3), (2, 15, 30), (2, 15, 29), (2, 15, 23), (2, 15, 3)]
And data, a 261-element Vector{Float64}:
 1.177003651440327
 1.6084370100159162
 0.0
 0.8229963488372768
 1.124667527545985
 0.0
 0.0
 0.0
 0.0
 0.0
 0.0
 0.0
 0.0
 0.0
 0.0
 0.0
 1.9659730712363546
 0.0
 0.0
 1.034026929249218
 0.0
 0.0
 0.0
 0.0
 0.0
 0.0
 0.0
 0.0
 0.46340152177173377
 1.6433684831085609
 0.5406361882238165
 0.0
 0.0
 0.0
 0.9369170934676987
 3.3226045887888396
 1.0930721249198345
 0.0
 0.0
 0.0
 0.0
 0.0
 0.0
 0.33925349680078076
 1.1250071690818
 0.010823910864628476
 0.0
 0.0
 0.0
 0.7272514748991871
 2.4116571552011257
 0.023203018435558834
 0.0
 0.0
 0.0
 0.0
 0.0
 0.0
 0.0
 2.0
 1.0
 0.0
 0.0
 0.0
 0.0
 0.0
 0.0
 0.0
 0.0
 0.0
 0.0
 0.11283591593943221
 0.3385077478839763
 0.0
 0.7499999999674901
 2.2500000003451928
 0.0
 0.5592852611284992
 1.6778557837041228
 0.0
 0.0
 0.0
 0.0
 0.0
 0.0
 0.0
 0.0
 0.0
 0.0
 0.0
 0.0
 0.0
 0.5778788228742027
 1.733636468953243
 0.0
 0.0
 0.0
 0.0
 0.0
 0.0
 0.0
 1.8850974257562554
 0.7854406619233761
 0.32946191261134844
 0.0
 0.0
 0.0
 0.0
 0.0
 0.0
 0.0
 0.0
 0.0
 0.0
 0.0
 0.0
 0.0
 0.0
 4.45218899273892
 1.484062997157874
 0.0
 0.0
 0.0
 1.547811008280438
 0.5159370026134523
 0.0
 0.0
 0.0
 0.0
 0.0
 0.0
 0.0
 0.0
 0.0
 0.0
 0.0
 0.0
 0.0
 0.0
 0.0
 0.0
 0.0
 0.0
 0.0
 0.0
 0.0
 0.0
 0.0
 0.0
 0.0
 0.0
 0.0
 0.0
 0.5085726371456293
 0.2542863185300815
 0.0
 0.0
 1.4914273631156771
 0.7457136814325205
 0.0
 0.0
 0.0
 0.0
 0.0
 0.0
 0.0
 0.0
 0.0
 0.0
 0.0
 0.0
 0.0
 0.0
 2.0
 0.0
 0.0
 0.0
 0.5366643227947402
 0.0
 0.0
 0.0
 0.0
 0.0
 0.0
 0.0
 0.0
 0.0
 0.0
 0.0
 0.0
 0.0
 0.0
 0.0
 0.0
 1.4633356781807803
 1.0
 0.536664322015418
 0.0
 0.0
 0.0
 0.0
 0.0
 0.0
 0.0
 0.0
 0.0
 1.4477397014864035
 0.7238698504099432
 0.0
 0.5522602989030383
 0.2761301493243931
 0.0
 0.0
 0.0
 0.0
 0.0
 0.0
 0.0
 0.0
 0.0
 0.0
 0.0
 0.0
 0.0
 0.0
 0.0
 0.25586864742140336
 0.0
 0.0
 0.0
 0.0
 0.0
 0.0
 0.0
 0.7441313527145322
 0.0
 0.0
 0.0
 0.0
 0.0
 0.0
 0.0
 0.0
 0.0
 0.0
 0.0
 0.0
 0.0
 0.0
 0.0
 0.0
 0.0
 0.0
 0.0
 0.0
 0.0
 0.0
 0.41310736881837984
 3.829627366363263
 0.0
 0.7868380751884321
x_ij_opt: 1-dimensional DenseAxisArray{Float64,1,...} with index sets:
    Dimension 1, [(43, 30), (43, 22), (43, 6), (44, 22), (45, 30), (45, 29), (45, 28), (45, 24), (45, 23), (40, 29)  …  (5, 7), (5, 14), (6, 4), (6, 3), (1, 14), (1, 10), (1, 23), (1, 1), (3, 2), (3, 1)]
And data, a 116-element Vector{Float64}:
 0.0
 0.0
 0.4430279216006241
 0.0
 1.5868926315109726
 0.0
 1.9565006476545113
 0.0
 0.0
 0.0
 0.0
 0.0
 0.0
 0.0
 0.0
 0.0
 0.0
 0.0
 0.24069990650192186
 0.0
 0.0
 0.0
 0.0
 0.0
 0.0
 0.0
 0.0
 2.0
 0.04349935260803436
 0.0
 0.0
 0.0
 0.0
 0.0
 0.0
 0.0
 0.0
 0.0
 0.0
 0.0
 0.0
 0.0
 0.0
 0.15665346398210891
 0.0
 0.0
 0.0
 0.0
 0.0
 0.0
 0.0
 0.0
 0.0
 0.0
 0.0
 0.46333567719450763
 0.0
 0.0
 0.2145593386061098
 2.0
 0.0
 0.0
 0.0
 0.0
 6.0
 0.0
 0.0
 0.0
 0.0
 0.7593000938848754
 0.0
 0.0
 0.0
 0.0
 0.0
 0.0
 0.0
 0.9334950286282534
 0.0
 0.0
 0.0
 0.0
 0.0
 0.0
 0.0
 0.0
 0.0
 0.0
 0.0
 0.0
 0.0
 0.0
 0.0
 0.0
 0.0
 0.0
 0.0
 0.0
 0.0
 0.21316192536461057
 0.0
 0.0
 0.0
 0.0
 0.0
 0.0
 0.0
 0.0
 0.0
 0.0
 0.11490257509266957
 0.0
 0.0
 2.937433551050036
 0.0
 0.0
x_il_opt: 1-dimensional DenseAxisArray{Float64,1,...} with index sets:
    Dimension 1, [(43, 15), (43, 14), (44, 15), (44, 13), (44, 3), (40, 14), (40, 2), (41, 14), (42, 6), (37, 13)  …  (4, 13), (5, 2), (5, 7), (5, 9), (6, 11), (1, 1), (1, 6), (1, 3), (2, 1), (2, 15)]
And data, a 71-element Vector{Float64}:
 0.0
 0.0
 0.0
 2.1716095521085426
 2.647406193104111
 0.2558686473792191
 0.0
 0.0
 0.45134366381798535
 0.8283904483083767
 0.0
 3.0
 0.0
 0.0
 3.0
 0.0
 0.0
 0.0
 5.93625198984289
 0.0
 1.4750845767472094
 0.7441313525916882
 3.0
 0.7628589556757108
 2.2371410448091997
 0.0
 2.0637480108749586
 0.0
 2.53666432359563
 0.0
 2.7854406613975558
 0.0
 0.0
 0.0
 0.0
 0.0
 0.0
 0.0
 1.947663876341909
 0.0
 0.0
 0.0
 3.0
 0.0
 0.0
 2.2371410445481974
 0.0
 3.0
 0.0
 0.0
 0.0
 0.0
 0.0
 0.0
 3.1621116485358716
 0.0
 0.0
 5.352593807176373
 0.0
 0.0
 0.0
 0.0
 0.0
 0.0
 0.0
 0.0
 0.0
 2.3115152918025363
 0.0
 0.0
 5.029572810306089
x_lj_opt: 1-dimensional DenseAxisArray{Float64,1,...} with index sets:
    Dimension 1, [(15, 30), (15, 29), (15, 23), (15, 3), (14, 28), (14, 27), (14, 10), (14, 24), (13, 26), (13, 25)  …  (3, 6), (3, 5), (3, 29), (2, 4), (2, 3), (2, 1), (2, 5), (1, 2), (1, 1), (1, 14)]
And data, a 53-element Vector{Float64}:
 0.41310736878634297
 3.8296273660430247
 0.0
 0.7868380751249294
 0.0
 1.0
 0.0
 0.0
 2.0
 0.9999999996366148
 0.0
 1.4633356780380817
 1.0
 0.5366643219631165
 2.0
 0.0
 0.0
 0.0
 0.5366643227552322
 0.0
 0.0
 2.0
 0.9999999999302744
 0.0
 0.0
 0.0
 6.0
 1.9999999996253763
 0.0
 0.0
 1.8850974255951904
 0.7854406618562665
 0.3294619125831977
 1.9999999998104032
 6.0
 0.0
 2.0
 1.0
 0.0
 0.0
 1.0665049716606865
 3.5366643241511544
 0.0340269292995419
 1.4003186151886748
 4.965973071717397
 1.6337083130844336
 1.965973071092013
 0.0
 0.0
 1.0340269291731774
 2.0
 2.733104537445607
 0.0
q_opt: 1-dimensional DenseAxisArray{Float64,1,...} with index sets:
    Dimension 1, [(43, 15), (43, 14), (44, 15), (44, 13), (44, 3), (40, 14), (40, 2), (41, 14), (42, 6), (37, 13)  …  (4, 13), (5, 2), (5, 7), (5, 9), (6, 11), (1, 1), (1, 6), (1, 3), (2, 1), (2, 15)]
And data, a 71-element Vector{Float64}:
 0.0
 0.0
 0.0
 0.7238698506729869
 0.3309257741384066
 0.2558686473982733
 0.0
 0.0
 0.056417957975113474
 0.2761301494247347
 0.0
 1.0
 0.0
 0.0
 0.3750000000212935
 0.0
 0.0
 0.0
 0.7420314987179565
 0.0
 0.3180983734869564
 0.7441313526473439
 1.0
 0.2542863185478118
 0.2796426305893643
 0.0
 0.2579685013550921
 0.0
 1.0
 0.07409221002837157
 0.5885018256635746
 0.0
 0.08916938877378827
 0.0
 0.0
 0.0
 0.0
 0.0
 0.4114981743791389
 0.0
 0.0
 0.0
 1.0
 0.0
 0.0
 0.7457136814845158
 0.0
 1.0
 0.0
 0.0
 0.0
 0.0
 0.0
 0.0
 0.6819016265503182
 0.0
 0.0
 0.6690742258978406
 0.0
 0.0
 0.0
 0.0
 0.0
 0.0
 0.8367384011978402
 0.0
 0.0
 0.28893941146340607
 0.0
 0.0
 1.0

