objective value: -627.701377793
objective bound: -627.764154209
termination status: OPTIMAL
BARON solution time: 3228.35


w_opt: 1-dimensional DenseAxisArray{Float64,1,...} with index sets:
    Dimension 1, [(25, 1, 2), (25, 1, 1), (25, 1, 14), (20, 1, 2), (20, 1, 1), (20, 1, 14), (1, 1, 2), (1, 1, 1), (1, 1, 14), (2, 1, 2)  …  (20, 15, 23), (20, 15, 3), (8, 15, 30), (8, 15, 29), (8, 15, 23), (8, 15, 3), (2, 15, 30), (2, 15, 29), (2, 15, 23), (2, 15, 3)]
And data, a 261-element Vector{Float64}:
 1.1109896881661383
 0.0
 0.0
 0.889010312016299
 0.0
 0.0
 0.0
 0.0
 0.0
 0.0
 0.0
 0.0
 0.0
 0.0
 0.0
 0.0
 1.9959925128269018
 0.0
 0.0
 1.0040074873922131
 0.0
 0.0
 0.0
 0.0
 0.0
 0.0
 0.0
 0.0
 0.0
 0.8970981678028583
 0.5394102583116901
 0.0
 0.0
 0.0
 0.0
 4.098894345995894
 2.464597228381857
 0.0
 0.0
 0.0
 0.0
 0.0
 0.0
 0.08520408998303859
 0.3103277236154735
 0.0
 0.0
 0.0
 0.0
 0.889247529106051
 3.2387900803761935
 0.0
 0.0
 0.0
 0.0
 0.0
 0.0
 0.0
 0.0
 2.0
 1.0
 0.0
 0.0
 0.0
 0.0
 0.0
 0.0
 0.0
 0.0
 0.0
 0.0
 0.0
 0.0
 0.0
 0.7471168031207042
 2.2413504092586956
 0.0
 0.5725633517380148
 1.7176900551479615
 0.0
 0.0
 0.0
 0.0
 0.0
 0.0
 0.0
 0.0
 0.0
 0.0
 0.0
 0.0
 0.0
 0.68031984535906
 2.0409595359880273
 0.0
 0.0
 0.0
 0.0
 0.0
 0.0
 0.0
 0.8830186911323841
 0.3164470290008478
 0.9783579316376039
 0.33335898561114335
 0.11946571646859373
 0.3693516467189862
 0.0
 0.0
 0.0
 0.0
 0.0
 0.0
 0.0
 0.0
 0.0
 0.0
 0.0
 5.511700409036775
 1.9733537873518334
 0.0
 0.0
 0.0
 0.37918589795765795
 0.13575990560655932
 0.0
 0.0
 0.0
 0.0
 0.0
 0.0
 0.0
 0.0
 0.0
 0.0
 0.0
 0.0
 0.0
 0.0
 0.0
 0.0
 0.0
 0.0
 0.0
 0.0
 0.0
 0.0
 0.40471881513652536
 0.1733141416908149
 0.0
 0.0
 0.0
 0.0
 0.4731643956727157
 0.2365821978077345
 0.0
 0.0
 1.5268356046183558
 0.7634178021996076
 0.0
 0.0
 0.0
 0.0
 0.0
 0.0
 0.0
 0.0
 0.0
 0.0
 0.0
 0.0
 0.0
 0.0
 2.0
 0.0
 0.0
 0.0
 0.6582314950746786
 0.0
 0.0
 0.0
 0.0
 0.0
 0.0
 0.0
 0.0
 0.0
 0.0
 0.0
 0.0
 0.0
 0.0
 0.0
 0.0
 1.3417685058840356
 1.0
 0.6582314944157146
 0.0
 0.0
 0.0
 0.0
 0.0
 0.0
 0.0
 0.0
 0.0
 1.5748157299519148
 0.7874078643724798
 0.0
 0.0
 0.0
 0.0
 0.0
 0.0
 0.0
 0.4251842705149066
 0.21259213508823943
 0.0
 0.0
 0.0
 0.0
 0.0
 0.0
 0.0
 0.0
 0.6193516844753337
 0.8816731131342795
 0.0
 0.0
 0.0
 0.0
 0.0
 0.0
 0.0
 0.0
 0.0
 0.0
 0.0
 0.0
 0.0
 0.0
 0.0
 0.0
 0.0
 0.0
 0.0
 0.0
 0.0
 0.0
 0.0
 0.0
 0.0
 0.0
 0.0
 0.0
 0.0
 0.0
 2.0
 2.337761020370626
 0.0
 1.0
x_ij_opt: 1-dimensional DenseAxisArray{Float64,1,...} with index sets:
    Dimension 1, [(43, 30), (43, 22), (43, 6), (44, 22), (45, 30), (45, 29), (45, 28), (45, 24), (45, 23), (40, 29)  …  (5, 7), (5, 14), (6, 4), (6, 3), (1, 14), (1, 10), (1, 23), (1, 1), (3, 2), (3, 1)]
And data, a 116-element Vector{Float64}:
 0.0
 0.0
 1.4850541962569732
 0.0
 0.0
 0.0
 1.3806483157788718
 0.0
 0.0
 0.0
 0.0
 0.0
 0.0
 0.0
 0.0
 0.0
 0.0
 0.0
 0.0
 0.0
 0.0
 0.0
 0.0
 0.0
 0.0
 0.0
 0.0
 2.0
 0.0
 0.0
 0.0
 0.0
 0.0
 0.0
 0.0
 0.0
 0.0
 0.0
 0.0
 0.0
 0.0
 0.0
 0.0
 0.5149458045421755
 0.0
 0.0
 0.0
 0.0
 0.0
 0.0
 0.0
 0.0
 0.0
 0.0
 0.0
 0.3417685040714667
 0.0
 0.10911369431692122
 0.5640872551276633
 1.5952811852377056
 0.0
 0.0
 0.0
 0.0
 6.0
 0.0
 0.0
 0.0
 0.0
 0.8266858586560157
 0.0
 0.0
 0.0
 0.0
 0.0
 0.0
 0.11832688691067565
 1.0255483812332002
 0.0
 0.0
 0.0
 0.0
 0.0
 0.0
 0.0
 0.0
 0.0
 0.0
 0.0
 0.0
 0.0
 0.0
 0.0
 0.0
 0.0
 0.0
 0.0
 0.0
 0.0
 0.0
 0.0
 0.0
 0.0
 0.0
 0.0
 0.5116797178687649
 0.0
 0.0
 0.0040074877085960565
 0.0
 0.2719426061061026
 0.0
 0.0
 4.652290422928969
 0.0
 0.0
x_il_opt: 1-dimensional DenseAxisArray{Float64,1,...} with index sets:
    Dimension 1, [(43, 15), (43, 14), (44, 15), (44, 13), (44, 3), (40, 14), (40, 2), (41, 14), (42, 6), (37, 13)  …  (4, 13), (5, 2), (5, 7), (5, 9), (6, 11), (1, 1), (1, 6), (1, 3), (2, 1), (2, 15)]
And data, a 71-element Vector{Float64}:
 0.0
 0.0
 0.0
 2.3622235947861747
 1.4365084262010466
 1.5010247978122022
 0.0
 0.0
 0.0
 0.0
 0.0
 3.0
 0.0
 0.0
 2.988467212472436
 0.0
 0.0
 0.0
 7.485054196876511
 0.0
 0.39553181365795986
 0.0
 3.0
 0.7097465934804502
 2.290253406986504
 0.0
 0.514945803986361
 0.0
 2.6582314967055356
 0.5780329568273402
 1.1109896882068628
 0.6377764058029215
 0.0
 0.0
 0.0
 0.0
 0.0
 0.0
 0.8890103120756286
 0.0
 0.0
 0.0
 3.0
 0.0
 0.0
 2.290253406817963
 0.0
 2.1778236517708356
 0.0
 0.0
 0.0
 0.0
 0.0
 0.0
 4.128037609482244
 0.0
 0.0
 6.563491574413434
 0.0
 0.0
 0.0
 0.0
 0.0
 0.8221763487987233
 0.0
 0.0
 0.0
 2.7212793814430007
 0.0
 0.0
 5.337761020515208
x_lj_opt: 1-dimensional DenseAxisArray{Float64,1,...} with index sets:
    Dimension 1, [(15, 30), (15, 29), (15, 23), (15, 3), (14, 28), (14, 27), (14, 10), (14, 24), (13, 26), (13, 25)  …  (3, 6), (3, 5), (3, 29), (2, 4), (2, 3), (2, 1), (2, 5), (1, 2), (1, 1), (1, 14)]
And data, a 53-element Vector{Float64}:
 2.0
 2.337761020151948
 0.0
 0.9999999999934615
 0.6193516846059247
 0.8816731133232998
 0.0
 0.0
 2.0
 0.9999999993452934
 0.0
 1.3417685057695936
 1.0
 0.6582314943652825
 1.9999999999743172
 0.0
 0.0
 0.0
 0.6582314950048705
 0.0
 0.0
 2.0
 0.9999999999563205
 0.40471881514318425
 0.17331414169204012
 0.0
 5.890886306636078
 2.1091136929952286
 0.0
 0.0
 1.216377676592421
 0.43591274543137365
 1.3477095781911215
 2.0
 5.999999999953709
 0.0
 2.0
 0.9999999999677514
 0.0
 0.0
 0.9744516190456832
 3.549117803849445
 0.0
 0.0
 4.995992513517317
 3.0040074865170205
 1.9959925126576696
 0.0
 0.0
 1.0040074873454683
 2.0
 0.0
 0.0
q_opt: 1-dimensional DenseAxisArray{Float64,1,...} with index sets:
    Dimension 1, [(43, 15), (43, 14), (44, 15), (44, 13), (44, 3), (40, 14), (40, 2), (41, 14), (42, 6), (37, 13)  …  (4, 13), (5, 2), (5, 7), (5, 9), (6, 11), (1, 1), (1, 6), (1, 3), (2, 1), (2, 15)]
And data, a 71-element Vector{Float64}:
 0.0
 0.0
 0.0
 0.7874078649131444
 0.17956355326462406
 0.9999999997855493
 0.0
 0.0
 0.0
 0.0
 0.0
 1.0
 0.0
 0.0
 0.3735584015468488
 0.0
 0.0
 0.0
 0.9356317745982159
 0.0
 0.08743798903498877
 0.0
 1.0
 0.2365821978135722
 0.28628167586104303
 0.0
 0.06436822547602179
 0.0
 1.0
 0.9999999999787399
 0.5554948440787011
 0.2125921352481418
 0.0
 0.0
 0.0
 0.0
 0.0
 0.0
 0.44450515600467166
 0.0
 0.0
 0.0
 1.0
 0.0
 0.0
 0.7634178022436937
 0.0
 0.725941217223335
 0.0
 0.0
 0.0
 0.0
 0.0
 0.0
 0.9125620110058713
 0.0
 0.0
 0.8204364467950023
 0.0
 0.0
 0.0
 0.0
 0.0
 0.27405878291032915
 0.0
 0.0
 0.0
 0.34015992266814066
 0.0
 0.0
 1.0

