objective value: -631.395851599
objective bound: -631.458997476
termination status: OPTIMAL
BARON solution time: 1073.57


w_opt: 1-dimensional DenseAxisArray{Float64,1,...} with index sets:
    Dimension 1, [(25, 1, 2), (25, 1, 1), (25, 1, 14), (20, 1, 2), (20, 1, 1), (20, 1, 14), (1, 1, 2), (1, 1, 1), (1, 1, 14), (2, 1, 2)  …  (20, 15, 23), (20, 15, 3), (8, 15, 30), (8, 15, 29), (8, 15, 23), (8, 15, 3), (2, 15, 30), (2, 15, 29), (2, 15, 23), (2, 15, 3)]
And data, a 261-element Vector{Float64}:
 1.3014867386199902
 0.0
 0.0
 0.698513261248498
 0.0
 0.0
 0.0
 0.0
 0.0
 0.0
 0.0
 0.0
 0.0
 0.0
 0.0
 0.0
 1.8916693995442264
 0.0
 0.010307659286312736
 1.0980229415202323
 0.0
 0.0
 0.0
 0.0
 0.0
 0.0
 0.0
 0.0
 0.0
 1.3631640758917283
 0.8615123097117446
 0.0
 0.0
 0.0
 0.0
 3.5388129836557725
 2.2365106307478793
 0.0
 0.0
 0.0
 0.0
 0.0
 0.0
 0.14170161539790294
 0.49945643495028064
 0.01491590057565172
 0.0
 0.0
 0.0
 0.8874431599304848
 3.127975610140936
 0.0934147003344708
 0.0
 0.0
 0.0
 0.0
 0.0
 0.0
 0.0
 2.0
 1.0
 0.0
 0.0
 0.0
 0.0
 0.0
 0.0
 0.0
 0.0
 0.0
 0.0
 0.0
 0.0
 0.0
 0.6898977932092807
 2.0696933795014574
 0.0
 0.5313533237589445
 1.5940599711759051
 0.0
 0.0
 0.0
 0.0
 0.0
 0.0
 0.0
 0.0
 0.0
 0.0
 0.0
 0.0
 0.0
 0.7787488832709791
 2.3362466496710192
 0.0
 0.0
 0.0
 0.0
 0.0
 0.0
 0.0
 1.2298360922024592
 0.3170029121377734
 1.0076595251268354
 0.21448193515879932
 0.05528492656777901
 0.17573460910870753
 0.0
 0.0
 0.0
 0.0
 0.0
 0.0
 0.0
 0.0
 0.0
 0.0
 0.0
 5.443583373523469
 1.8145277920276575
 0.0
 0.0
 0.0
 0.5564166261674394
 0.18547220881644322
 0.0
 0.0
 0.0
 0.0
 0.0
 0.0
 0.0
 0.0
 0.0
 0.0
 0.0
 0.0
 0.0
 0.0
 0.0
 0.0
 0.0
 0.0
 0.0
 0.0
 0.0
 0.0
 1.070801098756919
 0.0
 0.0
 0.0
 0.6091448749133038
 0.0
 0.5830578037413648
 0.29152890180216723
 0.0
 0.0
 1.4169421964926303
 0.7084710980775457
 0.0
 0.0
 0.0
 0.0
 0.0
 0.0
 0.0
 0.0
 0.0
 0.0
 0.0
 0.0
 0.0
 0.0
 2.0
 0.0
 0.0
 0.0
 0.6274320449806579
 0.0
 0.0
 0.0
 0.0
 0.0
 0.0
 0.0
 0.0
 0.0
 0.0
 0.0
 0.0
 0.0
 0.0
 0.0
 0.0
 1.3725679559065742
 1.0
 0.6274320443025275
 0.0
 0.0
 0.0
 0.0
 0.0
 0.0
 0.0
 0.0
 0.0
 1.5665175168752652
 0.783258757785435
 0.0
 0.43348248349052326
 0.2167412415664296
 0.0
 0.0
 0.0
 0.0
 0.0
 0.0
 0.0
 0.0
 0.0
 0.0
 0.0
 0.0
 0.0
 0.0
 0.09708176775395412
 0.5889864826928711
 0.0
 0.0
 0.0
 0.0
 0.0
 0.0
 0.06774674756464695
 0.4110135145351934
 0.0
 0.0
 0.0
 0.0
 0.0
 0.0
 0.0
 0.0
 0.0
 0.0
 0.0
 0.0
 0.0
 0.0
 0.19930288424759784
 0.22666169104106418
 0.0
 0.09965144212248594
 0.0
 0.0
 0.0
 0.0
 1.8006971160504284
 2.0478833255103477
 0.0
 0.9003485580156311
x_ij_opt: 1-dimensional DenseAxisArray{Float64,1,...} with index sets:
    Dimension 1, [(43, 30), (43, 22), (43, 6), (44, 22), (45, 30), (45, 29), (45, 28), (45, 24), (45, 23), (40, 29)  …  (5, 7), (5, 14), (6, 4), (6, 3), (1, 14), (1, 10), (1, 23), (1, 1), (3, 2), (3, 1)]
And data, a 116-element Vector{Float64}:
 0.0
 0.0
 1.2581111650214274
 0.0
 0.0
 0.0
 1.8351714847051819
 0.0
 0.0
 0.0
 0.0
 0.0
 0.0
 0.0
 0.0
 0.0
 0.0
 0.0
 0.21742543448726742
 0.0
 0.0
 0.0
 0.0
 0.0
 0.0
 0.0
 0.0
 1.9999999997490292
 0.0
 0.0
 0.0
 0.0
 0.0
 0.0
 0.0
 0.0
 0.0
 0.0
 0.0
 0.0
 0.0
 0.0
 0.0
 0.7418888353129184
 0.0
 0.0
 0.0
 0.0
 0.0
 0.0
 0.0
 0.0
 0.0
 0.0
 0.0
 0.37256795500257317
 0.0
 0.0
 0.6277121613835055
 0.3200540266095174
 0.0
 0.0
 0.0
 0.0
 6.0
 0.0
 0.0
 0.0
 0.0
 0.7825745658139048
 0.0
 0.0
 0.0
 0.0
 0.0
 0.0
 0.0
 0.9708552249083998
 0.0
 0.0
 0.0
 0.0
 0.0
 0.0
 0.0
 0.0
 0.0
 0.0
 0.0
 0.0
 0.0
 0.0
 0.0
 0.0
 0.0
 0.0
 0.0
 0.0
 0.0
 0.0
 0.0
 0.0
 0.0
 0.0
 0.0
 0.4769757125664376
 0.0
 0.0
 0.0
 0.0
 0.07870626067200162
 0.0
 0.0
 4.806298207365213
 0.0
 0.0
x_il_opt: 1-dimensional DenseAxisArray{Float64,1,...} with index sets:
    Dimension 1, [(43, 15), (43, 14), (44, 15), (44, 13), (44, 3), (40, 14), (40, 2), (41, 14), (42, 6), (37, 13)  …  (4, 13), (5, 2), (5, 7), (5, 9), (6, 11), (1, 1), (1, 6), (1, 3), (2, 1), (2, 15)]
And data, a 71-element Vector{Float64}:
 0.0
 0.0
 0.0
 2.3497762751441575
 2.224676385678097
 0.6860682503121728
 0.0
 0.0
 0.0
 0.6502237251912244
 0.0
 3.0
 0.0
 0.0
 2.7595911726887126
 0.0
 0.0
 0.0
 7.258111165646576
 0.0
 0.6560739509238352
 0.4787602620152966
 3.0
 0.874586705543532
 2.12541329491915
 0.0
 0.7418888350183087
 0.0
 2.6274320457491864
 1.0708010987160494
 1.301486738635641
 0.0
 0.0
 0.0
 0.0
 0.0
 0.0
 0.0
 0.6985132612555129
 0.525616017404525
 0.0
 0.0
 3.0
 0.0
 0.0
 2.1254132945701762
 0.0
 2.554498529467068
 0.0
 0.0
 0.0
 0.0
 0.0
 0.0
 4.108833470405892
 0.0
 0.0
 5.775323614601157
 0.0
 0.0
 0.0
 0.0
 0.0
 0.44550147083528585
 0.6091448748891235
 0.0
 0.0
 3.114995532917018
 0.0
 0.0
 4.748928999548723
x_lj_opt: 1-dimensional DenseAxisArray{Float64,1,...} with index sets:
    Dimension 1, [(15, 30), (15, 29), (15, 23), (15, 3), (14, 28), (14, 27), (14, 10), (14, 24), (13, 26), (13, 25)  …  (3, 6), (3, 5), (3, 29), (2, 4), (2, 3), (2, 1), (2, 5), (1, 2), (1, 1), (1, 14)]
And data, a 53-element Vector{Float64}:
 2.0
 2.2745450164291197
 0.0
 1.0
 0.16482851565857576
 0.9999999993002842
 0.0
 0.0
 2.0
 0.999999999261391
 0.0
 1.372567955792788
 1.0
 0.6274320442513653
 2.0
 0.0
 0.0
 0.0
 0.627432044945607
 0.0
 0.0
 2.0
 0.9999999998533298
 1.679945973750611
 0.0
 0.0
 5.999999999283299
 2.0000000007029843
 0.0
 0.0
 1.4443180272675915
 0.37228783868306314
 1.1833941341587944
 2.0
 6.0
 0.0
 2.0
 1.0
 0.0
 0.0
 1.0291447753471503
 3.627432045163571
 0.1083306009100598
 0.0
 4.901977059385692
 3.0980229403569237
 1.8916693994167113
 0.0
 0.010307659291829124
 1.098022941448609
 1.9999999998352178
 0.0
 0.0
q_opt: 1-dimensional DenseAxisArray{Float64,1,...} with index sets:
    Dimension 1, [(43, 15), (43, 14), (44, 15), (44, 13), (44, 3), (40, 14), (40, 2), (41, 14), (42, 6), (37, 13)  …  (4, 13), (5, 2), (5, 7), (5, 9), (6, 11), (1, 1), (1, 6), (1, 3), (2, 1), (2, 15)]
And data, a 71-element Vector{Float64}:
 0.0
 0.0
 0.0
 0.7832587583649658
 0.27808454820926837
 0.5889864831048728
 0.0
 0.0
 0.0
 0.21674124172409998
 0.0
 1.0
 0.0
 0.0
 0.34494889657513145
 0.0
 0.0
 0.0
 0.9072638956946861
 0.0
 0.1376887089080889
 0.41101351482266457
 1.0
 0.29152890184407604
 0.265676661855794
 0.0
 0.09273610436938905
 0.0
 1.0
 0.6374021042869804
 0.6507433693632084
 0.0
 0.0
 0.0
 0.0
 0.0
 0.0
 0.0
 0.3492566306526226
 0.0996514421143003
 0.0
 0.0
 1.0
 0.0
 0.0
 0.7084710981833591
 0.0
 0.8514995097936185
 0.0
 0.0
 0.0
 0.0
 0.0
 0.0
 0.8623112910720309
 0.0
 0.0
 0.7219154518239191
 0.0
 0.0
 0.0
 0.0
 0.0
 0.1485004902709122
 0.36259789566535944
 0.0
 0.0
 0.38937444160239626
 0.0
 0.0
 0.9003485579394586

