objective value: -623.325355832
objective bound: -638.088018201
termination status: TIME_LIMIT
BARON solution time: 7228.69


w_opt: 1-dimensional DenseAxisArray{Float64,1,...} with index sets:
    Dimension 1, [(25, 1, 2), (25, 1, 1), (25, 1, 14), (20, 1, 2), (20, 1, 1), (20, 1, 14), (1, 1, 2), (1, 1, 1), (1, 1, 14), (2, 1, 2)  …  (20, 15, 23), (20, 15, 3), (8, 15, 30), (8, 15, 29), (8, 15, 23), (8, 15, 3), (2, 15, 30), (2, 15, 29), (2, 15, 23), (2, 15, 3)]
And data, a 261-element Vector{Float64}:
 1.036290221741974
 1.3130560954922876
 0.0
 0.9637097785739226
 1.221091324122544
 0.0
 0.0
 0.0
 0.0
 0.0
 0.0
 0.0
 0.0
 0.0
 0.0
 0.0
 1.8935227574251507
 0.0
 0.0
 1.106477243040959
 0.0
 0.0
 0.0
 0.0
 0.0
 0.0
 0.0
 0.0
 0.0
 2.744261979441637
 1.0944128311028432
 0.0
 0.0
 0.0
 0.0
 0.0
 0.0
 0.0
 0.0
 0.0
 0.0
 2.1492607787205134
 0.8571261021137687
 0.0
 0.0
 0.0
 0.0
 0.0
 0.0
 1.5889897271185252
 3.0124667960956675
 0.10647724308084436
 0.0
 0.0
 0.0
 0.0
 0.0
 0.0
 0.0
 2.0
 1.0
 0.0
 0.0
 0.0
 0.0
 0.0
 0.0
 0.0
 0.0
 0.0
 0.0
 0.13597113650226406
 0.40791340947383964
 0.0
 0.7500000002273689
 2.2500000006215775
 0.0
 0.46849715257927693
 1.4054914576904447
 0.0
 0.0
 0.0
 0.0
 0.0
 0.0
 0.0
 0.0
 0.0
 0.0
 0.0
 0.0
 0.0
 0.6455317109838
 1.9365951328953939
 0.0
 0.0
 0.0
 0.0
 0.0
 0.0
 0.0
 0.9926078754668355
 0.8645253340490826
 1.1428667907097767
 0.0
 0.0
 0.0
 0.0
 0.0
 0.0
 0.0
 0.0
 0.0
 0.0
 0.0
 0.0
 0.0
 0.0
 5.474075947514945
 1.8246919821421836
 0.0
 0.0
 0.0
 0.5259240535595502
 0.17530801782353622
 0.0
 0.0
 0.0
 0.0
 0.0
 0.0
 0.0
 0.0
 0.0
 0.0
 0.0
 0.0
 0.0
 0.0
 0.0
 0.0
 0.0
 0.0
 0.0
 0.0
 0.0
 0.0
 0.33037791397803784
 0.1848011021773153
 0.0
 0.0
 0.0
 0.0
 0.7506742602089644
 0.375337130032239
 0.0
 0.0
 1.2493257400783968
 0.6246628699204554
 0.0
 0.0
 0.0
 0.0
 0.0
 0.0
 0.0
 0.0
 0.0
 0.0
 0.0
 0.0
 0.0
 0.0
 1.6935750765241677
 0.0
 0.0
 0.0
 0.31889171731807253
 0.0
 0.0
 0.0
 0.0
 0.0
 0.0
 0.0
 0.0
 0.0
 0.0
 0.0
 0.0
 0.0
 0.0
 0.0
 0.0
 1.6811082836537055
 1.0
 0.3188917166421555
 0.0
 0.0
 0.0
 0.0
 0.0
 0.0
 0.0
 0.0
 0.0
 1.4410393402441217
 0.7205196697620206
 0.0
 0.5589606601037969
 0.2794803299074086
 0.0
 0.0
 0.0
 0.0
 0.0
 0.0
 0.0
 0.0
 0.0
 0.0
 0.0
 0.0
 0.0
 0.0
 0.42791525992685325
 0.6742274570083059
 0.0
 0.0
 0.0
 0.0
 0.0
 0.0
 0.0
 0.0
 0.0
 0.0
 0.0
 0.0
 0.0
 0.0
 0.0
 0.0
 0.0
 0.0
 0.0
 0.0
 0.0
 0.0
 0.0
 0.0
 0.0
 0.0
 0.0
 0.0
 0.0
 0.0
 1.0123196508390782
 3.7295693517127324
 0.0
 0.9243968130746193
x_ij_opt: 1-dimensional DenseAxisArray{Float64,1,...} with index sets:
    Dimension 1, [(43, 30), (43, 22), (43, 6), (44, 22), (45, 30), (45, 29), (45, 28), (45, 24), (45, 23), (40, 29)  …  (5, 7), (5, 14), (6, 4), (6, 3), (1, 14), (1, 10), (1, 23), (1, 1), (3, 2), (3, 1)]
And data, a 116-element Vector{Float64}:
 0.0
 0.30642492421590123
 1.2987679290395133
 0.0
 0.9876803495571586
 0.0
 1.5720847403643754
 0.0
 0.0
 0.0
 0.0
 0.0
 0.0
 0.0
 0.0
 0.0
 0.0
 0.0
 0.0
 0.0
 0.0
 0.0
 0.0
 0.0
 0.0
 0.0
 0.0
 2.0
 0.0
 0.0
 0.0
 0.0
 0.0
 0.0
 0.0
 0.0
 0.0
 0.0
 0.0
 0.0
 0.0
 0.0
 0.0
 0.7012320716375943
 0.0
 0.0
 0.0
 0.0
 0.0
 0.0
 0.0
 0.0
 0.0
 0.0
 0.0
 0.9875332053448065
 0.0
 0.0
 0.13547466649755138
 1.6696220863963682
 0.0
 0.0
 0.0
 0.0
 6.0
 0.0
 0.0
 0.0
 0.0
 0.81519889810315
 0.0
 0.0
 0.0
 0.0
 0.0
 0.0
 0.3257725430844534
 0.4110102733025401
 0.0
 0.0
 0.0
 0.0
 0.0
 0.0
 0.0
 0.0
 0.0
 0.0
 0.0
 0.0
 0.0
 0.0
 0.0
 0.0
 0.0
 0.0
 0.0
 0.0
 0.0
 0.07560318749022508
 0.0
 0.0
 0.0
 0.0
 0.0
 0.9188916395904999
 0.0
 0.0
 0.0
 0.0
 0.08850048554984986
 0.0
 0.0
 2.3229857908700984
 0.0
 0.0
x_il_opt: 1-dimensional DenseAxisArray{Float64,1,...} with index sets:
    Dimension 1, [(43, 15), (43, 14), (44, 15), (44, 13), (44, 3), (40, 14), (40, 2), (41, 14), (42, 6), (37, 13)  …  (4, 13), (5, 2), (5, 7), (5, 9), (6, 11), (1, 1), (1, 6), (1, 3), (2, 1), (2, 15)]
And data, a 71-element Vector{Float64}:
 0.0
 0.0
 0.0
 2.1615590102387667
 3.8386748105893043
 1.1021427169351592
 0.0
 0.0
 0.5438845459779912
 0.8384409901109732
 0.0
 3.0
 0.0
 0.0
 3.0
 0.0
 0.0
 0.0
 7.2987679296800225
 0.0
 0.0
 0.0
 3.0
 1.1260113902412034
 1.8739886102697216
 0.0
 0.7012320714088839
 0.0
 2.012466795608248
 0.5151790161553531
 2.3493463172342617
 0.0
 0.0
 0.0
 0.0
 0.0
 0.0
 0.0
 2.1848011026964667
 0.0
 0.0
 0.0
 3.0
 0.0
 0.0
 1.873988609998852
 0.0
 3.0
 0.0
 0.0
 0.0
 0.0
 0.0
 0.0
 4.707933766295037
 0.0
 0.0
 0.0
 0.0
 0.0
 0.0
 0.0
 0.0
 0.0
 0.0
 0.0
 0.0
 2.582126843879194
 3.006386880873723
 0.0
 5.66628581562643
x_lj_opt: 1-dimensional DenseAxisArray{Float64,1,...} with index sets:
    Dimension 1, [(15, 30), (15, 29), (15, 23), (15, 3), (14, 28), (14, 27), (14, 10), (14, 24), (13, 26), (13, 25)  …  (3, 6), (3, 5), (3, 29), (2, 4), (2, 3), (2, 1), (2, 5), (1, 2), (1, 1), (1, 14)]
And data, a 53-element Vector{Float64}:
 1.012319650738434
 3.7295693513415937
 0.0
 0.9243968129827171
 0.42791526002296765
 0.6742274571597493
 0.0
 0.0
 2.0
 0.9999999996066815
 0.0
 1.6811082834963238
 1.0
 0.31889171662921073
 1.6935750763499298
 0.0
 0.0
 0.0
 0.3188917172848723
 0.0
 0.0
 2.0
 0.999999999909133
 0.33037791398721
 0.18480110218244586
 0.0
 6.0
 1.999999999781341
 0.0
 0.0
 0.9926078754347835
 0.8645253340237533
 1.1428667906698649
 2.0
 6.0
 0.0
 2.0
 0.9999999999852918
 0.0
 0.0
 1.5889897269806803
 3.0124667958343174
 0.10647724307110248
 0.0
 4.893522757898564
 1.9515389331114696
 1.8935227572942241
 0.0
 0.0
 1.1064772429659164
 2.0
 2.534147419432638
 0.0
q_opt: 1-dimensional DenseAxisArray{Float64,1,...} with index sets:
    Dimension 1, [(43, 15), (43, 14), (44, 15), (44, 13), (44, 3), (40, 14), (40, 2), (41, 14), (42, 6), (37, 13)  …  (4, 13), (5, 2), (5, 7), (5, 9), (6, 11), (1, 1), (1, 6), (1, 3), (2, 1), (2, 15)]
And data, a 71-element Vector{Float64}:
 0.0
 0.0
 0.0
 0.720519670056841
 0.5607947720304688
 0.9999999997753521
 0.0
 0.0
 0.0679855682386621
 0.27948033002881034
 0.0
 1.0
 0.0
 0.0
 0.3750000000867438
 0.0
 0.0
 0.0
 0.9123459911760673
 0.0
 0.0
 0.0
 1.0
 0.37533713006934405
 0.2342485762694571
 0.0
 0.08765400891603035
 0.0
 1.0
 0.9999999999722373
 0.5181451108256027
 0.0
 0.0
 0.0
 0.0
 0.0
 0.0
 0.0
 0.481854889244755
 0.0
 0.0
 0.0
 1.0
 0.0
 0.0
 0.6246628699801878
 0.0
 1.0
 0.0
 0.0
 0.0
 0.0
 0.0
 0.0
 1.0
 0.0
 0.0
 0.0
 0.0
 0.0
 0.0
 0.0
 0.0
 0.0
 0.0
 0.0
 0.0
 0.3227658554673792
 0.4392052280233952
 0.0
 1.0

