objective value: -622.797606769
objective bound: -622.859892547
termination status: OPTIMAL
BARON solution time: 881.77


w_opt: 1-dimensional DenseAxisArray{Float64,1,...} with index sets:
    Dimension 1, [(25, 1, 2), (25, 1, 1), (25, 1, 14), (20, 1, 2), (20, 1, 1), (20, 1, 14), (1, 1, 2), (1, 1, 1), (1, 1, 14), (2, 1, 2)  …  (20, 15, 23), (20, 15, 3), (8, 15, 30), (8, 15, 29), (8, 15, 23), (8, 15, 3), (2, 15, 30), (2, 15, 29), (2, 15, 23), (2, 15, 3)]
And data, a 261-element Vector{Float64}:
 1.2489417416487234
 0.0
 0.0
 0.75105811926515
 0.0
 0.0
 0.0
 0.0
 0.0
 0.0
 0.0
 0.0
 0.0
 0.0
 0.0
 0.0
 1.9824479730638718
 0.0
 0.0
 1.0175520152719075
 0.0
 0.0
 0.0
 0.0
 0.0
 0.0
 0.0
 0.0
 0.0
 0.5422770721224516
 0.3049439329081351
 0.0
 0.0
 0.0
 1.1015126547085455e-8
 4.440170900334159
 2.4968844282083285
 0.0
 0.0
 0.0
 0.0
 0.0
 0.0
 0.0
 0.0
 0.0
 0.0
 0.0
 0.0
 0.9898601007780357
 0.1453708723259655
 0.017552017163090124
 0.0
 0.0
 0.0
 0.0
 0.0
 0.0
 0.0
 1.8815940858832856
 0.9999999946488994
 0.0
 1.0362512165151627e-8
 0.0
 0.0
 0.0
 0.0
 0.0
 0.0
 0.0
 0.0
 0.12758328948441622
 0.38274986839841657
 0.0
 0.7499999944232716
 2.249999982976799
 0.0
 0.4915147762008969
 1.4745443284122521
 0.0
 0.0
 0.0
 0.0
 0.0
 0.0
 0.0
 0.0
 0.0
 0.0
 0.0
 0.0
 0.0
 0.6309019356526776
 1.8927058067125373
 0.0
 0.0
 0.0
 0.0
 0.0
 0.0
 0.0
 1.561840710218418
 0.9145514659764646
 0.5236077216030858
 4.91251203366174e-8
 2.878232381535347e-8
 1.6485076591947747e-8
 0.0
 0.0
 0.0
 0.0
 0.0
 0.0
 0.0
 0.0
 0.0
 0.0
 0.0
 4.469467348357312
 2.778881601434475
 0.0
 0.0
 0.0
 0.46348206013614984
 0.28816896265583136
 0.0
 0.0
 0.0
 0.0
 0.0
 0.0
 0.0
 0.0
 0.0
 0.0
 0.0
 0.0
 0.0
 0.0
 0.0
 0.0
 0.0
 0.0
 0.0
 0.0
 0.0
 0.0
 1.86811876140366e-8
 0.19484777220607044
 0.0
 0.0
 0.0
 0.0
 0.6892939315112008
 0.3446469594676919
 0.0
 0.0
 1.3107060633770766
 0.6553530197315004
 0.0
 0.0
 0.0
 0.0
 0.0
 0.0
 0.0
 0.0
 0.0
 0.0
 0.0
 0.0
 0.0
 0.0
 1.999999970429271
 0.0
 0.0
 0.0
 0.5502566807116145
 0.0
 0.0
 0.0
 0.0
 0.0
 0.0
 0.0
 0.0
 0.0
 0.0
 0.0
 0.0
 0.0
 0.0
 0.0
 0.0
 1.4497433116135725
 0.9999999947959071
 0.5502566873205478
 0.0
 0.0
 0.0
 0.0
 0.0
 0.0
 0.0
 0.0
 0.0
 1.455166248130623
 0.7275829924586509
 9.43097618812313e-8
 0.2756927975755875
 0.13784637383322051
 1.7905609705839106e-8
 0.0
 0.0
 0.0
 0.26914094505846886
 0.1345704481931864
 1.7462442373083037e-8
 0.0
 0.0
 0.0
 1.383536370002724e-8
 1.5582434130143568e-8
 0.0
 0.0
 0.8412833522916102
 0.9474943904715739
 0.0
 0.0
 0.0
 0.0
 0.0
 0.0
 2.3514555532044512e-8
 2.648379284163412e-8
 0.0
 0.0
 0.0
 0.0
 0.0
 0.0
 0.0
 0.0
 0.0
 0.0
 0.0
 0.0
 0.0
 0.0
 0.0
 0.0
 0.0
 0.0
 0.0
 0.0
 0.0
 0.0
 1.6245034390278372
 2.6479149400105033
 0.0
 0.9999999946558045
x_ij_opt: 1-dimensional DenseAxisArray{Float64,1,...} with index sets:
    Dimension 1, [(43, 30), (43, 22), (43, 6), (44, 22), (45, 30), (45, 29), (45, 28), (45, 24), (45, 23), (40, 29)  …  (5, 7), (5, 14), (6, 4), (6, 3), (1, 14), (1, 10), (1, 23), (1, 1), (3, 2), (3, 1)]
And data, a 116-element Vector{Float64}:
 0.0
 0.0
 1.2483489385950937
 0.0
 0.37549655802525905
 0.0
 1.158716603758604
 0.0
 0.0
 0.0
 0.0
 0.0
 0.0
 0.0
 0.0
 0.0
 0.0
 0.0
 1.4321668789112888e-8
 0.0
 0.0
 0.0
 0.0
 0.0
 0.0
 0.0
 0.0
 1.9999999502452903
 0.0
 0.0
 0.0
 0.0
 0.0
 0.0
 0.0
 0.0
 0.0
 0.0
 0.0
 0.0
 0.0
 0.0
 0.0
 0.7516510310279402
 0.0
 0.0
 0.0
 0.0
 0.0
 0.0
 0.0
 0.0
 0.0
 0.0
 0.0
 0.44974333450061926
 0.0
 1.0670505645162711
 0.08544848559522927
 1.9999999791653607
 0.0
 0.0
 0.0
 0.0
 5.999999994069716
 0.0
 0.0
 0.0
 0.0
 0.8051522030107371
 0.0
 0.0
 0.0
 0.0
 0.0
 0.0
 0.05250555819487193
 1.0101398800961559
 0.0
 0.0
 0.0
 0.0
 0.0
 0.0
 0.0
 0.0
 0.0
 0.11840591035567831
 3.880597017516536e-8
 0.0
 0.0
 0.0
 0.0
 0.0
 0.0
 0.0
 0.0
 1.8114155298836612e-7
 0.0
 0.0
 0.0
 0.0
 0.0
 0.0
 0.0
 0.4381592324159472
 0.0
 0.0
 0.0
 0.0
 0.0
 0.0
 0.0
 5.4763922382659835
 0.0
 0.0
x_il_opt: 1-dimensional DenseAxisArray{Float64,1,...} with index sets:
    Dimension 1, [(43, 15), (43, 14), (44, 15), (44, 13), (44, 3), (40, 14), (40, 2), (41, 14), (42, 6), (37, 13)  …  (4, 13), (5, 2), (5, 7), (5, 9), (6, 11), (1, 1), (1, 6), (1, 3), (2, 1), (2, 15)]
And data, a 71-element Vector{Float64}:
 0.0
 2.9293753407902243e-8
 0.0
 2.182749334899036
 0.8472210064247306
 1.7887777433951275
 0.0
 0.0
 0.5103331586316989
 0.4135391893144177
 0.0
 2.9999999937254644
 0.0
 0.0
 2.999999981609609
 0.0
 0.0
 0.0
 7.2483489590721035
 0.0
 0.0
 4.9874262216089286e-8
 2.9999999958244254
 1.033940890978892
 1.9660591073885791
 0.0
 0.7516510239325126
 0.0
 2.5502566632326418
 0.19484779088725773
 1.248941747176685
 0.4037114107140973
 0.0
 0.0
 0.0
 0.0
 0.0
 0.0
 0.7510581226161462
 0.0
 0.0
 0.0
 2.8815940921109493
 0.0
 0.0
 1.966059083108577
 0.0
 2.999999897797911
 0.0
 0.0
 0.0
 0.0
 0.0
 0.0
 1.152782990267091
 0.0
 0.0
 6.937055339557614
 0.0
 0.0
 0.0
 0.0
 0.0
 9.439256736636984e-8
 0.0
 0.0
 0.0
 2.5236077459142767
 0.0
 0.0
 5.272418375102767
x_lj_opt: 1-dimensional DenseAxisArray{Float64,1,...} with index sets:
    Dimension 1, [(15, 30), (15, 29), (15, 23), (15, 3), (14, 28), (14, 27), (14, 10), (14, 24), (13, 26), (13, 25)  …  (3, 6), (3, 5), (3, 29), (2, 4), (2, 3), (2, 1), (2, 5), (1, 2), (1, 1), (1, 14)]
And data, a 53-element Vector{Float64}:
 1.6245034417124153
 2.6479149443941825
 0.0
 0.9999999963121008
 0.8412833938314157
 0.9474944372573527
 0.0
 0.0
 1.9999999963151898
 0.9999998172779031
 1.2958069341848907e-7
 1.449743313816209
 0.999999996322835
 0.5502566881514861
 1.9999999812389053
 0.0
 0.0
 0.0
 0.5502566836742043
 0.0
 0.0
 1.9999999977032143
 0.9999999806066853
 1.861827458361579e-8
 0.1948477786892467
 0.0
 4.932949419188648
 3.0670505707958227
 0.0
 0.0
 1.5618407622712804
 0.9145514964715606
 0.5236077390641786
 1.999999996905353
 5.999999989885046
 1.1083252435460493e-8
 1.881594088614123
 0.9999999961166198
 0.0
 1.0265944260346961e-8
 0.9898601176001645
 0.14537087478863053
 0.01755201740976357
 1.2287332929325873e-8
 4.982447979548685
 2.8018283651137112
 1.9824479755978148
 0.0
 0.0
 1.0175520165889789
 1.9999998680162088
 0.0
 0.0
q_opt: 1-dimensional DenseAxisArray{Float64,1,...} with index sets:
    Dimension 1, [(43, 15), (43, 14), (44, 15), (44, 13), (44, 3), (40, 14), (40, 2), (41, 14), (42, 6), (37, 13)  …  (4, 13), (5, 2), (5, 7), (5, 9), (6, 11), (1, 1), (1, 6), (1, 3), (2, 1), (2, 15)]
And data, a 71-element Vector{Float64}:
 0.0
 1.6449145333552933e-8
 0.0
 0.7275831254089176
 0.10883747795254983
 0.9999999506161659
 0.0
 0.0
 0.06379164484025339
 0.13784639904487717
 0.0
 0.9999999984824501
 0.0
 0.0
 0.3749999977964071
 0.0
 0.0
 0.0
 0.90604361987191
 0.0
 0.0
 2.7956285028085618e-8
 0.9999999987339903
 0.34464696615200197
 0.24575738848398804
 0.0
 0.09395637797913255
 0.0
 0.9999999945972553
 0.9999999667315272
 0.62447091202138
 0.1345704727799843
 1.7684793891375816e-8
 0.0
 0.0
 0.0
 0.0
 0.0
 0.37552908442921057
 0.0
 0.0
 0.0
 0.9999999985583023
 0.0
 0.0
 0.6553530324418964
 0.0
 0.9999999666683356
 0.0
 0.0
 0.0
 0.0
 0.0
 0.0
 0.9999999830079803
 0.0
 0.0
 0.8911625206245707
 0.0
 0.0
 0.0
 0.0
 0.0
 3.145816112620938e-8
 1.558372752217533e-8
 0.0
 0.0
 0.31545096831847375
 0.0
 0.0
 0.9999999983448338

