objective value: -615.219195382
objective bound: -634.825959928
termination status: TIME_LIMIT
BARON solution time: 7228.12


w_opt: 1-dimensional DenseAxisArray{Float64,1,...} with index sets:
    Dimension 1, [(25, 1, 2), (25, 1, 1), (25, 1, 14), (20, 1, 2), (20, 1, 1), (20, 1, 14), (1, 1, 2), (1, 1, 1), (1, 1, 14), (2, 1, 2)  …  (20, 15, 23), (20, 15, 3), (8, 15, 30), (8, 15, 29), (8, 15, 23), (8, 15, 3), (2, 15, 30), (2, 15, 29), (2, 15, 23), (2, 15, 3)]
And data, a 261-element Vector{Float64}:
 1.0218551290674958
 1.3466322165661049
 0.0
 0.9781448712482154
 1.2890294902111277
 0.0
 0.0
 0.0
 0.0
 0.0
 0.0
 0.0
 0.0
 0.0
 0.0
 0.0
 1.8887354604086588
 0.0
 0.0
 1.1112645397450276
 0.0
 0.0
 0.0
 0.0
 0.0
 0.0
 0.0
 0.0
 0.0
 2.7356686390172875
 1.5847694077760601
 0.0
 0.0
 0.0
 0.0
 0.0
 0.0
 0.0
 0.0
 0.0
 0.0
 2.1530668224142406
 1.2472689069099072
 0.4259694189572936
 1.158407655794901
 0.042523786528372805
 0.0
 0.0
 0.0
 0.6885901098586162
 1.8725946499106245
 0.06874075352332634
 0.0
 0.0
 0.0
 0.0
 0.0
 0.0
 0.0
 2.0
 0.9999999999824687
 0.0
 0.0
 0.0
 0.0
 0.0
 0.0
 0.0
 0.0
 0.0
 0.0
 0.21997349077764553
 0.6599204723294452
 0.0
 0.7500000003083792
 2.2500000008021837
 0.0
 0.5215943872888581
 1.564783161795314
 0.0
 0.0
 0.0
 0.0
 0.0
 0.0
 0.0
 0.0
 0.0
 0.0
 0.0
 0.0
 0.0
 0.5084321218609487
 1.5252963655145597
 0.0
 0.0
 0.0
 0.0
 0.0
 0.0
 0.0
 0.9407969757794639
 0.7136002883648804
 0.6849126478300229
 0.2657088032842742
 0.20154176036393817
 0.19343952488490146
 0.0
 0.0
 0.0
 0.0
 0.0
 0.0
 0.0
 0.0
 0.0
 0.0
 0.0
 5.037908549103295
 1.6793028486565587
 0.0
 0.0
 0.0
 0.9620914518226485
 0.32069715031167606
 0.0
 0.0
 0.0
 0.0
 0.0
 0.0
 0.0
 0.0
 0.0
 0.0
 0.0
 0.0
 0.0
 0.0
 0.0
 0.0
 0.0
 0.0
 0.0
 0.0
 0.0
 0.0
 0.5466547025192584
 0.0
 0.0
 0.0
 0.422195399316412
 0.0
 0.6090816342677262
 0.304540817079378
 0.0
 0.0
 1.3909183660234683
 0.6954591828923297
 0.0
 0.0
 0.0
 0.0
 0.0
 0.0
 0.0
 0.0
 0.0
 0.0
 0.0
 0.0
 0.0
 0.0
 1.5101792337422062
 0.0
 0.0
 0.0
 0.5208230690764782
 0.0
 0.0
 0.0
 0.0
 0.0
 0.0
 0.0
 0.0
 0.0
 0.0
 0.0
 0.0
 0.0
 0.0
 0.0
 0.0
 1.4791769318931782
 0.9200503379516267
 0.6007727305442447
 0.0
 0.0
 0.0
 0.0
 0.0
 0.0
 0.0
 0.0
 0.0
 1.4622153056507197
 0.7311076523918529
 0.0
 0.5377846948201688
 0.2688923472393459
 0.0
 0.0
 0.0
 0.0
 0.0
 0.0
 0.0
 0.0
 0.0
 0.0
 0.0
 0.0
 0.0
 0.0
 0.6401926373984633
 0.8362540654094023
 0.0
 0.0
 0.0
 0.0
 0.0
 0.0
 0.0
 0.0
 0.0
 0.0
 0.0
 0.0
 0.0
 0.0
 0.0
 0.0
 0.0
 0.0
 0.0
 0.0
 0.0
 0.0
 0.0
 0.0
 0.0
 0.0
 0.0
 0.0
 0.0
 0.0
 1.4863017483559424
 2.5671889562999706
 0.0
 1.0
x_ij_opt: 1-dimensional DenseAxisArray{Float64,1,...} with index sets:
    Dimension 1, [(43, 30), (43, 22), (43, 6), (44, 22), (45, 30), (45, 29), (45, 28), (45, 24), (45, 23), (40, 29)  …  (5, 7), (5, 14), (6, 4), (6, 3), (1, 14), (1, 10), (1, 23), (1, 1), (3, 2), (3, 1)]
And data, a 116-element Vector{Float64}:
 0.0
 0.4898207669866913
 1.37059194593172
 0.0
 0.5136982520875393
 0.0
 1.3598073629390341
 0.0
 0.0
 0.0
 0.0
 0.0
 0.0
 0.0
 0.0
 0.0
 0.0
 0.0
 0.26717436092910984
 0.0
 0.0
 0.0
 0.0
 0.0
 0.0
 0.0
 0.0
 2.0
 0.0
 0.0
 0.0
 0.0
 0.0
 0.0
 0.0
 0.0
 0.0
 0.0
 0.0
 0.0
 0.0
 0.0
 0.0
 0.6294080548957862
 0.0
 0.0
 0.0
 0.0
 0.0
 0.0
 0.0
 0.0
 0.0
 0.0
 0.0
 0.968997696351156
 0.0
 0.0
 0.08485795198006464
 1.0311498985920906
 0.0
 0.0
 0.0
 0.0
 6.0
 0.0
 0.0
 0.0
 0.0
 0.73282563941473
 0.0
 0.0
 0.0
 0.0
 0.0
 0.0
 0.1637459347881276
 0.8854404715117632
 0.0
 0.0
 0.0
 0.0
 0.0
 0.0
 0.0
 0.0
 0.0
 0.0
 0.0
 0.0
 0.0
 0.0
 0.0
 0.0
 0.0
 0.0
 0.0
 0.0
 0.0
 0.0
 0.0
 0.0
 0.0
 0.0
 0.0
 0.7934942217528379
 0.0
 0.0
 0.0
 0.0
 0.0
 0.0
 0.0799496626174496
 2.485986121802919
 0.0
 0.0
x_il_opt: 1-dimensional DenseAxisArray{Float64,1,...} with index sets:
    Dimension 1, [(43, 15), (43, 14), (44, 15), (44, 13), (44, 3), (40, 14), (40, 2), (41, 14), (42, 6), (37, 13)  …  (4, 13), (5, 2), (5, 7), (5, 9), (6, 11), (1, 1), (1, 6), (1, 3), (2, 1), (2, 15)]
And data, a 71-element Vector{Float64}:
 0.0
 0.0
 0.0
 2.193322958370668
 4.32043804685188
 1.4764467030106405
 0.0
 0.0
 0.8798939631824559
 0.8066770422451155
 0.0
 3.0
 0.0
 0.0
 3.0
 0.0
 0.0
 0.0
 6.717211398238574
 0.0
 1.6269008612805673
 0.0
 3.0
 0.9136224513471043
 2.086377549139962
 0.0
 1.2827886025572177
 0.0
 2.0310023045090064
 0.5466547025192584
 2.368487345651081
 0.0
 0.0
 0.0
 0.0
 0.0
 0.0
 0.0
 2.2671743614789266
 0.0
 0.0
 0.0
 3.0
 0.0
 0.0
 2.086377548915798
 0.0
 2.339309911974367
 0.0
 0.0
 0.0
 0.0
 0.0
 0.0
 2.629925513292567
 0.0
 0.0
 0.0
 0.0
 0.0
 0.0
 0.0
 0.0
 0.6606900885331138
 0.422195399316412
 0.0
 0.0
 2.0337284874321444
 3.4003357293915077
 0.0
 5.053490704758308
x_lj_opt: 1-dimensional DenseAxisArray{Float64,1,...} with index sets:
    Dimension 1, [(15, 30), (15, 29), (15, 23), (15, 3), (14, 28), (14, 27), (14, 10), (14, 24), (13, 26), (13, 25)  …  (3, 6), (3, 5), (3, 29), (2, 4), (2, 3), (2, 1), (2, 5), (1, 2), (1, 1), (1, 14)]
And data, a 53-element Vector{Float64}:
 1.4863017482090568
 2.5671889560461953
 0.0
 0.9999999999978825
 0.6401926374481778
 0.8362540654738135
 0.0
 0.0
 2.0
 0.9999999995303659
 0.0
 1.479176931760269
 0.9200503378720315
 0.6007727304994286
 1.5101792335950055
 0.0
 0.0
 0.0
 0.5208230690255808
 0.0
 0.0
 2.0
 0.999999999931741
 0.968850101792749
 0.0
 0.0
 6.0
 1.9999999990139306
 0.0
 0.0
 1.2065057789192064
 0.9151420486248958
 0.8783521726162112
 2.0
 6.0
 0.0
 2.0
 0.9999999999404026
 0.0
 0.0
 1.1145595287645735
 3.0310023055666226
 0.11126454004536562
 0.0
 4.888735461149561
 2.832038314539425
 1.888735460323185
 0.0
 0.0
 1.111264539726519
 2.0
 2.635661706582084
 0.0
q_opt: 1-dimensional DenseAxisArray{Float64,1,...} with index sets:
    Dimension 1, [(43, 15), (43, 14), (44, 15), (44, 13), (44, 3), (40, 14), (40, 2), (41, 14), (42, 6), (37, 13)  …  (4, 13), (5, 2), (5, 7), (5, 9), (6, 11), (1, 1), (1, 6), (1, 3), (2, 1), (2, 15)]
And data, a 71-element Vector{Float64}:
 0.0
 0.0
 0.0
 0.7311076527652058
 0.5595861467158576
 0.9999999999222668
 0.0
 0.0
 0.10998674538639468
 0.2688923473932841
 0.0
 1.0
 0.0
 0.0
 0.37500000013139156
 0.0
 0.0
 0.0
 0.839651424769411
 0.0
 0.38218633277413805
 0.0
 1.0
 0.3045408171057125
 0.26079719363046244
 0.0
 0.16034857529937963
 0.0
 1.0
 0.5642304227534595
 0.5109275644920627
 0.0
 0.0
 0.0
 0.0
 0.0
 0.0
 0.0
 0.4890724355841589
 0.0
 0.0
 0.0
 1.0
 0.0
 0.0
 0.6954591829464005
 0.0
 0.7797699706262327
 0.0
 0.0
 0.0
 0.0
 0.0
 0.0
 0.6178136672714015
 0.0
 0.0
 0.0
 0.0
 0.0
 0.0
 0.0
 0.0
 0.22023002950326265
 0.4357695772908349
 0.0
 0.0
 0.25421606091701543
 0.44041385334205113
 0.0
 1.0

