objective value: -624.580507646
objective bound: -624.642971934
termination status: OPTIMAL
BARON solution time: 1050.65


w_opt: 1-dimensional DenseAxisArray{Float64,1,...} with index sets:
    Dimension 1, [(25, 1, 2), (25, 1, 1), (25, 1, 14), (20, 1, 2), (20, 1, 1), (20, 1, 14), (1, 1, 2), (1, 1, 1), (1, 1, 14), (2, 1, 2)  …  (20, 15, 23), (20, 15, 3), (8, 15, 30), (8, 15, 29), (8, 15, 23), (8, 15, 3), (2, 15, 30), (2, 15, 29), (2, 15, 23), (2, 15, 3)]
And data, a 261-element Vector{Float64}:
 1.1449650471756776
 0.0
 0.0
 0.8550349530835428
 0.0
 0.0
 0.0
 0.0
 0.0
 0.0
 0.0
 0.0
 0.0
 0.0
 0.0
 0.0
 1.8603317544652667
 0.0
 0.0
 1.1396682460337224
 0.0
 0.0
 0.0
 0.0
 0.0
 0.0
 0.0
 0.0
 0.0
 1.4164829786422557
 0.9150170919073105
 0.0
 0.0
 0.0
 0.0
 3.4438487765190535
 2.2246511535728444
 0.0
 0.0
 0.0
 0.0
 0.0
 0.0
 0.2853268332141153
 0.9838033320599564
 0.03784976803500513
 0.0
 0.0
 0.0
 0.7675487963975388
 2.6464985956947458
 0.10181847803035839
 0.0
 0.0
 0.0
 0.0
 0.0
 0.0
 0.0
 2.0
 1.0
 0.0
 0.0
 0.0
 0.0
 0.0
 0.0
 0.0
 0.0
 0.0
 0.0
 0.07512702571731517
 0.22538107712302288
 0.0
 0.7500000000847519
 2.250000000248398
 0.0
 0.5585064761666251
 1.6755194284817507
 0.0
 0.0
 0.0
 0.0
 0.0
 0.0
 0.0
 0.0
 0.0
 0.0
 0.0
 0.0
 0.0
 0.616366498324904
 1.8490994949601107
 0.0
 0.0
 0.0
 0.0
 0.0
 0.0
 0.0
 1.95214332095749
 0.4656675534282633
 0.5821891259164891
 0.0
 0.0
 0.0
 0.0
 0.0
 0.0
 0.0
 0.0
 0.0
 0.0
 0.0
 0.0
 0.0
 0.0
 4.814167201996078
 1.7737484758558248
 0.0
 0.0
 0.0
 1.0318908693160482
 0.38019345401423627
 0.0
 0.0
 0.0
 0.0
 0.0
 0.0
 0.0
 0.0
 0.0
 0.0
 0.0
 0.0
 0.0
 0.0
 0.0
 0.0
 0.0
 0.0
 0.0
 0.0
 0.0
 0.0
 1.1667605755892472
 0.0
 0.0
 0.0
 0.8332394246408041
 0.0
 0.5106493972792467
 0.25532469860650264
 0.0
 0.0
 1.4893506029906378
 0.74467530139116
 0.0
 0.0
 0.0
 0.0
 0.0
 0.0
 0.0
 0.0
 0.0
 0.0
 0.0
 0.0
 0.0
 0.0
 2.0
 0.0
 0.0
 0.0
 0.7842438563340346
 0.0
 0.0
 0.0
 0.0
 0.0
 0.0
 0.0
 0.0
 0.0
 0.0
 0.0
 0.0
 0.0
 0.0
 0.0
 0.0
 1.2157561446416416
 0.9311335478611966
 0.8531103078092691
 0.0
 0.0
 0.0
 0.0
 0.0
 0.0
 0.0
 0.0
 0.0
 1.4359407586340935
 0.7179703789923206
 0.0
 0.5640592415609206
 0.2820296206539611
 0.0
 0.0
 0.0
 0.0
 0.0
 0.0
 0.0
 0.0
 0.0
 0.0
 0.0
 0.0
 0.0
 0.0
 0.0
 0.46525547654175103
 0.0
 0.0
 0.0
 0.0
 0.0
 0.0
 0.0
 0.5347445235679629
 0.0
 0.0
 0.0
 0.0
 0.0
 0.0
 0.0
 0.0
 0.0
 0.0
 0.0
 0.0
 0.0
 0.0
 0.43109866659855867
 0.43265524485623486
 0.0
 0.21554933329652207
 0.0
 0.0
 0.0
 0.0
 1.568901333739181
 1.574566203277701
 0.0
 0.7844506668642202
x_ij_opt: 1-dimensional DenseAxisArray{Float64,1,...} with index sets:
    Dimension 1, [(43, 30), (43, 22), (43, 6), (44, 22), (45, 30), (45, 29), (45, 28), (45, 24), (45, 23), (40, 29)  …  (5, 7), (5, 14), (6, 4), (6, 3), (1, 14), (1, 10), (1, 23), (1, 1), (3, 2), (3, 1)]
And data, a 116-element Vector{Float64}:
 0.0
 0.0
 1.5862359402325052
 0.0
 0.0
 0.0
 1.9742996651843583
 0.0
 0.0
 0.0
 0.0
 0.0
 0.0
 0.0
 0.0
 0.0
 0.0
 0.0
 0.2511532543359014
 0.0
 0.0
 0.0
 0.0
 0.0
 0.0
 0.0
 0.0
 2.0
 0.025700335057820503
 0.0
 0.0
 0.0
 0.0
 0.0
 0.0
 0.0
 0.0
 0.0
 0.0
 0.0
 0.0
 0.0
 0.0
 0.4137640606122782
 0.0
 0.0
 0.0
 0.0
 0.0
 0.0
 0.0
 0.0
 0.0
 0.0
 0.0
 0.2157561436489664
 0.0
 0.15394193017040536
 0.5343324472409495
 0.0
 0.0
 0.0
 0.0
 0.0
 6.0
 0.0
 0.0
 0.0
 0.0
 0.7488467460334093
 0.0
 0.0
 0.0
 0.0
 0.0
 0.0
 0.0
 0.9471243707114664
 0.0
 0.0
 0.0
 0.0
 0.0
 0.0
 0.0
 0.0
 0.0
 0.0
 0.0
 0.0
 0.0
 0.0
 0.0
 0.0
 0.0
 0.0
 0.0
 0.0
 0.0
 0.0
 0.0
 0.0
 0.0
 0.0
 0.0
 0.0
 0.0
 0.0
 0.0
 0.0
 0.04785667983877696
 0.0
 0.06886645271419367
 5.417810875250806
 0.0
 0.0
x_il_opt: 1-dimensional DenseAxisArray{Float64,1,...} with index sets:
    Dimension 1, [(43, 15), (43, 14), (44, 15), (44, 13), (44, 3), (40, 14), (40, 2), (41, 14), (42, 6), (37, 13)  …  (4, 13), (5, 2), (5, 7), (5, 9), (6, 11), (1, 1), (1, 6), (1, 3), (2, 1), (2, 15)]
And data, a 71-element Vector{Float64}:
 0.0
 0.0
 0.0
 2.153911137851041
 2.3315000705495663
 0.4652554765703351
 0.0
 0.0
 0.3005081028430572
 0.8460888623036065
 0.0
 3.0
 0.0
 0.0
 3.0
 0.0
 0.0
 0.0
 6.587915677851903
 0.0
 1.3069799333090768
 0.534744523478239
 3.0
 0.7659740958857494
 2.2340259046483757
 0.0
 1.4120843233302844
 0.0
 2.78424385721834
 1.1667605755892472
 1.1449650471756776
 0.0
 0.0
 0.0
 0.0
 0.0
 0.0
 0.0
 0.8550349530835428
 1.0793032447513156
 0.0
 0.0
 3.0
 0.0
 0.0
 2.234025904381798
 0.0
 3.0
 0.0
 0.0
 0.0
 0.0
 0.0
 0.0
 3.515865870122643
 0.0
 0.0
 5.6684999300918975
 0.0
 0.0
 0.0
 0.0
 0.0
 0.0
 0.8332394246408041
 0.0
 0.0
 2.4654659932850147
 0.0
 0.0
 3.9279182038811022
x_lj_opt: 1-dimensional DenseAxisArray{Float64,1,...} with index sets:
    Dimension 1, [(15, 30), (15, 29), (15, 23), (15, 3), (14, 28), (14, 27), (14, 10), (14, 24), (13, 26), (13, 25)  …  (3, 6), (3, 5), (3, 29), (2, 4), (2, 3), (2, 1), (2, 5), (1, 2), (1, 1), (1, 14)]
And data, a 53-element Vector{Float64}:
 2.0
 2.0072214479927735
 0.0
 1.0
 0.0
 1.0
 0.0
 0.0
 2.0
 0.9999999996491344
 0.0
 1.2157561445260812
 0.9311335477745831
 0.8531103077305564
 2.0
 0.0
 0.0
 0.0
 0.7842438562573916
 0.0
 0.0
 2.0
 0.9999999999637652
 2.0
 0.0
 0.0
 5.846058070794493
 2.153941929685266
 0.0
 0.0
 1.95214332081785
 0.4656675534026561
 0.5821891258819856
 2.0
 6.0
 0.0
 2.0
 1.0
 0.0
 0.0
 1.0528756295728026
 3.6303019276235524
 0.13966824605974887
 0.0
 4.8603317549354115
 3.1396682453411158
 1.8603317543122695
 0.0
 0.0
 1.1396682459432808
 2.0
 0.0
 0.0
q_opt: 1-dimensional DenseAxisArray{Float64,1,...} with index sets:
    Dimension 1, [(43, 15), (43, 14), (44, 15), (44, 13), (44, 3), (40, 14), (40, 2), (41, 14), (42, 6), (37, 13)  …  (4, 13), (5, 2), (5, 7), (5, 9), (6, 11), (1, 1), (1, 6), (1, 3), (2, 1), (2, 15)]
And data, a 71-element Vector{Float64}:
 0.0
 0.0
 0.0
 0.717970379252039
 0.2914375088075733
 0.465255476499181
 0.0
 0.0
 0.03756351284961583
 0.2820296207532506
 0.0
 1.0
 0.0
 0.0
 0.37500000001813444
 0.0
 0.0
 0.0
 0.8234894596853366
 0.0
 0.27099766126189767
 0.5347445235194129
 1.0
 0.2553246986131177
 0.2792532380619534
 0.0
 0.17651054040334607
 0.0
 1.0
 0.5833802877488387
 0.5724825235401917
 0.0
 0.0
 0.0
 0.0
 0.0
 0.0
 0.0
 0.4275174765058125
 0.215549333278083
 0.0
 0.0
 1.0
 0.0
 0.0
 0.7446753014266875
 0.0
 1.0
 0.0
 0.0
 0.0
 0.0
 0.0
 0.0
 0.7290023387745511
 0.0
 0.0
 0.7085624912397827
 0.0
 0.0
 0.0
 0.0
 0.0
 0.0
 0.41661971228779326
 0.0
 0.0
 0.3081832491401761
 0.0
 0.0
 0.7844506667923198

