objective value: -619.238382948
objective bound: -638.85578879
termination status: TIME_LIMIT
BARON solution time: 7225.68


w_opt: 1-dimensional DenseAxisArray{Float64,1,...} with index sets:
    Dimension 1, [(25, 1, 2), (25, 1, 1), (25, 1, 14), (20, 1, 2), (20, 1, 1), (20, 1, 14), (1, 1, 2), (1, 1, 1), (1, 1, 14), (2, 1, 2)  …  (20, 15, 23), (20, 15, 3), (8, 15, 30), (8, 15, 29), (8, 15, 23), (8, 15, 3), (2, 15, 30), (2, 15, 29), (2, 15, 23), (2, 15, 3)]
And data, a 261-element Vector{Float64}:
 0.9519662831420725
 1.1276765134491298
 0.0
 1.0480337170379475
 1.2414757002802232
 0.0
 0.0
 0.0
 0.0
 0.0
 0.0
 0.0
 0.0
 0.0
 0.0
 0.0
 2.0
 0.0
 0.0
 0.9999999999744213
 0.0
 0.0
 0.0
 0.0
 0.0
 0.0
 0.0
 0.0
 0.8337951688669819
 3.203086516384209
 1.0880567399732226
 0.0
 0.0
 0.0
 0.0
 0.0
 0.0
 0.0
 0.0
 0.0
 0.46775439092407634
 1.7969134848393524
 0.6103936994353202
 0.18086175154350806
 0.6334711951084658
 0.0
 0.0
 0.0
 0.0
 0.9214362598536887
 3.2273453274208417
 0.0
 0.0
 0.0
 0.0
 0.0
 0.0
 0.0
 0.0
 1.8911966890480736
 1.0
 0.0
 0.0
 0.0
 0.0
 0.0
 0.0
 0.0
 0.0
 0.0
 0.0
 0.0
 0.0
 0.0
 0.6561473924122503
 1.9684421770586102
 0.0
 0.45052411048821
 1.3515723313468857
 0.0
 0.0
 0.0
 0.0
 0.0
 0.0
 0.0
 0.0
 0.0
 0.0
 0.0
 0.0
 0.0
 0.8933284973918814
 2.6799854919277077
 0.0
 0.0
 0.0
 0.0
 0.0
 0.0
 0.0
 1.5303464964127165
 0.9539786995137183
 0.5156748039680944
 0.0
 0.0
 0.0
 0.0
 0.0
 0.0
 0.0
 0.0
 0.0
 0.0
 0.0
 0.0
 0.0
 0.0
 4.644127049423775
 1.5480423481675745
 0.0
 0.0
 0.0
 1.355872951464605
 0.45195764992937565
 0.0
 0.0
 0.0
 0.0
 0.0
 0.0
 0.0
 0.0
 0.0
 0.0
 0.0
 0.0
 0.0
 0.0
 0.0
 0.0
 0.0
 0.0
 0.0
 0.0
 0.0
 0.0
 0.3105582561547493
 0.0
 0.0
 0.0
 0.35285794202603965
 0.0
 0.7986023723936166
 0.39930118612322785
 0.0
 0.0
 1.2013976278891387
 0.600698813831091
 0.0
 0.0
 0.0
 0.0
 0.0
 0.0
 0.0
 0.0
 0.0
 0.0
 0.0
 0.0
 0.0
 0.0
 2.0
 0.0
 0.0
 0.0
 0.860816520330883
 0.0
 0.0
 0.0
 0.0
 0.0
 0.0
 0.0
 0.0
 0.0
 0.0
 0.0
 0.0
 0.0
 0.0
 0.0
 0.0
 1.1391834805744276
 0.9242386101221194
 0.0
 0.0
 0.0
 0.0
 0.0
 0.0
 0.0
 0.0
 0.0
 0.0
 1.6241482358340382
 0.8120741173648657
 0.0
 0.0
 0.0
 0.0
 0.0
 0.0
 0.0
 0.3758517646165551
 0.18792588217817494
 0.0
 0.0
 0.0
 0.0
 0.0
 0.0
 0.0
 0.0
 0.5704625177740408
 0.9714837568678008
 0.0
 0.0
 0.0
 0.0
 0.0
 0.0
 0.0
 0.0
 0.0
 0.0
 0.0
 0.0
 0.0
 0.0
 0.0
 0.0
 0.0
 0.0
 0.0
 0.0
 0.0
 0.0
 0.0
 0.0
 0.0
 0.0
 0.0
 0.0
 0.0
 0.0
 0.7987166725926987
 4.301549562233517
 0.0
 0.7900169242972224
x_ij_opt: 1-dimensional DenseAxisArray{Float64,1,...} with index sets:
    Dimension 1, [(43, 30), (43, 22), (43, 6), (44, 22), (45, 30), (45, 29), (45, 28), (45, 24), (45, 23), (40, 29)  …  (5, 7), (5, 14), (6, 4), (6, 3), (1, 14), (1, 10), (1, 23), (1, 1), (3, 2), (3, 1)]
And data, a 116-element Vector{Float64}:
 0.0
 0.0
 0.522263739394243
 0.0
 1.201283327776905
 0.0
 1.4295374823038356
 0.0
 0.0
 0.0
 0.0
 0.0
 0.0
 0.0
 0.0
 0.0
 0.0
 0.0
 0.0
 0.0
 2.999999999635517
 0.0
 0.0
 0.0
 0.0
 0.0
 0.0
 1.9999999998827103
 0.0
 0.0
 0.0
 0.0
 0.0
 0.0
 0.0
 0.0
 0.0
 0.0
 0.0
 0.0
 0.0
 0.0
 0.0
 0.1761867016051671
 0.0
 0.0
 0.0
 0.0
 0.0
 0.0
 0.0
 0.0
 0.0
 0.0
 0.0
 0.13918347892317542
 0.0
 0.0
 0.0460213001339602
 1.3365838021534324
 0.2895094157366331
 0.0
 0.0
 0.0
 6.0
 0.0
 0.0
 0.0
 0.0
 0.7104905834979441
 0.0
 0.0
 0.0
 0.0
 0.0
 0.0
 0.028516242889638093
 0.8977019884919825
 0.0
 0.0
 0.0
 0.0
 0.0
 0.0
 0.0
 0.0
 0.0
 0.0
 0.0
 0.0
 0.0
 0.0
 0.0
 0.0
 0.0
 0.0
 0.0
 0.0
 0.0
 0.20998307624231619
 0.0
 0.0
 0.0
 0.0
 0.0
 0.4696535041070333
 0.0
 0.0
 0.0
 0.0
 0.0
 0.1088033117418961
 0.07576139045755789
 0.11517298364378045
 0.0
 0.0
x_il_opt: 1-dimensional DenseAxisArray{Float64,1,...} with index sets:
    Dimension 1, [(43, 15), (43, 14), (44, 15), (44, 13), (44, 3), (40, 14), (40, 2), (41, 14), (42, 6), (37, 13)  …  (4, 13), (5, 2), (5, 7), (5, 9), (6, 11), (1, 1), (1, 6), (1, 3), (2, 1), (2, 15)]
And data, a 71-element Vector{Float64}:
 0.0
 0.0
 0.0
 2.4362223536379948
 5.124938425224414
 1.541946274842359
 0.0
 0.0
 0.0
 0.0
 0.0
 2.063422090804299
 0.0
 0.0
 2.624589569567015
 0.0
 0.0
 0.0
 6.192169398735465
 0.0
 0.8143329467046597
 0.0
 3.0
 1.1979035585168445
 1.8020964419396965
 0.0
 1.8078306020114274
 0.0
 2.860816521894884
 0.3105582561896881
 2.079642796611715
 0.5637776469752621
 0.0
 0.0
 0.0
 0.0
 0.0
 0.0
 2.2895094173338744
 0.0
 0.0
 0.0
 2.8911966894802577
 0.0
 0.0
 1.8020964417202299
 0.0
 2.9999999998940683
 0.0
 0.0
 0.0
 0.0
 0.0
 0.0
 4.148781587274531
 0.0
 0.0
 0.0
 0.0
 0.0
 0.0
 0.0
 0.0
 0.0
 0.3528579420617654
 0.0
 0.0
 3.5733139894061403
 2.8750615751987487
 0.0
 5.890283159226077
x_lj_opt: 1-dimensional DenseAxisArray{Float64,1,...} with index sets:
    Dimension 1, [(15, 30), (15, 29), (15, 23), (15, 3), (14, 28), (14, 27), (14, 10), (14, 24), (13, 26), (13, 25)  …  (3, 6), (3, 5), (3, 29), (2, 4), (2, 3), (2, 1), (2, 5), (1, 2), (1, 1), (1, 14)]
And data, a 53-element Vector{Float64}:
 0.7987166725145844
 4.301549561831463
 0.0
 0.7900169242196592
 0.5704625180551348
 0.9714837573535642
 0.0
 0.0
 2.0
 0.9999999994085473
 0.0
 1.139183480455691
 0.9242386100250375
 0.0
 2.0
 0.0
 0.0
 0.0
 0.8608165202775693
 0.0
 0.0
 2.0
 0.9999999999019678
 0.6634161982159706
 0.0
 0.0
 6.0
 1.999999998128176
 0.0
 0.0
 1.5303464965331042
 0.9539786995897473
 0.5156748040142421
 2.0
 5.999999999904055
 0.0
 1.8911966888686427
 1.0
 0.0
 0.0
 1.102298011771935
 3.860816523861546
 0.0
 1.3015495596952888
 5.000000000939666
 1.6984504392878061
 2.0
 0.0
 0.0
 0.999999999926057
 2.0
 2.369152213555177
 0.0
q_opt: 1-dimensional DenseAxisArray{Float64,1,...} with index sets:
    Dimension 1, [(43, 15), (43, 14), (44, 15), (44, 13), (44, 3), (40, 14), (40, 2), (41, 14), (42, 6), (37, 13)  …  (4, 13), (5, 2), (5, 7), (5, 9), (6, 11), (1, 1), (1, 6), (1, 3), (2, 1), (2, 15)]
And data, a 71-element Vector{Float64}:
 0.0
 0.0
 0.0
 0.8120741178668559
 0.6406173031587059
 0.9999999995021828
 0.0
 0.0
 0.0
 0.0
 0.0
 1.0
 0.0
 0.0
 0.32807369618364074
 0.0
 0.0
 0.0
 0.774021174832257
 0.0
 0.16407700060203242
 0.0
 1.0
 0.3993011861629173
 0.22526205523007806
 0.0
 0.2259788252327914
 0.0
 1.0
 0.4681197971796226
 0.4759831415643482
 0.18792588230521376
 0.0
 0.0
 0.0
 0.0
 0.0
 0.0
 0.5240168585116968
 0.0
 0.0
 0.0
 1.0
 0.0
 0.0
 0.6006988138933729
 0.0
 0.999999999934893
 0.0
 0.0
 0.0
 0.0
 0.0
 0.0
 0.8359229990536791
 0.0
 0.0
 0.0
 0.0
 0.0
 0.0
 0.0
 0.0
 0.0
 0.5318802027667048
 0.0
 0.0
 0.44666424866366816
 0.3593826969023654
 0.0
 1.0

