objective value: -622.901842451
objective bound: -634.076251522
termination status: TIME_LIMIT
BARON solution time: 7226.79


w_opt: 1-dimensional DenseAxisArray{Float64,1,...} with index sets:
    Dimension 1, [(25, 1, 2), (25, 1, 1), (25, 1, 14), (20, 1, 2), (20, 1, 1), (20, 1, 14), (1, 1, 2), (1, 1, 1), (1, 1, 14), (2, 1, 2)  …  (20, 15, 23), (20, 15, 3), (8, 15, 30), (8, 15, 29), (8, 15, 23), (8, 15, 3), (2, 15, 30), (2, 15, 29), (2, 15, 23), (2, 15, 3)]
And data, a 261-element Vector{Float64}:
 0.6282398941278209
 0.5518445071578805
 0.0
 1.2267483539204918
 1.0775729894003694
 0.0
 0.0
 0.0
 0.0
 0.0
 0.0
 0.0
 0.0
 0.0
 0.0
 0.0
 2.0
 0.0
 0.0
 1.0000000000045695
 0.0
 0.0
 0.0
 0.0
 0.0
 0.0
 0.0
 0.0
 0.0
 1.3691952701154524
 0.31376525428980234
 0.0
 0.0
 0.0
 0.0
 3.630804731035981
 0.832036448397957
 0.0
 0.0
 0.0
 0.0
 0.0
 0.0
 0.0
 0.0
 0.0
 0.0
 0.0
 0.0
 1.0226123270219405
 0.04607817552916579
 0.0
 0.0
 0.0
 0.0
 0.0
 0.0
 0.0
 0.0
 1.8519848783906527
 1.0
 0.0
 0.0
 0.0
 0.0
 0.0
 0.0
 0.0
 0.0
 0.0
 0.0
 0.0
 0.0
 0.0
 0.7049740988591847
 2.1149222965504992
 0.0
 0.5302787924582981
 1.5908363773752425
 0.0
 0.0
 0.0
 0.0
 0.0
 0.0
 0.0
 0.0
 0.0
 0.0
 0.0
 0.0
 0.0
 0.7647471088410394
 2.2942413264866706
 0.0
 0.0
 0.0
 0.0
 0.0
 0.0
 0.0
 2.0
 0.8804598130047182
 0.11954018695331661
 0.0
 0.0
 0.0
 0.0
 0.0
 0.0
 0.0
 0.0
 0.0
 0.0
 0.0
 0.0
 0.0
 0.0
 2.717779517212627
 2.3389959486362564
 0.0
 0.0
 0.0
 1.5818450725757343
 1.3613794616792518
 0.0
 0.0
 0.0
 0.0
 0.0
 0.0
 0.0
 0.0
 0.0
 0.0
 0.0
 0.0
 0.0
 0.0
 0.0
 0.0
 0.0
 0.0
 0.0
 0.0
 0.0
 0.0
 0.0
 0.0
 0.0
 0.0
 0.0
 0.0
 0.5859232203873779
 0.2929616101430857
 0.0
 0.0
 1.4140767799000977
 0.7070383898330295
 0.0
 0.0
 0.0
 0.0
 0.0
 0.0
 0.0
 0.0
 0.0
 0.0
 0.0
 0.0
 0.0
 0.0
 1.4878670416991773
 0.0
 0.0
 0.0
 0.3740220734030673
 0.0
 0.0
 0.0
 0.0
 0.0
 0.0
 0.0
 0.0
 0.0
 0.0
 0.0
 0.0
 0.0
 0.0
 0.0
 0.0
 1.6259779275632222
 1.0
 0.37402207269897714
 0.0
 0.0
 0.0
 0.0
 0.0
 0.0
 0.0
 0.0
 0.0
 1.3663414619441405
 0.5841029458644398
 0.09906778496850384
 0.633658538528411
 0.2708853016092598
 0.04594396757347915
 0.0
 0.0
 0.0
 0.0
 0.0
 0.0
 0.0
 0.0
 0.0
 0.0
 0.0
 0.0
 0.0
 0.1354372709239407
 0.8027177180626484
 0.0
 0.0
 0.0
 0.0
 0.0
 0.0
 0.0
 0.0
 0.0
 0.0
 0.0
 0.0
 0.0
 0.0
 0.0
 0.0
 0.0
 0.0
 0.0
 0.0
 0.0
 0.0
 0.0
 0.0
 0.0
 0.0
 0.0
 0.0
 0.0
 0.0
 0.3582778925997786
 4.480176226178371
 0.0
 0.7152514653300828
x_ij_opt: 1-dimensional DenseAxisArray{Float64,1,...} with index sets:
    Dimension 1, [(43, 30), (43, 22), (43, 6), (44, 22), (45, 30), (45, 29), (45, 28), (45, 24), (45, 23), (40, 29)  …  (5, 7), (5, 14), (6, 4), (6, 3), (1, 14), (1, 10), (1, 23), (1, 1), (3, 2), (3, 1)]
And data, a 116-element Vector{Float64}:
 0.0
 0.5121329589469141
 1.6039306288344537
 0.0
 1.641722107731981
 0.0
 1.8645627293466238
 0.0
 0.0
 0.0
 0.0
 0.0
 0.0
 0.0
 0.0
 0.0
 0.0
 0.0
 0.30432134291340146
 0.0
 0.0
 0.0
 0.0
 0.0
 0.0
 0.0
 0.0
 1.9999999999899638
 0.0
 0.0
 0.0
 0.0
 0.0
 0.0
 0.0
 0.0
 0.0
 0.0
 0.0
 0.0
 0.0
 0.0
 0.0
 0.39606937177011287
 0.0
 0.0
 0.0
 0.0
 0.0
 0.0
 0.0
 0.0
 0.0
 0.0
 0.0
 1.1381108841817695
 0.0
 1.7003754114244787
 0.11954018762264466
 2.0
 0.0
 0.0
 0.0
 0.0
 6.0
 0.0
 0.0
 0.0
 0.0
 0.6956786574353491
 0.0
 0.0
 0.0
 0.0
 0.0
 0.0
 0.1972822814978198
 0.9773876733042284
 0.0
 0.0
 0.0
 0.0
 0.0
 0.0
 0.0
 0.0
 0.0
 0.1480151224698655
 0.0
 0.0
 0.0
 0.0
 0.0
 0.0
 0.0
 0.0
 0.0
 0.1450117531109238
 0.0
 0.2847485352120585
 0.0
 0.0
 0.0
 0.0
 0.0
 0.0
 0.0
 0.0
 0.0
 0.0
 0.0
 0.0
 0.0
 4.251042317672997
 0.0
 0.0
x_il_opt: 1-dimensional DenseAxisArray{Float64,1,...} with index sets:
    Dimension 1, [(43, 15), (43, 14), (44, 15), (44, 13), (44, 3), (40, 14), (40, 2), (41, 14), (42, 6), (37, 13)  …  (4, 13), (5, 2), (5, 7), (5, 9), (6, 11), (1, 1), (1, 6), (1, 3), (2, 1), (2, 15)]
And data, a 71-element Vector{Float64}:
 0.0
 0.0
 0.0
 2.049512192777084
 1.6829605245380248
 0.9381549891893632
 0.0
 0.0
 0.0
 0.95048780771115
 0.0
 3.0
 0.0
 0.0
 2.819896395503332
 0.0
 0.0
 0.0
 5.056775466329714
 0.0
 0.0
 0.0
 3.0
 0.8788848305304635
 2.1211151699351363
 0.0
 2.943224534693321
 0.0
 1.8618891167009515
 0.0
 1.1800844013199496
 0.0
 0.0
 0.0
 0.0
 0.0
 0.0
 0.0
 2.304321343324248
 0.0
 0.0
 0.0
 2.85198487866487
 0.0
 0.0
 2.121115169733127
 0.0
 3.0
 0.0
 0.0
 0.0
 0.0
 0.0
 0.0
 1.0686905026186473
 0.0
 0.0
 4.462841179621087
 0.0
 0.0
 0.0
 0.0
 0.0
 0.0
 0.0
 0.0
 0.0
 3.0589884354186463
 0.0
 0.0
 5.553705584268524
x_lj_opt: 1-dimensional DenseAxisArray{Float64,1,...} with index sets:
    Dimension 1, [(15, 30), (15, 29), (15, 23), (15, 3), (14, 28), (14, 27), (14, 10), (14, 24), (13, 26), (13, 25)  …  (3, 6), (3, 5), (3, 29), (2, 4), (2, 3), (2, 1), (2, 5), (1, 2), (1, 1), (1, 14)]
And data, a 53-element Vector{Float64}:
 0.3582778925597273
 4.480176225774736
 0.0
 0.7152514652646045
 0.13543727103870323
 0.8027177187427319
 0.0
 0.0
 2.0
 0.854988247372005
 0.1450117525680227
 1.6259779274166575
 1.0
 0.3740220726795996
 1.4878670415570832
 0.0
 0.0
 0.0
 0.37402207336727117
 0.0
 0.0
 2.0
 0.9999999999367617
 0.0
 0.0
 0.0
 4.2996245893970215
 3.7003754099921924
 0.0
 0.0
 2.0
 0.8804598130110111
 0.11954018694733846
 2.0
 5.999999999989677
 0.0
 1.8519848782145365
 1.0
 0.0
 0.0
 1.022612326974917
 0.046078175527046676
 0.0
 0.0
 5.000000000887131
 1.1458017026272098
 2.0
 0.0
 0.0
 0.9999999999880191
 1.8549882478885036
 1.6294174964175148
 0.0
q_opt: 1-dimensional DenseAxisArray{Float64,1,...} with index sets:
    Dimension 1, [(43, 15), (43, 14), (44, 15), (44, 13), (44, 3), (40, 14), (40, 2), (41, 14), (42, 6), (37, 13)  …  (4, 13), (5, 2), (5, 7), (5, 9), (6, 11), (1, 1), (1, 6), (1, 3), (2, 1), (2, 15)]
And data, a 71-element Vector{Float64}:
 0.0
 0.0
 0.0
 0.6831707309101219
 0.27383905397450303
 0.999999999152715
 0.0
 0.0
 0.0
 0.3168292692368524
 0.0
 1.0
 0.0
 0.0
 0.3524870494258362
 0.0
 0.0
 0.0
 0.6320969332812321
 0.0
 0.0
 0.0
 1.0
 0.2929616101668718
 0.2651393962297776
 0.0
 0.3679030668213247
 0.0
 1.0
 0.20285405689361513
 0.338675943010558
 0.0
 0.23947809442970458
 0.0
 0.0
 0.0
 0.0
 0.0
 0.6613240570748606
 0.0
 0.0
 0.0
 1.0
 0.0
 0.0
 0.7070383898846005
 0.0
 1.0
 0.0
 0.0
 0.0
 0.0
 0.0
 0.0
 1.0
 0.0
 0.0
 0.726160946078355
 0.0
 0.0
 0.0
 0.0
 0.0
 0.0
 0.5576678486766803
 0.0
 0.0
 0.38237355441525933
 0.0
 0.0
 1.0

