objective value: -619.986281276
objective bound: -638.339296155
termination status: TIME_LIMIT
BARON solution time: 7228.86


w_opt: 1-dimensional DenseAxisArray{Float64,1,...} with index sets:
    Dimension 1, [(25, 1, 2), (25, 1, 1), (25, 1, 14), (20, 1, 2), (20, 1, 1), (20, 1, 14), (1, 1, 2), (1, 1, 1), (1, 1, 14), (2, 1, 2)  …  (20, 15, 23), (20, 15, 3), (8, 15, 30), (8, 15, 29), (8, 15, 23), (8, 15, 3), (2, 15, 30), (2, 15, 29), (2, 15, 23), (2, 15, 3)]
And data, a 261-element Vector{Float64}:
 0.9892240790400021
 1.1786313480688149
 0.0
 1.0107759212647764
 1.2043097331717405
 0.0
 0.0
 0.0
 0.0
 0.0
 0.0
 0.0
 0.0
 0.0
 0.0
 0.0
 2.0
 0.0
 0.0
 1.0000000002887957
 0.0
 0.0
 0.0
 0.0
 0.0
 0.0
 0.0
 0.0
 0.0
 3.013433307857636
 1.1260239667985659
 0.0
 0.0
 0.0
 0.0
 0.0
 0.0
 0.0
 0.0
 0.0
 0.0
 1.9865666930591284
 0.7423166466619637
 0.0
 0.0
 0.0
 0.0
 0.0
 0.0
 0.9725674452201544
 0.13343749045155245
 0.0
 0.0
 0.0
 0.0
 0.0
 0.0
 0.0
 0.0
 2.0
 1.0
 0.0
 0.0
 0.0
 0.0
 0.0
 0.0
 0.0
 0.0
 0.0
 0.0
 0.005155086176911996
 0.015465258501740796
 0.0
 0.7500000002196695
 2.2500000006131065
 0.0
 0.5158896429095218
 1.5476689286891836
 0.0
 0.0
 0.0
 0.0
 0.0
 0.0
 0.0
 0.0
 0.0
 0.0
 0.0
 0.0
 0.0
 0.7289552709749096
 2.1868658128794394
 0.0
 0.0
 0.0
 0.0
 0.0
 0.0
 0.0
 0.47777162601499895
 0.568565096554612
 0.9610924469190518
 0.236233580274096
 0.28112629772269054
 0.4752109529959826
 0.0
 0.0
 0.0
 0.0
 0.0
 0.0
 0.0
 0.0
 0.0
 0.0
 0.0
 3.3352299269465804
 1.681884860666016
 0.0
 0.0
 0.0
 1.9829341075139184
 0.999951106274737
 0.0
 0.0
 0.0
 0.0
 0.0
 0.0
 0.0
 0.0
 0.0
 0.0
 0.0
 0.0
 0.0
 0.0
 0.0
 0.0
 0.0
 0.0
 0.0
 0.0
 0.0
 0.0
 0.0
 0.0
 0.0
 0.0
 0.02969317640620143
 0.0
 0.6242942859803026
 0.3121471429340373
 0.0
 0.0
 1.3757057143087907
 0.6878528570361725
 0.0
 0.0
 0.0
 0.0
 0.0
 0.0
 0.0
 0.0
 0.0
 0.0
 0.0
 0.0
 0.0
 0.0
 2.0
 0.0
 0.0
 0.0
 0.3132665952801193
 0.0
 0.0
 0.0
 0.0
 0.0
 0.0
 0.0
 0.0
 0.0
 0.0
 0.0
 0.0
 0.0
 0.0
 0.0
 0.0
 1.6867334056888152
 1.0
 0.31326659461339335
 0.0
 0.0
 0.0
 0.0
 0.0
 0.0
 0.0
 0.0
 0.0
 1.5088083188420411
 0.7544041589726476
 0.0
 0.49119168165265725
 0.2455958406664694
 0.0
 0.0
 0.0
 0.0
 0.0
 0.0
 0.0
 0.0
 0.0
 0.0
 0.0
 0.0
 0.0
 0.0
 0.5033766633160822
 0.6350271783380577
 0.0
 0.0
 0.0
 0.0
 0.0
 0.0
 0.0
 0.0
 0.0
 0.0
 0.0
 0.0
 0.0
 0.0
 0.0
 0.0
 0.0
 0.0
 0.0
 0.0
 0.0
 0.0
 0.0
 0.0
 0.0
 0.0
 0.0
 0.0
 0.0
 0.0
 1.113731837898764
 3.8183927935085338
 0.0
 0.9315641452152609
x_ij_opt: 1-dimensional DenseAxisArray{Float64,1,...} with index sets:
    Dimension 1, [(43, 30), (43, 22), (43, 6), (44, 22), (45, 30), (45, 29), (45, 28), (45, 24), (45, 23), (40, 29)  …  (5, 7), (5, 14), (6, 4), (6, 3), (1, 14), (1, 10), (1, 23), (1, 1), (3, 2), (3, 1)]
And data, a 116-element Vector{Float64}:
 0.0
 0.0
 1.4877584233639554
 0.0
 0.8862681625070026
 0.0
 1.4966233369395798
 0.0
 0.0
 0.0
 0.0
 0.0
 0.0
 0.0
 0.0
 0.0
 0.0
 0.0
 0.2150856540336874
 0.0
 0.0
 0.0
 0.0
 0.0
 0.0
 0.0
 0.0
 2.0
 0.0
 0.0
 0.0
 0.0
 0.0
 0.0
 0.0
 0.0
 0.0
 0.0
 0.0
 0.0
 0.0
 0.0
 0.0
 0.5122415772101482
 0.0
 0.0
 0.0
 0.0
 0.0
 0.0
 0.0
 0.0
 0.0
 0.0
 0.0
 0.6867334043301443
 0.0
 0.681835966951633
 0.1503086064006443
 1.9703068237361978
 0.0
 0.0
 0.0
 0.0
 6.0
 0.0
 0.0
 0.0
 0.0
 0.7849143463222175
 0.0
 0.0
 0.0
 0.0
 0.0
 0.0
 0.3649728217417291
 1.0274325551094672
 0.0
 0.0
 0.0
 0.0
 0.0
 0.0
 0.0
 0.0
 0.0
 0.0
 0.0
 0.0
 0.0
 0.0
 0.0
 0.0
 0.0
 0.0
 0.0
 0.0
 0.0
 0.06843585533646436
 0.0
 0.0
 0.0
 0.0
 0.0
 1.1114547371208132
 0.0
 0.0
 0.0
 0.0
 0.17454005722989052
 0.0
 0.0
 2.1807555201868376
 0.0
 0.0
x_il_opt: 1-dimensional DenseAxisArray{Float64,1,...} with index sets:
    Dimension 1, [(43, 15), (43, 14), (44, 15), (44, 13), (44, 3), (40, 14), (40, 2), (41, 14), (42, 6), (37, 13)  …  (4, 13), (5, 2), (5, 7), (5, 9), (6, 11), (1, 1), (1, 6), (1, 3), (2, 1), (2, 15)]
And data, a 71-element Vector{Float64}:
 0.0
 0.0
 0.0
 2.2632124781478646
 4.139457274856836
 1.1384038418560838
 0.0
 0.0
 0.020620344692688718
 0.7367875224948186
 0.0
 3.0
 0.0
 0.0
 3.0
 0.0
 0.0
 0.0
 5.017114787612597
 0.0
 0.0
 0.0
 3.0
 0.9364414289143399
 2.0635585715987053
 0.0
 2.9828852137886557
 0.0
 2.313266596543679
 0.0
 2.167855427108817
 0.0
 0.0
 0.0
 0.0
 0.0
 0.0
 0.0
 2.2150856544365167
 0.0
 0.0
 0.0
 3.0
 0.0
 0.0
 2.0635585713449633
 0.0
 2.007429169488663
 0.0
 0.0
 0.0
 0.0
 0.0
 0.0
 1.1060049357369766
 0.0
 0.0
 0.0
 0.0
 0.0
 0.0
 0.0
 0.0
 0.9925708309927691
 0.029693176413257708
 0.0
 0.0
 2.915821083854349
 2.728883339887415
 0.0
 5.863688776622559
x_lj_opt: 1-dimensional DenseAxisArray{Float64,1,...} with index sets:
    Dimension 1, [(15, 30), (15, 29), (15, 23), (15, 3), (14, 28), (14, 27), (14, 10), (14, 24), (13, 26), (13, 25)  …  (3, 6), (3, 5), (3, 29), (2, 4), (2, 3), (2, 1), (2, 5), (1, 2), (1, 1), (1, 14)]
And data, a 53-element Vector{Float64}:
 1.113731837788152
 3.818392793127
 0.0
 0.9315641451227792
 0.5033766634459893
 0.6350271785019411
 0.0
 0.0
 2.0
 0.9999999995295268
 0.0
 1.6867334055278935
 1.0
 0.3132665946007558
 1.999999999973722
 0.0
 0.0
 0.0
 0.3132665952494747
 0.0
 0.0
 2.0
 0.999999999930466
 0.02969317664543912
 0.0
 0.0
 5.318164033895544
 2.681835966672664
 0.0
 0.0
 0.7140052062229326
 0.8496913941939012
 1.4363033997575243
 2.0
 6.0
 0.0
 2.0
 1.0
 0.0
 0.0
 0.9725674451721257
 0.1334374904449628
 0.0
 0.0
 5.000000000638394
 1.8683406133565115
 2.0
 0.0
 0.0
 1.0000000002314084
 2.0
 2.382941081058241
 0.0
q_opt: 1-dimensional DenseAxisArray{Float64,1,...} with index sets:
    Dimension 1, [(43, 15), (43, 14), (44, 15), (44, 13), (44, 3), (40, 14), (40, 2), (41, 14), (42, 6), (37, 13)  …  (4, 13), (5, 2), (5, 7), (5, 9), (6, 11), (1, 1), (1, 6), (1, 3), (2, 1), (2, 15)]
And data, a 71-element Vector{Float64}:
 0.0
 0.0
 0.0
 0.7544041593575479
 0.6026866614945768
 0.9999999997419208
 0.0
 0.0
 0.0025775430782003198
 0.24559584081198219
 0.0
 1.0
 0.0
 0.0
 0.3750000000846185
 0.0
 0.0
 0.0
 0.6271393484094705
 0.0
 0.0
 0.0
 1.0
 0.3121471429617585
 0.25794482143454844
 0.0
 0.3728606516964527
 0.0
 1.0
 0.0
 0.4946120394809509
 0.0
 0.0
 0.0
 0.0
 0.0
 0.0
 0.0
 0.5053879605924885
 0.0
 0.0
 0.0
 1.0
 0.0
 0.0
 0.687852857090018
 0.0
 0.6691430564651522
 0.0
 0.0
 0.0
 0.0
 0.0
 0.0
 1.0
 0.0
 0.0
 0.0
 0.0
 0.0
 0.0
 0.0
 0.0
 0.3308569436528482
 0.9999999919430078
 0.0
 0.0
 0.36447763546269507
 0.39731333856109724
 0.0
 1.0

