objective value: -621.06703062
objective bound: -638.189042506
termination status: TIME_LIMIT
BARON solution time: 7227.44


w_opt: 1-dimensional DenseAxisArray{Float64,1,...} with index sets:
    Dimension 1, [(25, 1, 2), (25, 1, 1), (25, 1, 14), (20, 1, 2), (20, 1, 1), (20, 1, 14), (1, 1, 2), (1, 1, 1), (1, 1, 14), (2, 1, 2)  …  (20, 15, 23), (20, 15, 3), (8, 15, 30), (8, 15, 29), (8, 15, 23), (8, 15, 3), (2, 15, 30), (2, 15, 29), (2, 15, 23), (2, 15, 3)]
And data, a 261-element Vector{Float64}:
 1.179142770451735
 1.8208572296880878
 0.0
 0.82085722983921
 1.2675851126338673
 0.0
 0.0
 0.0
 0.0
 0.0
 0.0
 0.0
 0.0
 0.0
 0.0
 0.0
 0.0
 0.0
 0.0
 2.999999999849995
 0.0
 0.0
 0.0
 0.0
 0.0
 0.0
 0.0
 0.0
 0.0
 1.2758803672907157
 0.7817766686926183
 0.0
 0.0
 0.0
 0.0
 0.0
 0.0
 0.0
 0.0
 0.0
 0.0
 1.7241196335876832
 1.0564285948186523
 0.10880911020303832
 0.3678762904499159
 0.0350691403031659
 0.0
 0.0
 0.0
 0.8712624017641408
 2.9456796381437553
 0.28080758450514326
 0.0
 0.0
 0.0
 0.0
 0.0
 0.0
 0.0
 1.94450953528587
 1.0
 0.0
 0.0
 0.0
 0.0
 0.0
 0.0
 0.0
 0.0
 0.0
 0.0
 0.08296148549948029
 0.24888445652562236
 0.0
 0.7500000002700804
 2.2500000006869425
 0.0
 0.583268488680516
 1.7498054659564248
 0.0
 0.0
 0.0
 0.0
 0.0
 0.0
 0.0
 0.0
 0.0
 0.0
 0.0
 0.0
 0.0
 0.5837700257785394
 1.7513100772503791
 0.0
 0.0
 0.0
 0.0
 0.0
 0.0
 0.0
 2.0
 0.9728140106693834
 0.02718598914000937
 0.0
 0.0
 0.0
 0.0
 0.0
 0.0
 0.0
 0.0
 0.0
 0.0
 0.0
 0.0
 0.0
 0.0
 4.668801385049652
 1.5351127962086908
 0.0
 0.021154331294763244
 0.0
 1.331198615864665
 0.4377012129317407
 0.0
 0.006031658749605443
 0.0
 0.0
 0.0
 0.0
 0.0
 0.0
 0.0
 0.0
 0.0
 0.0
 0.0
 0.0
 0.0
 0.0
 0.0
 0.0
 0.0
 0.0
 0.0
 0.0
 0.0
 0.0
 0.0
 0.0
 0.0
 0.0
 0.4446173638898689
 0.22230868189753125
 0.0
 0.0
 1.555382636392729
 0.7776913180418995
 0.0
 0.0
 0.0
 0.0
 0.0
 0.0
 0.0
 0.0
 0.0
 0.0
 0.0
 0.0
 0.0
 0.0
 2.0
 0.0
 0.0
 0.0
 0.2863699358789173
 0.0
 0.0
 0.0
 0.0
 0.0
 0.0
 0.0
 0.0
 0.0
 0.0
 0.0
 0.0
 0.0
 0.0
 0.0
 0.0
 1.7136300650737326
 1.0
 0.2863699352247531
 0.0
 0.0
 0.0
 0.0
 0.0
 0.0
 0.0
 0.0
 0.0
 1.4404869227598762
 0.7202434609460222
 0.0
 0.5595130777148907
 0.27975653867621886
 0.0
 0.0
 0.0
 0.0
 0.0
 0.0
 0.0
 0.0
 0.0
 0.0
 0.0
 0.0
 0.0
 0.0
 0.20479898204986158
 0.4997295164951512
 0.0
 0.0
 0.0
 0.0
 0.0
 0.0
 0.0
 0.0
 0.0
 0.0
 0.0
 0.0
 0.0
 0.0
 0.0
 0.0
 0.0
 0.0
 0.0
 0.0
 0.0
 0.0
 0.0
 0.0
 0.0
 0.0
 0.0
 0.0
 0.0
 0.0
 1.0411005947131282
 3.8754248025751066
 0.0
 1.0
x_ij_opt: 1-dimensional DenseAxisArray{Float64,1,...} with index sets:
    Dimension 1, [(43, 30), (43, 22), (43, 6), (44, 22), (45, 30), (45, 29), (45, 28), (45, 24), (45, 23), (40, 29)  …  (5, 7), (5, 14), (6, 4), (6, 3), (1, 14), (1, 10), (1, 23), (1, 1), (3, 2), (3, 1)]
And data, a 116-element Vector{Float64}:
 0.0
 0.0
 1.4818898397839857
 0.0
 0.9588994056825404
 0.0
 1.7952010172688473
 0.0
 0.0
 0.0
 0.0
 0.0
 0.0
 0.0
 0.0
 0.0
 0.0
 0.0
 0.2675562070987358
 0.0
 0.0
 0.0
 0.0
 0.0
 0.0
 0.0
 0.0
 1.9999999999240534
 0.0
 0.0
 0.0
 0.0
 0.0
 0.0
 0.0
 0.0
 0.0
 0.0
 0.0
 0.0
 0.0
 0.0
 0.0
 0.5181101610190008
 0.0
 0.0
 0.0
 0.0
 0.0
 0.0
 0.0
 0.0
 0.0
 0.0
 0.0
 0.7136300632283792
 0.0
 0.0
 0.0
 2.0
 0.0
 0.0
 0.0
 0.0
 6.0
 0.0
 0.0
 0.0
 0.0
 0.7324437932576714
 0.0
 0.0
 0.0
 0.0
 0.0
 0.0
 0.5002704810986522
 1.0199284883309625
 0.0
 0.0
 0.0
 0.0
 0.0
 0.0
 0.0
 0.0
 0.0
 0.05549046554867262
 0.0
 0.0
 0.0
 0.0
 0.0
 0.0
 0.0
 0.0
 0.0
 0.0
 0.0
 0.0
 0.0
 0.0
 0.0
 0.0
 0.0
 0.0
 0.0
 0.0
 1.6841232752977675
 0.0
 0.0
 0.0
 0.0
 2.8843716697586523
 0.0
 0.0
x_il_opt: 1-dimensional DenseAxisArray{Float64,1,...} with index sets:
    Dimension 1, [(43, 15), (43, 14), (44, 15), (44, 13), (44, 3), (40, 14), (40, 2), (41, 14), (42, 6), (37, 13)  …  (4, 13), (5, 2), (5, 7), (5, 9), (6, 11), (1, 1), (1, 6), (1, 3), (2, 1), (2, 15)]
And data, a 71-element Vector{Float64}:
 0.0
 0.0
 0.0
 2.160730384012049
 2.0576570360474165
 0.7045284987490849
 0.0
 0.0
 0.33184594210949003
 0.8392696165712479
 0.0
 3.0
 0.0
 0.0
 3.0
 0.0
 0.0
 0.0
 6.225068512863482
 0.0
 0.51175454095612
 0.0
 3.0
 0.6669260457874001
 2.3330739546909496
 0.0
 1.7749314878466789
 0.0
 2.2863699374624398
 0.0
 3.0
 0.0
 0.0
 0.0
 0.0
 0.0
 0.0
 0.0
 2.088442342501624
 0.0
 0.0
 0.0
 2.9445095357023185
 0.0
 0.0
 2.3330739544346284
 0.0
 2.9999999999851092
 0.0
 0.0
 0.0
 0.0
 0.0
 0.0
 4.09774962441304
 0.0
 0.0
 0.0
 0.0
 0.0
 0.0
 0.0
 0.0
 0.0
 0.0
 0.0
 0.0
 2.3350801030828983
 2.7805482284578042
 0.0
 5.916525397463759
x_lj_opt: 1-dimensional DenseAxisArray{Float64,1,...} with index sets:
    Dimension 1, [(15, 30), (15, 29), (15, 23), (15, 3), (14, 28), (14, 27), (14, 10), (14, 24), (13, 26), (13, 25)  …  (3, 6), (3, 5), (3, 29), (2, 4), (2, 3), (2, 1), (2, 5), (1, 2), (1, 1), (1, 14)]
And data, a 53-element Vector{Float64}:
 1.041100594610889
 3.875424802193737
 0.0
 0.9999999999931581
 0.2047989831118944
 0.4997295190866149
 0.0
 0.0
 2.0
 0.9999999995158045
 0.0
 1.7136300649138048
 1.0
 0.2863699352159147
 1.999999999990786
 0.0
 0.0
 0.0
 0.28636993585212767
 0.0
 0.0
 2.0
 0.99999999990111
 0.0
 0.0
 0.0
 6.0
 1.9728140091666484
 0.0
 0.0271859898387884
 2.0
 0.9728140106756314
 0.027185989135069095
 2.0
 6.0
 0.0
 1.9445095351254285
 1.0
 0.0
 0.0
 0.9800715119405337
 3.3135559285039875
 0.31587672479953555
 0.0
 3.0000000011258026
 1.8382052636625084
 0.0
 0.0
 0.0
 2.9999999996925872
 2.0
 3.088442342132895
 0.0
q_opt: 1-dimensional DenseAxisArray{Float64,1,...} with index sets:
    Dimension 1, [(43, 15), (43, 14), (44, 15), (44, 13), (44, 3), (40, 14), (40, 2), (41, 14), (42, 6), (37, 13)  …  (4, 13), (5, 2), (5, 7), (5, 9), (6, 11), (1, 1), (1, 6), (1, 3), (2, 1), (2, 15)]
And data, a 71-element Vector{Float64}:
 0.0
 0.0
 0.0
 0.7202434613250165
 0.42529345560406223
 0.9999999948142678
 0.0
 0.0
 0.04148074275256016
 0.27975653884182655
 0.0
 1.0
 0.0
 0.0
 0.3750000001130629
 0.0
 0.0
 0.0
 0.7781335640990681
 0.0
 0.11102160289050673
 0.0
 1.0
 0.22230868192557762
 0.29163424432461954
 0.0
 0.22186643596340236
 0.0
 1.0
 0.21568974059460996
 0.5895713851761814
 0.0
 0.24683307011845462
 0.0
 0.0
 0.0
 0.0
 0.0
 0.4104286148850165
 0.0
 0.0
 0.0
 1.0
 0.0
 0.0
 0.7776913181248664
 0.0
 1.0
 0.0
 0.0
 0.0
 0.0
 0.0
 0.0
 0.8889783971365216
 0.0
 0.0
 0.0
 0.0
 0.0
 0.0
 0.0
 0.0
 0.0
 0.5374771892869354
 0.0
 0.0
 0.29188501287361185
 0.5747065443136481
 0.0
 1.0

