objective value: -622.968128538
objective bound: -637.300710498
termination status: TIME_LIMIT
BARON solution time: 7227.69


w_opt: 1-dimensional DenseAxisArray{Float64,1,...} with index sets:
    Dimension 1, [(25, 1, 2), (25, 1, 1), (25, 1, 14), (20, 1, 2), (20, 1, 1), (20, 1, 14), (1, 1, 2), (1, 1, 1), (1, 1, 14), (2, 1, 2)  …  (20, 15, 23), (20, 15, 3), (8, 15, 30), (8, 15, 29), (8, 15, 23), (8, 15, 3), (2, 15, 30), (2, 15, 29), (2, 15, 23), (2, 15, 3)]
And data, a 261-element Vector{Float64}:
 0.5903327442469235
 0.46920490076500776
 0.0
 1.280133236044923
 1.0174681886411125
 0.0
 0.0
 0.0
 0.0
 0.0
 0.0
 0.0
 0.0
 0.0
 0.0
 0.0
 1.9707146542935556
 0.0
 0.0
 1.0292853452265558
 0.0
 0.0
 0.0
 0.0
 0.0
 0.0
 0.0
 0.0
 0.0
 0.9681801589631217
 0.42822469154982074
 0.0
 0.0
 0.0
 0.0
 4.002534496868813
 1.77031525021205
 0.0
 0.0
 0.0
 0.0
 0.0
 0.0
 0.0
 0.0
 0.0
 0.0
 0.0
 0.0
 1.0517102294910192
 0.6212807577981921
 0.029285346142278547
 0.0
 0.0
 0.0
 0.0
 0.0
 0.0
 0.0
 2.0
 0.9999999999185512
 0.0
 0.0
 0.0
 0.0
 0.0
 0.0
 0.0
 0.0
 0.0
 0.0
 0.0
 0.0
 0.0
 0.5853654052094454
 1.7560962156800584
 0.0
 0.5429823520721021
 1.6289470562715895
 0.0
 0.0
 0.0
 0.0
 0.0
 0.0
 0.0
 0.0
 0.0
 0.0
 0.0
 0.0
 0.0
 0.871652242762397
 2.6149567283145427
 0.0
 0.0
 0.0
 0.0
 0.0
 0.0
 0.0
 1.9548332552495713
 0.9386014034814695
 0.10656534122022478
 0.0
 0.0
 0.0
 0.0
 0.0
 0.0
 0.0
 0.0
 0.0
 0.0
 0.0
 0.0
 0.0
 0.0
 3.933292787818857
 3.2461304964122566
 0.0
 0.0
 0.0
 0.4495581818763912
 0.37101853402051754
 0.0
 0.0
 0.0
 0.0
 0.0
 0.0
 0.0
 0.0
 0.0
 0.0
 0.0
 0.0
 0.0
 0.0
 0.0
 0.0
 0.0
 0.0
 0.0
 0.0
 0.0
 0.0
 0.26191472579412056
 0.0
 0.0
 0.0
 0.0
 0.0
 0.5520470613558155
 0.2760235306085509
 0.0
 0.0
 1.4479529389042043
 0.723976469277513
 0.0
 0.0
 0.0
 0.0
 0.0
 0.0
 0.0
 0.0
 0.0
 0.0
 0.0
 0.0
 0.0
 0.0
 1.4687344041919366
 0.0
 0.0
 0.0
 0.28591215384351315
 0.0
 0.0
 0.0
 0.0
 0.0
 0.0
 0.0
 0.0
 0.0
 0.0
 0.0
 0.0
 0.0
 0.0
 0.0
 0.0
 1.7140878470794192
 1.0
 0.2859121532064011
 0.0
 0.0
 0.0
 0.0
 0.0
 0.0
 0.0
 0.0
 0.0
 1.3741430666661978
 0.5980723959016983
 0.08899913775343583
 0.6258569325511328
 0.27239358420198867
 0.040534882219775255
 0.0
 0.0
 0.0
 0.0
 0.0
 0.0
 0.0
 0.0
 0.0
 0.0
 0.0
 0.0
 0.0
 0.0
 0.3324628890160083
 0.0
 0.0
 0.0
 0.0
 0.0
 0.0
 0.0
 0.6675371072635746
 0.0
 0.0
 0.0
 0.0
 0.0
 0.0
 0.0
 0.0
 0.0
 0.0
 0.0
 0.0
 0.0
 0.0
 0.0
 0.0
 0.0
 0.0
 0.0
 0.0
 0.0
 0.0
 0.7419966069034911
 3.5155479064965793
 0.0
 0.9941739898142761
x_ij_opt: 1-dimensional DenseAxisArray{Float64,1,...} with index sets:
    Dimension 1, [(43, 30), (43, 22), (43, 6), (44, 22), (45, 30), (45, 29), (45, 28), (45, 24), (45, 23), (40, 29)  …  (5, 7), (5, 14), (6, 4), (6, 3), (1, 14), (1, 10), (1, 23), (1, 1), (3, 2), (3, 1)]
And data, a 116-element Vector{Float64}:
 0.0
 0.5312655964650814
 1.1794232838017311
 0.0
 1.258003393450662
 0.0
 1.932151724747029
 0.0
 0.0
 0.0
 0.0
 0.0
 0.0
 0.0
 0.0
 0.0
 0.0
 0.0
 0.2976014239039973
 0.0
 0.0
 0.0
 0.0
 0.0
 0.0
 0.0
 0.0
 1.999999999555693
 0.0678482747536813
 0.0
 0.0
 0.0
 0.0
 0.0
 0.0
 0.0
 0.0
 0.0
 0.0
 0.0
 0.0
 0.0
 0.0
 0.8205767164713101
 0.0
 0.0
 0.0
 0.0
 0.0
 0.0
 0.0
 0.0
 0.0
 0.0
 0.0
 1.2453534409990041
 0.0
 1.617149031233257
 0.061398596917567896
 1.7380852740510624
 0.0
 0.0
 0.0
 0.0
 6.0
 0.0
 0.0
 0.0
 0.0
 0.7023985761436123
 0.0
 0.0
 0.0
 0.0
 0.0
 0.0
 0.0
 0.9482897706596445
 0.0
 0.0
 0.0
 0.0
 0.0
 0.0
 0.0
 0.0
 0.0
 0.0
 0.0
 0.0
 0.0
 0.0
 0.5162167713658371
 0.0
 0.0
 0.0
 0.0
 0.129534020064035
 0.0
 0.005826010728064541
 0.0
 0.0
 0.0
 0.0
 0.0
 0.045166745259115695
 0.0
 0.0
 0.0
 0.0
 0.0
 0.0
 0.0
 4.4067615696956866
 0.0
 0.0
x_il_opt: 1-dimensional DenseAxisArray{Float64,1,...} with index sets:
    Dimension 1, [(43, 15), (43, 14), (44, 15), (44, 13), (44, 3), (40, 14), (40, 2), (41, 14), (42, 6), (37, 13)  …  (4, 13), (5, 2), (5, 7), (5, 9), (6, 11), (1, 1), (1, 6), (1, 3), (2, 1), (2, 15)]
And data, a 71-element Vector{Float64}:
 0.0
 0.0
 0.0
 2.061214600321332
 1.3964048506714701
 0.3324628895095155
 0.0
 0.0
 0.0
 0.9387853989728968
 0.0
 3.0
 0.0
 0.0
 2.3414616209985257
 0.0
 0.0
 0.0
 7.179423284733132
 0.0
 0.0
 0.6675371079522516
 3.0
 0.8280705919643664
 2.1719294084539618
 0.0
 0.8205767163123229
 0.0
 1.7546465597929068
 0.26191472593609066
 1.0595376450500307
 0.0
 0.0
 0.0
 0.0
 0.0
 0.0
 0.0
 2.2976014246907654
 0.0
 0.0
 0.0
 3.0
 0.0
 0.0
 2.1719294081817173
 0.0
 2.9999999999512847
 0.0
 0.0
 0.0
 0.0
 0.0
 0.0
 1.7022763334314899
 0.0
 0.0
 5.772849747422858
 0.0
 0.0
 0.0
 0.0
 0.0
 0.0
 0.0
 0.0
 0.0
 3.4866089711776906
 0.0
 0.0
 5.2517185034468765
x_lj_opt: 1-dimensional DenseAxisArray{Float64,1,...} with index sets:
    Dimension 1, [(15, 30), (15, 29), (15, 23), (15, 3), (14, 28), (14, 27), (14, 10), (14, 24), (13, 26), (13, 25)  …  (3, 6), (3, 5), (3, 29), (2, 4), (2, 3), (2, 1), (2, 5), (1, 2), (1, 1), (1, 14)]
And data, a 53-element Vector{Float64}:
 0.741996606831533
 3.5155479061496977
 0.0
 0.9941739897175239
 0.0
 0.9999999999975546
 0.0
 0.0
 1.9999999997653204
 0.8704659803640158
 0.129534019996713
 1.7140878469253849
 1.0
 0.28591215320125035
 1.468734404066805
 0.0
 0.0
 0.0
 0.2859121538192078
 0.0
 0.0
 2.0
 0.9999999998522835
 0.261914726299376
 0.0
 0.0
 4.382850969362098
 3.617149030190997
 0.0
 0.0
 1.9548332553411176
 0.9386014035363506
 0.10656534121660748
 2.0
 5.999999999995827
 0.0
 2.0
 0.999999999886278
 0.0
 0.0
 1.0517102295882523
 0.6212807578555947
 0.02928534612411615
 0.0
 4.970714655623384
 2.1985399416867506
 1.9707146541803644
 0.0
 0.0
 1.0292853452039483
 1.8704659802361483
 1.4866730893618745
 0.0
q_opt: 1-dimensional DenseAxisArray{Float64,1,...} with index sets:
    Dimension 1, [(43, 15), (43, 14), (44, 15), (44, 13), (44, 3), (40, 14), (40, 2), (41, 14), (42, 6), (37, 13)  …  (4, 13), (5, 2), (5, 7), (5, 9), (6, 11), (1, 1), (1, 6), (1, 3), (2, 1), (2, 15)]
And data, a 71-element Vector{Float64}:
 0.0
 0.0
 0.0
 0.6870715334197638
 0.1947768532374896
 0.33246288901682264
 0.0
 0.0
 0.0
 0.31292846631731996
 0.0
 1.0
 0.0
 0.0
 0.29268270261331353
 0.0
 0.0
 0.0
 0.8974279105818461
 0.0
 0.0
 0.6675371072652084
 1.0
 0.27602353065534974
 0.2714911760452066
 0.0
 0.10257208951708317
 0.0
 1.0
 0.9999999980709162
 0.31560731415832866
 0.0
 0.0
 0.0
 0.0
 0.0
 0.0
 0.0
 0.684392685871377
 0.0
 0.0
 0.0
 1.0
 0.0
 0.0
 0.7239764693905535
 0.0
 0.9999999999601098
 0.0
 0.0
 0.0
 0.0
 0.0
 0.0
 0.9999999999075593
 0.0
 0.0
 0.805223146804737
 0.0
 0.0
 0.0
 0.0
 0.0
 0.0
 0.0
 0.0
 0.0
 0.43582612138589555
 0.0
 0.0
 1.0

