objective value: -622.470340016
objective bound: -622.532593272
termination status: OPTIMAL
BARON solution time: 48.47


w_opt: 1-dimensional DenseAxisArray{Float64,1,...} with index sets:
    Dimension 1, [(25, 1, 2), (25, 1, 1), (25, 1, 14), (20, 1, 2), (20, 1, 1), (20, 1, 14), (1, 1, 2), (1, 1, 1), (1, 1, 14), (2, 1, 2)  …  (20, 15, 23), (20, 15, 3), (8, 15, 30), (8, 15, 29), (8, 15, 23), (8, 15, 3), (2, 15, 30), (2, 15, 29), (2, 15, 23), (2, 15, 3)]
And data, a 261-element Vector{Float64}:
 1.6874036876671203
 0.0
 0.0
 0.3125963125611994
 0.0
 0.0
 0.0
 0.0
 0.0
 0.0
 0.0
 0.0
 0.0
 0.0
 0.0
 0.0
 2.0
 0.0
 0.0
 1.000000000326866
 0.0
 0.0
 0.0
 0.0
 0.0
 0.0
 0.0
 0.0
 0.0
 0.5398453520621543
 0.3239072111281142
 0.0
 0.0
 0.0
 0.0
 4.4601546487481825
 2.676092788346886
 0.0
 0.0
 0.0
 0.0
 0.0
 0.0
 0.1905966587460959
 0.567148181316154
 0.0
 0.0
 0.0
 0.0
 0.7436657936372997
 2.212886128977387
 0.0
 0.0
 0.0
 0.0
 0.0
 0.0
 0.0
 0.0
 1.8628512263598274
 1.0
 0.0
 0.0
 0.0
 0.0
 0.0
 0.0
 0.0
 0.0
 0.0
 0.0
 0.22921371489193598
 0.687641144634039
 0.0
 0.7500000001127185
 2.2500000002097877
 0.0
 0.45564184931219753
 1.3669255478426476
 0.0
 0.0
 0.0
 0.0
 0.0
 0.0
 0.0
 0.0
 0.0
 0.0
 0.0
 0.0
 0.0
 0.5651444359780695
 1.6954333078261121
 0.0
 0.0
 0.0
 0.0
 0.0
 0.0
 0.0
 1.7275805516208351
 0.8086921606558637
 0.4637272880135836
 0.0
 0.0
 0.0
 0.0
 0.0
 0.0
 0.0
 0.0
 0.0
 0.0
 0.0
 0.0
 0.0
 0.0
 4.378049536137657
 2.8009763376517784
 0.0
 0.0
 0.0
 0.5006619922951896
 0.3203121348913674
 0.0
 0.0
 0.0
 0.0
 0.0
 0.0
 0.0
 0.0
 0.0
 0.0
 0.0
 0.0
 0.0
 0.0
 0.0
 0.0
 0.0
 0.0
 0.0
 0.0
 0.0
 0.0
 0.0
 0.0
 0.0
 0.0
 0.0
 0.0
 0.7849550689433992
 0.3924775344123226
 0.0
 0.0
 1.215044931317641
 0.607522465566904
 0.0
 0.0
 0.0
 0.0
 0.0
 0.0
 0.0
 0.0
 0.0
 0.0
 0.0
 0.0
 0.0
 0.0
 2.0
 0.0
 0.0
 0.0
 0.9013227815666611
 0.0
 0.0
 0.0
 0.0
 0.0
 0.0
 0.0
 0.0
 0.0
 0.0
 0.0
 0.0
 0.0
 0.0
 0.0
 0.0
 1.0986772194113232
 0.8977309315115996
 1.0035918493735998
 0.0
 0.0
 0.0
 0.0
 0.0
 0.0
 0.0
 0.0
 0.0
 1.407284259776287
 0.7036421295383649
 0.0
 0.592715740615364
 0.2963578701603634
 0.0
 0.0
 0.0
 0.0
 0.0
 0.0
 0.0
 0.0
 0.0
 0.0
 0.0
 0.0
 0.0
 0.0
 0.36926594591007456
 0.5776765379582837
 0.0
 0.0
 0.0
 0.0
 0.0
 0.0
 0.0
 0.0
 0.0
 0.0
 0.0
 0.0
 0.0
 0.0
 0.0
 0.0
 0.0
 0.0
 0.0
 0.0
 0.0
 0.0
 0.0
 0.0
 0.0
 0.0
 0.0
 0.0
 0.0
 0.0
 1.6520159123445965
 1.996408152624038
 0.0
 1.0
x_ij_opt: 1-dimensional DenseAxisArray{Float64,1,...} with index sets:
    Dimension 1, [(43, 30), (43, 22), (43, 6), (44, 22), (45, 30), (45, 29), (45, 28), (45, 24), (45, 23), (40, 29)  …  (5, 7), (5, 14), (6, 4), (6, 3), (1, 14), (1, 10), (1, 23), (1, 1), (3, 2), (3, 1)]
And data, a 116-element Vector{Float64}:
 0.0
 0.0
 1.1790258733669532
 0.0
 0.34798408809628156
 0.0
 1.6307340544816924
 0.0
 0.0
 0.0
 0.0
 0.0
 0.0
 0.0
 0.0
 0.0
 0.0
 0.0
 0.27035750048452417
 0.0
 0.0
 0.0
 0.0
 0.0
 0.0
 0.0
 0.0
 2.0
 0.0
 0.0
 0.0
 0.0
 0.0
 0.0
 0.0
 0.0
 0.0
 0.0
 0.0
 0.0
 0.0
 0.0
 0.0
 0.8209741274851141
 0.0
 0.0
 0.0
 0.0
 0.0
 0.0
 0.0
 0.0
 0.0
 0.0
 0.0
 0.09867721842605275
 0.0
 1.121288472889351
 0.19130783997162162
 2.0
 0.0
 0.0
 0.0
 0.0
 6.0
 0.0
 0.0
 0.0
 0.0
 0.7296424999017035
 0.0
 0.0
 0.0
 0.0
 0.0
 0.0
 0.4223234623129162
 1.0657375479349573
 0.0
 0.0
 0.0
 0.0
 0.0
 0.0
 0.0
 0.0
 0.0
 0.1371487745200747
 0.0
 0.0
 0.0
 0.0
 0.0
 0.0
 0.0
 0.0
 0.0
 0.0
 0.0
 0.0
 0.0
 0.0
 0.0
 0.0
 0.0
 0.17153897407464866
 0.0
 0.0
 0.0
 0.0
 0.10088047499175941
 0.0
 0.1022690690695105
 5.536272713174473
 0.0
 0.0
x_il_opt: 1-dimensional DenseAxisArray{Float64,1,...} with index sets:
    Dimension 1, [(43, 15), (43, 14), (44, 15), (44, 13), (44, 3), (40, 14), (40, 2), (41, 14), (42, 6), (37, 13)  …  (4, 13), (5, 2), (5, 7), (5, 9), (6, 11), (1, 1), (1, 6), (1, 3), (2, 1), (2, 15)]
And data, a 71-element Vector{Float64}:
 0.0
 0.0
 0.0
 2.1109263895439194
 0.863752563181571
 0.9469424836710607
 0.0
 0.0
 0.9168548595147515
 0.8890736108722899
 0.0
 3.0
 0.0
 0.0
 3.0
 0.0
 0.0
 0.0
 7.179025873542175
 0.0
 0.75774484004315
 0.0
 3.0
 1.1774326033557219
 1.822567397137999
 0.0
 0.8209741271597009
 0.0
 2.9013227823649284
 0.0
 1.687403687526059
 0.0
 0.0
 0.0
 0.0
 0.0
 0.0
 0.0
 0.3125963125350674
 0.0
 0.0
 0.0
 2.8628512263652994
 0.0
 0.0
 1.8225673968845453
 0.0
 3.0
 0.0
 0.0
 0.0
 0.0
 0.0
 0.0
 2.9565519225395174
 0.0
 0.0
 7.136247437023209
 0.0
 0.0
 0.0
 0.0
 0.0
 0.0
 0.0
 0.0
 0.0
 2.260577743779063
 0.0
 0.0
 4.648424064968352
x_lj_opt: 1-dimensional DenseAxisArray{Float64,1,...} with index sets:
    Dimension 1, [(15, 30), (15, 29), (15, 23), (15, 3), (14, 28), (14, 27), (14, 10), (14, 24), (13, 26), (13, 25)  …  (3, 6), (3, 5), (3, 29), (2, 4), (2, 3), (2, 1), (2, 5), (1, 2), (1, 1), (1, 14)]
And data, a 53-element Vector{Float64}:
 1.6520159122022116
 1.9964081524516497
 0.0
 1.0
 0.3692659459128895
 0.577676537962691
 0.0
 0.0
 2.0
 0.99999999960105
 0.0
 1.098677219303308
 0.897730931423348
 1.0035918492749365
 2.0
 0.0
 0.0
 0.0
 0.901322781487162
 0.0
 0.0
 2.0
 0.9999999999470366
 0.0
 0.0
 0.0
 4.878711528073051
 3.1212884723129664
 0.0
 0.0
 1.727580551508965
 0.8086921606034964
 0.4637272879835546
 2.0
 6.0
 0.0
 1.8628512261741206
 0.9999999999972572
 0.0
 0.0
 0.9342624523563895
 2.7800343102140608
 0.0
 0.0
 5.000000000627926
 2.999999999365554
 2.0
 0.0
 0.0
 1.0000000002589824
 2.0
 0.0
 0.0
q_opt: 1-dimensional DenseAxisArray{Float64,1,...} with index sets:
    Dimension 1, [(43, 15), (43, 14), (44, 15), (44, 13), (44, 3), (40, 14), (40, 2), (41, 14), (42, 6), (37, 13)  …  (4, 13), (5, 2), (5, 7), (5, 9), (6, 11), (1, 1), (1, 6), (1, 3), (2, 1), (2, 15)]
And data, a 71-element Vector{Float64}:
 0.0
 0.0
 0.0
 0.703642129819083
 0.10796907039887156
 0.9999999999923591
 0.0
 0.0
 0.11460685743485656
 0.2963578702785952
 0.0
 1.0
 0.0
 0.0
 0.375000000022183
 0.0
 0.0
 0.0
 0.8973782341803795
 0.0
 0.20400761934208897
 0.0
 1.0
 0.39247753443310485
 0.22782092463132805
 0.0
 0.10262176589336648
 0.0
 1.0
 0.06101961443229588
 0.8437018437632597
 0.0
 0.10178464991277437
 0.0
 0.0
 0.0
 0.0
 0.0
 0.15629815626757634
 0.0
 0.0
 0.0
 1.0
 0.0
 0.0
 0.607522465599085
 0.0
 1.0
 0.0
 0.0
 0.0
 0.0
 0.0
 0.0
 0.7959923806864597
 0.0
 0.0
 0.8920309296376105
 0.0
 0.0
 0.0
 0.0
 0.0
 0.0
 0.8371957356549298
 0.0
 0.0
 0.2825722179604287
 0.0
 0.0
 1.0

