objective value: -622.019798366
objective bound: -622.082006486
termination status: OPTIMAL
BARON solution time: 1152.54


w_opt: 1-dimensional DenseAxisArray{Float64,1,...} with index sets:
    Dimension 1, [(25, 1, 2), (25, 1, 1), (25, 1, 14), (20, 1, 2), (20, 1, 1), (20, 1, 14), (1, 1, 2), (1, 1, 1), (1, 1, 14), (2, 1, 2)  …  (20, 15, 23), (20, 15, 3), (8, 15, 30), (8, 15, 29), (8, 15, 23), (8, 15, 3), (2, 15, 30), (2, 15, 29), (2, 15, 23), (2, 15, 3)]
And data, a 261-element Vector{Float64}:
 1.00146093626851
 1.2614477318208202
 0.0
 0.9907983217169054
 1.248017022290083
 0.0
 0.0
 0.0
 0.0
 0.0
 0.0
 0.0
 0.0
 0.0
 0.0
 0.0
 1.9169194194172618
 0.0
 0.0
 1.0830805801478358
 0.0
 0.0
 0.0
 0.0
 0.0
 0.0
 0.0
 0.0
 0.0
 0.672638929215829
 0.42176815226764025
 0.0
 0.0
 0.0
 0.0
 4.244280489178504
 2.6613124246940716
 0.0
 0.0
 0.0
 0.0
 0.0
 0.0
 0.43433042377898856
 1.3865785145436116
 0.0
 0.0
 0.0
 0.0
 0.6641465456472501
 2.1202551796643685
 0.0
 0.0
 0.0
 0.0
 0.0
 0.0
 0.0
 0.0
 1.9999999999312674
 0.9999999992565042
 0.0
 0.0
 0.0
 0.0
 0.0
 0.0
 0.0
 0.0
 0.0
 0.0
 0.0
 0.0
 0.0
 0.40314260896292803
 1.2094278268324496
 0.0
 0.4763829181521371
 1.4291487543880221
 0.0
 0.0
 0.0
 0.0
 0.0
 0.0
 0.0
 0.0
 0.0
 0.0
 0.0
 0.0
 0.0
 1.120474472403975
 3.361423417034553
 0.0
 0.0
 0.0
 0.0
 0.0
 0.0
 0.0
 1.999999997179052
 0.9778939544255347
 0.022106046264661377
 0.0
 0.0
 0.0
 0.0
 0.0
 0.0
 0.0
 0.0
 0.0
 0.0
 0.0
 0.0
 0.0
 0.0
 4.30921654846675
 1.43640551603576
 0.0
 0.0
 0.0
 1.6907834488626619
 0.5635944828486988
 0.0
 0.0
 0.0
 0.0
 0.0
 0.0
 0.0
 0.0
 0.0
 0.0
 0.0
 0.0
 0.0
 0.0
 0.0
 0.0
 0.0
 0.0
 0.0
 0.0
 0.0
 0.0
 0.7149852861651789
 0.0
 0.0
 0.0
 0.0
 0.0
 0.7296455520495687
 0.36482277551155085
 0.0
 0.0
 1.2703544478279762
 0.6351772230224361
 0.0
 0.0
 0.0
 0.0
 0.0
 0.0
 0.0
 0.0
 0.0
 0.0
 0.0
 0.0
 0.0
 0.0
 1.9159354201865681
 0.0
 0.0
 0.0
 0.5908982737251159
 0.0
 0.0
 0.0
 0.0
 0.0
 0.0
 0.0
 0.0
 0.0
 0.0
 0.0
 0.0
 0.0
 0.0
 0.0
 0.0
 1.4091017264378256
 0.9503270923667297
 0.6405711812303294
 0.0
 0.0
 0.0
 0.0
 0.0
 0.0
 0.0
 0.0
 0.0
 1.5293965671219552
 0.7587789509876347
 0.005919332035586612
 0.47060343274027117
 0.2334803063441374
 0.0018214099167982183
 0.0
 0.0
 0.0
 0.0
 0.0
 0.0
 0.0
 0.0
 0.0
 0.0
 0.0
 0.0
 0.0
 0.8290839489062759
 0.8662880429741076
 0.0
 0.0
 0.0
 0.0
 0.0
 0.0
 0.0
 0.0
 0.0
 0.0
 0.0
 0.0
 0.0
 0.0
 0.0
 0.0
 0.0
 0.0
 0.0
 0.0
 0.0
 0.0
 0.0
 0.0
 0.0
 0.0
 0.0
 0.0
 0.0
 0.0
 2.0
 2.276348241445106
 0.0
 0.9999999999141524
x_ij_opt: 1-dimensional DenseAxisArray{Float64,1,...} with index sets:
    Dimension 1, [(43, 30), (43, 22), (43, 6), (44, 22), (45, 30), (45, 29), (45, 28), (45, 24), (45, 23), (40, 29)  …  (5, 7), (5, 14), (6, 4), (6, 3), (1, 14), (1, 10), (1, 23), (1, 1), (3, 2), (3, 1)]
And data, a 116-element Vector{Float64}:
 0.0
 0.08406457867345264
 1.5549035321988511
 0.0
 0.0
 0.0
 1.1709160476821165
 0.0
 0.0
 0.0
 0.0
 0.0
 0.0
 0.0
 0.0
 0.0
 0.0
 0.0
 0.23881534271129523
 0.0
 0.0
 0.0
 0.0
 0.0
 0.0
 0.0
 0.0
 1.9999999962208994
 0.0
 0.0
 0.0
 0.0
 0.0
 0.0
 0.0
 0.0
 0.0
 0.0
 0.0
 0.0
 0.0
 0.0
 0.0
 0.445096467296994
 0.0
 0.0
 0.0
 0.0
 0.0
 0.0
 0.0
 0.0
 0.0
 0.0
 0.0
 0.49316630405442924
 0.0
 0.0
 0.02210604382567795
 1.2850147107877532
 0.0
 0.0
 0.0
 0.0
 6.0
 0.0
 0.0
 0.0
 0.0
 0.7611846563263692
 0.0
 0.0
 0.0
 0.0
 0.0
 0.0
 0.13371195301551372
 0.9015230299181839
 0.0
 0.0
 0.0
 0.0
 0.0
 0.0
 0.0
 0.0
 0.0
 0.0
 0.0
 0.0
 0.0
 0.0
 0.0
 0.0
 0.0
 0.0
 0.0
 0.007740742833463926
 0.0
 0.0
 0.0
 0.0
 0.0
 0.0
 0.0
 0.0
 0.0
 0.0
 0.08308058041098573
 0.0
 0.0
 0.0
 0.04967290796708699
 3.468429199656922
 0.0
 0.0
x_il_opt: 1-dimensional DenseAxisArray{Float64,1,...} with index sets:
    Dimension 1, [(43, 15), (43, 14), (44, 15), (44, 13), (44, 3), (40, 14), (40, 2), (41, 14), (42, 6), (37, 13)  …  (4, 13), (5, 2), (5, 7), (5, 9), (6, 11), (1, 1), (1, 6), (1, 3), (2, 1), (2, 15)]
And data, a 71-element Vector{Float64}:
 0.0
 0.0
 0.0
 2.294094850145177
 1.0944070816076759
 1.6953719920719654
 0.0
 0.0
 0.0
 0.7059051490012068
 0.0
 3.0
 0.0
 0.0
 1.6125704359486897
 0.0
 0.0
 0.0
 5.745622065896471
 0.0
 1.8209089384343946
 0.0
 3.0
 1.0944683275611196
 1.9055316727016698
 0.0
 2.254377932452194
 0.0
 2.506833696450488
 0.7149852867997736
 2.2629086681285617
 0.0
 0.0
 0.0
 0.0
 0.0
 0.0
 0.0
 2.238815344045872
 0.0
 0.0
 0.0
 2.9999999995028626
 0.0
 0.0
 1.9055316708504124
 0.0
 2.9999999978689837
 0.0
 0.0
 0.0
 0.0
 0.0
 0.0
 2.7844017254561995
 0.0
 0.0
 6.905592914226365
 0.0
 0.0
 0.0
 0.0
 0.0
 0.0
 0.0
 0.0
 0.0
 4.481897889666957
 0.0
 0.0
 5.276348241485008
x_lj_opt: 1-dimensional DenseAxisArray{Float64,1,...} with index sets:
    Dimension 1, [(15, 30), (15, 29), (15, 23), (15, 3), (14, 28), (14, 27), (14, 10), (14, 24), (13, 26), (13, 25)  …  (3, 6), (3, 5), (3, 29), (2, 4), (2, 3), (2, 1), (2, 5), (1, 2), (1, 1), (1, 14)]
And data, a 53-element Vector{Float64}:
 2.0
 2.2763482415077236
 0.0
 0.9999999999316684
 0.8290839525186363
 0.866288046748544
 0.0
 0.0
 2.0
 0.9922592574786677
 0.007740741769924692
 1.409101726401659
 0.9503270923402617
 0.6405711811993033
 1.9159354215463344
 0.0
 0.0
 0.0
 0.590898274145342
 0.0
 0.0
 2.0
 0.9999999986102942
 0.7149852893893368
 0.0
 0.0
 5.9999999986771035
 1.9999999994494948
 0.0
 0.0
 1.9999999985646906
 0.9778939551173921
 0.022106046167493683
 2.0
 5.99999999971078
 0.0
 2.0
 0.9999999993782529
 0.0
 0.0
 1.0984769700201804
 3.506833696107467
 0.0
 0.0
 4.916919420165831
 3.0830805780878734
 1.9169194195455932
 0.0
 0.0
 1.0830805802640433
 1.992259258271622
 2.5094647544715327
 0.0
q_opt: 1-dimensional DenseAxisArray{Float64,1,...} with index sets:
    Dimension 1, [(43, 15), (43, 14), (44, 15), (44, 13), (44, 3), (40, 14), (40, 2), (41, 14), (42, 6), (37, 13)  …  (4, 13), (5, 2), (5, 7), (5, 9), (6, 11), (1, 1), (1, 6), (1, 3), (2, 1), (2, 15)]
And data, a 71-element Vector{Float64}:
 0.0
 0.0
 0.0
 0.7646982835302153
 0.13680088521700653
 0.9999999956449438
 0.0
 0.0
 0.0
 0.2353017163671257
 0.0
 1.0
 0.0
 0.0
 0.20157130448406746
 0.0
 0.0
 0.0
 0.7182027582324525
 0.0
 0.39539329055808137
 0.0
 0.9999999999732266
 0.36482277602290153
 0.23819145907853154
 0.0
 0.28179724154392677
 0.0
 0.9999999992922658
 0.9999999954906095
 0.5026760107204286
 0.0
 0.0
 0.0
 0.0
 0.0
 0.0
 0.0
 0.4973239891362221
 0.0
 0.0
 0.0
 0.9999999999254846
 0.0
 0.0
 0.6351772239096359
 0.0
 0.999999999318885
 0.0
 0.0
 0.0
 0.0
 0.0
 0.0
 0.6046067089004246
 0.0
 0.0
 0.8631991144238972
 0.0
 0.0
 0.0
 0.0
 0.0
 0.0
 0.0
 0.0
 0.0
 0.5602372362024723
 0.0
 0.0
 0.9999999999753986

