objective value: -618.702369324
objective bound: -636.033831949
termination status: TIME_LIMIT
BARON solution time: 7228.97


w_opt: 1-dimensional DenseAxisArray{Float64,1,...} with index sets:
    Dimension 1, [(25, 1, 2), (25, 1, 1), (25, 1, 14), (20, 1, 2), (20, 1, 1), (20, 1, 14), (1, 1, 2), (1, 1, 1), (1, 1, 14), (2, 1, 2)  …  (20, 15, 23), (20, 15, 3), (8, 15, 30), (8, 15, 29), (8, 15, 23), (8, 15, 3), (2, 15, 30), (2, 15, 29), (2, 15, 23), (2, 15, 3)]
And data, a 261-element Vector{Float64}:
 0.6784762297801419
 0.5849741289141482
 0.0
 1.2038974144493544
 1.0379860198609099
 0.0
 0.0
 0.0
 0.0
 0.0
 0.0
 0.0
 0.0
 0.0
 0.0
 0.0
 1.8661300284360693
 0.0
 0.0
 1.133869971746811
 0.0
 0.0
 0.0
 0.0
 0.0
 0.0
 0.0
 0.0
 0.0
 0.9235377400303059
 0.5947739113149592
 0.0
 0.0
 0.0
 0.0
 3.406886910683771
 2.1940927430092665
 0.0
 0.0
 0.0
 0.0
 0.5357053786372841
 0.3450033166494038
 0.0
 0.0
 0.0
 0.0
 0.0
 0.0
 1.0382179388212778
 1.0829717804463375
 0.0
 0.0
 0.0
 0.0
 0.0
 0.0
 0.0
 0.0
 2.0
 0.9999999999890772
 0.0
 0.0
 0.0
 0.0
 0.0
 0.0
 0.0
 0.0
 0.0
 0.0
 0.0
 0.0
 0.0
 0.7500000002931342
 2.2500000007149468
 0.0
 0.47832168180550133
 1.4349650453417988
 0.0
 0.0
 0.0
 0.0
 0.0
 0.0
 0.0
 0.0
 0.0
 0.0
 0.0
 0.0
 0.0
 0.7716783181232111
 2.31503495419801
 0.0
 0.0
 0.0
 0.0
 0.0
 0.0
 0.0
 1.693211965170188
 0.8513298020253555
 0.455458233080601
 0.0
 0.0
 0.0
 0.0
 0.0
 0.0
 0.0
 0.0
 0.0
 0.0
 0.0
 0.0
 0.0
 0.0
 2.757575349089787
 2.242424650989736
 0.0
 0.0
 0.0
 1.654545209430503
 1.3454547905623495
 0.0
 0.0
 0.0
 0.0
 0.0
 0.0
 0.0
 0.0
 0.0
 0.0
 0.0
 0.0
 0.0
 0.0
 0.0
 0.0
 0.0
 0.0
 0.0
 0.0
 0.0
 0.0
 0.0
 0.0
 0.0
 0.0
 0.16820646421300672
 0.0
 0.7244755155325532
 0.3622377577031068
 0.0
 0.0
 1.2755244847596228
 0.637762242272032
 0.0
 0.0
 0.0
 0.0
 0.0
 0.0
 0.0
 0.0
 0.0
 0.0
 0.0
 0.0
 0.0
 0.0
 1.6109940151146722
 0.0
 0.0
 0.0
 0.37669795390514543
 0.0
 0.0
 0.0
 0.0
 0.0
 0.0
 0.0
 0.0
 0.0
 0.0
 0.0
 0.0
 0.0
 0.0
 0.0
 0.0
 1.6233020470634545
 1.0
 0.3766979532353673
 0.0
 0.0
 0.0
 0.0
 0.0
 0.0
 0.0
 0.0
 0.0
 1.4530659601994482
 0.6410735527523075
 0.08545942723619494
 0.5469340402398121
 0.24130009090540414
 0.0321669291584483
 0.0
 0.0
 0.0
 0.0
 0.0
 0.0
 0.0
 0.0
 0.0
 0.0
 0.0
 0.0
 0.0
 0.3892282816195932
 0.8148686207010358
 0.0
 0.0
 0.0
 0.0
 0.0
 0.0
 0.0
 0.0
 0.0
 0.0
 0.0
 0.0
 0.0
 0.0
 0.0
 0.0
 0.0
 0.0
 0.0
 0.0
 0.0
 0.0
 0.0
 0.0
 0.0
 0.0
 0.0
 0.0
 0.0
 0.0
 1.996470755475782
 2.489432077156452
 0.0
 1.0
x_ij_opt: 1-dimensional DenseAxisArray{Float64,1,...} with index sets:
    Dimension 1, [(43, 30), (43, 22), (43, 6), (44, 22), (45, 30), (45, 29), (45, 28), (45, 24), (45, 23), (40, 29)  …  (5, 7), (5, 14), (6, 4), (6, 3), (1, 14), (1, 10), (1, 23), (1, 1), (3, 2), (3, 1)]
And data, a 116-element Vector{Float64}:
 0.0
 0.389005985625952
 1.616123476760329
 0.0
 0.0035292449550241157
 0.0
 1.610771718684589
 0.0
 0.0
 0.0
 0.0
 0.0
 0.0
 0.0
 0.0
 0.0
 0.0
 0.0
 0.24188343431421183
 0.0
 0.0
 0.0
 0.0
 0.0
 0.0
 0.0
 0.0
 2.0
 0.0
 0.0
 0.0
 0.0
 0.0
 0.0
 0.0
 0.0
 0.0
 0.0
 0.0
 0.0
 0.0
 0.0
 0.0
 0.3838765240812019
 0.0
 0.0
 0.0
 0.0
 0.0
 0.0
 0.0
 0.0
 0.0
 0.0
 0.0
 1.012308030210801
 0.0
 1.5878794426610432
 0.14867019863028624
 1.831793535727653
 0.0
 0.0
 0.0
 0.0
 6.0
 0.0
 0.0
 0.0
 0.0
 0.7581165660450616
 0.0
 0.0
 0.0
 0.0
 0.0
 0.0
 0.18513137938334948
 0.9617820615262841
 0.0
 0.0
 0.0
 0.0
 0.0
 0.0
 0.0
 0.0
 0.0
 0.0
 0.0
 0.0
 0.0
 0.0
 0.31684074884623525
 0.0
 0.0
 0.0
 0.0
 0.1176263569185343
 0.0
 0.0
 0.0
 0.0
 0.0
 0.0
 0.0
 0.19579162137374154
 0.0
 0.0
 0.13386997203424061
 0.0
 0.11099641413107829
 0.0
 0.0
 3.9215816193508095
 0.0
 0.0
x_il_opt: 1-dimensional DenseAxisArray{Float64,1,...} with index sets:
    Dimension 1, [(43, 15), (43, 14), (44, 15), (44, 13), (44, 3), (40, 14), (40, 2), (41, 14), (42, 6), (37, 13)  …  (4, 13), (5, 2), (5, 7), (5, 9), (6, 11), (1, 1), (1, 6), (1, 3), (2, 1), (2, 15)]
And data, a 71-element Vector{Float64}:
 0.0
 0.0
 0.0
 2.1795989401879505
 1.5183116513789472
 1.2040969025235164
 0.0
 0.0
 0.0
 0.8204010603036646
 0.0
 3.0
 0.0
 0.0
 3.0
 0.0
 0.0
 0.0
 5.000000000554483
 0.0
 0.0
 0.0
 3.0
 1.08671327323566
 1.9132867272503604
 0.0
 3.0
 0.0
 1.9876919706736198
 0.0
 1.263450358726333
 0.0
 0.0
 0.0
 0.0
 0.0
 0.0
 0.0
 2.241883434315504
 0.0
 0.0
 0.0
 3.0
 0.0
 0.0
 1.9132867270316547
 0.0
 3.0
 0.0
 0.0
 0.0
 0.0
 0.0
 0.0
 2.121189719330184
 0.0
 0.0
 5.600979653693038
 0.0
 0.0
 0.0
 0.0
 0.0
 0.0
 0.16820646421974494
 0.0
 0.0
 3.086713272410337
 0.8807086953272223
 0.0
 5.485902832774379
x_lj_opt: 1-dimensional DenseAxisArray{Float64,1,...} with index sets:
    Dimension 1, [(15, 30), (15, 29), (15, 23), (15, 3), (14, 28), (14, 27), (14, 10), (14, 24), (13, 26), (13, 25)  …  (3, 6), (3, 5), (3, 29), (2, 4), (2, 3), (2, 1), (2, 5), (1, 2), (1, 1), (1, 14)]
And data, a 53-element Vector{Float64}:
 1.9964707553428809
 2.4894320769958105
 0.0
 1.0
 0.38922828170242935
 0.8148686208744484
 0.0
 0.0
 2.0
 0.8823736435692395
 0.11762635640288296
 1.6233020469118395
 1.0
 0.37669795321654337
 1.6109940149559883
 0.0
 0.0
 0.0
 0.3766979538680405
 0.0
 0.0
 2.0
 0.9999999999347621
 0.16820646465756076
 0.0
 0.0
 4.412120558128131
 3.5878794412687416
 0.0
 0.0
 1.6932119650752628
 0.8513298019879567
 0.4554582330704175
 2.0
 5.999999999907281
 0.0
 2.0
 0.9999999999482228
 0.0
 0.0
 1.0382179387589825
 1.0829717803813568
 0.0
 0.0
 4.866130029154004
 3.13386997087135
 1.8661300283402902
 0.0
 0.0
 1.1338699717186536
 1.8823736440648544
 1.6229601486339398
 0.0
q_opt: 1-dimensional DenseAxisArray{Float64,1,...} with index sets:
    Dimension 1, [(43, 15), (43, 14), (44, 15), (44, 13), (44, 3), (40, 14), (40, 2), (41, 14), (42, 6), (37, 13)  …  (4, 13), (5, 2), (5, 7), (5, 9), (6, 11), (1, 1), (1, 6), (1, 3), (2, 1), (2, 15)]
And data, a 71-element Vector{Float64}:
 0.0
 0.0
 0.0
 0.7265329800349084
 0.18978895641865823
 0.9999999997871786
 0.0
 0.0
 0.0
 0.2734670200980199
 0.0
 1.0
 0.0
 0.0
 0.3750000001251089
 0.0
 0.0
 0.0
 0.6250000000591861
 0.0
 0.0
 0.0
 1.0
 0.3622377577327839
 0.23916084089409653
 0.0
 0.37500000003850054
 0.0
 1.0
 0.0
 0.3604365328418122
 0.0
 0.0
 0.0
 0.0
 0.0
 0.0
 0.0
 0.6395634672450172
 0.0
 0.0
 0.0
 1.0
 0.0
 0.0
 0.6377622423197091
 0.0
 1.0
 0.0
 0.0
 0.0
 0.0
 0.0
 0.0
 1.0
 0.0
 0.0
 0.7001224567105125
 0.0
 0.0
 0.0
 0.0
 0.0
 0.0
 0.999999997357093
 0.0
 0.0
 0.38583915903912425
 0.11008858691158792
 0.0
 1.0

