objective value: -615.339433248
objective bound: -615.400973346
termination status: OPTIMAL
BARON solution time: 1005.58


w_opt: 1-dimensional DenseAxisArray{Float64,1,...} with index sets:
    Dimension 1, [(25, 1, 2), (25, 1, 1), (25, 1, 14), (20, 1, 2), (20, 1, 1), (20, 1, 14), (1, 1, 2), (1, 1, 1), (1, 1, 14), (2, 1, 2)  …  (20, 15, 23), (20, 15, 3), (8, 15, 30), (8, 15, 29), (8, 15, 23), (8, 15, 3), (2, 15, 30), (2, 15, 29), (2, 15, 23), (2, 15, 3)]
And data, a 261-element Vector{Float64}:
 0.5751117231563949
 0.3709169349859583
 0.0
 1.3376884792497703
 0.8627424868181128
 0.0
 0.0
 0.0
 0.0
 0.0
 0.0
 0.0
 0.0
 0.0
 0.0
 0.0
 0.0
 0.0
 0.0
 3.0
 0.0
 0.0
 0.0
 0.0
 0.0
 0.0
 0.0
 0.0
 0.0
 0.0
 0.0
 0.0
 0.0
 0.0
 0.0
 0.0
 0.0
 0.0
 0.0
 0.0
 0.0
 0.0
 0.8835819246443783
 0.20442137317141862
 0.5472280996035548
 0.05634643684067622
 0.0
 0.0
 0.0
 0.7453875144415091
 1.9953128120009342
 0.2054596805056718
 0.0
 0.0
 0.0
 0.0
 0.0
 0.0
 0.0
 1.8074806146196185
 1.0
 0.0
 0.0
 0.0
 0.0
 0.0
 0.0
 0.0
 0.0
 0.0
 0.0
 0.0
 0.0
 0.0
 0.75
 2.25
 0.0
 0.4813168611775973
 1.443950583532792
 0.0
 0.0
 0.0
 0.0
 0.0
 0.0
 0.0
 0.0
 0.0
 0.0
 0.0
 0.0
 0.0
 0.7686831388224027
 2.306049416467208
 0.0
 0.0
 0.0
 0.0
 0.0
 0.0
 0.0
 2.0
 0.9135224593826262
 0.0864775406173739
 0.0
 0.0
 0.0
 0.0
 0.0
 0.0
 0.0
 0.0
 0.0
 0.0
 0.0
 0.0
 0.0
 0.0
 4.5183513570168
 2.8580384766417213
 0.0
 0.0
 0.0
 0.38198765315810146
 0.24162251318337757
 0.0
 0.0
 0.0
 0.0
 0.0
 0.0
 0.0
 0.0
 0.0
 0.0
 0.0
 0.0
 0.0
 0.0
 0.0
 0.0
 0.0
 0.0
 0.0
 0.0
 0.0
 0.0
 0.0
 0.20043096606788308
 0.0
 0.0
 0.0
 0.0
 0.7164921428195867
 0.35824041247002386
 0.0
 0.0
 1.2835078571804135
 0.641753287970444
 0.0
 0.0
 0.0
 0.0
 0.0
 0.0
 0.0
 0.0
 0.0
 0.0
 0.0
 0.0
 0.0
 0.0
 1.5012206707264981
 8.423399906317171e-5
 0.0
 0.0
 0.5505599121788161
 0.5903370845252107
 0.0
 0.0
 0.0
 0.0
 0.0
 0.0
 0.0
 0.0
 0.0
 0.0
 0.0
 0.0
 0.0
 0.0
 0.0
 1.4494400878211842
 0.9032135787186452
 0.6473463334601708
 0.0
 0.0
 0.0
 0.0
 0.0
 0.0
 0.0
 0.0
 0.0
 1.5550613448072337
 0.7097280090182685
 0.06780266338534822
 0.0
 0.0
 0.0
 0.0
 0.0
 0.0
 0.4449386551927664
 0.20306605594603824
 0.019397134208486776
 0.0
 0.0
 0.0
 0.0
 0.0
 0.0
 0.0
 0.3559603579871613
 0.7081522607007193
 0.0
 0.0
 0.0
 0.0
 0.0
 0.0
 0.0
 0.0
 0.0
 0.0
 0.0
 0.0
 0.0
 0.0
 0.0
 0.0
 0.0
 0.0
 0.0
 0.0
 0.0
 0.0
 0.0
 0.0
 0.0
 0.0
 0.0
 0.0
 0.0
 0.0
 1.1384262286852245
 4.469071741895451
 0.0
 1.0
x_ij_opt: 1-dimensional DenseAxisArray{Float64,1,...} with index sets:
    Dimension 1, [(43, 30), (43, 22), (43, 6), (44, 22), (45, 30), (45, 29), (45, 28), (45, 24), (45, 23), (40, 29)  …  (5, 7), (5, 14), (6, 4), (6, 3), (1, 14), (1, 10), (1, 23), (1, 1), (3, 2), (3, 1)]
And data, a 116-element Vector{Float64}:
 0.0
 0.4987793292735018
 1.3763898336585216
 0.0
 0.8615737713147754
 0.0
 1.6440396420128387
 0.0
 0.0
 0.0
 0.0
 0.0
 0.0
 0.0
 0.0
 0.0
 0.0
 0.0
 0.0
 0.0
 0.7349639387939
 0.0
 0.0
 0.0
 0.0
 0.0
 0.0
 2.0
 0.0
 0.0
 0.0
 0.0
 0.0
 0.0
 0.0
 0.0
 0.0
 0.0
 0.0
 0.0
 0.0
 0.0
 0.0
 0.6236101663414784
 0.0
 0.0
 0.0
 0.0
 0.0
 0.0
 0.0
 0.0
 0.0
 0.0
 0.0
 0.3577980985704121
 0.0
 1.0996609898250984
 0.08647754061737378
 2.0
 0.0
 0.0
 0.0
 0.0
 5.999915766000937
 0.0
 0.0
 0.0
 0.0
 0.7995690339321169
 0.0
 0.0
 0.0
 0.0
 0.0
 0.0
 0.2918477392992807
 1.0501911123870722
 0.0
 0.0
 0.0
 0.0
 0.0
 0.0
 0.0
 0.0
 0.0
 0.19251938538038155
 0.0
 0.0
 0.0
 0.0
 0.0
 0.0
 0.0
 0.0
 0.0
 0.0872059350356933
 0.0
 0.0
 0.0
 0.0
 0.0
 0.0
 0.0
 0.0
 0.0
 0.0
 1.738193882653652
 0.0
 0.0
 0.0
 0.09678642128135483
 3.9448990987846546
 0.0
 0.0
x_il_opt: 1-dimensional DenseAxisArray{Float64,1,...} with index sets:
    Dimension 1, [(43, 15), (43, 14), (44, 15), (44, 13), (44, 3), (40, 14), (40, 2), (41, 14), (42, 6), (37, 13)  …  (4, 13), (5, 2), (5, 7), (5, 9), (6, 11), (1, 1), (1, 6), (1, 3), (2, 1), (2, 15)]
And data, a 71-element Vector{Float64}:
 0.0
 0.0
 0.0
 2.3325920172108505
 0.0
 1.0641126186878807
 0.0
 0.0
 0.0
 0.0
 0.0
 3.0
 0.0
 0.0
 3.0
 0.0
 0.0
 0.0
 7.376389833658521
 0.0
 0.8079959096156496
 0.0
 3.0
 1.0747325552896105
 1.9252674447103892
 0.0
 0.623610166341479
 0.0
 2.642201901429588
 0.20043096606788308
 0.9460286581423532
 0.6674018453472914
 0.0
 0.0
 0.0
 0.0
 0.0
 0.0
 2.2004309660678834
 0.0
 0.0
 0.0
 2.8074806146196183
 0.0
 0.0
 1.9252611451508574
 0.0
 3.0
 0.0
 0.0
 0.0
 0.0
 0.0
 0.0
 2.946160006948115
 0.0
 0.0
 0.0
 0.0
 0.0
 0.0
 0.0
 0.0
 0.0
 0.0
 0.0
 0.0
 3.0747325552896108
 0.8835819246443783
 0.0
 6.607497970580676
x_lj_opt: 1-dimensional DenseAxisArray{Float64,1,...} with index sets:
    Dimension 1, [(15, 30), (15, 29), (15, 23), (15, 3), (14, 28), (14, 27), (14, 10), (14, 24), (13, 26), (13, 25)  …  (3, 6), (3, 5), (3, 29), (2, 4), (2, 3), (2, 1), (2, 5), (1, 2), (1, 1), (1, 14)]
And data, a 53-element Vector{Float64}:
 1.1384262286852245
 4.469071741895451
 0.0
 1.0
 0.3559603579871613
 0.7081522607007193
 0.0
 0.0
 2.0
 0.9127940649643067
 0.087199797593835
 1.4494400878211842
 0.9032135787186452
 0.6473463334601708
 1.5012206707264981
 8.423399906317171e-5
 0.0
 0.0
 0.5505599121788158
 0.5903370845252107
 0.0
 2.0
 0.9999937004404678
 0.0
 0.20043096606788313
 0.0
 4.900339010174902
 3.099660989825099
 0.0
 0.0
 2.0
 0.9135224593826262
 0.0864775406173739
 2.0
 6.0
 0.0
 1.8074806146196185
 1.0
 0.0
 0.0
 0.9498088876129278
 2.542540911604489
 0.261806117346348
 0.0
 0.0
 0.8835819246443783
 0.0
 0.0
 0.0
 3.0
 1.912800202406165
 1.233659421804072
 0.0
q_opt: 1-dimensional DenseAxisArray{Float64,1,...} with index sets:
    Dimension 1, [(43, 15), (43, 14), (44, 15), (44, 13), (44, 3), (40, 14), (40, 2), (41, 14), (42, 6), (37, 13)  …  (4, 13), (5, 2), (5, 7), (5, 9), (6, 11), (1, 1), (1, 6), (1, 3), (2, 1), (2, 15)]
And data, a 71-element Vector{Float64}:
 0.0
 0.0
 0.0
 0.7775306724036168
 0.0
 1.0
 0.0
 0.0
 0.0
 0.0
 0.0
 1.0
 0.0
 0.0
 0.375
 0.0
 0.0
 0.0
 0.9220487292073152
 0.0
 0.21522882762905965
 0.0
 1.0
 0.3582460714097933
 0.24065843058879866
 0.0
 0.07795127079268488
 0.0
 1.0
 1.0
 0.30066429220745977
 0.2224693275963832
 0.0
 0.0
 0.0
 0.0
 0.0
 0.0
 0.6993357077925402
 0.0
 0.0
 0.0
 1.0
 0.0
 0.0
 0.6417539285902067
 0.0
 1.0
 0.0
 0.0
 0.0
 0.0
 0.0
 0.0
 0.7847711723709403
 0.0
 0.0
 0.0
 0.0
 0.0
 0.0
 0.0
 0.0
 0.0
 0.0
 0.0
 0.0
 0.38434156941120134
 1.0
 0.0
 1.0

