objective value: -620.869884277
objective bound: -620.931977469
termination status: OPTIMAL
BARON solution time: 6909.45


w_opt: 1-dimensional DenseAxisArray{Float64,1,...} with index sets:
    Dimension 1, [(25, 1, 2), (25, 1, 1), (25, 1, 14), (20, 1, 2), (20, 1, 1), (20, 1, 14), (1, 1, 2), (1, 1, 1), (1, 1, 14), (2, 1, 2)  …  (20, 15, 23), (20, 15, 3), (8, 15, 30), (8, 15, 29), (8, 15, 23), (8, 15, 3), (2, 15, 30), (2, 15, 29), (2, 15, 23), (2, 15, 3)]
And data, a 261-element Vector{Float64}:
 1.2097067448530774
 0.0
 0.0
 0.7902932550486521
 0.0
 0.0
 0.0
 0.0
 0.0
 0.0
 0.0
 0.0
 0.0
 0.0
 0.0
 0.0
 2.0
 0.0
 0.0
 1.0000000004210428
 0.0
 0.0
 0.0
 0.0
 0.0
 0.0
 0.0
 0.0
 0.0
 0.34163452594256744
 0.14312809022200007
 0.0
 0.0
 0.0
 0.0
 4.658365474775344
 1.9516263823779434
 0.0
 0.0
 0.0
 0.0
 0.0
 0.0
 0.0
 0.0
 0.0
 0.0
 0.0
 0.0
 1.0533307160424212
 1.3651031373428606
 0.0
 0.0
 0.0
 0.0
 0.0
 0.0
 0.0
 0.0
 2.0
 1.0
 0.0
 0.0
 0.0
 0.0
 0.0
 0.0
 0.0
 0.0
 0.0
 0.0
 0.0
 0.0
 0.0
 0.7377170457670146
 2.2131511371592505
 0.0
 0.5724667354323809
 1.7174002061771965
 0.0
 0.0
 0.0
 0.0
 0.0
 0.0
 0.0
 0.0
 0.0
 0.0
 0.0
 0.0
 0.0
 0.6898162191131775
 2.0694486572040076
 0.0
 0.0
 0.0
 0.0
 0.0
 0.0
 0.0
 1.296116665595671
 0.9141748944533853
 0.7897084402151421
 0.0
 0.0
 0.0
 0.0
 0.0
 0.0
 0.0
 0.0
 0.0
 0.0
 0.0
 0.0
 0.0
 0.0
 3.854482701016221
 3.3241072094678774
 0.0
 0.0
 0.0
 0.4410491508420652
 0.3803609396553419
 0.0
 0.0
 0.0
 0.0
 0.0
 0.0
 0.0
 0.0
 0.0
 0.0
 0.0
 0.0
 0.0
 0.0
 0.0
 0.0
 0.0
 0.0
 0.0
 0.0
 0.0
 0.0
 0.0
 0.0
 0.0
 0.0
 0.0
 0.0
 0.47342203929874116
 0.23671101960847898
 0.0
 0.0
 1.5265779609625933
 0.7632889803494393
 0.0
 0.0
 0.0
 0.0
 0.0
 0.0
 0.0
 0.0
 0.0
 0.0
 0.0
 0.0
 0.0
 0.0
 2.0
 0.0
 0.0
 0.0
 0.5261311631331865
 0.0
 0.0
 0.0
 0.0
 0.0
 0.0
 0.0
 0.0
 0.0
 0.0
 0.0
 0.0
 0.0
 0.0
 0.0
 0.0
 1.4738688378393403
 1.0
 0.5261311623600473
 0.0
 0.0
 0.0
 0.0
 0.0
 0.0
 0.0
 0.0
 0.0
 1.3816823704635757
 0.6908411846646887
 0.0
 0.6183176299187003
 0.3091588147055674
 0.0
 0.0
 0.0
 0.0
 0.0
 0.0
 0.0
 0.0
 0.0
 0.0
 0.0
 0.0
 0.0
 0.0
 0.27317180306283056
 0.8901760368775175
 0.0
 0.0
 0.0
 0.0
 0.0
 0.0
 0.0
 0.0
 0.0
 0.0
 0.0
 0.0
 0.0
 0.0
 0.0
 0.0
 0.0
 0.0
 0.0
 0.0
 0.0
 0.0
 0.0
 0.0
 0.0
 0.0
 0.0
 0.0
 0.0
 0.0
 0.6629045284652685
 3.379114366546224
 0.0
 0.9145355219761051
x_ij_opt: 1-dimensional DenseAxisArray{Float64,1,...} with index sets:
    Dimension 1, [(43, 30), (43, 22), (43, 6), (44, 22), (45, 30), (45, 29), (45, 28), (45, 24), (45, 23), (40, 29)  …  (5, 7), (5, 14), (6, 4), (6, 3), (1, 14), (1, 10), (1, 23), (1, 1), (3, 2), (3, 1)]
And data, a 116-element Vector{Float64}:
 0.0
 0.0
 1.1785899100600328
 0.0
 1.3370954718858423
 0.0
 1.7268281972960269
 0.0
 0.0
 0.0
 0.0
 0.0
 0.0
 0.0
 0.0
 0.0
 0.0
 0.0
 0.27407651177374254
 0.0
 0.0
 0.0
 0.0
 0.0
 0.0
 0.0
 0.0
 2.0
 0.0
 0.0
 0.0
 0.0
 0.0
 0.0
 0.0
 0.0
 0.0
 0.0
 0.0
 0.0
 0.0
 0.0
 0.0
 0.8214100907924892
 0.0
 0.0
 0.0
 0.0
 0.0
 0.0
 0.0
 0.0
 0.0
 0.0
 0.0
 0.4738688368684334
 0.0
 1.7044681494081082
 0.08582510623120179
 2.0
 0.0
 0.0
 0.0
 0.0
 6.0
 0.0
 0.0
 0.0
 0.0
 0.7259234886118127
 0.0
 0.0
 0.0
 0.0
 0.0
 0.0
 0.1098239632867757
 0.9466692842911582
 0.0
 0.0
 0.0
 0.0
 0.0
 0.0
 0.0
 0.0
 0.0
 0.0
 0.0
 0.0
 0.0
 0.0
 0.4565598778397347
 0.0
 0.0
 0.0
 0.0
 0.0
 0.0
 0.08546447858802161
 0.0
 0.0
 0.0
 0.0
 0.0
 0.6734397712572192
 0.0
 0.0
 0.0
 0.0
 0.030443563807356747
 0.0
 0.0
 5.210291560980759
 0.0
 0.0
x_il_opt: 1-dimensional DenseAxisArray{Float64,1,...} with index sets:
    Dimension 1, [(43, 15), (43, 14), (44, 15), (44, 13), (44, 3), (40, 14), (40, 2), (41, 14), (42, 6), (37, 13)  …  (4, 13), (5, 2), (5, 7), (5, 9), (6, 11), (1, 1), (1, 6), (1, 3), (2, 1), (2, 15)]
And data, a 71-element Vector{Float64}:
 0.0
 0.0
 0.0
 2.072523555576753
 0.4847626161589132
 1.163347839743633
 0.0
 0.0
 0.0
 0.9274764448249714
 0.0
 3.0
 0.0
 0.0
 2.9508681828895855
 0.0
 0.0
 0.0
 7.1785899102310715
 0.0
 0.0
 0.0
 3.0
 0.7101330589072201
 2.289866941586074
 0.0
 0.8214100904692643
 0.0
 2.5261311639226034
 0.0
 1.2097067447381726
 0.0
 0.0
 0.0
 0.0
 0.0
 0.0
 0.0
 0.7902932549735858
 0.0
 0.0
 0.0
 3.0
 0.0
 0.0
 2.2898669413120327
 0.0
 3.0
 0.0
 0.0
 0.0
 0.0
 0.0
 0.0
 2.418433853296863
 0.0
 0.0
 6.609991857076188
 0.0
 0.0
 0.0
 0.0
 0.0
 0.0
 0.0
 0.0
 0.0
 2.7592648762843566
 0.0
 0.0
 4.956554416923786
x_lj_opt: 1-dimensional DenseAxisArray{Float64,1,...} with index sets:
    Dimension 1, [(15, 30), (15, 29), (15, 23), (15, 3), (14, 28), (14, 27), (14, 10), (14, 24), (13, 26), (13, 25)  …  (3, 6), (3, 5), (3, 29), (2, 4), (2, 3), (2, 1), (2, 5), (1, 2), (1, 1), (1, 14)]
And data, a 53-element Vector{Float64}:
 0.6629045284116539
 3.3791143662629732
 0.0
 0.9145355219012289
 0.27317180309779937
 0.8901760369921232
 0.0
 0.0
 2.0
 0.9999999992768809
 0.0
 1.4738688376964673
 1.0
 0.5261311623089515
 2.0
 0.0
 0.0
 0.0
 0.526131163094454
 0.0
 0.0
 2.0
 0.9999999999255756
 0.0
 0.0
 0.0
 4.295531851542011
 3.704468148850467
 0.0
 0.0
 1.296116665523369
 0.9141748944023892
 0.7897084401710893
 2.0
 6.0
 0.0
 2.0
 1.0
 0.0
 0.0
 1.0533307160014667
 1.3651031372897844
 0.0
 0.0
 5.000000000532543
 2.0947544725222835
 1.9999999999214197
 0.0
 0.0
 1.0000000003531941
 1.9999999998421956
 0.0
 0.0
q_opt: 1-dimensional DenseAxisArray{Float64,1,...} with index sets:
    Dimension 1, [(43, 15), (43, 14), (44, 15), (44, 13), (44, 3), (40, 14), (40, 2), (41, 14), (42, 6), (37, 13)  …  (4, 13), (5, 2), (5, 7), (5, 9), (6, 11), (1, 1), (1, 6), (1, 3), (2, 1), (2, 15)]
And data, a 71-element Vector{Float64}:
 0.0
 0.0
 0.0
 0.6908411851642493
 0.06832690518123606
 0.9999999998709413
 0.0
 0.0
 0.0
 0.30915881492912584
 0.0
 1.0
 0.0
 0.0
 0.36885852284853154
 0.0
 0.0
 0.0
 0.8973237387664906
 0.0
 0.0
 0.0
 1.0
 0.23671101962609603
 0.2862333676865677
 0.0
 0.10267626130713638
 0.0
 1.0
 0.04043093614840692
 0.604853372474263
 0.0
 0.11657850982389648
 0.0
 0.0
 0.0
 0.0
 0.0
 0.395146627555504
 0.0
 0.0
 0.0
 1.0
 0.0
 0.0
 0.7632889804062465
 0.0
 1.0
 0.0
 0.0
 0.0
 0.0
 0.0
 0.0
 1.0
 0.0
 0.0
 0.9316730948558377
 0.0
 0.0
 0.0
 0.0
 0.0
 0.0
 0.8429905540276966
 0.0
 0.0
 0.34490810952314865
 0.0
 0.0
 1.0

