objective value: -623.504802798
objective bound: -639.781989949
termination status: TIME_LIMIT
BARON solution time: 7225.81


w_opt: 1-dimensional DenseAxisArray{Float64,1,...} with index sets:
    Dimension 1, [(25, 1, 2), (25, 1, 1), (25, 1, 14), (20, 1, 2), (20, 1, 1), (20, 1, 14), (1, 1, 2), (1, 1, 1), (1, 1, 14), (2, 1, 2)  …  (20, 15, 23), (20, 15, 3), (8, 15, 30), (8, 15, 29), (8, 15, 23), (8, 15, 3), (2, 15, 30), (2, 15, 29), (2, 15, 23), (2, 15, 3)]
And data, a 261-element Vector{Float64}:
 1.0626350875894206
 1.8991432422000907
 0.0
 0.8024324678628957
 1.4341086761221236
 0.0
 0.0
 0.0
 0.0
 0.0
 0.0
 0.0
 0.0
 0.0
 0.0
 0.0
 1.8448876685791196
 0.0
 0.0
 1.1551123318839158
 0.0
 0.0
 0.0
 0.0
 0.0
 0.0
 0.0
 0.0
 0.0
 2.6420235848825278
 1.508426321205708
 0.0
 0.0
 0.0
 0.0
 0.0
 0.0
 0.0
 0.0
 0.0
 0.0
 2.2028640844730023
 1.2576943620302836
 0.39419898089925876
 1.1168583559428618
 0.05873564013145946
 0.0
 0.0
 0.0
 0.6468235232365491
 1.8326030551858796
 0.09637669179843406
 0.0
 0.0
 0.0
 0.0
 0.0
 0.0
 0.0
 2.0
 1.0
 0.0
 0.0
 0.0
 0.0
 0.0
 0.0
 0.0
 0.0
 0.0
 0.0
 0.1403073797021635
 0.4209221390719025
 0.0
 0.7500000002218254
 2.25000000061504
 0.0
 0.5532314891915694
 1.6596944675290204
 0.0
 0.0
 0.0
 0.0
 0.0
 0.0
 0.0
 0.0
 0.0
 0.0
 0.0
 0.0
 0.0
 0.5564611311827617
 1.6693833935024767
 0.0
 0.0
 0.0
 0.0
 0.0
 0.0
 0.0
 1.6850706177146764
 0.961778329778587
 0.35315105278467934
 0.0
 0.0
 0.0
 0.0
 0.0
 0.0
 0.0
 0.0
 0.0
 0.0
 0.0
 0.0
 0.0
 0.0
 5.527806004885665
 1.8426020007079513
 0.0
 0.0
 0.0
 0.4721939962917297
 0.15739799868970744
 0.0
 0.0
 0.0
 0.0
 0.0
 0.0
 0.0
 0.0
 0.0
 0.0
 0.0
 0.0
 0.0
 0.0
 0.0
 0.0
 0.0
 0.0
 0.0
 0.0
 0.0
 0.0
 0.0
 0.0
 0.0
 0.0
 0.0
 0.0
 0.5247160292403421
 0.262358014574178
 0.0
 0.0
 1.4752839710574053
 0.7376419854076104
 0.0
 0.0
 0.0
 0.0
 0.0
 0.0
 0.0
 0.0
 0.0
 0.0
 0.0
 0.0
 0.0
 0.0
 1.6552348094680276
 0.0
 0.0
 0.0
 0.29422659997772627
 0.0
 0.0
 0.0
 0.0
 0.0
 0.0
 0.0
 0.0
 0.0
 0.0
 0.0
 0.0
 0.0
 0.0
 0.0
 0.0
 1.7057734009899936
 1.0
 0.2942265993093856
 0.0
 0.0
 0.0
 0.0
 0.0
 0.0
 0.0
 0.0
 0.0
 1.5026149160021602
 0.6499317055482523
 0.10137575233760562
 0.4973850844950342
 0.21513584939675776
 0.03355669279545586
 0.0
 0.0
 0.0
 0.0
 0.0
 0.0
 0.0
 0.0
 0.0
 0.0
 0.0
 0.0
 0.0
 0.46057339886470233
 0.599871795175503
 0.0
 0.0
 0.0
 0.0
 0.0
 0.0
 0.0
 0.0
 0.0
 0.0
 0.0
 0.0
 0.0
 0.0
 0.0
 0.0
 0.0
 0.0
 0.0
 0.0
 0.0
 0.0
 0.0
 0.0
 0.0
 0.0
 0.0
 0.0
 0.0
 0.0
 1.606480196269853
 2.939652719012609
 0.0
 1.0
x_ij_opt: 1-dimensional DenseAxisArray{Float64,1,...} with index sets:
    Dimension 1, [(43, 30), (43, 22), (43, 6), (44, 22), (45, 30), (45, 29), (45, 28), (45, 24), (45, 23), (40, 29)  …  (5, 7), (5, 14), (6, 4), (6, 3), (1, 14), (1, 10), (1, 23), (1, 1), (3, 2), (3, 1)]
And data, a 116-element Vector{Float64}:
 0.0
 0.34476519119693116
 1.370408005742769
 0.0
 0.39351980418886023
 0.0
 1.539426601542091
 0.0
 0.0
 0.0
 0.0
 0.0
 0.0
 0.0
 0.0
 0.0
 0.0
 0.0
 0.236541143570996
 0.0
 0.0
 0.0
 0.0
 0.0
 0.0
 0.0
 0.0
 2.0
 0.0
 0.0
 0.0
 0.0
 0.0
 0.0
 0.0
 0.0
 0.0
 0.0
 0.0
 0.0
 0.0
 0.0
 0.0
 0.6295919951153416
 0.0
 0.0
 0.0
 0.0
 0.0
 0.0
 0.0
 0.0
 0.0
 0.0
 0.0
 1.0505385907462992
 0.0
 0.0
 0.03822167026928691
 2.0
 0.0
 0.0
 0.0
 0.0
 6.0
 0.0
 0.0
 0.0
 0.0
 0.7634588567916499
 0.0
 0.0
 0.0
 0.0
 0.0
 0.0
 0.400128205120142
 0.958977496203134
 0.0
 0.0
 0.0
 0.0
 0.0
 0.0
 0.0
 0.0
 0.0
 0.0
 0.0
 0.0
 0.0
 0.0
 0.0
 0.0
 0.0
 0.0
 0.0
 0.13493244566061435
 0.0
 0.0
 0.0
 0.0
 0.0
 0.0
 0.0
 0.3149293830653171
 0.0
 0.0
 0.0
 0.0
 0.0
 0.0
 0.0
 2.3135970301199897
 0.0
 0.0
x_il_opt: 1-dimensional DenseAxisArray{Float64,1,...} with index sets:
    Dimension 1, [(43, 15), (43, 14), (44, 15), (44, 13), (44, 3), (40, 14), (40, 2), (41, 14), (42, 6), (37, 13)  …  (4, 13), (5, 2), (5, 7), (5, 9), (6, 11), (1, 1), (1, 6), (1, 3), (2, 1), (2, 15)]
And data, a 71-element Vector{Float64}:
 0.0
 0.0
 0.0
 2.253922373888018
 4.150449906088236
 1.0604451940402053
 0.0
 0.0
 0.5612295187742379
 0.7460776266872478
 0.0
 3.0
 0.0
 0.0
 3.0
 0.0
 0.0
 0.0
 7.370408006090674
 0.0
 1.56979297697358
 0.0
 3.0
 0.7870740438145201
 2.2129259567205897
 0.0
 0.6295919950307546
 0.0
 1.9494614103249805
 0.0
 2.961778329789511
 0.0
 0.0
 0.0
 0.0
 0.0
 0.0
 0.0
 2.2365411439850194
 0.0
 0.0
 0.0
 3.0
 0.0
 0.0
 2.212925956465016
 0.0
 3.0
 0.0
 0.0
 0.0
 0.0
 0.0
 0.0
 2.5758032702208626
 0.0
 0.0
 0.0
 0.0
 0.0
 0.0
 0.0
 0.0
 0.0
 0.0
 0.0
 0.0
 2.2258445246852383
 3.4605584465032857
 0.0
 5.546132915282462
x_lj_opt: 1-dimensional DenseAxisArray{Float64,1,...} with index sets:
    Dimension 1, [(15, 30), (15, 29), (15, 23), (15, 3), (14, 28), (14, 27), (14, 10), (14, 24), (13, 26), (13, 25)  …  (3, 6), (3, 5), (3, 29), (2, 4), (2, 3), (2, 1), (2, 5), (1, 2), (1, 1), (1, 14)]
And data, a 53-element Vector{Float64}:
 1.6064801961096502
 2.93965271871946
 0.0
 0.9999999999980352
 0.4605733988515321
 0.5998717951583503
 0.0
 0.0
 2.0
 0.8650675548334532
 0.13493244514453318
 1.7057734008292995
 1.0
 0.29422659929936784
 1.655234809367889
 0.0
 0.0
 0.0
 0.29422659995993833
 0.0
 0.0
 2.0
 0.9999999999403165
 0.0
 0.0
 0.0
 6.0
 1.9999999992155726
 0.0
 0.0
 1.6850706176216472
 0.9617783297346464
 0.353151052782045
 2.0
 6.0
 0.0
 2.0
 1.0
 0.0
 0.0
 1.0410225040863053
 2.949461410988489
 0.15511233192251764
 0.0
 4.844887669067269
 2.7661206830713962
 1.8448876684616835
 0.0
 0.0
 1.1551123318174614
 1.8650675553434617
 3.3332519181275044
 0.0
q_opt: 1-dimensional DenseAxisArray{Float64,1,...} with index sets:
    Dimension 1, [(43, 15), (43, 14), (44, 15), (44, 13), (44, 3), (40, 14), (40, 2), (41, 14), (42, 6), (37, 13)  …  (4, 13), (5, 2), (5, 7), (5, 9), (6, 11), (1, 1), (1, 6), (1, 3), (2, 1), (2, 15)]
And data, a 71-element Vector{Float64}:
 0.0
 0.0
 0.0
 0.7513074579318391
 0.5453219486905393
 1.0
 0.0
 0.0
 0.07015368983755299
 0.2486925422271303
 0.0
 1.0
 0.0
 0.0
 0.3750000000838398
 0.0
 0.0
 0.0
 0.921301000724635
 0.0
 0.3786651867293139
 0.0
 1.0
 0.26235801459588726
 0.2766157445729914
 0.0
 0.07869899936957082
 0.0
 1.0
 0.338821317789403
 0.5697568887220678
 0.0
 0.1612143818976239
 0.0
 0.0
 0.0
 0.0
 0.0
 0.43024311133580717
 0.0
 0.0
 0.0
 1.0
 0.0
 0.0
 0.7376419854576861
 0.0
 1.0
 0.0
 0.0
 0.0
 0.0
 0.0
 0.0
 0.6213348133182379
 0.0
 0.0
 0.0
 0.0
 0.0
 0.0
 0.0
 0.0
 0.0
 0.4999643003129731
 0.0
 0.0
 0.2782305655685066
 0.4546780513689586
 0.0
 1.0

