objective value: -616.549994643
objective bound: -636.326363377
termination status: TIME_LIMIT
BARON solution time: 7227.86


w_opt: 1-dimensional DenseAxisArray{Float64,1,...} with index sets:
    Dimension 1, [(25, 1, 2), (25, 1, 1), (25, 1, 14), (20, 1, 2), (20, 1, 1), (20, 1, 14), (1, 1, 2), (1, 1, 1), (1, 1, 14), (2, 1, 2)  …  (20, 15, 23), (20, 15, 3), (8, 15, 30), (8, 15, 29), (8, 15, 23), (8, 15, 3), (2, 15, 30), (2, 15, 29), (2, 15, 23), (2, 15, 3)]
And data, a 261-element Vector{Float64}:
 1.1034016678391383
 1.6907342691378295
 0.0
 0.8965982190818619
 1.3738618758563592
 0.0
 0.0
 1.2768270019773235e-8
 0.0
 0.0
 1.258030825238872e-8
 0.0
 0.0
 0.0
 0.0
 0.0
 1.9306288491444474
 0.0
 3.838566842380201e-7
 1.069370751238325
 0.0
 0.0
 0.0
 0.0
 0.0
 0.0
 0.0
 0.0
 3.777903892398836e-8
 2.3866992494994075
 1.2904815925009108
 0.0
 0.0
 0.0
 1.651415277188749e-8
 1.0576430558135914
 0.5718665181096149
 0.0
 0.0
 0.0
 2.3602612283101977e-8
 1.486286934065733
 0.8036312237946653
 1.9073137276704222e-8
 2.296945069619107e-8
 0.0
 0.0
 0.0
 0.0
 1.083540944089233
 1.3766512714010162
 0.06937113519938075
 0.0
 0.0
 0.0
 0.0
 0.0
 0.0
 0.0
 1.9999999885401165
 0.9999999831907058
 0.0
 0.0
 0.0
 0.0
 0.0
 0.0
 0.0
 0.0
 0.0
 0.0
 0.0
 2.6495638305830647e-8
 0.0
 0.6027589811321362
 1.8082769451802034
 0.0
 0.4751613289988112
 1.4254839884115094
 0.0
 0.0
 0.0
 0.0
 0.0
 0.0
 0.0
 0.0
 0.0
 0.0
 0.0
 0.0
 0.0
 0.922079672508623
 2.7662390202191918
 0.0
 0.0
 0.0
 0.0
 0.0
 0.0
 0.0
 1.0744422134843892
 0.9243744322804175
 0.9756697112491264
 0.009214446076203347
 0.007928968483484596
 0.008370175851906136
 0.0
 0.0
 0.0
 0.0
 0.0
 0.0
 1.204722328273344e-8
 0.0
 0.0
 0.0
 0.0
 4.36011032872118
 1.4533701523084253
 0.0
 1.57357416683672e-8
 0.0
 1.6398895807110578
 0.5466298762526863
 0.0
 0.0
 0.0
 0.0
 0.0
 0.0
 0.0
 0.0
 0.0
 0.0
 0.0
 0.0
 0.0
 0.0
 0.0
 0.0
 0.0
 0.0
 0.0
 0.0
 0.0
 0.0
 0.1381674329049827
 2.2093136480146888e-8
 1.547178124432935e-8
 0.0
 9.793724902169498e-6
 0.0
 0.7329031213575732
 0.3664515508814487
 0.0
 0.0
 1.2670968699308727
 0.633548418030009
 1.1704646291828328e-8
 0.0
 0.0
 0.0
 0.0
 0.0
 0.0
 0.0
 0.0
 0.0
 0.0
 0.0
 0.0
 0.0
 1.9999999588423807
 0.0
 0.0
 1.2184506863629078e-8
 0.7818089813063391
 0.0
 0.0
 0.0
 0.0
 0.0
 0.0
 0.0
 0.0
 0.0
 0.0
 0.0
 0.0
 0.0
 0.0
 0.0
 0.0
 1.2181910033003576
 0.9296004616962366
 0.852208520893113
 0.0
 0.0
 0.0
 0.0
 0.0
 0.0
 0.0
 0.0
 0.0
 1.4398946856365797
 0.7199472650740117
 6.178840022664547e-8
 0.5601052957118919
 0.2800526176089189
 2.4085495968963875e-8
 0.0
 0.0
 0.0
 0.0
 0.0
 0.0
 0.0
 0.0
 0.0
 2.7071955804111185e-8
 4.286402689042814e-8
 0.0
 0.0
 0.3465996222260734
 0.548795134051843
 0.0
 0.0
 0.0
 0.0
 0.0
 0.0
 4.197584375609043e-8
 6.646277734309582e-8
 0.0
 0.0
 0.0
 0.0
 0.0
 0.0
 0.0
 0.0
 0.0
 0.0
 0.0
 0.0
 0.0
 0.0
 0.0
 0.0
 0.0
 0.0
 0.0
 0.0
 0.0
 0.0
 1.4320671322133043
 2.481812136648255
 0.0
 0.9999999909192427
x_ij_opt: 1-dimensional DenseAxisArray{Float64,1,...} with index sets:
    Dimension 1, [(43, 30), (43, 22), (43, 6), (44, 22), (45, 30), (45, 29), (45, 28), (45, 24), (45, 23), (40, 29)  …  (5, 7), (5, 14), (6, 4), (6, 3), (1, 14), (1, 10), (1, 23), (1, 1), (3, 2), (3, 1)]
And data, a 116-element Vector{Float64}:
 0.0
 1.1464708225206456e-8
 1.5484949439375977
 0.0
 0.5679328659070277
 0.0
 1.6534002994113646
 0.0
 0.0
 0.0
 0.0
 0.0
 0.0
 0.0
 0.0
 0.0
 0.0
 0.0
 0.27046006549795776
 0.0
 1.203384604510537e-8
 0.0
 0.0
 0.0
 0.0
 0.0
 0.0
 1.9999998999743138
 0.0
 0.0
 0.0
 0.0
 0.0
 0.0
 0.0
 0.0
 0.0
 0.0
 0.0
 0.0
 0.0
 0.0
 0.0
 0.45150494562920485
 0.0
 0.0
 0.0
 0.0
 0.0
 0.0
 0.0
 0.0
 0.0
 0.0
 0.0
 0.21819102290618547
 0.0
 3.7523910910322756e-8
 0.06769655556157742
 1.8618227524465127
 0.0
 0.0
 0.0
 0.0
 5.999999985904979
 0.0
 1.3902100234056855e-8
 0.0
 0.0
 0.7295398978470596
 0.0
 0.0
 0.0
 0.0
 0.0
 0.0
 0.45120473117240417
 0.9164590203740144
 0.0
 0.0
 0.0
 0.0
 0.0
 0.0
 0.0
 0.0
 0.0
 0.0
 7.490094967366164e-8
 0.0
 0.0
 0.0
 2.405157603688884
 0.0
 0.0
 0.0
 0.0
 1.0735002651757687e-7
 0.0
 0.0
 0.0
 0.0
 0.0
 0.0
 0.0
 0.9163433255047879
 0.0
 0.0
 0.0
 0.0
 0.0
 0.0
 0.07039953229104294
 1.9513635313247983
 0.0
 0.0
x_il_opt: 1-dimensional DenseAxisArray{Float64,1,...} with index sets:
    Dimension 1, [(43, 15), (43, 14), (44, 15), (44, 13), (44, 3), (40, 14), (40, 2), (41, 14), (42, 6), (37, 13)  …  (4, 13), (5, 2), (5, 7), (5, 9), (6, 11), (1, 1), (1, 6), (1, 3), (2, 1), (2, 15)]
And data, a 71-element Vector{Float64}:
 0.0
 6.97679130993579e-8
 0.0
 2.159842012499019
 3.6771808797793573
 0.8953947579456548
 0.0
 0.0
 3.5363214272009344e-8
 0.8401579374063067
 0.0
 2.999999985889707
 0.0
 0.0
 2.4110359318830006
 0.0
 1.611491512999761e-8
 1.628326728279855e-8
 5.813480503235397
 0.0
 4.321337548261259e-8
 1.0831274299514542e-7
 2.9999999871757357
 1.099354672239022
 1.9006453218258106
 0.0
 2.1865194655229443
 0.0
 2.781808971931139
 0.1381674549981192
 2.7941359388404914
 0.0
 1.547178124432935e-8
 0.0
 0.0
 0.0
 0.0
 0.0
 2.270460096460188
 0.0
 0.0
 0.0
 2.999999979990711
 0.0
 1.814680879173541e-8
 1.9006452879608817
 0.0
 2.9744863570140425
 0.0
 0.0
 0.0
 0.0
 0.0
 0.0
 2.52956335068963
 0.0
 0.0
 1.629509590437359
 0.0
 0.0
 0.0
 0.0
 0.0
 0.02551359041159408
 9.794122516851065e-6
 0.0
 2.10703016871521e-8
 3.6883187011884644
 2.2899181814630105
 2.0746049936120714e-8
 4.913879261403764
x_lj_opt: 1-dimensional DenseAxisArray{Float64,1,...} with index sets:
    Dimension 1, [(15, 30), (15, 29), (15, 23), (15, 3), (14, 28), (14, 27), (14, 10), (14, 24), (13, 26), (13, 25)  …  (3, 6), (3, 5), (3, 29), (2, 4), (2, 3), (2, 1), (2, 5), (1, 2), (1, 1), (1, 14)]
And data, a 53-element Vector{Float64}:
 1.432067133347026
 2.481812138504161
 0.0
 0.999999991756867
 0.3465996970824731
 0.5487952525779165
 0.0
 0.0
 1.9999999941004327
 0.9999998890762277
 8.571071918835235e-8
 1.2181910062484906
 0.9296004639450612
 0.852208522953393
 1.9999999787980034
 0.0
 0.0
 1.1995507665935643e-8
 0.7818089891032961
 0.0
 0.0
 1.9999999954387968
 0.999999970993805
 0.13817724307908663
 2.2349671155979148e-8
 0.0
 5.999999931937194
 2.0000000362185597
 0.0
 2.140703431575005e-8
 1.0836566628146966
 0.9323034035472205
 0.9840398900405977
 1.9999999931520434
 5.999999985186546
 1.809368224942316e-8
 1.9999999935311008
 0.9999999857083446
 0.0
 0.0
 1.0835409748001803
 1.3766513084073821
 0.0693711370469722
 7.77753121770077e-8
 4.930629238945977
 2.6659793344864586
 1.930628855335082
 0.0
 3.836796394591064e-7
 1.0693707544517346
 1.9999999063200546
 3.064596174785752
 0.0
q_opt: 1-dimensional DenseAxisArray{Float64,1,...} with index sets:
    Dimension 1, [(43, 15), (43, 14), (44, 15), (44, 13), (44, 3), (40, 14), (40, 2), (41, 14), (42, 6), (37, 13)  …  (4, 13), (5, 2), (5, 7), (5, 9), (6, 11), (1, 1), (1, 6), (1, 3), (2, 1), (2, 15)]
And data, a 71-element Vector{Float64}:
 0.0
 7.810550825004876e-8
 0.0
 0.719947344948935
 0.4840556644201799
 0.999999784024743
 0.0
 0.0
 0.0
 0.2800526486888888
 0.0
 0.9999999975908913
 0.0
 0.0
 0.3013794916102278
 0.0
 0.0
 0.0
 0.7266850630380735
 0.0
 1.706195853549458e-8
 1.2110653967376108e-7
 0.9999999960012942
 0.3664515615156416
 0.23758066532462965
 0.0
 0.2733149332300524
 0.0
 0.9999999900230511
 0.9999965158072063
 0.5517008583530743
 0.0
 1.1424953751042417e-7
 0.0
 0.0
 0.0
 0.0
 0.0
 0.4482991290155557
 0.0
 0.0
 0.0
 0.999999997522211
 0.0
 0.0
 0.6335484364115157
 0.0
 0.9914954670745244
 0.0
 0.0
 0.0
 0.0
 0.0
 0.0
 0.999999973495862
 0.0
 0.0
 0.21450479044466955
 0.0
 0.0
 0.0
 0.0
 0.0
 0.008504530222341253
 3.3417651492055334e-6
 0.0
 0.0
 0.46103983784411945
 0.30143954554412145
 0.0
 0.9999999993235432

