objective value: -612.905496426
objective bound: -631.937371986
termination status: TIME_LIMIT
BARON solution time: 7229.01


w_opt: 1-dimensional DenseAxisArray{Float64,1,...} with index sets:
    Dimension 1, [(25, 1, 2), (25, 1, 1), (25, 1, 14), (20, 1, 2), (20, 1, 1), (20, 1, 14), (1, 1, 2), (1, 1, 1), (1, 1, 14), (2, 1, 2)  …  (20, 15, 23), (20, 15, 3), (8, 15, 30), (8, 15, 29), (8, 15, 23), (8, 15, 3), (2, 15, 30), (2, 15, 29), (2, 15, 23), (2, 15, 3)]
And data, a 261-element Vector{Float64}:
 1.0720763431236602
 1.1389010581454087
 0.0
 0.927923657235114
 0.9857630399937403
 0.0
 0.0
 0.0
 0.0
 0.0
 0.0
 0.0
 0.0
 0.0
 0.0
 0.0
 0.0
 0.0
 0.0
 2.999999999831281
 0.0
 0.0
 0.0
 0.0
 0.0
 0.0
 0.0
 0.0
 0.0
 0.0
 0.0
 0.0
 0.0
 0.0
 0.0
 0.0
 0.0
 0.0
 0.0
 0.0
 0.0
 0.4292694405106613
 0.7743887239637007
 0.23047109030588067
 0.8197342189832136
 0.09873504074963178
 0.0
 0.0
 0.0
 0.8941426447063552
 3.1802657831991894
 0.38305546411097097
 0.0
 0.0
 0.0
 0.0
 0.0
 0.0
 0.0
 2.0
 0.9999999999833395
 0.0
 0.0
 0.0
 0.0
 0.0
 0.0
 0.0
 0.0
 0.0
 0.0
 0.0
 0.0
 0.0
 0.7500000002409035
 2.250000000570012
 0.0
 0.5242652948309742
 1.5727958844133436
 0.0
 0.0
 0.0
 0.0
 0.0
 0.0
 0.0
 0.0
 0.0
 0.0
 0.0
 0.0
 0.0
 0.7257347050512468
 2.1772041150089114
 0.0
 0.0
 0.0
 0.0
 0.0
 0.0
 0.0
 2.0
 0.9559473535906279
 0.044052646319570087
 0.0
 0.0
 0.0
 0.0
 0.0
 0.0
 0.0
 0.0
 0.0
 0.0
 0.0
 0.0
 0.0
 0.0
 4.274719925225993
 1.424906640743956
 0.0
 0.0
 0.0
 1.7252800756863544
 0.5750933580890365
 0.0
 0.0
 0.0
 0.0
 0.0
 0.0
 0.0
 0.0
 0.0
 0.0
 0.0
 0.0
 0.0
 0.0
 0.0
 0.0
 0.0
 0.0
 0.0
 0.0
 0.0
 0.0
 0.7449699518370824
 0.0
 0.0
 0.0
 0.3600308239029385
 0.0
 0.6019592141298475
 0.3009796070069105
 0.0
 0.0
 1.398040786157303
 0.6990203929495439
 0.0
 0.0
 0.0
 0.0
 0.0
 0.0
 0.0
 0.0
 0.0
 0.0
 0.0
 0.0
 0.0
 0.0
 2.0
 0.0
 0.0
 0.0
 0.6903405691343273
 0.30965943010887914
 0.0
 0.0
 0.0
 0.0
 0.0
 0.0
 0.0
 0.0
 0.0
 0.0
 0.0
 0.0
 0.0
 0.0
 0.0
 1.3096594318152561
 0.9378802408260367
 0.7524603277494831
 0.0
 0.0
 0.0
 0.0
 0.0
 0.0
 0.0
 0.0
 0.0
 1.3612163200509984
 0.6806081595784222
 0.0
 0.6387836804182031
 0.3193918399888799
 0.0
 0.0
 0.0
 0.0
 0.0
 0.0
 0.0
 0.0
 0.0
 0.0
 0.0
 0.0
 0.0
 0.0
 0.10751045440184713
 0.49901163541845456
 0.0
 0.0
 0.0
 0.0
 0.0
 0.0
 0.023114049508835922
 0.10728426096563395
 0.0
 0.0
 0.0
 0.0
 0.0
 0.0
 0.0
 0.0
 0.0
 0.0
 0.0
 0.0
 0.0
 0.0
 0.0
 0.0
 0.0
 0.0
 0.0
 0.0
 0.0
 0.0
 0.6740724037431637
 4.473150949882162
 0.0
 0.9826624208624013
x_ij_opt: 1-dimensional DenseAxisArray{Float64,1,...} with index sets:
    Dimension 1, [(43, 30), (43, 22), (43, 6), (44, 22), (45, 30), (45, 29), (45, 28), (45, 24), (45, 23), (40, 29)  …  (5, 7), (5, 14), (6, 4), (6, 3), (1, 14), (1, 10), (1, 23), (1, 1), (3, 2), (3, 1)]
And data, a 116-element Vector{Float64}:
 0.0
 0.0
 1.584628642458371
 0.0
 1.325927596611118
 0.0
 1.8693754963302602
 0.0
 0.0
 0.0
 0.0
 0.0
 0.0
 0.0
 0.0
 0.0
 0.0
 0.0
 0.2886193726762249
 0.0
 0.0
 0.0
 0.0
 0.0
 0.0
 0.0
 0.0
 1.9999999999974136
 0.0
 0.0
 0.0
 0.0
 0.0
 0.0
 0.0
 0.0
 0.0
 0.0
 0.0
 0.0
 0.0
 0.0
 0.0
 0.4153713583756325
 0.0
 0.0
 0.0
 0.0
 0.0
 0.0
 0.0
 0.0
 0.0
 0.0
 0.0
 0.0
 0.0
 0.0
 0.04405264699272128
 0.8949992246711097
 0.0
 0.0
 0.0
 0.0
 6.0
 0.0
 0.0
 0.0
 0.0
 0.711380627654551
 0.0
 0.0
 0.0
 0.0
 0.0
 0.0
 0.3937041031937834
 0.8753862652753489
 0.0
 0.0
 0.0
 0.0
 0.0
 0.0
 0.0
 0.0
 0.0
 0.0
 0.0
 0.0
 0.0
 0.0
 0.0
 0.0
 0.0
 0.0
 0.0
 0.0
 0.0
 0.017337579704523445
 0.0
 0.0
 0.0
 0.0
 0.0
 0.0
 0.0
 0.0
 1.5182094952063456
 0.0
 0.0
 0.0
 0.06211975974246541
 3.831283256764256
 0.0
 0.0
x_il_opt: 1-dimensional DenseAxisArray{Float64,1,...} with index sets:
    Dimension 1, [(43, 15), (43, 14), (44, 15), (44, 13), (44, 3), (40, 14), (40, 2), (41, 14), (42, 6), (37, 13)  …  (4, 13), (5, 2), (5, 7), (5, 9), (6, 11), (1, 1), (1, 6), (1, 3), (2, 1), (2, 15)]
And data, a 71-element Vector{Float64}:
 0.0
 0.0
 0.0
 2.0418244799232617
 0.0
 0.6065220898588881
 0.0
 0.0
 0.0
 0.9581755205980268
 0.0
 3.0
 0.0
 0.0
 3.0
 0.0
 0.0
 0.0
 5.699626566490791
 0.0
 1.148940350038726
 0.13039831063991109
 3.0
 0.902938821136758
 2.0970611793460674
 0.0
 2.3003734342235966
 0.0
 3.0
 0.7449699518370824
 2.2109774012851626
 0.0
 0.0
 0.0
 0.0
 0.0
 0.0
 0.0
 1.913686697251737
 0.0
 0.0
 0.0
 3.0
 0.0
 0.0
 2.0970611791068468
 0.0
 3.0
 0.0
 0.0
 0.0
 0.0
 0.0
 0.0
 4.4574638920165155
 0.0
 0.0
 0.0
 0.0
 0.0
 0.0
 0.0
 0.0
 0.0
 0.3600308239118302
 0.0
 0.0
 2.902938820152581
 1.2036581645781843
 0.0
 6.129885774591091
x_lj_opt: 1-dimensional DenseAxisArray{Float64,1,...} with index sets:
    Dimension 1, [(15, 30), (15, 29), (15, 23), (15, 3), (14, 28), (14, 27), (14, 10), (14, 24), (13, 26), (13, 25)  …  (3, 6), (3, 5), (3, 29), (2, 4), (2, 3), (2, 1), (2, 5), (1, 2), (1, 1), (1, 14)]
And data, a 53-element Vector{Float64}:
 0.6740724036828051
 4.473150949487946
 0.0
 0.9826624207748184
 0.13062450405382162
 0.6062958970476553
 0.0
 0.0
 2.0
 0.9999999994654564
 0.0
 1.3096594316962655
 0.9378802407437467
 0.7524603276884821
 1.9999999999744467
 0.0
 0.0
 0.0
 0.6903405690746012
 0.3096594300817083
 0.0
 2.0
 0.9999999999181083
 1.10500077570864
 0.0
 0.0
 6.0
 1.9999999988679231
 0.0
 0.0
 2.0
 0.9559473536003357
 0.04405264630818154
 2.0
 5.999999999908584
 0.0
 2.0
 0.9999999999455204
 0.0
 0.0
 1.1246137349995626
 4.000000002132668
 0.4817905048558217
 0.0
 0.4292694404776023
 0.7743887239041221
 0.0
 0.0
 0.0
 2.9999999996570237
 2.0
 2.1246640979529112
 0.0
q_opt: 1-dimensional DenseAxisArray{Float64,1,...} with index sets:
    Dimension 1, [(43, 15), (43, 14), (44, 15), (44, 13), (44, 3), (40, 14), (40, 2), (41, 14), (42, 6), (37, 13)  …  (4, 13), (5, 2), (5, 7), (5, 9), (6, 11), (1, 1), (1, 6), (1, 3), (2, 1), (2, 15)]
And data, a 71-element Vector{Float64}:
 0.0
 0.0
 0.0
 0.6806081599716094
 0.0
 0.8230496657628406
 0.0
 0.0
 0.0
 0.3193918401890373
 0.0
 1.0
 0.0
 0.0
 0.37500000010073986
 0.0
 0.0
 0.0
 0.7124533208019413
 0.0
 0.2049335546365354
 0.1769503331426983
 1.0
 0.3009796070372222
 0.26213264740618386
 0.0
 0.2875466792608038
 0.0
 1.0
 0.6741804786149049
 0.5360381715133019
 0.0
 0.0
 0.0
 0.0
 0.0
 0.0
 0.0
 0.4639618285755099
 0.0
 0.0
 0.0
 1.0
 0.0
 0.0
 0.6990203930135391
 0.0
 1.0
 0.0
 0.0
 0.0
 0.0
 0.0
 0.0
 0.79506644537589
 0.0
 0.0
 0.0
 0.0
 0.0
 0.0
 0.0
 0.0
 0.0
 0.3258195214135117
 0.0
 0.0
 0.3628673525070327
 1.0
 0.0
 1.0

