objective value: -626.594138097
objective bound: -626.656803775
termination status: OPTIMAL
BARON solution time: 4416.59


w_opt: 1-dimensional DenseAxisArray{Float64,1,...} with index sets:
    Dimension 1, [(25, 1, 2), (25, 1, 1), (25, 1, 14), (20, 1, 2), (20, 1, 1), (20, 1, 14), (1, 1, 2), (1, 1, 1), (1, 1, 14), (2, 1, 2)  …  (20, 15, 23), (20, 15, 3), (8, 15, 30), (8, 15, 29), (8, 15, 23), (8, 15, 3), (2, 15, 30), (2, 15, 29), (2, 15, 23), (2, 15, 3)]
And data, a 261-element Vector{Float64}:
 1.1180280006525534
 1.7155861763516296
 0.0
 0.8819719991110848
 1.353364109593876
 0.0
 0.0
 0.0
 0.0
 0.0
 0.0
 0.0
 0.0
 0.0
 0.0
 0.0
 2.0
 0.0
 0.0
 1.0000000002595522
 0.0
 0.0
 0.0
 0.0
 0.0
 0.0
 0.0
 0.0
 0.16123541688478268
 3.0033425719666242
 1.6407701246033832
 0.0
 0.0
 0.0
 0.0
 0.0
 0.0
 0.0
 0.0
 0.0
 0.10719119952267281
 1.9966574286650427
 1.090803256551655
 0.1795809754831395
 0.5998198814548233
 0.0
 0.0
 0.0
 0.0
 0.7967178784264912
 2.6611238863417417
 0.0
 0.0
 0.0
 0.0
 0.0
 0.0
 0.0
 0.0
 2.0
 0.9999999998776621
 0.0
 0.0
 0.0
 0.0
 0.0
 0.0
 0.0
 0.0
 0.0
 0.0
 0.0
 0.0
 0.0
 0.7500000000434719
 2.2499999999733555
 0.0
 0.487411261029459
 1.4622337829730219
 0.0
 0.0
 0.0
 0.0
 0.0
 0.0
 0.0
 0.0
 0.0
 0.0
 0.0
 0.0
 0.0
 0.7625887387336112
 2.287766216040648
 0.0
 0.0
 0.0
 0.0
 0.0
 0.0
 0.0
 1.130233370876967
 0.8336141774526068
 1.0361524514610525
 0.0
 0.0
 0.0
 0.0
 0.0
 0.0
 0.0
 0.0
 0.0
 0.0
 0.0
 0.0
 0.0
 0.0
 5.5150366702852525
 1.8383455565031348
 0.0
 0.0
 0.0
 0.4849633303846786
 0.16165444344219912
 0.0
 0.0
 0.0
 0.0
 0.0
 0.0
 0.0
 0.0
 0.0
 0.0
 0.0
 0.0
 0.0
 0.0
 0.0
 0.0
 0.0
 0.0
 0.0
 0.0
 0.0
 0.0
 0.0
 0.0
 0.0
 0.0
 0.17060229341974387
 0.0
 0.70023663769651
 0.35011831871859117
 0.0
 0.0
 1.2997633625274583
 0.6498816810225959
 0.0
 0.0
 0.0
 0.0
 0.0
 0.0
 0.0
 0.0
 0.0
 0.0
 0.0
 0.0
 0.0
 0.0
 1.9010716406518562
 0.0
 0.0
 0.0
 0.3598721263652553
 0.0
 0.0
 0.0
 0.0
 0.0
 0.0
 0.0
 0.0
 0.0
 0.0
 0.0
 0.0
 0.0
 0.0
 0.0
 0.0
 1.6401278745130596
 1.0
 0.3598721256908307
 0.0
 0.0
 0.0
 0.0
 0.0
 0.0
 0.0
 0.0
 0.0
 1.4532370913993247
 0.7266185449543859
 0.0
 0.5467629089313837
 0.27338145418552734
 0.0
 0.0
 0.0
 0.0
 0.0
 0.0
 0.0
 0.0
 0.0
 0.0
 0.0
 0.0
 0.0
 0.0
 0.6565523726940513
 0.7598813234773586
 0.0
 0.0
 0.0
 0.0
 0.0
 0.0
 0.0
 0.0
 0.0
 0.0
 0.0
 0.0
 0.0
 0.0
 0.0
 0.0
 0.0
 0.0
 0.0
 0.0
 0.0
 0.0
 0.0
 0.0
 0.0
 0.0
 0.0
 0.0
 0.0
 0.0
 1.6740207003005856
 2.908554494437122
 0.0
 1.0
x_ij_opt: 1-dimensional DenseAxisArray{Float64,1,...} with index sets:
    Dimension 1, [(43, 30), (43, 22), (43, 6), (44, 22), (45, 30), (45, 29), (45, 28), (45, 24), (45, 23), (40, 29)  …  (5, 7), (5, 14), (6, 4), (6, 3), (1, 14), (1, 10), (1, 23), (1, 1), (3, 2), (3, 1)]
And data, a 116-element Vector{Float64}:
 0.0
 0.09892835988186376
 1.0849556098352173
 0.0
 0.3259793001074683
 0.0
 1.3434476271746398
 0.0
 0.0
 0.0
 0.0
 0.0
 0.0
 0.0
 0.0
 0.0
 0.0
 0.0
 0.2353361083844125
 0.0
 0.29573894202325984
 0.0
 0.0
 0.0
 0.0
 0.0
 0.0
 1.9999999997674536
 0.0
 0.0
 0.0
 0.0
 0.0
 0.0
 0.0
 0.0
 0.0
 0.0
 0.0
 0.0
 0.0
 0.0
 0.0
 0.6466177741635999
 0.0
 0.0
 0.0
 0.0
 0.0
 0.0
 0.0
 0.0
 0.0
 0.0
 0.0
 0.7390562328491782
 0.0
 0.0
 0.16638582263811624
 1.8293977064691935
 0.0
 0.0
 0.0
 0.0
 6.0
 0.0
 0.0
 0.0
 0.0
 0.764663891862649
 0.0
 0.0
 0.0
 0.0
 0.0
 0.0
 0.2401186761278316
 1.0237011462415864
 0.0
 0.0
 0.0
 0.0
 0.0
 0.0
 0.0
 0.0
 0.0
 0.0
 0.0
 0.0
 0.0
 0.0
 0.0
 0.0
 0.0
 0.0
 0.0
 0.0
 0.0
 0.0
 0.0
 0.0
 0.0
 0.0
 0.0
 0.713931789490768
 0.0
 0.0
 0.0
 0.0
 0.15583484003975595
 0.0
 0.0
 1.5991583213723979
 0.0
 0.0
x_il_opt: 1-dimensional DenseAxisArray{Float64,1,...} with index sets:
    Dimension 1, [(43, 15), (43, 14), (44, 15), (44, 13), (44, 3), (40, 14), (40, 2), (41, 14), (42, 6), (37, 13)  …  (4, 13), (5, 2), (5, 7), (5, 9), (6, 11), (1, 1), (1, 6), (1, 3), (2, 1), (2, 15)]
And data, a 71-element Vector{Float64}:
 0.0
 0.0
 0.0
 2.1798556368797453
 4.805348113454792
 1.4164336959913915
 0.0
 0.0
 0.0
 0.8201443633150844
 0.0
 3.0
 0.0
 0.0
 3.0
 0.0
 0.0
 0.0
 7.353382226778539
 0.0
 0.7794008569261405
 0.0
 3.0
 1.0503549564150982
 1.949645044037477
 0.0
 0.6466177738306558
 0.0
 2.2609437678825364
 0.0
 2.8336141769605274
 0.0
 0.0
 0.0
 0.0
 0.0
 0.0
 0.0
 2.235336108669011
 0.0
 0.0
 0.0
 2.9999999999715135
 0.0
 0.0
 1.9496450435500525
 0.0
 2.9999999997908695
 0.0
 0.0
 0.0
 0.0
 0.0
 0.0
 3.4578417647301323
 0.0
 0.0
 0.0
 0.0
 0.0
 0.0
 0.0
 0.0
 0.0
 0.17060229335913243
 0.0
 0.0
 3.050354954820168
 3.1946518847393657
 0.0
 5.58257519488268
x_lj_opt: 1-dimensional DenseAxisArray{Float64,1,...} with index sets:
    Dimension 1, [(15, 30), (15, 29), (15, 23), (15, 3), (14, 28), (14, 27), (14, 10), (14, 24), (13, 26), (13, 25)  …  (3, 6), (3, 5), (3, 29), (2, 4), (2, 3), (2, 1), (2, 5), (1, 2), (1, 1), (1, 14)]
And data, a 53-element Vector{Float64}:
 1.6740207001832166
 2.9085544942328028
 0.0
 1.0
 0.6565523731856401
 0.7598813240464175
 0.0
 0.0
 2.0
 0.9999999990649993
 0.0
 1.6401278743792227
 0.9999999999971328
 0.3598721256635695
 1.9010716406038897
 0.0
 0.0
 0.0
 0.35987212635467114
 0.0
 0.0
 2.0
 0.9999999997192695
 0.17060229388211384
 0.0
 0.0
 6.0
 1.9999999998269002
 0.0
 0.0
 1.1302333709909906
 0.8336141775375905
 1.0361524515658658
 2.0
 6.0
 0.0
 2.0
 0.9999999998227032
 0.0
 0.0
 0.9762988540020441
 3.260943768105447
 0.0
 0.26842661640759147
 5.000000000627737
 2.7315733811530767
 1.9999999999428355
 0.0
 0.0
 1.000000000195361
 1.9999999997081777
 3.068950285860788
 0.0
q_opt: 1-dimensional DenseAxisArray{Float64,1,...} with index sets:
    Dimension 1, [(43, 15), (43, 14), (44, 15), (44, 13), (44, 3), (40, 14), (40, 2), (41, 14), (42, 6), (37, 13)  …  (4, 13), (5, 2), (5, 7), (5, 9), (6, 11), (1, 1), (1, 6), (1, 3), (2, 1), (2, 15)]
And data, a 71-element Vector{Float64}:
 0.0
 0.0
 0.0
 0.7266185456353078
 0.6006685143160132
 0.9999999992507991
 0.0
 0.0
 0.0
 0.2733814544412851
 0.0
 1.0
 0.0
 0.0
 0.3749999999952304
 0.0
 0.0
 0.0
 0.919172778334822
 0.0
 0.18394057797677152
 0.0
 1.0
 0.350118318816908
 0.24370563049438856
 0.0
 0.08082722172599158
 0.0
 1.0
 0.0
 0.5590140004078037
 0.0
 0.0
 0.0
 0.0
 0.0
 0.0
 0.0
 0.44098599961985263
 0.0
 0.0
 0.0
 1.0
 0.0
 0.0
 0.6498816812059017
 0.0
 0.9999999999022446
 0.0
 0.0
 0.0
 0.0
 0.0
 0.0
 0.816059421928656
 0.0
 0.0
 0.0
 0.0
 0.0
 0.0
 0.0
 0.0
 0.0
 0.9999999972880884
 0.0
 0.0
 0.3812943693397231
 0.39933148568097765
 0.0
 1.0

