objective value: -622.728686759
objective bound: -622.790965836
termination status: OPTIMAL
BARON solution time: 3671.28


w_opt: 1-dimensional DenseAxisArray{Float64,1,...} with index sets:
    Dimension 1, [(25, 1, 2), (25, 1, 1), (25, 1, 14), (20, 1, 2), (20, 1, 1), (20, 1, 14), (1, 1, 2), (1, 1, 1), (1, 1, 14), (2, 1, 2)  …  (20, 15, 23), (20, 15, 3), (8, 15, 30), (8, 15, 29), (8, 15, 23), (8, 15, 3), (2, 15, 30), (2, 15, 29), (2, 15, 23), (2, 15, 3)]
And data, a 261-element Vector{Float64}:
 1.0690501303717501
 1.9309498662427431
 0.0
 0.7982170135423129
 1.4417631051560866
 0.0
 0.0
 0.0
 0.0
 0.0
 0.0
 0.0
 0.0
 0.0
 0.0
 0.0
 1.8563070181582686
 0.0
 3.024156754459886e-8
 1.143692951441355
 0.0
 0.0
 0.0
 0.0
 0.0
 0.0
 0.0
 0.0
 0.37942556760509544
 2.8260194898042084
 1.4499763730228645
 0.0
 0.0
 0.0
 0.0
 0.0
 0.0
 0.0
 0.0
 0.0
 0.27258941851119
 2.0302875588595874
 1.0417015881886633
 0.23844766799652078
 0.9415696692550383
 0.034667735420340726
 0.0
 0.0
 0.0
 0.7498850281508127
 2.9611067445894332
 0.1090252463318657
 0.0
 0.0
 0.0
 0.0
 0.0
 0.0
 0.0
 1.99999999995429
 0.9999999992203897
 0.0
 0.0
 0.0
 0.0
 0.0
 0.0
 0.0
 0.0
 0.0
 0.0
 0.15092639549365228
 0.452779186591124
 0.0
 0.7499999995148119
 2.2499999990942774
 0.0
 0.5665125899138373
 1.6995377701578325
 0.0
 0.0
 0.0
 0.0
 0.0
 0.0
 0.0
 0.0
 0.0
 0.0
 0.0
 0.0
 0.0
 0.5325610144193959
 1.597683043649625
 0.0
 0.0
 0.0
 0.0
 0.0
 0.0
 0.0
 1.4189924420275446
 0.9176928319618392
 0.6633147203358151
 0.0
 0.0
 0.0
 0.0
 0.0
 0.0
 0.0
 0.0
 0.0
 0.0
 0.0
 0.0
 0.0
 0.0
 5.673077459586707
 1.8132033341530152
 0.0
 0.07782248559794375
 0.0
 0.3269225388731907
 0.10448950173233756
 0.0
 0.0044846779292239325
 0.0
 0.0
 0.0
 0.0
 0.0
 0.0
 0.0
 0.0
 0.0
 0.0
 0.0
 0.0
 0.0
 0.0
 0.0
 0.0
 0.0
 0.0
 0.0
 0.0
 0.0
 0.0
 0.0
 0.0
 0.06969365133949058
 0.0
 0.48929975993082203
 0.2446498797369235
 0.0
 0.0
 1.5107002399974825
 0.755350119296547
 0.0
 0.0
 0.0
 0.0
 0.0
 0.0
 0.0
 0.0
 0.0
 0.0
 0.0
 0.0
 0.0
 0.0
 1.999999998382747
 0.0
 0.0
 0.0
 0.8203692516037909
 0.0
 0.0
 0.0
 0.0
 0.0
 0.0
 0.0
 0.0
 0.0
 0.0
 0.0
 0.0
 0.0
 0.0
 0.0
 0.0
 1.1796307483955983
 0.9322745548757465
 0.8880946965217453
 0.0
 0.0
 0.0
 0.0
 0.0
 0.0
 0.0
 0.0
 0.0
 1.4703256200637227
 0.6375825502804726
 0.09758025938268336
 0.5296743796791453
 0.22968459312626233
 0.03515259660610441
 0.0
 0.0
 0.0
 0.0
 0.0
 0.0
 0.0
 0.0
 0.0
 0.0
 0.0
 0.0
 0.0
 0.33896322385158945
 0.5456781265175548
 0.0
 0.0
 0.0
 0.0
 0.0
 0.0
 0.0
 0.0
 0.0
 0.0
 0.0
 0.0
 0.0
 0.0
 0.0
 0.0
 0.0
 0.0
 0.0
 0.0
 0.0
 0.0
 0.0
 0.0
 0.0
 0.0
 0.0
 0.0
 0.0
 0.0
 1.3182998654054645
 2.620227342736019
 0.0
 0.9999999998823942
x_ij_opt: 1-dimensional DenseAxisArray{Float64,1,...} with index sets:
    Dimension 1, [(43, 30), (43, 22), (43, 6), (44, 22), (45, 30), (45, 29), (45, 28), (45, 24), (45, 23), (40, 29)  …  (5, 7), (5, 14), (6, 4), (6, 3), (1, 14), (1, 10), (1, 23), (1, 1), (3, 2), (3, 1)]
And data, a 116-element Vector{Float64}:
 0.0
 0.0
 0.912088292192656
 0.0
 0.6817001347468328
 0.0
 1.6610367724321757
 0.0
 0.0
 0.0
 0.0
 0.0
 0.0
 0.0
 0.0
 0.0
 0.0
 0.0
 0.23998011765134988
 0.0
 0.0
 0.0
 0.0
 0.0
 0.0
 0.0
 0.0
 1.9999999961200032
 0.0
 0.0
 0.0
 0.0
 0.0
 0.0
 0.0
 0.0
 0.0
 0.0
 0.0
 0.0
 0.0
 0.0
 0.0
 0.435896720565261
 0.0
 0.0
 0.0
 0.0
 0.0
 0.0
 0.0
 0.0
 0.0
 0.0
 0.0
 0.1796307480246377
 0.0
 0.0
 0.0
 1.9303063464273464
 0.0
 0.0
 0.0
 0.0
 6.0
 0.0
 0.0
 0.0
 0.0
 0.7600198815677192
 0.0
 0.0
 0.0
 0.0
 0.0
 0.0
 0.45432186655851364
 1.0116673034613088
 0.0
 0.0
 0.0
 0.0
 0.0
 0.0
 0.0
 0.0
 0.0
 0.0
 0.0
 0.0
 0.0
 0.0
 0.0
 0.0
 0.0
 0.0
 0.0
 0.13273285675527075
 0.0
 0.0
 0.0
 0.0
 0.0
 0.0
 0.0
 0.5810075555139192
 0.0
 0.0
 0.0
 0.0
 0.0
 0.0
 0.06772544547317913
 1.963972276757632
 0.0
 0.0
x_il_opt: 1-dimensional DenseAxisArray{Float64,1,...} with index sets:
    Dimension 1, [(43, 15), (43, 14), (44, 15), (44, 13), (44, 3), (40, 14), (40, 2), (41, 14), (42, 6), (37, 13)  …  (4, 13), (5, 2), (5, 7), (5, 9), (6, 11), (1, 1), (1, 6), (1, 3), (2, 1), (2, 15)]
And data, a 71-element Vector{Float64}:
 0.0
 0.0
 0.0
 2.2054884297268793
 4.655421430432169
 0.8846413506138187
 0.0
 0.0
 0.603705582245286
 0.7945115694115126
 0.0
 2.9999999998000115
 0.0
 0.0
 2.999999999095818
 0.0
 0.0
 0.0
 7.564103279896937
 0.0
 1.2146850726719003
 0.0
 3.0
 0.7339496396677456
 2.2660503604598796
 0.0
 0.435896718685819
 0.0
 2.8203692524909636
 0.0
 2.9999999966637128
 0.0
 0.0
 0.0
 0.0
 0.0
 0.0
 0.0
 2.239980118744531
 0.0
 0.0
 0.0
 2.9999999995445057
 0.0
 0.0
 2.26605035929403
 0.0
 2.9999999943251154
 0.0
 0.0
 0.0
 0.0
 0.0
 0.0
 3.8200170190721114
 0.0
 0.0
 0.0
 0.0
 0.0
 0.0
 0.0
 0.0
 0.0
 0.06969365163906155
 0.0
 0.0
 2.1302440584390308
 3.344578565559441
 0.0
 4.938527208163938
x_lj_opt: 1-dimensional DenseAxisArray{Float64,1,...} with index sets:
    Dimension 1, [(15, 30), (15, 29), (15, 23), (15, 3), (14, 28), (14, 27), (14, 10), (14, 24), (13, 26), (13, 25)  …  (3, 6), (3, 5), (3, 29), (2, 4), (2, 3), (2, 1), (2, 5), (1, 2), (1, 1), (1, 14)]
And data, a 53-element Vector{Float64}:
 1.3182998655003253
 2.6202273429164094
 0.0
 0.9999999999419974
 0.3389632277855118
 0.545678132850841
 0.0
 0.0
 2.0
 0.8672671435375028
 0.132732855918193
 1.1796307483704067
 0.9322745548547146
 0.8880946965019935
 1.9999999996628364
 0.0
 0.0
 0.0
 0.820369252132711
 0.0
 0.0
 2.0
 0.9999999990912992
 0.06969365372979759
 0.0
 0.0
 5.999999999695434
 1.917692836423875
 0.0
 0.08230716324425442
 1.4189924446992528
 0.9176928336914402
 0.6633147215815386
 1.9999999993742719
 5.999999999526556
 0.0
 2.0
 0.9999999993636163
 0.0
 0.0
 0.988332696541875
 3.902676415405842
 0.14369298176644654
 0.6520149861373631
 4.856307049011398
 2.491677961419777
 1.8563070182807868
 0.0
 3.010961411724549e-8
 1.1436929515562844
 1.8672671441556459
 3.372712971834578
 0.0
q_opt: 1-dimensional DenseAxisArray{Float64,1,...} with index sets:
    Dimension 1, [(43, 15), (43, 14), (44, 15), (44, 13), (44, 3), (40, 14), (40, 2), (41, 14), (42, 6), (37, 13)  …  (4, 13), (5, 2), (5, 7), (5, 9), (6, 11), (1, 1), (1, 6), (1, 3), (2, 1), (2, 15)]
And data, a 71-element Vector{Float64}:
 0.0
 0.0
 0.0
 0.7351628100408298
 0.5819276790545136
 0.9999999883952151
 0.0
 0.0
 0.07546319777152545
 0.2648371898477574
 0.0
 1.0
 0.0
 0.0
 0.3749999998806202
 0.0
 0.0
 0.0
 0.945512909979589
 0.0
 0.2412625513965144
 0.0
 0.9999999999845501
 0.24464987996181528
 0.2832562950502456
 0.0
 0.05448708982112085
 0.0
 0.999999999360075
 1.5992075683855507e-8
 0.572521255846157
 0.0
 1.830904463002356e-8
 0.0
 0.0
 0.0
 0.0
 0.0
 0.42747874402500863
 0.0
 0.0
 0.0
 0.9999999999273181
 0.0
 0.0
 0.7553501199877284
 0.0
 0.9999999981316786
 0.0
 0.0
 0.0
 0.0
 0.0
 0.0
 0.7587374482038083
 0.0
 0.0
 0.0
 0.0
 0.0
 0.0
 0.0
 0.0
 0.0
 0.9999999656988471
 0.0
 0.0
 0.2662805072974503
 0.418072320875209
 0.0
 0.9999999999333519

