objective value: -620.505142317
objective bound: -639.721774776
termination status: TIME_LIMIT
BARON solution time: 7227.34


w_opt: 1-dimensional DenseAxisArray{Float64,1,...} with index sets:
    Dimension 1, [(25, 1, 2), (25, 1, 1), (25, 1, 14), (20, 1, 2), (20, 1, 1), (20, 1, 14), (1, 1, 2), (1, 1, 1), (1, 1, 14), (2, 1, 2)  …  (20, 15, 23), (20, 15, 3), (8, 15, 30), (8, 15, 29), (8, 15, 23), (8, 15, 3), (2, 15, 30), (2, 15, 29), (2, 15, 23), (2, 15, 3)]
And data, a 261-element Vector{Float64}:
 0.23086031269585006
 0.4103163464235695
 0.0
 0.8291679959479338
 1.4737101353549613
 0.0
 0.0
 0.0
 0.0
 0.0
 0.0
 0.0
 0.0
 0.0
 0.0
 0.0
 1.9999999994391804
 0.0
 0.0
 1.000000000549257
 0.0
 0.0
 0.0
 0.0
 0.0
 0.0
 0.0
 0.0
 0.0
 0.8758913408581166
 0.2207789813435794
 0.0
 0.0
 0.0
 0.0
 4.124108657441917
 1.0395313503287198
 0.0
 0.0
 0.0
 0.0
 0.0
 0.0
 0.0
 0.0
 0.0
 0.0
 0.0
 0.0
 1.038580622039964
 0.5714085497696965
 0.0
 0.0
 0.0
 0.0
 0.0
 0.0
 0.0
 0.0
 2.0
 0.9999999995941772
 0.0
 0.0
 0.0
 0.0
 0.0
 0.0
 0.0
 0.0
 0.0
 0.0
 0.0
 0.0
 0.0
 0.5535183324353552
 1.6605549971437312
 0.0
 0.473033986925341
 1.4191019606337985
 0.0
 0.0
 0.0
 0.0
 0.0
 0.0
 0.0
 0.0
 0.0
 0.0
 0.0
 0.0
 0.0
 0.9734476806771039
 2.9203430417624348
 0.0
 0.0
 0.0
 0.0
 0.0
 0.0
 0.0
 1.999999999131135
 0.9902357569779004
 0.009764242612429346
 0.0
 0.0
 0.0
 0.0
 0.0
 0.0
 0.0
 0.0
 0.0
 0.0
 0.0
 0.0
 0.0
 0.0
 3.3988343663099125
 1.6011656324895076
 0.0
 0.0
 0.0
 2.0393006200288486
 0.9606993795731903
 0.0
 0.0
 0.0
 0.0
 0.0
 0.0
 0.0
 0.0
 0.0
 0.0
 0.0
 0.0
 0.0
 0.0
 0.0
 0.0
 0.0
 0.0
 0.0
 0.0
 0.0
 0.0
 1.1476253519644681
 0.0
 0.0
 0.0
 0.852374646066642
 0.0
 0.7385760353280074
 0.3692880173027923
 0.0
 0.0
 1.2614239647855923
 0.6307119817758989
 0.0
 0.0
 0.0
 0.0
 0.0
 0.0
 0.0
 0.0
 0.0
 0.0
 0.0
 0.0
 0.0
 0.0
 1.4758253959068204
 0.0
 0.0
 0.0
 0.14014902010227492
 0.0
 0.0
 0.0
 0.0
 0.0
 0.0
 0.0
 0.0
 0.0
 0.0
 0.0
 0.0
 0.0
 0.0
 0.0
 0.0
 1.8598509806513526
 1.0
 0.14014901964232448
 0.0
 0.0
 0.0
 0.0
 0.0
 0.0
 0.0
 0.0
 0.0
 1.5736208436779708
 0.6581499936672379
 0.12866042798802965
 0.0
 0.0
 0.0
 0.0
 0.0
 0.0
 0.42637915626230255
 0.17832849642585663
 0.03486108167577685
 0.0
 0.0
 0.0
 0.0
 0.0
 0.0
 0.0
 0.8378670905260738
 0.978619566221616
 0.0
 0.0
 0.0
 0.0
 0.0
 0.0
 0.0
 0.0
 0.0
 0.0
 0.0
 0.0
 0.0
 0.0
 0.0
 0.0
 0.0
 0.0
 0.0
 0.0
 0.0
 0.0
 0.0
 0.0
 0.0
 0.0
 0.0
 0.0
 0.0
 0.0
 0.9659980137985588
 4.599540649722499
 0.0
 0.7196314174589652
x_ij_opt: 1-dimensional DenseAxisArray{Float64,1,...} with index sets:
    Dimension 1, [(43, 30), (43, 22), (43, 6), (44, 22), (45, 30), (45, 29), (45, 28), (45, 24), (45, 23), (40, 29)  …  (5, 7), (5, 14), (6, 4), (6, 3), (1, 14), (1, 10), (1, 23), (1, 1), (3, 2), (3, 1)]
And data, a 116-element Vector{Float64}:
 0.0
 0.5241746042742514
 1.4924307622782158
 0.0
 1.034001986594989
 0.0
 1.162132907008052
 0.0
 0.0
 0.0
 0.0
 0.0
 0.0
 0.0
 0.0
 0.0
 0.0
 0.0
 0.30287812967312805
 0.0
 0.0
 0.0
 0.0
 0.0
 0.0
 0.0
 0.0
 1.9999999975932405
 0.0
 0.0
 0.0
 0.0
 0.0
 0.0
 0.0
 0.0
 0.0
 0.0
 0.0
 0.0
 0.0
 0.0
 0.7764501817268
 0.507569237344694
 0.0
 0.0
 0.0
 0.0
 0.0
 0.0
 0.0
 0.0
 0.0
 0.0
 0.0
 1.384025582437002
 0.0
 0.561865011395123
 0.009764242859338723
 0.0
 0.0
 0.0
 0.0
 0.0
 6.0
 0.0
 0.0
 0.0
 0.0
 0.6971218694850148
 0.0
 0.0
 0.0
 0.0
 0.0
 0.0
 0.021380430616544755
 0.9614193775084705
 0.0
 0.0
 0.0
 0.0
 0.0
 0.0
 0.0
 0.0
 0.0
 0.0
 0.0
 0.0
 0.0
 0.0
 1.4827008548809344
 0.0
 0.0
 0.0
 0.0
 0.16352151014181845
 0.0
 0.2803685830048302
 0.0
 0.0
 0.0
 0.0
 0.0
 0.0
 0.0
 0.0
 0.0
 0.0
 0.0
 0.0
 0.0
 4.106209275562768
 0.0
 0.0
x_il_opt: 1-dimensional DenseAxisArray{Float64,1,...} with index sets:
    Dimension 1, [(43, 15), (43, 14), (44, 15), (44, 13), (44, 3), (40, 14), (40, 2), (41, 14), (42, 6), (37, 13)  …  (4, 13), (5, 2), (5, 7), (5, 9), (6, 11), (1, 1), (1, 6), (1, 3), (2, 1), (2, 15)]
And data, a 71-element Vector{Float64}:
 0.0
 0.0
 0.0
 2.360431265333238
 1.0966703223900258
 1.8164866569959992
 0.0
 0.0
 0.0
 0.0
 0.0
 3.0
 0.0
 0.0
 2.214073329714799
 0.0
 0.0
 0.0
 4.999999999433686
 0.0
 0.0
 0.0
 3.0
 1.1078640526307997
 1.8921359476920971
 0.0
 3.0
 0.0
 1.6159744183045137
 1.147625352359187
 0.6411766591405523
 0.639568734363936
 0.0
 0.0
 0.0
 0.0
 0.0
 0.0
 2.3028781313317257
 0.0
 0.0
 0.0
 2.999999999951577
 0.0
 0.0
 1.892135946561491
 0.0
 2.999999998721152
 0.0
 0.0
 0.0
 0.0
 0.0
 0.0
 1.6099891720311048
 0.0
 0.0
 5.163640008294959
 0.0
 0.0
 0.0
 0.0
 0.0
 0.0
 0.8523746463679189
 0.0
 0.0
 3.893790722590749
 0.0
 0.0
 6.285170081271055
x_lj_opt: 1-dimensional DenseAxisArray{Float64,1,...} with index sets:
    Dimension 1, [(15, 30), (15, 29), (15, 23), (15, 3), (14, 28), (14, 27), (14, 10), (14, 24), (13, 26), (13, 25)  …  (3, 6), (3, 5), (3, 29), (2, 4), (2, 3), (2, 1), (2, 5), (1, 2), (1, 1), (1, 14)]
And data, a 53-element Vector{Float64}:
 0.9659980136579178
 4.599540649360905
 0.0
 0.7196314173080212
 0.8378670932267318
 0.978619569376509
 0.0
 0.0
 2.0
 0.8364784901758354
 0.1635215096497433
 1.8598509805069097
 0.9999999999557224
 0.140149019506802
 1.4758253960805903
 0.0
 0.0
 0.0
 0.1401490200930589
 0.0
 0.0
 2.0
 0.9999999990588252
 1.9999999983624384
 0.0
 0.0
 5.4381349867303115
 2.561865012330725
 0.0
 0.0
 1.99999999993227
 0.9902357573939032
 0.009764242472245693
 2.0
 5.99999999976509
 0.0
 1.9999999999761253
 0.9999999995830733
 0.0
 0.0
 1.0385806226285992
 0.5714085500913222
 0.0
 0.0
 5.000000000141065
 1.2603103321137
 1.9999999993164967
 0.0
 0.0
 1.0000000005151188
 1.060028308699596
 1.8840264818856858
 0.0
q_opt: 1-dimensional DenseAxisArray{Float64,1,...} with index sets:
    Dimension 1, [(43, 15), (43, 14), (44, 15), (44, 13), (44, 3), (40, 14), (40, 2), (41, 14), (42, 6), (37, 13)  …  (4, 13), (5, 2), (5, 7), (5, 9), (6, 11), (1, 1), (1, 6), (1, 3), (2, 1), (2, 15)]
And data, a 71-element Vector{Float64}:
 0.0
 0.0
 0.0
 0.7868104218007064
 0.17517826816794446
 0.9999999967778489
 0.0
 0.0
 0.0
 0.0
 0.0
 1.0
 0.0
 0.0
 0.27675916620451857
 0.0
 0.0
 0.0
 0.6249999999235665
 0.0
 0.0
 0.0
 1.0
 0.3692880176532257
 0.23651699345133134
 0.0
 0.37500000000532174
 0.0
 0.9999999998830272
 0.5738126764522076
 0.21778693153681541
 0.21318957812158884
 0.0
 0.0
 0.0
 0.0
 0.0
 0.0
 0.7822130684067502
 0.0
 0.0
 0.0
 1.0
 0.0
 0.0
 0.630711982372677
 0.0
 0.9999999996120156
 0.0
 0.0
 0.0
 0.0
 0.0
 0.0
 0.9999999994327222
 0.0
 0.0
 0.824821731466376
 0.0
 0.0
 0.0
 0.0
 0.0
 0.0
 0.42618732338242166
 0.0
 0.0
 0.4867238403154931
 0.0
 0.0
 1.0

