objective value: -624.267001696
objective bound: -636.562968225
termination status: TIME_LIMIT
BARON solution time: 7229.21


w_opt: 1-dimensional DenseAxisArray{Float64,1,...} with index sets:
    Dimension 1, [(25, 1, 2), (25, 1, 1), (25, 1, 14), (20, 1, 2), (20, 1, 1), (20, 1, 14), (1, 1, 2), (1, 1, 1), (1, 1, 14), (2, 1, 2)  …  (20, 15, 23), (20, 15, 3), (8, 15, 30), (8, 15, 29), (8, 15, 23), (8, 15, 3), (2, 15, 30), (2, 15, 29), (2, 15, 23), (2, 15, 3)]
And data, a 261-element Vector{Float64}:
 1.1314441228821404
 0.0
 0.0
 0.8685558772815408
 0.0
 0.0
 0.0
 0.0
 0.0
 0.0
 0.0
 0.0
 0.0
 0.0
 0.0
 0.0
 1.9999999996787179
 0.0
 0.0
 1.000000000479921
 0.0
 0.0
 0.0
 0.0
 0.0
 0.0
 0.0
 0.0
 0.0
 0.38909690930852603
 0.14534604815951327
 0.0
 0.0
 0.0
 0.0
 4.61090309133293
 1.722389787040203
 0.0
 0.0
 0.0
 0.0
 0.0
 0.0
 0.1380736647687947
 0.387677091338269
 0.0
 0.0
 0.0
 0.0
 0.9149970583447204
 2.569088020920807
 0.0
 0.0
 0.0
 0.0
 0.0
 0.0
 0.0
 0.0
 2.0
 0.9999999999578266
 0.0
 0.0
 0.0
 0.0
 0.0
 0.0
 0.0
 0.0
 0.0
 0.0
 0.0744016768625271
 0.22320503061540264
 0.0
 0.7500000002537435
 2.2500000006363754
 0.0
 0.46396880727856116
 1.3919064217760815
 0.0
 0.0
 0.0
 0.0
 0.0
 0.0
 0.0
 0.0
 0.0
 0.0
 0.0
 0.0
 0.0
 0.7116295158343611
 2.1348885473870176
 0.0
 0.0
 0.0
 0.0
 0.0
 0.0
 0.0
 1.45282678926122
 0.4047012105593537
 0.7301807256365757
 0.2314742008380957
 0.06447973700173212
 0.11633733709703685
 0.0
 0.0
 0.0
 0.0
 0.0
 0.0
 0.0
 0.0
 0.0
 0.0
 0.0
 4.525165331882511
 1.6784986476805412
 0.0
 0.0
 0.0
 1.3103091189435274
 0.48602690123531195
 0.0
 0.0
 0.0
 0.0
 0.0
 0.0
 0.0
 0.0
 0.0
 0.0
 0.0
 0.0
 0.0
 0.0
 0.0
 0.0
 0.0
 0.0
 0.0
 0.0
 0.0
 0.0
 1.1732112739896057
 0.0
 0.0
 0.0
 0.8267887261655583
 0.0
 0.7627498476429077
 0.3813749237164081
 0.0
 0.0
 1.2372501526357698
 0.6186250761502995
 0.0
 0.0
 0.0
 0.0
 0.0
 0.0
 0.0
 0.0
 0.0
 0.0
 0.0
 0.0
 0.0
 0.0
 1.6890730362031303
 0.0
 0.0
 0.0
 0.4322176231121867
 0.0
 0.0
 0.0
 0.0
 0.0
 0.0
 0.0
 0.0
 0.0
 0.0
 0.0
 0.0
 0.0
 0.0
 0.0
 0.0
 1.5677823778461817
 1.0
 0.4322176224426978
 0.0
 0.0
 0.0
 0.0
 0.0
 0.0
 0.0
 0.0
 0.0
 1.522329735856487
 0.7611648673450706
 0.0
 0.4776702645819904
 0.23883513209400323
 0.0
 0.0
 0.0
 0.0
 0.0
 0.0
 0.0
 0.0
 0.0
 0.0
 0.0
 0.0
 0.0
 0.0
 0.5007143509313399
 0.5333428746301977
 0.0
 0.0
 0.0
 0.0
 0.0
 0.0
 0.0
 0.0
 0.0
 0.0
 0.0
 0.0
 0.0
 0.0
 0.0
 0.0
 0.0
 0.0
 0.0
 0.0
 0.0
 0.0
 0.0
 0.0
 0.0
 0.0
 0.0
 0.0
 0.0
 0.0
 1.1254194153562598
 3.7000465439081074
 0.0
 0.8791284601993324
x_ij_opt: 1-dimensional DenseAxisArray{Float64,1,...} with index sets:
    Dimension 1, [(43, 30), (43, 22), (43, 6), (44, 22), (45, 30), (45, 29), (45, 28), (45, 24), (45, 23), (40, 29)  …  (5, 7), (5, 14), (6, 4), (6, 3), (1, 14), (1, 10), (1, 23), (1, 1), (3, 2), (3, 1)]
And data, a 116-element Vector{Float64}:
 0.0
 0.3109269645233949
 1.6328766164040291
 0.0
 0.8745805850479449
 0.0
 1.4992856491993338
 0.0
 0.0
 0.0
 0.0
 0.0
 0.0
 0.0
 0.0
 0.0
 0.0
 0.0
 0.21156575652488
 0.0
 0.0
 0.0
 0.0
 0.0
 0.0
 0.0
 0.0
 1.9999999998879037
 0.0
 0.0
 0.0
 0.0
 0.0
 0.0
 0.0
 0.0
 0.0
 0.0
 0.0
 0.0
 0.0
 0.0
 0.0
 0.36712338437312647
 0.0
 0.0
 0.0
 0.0
 0.0
 0.0
 0.0
 0.0
 0.0
 0.0
 0.0
 0.8787093397760121
 0.0
 0.16452555044942138
 0.5308190529398283
 0.0
 0.0
 0.0
 0.0
 0.0
 6.0
 0.0
 0.0
 0.0
 0.0
 0.7884342437977508
 0.0
 0.0
 0.0
 0.0
 0.0
 0.0
 0.46665712529113956
 0.9469292771735672
 0.0
 0.0
 0.0
 0.0
 0.0
 0.0
 0.0
 0.0
 0.0
 0.0
 0.0
 0.0
 0.0
 0.0
 0.0
 0.0
 0.0
 0.0
 0.0
 0.0
 0.0
 0.1208715403575492
 0.0
 0.0
 0.0
 0.0
 0.0
 0.31569901070177575
 0.0
 0.0
 0.0
 0.0
 0.0
 0.0
 0.0
 5.15348193823342
 0.0
 0.0
x_il_opt: 1-dimensional DenseAxisArray{Float64,1,...} with index sets:
    Dimension 1, [(43, 15), (43, 14), (44, 15), (44, 13), (44, 3), (40, 14), (40, 2), (41, 14), (42, 6), (37, 13)  …  (4, 13), (5, 2), (5, 7), (5, 9), (6, 11), (1, 1), (1, 6), (1, 3), (2, 1), (2, 15)]
And data, a 71-element Vector{Float64}:
 0.0
 0.0
 0.0
 2.2834946036591086
 0.5344429575627232
 1.0340572257668592
 0.0
 0.0
 0.2976067075622982
 0.7165053968886681
 0.0
 3.0
 0.0
 0.0
 3.0
 0.0
 0.0
 0.0
 6.203663980121468
 0.0
 0.525750756163511
 0.0
 3.0
 1.1441247713593157
 1.8558752291156517
 0.0
 1.7963360206258419
 0.0
 2.121290661062998
 1.1732112739896057
 1.1314441230256653
 0.0
 0.0
 0.0
 0.0
 0.0
 0.0
 0.0
 0.868555877422632
 0.0
 0.0
 0.0
 3.0
 0.0
 0.0
 1.8558752287860694
 0.0
 2.5877087254571496
 0.0
 0.0
 0.0
 0.0
 0.0
 0.0
 3.484085079265528
 0.0
 0.0
 6.333292878411884
 0.0
 0.0
 0.0
 0.0
 0.0
 0.4122912749368647
 0.8267887261722344
 0.0
 0.0
 2.8465180632679794
 0.0
 0.0
 5.704594419645807
x_lj_opt: 1-dimensional DenseAxisArray{Float64,1,...} with index sets:
    Dimension 1, [(15, 30), (15, 29), (15, 23), (15, 3), (14, 28), (14, 27), (14, 10), (14, 24), (13, 26), (13, 25)  …  (3, 6), (3, 5), (3, 29), (2, 4), (2, 3), (2, 1), (2, 5), (1, 2), (1, 1), (1, 14)]
And data, a 53-element Vector{Float64}:
 1.1254194152452304
 3.700046543541892
 0.0
 0.8791284601126572
 0.5007143511790749
 0.533342874894076
 0.0
 0.0
 2.0
 0.9999999993539418
 0.0
 1.567782377702
 1.0
 0.43221762241669986
 1.6890730360408457
 0.0
 0.0
 0.0
 0.4322176230706609
 0.0
 0.0
 2.0
 0.999999999829046
 2.0
 0.0
 0.0
 5.835474450484626
 2.1645255489367567
 0.0
 0.0
 1.6843009899341836
 0.4691809475334941
 0.8465180626634438
 2.0
 6.0
 0.0
 2.0
 0.9999999999190718
 0.0
 0.0
 1.0530707230937049
 2.9567651122034335
 0.0
 0.0
 5.000000000382975
 1.8677358350985136
 1.9999999995696487
 0.0
 0.0
 1.00000000046353
 2.0
 0.0
 0.0
q_opt: 1-dimensional DenseAxisArray{Float64,1,...} with index sets:
    Dimension 1, [(43, 15), (43, 14), (44, 15), (44, 13), (44, 3), (40, 14), (40, 2), (41, 14), (42, 6), (37, 13)  …  (4, 13), (5, 2), (5, 7), (5, 9), (6, 11), (1, 1), (1, 6), (1, 3), (2, 1), (2, 15)]
And data, a 71-element Vector{Float64}:
 0.0
 0.0
 0.0
 0.7611648678672569
 0.07781938185566405
 0.9999999995052349
 0.0
 0.0
 0.03720083843424931
 0.23883513227801342
 0.0
 1.0
 0.0
 0.0
 0.37500000010481155
 0.0
 0.0
 0.0
 0.7754579975059486
 0.0
 0.13111528194722843
 0.0
 1.0
 0.3813749237876261
 0.23198440362797768
 0.0
 0.224542002559517
 0.0
 1.0
 0.586605636965248
 0.5657220614409965
 0.0
 0.0
 0.0
 0.0
 0.0
 0.0
 0.0
 0.4342779386407257
 0.0
 0.0
 0.0
 1.0
 0.0
 0.0
 0.6186250762620779
 0.0
 0.8625695751228777
 0.0
 0.0
 0.0
 0.0
 0.0
 0.0
 0.8688847180715988
 0.0
 0.0
 0.9221806181958709
 0.0
 0.0
 0.0
 0.0
 0.0
 0.1374304249820662
 0.4133943630619512
 0.0
 0.0
 0.35581475789657235
 0.0
 0.0
 1.0

