objective value: -629.8368521
objective bound: -629.899842059
termination status: OPTIMAL
BARON solution time: 1727.7


w_opt: 1-dimensional DenseAxisArray{Float64,1,...} with index sets:
    Dimension 1, [(25, 1, 2), (25, 1, 1), (25, 1, 14), (20, 1, 2), (20, 1, 1), (20, 1, 14), (1, 1, 2), (1, 1, 1), (1, 1, 14), (2, 1, 2)  …  (20, 15, 23), (20, 15, 3), (8, 15, 30), (8, 15, 29), (8, 15, 23), (8, 15, 3), (2, 15, 30), (2, 15, 29), (2, 15, 23), (2, 15, 3)]
And data, a 261-element Vector{Float64}:
 1.123151719163897
 1.8060797682026988
 0.0
 0.8768482802070007
 1.410012477961975
 0.0
 0.0
 0.0
 0.0
 0.0
 0.0
 0.0
 0.0
 0.0
 0.0
 0.0
 2.0
 0.0
 0.0
 0.9999999998713717
 0.0
 0.0
 0.0
 0.0
 0.0
 0.0
 0.0
 0.0
 0.0
 1.4237009710362065
 0.8542205821477998
 0.0
 0.0
 0.0
 0.0
 3.5762990298921444
 2.1457794167504263
 0.0
 0.0
 0.0
 0.0
 0.0
 0.0
 0.36758010205415537
 0.9547125058821644
 0.0
 0.0
 0.0
 0.0
 0.6937395901271017
 1.801843622163694
 0.0
 0.0
 0.0
 0.0
 0.0
 0.0
 0.0
 0.0
 2.0
 0.9999999998679415
 0.0
 0.0
 0.0
 0.0
 0.0
 0.0
 0.0
 0.0
 0.0
 0.0
 0.09322748641562502
 0.27968245933526265
 0.0
 0.7499999999227867
 2.2500000002223746
 0.0
 0.5727011349334797
 1.718103405155785
 0.0
 0.0
 0.0
 0.0
 0.0
 0.0
 0.0
 0.0
 0.0
 0.0
 0.0
 0.0
 0.0
 0.5840713785132893
 1.7522141359015537
 0.0
 0.0
 0.0
 0.0
 0.0
 0.0
 0.0
 1.7158781916126347
 0.9292314882293635
 0.35489032012308597
 0.0
 0.0
 0.0
 0.0
 0.0
 0.0
 0.0
 0.0
 0.0
 0.0
 0.0
 0.0
 0.0
 0.0
 5.652400803504688
 1.884133600087352
 0.0
 0.0
 0.0
 0.34759919627183217
 0.11586639857844723
 0.0
 0.0
 0.0
 0.0
 0.0
 0.0
 0.0
 0.0
 0.0
 0.0
 0.0
 0.0
 0.0
 0.0
 0.0
 0.0
 0.0
 0.0
 0.0
 0.0
 0.0
 0.0
 0.0
 0.0
 0.0
 0.0
 0.11497107601087328
 0.0
 0.4727969735353604
 0.2363984867351012
 0.0
 0.0
 1.5272030267272176
 0.7636015132485591
 0.0
 0.0
 0.0
 0.0
 0.0
 0.0
 0.0
 0.0
 0.0
 0.0
 0.0
 0.0
 0.0
 0.0
 1.4352776925172326
 0.0
 0.0
 0.0
 0.3212784329468991
 0.0
 0.0
 0.0
 0.0
 0.0
 0.0
 0.0
 0.0
 0.0
 0.0
 0.0
 0.0
 0.0
 0.0
 0.0
 0.0
 1.678721567683602
 1.0
 0.3212784325499693
 0.0
 0.0
 0.0
 0.0
 0.0
 0.0
 0.0
 0.0
 0.0
 1.4153471407178893
 0.707673569332903
 0.0
 0.584652859566403
 0.29232642934830594
 0.0
 0.0
 0.0
 0.0
 0.0
 0.0
 0.0
 0.0
 0.0
 0.0
 0.0
 0.0
 0.0
 0.0
 0.5186881918336487
 0.6358283151002163
 0.0
 0.0
 0.0
 0.0
 0.0
 0.0
 0.0
 0.0
 0.0
 0.0
 0.0
 0.0
 0.0
 0.0
 0.0
 0.0
 0.0
 0.0
 0.0
 0.0
 0.0
 0.0
 0.0
 0.0
 0.0
 0.0
 0.0
 0.0
 0.0
 0.0
 2.0
 2.678721569692638
 0.0
 1.0
x_ij_opt: 1-dimensional DenseAxisArray{Float64,1,...} with index sets:
    Dimension 1, [(43, 30), (43, 22), (43, 6), (44, 22), (45, 30), (45, 29), (45, 28), (45, 24), (45, 23), (40, 29)  …  (5, 7), (5, 14), (6, 4), (6, 3), (1, 14), (1, 10), (1, 23), (1, 1), (3, 2), (3, 1)]
And data, a 116-element Vector{Float64}:
 0.0
 0.5647223067701193
 1.5365344036846864
 0.0
 0.0
 0.0
 1.481311808094046
 0.0
 0.0
 0.0
 0.0
 0.0
 0.0
 0.0
 0.0
 0.0
 0.0
 0.0
 0.28686075787194026
 0.0
 0.0
 0.0
 0.0
 0.0
 0.0
 0.0
 0.0
 1.999999999910921
 0.0
 0.0
 0.0
 0.0
 0.0
 0.0
 0.0
 0.0
 0.0
 0.0
 0.0
 0.0
 0.0
 0.0
 0.0
 0.4634655968594885
 0.0
 0.0
 0.0
 0.0
 0.0
 0.0
 0.0
 0.0
 0.0
 0.0
 0.0
 1.243443873597528
 0.0
 0.0
 0.07076851210786415
 1.8850289236348003
 0.0
 0.0
 0.0
 0.0
 6.0
 0.0
 0.0
 0.0
 0.0
 0.7131392423852014
 0.0
 0.0
 0.0
 0.0
 0.0
 0.0
 0.364171684532906
 0.9386803080357927
 0.0
 0.0
 0.0
 0.0
 0.0
 0.0
 0.0
 0.0
 0.0
 0.0
 0.0
 0.0
 0.0
 0.0
 0.0
 0.0
 0.0
 0.0
 0.0
 0.0
 0.0
 0.0
 0.0
 0.0
 0.0
 0.0
 0.0
 0.28412180892787686
 0.0
 0.0
 0.0
 0.0
 0.0
 0.0
 0.0
 2.4290174346016222
 0.0
 0.0
x_il_opt: 1-dimensional DenseAxisArray{Float64,1,...} with index sets:
    Dimension 1, [(43, 15), (43, 14), (44, 15), (44, 13), (44, 3), (40, 14), (40, 2), (41, 14), (42, 6), (37, 13)  …  (4, 13), (5, 2), (5, 7), (5, 9), (6, 11), (1, 1), (1, 6), (1, 3), (2, 1), (2, 15)]
And data, a 71-element Vector{Float64}:
 0.0
 0.0
 0.0
 2.1230207109177397
 2.2779215532938193
 1.1545165071280015
 0.0
 0.0
 0.37290994584128695
 0.8769792893323515
 0.0
 3.0
 0.0
 0.0
 3.0
 0.0
 0.0
 0.0
 7.536534404162733
 0.0
 1.322292607967707
 0.0
 3.0
 0.7091954602704615
 2.290804540164802
 0.0
 0.463465595278574
 0.0
 1.7565561271498151
 0.0
 2.9292314873729106
 0.0
 0.0
 0.0
 0.0
 0.0
 0.0
 0.0
 2.286860758187401
 0.0
 0.0
 0.0
 3.0
 0.0
 0.0
 2.2908045399757766
 0.0
 2.9999999999644986
 0.0
 0.0
 0.0
 0.0
 0.0
 0.0
 2.495583212298173
 0.0
 0.0
 5.722078446772985
 0.0
 0.0
 0.0
 0.0
 0.0
 0.0
 0.11497107602692208
 0.0
 0.0
 2.3362855144900765
 0.0
 0.0
 5.678721569925463
x_lj_opt: 1-dimensional DenseAxisArray{Float64,1,...} with index sets:
    Dimension 1, [(15, 30), (15, 29), (15, 23), (15, 3), (14, 28), (14, 27), (14, 10), (14, 24), (13, 26), (13, 25)  …  (3, 6), (3, 5), (3, 29), (2, 4), (2, 3), (2, 1), (2, 5), (1, 2), (1, 1), (1, 14)]
And data, a 53-element Vector{Float64}:
 2.0
 2.678721569621794
 0.0
 1.0
 0.5186881922815708
 0.6358283156483908
 0.0
 0.0
 2.0
 0.9999999986733261
 0.0
 1.678721567523063
 1.0
 0.3212784325288459
 1.4352776937896183
 0.0
 0.0
 0.0
 0.3212784332341968
 0.0
 0.0
 2.0
 0.9999999999489501
 0.11497107673174016
 0.0
 0.0
 6.0
 1.9999999990763753
 0.0
 0.0
 1.7158781917073929
 0.9292314882897637
 0.35489032015767685
 1.9999999998199487
 6.0
 0.0
 2.0
 0.9999999999351599
 0.0
 0.0
 1.0613196922175232
 2.7565561281440303
 0.0
 0.0
 5.000000000919608
 2.999999998902141
 2.0
 0.0
 0.0
 0.9999999999334683
 1.9999999993639617
 3.2160922461507253
 0.0
q_opt: 1-dimensional DenseAxisArray{Float64,1,...} with index sets:
    Dimension 1, [(43, 15), (43, 14), (44, 15), (44, 13), (44, 3), (40, 14), (40, 2), (41, 14), (42, 6), (37, 13)  …  (4, 13), (5, 2), (5, 7), (5, 9), (6, 11), (1, 1), (1, 6), (1, 3), (2, 1), (2, 15)]
And data, a 71-element Vector{Float64}:
 0.0
 0.0
 0.0
 0.7076735703033368
 0.2847401941551026
 0.9999999991482057
 0.0
 0.0
 0.046613743218468846
 0.29232642976579115
 0.0
 1.0
 0.0
 0.0
 0.37500000001316497
 0.0
 0.0
 0.0
 0.9420668005091091
 0.0
 0.34634248732904455
 0.0
 1.0
 0.2363984867454588
 0.28635056750742083
 0.0
 0.05793319938755074
 0.0
 0.9999999991183304
 0.0
 0.5615758597615518
 0.0
 0.0
 0.0
 0.0
 0.0
 0.0
 0.0
 0.4384241402439389
 0.0
 0.0
 0.0
 0.9999999999991611
 0.0
 0.0
 0.7636015132981817
 0.0
 0.999999999957309
 0.0
 0.0
 0.0
 0.0
 0.0
 0.0
 0.6536575126363279
 0.0
 0.0
 0.7152598058474787
 0.0
 0.0
 0.0
 0.0
 0.0
 0.0
 0.9999999937285965
 0.0
 0.0
 0.2920356892980399
 0.0
 0.0
 1.0

