objective value: -623.920438902
objective bound: -640.848660836
termination status: TIME_LIMIT
BARON solution time: 7225.89


w_opt: 1-dimensional DenseAxisArray{Float64,1,...} with index sets:
    Dimension 1, [(25, 1, 2), (25, 1, 1), (25, 1, 14), (20, 1, 2), (20, 1, 1), (20, 1, 14), (1, 1, 2), (1, 1, 1), (1, 1, 14), (2, 1, 2)  …  (20, 15, 23), (20, 15, 3), (8, 15, 30), (8, 15, 29), (8, 15, 23), (8, 15, 3), (2, 15, 30), (2, 15, 29), (2, 15, 23), (2, 15, 3)]
And data, a 261-element Vector{Float64}:
 1.0325594844329158
 0.9532753950657888
 0.0
 0.967440515951044
 0.8931565241033212
 0.0
 0.0
 0.0
 0.0
 0.0
 0.0
 0.0
 0.0
 0.0
 0.0
 0.0
 2.0
 0.0
 0.0
 1.0000000000131921
 0.0
 0.0
 0.0
 0.0
 0.0
 0.0
 0.0
 0.0
 0.0
 3.12414380977943
 1.8744862850195654
 0.0
 0.0
 0.0
 0.0
 0.0
 0.0
 0.0
 0.0
 0.0
 0.0
 1.8758561914063572
 1.1255137143292464
 0.0
 0.0
 0.0
 0.0
 0.0
 0.0
 1.0408539181679046
 0.6821559408051061
 0.0
 0.0
 0.0
 0.0
 0.0
 0.0
 0.0
 0.0
 1.9631746971117032
 1.0
 0.0
 0.0
 0.0
 0.0
 0.0
 0.0
 0.0
 0.0
 0.0
 0.0
 0.12011891434820962
 0.3603567430628204
 0.0
 0.7500000002950161
 2.2500000007593512
 0.0
 0.5464481852857903
 1.6393445557783113
 0.0
 0.0
 0.0
 0.0
 0.0
 0.0
 0.0
 0.0
 0.0
 0.0
 0.0
 0.0
 0.0
 0.5834329003101316
 1.7502987008428705
 0.0
 0.0
 0.0
 0.0
 0.0
 0.0
 0.0
 0.37450550432737967
 0.7042864581448716
 1.436207713668193
 0.07222080095612941
 0.13581678113495468
 0.2769627421747659
 0.0
 0.0
 0.0
 0.0
 0.0
 0.0
 0.0
 0.0
 0.0
 0.0
 0.0
 4.703742799649524
 2.6091030730638494
 0.0
 0.0
 0.0
 0.44198884207020855
 0.2451652853663163
 0.0
 0.0
 0.0
 0.0
 0.0
 0.0
 0.0
 0.0
 0.0
 0.0
 0.0
 0.0
 0.0
 0.0
 0.0
 0.0
 0.0
 0.0
 0.0
 0.0
 0.0
 0.0
 0.0
 0.0
 0.0
 0.0
 0.07664192826217947
 0.0
 0.5428048396135714
 0.27140241976104845
 0.0
 0.0
 1.457195160684032
 0.7285975802258146
 0.0
 0.0
 0.0
 0.0
 0.0
 0.0
 0.0
 0.0
 0.0
 0.0
 0.0
 0.0
 0.0
 0.0
 1.4942278856415228
 0.0
 0.0
 0.0
 0.3702870206684991
 0.0
 0.0
 0.0
 0.0
 0.0
 0.0
 0.0
 0.0
 0.0
 0.0
 0.0
 0.0
 0.0
 0.0
 0.0
 0.0
 1.629712980314871
 1.0
 0.3702870199896727
 0.0
 0.0
 0.0
 0.0
 0.0
 0.0
 0.0
 0.0
 0.0
 1.5117943221976522
 0.7558971606761729
 0.0
 0.48820567831018363
 0.24410283900624352
 0.0
 0.0
 0.0
 0.0
 0.0
 0.0
 0.0
 0.0
 0.0
 0.0
 0.0
 0.0
 0.0
 0.0
 0.044154949836566246
 0.24748453126489442
 0.0
 0.0
 0.0
 0.0
 0.0
 0.0
 0.09891160069087876
 0.5543906453127148
 0.0
 0.0
 0.0
 0.0
 0.0
 0.0
 0.0
 0.0
 0.0
 0.0
 0.0
 0.0
 0.0
 0.0
 0.13198172049851234
 0.17353702185587278
 0.0
 0.06599086024621859
 0.0
 0.0
 0.0
 0.0
 1.8680182799478064
 2.4561759603661972
 0.0
 0.9340091399695964
x_ij_opt: 1-dimensional DenseAxisArray{Float64,1,...} with index sets:
    Dimension 1, [(43, 30), (43, 22), (43, 6), (44, 22), (45, 30), (45, 29), (45, 28), (45, 24), (45, 23), (40, 29)  …  (5, 7), (5, 14), (6, 4), (6, 3), (1, 14), (1, 10), (1, 23), (1, 1), (3, 2), (3, 1)]
And data, a 116-element Vector{Float64}:
 0.0
 0.5057721150879931
 1.3128458723958898
 0.0
 0.0
 0.0
 1.8569334497240448
 0.0
 0.0
 0.0
 0.0
 0.0
 0.0
 0.0
 0.0
 0.0
 0.0
 0.0
 0.23210664261920108
 0.0
 0.0
 0.0
 0.0
 0.0
 0.0
 0.0
 0.0
 2.0
 0.0
 0.0
 0.0
 0.0
 0.0
 0.0
 0.0
 0.0
 0.0
 0.0
 0.0
 0.0
 0.0
 0.0
 0.0
 0.6871541284597511
 0.0
 0.0
 0.0
 0.0
 0.0
 0.0
 0.0
 0.0
 0.0
 0.0
 0.0
 1.1354850930304616
 0.0
 0.8542683596267577
 0.15989676144559717
 1.9233580720834678
 0.0
 0.0
 0.0
 0.0
 6.0
 0.0
 0.0
 0.0
 0.0
 0.7678933577656797
 0.0
 0.0
 0.0
 0.0
 0.0
 0.0
 0.19812482290412536
 0.9591460822126302
 0.0
 0.0
 0.0
 0.0
 0.0
 0.0
 0.0
 0.0
 0.0
 0.03682530374736243
 0.0
 0.0
 0.0
 0.0
 1.3280906087313138
 0.0
 0.0
 0.0
 0.0
 0.0
 0.0
 0.0
 0.0
 0.0
 0.0
 0.0
 0.0
 1.3287728274714574
 0.0
 0.0
 0.0
 0.0
 0.2245008678584569
 0.0
 0.0
 2.4403976264005482
 0.0
 0.0
x_il_opt: 1-dimensional DenseAxisArray{Float64,1,...} with index sets:
    Dimension 1, [(43, 15), (43, 14), (44, 15), (44, 13), (44, 3), (40, 14), (40, 2), (41, 14), (42, 6), (37, 13)  …  (4, 13), (5, 2), (5, 7), (5, 9), (6, 11), (1, 1), (1, 6), (1, 3), (2, 1), (2, 15)]
And data, a 71-element Vector{Float64}:
 0.0
 0.0
 0.0
 2.267691483197445
 4.99863009484738
 0.29163948124001643
 0.0
 0.0
 0.4804756574927889
 0.7323085174918216
 0.0
 3.0
 0.0
 0.0
 3.0
 0.0
 0.0
 0.0
 7.312845873143969
 0.0
 0.0
 0.6533022460660253
 3.0
 0.8142072593746199
 2.185792741117969
 0.0
 0.6871541278481759
 0.0
 1.8645149078634702
 0.0
 1.985834879515036
 0.0
 0.0
 0.0
 0.0
 0.0
 0.0
 0.0
 1.8605970400738678
 0.3715096026945571
 0.0
 0.0
 2.9631746973235327
 0.0
 0.0
 2.1857927409098465
 0.0
 2.514999676140444
 0.0
 0.0
 0.0
 0.0
 0.0
 0.0
 1.7230098590289582
 0.0
 0.0
 0.0
 0.0
 0.0
 0.0
 0.0
 0.0
 0.48500032426585
 0.07664192826460767
 0.0
 0.0
 2.333731601204464
 3.001369905805398
 0.0
 5.258203380298906
x_lj_opt: 1-dimensional DenseAxisArray{Float64,1,...} with index sets:
    Dimension 1, [(15, 30), (15, 29), (15, 23), (15, 3), (14, 28), (14, 27), (14, 10), (14, 24), (13, 26), (13, 25)  …  (3, 6), (3, 5), (3, 29), (2, 4), (2, 3), (2, 1), (2, 5), (1, 2), (1, 1), (1, 14)]
And data, a 53-element Vector{Float64}:
 2.0
 2.6297129819203366
 0.0
 1.0
 0.14306655066959414
 0.8018751773744144
 0.0
 0.0
 2.0
 0.999999999567291
 0.0
 1.6297129801591477
 1.0
 0.3702870199706617
 1.4942278854922033
 0.0
 0.0
 0.0
 0.37028702063140184
 0.0
 0.0
 2.0
 0.9999999999454192
 0.07664192830917861
 0.0
 0.0
 5.145731641335674
 2.854268358330527
 0.0
 0.0
 0.4467263052592821
 0.8401032392099005
 1.713170455668051
 2.0
 6.0
 0.0
 1.9631746969468695
 1.0
 0.0
 0.0
 1.0408539180799938
 0.6821559407473966
 0.0
 0.0
 5.000000000889961
 2.999999999199669
 2.0
 0.0
 0.0
 0.999999999998711
 2.0
 1.8464319189862795
 0.0
q_opt: 1-dimensional DenseAxisArray{Float64,1,...} with index sets:
    Dimension 1, [(43, 15), (43, 14), (44, 15), (44, 13), (44, 3), (40, 14), (40, 2), (41, 14), (42, 6), (37, 13)  …  (4, 13), (5, 2), (5, 7), (5, 9), (6, 11), (1, 1), (1, 6), (1, 3), (2, 1), (2, 15)]
And data, a 71-element Vector{Float64}:
 0.0
 0.0
 0.0
 0.7558971610348485
 0.6248287618447533
 0.30863223884169055
 0.0
 0.0
 0.06005945717528426
 0.24410283913902625
 0.0
 1.0
 0.0
 0.0
 0.3750000001242373
 0.0
 0.0
 0.0
 0.9141057341316
 0.0
 0.0
 0.6913677601640057
 1.0
 0.27140241978126817
 0.2732240926275603
 0.0
 0.08589426595878906
 0.0
 1.0
 0.0
 0.5162797421675988
 0.0
 0.0
 0.0
 0.0
 0.0
 0.0
 0.0
 0.48372025792976464
 0.0659908602396514
 0.0
 0.0
 1.0
 0.0
 0.0
 0.7285975802720994
 0.0
 0.8383332253481163
 0.0
 0.0
 0.0
 0.0
 0.0
 0.0
 1.0
 0.0
 0.0
 0.0
 0.0
 0.0
 0.0
 0.0
 0.0
 0.1616667747623746
 0.999999999386411
 0.0
 0.0
 0.29171645013829134
 0.3751712382143734
 0.0
 0.934009139878457

