objective value: -620.050572804
objective bound: -620.112584053
termination status: OPTIMAL
BARON solution time: 286.73


w_opt: 1-dimensional DenseAxisArray{Float64,1,...} with index sets:
    Dimension 1, [(25, 1, 2), (25, 1, 1), (25, 1, 14), (20, 1, 2), (20, 1, 1), (20, 1, 14), (1, 1, 2), (1, 1, 1), (1, 1, 14), (2, 1, 2)  …  (20, 15, 23), (20, 15, 3), (8, 15, 30), (8, 15, 29), (8, 15, 23), (8, 15, 3), (2, 15, 30), (2, 15, 29), (2, 15, 23), (2, 15, 3)]
And data, a 261-element Vector{Float64}:
 1.1242437452980638
 1.7312233684837064
 0.0
 0.8757562549437832
 1.3485773881294005
 0.0
 0.0
 0.0
 0.0
 0.0
 0.0
 0.0
 0.0
 0.0
 0.0
 0.0
 1.5940895953256409
 0.0
 0.0
 1.4059104051665885
 0.0
 0.0
 0.0
 0.0
 0.0
 0.0
 0.0
 0.0
 0.0
 2.5405725396035685
 1.8834988446185603
 0.0
 0.0
 0.0
 0.0
 0.0
 0.0
 0.0
 0.0
 0.0
 0.0
 2.0535170563956866
 1.522411559927284
 0.4550501481639783
 1.6103380044608018
 0.0
 0.0
 0.0
 0.0
 0.620160803090207
 2.194633963140052
 0.0
 0.0
 0.0
 0.0
 0.0
 0.0
 0.0
 0.0
 2.0
 1.0
 0.0
 0.0
 0.0
 0.0
 0.0
 0.0
 0.0
 0.0
 0.0
 0.0
 0.2931242790010441
 0.8793728369527577
 0.0
 0.750000000104288
 2.250000000227352
 0.0
 0.5384035257556771
 1.6152105771957395
 0.0
 0.0
 0.0
 0.0
 0.0
 0.0
 0.0
 0.0
 0.0
 0.0
 0.0
 0.0
 0.0
 0.4184721954371116
 1.2554165862485245
 0.0
 0.0
 0.0
 0.0
 0.0
 0.0
 0.0
 1.8363209060440118
 0.855467113971044
 0.308211980283364
 0.0
 0.0
 0.0
 0.0
 0.0
 0.0
 0.0
 0.0
 0.0
 0.0
 0.0
 0.0
 0.0
 0.0
 5.342602895986892
 1.7808676316107557
 0.0
 0.0
 0.0
 0.6573971050893982
 0.21913236831297847
 0.0
 0.0
 0.0
 0.0
 0.0
 0.0
 0.0
 0.0
 0.0
 0.0
 0.0
 0.0
 0.0
 0.0
 0.0
 0.0
 0.0
 0.0
 0.0
 0.0
 0.0
 0.0
 0.0
 0.0
 0.0
 0.0
 0.2289719322247313
 0.0
 0.5642572650780239
 0.2821286324944692
 0.0
 0.0
 1.4357427351853032
 0.7178713674772503
 0.0
 0.0
 0.0
 0.0
 0.0
 0.0
 0.0
 0.0
 0.0
 0.0
 0.0
 0.0
 0.0
 0.0
 2.0
 0.0
 0.0
 0.0
 0.8049719662604743
 0.0
 0.0
 0.0
 0.0
 0.0
 0.0
 0.0
 0.0
 0.0
 0.0
 0.0
 0.0
 0.0
 0.0
 0.0
 0.0
 1.195028034722316
 0.912690775524988
 0.8922811900508141
 0.0
 0.0
 0.0
 0.0
 0.0
 0.0
 0.0
 0.0
 0.0
 1.5561593312217081
 0.7780796652274914
 0.0
 0.4438406691794588
 0.2219203344803522
 0.0
 0.0
 0.0
 0.0
 0.0
 0.0
 0.0
 0.0
 0.0
 0.0
 0.0
 0.0
 0.0
 0.0
 0.6483222622561525
 0.7581509422573974
 0.0
 0.0
 0.0
 0.0
 0.0
 0.0
 0.0
 0.0
 0.0
 0.0
 0.0
 0.0
 0.0
 0.0
 0.0
 0.0
 0.0
 0.0
 0.0
 0.0
 0.0
 0.0
 0.0
 0.0
 0.0
 0.0
 0.0
 0.0
 0.0
 0.0
 2.0
 1.701808406839781
 0.0
 1.0
x_ij_opt: 1-dimensional DenseAxisArray{Float64,1,...} with index sets:
    Dimension 1, [(43, 30), (43, 22), (43, 6), (44, 22), (45, 30), (45, 29), (45, 28), (45, 24), (45, 23), (40, 29)  …  (5, 7), (5, 14), (6, 4), (6, 3), (1, 14), (1, 10), (1, 23), (1, 1), (3, 2), (3, 1)]
And data, a 116-element Vector{Float64}:
 0.0
 0.0
 1.3339429702186272
 0.0
 0.0
 0.0
 1.3516777381489513
 0.0
 0.0
 0.0
 0.0
 0.0
 0.0
 0.0
 0.0
 0.0
 0.0
 0.0
 0.22433364280692125
 0.0
 0.0
 0.0
 0.0
 0.0
 0.0
 0.0
 0.0
 2.0
 0.0
 0.0
 0.0
 0.0
 0.0
 0.0
 0.0
 0.0
 0.0
 0.0
 0.0
 0.0
 0.0
 0.0
 0.0
 0.6660570306467379
 0.0
 0.0
 0.0
 0.0
 0.0
 0.0
 0.0
 0.0
 0.0
 0.0
 0.0
 0.19502803372670052
 0.0
 0.0
 0.1445328866636494
 1.7710280680933015
 0.0
 0.0
 0.0
 0.0
 6.0
 0.0
 0.0
 0.0
 0.0
 0.775666357564934
 0.0
 0.0
 0.0
 0.0
 0.0
 0.0
 0.24184905803908568
 0.924789049070072
 0.0
 0.0
 0.0
 0.0
 0.0
 0.0
 0.0
 0.0
 0.0
 0.0
 0.0
 0.0
 0.0
 0.0
 0.0
 0.0
 0.0
 0.0
 0.0
 0.0
 0.0
 0.0
 0.0
 0.0
 0.0
 0.0
 0.0
 0.11279298101594956
 0.0
 0.0
 0.40591040519034993
 0.0
 0.05088611365568288
 0.0
 0.08730922505663667
 2.6119872643257827
 0.0
 0.0
x_il_opt: 1-dimensional DenseAxisArray{Float64,1,...} with index sets:
    Dimension 1, [(43, 15), (43, 14), (44, 15), (44, 13), (44, 3), (40, 14), (40, 2), (41, 14), (42, 6), (37, 13)  …  (4, 13), (5, 2), (5, 7), (5, 9), (6, 11), (1, 1), (1, 6), (1, 3), (2, 1), (2, 15)]
And data, a 71-element Vector{Float64}:
 0.0
 0.0
 0.0
 2.334238996699431
 4.424071384222129
 1.40647320451355
 0.0
 0.0
 1.1724971159538018
 0.6657610037315228
 0.0
 3.0
 0.0
 0.0
 3.0
 0.0
 0.0
 0.0
 7.1234705275976475
 0.0
 2.06538815262478
 0.0
 3.0
 0.846385897572493
 2.1536141029514164
 0.0
 0.8765294734023766
 0.0
 2.804971967153394
 0.0
 2.85546711378177
 0.0
 0.0
 0.0
 0.0
 0.0
 0.0
 0.0
 2.2243336430731837
 0.0
 0.0
 0.0
 3.0
 0.0
 0.0
 2.1536141026625533
 0.0
 3.0
 0.0
 0.0
 0.0
 0.0
 0.0
 0.0
 2.8147947662302593
 0.0
 0.0
 0.0
 0.0
 0.0
 0.0
 0.0
 0.0
 0.0
 0.2289719322247313
 0.0
 0.0
 1.673888781685636
 3.5759286163229707
 0.0
 4.701808406839781
x_lj_opt: 1-dimensional DenseAxisArray{Float64,1,...} with index sets:
    Dimension 1, [(15, 30), (15, 29), (15, 23), (15, 3), (14, 28), (14, 27), (14, 10), (14, 24), (13, 26), (13, 25)  …  (3, 6), (3, 5), (3, 29), (2, 4), (2, 3), (2, 1), (2, 5), (1, 2), (1, 1), (1, 14)]
And data, a 53-element Vector{Float64}:
 2.0
 1.7018084066905357
 0.0
 1.0
 0.6483222622442564
 0.7581509422435811
 0.0
 0.0
 2.0
 0.9999999996076037
 0.0
 1.1950280346053126
 0.9126907754357528
 0.892281189963585
 2.0
 0.0
 0.0
 0.0
 0.8049719661836121
 0.0
 0.0
 2.0
 0.9999999999396122
 0.22897193229927673
 0.0
 0.0
 6.0
 1.9999999997661189
 0.0
 0.0
 1.8363209059181222
 0.8554671139129197
 0.30821198026278
 2.0
 6.0
 0.0
 2.0
 1.0
 0.0
 0.0
 1.0752109512177617
 3.8049719674657454
 0.0
 0.0
 4.594089595830368
 3.4059104044216832
 1.5940895951993104
 0.0
 0.0
 1.4059104050546565
 2.0
 3.079800756484799
 0.0
q_opt: 1-dimensional DenseAxisArray{Float64,1,...} with index sets:
    Dimension 1, [(43, 15), (43, 14), (44, 15), (44, 13), (44, 3), (40, 14), (40, 2), (41, 14), (42, 6), (37, 13)  …  (4, 13), (5, 2), (5, 7), (5, 9), (6, 11), (1, 1), (1, 6), (1, 3), (2, 1), (2, 15)]
And data, a 71-element Vector{Float64}:
 0.0
 0.0
 0.0
 0.7780796655350124
 0.553008923010528
 1.0
 0.0
 0.0
 0.14656213948352742
 0.22192033456732665
 0.0
 1.0
 0.0
 0.0
 0.37500000002178496
 0.0
 0.0
 0.0
 0.8904338159111331
 0.0
 0.4232194135015799
 0.0
 1.0
 0.2821286325105051
 0.2692017628531557
 0.0
 0.10956618417070382
 0.0
 1.0
 0.0
 0.562121872604439
 0.0
 0.0
 0.0
 0.0
 0.0
 0.0
 0.0
 0.4378781274372849
 0.0
 0.0
 0.0
 1.0
 0.0
 0.0
 0.7178713675230001
 0.0
 1.0
 0.0
 0.0
 0.0
 0.0
 0.0
 0.0
 0.5767805865339303
 0.0
 0.0
 0.0
 0.0
 0.0
 0.0
 0.0
 0.0
 0.0
 0.9999999996729354
 0.0
 0.0
 0.20923609769719562
 0.44699107702615265
 0.0
 1.0

