objective value: -623.493594359
objective bound: -623.55594991
termination status: OPTIMAL
BARON solution time: 452.17


w_opt: 1-dimensional DenseAxisArray{Float64,1,...} with index sets:
    Dimension 1, [(25, 1, 2), (25, 1, 1), (25, 1, 14), (20, 1, 2), (20, 1, 1), (20, 1, 14), (1, 1, 2), (1, 1, 1), (1, 1, 14), (2, 1, 2)  …  (20, 15, 23), (20, 15, 3), (8, 15, 30), (8, 15, 29), (8, 15, 23), (8, 15, 3), (2, 15, 30), (2, 15, 29), (2, 15, 23), (2, 15, 3)]
And data, a 261-element Vector{Float64}:
 1.4232933968148531
 0.0
 0.0
 0.576706602864703
 0.0
 0.0
 0.0
 0.0
 0.0
 0.0
 0.0
 0.0
 0.0
 0.0
 0.0
 0.0
 0.0
 0.0
 0.0
 2.9999999965843984
 0.0
 0.0
 0.0
 0.0
 0.0
 0.0
 0.0
 0.0
 0.0
 0.0
 0.0
 0.0
 0.0
 0.0
 0.0
 0.0
 0.0
 0.0
 0.0
 0.0
 0.0
 0.0
 1.094831301529658
 0.0
 0.0
 0.0
 0.0
 0.0
 0.0
 1.3696189039346534
 1.8664035094341687
 0.22589561325292132
 0.0
 0.0
 0.0
 0.0
 0.0
 0.0
 0.0
 1.9309750674584585
 1.0
 0.0
 0.0
 0.0
 0.0
 0.0
 0.0
 0.0
 0.0
 0.0
 0.0
 0.32099735174984784
 0.9629920552437343
 0.0
 0.7500000000574099
 2.250000000087643
 0.0
 0.5181495567515894
 1.5544486702128917
 0.0
 0.0
 0.0
 0.0
 0.0
 0.0
 0.0
 0.0
 0.0
 0.0
 0.0
 0.0
 0.0
 0.41085309155113925
 1.2325592746311975
 0.0
 0.0
 0.0
 0.0
 0.0
 0.0
 0.0
 1.3643092031708723
 0.8637486993854275
 0.7719420975399209
 0.0
 0.0
 0.0
 0.0
 0.0
 0.0
 0.0
 0.0
 0.0
 0.0
 0.0
 0.0
 0.0
 0.0
 4.792231298972206
 2.611852249595463
 0.0
 0.0
 0.0
 0.38570194997849727
 0.21021449978510162
 0.0
 0.0
 0.0
 0.0
 0.0
 0.0
 0.0
 0.0
 0.0
 0.0
 0.0
 0.0
 0.0
 0.0
 0.0
 0.0
 0.0
 0.0
 0.0
 0.0
 0.0
 0.0
 0.6183885508895723
 0.0
 0.0
 0.0
 0.0
 0.0
 0.6182678490197974
 0.3091339244243931
 0.0
 0.0
 1.3817321512238645
 0.6908660754232437
 0.0
 0.0
 0.0
 0.0
 0.0
 0.0
 0.0
 0.0
 0.0
 0.0
 0.0
 0.0
 0.0
 0.0
 1.3361981647034848
 0.0
 0.0
 0.0
 0.20890982823033155
 1.45489200597822
 0.0
 0.0
 0.0
 0.0
 0.0
 0.0
 0.0
 0.0
 0.0
 0.0
 0.0
 0.0
 0.0
 0.0
 0.0
 1.7910901725939192
 1.0
 0.20890982762673138
 0.0
 0.0
 0.0
 0.0
 0.0
 0.0
 0.0
 0.0
 0.0
 1.4017651588823972
 0.7008825787325665
 0.0
 0.5982348413351731
 0.2991174203529134
 0.0
 0.0
 0.0
 0.0
 0.0
 0.0
 0.0
 0.0
 0.0
 0.0
 0.0
 0.0
 0.0
 0.0
 0.46096525853393866
 0.5556923715029823
 0.0
 0.0
 0.0
 0.0
 0.0
 0.0
 0.0
 0.0
 0.0
 0.0
 0.0
 0.0
 0.0
 0.0
 0.0
 0.0
 0.0
 0.0
 0.0
 0.0
 0.0
 0.0
 0.0
 0.0
 0.0
 0.0
 0.0
 0.0
 0.0
 0.0
 1.7430788326358806
 4.696258871634707
 0.0
 1.0
x_ij_opt: 1-dimensional DenseAxisArray{Float64,1,...} with index sets:
    Dimension 1, [(43, 30), (43, 22), (43, 6), (44, 22), (45, 30), (45, 29), (45, 28), (45, 24), (45, 23), (40, 29)  …  (5, 7), (5, 14), (6, 4), (6, 3), (1, 14), (1, 10), (1, 23), (1, 1), (3, 2), (3, 1)]
And data, a 116-element Vector{Float64}:
 0.0
 0.6638018347767375
 1.404083548872988
 0.0
 0.25692116766343126
 0.0
 1.5390347413657748
 0.0
 0.0
 0.0
 0.0
 0.0
 0.0
 0.0
 0.0
 0.0
 0.0
 0.0
 0.26179005459326005
 0.0
 0.0
 0.0
 0.0
 0.0
 0.0
 0.0
 0.0
 1.9999999997578548
 0.0
 0.0
 0.0
 0.0
 0.0
 0.0
 0.0
 0.0
 0.0
 0.0
 0.0
 0.0
 0.0
 0.0
 0.0
 0.5959164518722824
 0.0
 0.0
 0.0
 0.0
 0.0
 0.0
 0.0
 0.0
 0.0
 0.0
 0.0
 0.0
 0.0
 0.8220667512264525
 0.13625130102148972
 1.3816114489297984
 0.0
 0.0
 0.0
 0.0
 6.0
 0.0
 0.0
 0.0
 0.0
 0.7382099455419838
 0.0
 0.0
 0.0
 0.0
 0.0
 0.0
 0.44430762811023067
 0.6303810962007902
 0.0
 0.0
 0.0
 0.0
 0.0
 0.0
 0.0
 0.0
 0.0
 0.06902493311528529
 0.0
 0.0
 0.0
 0.0
 1.3115297408217275
 0.0
 0.0
 0.0
 0.0
 0.0
 0.0
 0.0
 0.0
 0.0
 0.0
 0.0
 0.0
 0.6019923677000535
 0.0
 0.0
 1.774104384291573
 0.0
 0.03369842960418121
 0.0
 0.0
 5.228057903324046
 0.0
 0.0
x_il_opt: 1-dimensional DenseAxisArray{Float64,1,...} with index sets:
    Dimension 1, [(43, 15), (43, 14), (44, 15), (44, 13), (44, 3), (40, 14), (40, 2), (41, 14), (42, 6), (37, 13)  …  (4, 13), (5, 2), (5, 7), (5, 9), (6, 11), (1, 1), (1, 6), (1, 3), (2, 1), (2, 15)]
And data, a 71-element Vector{Float64}:
 0.0
 0.0
 0.0
 2.1026477381144826
 0.0
 1.0166576302403358
 0.0
 0.0
 1.2839894070654019
 0.8973522619586096
 0.0
 3.0
 0.0
 0.0
 3.0
 0.0
 0.0
 0.0
 7.404083549115083
 0.0
 0.0
 0.0
 2.9999999995951607
 0.9274017734441904
 2.072598227024164
 0.0
 0.5959164501835866
 0.0
 3.0
 0.6183885511015362
 1.4232933969954715
 0.0
 0.0
 0.0
 0.0
 0.0
 0.0
 0.0
 0.5767066030144682
 0.0
 0.0
 0.0
 2.9309750681114743
 0.0
 0.0
 2.0725982266471084
 0.0
 3.0
 0.0
 0.0
 0.0
 0.0
 0.0
 0.0
 3.4619180266217433
 0.0
 0.0
 0.0
 0.0
 0.0
 0.0
 0.0
 0.0
 0.0
 0.0
 0.0
 0.0
 1.643412366248614
 1.0948313018444777
 0.0
 7.439337704479914
x_lj_opt: 1-dimensional DenseAxisArray{Float64,1,...} with index sets:
    Dimension 1, [(15, 30), (15, 29), (15, 23), (15, 3), (14, 28), (14, 27), (14, 10), (14, 24), (13, 26), (13, 25)  …  (3, 6), (3, 5), (3, 29), (2, 4), (2, 3), (2, 1), (2, 5), (1, 2), (1, 1), (1, 14)]
And data, a 53-element Vector{Float64}:
 1.74307883262944
 4.696258871542329
 0.0
 1.0
 0.4609652590035201
 0.5556923720685853
 0.0
 0.0
 2.0
 0.9999999991122446
 0.0
 1.791090172432725
 1.0
 0.2089098276293315
 1.3361981652484636
 0.0
 0.0
 0.0
 0.20890982831609295
 1.4548920065715183
 0.0
 2.0
 0.9999999998237601
 0.6183885514329439
 0.0
 0.0
 5.177933249659166
 2.8220667498828895
 0.0
 0.0
 1.364309203176206
 0.863748699399012
 0.7719420975550211
 2.0
 6.0
 0.0
 1.9309750675545274
 1.0
 0.0
 0.0
 1.3696189040602202
 1.8664035096064047
 0.22589561327106658
 0.0
 0.0
 1.0948313018807176
 0.0
 0.0
 0.0
 2.9999999971365825
 1.9999999998883913
 0.0
 0.0
q_opt: 1-dimensional DenseAxisArray{Float64,1,...} with index sets:
    Dimension 1, [(43, 15), (43, 14), (44, 15), (44, 13), (44, 3), (40, 14), (40, 2), (41, 14), (42, 6), (37, 13)  …  (4, 13), (5, 2), (5, 7), (5, 9), (6, 11), (1, 1), (1, 6), (1, 3), (2, 1), (2, 15)]
And data, a 71-element Vector{Float64}:
 0.0
 0.0
 0.0
 0.700882579386814
 0.0
 0.9999999989866555
 0.0
 0.0
 0.16049867587167282
 0.2991174206494614
 0.0
 1.0
 0.0
 0.0
 0.3750000000114291
 0.0
 0.0
 0.0
 0.9255104436285426
 0.0
 0.0
 0.0
 0.9999999998325152
 0.30913392448313287
 0.2590747783661323
 0.0
 0.07448955625069617
 0.0
 0.9999999995929522
 0.999999999121511
 0.7116466984478615
 0.0
 0.0
 0.0
 0.0
 0.0
 0.0
 0.0
 0.2883533014491649
 0.0
 0.0
 0.0
 0.9999999999689393
 0.0
 0.0
 0.69086607555209
 0.0
 1.0
 0.0
 0.0
 0.0
 0.0
 0.0
 0.0
 0.9999999999075121
 0.0
 0.0
 0.0
 0.0
 0.0
 0.0
 0.0
 0.0
 0.0
 0.0
 0.0
 0.0
 0.20542654576940325
 0.9999999996882433
 0.0
 1.0

