objective value: -628.037122341
objective bound: -643.760240212
termination status: TIME_LIMIT
BARON solution time: 7225.54


w_opt: 1-dimensional DenseAxisArray{Float64,1,...} with index sets:
    Dimension 1, [(25, 1, 2), (25, 1, 1), (25, 1, 14), (20, 1, 2), (20, 1, 1), (20, 1, 14), (1, 1, 2), (1, 1, 1), (1, 1, 14), (2, 1, 2)  …  (20, 15, 23), (20, 15, 3), (8, 15, 30), (8, 15, 29), (8, 15, 23), (8, 15, 3), (2, 15, 30), (2, 15, 29), (2, 15, 23), (2, 15, 3)]
And data, a 261-element Vector{Float64}:
 0.789592368441453
 0.8333571090089819
 0.0
 1.0816454535829623
 1.1415978554532091
 0.0
 0.0
 0.0
 0.0
 0.0
 0.0
 0.0
 0.0
 0.0
 0.0
 0.0
 2.0
 0.0
 0.0
 1.0000000000000007
 0.0
 0.0
 0.0
 0.0
 0.0
 0.0
 0.0
 0.0
 0.0
 2.8012748345010454
 0.7233885857194803
 0.0
 0.0
 0.0
 0.0
 0.0
 0.0
 0.0
 0.0
 0.0
 0.0
 2.1987251654989537
 0.5677889093639307
 0.0
 0.0
 0.0
 0.0
 0.0
 0.0
 1.514576554014988
 1.9341843910656074
 0.0
 0.0
 0.0
 0.0
 0.0
 0.0
 0.0
 0.0
 2.0
 1.0
 0.0
 0.0
 0.0
 0.0
 0.0
 0.0
 0.0
 0.0
 0.0
 0.0
 0.2621184047164898
 0.78635521410475
 0.0
 0.7499999999999998
 2.24999999995354
 0.0
 0.5281001522700823
 1.584300456777533
 0.0
 0.0
 0.0
 0.0
 0.0
 0.0
 0.0
 0.0
 0.0
 0.0
 0.0
 0.0
 0.0
 0.4597814430134285
 1.3793443290402856
 0.0
 0.0
 0.0
 0.0
 0.0
 0.0
 0.0
 1.2811087705014772
 0.805066894337735
 0.5553163846208243
 0.1738744662785092
 0.10926498580930508
 0.07536849772088897
 0.0
 0.0
 0.0
 0.0
 0.0
 0.0
 0.0
 0.0
 0.0
 0.0
 0.0
 4.2319753482878
 2.5358147987073045
 0.0
 0.0
 0.0
 0.7705146892442662
 0.46169516376062814
 0.0
 0.0
 0.0
 0.0
 0.0
 0.0
 0.0
 0.0
 0.0
 0.0
 0.0
 0.0
 0.0
 0.0
 0.0
 0.0
 0.0
 0.0
 0.0
 0.0
 0.0
 0.0
 0.2938724402286725
 0.0
 0.0
 0.0
 0.0
 0.0
 0.5917329272797804
 0.2958664636398902
 0.0
 0.0
 1.4082670727202196
 0.7041335363601098
 0.0
 0.0
 0.0
 0.0
 0.0
 0.0
 0.0
 0.0
 0.0
 0.0
 0.0
 0.0
 0.0
 0.0
 1.7585025359010347
 0.0
 0.0
 0.0
 0.1731918177205124
 0.0
 0.0
 0.0
 0.0
 0.0
 0.0
 0.0
 0.0
 0.0
 0.0
 0.0
 0.0
 0.0
 0.0
 0.0
 0.0
 1.8268081815153756
 1.0
 0.17319181848462462
 0.0
 0.0
 0.0
 0.0
 0.0
 0.0
 0.0
 0.0
 0.0
 1.5625636670896128
 0.6806822830454087
 0.10059955049939778
 0.437436332910385
 0.19055553897976055
 0.028162627475431964
 0.0
 0.0
 0.0
 0.0
 0.0
 0.0
 0.0
 0.0
 0.0
 0.0
 0.0
 0.0
 0.0
 0.48604710794949507
 0.9641400701950181
 0.0
 0.0
 0.0
 0.0
 0.0
 0.0
 0.0
 0.0
 0.0
 0.0
 0.0
 0.0
 0.0
 0.0
 0.0
 0.0
 0.0
 0.0
 0.0
 0.0
 0.0
 0.0
 0.0
 1.589438723683062e-8
 0.0
 0.0
 0.0
 0.0
 0.0
 0.0
 0.6541284936206637
 4.535630670537577
 0.0
 0.7697116879011106
x_ij_opt: 1-dimensional DenseAxisArray{Float64,1,...} with index sets:
    Dimension 1, [(43, 30), (43, 22), (43, 6), (44, 22), (45, 30), (45, 29), (45, 28), (45, 24), (45, 23), (40, 29)  …  (5, 7), (5, 14), (6, 4), (6, 3), (1, 14), (1, 10), (1, 23), (1, 1), (3, 2), (3, 1)]
And data, a 116-element Vector{Float64}:
 0.0
 0.24149746409896528
 1.3716028303816965
 0.0
 1.3458715049217886
 0.0
 1.513952892050505
 0.0
 0.0
 0.0
 0.0
 0.0
 0.0
 0.0
 0.0
 0.0
 0.0
 0.0
 0.22324332812626352
 0.0
 0.0
 0.0
 0.0
 0.0
 0.0
 0.0
 0.0
 2.0
 0.0
 0.0
 0.0
 0.0
 0.0
 0.0
 0.0
 0.0
 0.0
 0.0
 0.0
 0.0
 0.0
 0.0
 0.0
 0.6283971694925342
 0.0
 0.0
 0.0
 0.0
 0.0
 0.0
 0.0
 0.0
 0.0
 0.0
 0.0
 1.0683056463784528
 0.0
 0.9975099624679329
 0.08566811985296015
 1.7061275597713277
 0.0
 0.0
 0.0
 0.0
 6.0
 0.0
 0.0
 0.0
 0.0
 0.7767566718737365
 0.0
 0.0
 0.0
 0.0
 0.0
 0.0
 0.03585992980498196
 0.48542344597220766
 0.0
 0.0
 0.0
 0.0
 0.0
 0.0
 0.0
 0.0
 0.0
 0.0
 0.0
 0.0
 0.0
 0.0
 0.0
 0.0
 0.0
 0.0
 0.0
 0.1287621779748299
 0.0
 0.230288310360732
 0.0
 0.0
 0.0
 0.0
 0.0
 0.5450167626033214
 0.0
 0.0
 0.0
 0.0
 0.0
 0.0
 0.0
 3.394360153081526
 0.0
 0.0
x_il_opt: 1-dimensional DenseAxisArray{Float64,1,...} with index sets:
    Dimension 1, [(43, 15), (43, 14), (44, 15), (44, 13), (44, 3), (40, 14), (40, 2), (41, 14), (42, 6), (37, 13)  …  (4, 13), (5, 2), (5, 7), (5, 9), (6, 11), (1, 1), (1, 6), (1, 3), (2, 1), (2, 15)]
And data, a 71-element Vector{Float64}:
 0.0
 0.0
 0.0
 2.3438455006344197
 3.524663420220526
 1.4501871781445133
 0.0
 0.0
 1.0484736188659594
 0.6561544993655775
 0.0
 3.0
 0.0
 0.0
 2.9999999999999996
 0.0
 0.0
 0.0
 6.767790146995104
 0.0
 0.0
 0.0
 3.0
 0.8875993909196707
 2.1124006090803293
 0.0
 1.2322098530048944
 0.0
 1.931694353621547
 0.2938724402286725
 1.622949477450435
 0.0
 0.0
 0.0
 0.0
 0.0
 0.0
 0.0
 2.2232433090361714
 1.9090092189601136e-8
 0.0
 0.0
 3.0
 0.0
 0.0
 2.1124006090803293
 0.0
 2.641492049460038
 0.0
 0.0
 0.0
 0.0
 0.0
 0.0
 3.448760945080595
 0.0
 0.0
 0.0
 0.0
 0.0
 0.0
 0.0
 0.0
 0.35850794980870326
 0.0
 0.0
 0.0
 1.839125772053714
 2.7665140748647596
 0.0
 5.959470852059351
x_lj_opt: 1-dimensional DenseAxisArray{Float64,1,...} with index sets:
    Dimension 1, [(15, 30), (15, 29), (15, 23), (15, 3), (14, 28), (14, 27), (14, 10), (14, 24), (13, 26), (13, 25)  …  (3, 6), (3, 5), (3, 29), (2, 4), (2, 3), (2, 1), (2, 5), (1, 2), (1, 1), (1, 14)]
And data, a 53-element Vector{Float64}:
 0.6541284950782115
 4.535630686431964
 0.0
 0.7697116896392681
 0.48604710794949507
 0.9641400701950181
 0.0
 0.0
 2.0
 0.8712378220251702
 0.1287621779748299
 1.8268081815153756
 1.0
 0.17319181848462462
 1.758502535901035
 0.0
 0.0
 0.0
 0.17319181848462462
 0.0
 0.0
 2.0
 1.0
 0.2938724402286726
 0.0
 0.0
 5.002490037532068
 2.9975099624679333
 0.0
 0.0
 1.4549832373966791
 0.9143318801470399
 0.6306848824562833
 2.0
 5.999999999876107
 0.0
 2.0
 1.0
 0.0
 0.0
 1.5145765540277922
 1.9341843911536156
 0.0
 0.0
 4.999999999999999
 1.291177495083411
 2.0
 0.0
 0.0
 1.0000000000000007
 1.8712378220251702
 1.9749549644621909
 0.0
q_opt: 1-dimensional DenseAxisArray{Float64,1,...} with index sets:
    Dimension 1, [(43, 15), (43, 14), (44, 15), (44, 13), (44, 3), (40, 14), (40, 2), (41, 14), (42, 6), (37, 13)  …  (4, 13), (5, 2), (5, 7), (5, 9), (6, 11), (1, 1), (1, 6), (1, 3), (2, 1), (2, 15)]
And data, a 71-element Vector{Float64}:
 0.0
 0.0
 0.0
 0.7812818335448064
 0.5602549669002093
 1.0
 0.0
 0.0
 0.1310592023582449
 0.2187181664551925
 0.0
 1.0
 0.0
 0.0
 0.3749999999999999
 0.0
 0.0
 0.0
 0.845973768374388
 0.0
 0.0
 0.0
 1.0
 0.2958664636398902
 0.26405007613504117
 0.0
 0.15402623162561177
 0.0
 0.9999999955883707
 1.0
 0.42196259563998495
 0.0
 0.0
 0.0
 0.0
 0.0
 0.0
 0.0
 0.5780374043596116
 0.0
 0.0
 0.0
 1.0
 0.0
 0.0
 0.7041335363601098
 0.0
 0.8804973498200115
 0.0
 0.0
 0.0
 0.0
 0.0
 0.0
 0.9999999999873984
 0.0
 0.0
 0.0
 0.0
 0.0
 0.0
 0.0
 0.0
 0.11950264993623433
 0.0
 0.0
 0.0
 0.22989072150671425
 0.4397450330997908
 0.0
 0.9999999976137384

