objective value: -631.04983603
objective bound: -631.11294676
termination status: OPTIMAL
BARON solution time: 33.95


w_opt: 1-dimensional DenseAxisArray{Float64,1,...} with index sets:
    Dimension 1, [(25, 1, 2), (25, 1, 1), (25, 1, 14), (20, 1, 2), (20, 1, 1), (20, 1, 14), (1, 1, 2), (1, 1, 1), (1, 1, 14), (2, 1, 2)  …  (20, 15, 23), (20, 15, 3), (8, 15, 30), (8, 15, 29), (8, 15, 23), (8, 15, 3), (2, 15, 30), (2, 15, 29), (2, 15, 23), (2, 15, 3)]
And data, a 261-element Vector{Float64}:
 1.289780813568444
 0.0
 0.0
 0.710219186097176
 0.0
 0.0
 0.0
 0.0
 0.0
 0.0
 0.0
 0.0
 0.0
 0.0
 0.0
 0.0
 1.9395616732802448
 0.0
 0.0
 1.0604383267081419
 0.0
 0.0
 0.0
 0.0
 0.0
 0.0
 0.0
 0.0
 0.0
 0.9148601242687604
 0.5668262027835209
 0.0
 0.0
 0.0
 0.0
 4.024701549829327
 2.493612123160306
 0.0
 0.0
 0.0
 0.0
 0.0
 0.0
 0.0
 0.0
 0.0
 0.0
 0.0
 0.0
 1.0797334231236728
 0.7328075378426564
 0.03638153895626747
 0.0
 0.0
 0.0
 0.0
 0.0
 0.0
 0.0
 1.989940844589558
 1.0
 0.0
 0.0
 0.0
 0.0
 0.0
 0.0
 0.0
 0.0
 0.0
 0.0
 0.14404297545142106
 0.43212892639339223
 0.0
 0.7500000000467095
 2.2500000000953992
 0.0
 0.564151825261084
 1.6924554757644314
 0.0
 0.0
 0.0
 0.0
 0.0
 0.0
 0.0
 0.0
 0.0
 0.0
 0.0
 0.0
 0.0
 0.5418051993530957
 1.6254155980435756
 0.0
 0.0
 0.0
 0.0
 0.0
 0.0
 0.0
 1.8827486406169414
 0.9500305620563039
 0.1672207971873557
 0.0
 0.0
 0.0
 0.0
 0.0
 0.0
 0.0
 0.0
 0.0
 0.0
 0.0
 0.0
 0.0
 0.0
 3.819266180880732
 2.3296837344599983
 0.0
 0.0
 0.0
 1.1497333818568274
 0.701316701073228
 0.0
 0.0
 0.0
 0.0
 0.0
 0.0
 0.0
 0.0
 0.0
 0.0
 0.0
 0.0
 0.0
 0.0
 0.0
 0.0
 0.0
 0.0
 0.0
 0.0
 0.0
 0.0
 0.6292493109207732
 0.0
 0.0
 0.0
 0.0
 0.0
 0.49559513296587765
 0.2477975664237334
 0.0
 0.0
 1.5044048672761474
 0.7522024334567052
 0.0
 0.0
 0.0
 0.0
 0.0
 0.0
 0.0
 0.0
 0.0
 0.0
 0.0
 0.0
 0.0
 0.0
 1.6486032863732316
 0.0
 0.0
 0.0
 0.23928709235904255
 0.0
 0.0
 0.0
 0.0
 0.0
 0.0
 0.0
 0.0
 0.0
 0.0
 0.0
 0.0
 0.0
 0.0
 0.0
 0.0
 1.7607129083135786
 1.0
 0.23928709192777695
 0.0
 0.0
 0.0
 0.0
 0.0
 0.0
 0.0
 0.0
 0.0
 1.5338005191752127
 0.766900258873637
 0.0
 0.4661994810841419
 0.23309974031160502
 0.0
 0.0
 0.0
 0.0
 0.0
 0.0
 0.0
 0.0
 0.0
 0.0
 0.0
 0.0
 0.0
 0.0
 0.31840383105656367
 0.9747779620349459
 0.0
 0.0
 0.0
 0.0
 0.0
 0.0
 0.0
 0.0
 0.0
 0.0
 0.0
 0.0
 0.0
 0.0
 0.0
 0.0
 0.0
 0.0
 0.0
 0.0
 0.0
 0.0
 0.17884837321564565
 0.24146985820163283
 0.0
 0.08942418659866265
 0.0
 0.0
 0.0
 0.0
 1.8211516269953938
 2.4588047250218175
 0.0
 0.9105758134834766
x_ij_opt: 1-dimensional DenseAxisArray{Float64,1,...} with index sets:
    Dimension 1, [(43, 30), (43, 22), (43, 6), (44, 22), (45, 30), (45, 29), (45, 28), (45, 24), (45, 23), (40, 29)  …  (5, 7), (5, 14), (6, 4), (6, 3), (1, 14), (1, 10), (1, 23), (1, 1), (3, 2), (3, 1)]
And data, a 116-element Vector{Float64}:
 0.0
 0.3513967126868254
 1.469152431207988
 0.0
 0.0
 0.0
 1.6815961686139504
 0.0
 0.0
 0.0
 0.0
 0.0
 0.0
 0.0
 0.0
 0.0
 0.0
 0.0
 0.22243826677735512
 0.0
 0.0
 0.0
 0.0
 0.0
 0.0
 0.0
 0.0
 1.9999999997379883
 0.0
 0.0
 0.0
 0.0
 0.0
 0.0
 0.0
 0.0
 0.0
 0.0
 0.0
 0.0
 0.0
 0.0
 0.0
 0.53084756950714
 0.0
 0.0
 0.0
 0.0
 0.0
 0.0
 0.0
 0.0
 0.0
 0.0
 0.0
 1.11210962049182
 0.0
 1.031000437212676
 0.04996943835469885
 1.370750688369711
 0.0
 0.0
 0.0
 0.0
 6.0
 0.0
 0.0
 0.0
 0.0
 0.7775617333335877
 0.0
 0.0
 0.0
 0.0
 0.0
 0.0
 0.025222036042062173
 0.920266577033965
 0.0
 0.0
 0.0
 0.0
 0.0
 0.0
 0.0
 0.0
 0.0
 0.010059156038175154
 0.0
 0.0
 0.0
 0.0
 1.124082406168206
 0.0
 0.0
 0.0
 0.0
 0.0
 0.0
 0.0
 0.0
 0.0
 0.0
 0.0
 0.0
 0.11725135984437268
 0.0
 0.0
 0.024056788037338166
 0.0
 0.0
 0.0
 0.0
 5.832779203727704
 0.0
 0.0
x_il_opt: 1-dimensional DenseAxisArray{Float64,1,...} with index sets:
    Dimension 1, [(43, 15), (43, 14), (44, 15), (44, 13), (44, 3), (40, 14), (40, 2), (41, 14), (42, 6), (37, 13)  …  (4, 13), (5, 2), (5, 7), (5, 9), (6, 11), (1, 1), (1, 6), (1, 3), (2, 1), (2, 15)]
And data, a 71-element Vector{Float64}:
 0.0
 0.0
 0.0
 2.3007007786136815
 1.4816863271380378
 1.2931817932890546
 0.0
 0.0
 0.5761719019279729
 0.6992992216393742
 0.0
 3.0
 0.0
 0.0
 3.0
 0.0
 0.0
 0.0
 6.14894991583941
 0.0
 0.0
 0.0
 3.0
 0.7433926993896111
 2.256607301078812
 0.0
 1.851050083350622
 0.0
 1.887890380248459
 0.6292493111582276
 1.2897808136153868
 0.0
 0.0
 0.0
 0.0
 0.0
 0.0
 0.0
 0.7102191861780809
 0.5097424181074267
 0.0
 0.0
 2.9899408448091216
 0.0
 0.0
 2.2566073007328527
 0.0
 2.9999999998600524
 0.0
 0.0
 0.0
 0.0
 0.0
 0.0
 1.8489224999225968
 0.0
 0.0
 6.518313673036743
 0.0
 0.0
 0.0
 0.0
 0.0
 0.0
 0.0
 0.0
 0.0
 2.1672207974514346
 0.0
 0.0
 5.1905321655418515
x_lj_opt: 1-dimensional DenseAxisArray{Float64,1,...} with index sets:
    Dimension 1, [(15, 30), (15, 29), (15, 23), (15, 3), (14, 28), (14, 27), (14, 10), (14, 24), (13, 26), (13, 25)  …  (3, 6), (3, 5), (3, 29), (2, 4), (2, 3), (2, 1), (2, 5), (1, 2), (1, 1), (1, 14)]
And data, a 53-element Vector{Float64}:
 2.0
 2.7002745831728947
 0.0
 1.0
 0.3184038317520294
 0.9747779641604655
 0.0
 0.0
 2.0
 0.9999999991936879
 0.0
 1.760712908155195
 1.0
 0.2392870919210333
 1.6486032877781014
 0.0
 0.0
 0.0
 0.23928709256350622
 0.0
 0.0
 2.0
 0.9999999998537465
 0.6292493119904562
 0.0
 0.0
 4.968999563431462
 3.0310004360444918
 0.0
 0.0
 1.8827486407762664
 0.9500305621501672
 0.1672207972052418
 2.0
 6.0
 0.0
 1.9899408446330487
 1.0
 0.0
 0.0
 1.0797334232241258
 0.7328075379092387
 0.036381538929370974
 0.0
 4.939561674052956
 3.060438325947069
 1.9395616732931298
 0.0
 0.0
 1.0604383267591506
 1.9999999998457947
 0.0
 0.0
q_opt: 1-dimensional DenseAxisArray{Float64,1,...} with index sets:
    Dimension 1, [(43, 15), (43, 14), (44, 15), (44, 13), (44, 3), (40, 14), (40, 2), (41, 14), (42, 6), (37, 13)  …  (4, 13), (5, 2), (5, 7), (5, 9), (6, 11), (1, 1), (1, 6), (1, 3), (2, 1), (2, 15)]
And data, a 71-element Vector{Float64}:
 0.0
 0.0
 0.0
 0.7669002595269089
 0.18521079088316267
 0.9999999978236657
 0.0
 0.0
 0.07202148772960135
 0.23309974052859714
 0.0
 1.0
 0.0
 0.0
 0.37500000000994826
 0.0
 0.0
 0.0
 0.7686187394702219
 0.0
 0.0
 0.0
 1.0
 0.24779756646143233
 0.28207591262248793
 0.0
 0.23138126040027399
 0.0
 0.9999999991502839
 0.9999999983002038
 0.6448904068359319
 0.0
 0.0
 0.0
 0.0
 0.0
 0.0
 0.0
 0.35510959307795503
 0.0894241866024515
 0.0
 0.0
 0.9999999999975832
 0.0
 0.0
 0.7522024335741364
 0.0
 0.999999999925398
 0.0
 0.0
 0.0
 0.0
 0.0
 0.0
 0.9999999999067991
 0.0
 0.0
 0.8147892091260565
 0.0
 0.0
 0.0
 0.0
 0.0
 0.0
 0.0
 0.0
 0.0
 0.27090259966913577
 0.0
 0.0
 0.9105758134176611

