objective value: -622.818478809
objective bound: -622.880766886
termination status: OPTIMAL
BARON solution time: 3425.1


w_opt: 1-dimensional DenseAxisArray{Float64,1,...} with index sets:
    Dimension 1, [(25, 1, 2), (25, 1, 1), (25, 1, 14), (20, 1, 2), (20, 1, 1), (20, 1, 14), (1, 1, 2), (1, 1, 1), (1, 1, 14), (2, 1, 2)  …  (20, 15, 23), (20, 15, 3), (8, 15, 30), (8, 15, 29), (8, 15, 23), (8, 15, 3), (2, 15, 30), (2, 15, 29), (2, 15, 23), (2, 15, 3)]
And data, a 261-element Vector{Float64}:
 1.0701531116762504
 1.9298468883237496
 0.0
 0.8089065912092087
 1.4587318028991356
 0.0
 0.0
 0.0
 0.0
 0.0
 0.0
 0.0
 0.0
 0.0
 0.0
 0.0
 1.8644094663129371
 0.0
 0.4246962682266342
 0.7108942654604289
 0.0
 0.0
 0.0
 0.0
 0.0
 0.0
 0.0
 0.0
 0.0
 3.0466112675142623
 1.561519362386222
 0.0
 0.0
 0.0
 0.0
 0.0
 0.0
 0.0
 0.0
 0.0
 0.0
 2.2424944670253093
 1.1493749030742069
 0.47485838459003443
 1.5171911290543663
 0.060618438687083526
 0.0
 0.0
 0.0
 0.5872986617949072
 1.8764422166621535
 0.07497209499997935
 0.0
 0.0
 0.0
 0.0
 0.0
 0.0
 0.0
 1.930392566632316
 1.0
 0.0
 0.0
 0.0
 0.0
 0.0
 0.0
 0.0
 0.0
 0.0
 0.0
 0.13949552643232477
 0.4184865792969743
 0.0
 0.75
 2.25
 0.0
 0.5488719654832588
 1.6466158964497768
 0.0
 0.0
 0.0
 0.0
 0.0
 0.0
 0.0
 0.0
 0.0
 0.0
 0.0
 0.0
 0.0
 0.5616325080844164
 1.6848975242532491
 0.0
 0.0
 0.0
 0.0
 0.0
 0.0
 0.0
 1.9999968601409193
 0.9999737277704087
 2.4702300051078735e-5
 3.139859080736329e-6
 0.0
 1.5699295403165682e-6
 0.0
 0.0
 0.0
 0.0
 0.0
 0.0
 0.0
 0.0
 0.0
 0.0
 0.0
 5.028206428632692
 1.6760591320602836
 0.0
 2.627222959128428e-5
 0.0
 0.971781125308075
 0.3239270417693585
 0.0
 0.0
 0.0
 0.0
 0.0
 0.0
 0.0
 0.0
 0.0
 0.0
 0.0
 0.0
 0.0
 0.0
 0.0
 0.0
 0.0
 0.0
 0.0
 0.0
 0.0
 0.0
 0.0
 0.0
 0.0
 0.0
 0.16960380474209413
 0.0
 0.5363414253779764
 0.2681707126889883
 0.0
 0.0
 1.4636585746220234
 0.7318292873110117
 0.0
 0.0
 0.0
 0.0
 0.0
 0.0
 0.0
 0.0
 0.0
 0.0
 0.0
 0.0
 0.0
 0.0
 2.0
 0.0
 0.0
 0.0
 0.3936195195461616
 0.0
 0.0
 0.0
 0.0
 0.0
 0.0
 0.0
 0.0
 0.0
 0.0
 0.0
 0.0
 0.0
 0.0
 0.0
 0.0
 1.6063804804538384
 1.0
 0.3936195195461616
 0.0
 0.0
 0.0
 0.0
 0.0
 0.0
 0.0
 0.0
 0.0
 1.4113067572277818
 0.6203114493518351
 0.08534192926205594
 0.5886932427722182
 0.2587482536201902
 0.03559836791388822
 0.0
 0.0
 0.0
 0.0
 0.0
 0.0
 0.0
 0.0
 0.0
 0.0
 0.0
 0.0
 0.0
 0.5501229674203058
 0.6570780862565477
 0.0
 0.0
 0.0
 0.0
 0.0
 0.0
 0.0
 0.0
 0.0
 0.0
 0.0
 0.0
 0.0
 0.0
 0.0
 0.0
 0.0
 0.0
 0.0
 0.0
 0.0
 0.0
 0.0
 0.0
 0.0
 0.0
 0.0
 0.0
 0.0
 0.0
 1.700189960806874
 2.8954862149934097
 0.0
 1.0
x_ij_opt: 1-dimensional DenseAxisArray{Float64,1,...} with index sets:
    Dimension 1, [(43, 30), (43, 22), (43, 6), (44, 22), (45, 30), (45, 29), (45, 28), (45, 24), (45, 23), (40, 29)  …  (5, 7), (5, 14), (6, 4), (6, 3), (1, 14), (1, 10), (1, 23), (1, 1), (3, 2), (3, 1)]
And data, a 116-element Vector{Float64}:
 0.0
 0.0
 1.5246937466080621
 0.0
 0.299810039193126
 0.0
 1.4498770327342962
 0.0
 0.0
 0.0
 0.0
 0.0
 0.0
 0.0
 0.0
 0.0
 0.0
 0.0
 0.26763839410834434
 0.0
 0.0
 0.0
 0.0
 0.0
 0.0
 0.0
 0.0
 2.0
 0.0
 0.0
 0.0
 0.0
 0.0
 0.0
 0.0
 0.0
 0.0
 0.0
 0.0
 0.0
 0.0
 0.0
 0.0
 0.4753062533919379
 0.0
 0.0
 0.0
 0.0
 0.0
 0.0
 0.0
 0.0
 0.0
 0.0
 0.0
 0.6063804804538384
 0.0
 0.0
 0.0
 1.8303961952579058
 0.0
 0.0
 0.0
 0.0
 6.0
 0.0
 1.2446059233006679e-5
 0.0
 0.0
 0.7323616058916557
 0.0
 0.0
 0.0
 0.0
 0.0
 0.0
 0.34292191374345227
 0.9378429537533964
 0.0
 0.0
 0.0
 0.0
 0.0
 0.0
 0.0
 0.0
 0.0
 0.06960743336768402
 0.0
 0.0
 0.0
 0.0
 0.0
 0.0
 0.0
 0.0
 0.0
 0.12094029702797471
 0.0
 0.0
 0.0
 0.0
 0.0
 0.0
 0.0
 0.0
 0.0
 0.0
 0.0
 0.0
 0.0
 0.0
 0.0
 2.1866987683208894
 0.0
 0.0
x_il_opt: 1-dimensional DenseAxisArray{Float64,1,...} with index sets:
    Dimension 1, [(43, 15), (43, 14), (44, 15), (44, 13), (44, 3), (40, 14), (40, 2), (41, 14), (42, 6), (37, 13)  …  (4, 13), (5, 2), (5, 7), (5, 9), (6, 11), (1, 1), (1, 6), (1, 3), (2, 1), (2, 15)]
And data, a 71-element Vector{Float64}:
 0.0
 0.0
 0.0
 2.1169601358416728
 4.608130629900485
 1.2072010536768536
 0.0
 0.0
 0.5579821057292991
 0.8830398643062967
 0.0
 3.0
 0.0
 0.0
 3.0
 0.0
 0.0
 0.0
 6.704291832922567
 0.0
 2.0526679523314844
 0.0
 3.0000000000000004
 0.8045121380669646
 2.1954878619330356
 0.0
 1.2957081670774335
 0.0
 2.393619519546162
 0.0
 3.0
 0.0
 0.0
 0.0
 0.0
 0.0
 0.0
 0.0
 2.2676383941083444
 0.0
 0.0
 0.0
 2.930392566632316
 0.0
 0.0
 2.195487861933035
 0.0
 2.999995290211379
 0.0
 0.0
 0.0
 0.0
 0.0
 0.0
 2.5387129734570397
 0.0
 0.0
 0.0
 0.0
 0.0
 0.0
 0.0
 0.0
 4.7097886210528975e-6
 0.16960380474209413
 0.0
 0.0
 2.246530032337666
 3.391869370099516
 0.0
 5.595676175800284
x_lj_opt: 1-dimensional DenseAxisArray{Float64,1,...} with index sets:
    Dimension 1, [(15, 30), (15, 29), (15, 23), (15, 3), (14, 28), (14, 27), (14, 10), (14, 24), (13, 26), (13, 25)  …  (3, 6), (3, 5), (3, 29), (2, 4), (2, 3), (2, 1), (2, 5), (1, 2), (1, 1), (1, 14)]
And data, a 53-element Vector{Float64}:
 1.700189960806874
 2.8954862149934097
 0.0
 1.0
 0.5501229674203058
 0.6570780862565477
 0.0
 0.0
 2.0
 0.8790597029720253
 0.12094029711454102
 1.6063804804538384
 1.0
 0.3936195195461616
 2.0
 0.0
 0.0
 0.0
 0.3936195195461616
 0.0
 0.0
 2.0
 1.0
 0.16960380474209413
 0.0
 0.0
 5.999987553940767
 1.999986173829642
 0.0
 2.627222959128428e-5
 2.0
 0.9999737277704087
 2.6272229591395302e-5
 2.0
 6.0
 0.0
 1.930392566632316
 1.0
 0.0
 0.0
 1.0621570463849417
 3.3936333457165198
 0.13559053368706286
 0.0
 5.289105734539572
 2.710894265460429
 1.8644094663129371
 0.0
 0.4246962682266342
 0.7108942654604289
 1.879059702885459
 3.388578691222885
 0.0
q_opt: 1-dimensional DenseAxisArray{Float64,1,...} with index sets:
    Dimension 1, [(43, 15), (43, 14), (44, 15), (44, 13), (44, 3), (40, 14), (40, 2), (41, 14), (42, 6), (37, 13)  …  (4, 13), (5, 2), (5, 7), (5, 9), (6, 11), (1, 1), (1, 6), (1, 3), (2, 1), (2, 15)]
And data, a 71-element Vector{Float64}:
 0.0
 0.0
 0.0
 0.7056533786138909
 0.5760163287375605
 1.0
 0.0
 0.0
 0.06974776321616238
 0.29434662144719476
 0.0
 0.9999999999999998
 0.0
 0.0
 0.375
 0.0
 0.0
 0.0
 0.8380364791153209
 0.0
 0.4470698435850122
 0.0
 1.0
 0.26817071268898823
 0.2744359827416294
 0.0
 0.16196352088467914
 0.0
 1.0
 0.0
 0.5695151460855719
 0.0
 0.0
 0.0
 0.0
 0.0
 0.0
 0.0
 0.4304848539144281
 0.0
 0.0
 0.0
 1.0
 0.0
 0.0
 0.7318292873110117
 0.0
 0.9999984300704596
 0.0
 0.0
 0.0
 0.0
 0.0
 0.0
 0.5529301564149878
 0.0
 0.0
 0.0
 0.0
 0.0
 0.0
 0.0
 0.0
 1.5699295403165667e-6
 1.0
 0.0
 0.0
 0.2808162540422082
 0.42398367126243947
 0.0
 1.0

