objective value: -622.753047411
objective bound: -639.888321144
termination status: TIME_LIMIT
BARON solution time: 7225.89


w_opt: 1-dimensional DenseAxisArray{Float64,1,...} with index sets:
    Dimension 1, [(25, 1, 2), (25, 1, 1), (25, 1, 14), (20, 1, 2), (20, 1, 1), (20, 1, 14), (1, 1, 2), (1, 1, 1), (1, 1, 14), (2, 1, 2)  …  (20, 15, 23), (20, 15, 3), (8, 15, 30), (8, 15, 29), (8, 15, 23), (8, 15, 3), (2, 15, 30), (2, 15, 29), (2, 15, 23), (2, 15, 3)]
And data, a 261-element Vector{Float64}:
 1.0828119226458268
 1.5198509952018915
 0.0
 0.9171880776484583
 1.2873788914272024
 0.0
 0.0
 0.0
 0.0
 0.0
 0.0
 0.0
 0.0
 0.0
 0.0
 0.0
 1.929301627259782
 0.0
 1.031190327655867
 0.03950804534387231
 0.0
 0.0
 0.0
 0.0
 0.0
 0.0
 0.0
 0.0
 0.0
 3.5845692881099804
 1.2265359737837773
 0.0
 0.0
 0.0
 0.0
 0.0
 0.0
 0.0
 0.0
 0.0
 0.0
 2.375922667814102
 0.8129720445471992
 0.3494144536591987
 1.0239131723894808
 0.02268234719175886
 0.0
 0.0
 0.0
 0.7396718414072416
 2.167511199763665
 0.04801602606291892
 0.0
 0.0
 0.0
 0.0
 0.0
 0.0
 0.0
 1.9216211729947519
 1.0
 0.0
 0.0
 0.0
 0.0
 0.0
 0.0
 0.0
 0.0
 0.0
 0.0
 0.045639930425347794
 0.13691979131408138
 0.0
 0.7500000003063422
 2.250000000934952
 0.0
 0.5491489916557598
 1.6474469749899392
 0.0
 0.0
 0.0
 0.0
 0.0
 0.0
 0.0
 0.0
 0.0
 0.0
 0.0
 0.0
 0.0
 0.6552110777604678
 1.9656332333005309
 0.0
 0.0
 0.0
 0.0
 0.0
 0.0
 0.0
 2.0
 0.9825882430672963
 0.017411757036839698
 0.0
 0.0
 0.0
 0.0
 0.0
 0.0
 0.0
 0.0
 0.0
 0.0
 0.0
 0.0
 0.0
 0.0
 5.356664750144334
 1.7855549156731267
 0.0
 0.0
 0.0
 0.6433352507663707
 0.2144450833604634
 0.0
 0.0
 0.0
 0.0
 0.0
 0.0
 0.0
 0.0
 0.0
 0.0
 0.0
 0.0
 0.0
 0.0
 0.0
 0.0
 0.0
 0.0
 0.0
 0.0
 0.0
 0.0
 0.3799253246624227
 0.0
 0.0
 0.0
 0.0
 0.0
 0.5356026892053037
 0.26780134456741755
 0.0
 0.0
 1.464397311086183
 0.7321986554398356
 0.0
 0.0
 0.0
 0.0
 0.0
 0.0
 0.0
 0.0
 0.0
 0.0
 0.0
 0.0
 0.0
 0.0
 1.665418346555751
 0.0
 0.0
 0.0
 0.5260060230087289
 0.0
 0.0
 0.0
 0.0
 0.0
 0.0
 0.0
 0.0
 0.0
 0.0
 0.0
 0.0
 0.0
 0.0
 0.0
 0.0
 1.4739939779625981
 0.9624323342120774
 0.563573688209471
 0.0
 0.0
 0.0
 0.0
 0.0
 0.0
 0.0
 0.0
 0.0
 1.5522992049347617
 0.7761496020235809
 0.0
 0.44770079557021547
 0.22385039764920078
 0.0
 0.0
 0.0
 0.0
 0.0
 0.0
 0.0
 0.0
 0.0
 0.0
 0.0
 0.0
 0.0
 0.0
 0.48174857241921437
 0.6011607757764115
 0.0
 0.0
 0.0
 0.0
 0.0
 0.0
 0.0
 0.0
 0.0
 0.0
 0.0
 0.0
 0.0
 0.0
 0.0
 0.0
 0.0
 0.0
 0.0
 0.0
 0.0
 0.0
 0.0
 0.0
 0.0
 0.0
 0.0
 0.0
 0.0
 0.0
 1.0843724580998144
 3.396918294971769
 0.0
 0.8634891352954776
x_ij_opt: 1-dimensional DenseAxisArray{Float64,1,...} with index sets:
    Dimension 1, [(43, 30), (43, 22), (43, 6), (44, 22), (45, 30), (45, 29), (45, 28), (45, 24), (45, 23), (40, 29)  …  (5, 7), (5, 14), (6, 4), (6, 3), (1, 14), (1, 10), (1, 23), (1, 1), (3, 2), (3, 1)]
And data, a 116-element Vector{Float64}:
 0.0
 0.33458165415889546
 1.5936697727147215
 0.0
 0.915627542306759
 0.0
 1.5182514278723989
 0.0
 0.0
 0.0
 0.0
 0.0
 0.0
 0.0
 0.0
 0.0
 0.0
 0.0
 0.20456696853537
 0.0
 0.0
 0.0
 0.0
 0.0
 0.0
 0.0
 0.0
 2.0
 0.0
 0.0
 0.0
 0.0
 0.0
 0.0
 0.0
 0.0
 0.0
 0.0
 0.0
 0.0
 0.0
 0.0
 0.0
 0.4063302271516907
 0.0
 0.0
 0.0
 0.0
 0.0
 0.0
 0.0
 0.0
 0.0
 0.0
 0.0
 0.8085756297488437
 0.0
 0.0
 0.0174117575676809
 1.6200746753690605
 0.0
 0.0
 0.0
 0.0
 6.0
 0.0
 0.0
 0.0
 0.0
 0.795433031774893
 0.0
 0.0
 0.0
 0.0
 0.0
 0.0
 0.3988392243380273
 0.9109137052624654
 0.0
 0.0
 0.0
 0.0
 0.0
 0.0
 0.0
 0.0
 0.0
 0.0783788278540672
 0.0
 0.0
 0.0
 0.0
 0.0
 0.0
 0.0
 0.0
 0.0
 0.0
 0.0
 0.13651086527135048
 0.0
 0.0
 0.0
 0.0
 0.0
 0.0
 0.0
 0.0
 0.0
 0.0
 0.0
 0.0
 0.03756766636287514
 2.144168029928615
 0.0
 0.0
x_il_opt: 1-dimensional DenseAxisArray{Float64,1,...} with index sets:
    Dimension 1, [(43, 15), (43, 14), (44, 15), (44, 13), (44, 3), (40, 14), (40, 2), (41, 14), (42, 6), (37, 13)  …  (4, 13), (5, 2), (5, 7), (5, 9), (6, 11), (1, 1), (1, 6), (1, 3), (2, 1), (2, 15)]
And data, a 71-element Vector{Float64}:
 0.0
 0.0
 0.0
 2.3284488073007097
 4.811105262523013
 1.0829093483965966
 0.0
 0.0
 0.18255972182672278
 0.671551193392867
 0.0
 3.0
 0.0
 0.0
 3.0
 0.0
 0.0
 0.0
 7.142219666282562
 0.0
 1.3960099732404383
 0.0
 3.0
 0.8034040337727213
 2.196595966699514
 0.0
 0.8577803345471002
 0.0
 2.1914243711325563
 0.37992532471395657
 2.6026629178613936
 0.0
 0.0
 0.0
 0.0
 0.0
 0.0
 0.0
 2.204566969097558
 0.0
 0.0
 0.0
 2.9216211732230284
 0.0
 0.0
 2.1965959665260186
 0.0
 3.0
 0.0
 0.0
 0.0
 0.0
 0.0
 0.0
 2.9551990672338255
 0.0
 0.0
 0.0
 0.0
 0.0
 0.0
 0.0
 0.0
 0.0
 0.0
 0.0
 0.0
 2.620844311107865
 3.188894712812045
 0.0
 5.344779888468934
x_lj_opt: 1-dimensional DenseAxisArray{Float64,1,...} with index sets:
    Dimension 1, [(15, 30), (15, 29), (15, 23), (15, 3), (14, 28), (14, 27), (14, 10), (14, 24), (13, 26), (13, 25)  …  (3, 6), (3, 5), (3, 29), (2, 4), (2, 3), (2, 1), (2, 5), (1, 2), (1, 1), (1, 14)]
And data, a 53-element Vector{Float64}:
 1.0843724579890206
 3.396918294624908
 0.0
 0.8634891352075362
 0.481748572514971
 0.6011607758959591
 0.0
 0.0
 2.0
 0.9999999995459535
 0.0
 1.4739939778307467
 0.9624323341262717
 0.5635736881681044
 1.6654183463888141
 0.0
 0.0
 0.0
 0.526006022954327
 0.0
 0.0
 2.0
 0.9999999999616549
 0.37992532501385
 0.0
 0.0
 6.0
 1.9999999990801762
 0.0
 0.0
 2.0
 0.982588243046186
 0.017411756977137167
 2.0
 6.0
 0.0
 1.9216211728274093
 1.0
 0.0
 0.0
 1.089086295014508
 3.1914243720171473
 0.07069837324563857
 0.0
 5.960491955686429
 2.039508018293427
 1.9293016271327252
 0.0
 1.0311903276226455
 0.039508045192741544
 2.0
 2.807229886435169
 0.0
q_opt: 1-dimensional DenseAxisArray{Float64,1,...} with index sets:
    Dimension 1, [(43, 15), (43, 14), (44, 15), (44, 13), (44, 3), (40, 14), (40, 2), (41, 14), (42, 6), (37, 13)  …  (4, 13), (5, 2), (5, 7), (5, 9), (6, 11), (1, 1), (1, 6), (1, 3), (2, 1), (2, 15)]
And data, a 71-element Vector{Float64}:
 0.0
 0.0
 0.0
 0.7761496024055271
 0.6013881596953472
 0.9999999997985868
 0.0
 0.0
 0.022819965217093
 0.22385039777358906
 0.0
 1.0
 0.0
 0.0
 0.3750000001476484
 0.0
 0.0
 0.0
 0.8927774582745154
 0.0
 0.32083266060375504
 0.0
 1.0
 0.26780134457733407
 0.2745744958252993
 0.0
 0.10722254179697241
 0.0
 1.0
 0.9999999990738009
 0.5414059612822255
 0.0
 0.0
 0.0
 0.0
 0.0
 0.0
 0.0
 0.45859403878951527
 0.0
 0.0
 0.0
 1.0
 0.0
 0.0
 0.7321986554788089
 0.0
 1.0
 0.0
 0.0
 0.0
 0.0
 0.0
 0.0
 0.6791673394391399
 0.0
 0.0
 0.0
 0.0
 0.0
 0.0
 0.0
 0.0
 0.0
 0.0
 0.0
 0.0
 0.3276055388761057
 0.39861184034425656
 0.0
 1.0

