objective value: -625.683596066
objective bound: -625.746170651
termination status: OPTIMAL
BARON solution time: 667.17


w_opt: 1-dimensional DenseAxisArray{Float64,1,...} with index sets:
    Dimension 1, [(25, 1, 2), (25, 1, 1), (25, 1, 14), (20, 1, 2), (20, 1, 1), (20, 1, 14), (1, 1, 2), (1, 1, 1), (1, 1, 14), (2, 1, 2)  …  (20, 15, 23), (20, 15, 3), (8, 15, 30), (8, 15, 29), (8, 15, 23), (8, 15, 3), (2, 15, 30), (2, 15, 29), (2, 15, 23), (2, 15, 3)]
And data, a 261-element Vector{Float64}:
 1.1076291521587767
 1.6297524990610008
 0.0
 0.8923708480929882
 1.3130239638046417
 0.0
 0.0
 0.0
 0.0
 0.0
 0.0
 0.0
 0.0
 0.0
 0.0
 0.0
 2.0
 0.0
 0.4980266857300174
 0.5019733144561119
 0.0
 0.0
 0.0
 0.0
 0.0
 0.0
 0.0
 0.0
 0.11260297110909054
 1.7636582809630807
 0.6899806110883554
 0.0
 0.0
 0.0
 0.23842542641997538
 3.7343684056956326
 1.4609643049359091
 0.0
 0.0
 0.0
 0.0
 0.0
 0.0
 0.10929993148325921
 0.3283422366021864
 0.0
 0.0
 0.0
 0.0
 1.0025839218969028
 3.0118101889816593
 0.0
 0.0
 0.0
 0.0
 0.0
 0.0
 0.0
 0.0
 1.9556284982496446
 1.0
 0.0
 0.0
 0.0
 0.0
 0.0
 0.0
 0.0
 0.0
 0.0
 0.0
 0.5900982188562106
 1.7702946568889708
 0.0
 0.0
 0.0
 0.0
 0.477887301296077
 1.4336619041406495
 0.0
 0.0
 0.0
 0.0
 0.0
 0.0
 0.0
 0.0
 0.0
 0.0
 0.0
 0.0
 0.0
 0.9320144796278995
 2.7960434394136393
 0.0
 0.0
 0.0
 0.0
 0.0
 0.0
 0.0
 2.0
 1.0
 0.0
 0.0
 0.0
 0.0
 0.0
 0.0
 0.0
 0.0
 0.0
 0.0
 0.0
 0.0
 0.0
 0.0
 0.0
 4.120776084856034
 1.3735920275735827
 0.0
 0.0
 0.0
 1.8792239162272812
 0.6264079717544546
 0.0
 0.0
 0.0
 0.0
 0.0
 0.0
 0.0
 0.0
 0.0
 0.0
 0.0
 0.0
 0.0
 0.0
 0.0
 0.0
 0.0
 0.0
 0.0
 0.0
 0.0
 0.0
 0.26261834901077064
 0.0
 0.0
 0.0
 0.0
 0.0
 0.7256338634142745
 0.3628169316577113
 0.0
 0.0
 1.2743661368483954
 0.6371830683353306
 0.0
 0.0
 0.0
 0.0
 0.0
 0.0
 0.0
 0.0
 0.0
 0.0
 0.0
 0.0
 0.0
 0.0
 1.783373789286526
 0.0
 0.0
 0.0
 0.5567786345679093
 0.0
 0.0
 0.0
 0.0
 0.0
 0.0
 0.0
 0.0
 0.0
 0.0
 0.0
 0.0
 0.0
 0.0
 0.0
 0.0
 1.443221366417423
 0.9523890302534169
 0.6043896036279852
 0.0
 0.0
 0.0
 0.0
 0.0
 0.0
 0.0
 0.0
 0.0
 1.5194615228997843
 0.7597307610865746
 0.0
 0.4805384774978289
 0.24026923863426786
 0.0
 0.0
 0.0
 0.0
 0.0
 0.0
 0.0
 0.0
 0.0
 0.0
 0.0
 0.0
 0.0
 0.0
 0.7042782756096057
 0.8322141983323353
 0.0
 0.0
 0.0
 0.0
 0.0
 0.0
 0.0
 0.0
 0.0
 0.0
 0.0
 0.0
 0.0
 0.0
 0.0
 0.0
 0.0
 0.0
 0.0
 0.0
 0.0
 0.0
 0.0
 0.0
 0.0
 0.0
 0.0
 0.0
 0.0
 0.0
 2.0
 0.2446654812295385
 0.0
 1.0
x_ij_opt: 1-dimensional DenseAxisArray{Float64,1,...} with index sets:
    Dimension 1, [(43, 30), (43, 22), (43, 6), (44, 22), (45, 30), (45, 29), (45, 28), (45, 24), (45, 23), (40, 29)  …  (5, 7), (5, 14), (6, 4), (6, 3), (1, 14), (1, 10), (1, 23), (1, 1), (3, 2), (3, 1)]
And data, a 116-element Vector{Float64}:
 0.0
 0.21662621145444833
 1.2190763219340552
 0.0
 0.0
 0.0
 1.295721724833408
 0.0
 0.0
 0.0
 0.0
 0.0
 0.0
 0.0
 0.0
 0.0
 0.0
 0.0
 0.20539481162750478
 0.0
 0.0
 0.0
 0.0
 0.0
 0.0
 0.0
 0.0
 2.0
 0.0
 3.0
 0.0
 0.0
 0.0
 0.0
 0.0
 0.0
 0.0
 0.0
 0.0
 0.0
 0.0
 0.0
 0.0
 0.4298952813245381
 0.0
 0.0
 0.0
 0.0
 0.0
 0.0
 0.0
 0.0
 0.0
 0.0
 0.0
 0.6598475762886052
 0.0
 0.0
 0.0
 1.7373816513450584
 0.0
 0.0
 0.0
 0.0
 6.0
 0.0
 0.0
 0.0
 0.0
 0.7946051887333739
 0.0
 0.0
 0.0
 0.0
 0.0
 0.0
 0.16778580201102258
 0.8881161469348791
 0.0
 0.0
 0.0
 0.0
 0.0
 0.0
 0.0
 0.0
 0.0
 0.04437150262676291
 0.0
 0.0
 0.0
 0.0
 0.0
 0.0
 0.0
 0.0
 0.0
 0.0
 0.0
 0.0
 0.0
 0.0
 0.0
 0.0
 0.0
 0.0
 0.0
 0.0
 0.0
 0.0
 0.0
 0.0
 0.047610970332473926
 2.5591968525433426
 0.0
 0.0
x_il_opt: 1-dimensional DenseAxisArray{Float64,1,...} with index sets:
    Dimension 1, [(43, 15), (43, 14), (44, 15), (44, 13), (44, 3), (40, 14), (40, 2), (41, 14), (42, 6), (37, 13)  …  (4, 13), (5, 2), (5, 7), (5, 9), (6, 11), (1, 1), (1, 6), (1, 3), (2, 1), (2, 15)]
And data, a 71-element Vector{Float64}:
 0.0
 0.0
 0.0
 2.2791922842201524
 2.5662418631605264
 1.5364924737441596
 0.0
 0.0
 2.360392875717183
 0.7208077162062934
 0.0
 3.0
 0.0
 0.0
 0.0
 0.0
 0.0
 0.0
 5.4943681127050805
 0.0
 0.43764216807566975
 0.0
 3.0
 1.0884507950719857
 1.9115492054176795
 0.0
 2.5056318881269113
 0.0
 2.3401524244974055
 0.2626183489307641
 2.7373816511636098
 0.0
 0.0
 0.0
 0.0
 0.0
 0.0
 0.0
 2.205394811852265
 0.0
 0.0
 0.0
 2.9556284981644727
 0.0
 0.0
 1.9115492051837262
 0.0
 3.0
 0.0
 0.0
 0.0
 0.0
 0.0
 0.0
 4.014394110793669
 0.0
 0.0
 5.433758137051517
 0.0
 0.0
 0.0
 0.0
 0.0
 0.0
 0.0
 0.0
 0.0
 3.7280579189868024
 0.0
 0.0
 3.2446654814298896
x_lj_opt: 1-dimensional DenseAxisArray{Float64,1,...} with index sets:
    Dimension 1, [(15, 30), (15, 29), (15, 23), (15, 3), (14, 28), (14, 27), (14, 10), (14, 24), (13, 26), (13, 25)  …  (3, 6), (3, 5), (3, 29), (2, 4), (2, 3), (2, 1), (2, 5), (1, 2), (1, 1), (1, 14)]
And data, a 53-element Vector{Float64}:
 2.0
 0.24466548121190232
 0.0
 1.0
 0.7042782755595152
 0.8322141982731392
 0.0
 0.0
 2.0
 0.9999999996211532
 0.0
 1.4432213662764413
 0.9523890301605289
 0.6043896035691617
 1.78337378912381
 0.0
 0.0
 0.0
 0.5567786345145253
 0.0
 0.0
 2.0
 0.9999999999606903
 0.26261834904793263
 0.0
 0.0
 6.0
 1.9999999991694644
 0.0
 0.0
 2.0
 1.0
 0.0
 1.9999999998275104
 6.0
 0.0
 1.9556284980544005
 0.9999999999963245
 0.0
 0.0
 1.1118838533572248
 3.340152425513277
 0.0
 0.35102839751798764
 5.498026686467013
 2.1509449159502085
 2.0
 0.0
 0.4980266856958025
 0.5019733144216266
 2.0
 2.942776462752497
 0.0
q_opt: 1-dimensional DenseAxisArray{Float64,1,...} with index sets:
    Dimension 1, [(43, 15), (43, 14), (44, 15), (44, 13), (44, 3), (40, 14), (40, 2), (41, 14), (42, 6), (37, 13)  …  (4, 13), (5, 2), (5, 7), (5, 9), (6, 11), (1, 1), (1, 6), (1, 3), (2, 1), (2, 15)]
And data, a 71-element Vector{Float64}:
 0.0
 0.0
 0.0
 0.7597307613756225
 0.3207802328975942
 1.0
 0.0
 0.0
 0.2950491094530221
 0.24026923872499448
 0.0
 1.0
 0.0
 0.0
 0.0
 0.0
 0.0
 0.0
 0.6867960140753402
 0.0
 0.09830157273489155
 0.0
 1.0
 0.3628169316708362
 0.23894365066627077
 0.0
 0.31320398600573374
 0.0
 1.0
 0.999999999869996
 0.5538145760287316
 0.0
 0.0
 0.0
 0.0
 0.0
 0.0
 0.0
 0.4461854240052881
 0.0
 0.0
 0.0
 1.0
 0.0
 0.0
 0.6371830683625933
 0.0
 1.0
 0.0
 0.0
 0.0
 0.0
 0.0
 0.0
 0.9016984272862547
 0.0
 0.0
 0.6792197671368868
 0.0
 0.0
 0.0
 0.0
 0.0
 0.0
 0.0
 0.0
 0.0
 0.4660072398598956
 0.0
 0.0
 1.0

