objective value: -632.568615899
objective bound: -632.631879084
termination status: OPTIMAL
BARON solution time: 2289.77


w_opt: 1-dimensional DenseAxisArray{Float64,1,...} with index sets:
    Dimension 1, [(25, 1, 2), (25, 1, 1), (25, 1, 14), (20, 1, 2), (20, 1, 1), (20, 1, 14), (1, 1, 2), (1, 1, 1), (1, 1, 14), (2, 1, 2)  …  (20, 15, 23), (20, 15, 3), (8, 15, 30), (8, 15, 29), (8, 15, 23), (8, 15, 3), (2, 15, 30), (2, 15, 29), (2, 15, 23), (2, 15, 3)]
And data, a 261-element Vector{Float64}:
 1.0532257186829728
 1.9467742816459923
 0.0
 0.7847566288984423
 1.4505380901649163
 0.0
 0.0
 0.0
 0.0
 0.0
 0.0
 0.0
 0.0
 0.0
 0.0
 0.0
 2.0
 0.0
 0.0
 1.0000000002609815
 0.0
 0.0
 0.0
 0.0
 0.0
 0.0
 0.0
 0.0
 0.4017827616553926
 2.903896110127239
 1.3405549038531928
 0.0
 0.0
 0.0
 0.04271106273162115
 0.3086953965240562
 0.14250617512246647
 0.0
 0.0
 0.0
 0.24730565204830168
 1.7874084941733956
 0.8251394441064093
 0.06113848863681523
 0.22600709147280207
 0.0
 0.0
 0.0
 0.0
 0.8939413193711039
 3.304580830213781
 0.0
 0.0
 0.0
 0.0
 0.0
 0.0
 0.0
 0.0
 2.0
 1.0
 0.0
 0.0
 0.0
 0.0
 0.0
 0.0
 0.0
 0.0
 0.0
 0.0
 0.0
 0.0
 0.0
 0.7200939761850941
 2.160281928418142
 0.0
 0.5073158248072424
 1.5219474743127326
 0.0
 0.0
 0.0
 0.0
 0.0
 0.0
 0.0
 0.0
 0.0
 0.0
 0.0
 0.0
 0.0
 0.7725901993206852
 2.317770597818192
 0.0
 0.0
 0.0
 0.0
 0.0
 0.0
 0.0
 1.508517106407686
 0.9385808782029207
 0.5529020156471659
 0.0
 0.0
 0.0
 0.0
 0.0
 0.0
 0.0
 0.0
 0.0
 0.0
 0.0
 0.0
 0.0
 0.0
 5.611849731615062
 1.8131707624100455
 0.0
 0.05744581434070817
 0.0
 0.3881502694356983
 0.12541011495574103
 0.0
 0.003973308155907598
 0.0
 0.0
 0.0
 0.0
 0.0
 0.0
 0.0
 0.0
 0.0
 0.0
 0.0
 0.0
 0.0
 0.0
 0.0
 0.0
 0.0
 0.0
 0.0
 0.0
 0.0
 0.0
 0.0
 0.0
 0.0
 0.0
 0.6471578009605773
 0.3235789004293045
 0.0
 0.0
 1.3528421993005253
 0.6764210995436557
 0.0
 0.0
 0.0
 0.0
 0.0
 0.0
 0.0
 0.0
 0.0
 0.0
 0.0
 0.0
 0.0
 0.0
 2.0
 0.0
 0.0
 0.0
 0.4691687977790047
 0.0
 0.0
 0.0
 0.0
 0.0
 0.0
 0.0
 0.0
 0.0
 0.0
 0.0
 0.0
 0.0
 0.0
 0.0
 0.0
 1.5308312032008486
 1.0
 0.46916879699865216
 0.0
 0.0
 0.0
 0.0
 0.0
 0.0
 0.0
 0.0
 0.0
 1.5240986263847598
 0.6385838719032482
 0.12346544116137761
 0.47590137400586874
 0.19939847513517267
 0.03855221182785705
 0.0
 0.0
 0.0
 0.0
 0.0
 0.0
 0.0
 0.0
 0.0
 0.0
 0.0
 0.0
 0.0
 0.47129690057285173
 0.526628573387785
 0.0
 0.0
 0.0
 0.0
 0.0
 0.0
 0.0
 0.0
 0.0
 0.0
 0.0
 0.0
 0.0
 0.0
 0.0
 0.0
 0.0
 0.0
 0.0
 0.0
 0.0
 0.0
 0.0
 0.0
 0.0
 0.0
 0.0
 0.0
 0.0
 0.0
 1.355059626306208
 3.222630681351346
 0.0
 1.0
x_ij_opt: 1-dimensional DenseAxisArray{Float64,1,...} with index sets:
    Dimension 1, [(43, 30), (43, 22), (43, 6), (44, 22), (45, 30), (45, 29), (45, 28), (45, 24), (45, 23), (40, 29)  …  (5, 7), (5, 14), (6, 4), (6, 3), (1, 14), (1, 10), (1, 23), (1, 1), (3, 2), (3, 1)]
And data, a 116-element Vector{Float64}:
 0.0
 0.0
 0.7906668314930726
 0.0
 0.6449403740907628
 0.0
 1.528703099841131
 0.0
 0.0
 0.0
 0.0
 0.0
 0.0
 0.0
 0.0
 0.0
 0.0
 0.0
 0.23529471879010921
 0.0
 0.0
 0.0
 0.0
 0.0
 0.0
 0.0
 0.0
 2.0
 0.0
 0.0
 0.0
 0.0
 0.0
 0.0
 0.0
 0.0
 0.0
 0.0
 0.0
 0.0
 0.0
 0.0
 0.0
 0.5175336928538267
 0.0
 0.0
 0.0
 0.0
 0.0
 0.0
 0.0
 0.0
 0.0
 0.0
 0.0
 0.5308312021983163
 0.0
 0.0
 0.0
 2.0
 0.0
 0.0
 0.0
 0.0
 6.0
 0.0
 0.0
 0.0
 0.0
 0.7647052815741079
 0.0
 0.0
 0.0
 0.0
 0.0
 0.0
 0.4733714269106341
 1.0449201923185283
 0.0
 0.0
 0.0
 0.0
 0.0
 0.0
 0.0
 0.0
 0.0
 0.0
 0.0
 0.0
 0.0
 0.0
 0.0
 0.0
 0.0
 0.0
 0.0
 0.1620176535365922
 0.0
 0.0
 0.0
 0.0
 0.0
 0.0
 0.0
 0.49148289435990705
 0.0
 0.0
 0.0
 0.0
 0.0
 0.0
 0.0
 2.0497856137364705
 0.0
 0.0
x_il_opt: 1-dimensional DenseAxisArray{Float64,1,...} with index sets:
    Dimension 1, [(43, 15), (43, 14), (44, 15), (44, 13), (44, 3), (40, 14), (40, 2), (41, 14), (42, 6), (37, 13)  …  (4, 13), (5, 2), (5, 7), (5, 9), (6, 11), (1, 1), (1, 6), (1, 3), (2, 1), (2, 15)]
And data, a 71-element Vector{Float64}:
 0.0
 0.0
 0.0
 2.2861479394493855
 4.6462337756358245
 0.9979254737641279
 0.0
 0.0
 0.0
 0.7138520609688984
 0.0
 3.0
 0.0
 0.0
 2.8803759045679245
 0.0
 0.0
 0.0
 7.482466308179759
 0.0
 0.2871455801033667
 0.0
 3.0
 0.9707367013898818
 2.0292632991014625
 0.0
 0.5175336925335012
 0.0
 2.4691687985902906
 0.0
 3.0
 0.0
 0.0
 0.0
 0.0
 0.0
 0.0
 0.0
 2.2352947190201564
 0.0
 0.0
 0.0
 3.0
 0.0
 0.0
 2.029263298844181
 0.0
 3.0
 0.0
 0.0
 0.0
 0.0
 0.0
 0.0
 4.198522149498528
 0.0
 0.0
 0.4939126343781438
 0.0
 0.0
 0.0
 0.0
 0.0
 0.0
 0.0
 0.0
 0.0
 3.090360797099305
 2.8598535903281066
 0.0
 5.577690307691455
x_lj_opt: 1-dimensional DenseAxisArray{Float64,1,...} with index sets:
    Dimension 1, [(15, 30), (15, 29), (15, 23), (15, 3), (14, 28), (14, 27), (14, 10), (14, 24), (13, 26), (13, 25)  …  (3, 6), (3, 5), (3, 29), (2, 4), (2, 3), (2, 1), (2, 5), (1, 2), (1, 1), (1, 14)]
And data, a 53-element Vector{Float64}:
 1.3550596262075358
 3.222630681113509
 0.0
 1.0
 0.47129690055277995
 0.5266285733654302
 0.0
 0.0
 2.0
 0.8379823469565318
 0.16201765297340706
 1.5308312030534388
 1.0
 0.4691687969532852
 2.0
 0.0
 0.0
 0.0
 0.4691687977375113
 0.0
 0.0
 2.0
 0.9999999999407363
 0.0
 0.0
 0.0
 6.0
 1.9385808772200157
 0.0
 0.06141912249409235
 1.5085171063264782
 0.9385808781523924
 0.5529020156173992
 2.0
 6.0
 0.0
 2.0
 1.0
 0.0
 0.0
 0.9550798079737731
 3.5305879215580522
 0.0
 0.6917994764182217
 5.000000000701307
 2.308200523025091
 2.0
 0.0
 0.0
 1.0000000001877045
 1.837982347512409
 3.397312371681309
 0.0
q_opt: 1-dimensional DenseAxisArray{Float64,1,...} with index sets:
    Dimension 1, [(43, 15), (43, 14), (44, 15), (44, 13), (44, 3), (40, 14), (40, 2), (41, 14), (42, 6), (37, 13)  …  (4, 13), (5, 2), (5, 7), (5, 9), (6, 11), (1, 1), (1, 6), (1, 3), (2, 1), (2, 15)]
And data, a 71-element Vector{Float64}:
 0.0
 0.0
 0.0
 0.7620493131180186
 0.5807792219439962
 1.0
 0.0
 0.0
 0.0
 0.23795068697971453
 0.0
 1.0
 0.0
 0.0
 0.36004698805849994
 0.0
 0.0
 0.0
 0.9353082885100965
 0.0
 0.06401401027087637
 0.0
 1.0
 0.32357890044846355
 0.253657912376452
 0.0
 0.06469171156618823
 0.0
 1.0
 0.18329388817347259
 0.5730336420853204
 0.0
 0.1907686044157327
 0.0
 0.0
 0.0
 0.0
 0.0
 0.4269663579528661
 0.0
 0.0
 0.0
 1.0
 0.0
 0.0
 0.6764210995837614
 0.0
 1.0
 0.0
 0.0
 0.0
 0.0
 0.0
 0.0
 0.9359859897655551
 0.0
 0.0
 0.06173907929615162
 0.0
 0.0
 0.0
 0.0
 0.0
 0.0
 0.6259375074107949
 0.0
 0.0
 0.38629509962465386
 0.357481698784524
 0.0
 1.0

