objective value: -618.879877473
objective bound: -618.94177165
termination status: OPTIMAL
BARON solution time: 2399.78


w_opt: 1-dimensional DenseAxisArray{Float64,1,...} with index sets:
    Dimension 1, [(25, 1, 2), (25, 1, 1), (25, 1, 14), (20, 1, 2), (20, 1, 1), (20, 1, 14), (1, 1, 2), (1, 1, 1), (1, 1, 14), (2, 1, 2)  …  (20, 15, 23), (20, 15, 3), (8, 15, 30), (8, 15, 29), (8, 15, 23), (8, 15, 3), (2, 15, 30), (2, 15, 29), (2, 15, 23), (2, 15, 3)]
And data, a 261-element Vector{Float64}:
 0.7415468546994401
 0.5688765195409794
 0.0
 1.258453145550671
 0.9654203789137906
 0.0
 0.0
 0.0
 0.0
 0.0
 0.0
 0.0
 0.0
 0.0
 0.0
 0.0
 2.0
 0.0
 0.0
 1.000000000336415
 0.0
 0.0
 0.0
 0.0
 0.0
 0.0
 0.0
 0.0
 0.0
 0.6908219369741638
 0.3579117291717603
 0.0
 0.0
 0.0
 0.0
 4.309178063898139
 2.2325657157259595
 0.0
 0.0
 0.0
 0.0
 0.0
 0.0
 0.0
 0.0
 0.0
 0.0
 0.0
 0.0
 1.0182099080680223
 0.7183210707740331
 0.0
 0.0
 0.0
 0.0
 0.0
 0.0
 0.0
 0.0
 2.0
 1.0
 0.0
 0.0
 0.0
 0.0
 0.0
 0.0
 0.0
 0.0
 0.0
 0.0
 0.0
 0.0
 0.0
 0.5728789233443299
 1.7186367699239
 0.0
 0.5274934054256372
 1.5824802161744793
 0.0
 0.0
 0.0
 0.0
 0.0
 0.0
 0.0
 0.0
 0.0
 0.0
 0.0
 0.0
 0.0
 0.8996276715519262
 2.6988830144995557
 0.0
 0.0
 0.0
 0.0
 0.0
 0.0
 0.0
 1.9911861497262429
 0.8967036362276442
 0.11211021423621167
 0.0
 0.0
 0.0
 0.0
 0.0
 0.0
 0.0
 0.0
 0.0
 0.0
 0.0
 0.0
 0.0
 0.0
 3.467701147040014
 1.532298853608809
 0.0
 0.0
 0.0
 2.080620688338764
 0.9193793122194142
 0.0
 0.0
 0.0
 0.0
 0.0
 0.0
 0.0
 0.0
 0.0
 0.0
 0.0
 0.0
 0.0
 0.0
 0.0
 0.0
 0.0
 0.0
 0.0
 0.0
 0.0
 0.0
 1.1705804576353993
 0.0
 0.0
 0.0
 0.8294195419539686
 0.0
 0.5933509192938675
 0.29667545959118014
 0.0
 0.0
 1.4066490809934522
 0.703324540369751
 0.0
 0.0
 0.0
 0.0
 0.0
 0.0
 0.0
 0.0
 0.0
 0.0
 0.0
 0.0
 0.0
 0.0
 1.6512469237209433
 0.0
 0.0
 0.0
 0.48918387936524
 0.0
 0.0
 0.0
 0.0
 0.0
 0.0
 0.0
 0.0
 0.0
 0.0
 0.0
 0.0
 0.0
 0.0
 0.0
 0.0
 1.5108161216098883
 0.9609174251010085
 0.5282664536776284
 0.0
 0.0
 0.0
 0.0
 0.0
 0.0
 0.0
 0.0
 0.0
 1.5158388894811445
 0.7579194443604872
 0.0
 0.48416111099093656
 0.24208055537005693
 0.0
 0.0
 0.0
 0.0
 0.0
 0.0
 0.0
 0.0
 0.0
 0.0
 0.0
 0.0
 0.0
 0.0
 0.46617925278267874
 0.6089164050749899
 0.0
 0.0
 0.0
 0.0
 0.0
 0.0
 0.0
 0.0
 0.0
 0.0
 0.0
 0.0
 0.0
 0.0
 0.0
 0.0
 0.0
 0.0
 0.0
 0.0
 0.0
 0.0
 0.0
 0.0
 0.0
 0.0
 0.0
 0.0
 0.0
 0.0
 1.4024669561831504
 2.8812561029867108
 0.0
 1.0
x_ij_opt: 1-dimensional DenseAxisArray{Float64,1,...} with index sets:
    Dimension 1, [(43, 30), (43, 22), (43, 6), (44, 22), (45, 30), (45, 29), (45, 28), (45, 24), (45, 23), (40, 29)  …  (5, 7), (5, 14), (6, 4), (6, 3), (1, 14), (1, 10), (1, 23), (1, 1), (3, 2), (3, 1)]
And data, a 116-element Vector{Float64}:
 0.0
 0.34875307697606306
 1.5930048574521867
 0.0
 0.5975330442515695
 0.0
 1.5338207474565284
 0.0
 0.0
 0.0
 0.0
 0.0
 0.0
 0.0
 0.0
 0.0
 0.0
 0.0
 0.23002523998261104
 0.0
 0.0
 0.0
 0.0
 0.0
 0.0
 0.0
 0.0
 1.9999999999866143
 0.0
 0.0
 0.0
 0.0
 0.0
 0.0
 0.0
 0.0
 0.0
 0.0
 0.0
 0.0
 0.0
 0.0
 0.0
 0.406995143322046
 0.0
 0.0
 0.0
 0.0
 0.0
 0.0
 0.0
 0.0
 0.0
 0.0
 0.0
 0.8595691966859075
 0.0
 0.4156998043038129
 0.10329636437535107
 0.0
 0.0
 0.0
 0.0
 0.0
 6.0
 0.0
 0.03597836165401297
 0.0
 0.0
 0.7699747603634027
 0.0
 0.0
 0.0
 0.0
 0.0
 0.0
 0.3910835949728124
 0.9817900922536206
 0.0
 0.0
 0.0
 0.0
 0.0
 0.0
 0.0
 0.0
 0.0
 0.0
 0.0
 0.0
 0.0
 0.0
 1.9704315675625743
 0.0
 0.0
 0.0
 0.0
 0.0
 0.0
 0.0
 0.0
 0.0
 0.0
 0.0
 0.0
 0.0
 0.0
 0.0
 0.0
 0.0
 0.008813851115404048
 0.0
 0.03908257547790571
 4.353592888419635
 0.0
 0.0
x_il_opt: 1-dimensional DenseAxisArray{Float64,1,...} with index sets:
    Dimension 1, [(43, 15), (43, 14), (44, 15), (44, 13), (44, 3), (40, 14), (40, 2), (41, 14), (42, 6), (37, 13)  …  (4, 13), (5, 2), (5, 7), (5, 9), (6, 11), (1, 1), (1, 6), (1, 3), (2, 1), (2, 15)]
And data, a 71-element Vector{Float64}:
 0.0
 0.0
 0.0
 2.273758334083965
 1.0487336661459241
 1.0750956578576687
 0.0
 0.0
 0.0
 0.7262416664519675
 0.0
 3.0
 0.0
 0.0
 2.29151569326823
 0.0
 0.0
 0.0
 5.000000000648823
 0.0
 0.0
 0.0
 3.0
 0.8900263788850477
 2.1099736216001164
 0.0
 3.0
 0.0
 2.140430804367863
 1.1705804576353993
 1.3104233742404197
 0.0
 0.0
 0.0
 0.0
 0.0
 0.0
 0.0
 2.2238735244644614
 0.0
 0.0
 0.0
 3.0
 0.0
 0.0
 2.109973621363203
 0.0
 3.0
 0.0
 0.0
 0.0
 0.0
 0.0
 0.0
 1.7365309789097088
 0.0
 0.0
 6.541743779624099
 0.0
 0.0
 0.0
 0.0
 0.0
 0.0
 0.8294195419539686
 0.0
 0.0
 3.598510686051482
 0.0
 0.0
 5.283723059169861
x_lj_opt: 1-dimensional DenseAxisArray{Float64,1,...} with index sets:
    Dimension 1, [(15, 30), (15, 29), (15, 23), (15, 3), (14, 28), (14, 27), (14, 10), (14, 24), (13, 26), (13, 25)  …  (3, 6), (3, 5), (3, 29), (2, 4), (2, 3), (2, 1), (2, 5), (1, 2), (1, 1), (1, 14)]
And data, a 53-element Vector{Float64}:
 1.4024669560440062
 2.881256102700875
 0.0
 0.9999999999938962
 0.4661792529270566
 0.6089164052635744
 0.0
 0.0
 2.0
 0.9999999996022225
 0.0
 1.510816121459079
 0.9609174250037453
 0.5282664536228393
 1.6512469235622997
 0.0
 0.0
 0.0
 0.48918387931824586
 0.0
 0.0
 2.0
 0.9999999999199831
 1.9999999995297424
 0.0
 0.0
 5.548321834854464
 2.4516781655970146
 0.0
 0.0
 1.991186149554386
 0.8967036362276442
 0.11211021423713824
 2.0
 6.0
 0.0
 2.0
 0.9999999999975876
 0.0
 0.0
 1.0182099080252727
 0.7183210707438745
 0.0
 0.0
 5.000000000595469
 2.59047744475491
 1.9999999999817293
 0.0
 0.0
 1.0000000002663685
 2.0
 1.5342968983933156
 0.0
q_opt: 1-dimensional DenseAxisArray{Float64,1,...} with index sets:
    Dimension 1, [(43, 15), (43, 14), (44, 15), (44, 13), (44, 3), (40, 14), (40, 2), (41, 14), (42, 6), (37, 13)  …  (4, 13), (5, 2), (5, 7), (5, 9), (6, 11), (1, 1), (1, 6), (1, 3), (2, 1), (2, 15)]
And data, a 71-element Vector{Float64}:
 0.0
 0.0
 0.0
 0.7579194446705331
 0.13816438737837927
 0.999999999690292
 0.0
 0.0
 0.0
 0.24208055547492474
 0.0
 1.0
 0.0
 0.0
 0.286439461646005
 0.0
 0.0
 0.0
 0.625000000046642
 0.0
 0.0
 0.0
 1.0
 0.29667545961999114
 0.2637467026881323
 0.0
 0.37500000004745165
 0.0
 1.0
 0.5852902289553191
 0.37077342731820506
 0.0
 0.0
 0.0
 0.0
 0.0
 0.0
 0.0
 0.6292265727218515
 0.0
 0.0
 0.0
 1.0
 0.0
 0.0
 0.7033245404310918
 0.0
 1.0
 0.0
 0.0
 0.0
 0.0
 0.0
 0.0
 1.0
 0.0
 0.0
 0.8618356126769897
 0.0
 0.0
 0.0
 0.0
 0.0
 0.0
 0.4147097710744955
 0.0
 0.0
 0.44981383573939304
 0.0
 0.0
 1.0

