objective value: -629.494813368
objective bound: -629.557769145
termination status: OPTIMAL
BARON solution time: 787.65


w_opt: 1-dimensional DenseAxisArray{Float64,1,...} with index sets:
    Dimension 1, [(25, 1, 2), (25, 1, 1), (25, 1, 14), (20, 1, 2), (20, 1, 1), (20, 1, 14), (1, 1, 2), (1, 1, 1), (1, 1, 14), (2, 1, 2)  …  (20, 15, 23), (20, 15, 3), (8, 15, 30), (8, 15, 29), (8, 15, 23), (8, 15, 3), (2, 15, 30), (2, 15, 29), (2, 15, 23), (2, 15, 3)]
And data, a 261-element Vector{Float64}:
 0.8327901173723448
 0.7449260063098977
 0.0
 1.167209882898785
 1.044062577658595
 0.0
 0.0
 0.0
 0.0
 0.0
 0.0
 0.0
 0.0
 0.0
 0.0
 0.0
 1.9348330739719242
 0.0
 0.0
 1.0651669262089285
 0.0
 0.0
 0.0
 0.0
 0.0
 0.0
 0.0
 0.0
 0.0
 1.0156981185480014
 0.33270396382108897
 0.0
 0.0
 0.0
 0.0
 3.9191349563974445
 1.2837591316626904
 0.0
 0.0
 0.0
 0.0
 0.0
 0.0
 0.16196112418982836
 0.4759026666427655
 0.010253627255092292
 0.0
 0.0
 0.0
 0.8673827803695611
 2.5486966718126367
 0.05491329932953873
 0.0
 0.0
 0.0
 0.0
 0.0
 0.0
 0.0
 1.7643000023323097
 1.0
 0.0
 0.0
 0.0
 0.0
 0.0
 0.0
 0.0
 0.0
 0.0
 0.0
 0.0
 0.0
 0.0
 0.511400915360379
 1.5342027458728915
 0.0
 0.5386634793529479
 1.6159904378417738
 0.0
 0.0
 0.0
 0.0
 0.0
 0.0
 0.0
 0.0
 0.0
 0.0
 0.0
 0.0
 0.0
 0.9499356056138346
 2.8498068164913035
 0.0
 0.0
 0.0
 0.0
 0.0
 0.0
 0.0
 2.0
 0.9853642309777623
 0.014635768695178951
 0.0
 0.0
 0.0
 0.0
 0.0
 0.0
 0.0
 0.0
 0.0
 0.0
 0.0
 0.0
 0.0
 0.0
 5.017313544474872
 1.9465824594125076
 0.0
 0.0
 0.0
 0.7464871115404218
 0.28961688446541217
 0.0
 0.0
 0.0
 0.0
 0.0
 0.0
 0.0
 0.0
 0.0
 0.0
 0.0
 0.0
 0.0
 0.0
 0.0
 0.0
 0.0
 0.0
 0.0
 0.0
 0.0
 0.0
 1.1714487618904768
 0.0
 0.0
 0.0
 0.8285512380052578
 0.0
 0.5635640554831647
 0.28178202766504445
 0.0
 0.0
 1.4364359447759958
 0.7182179721852273
 0.0
 0.0
 0.0
 0.0
 0.0
 0.0
 0.0
 0.0
 0.0
 0.0
 0.0
 0.0
 0.0
 0.0
 1.7893414442030726
 0.0
 0.0
 0.0
 0.47145723653947635
 0.0
 0.0
 0.0
 0.0
 0.0
 0.0
 0.0
 0.0
 0.0
 0.0
 0.0
 0.0
 0.0
 0.0
 0.0
 0.0
 1.5285427644474279
 0.9961180700633012
 0.4753391658470114
 0.0
 0.0
 0.0
 0.0
 0.0
 0.0
 0.0
 0.0
 0.0
 1.5440038678503378
 0.7720019334709007
 0.0
 0.4559961325499191
 0.22799806613900386
 0.0
 0.0
 0.0
 0.0
 0.0
 0.0
 0.0
 0.0
 0.0
 0.0
 0.0
 0.0
 0.0
 0.0
 0.7604686086980409
 0.9999999991369902
 0.0
 0.0
 0.0
 0.0
 0.0
 0.0
 0.0
 0.0
 0.0
 0.0
 0.0
 0.0
 0.0
 0.0
 0.0
 0.0
 0.0
 0.0
 0.0
 0.0
 0.0
 0.0
 0.0
 0.0
 0.0
 0.0
 0.0
 0.0
 0.0
 0.0
 0.9216851059384583
 3.9081977402889305
 0.0
 0.8287384405145236
x_ij_opt: 1-dimensional DenseAxisArray{Float64,1,...} with index sets:
    Dimension 1, [(43, 30), (43, 22), (43, 6), (44, 22), (45, 30), (45, 29), (45, 28), (45, 24), (45, 23), (40, 29)  …  (5, 7), (5, 14), (6, 4), (6, 3), (1, 14), (1, 10), (1, 23), (1, 1), (3, 2), (3, 1)]
And data, a 116-element Vector{Float64}:
 0.0
 0.21065855634763003
 1.589991176189202
 0.0
 1.0783148944862921
 0.0
 1.2395313909564618
 0.0
 0.0
 0.0
 0.0
 0.0
 0.0
 0.0
 0.0
 0.0
 0.0
 0.0
 0.22380339967939894
 0.0
 0.0
 0.0
 0.0
 0.0
 0.0
 0.0
 0.0
 1.9999999995187137
 0.0
 0.0
 0.0
 0.0
 0.0
 0.0
 0.0
 0.0
 0.0
 0.0
 0.0
 0.0
 0.0
 0.0
 0.0
 0.4100088243151392
 0.0
 0.0
 0.0
 0.0
 0.0
 0.0
 0.0
 0.0
 0.0
 0.0
 0.0
 0.7392013184795921
 0.0
 0.23619934518178276
 0.014635769539740304
 0.0
 0.0
 0.0
 0.0
 0.0
 6.0
 0.0
 0.0
 0.0
 0.0
 0.7761966005770352
 0.0
 0.0
 0.0
 0.0
 0.0
 0.0
 0.0
 0.9706560956725206
 0.0
 0.0
 0.0
 0.0
 0.0
 0.0
 0.0
 0.0
 0.0
 0.2356999984870323
 0.0
 0.0
 0.0
 0.0
 0.0
 0.0
 0.0
 0.0
 0.0
 0.0
 0.0
 0.1712615600606087
 0.0
 0.0
 0.0
 0.0
 0.0
 0.0
 0.0
 0.0
 0.0
 0.0
 0.0
 0.0
 0.003881930522558105
 4.1963756485256045
 0.0
 0.0
x_il_opt: 1-dimensional DenseAxisArray{Float64,1,...} with index sets:
    Dimension 1, [(43, 15), (43, 14), (44, 15), (44, 13), (44, 3), (40, 14), (40, 2), (41, 14), (42, 6), (37, 13)  …  (4, 13), (5, 2), (5, 7), (5, 9), (6, 11), (1, 1), (1, 6), (1, 3), (2, 1), (2, 15)]
And data, a 71-element Vector{Float64}:
 0.0
 0.0
 0.0
 2.316005801633152
 1.3484020824872052
 1.760468608040564
 0.0
 0.0
 0.0
 0.6839941988508756
 0.0
 3.0
 0.0
 0.0
 2.045603661338107
 0.0
 0.0
 0.0
 6.963896004402686
 0.0
 0.6481174180876861
 0.0
 3.0
 0.8453460831482091
 2.154653917298706
 0.0
 1.0361039964247938
 0.0
 2.260798682429486
 1.17144876190708
 1.5777161237102704
 0.0
 0.0
 0.0
 0.0
 0.0
 0.0
 0.0
 2.2112724605712795
 0.0
 0.0
 0.0
 2.764300002659992
 0.0
 0.0
 2.154653916961223
 0.0
 2.999999999729802
 0.0
 0.0
 0.0
 0.0
 0.0
 0.0
 3.4709927515117367
 0.0
 0.0
 5.2028940882432195
 0.0
 0.0
 0.0
 0.0
 0.0
 0.0
 0.8285512380238735
 0.0
 0.0
 3.799742422196734
 0.0
 0.0
 5.658621286848116
x_lj_opt: 1-dimensional DenseAxisArray{Float64,1,...} with index sets:
    Dimension 1, [(15, 30), (15, 29), (15, 23), (15, 3), (14, 28), (14, 27), (14, 10), (14, 24), (13, 26), (13, 25)  …  (3, 6), (3, 5), (3, 29), (2, 4), (2, 3), (2, 1), (2, 5), (1, 2), (1, 1), (1, 14)]
And data, a 53-element Vector{Float64}:
 0.9216851057994743
 3.9081977399181587
 0.0
 0.8287384403804616
 0.7604686093722975
 1.0
 0.0
 0.0
 2.0
 0.9999999995009765
 0.0
 1.5285427642728364
 0.9961180699446225
 0.47533916577360247
 1.7893414440414555
 0.0
 0.0
 0.0
 0.47145723647873233
 0.0
 0.0
 2.0
 0.9999999998016036
 1.9999999998949176
 0.0
 0.0
 5.763800655679668
 2.236199343852161
 0.0
 0.0
 2.0
 0.985364231033049
 0.014635768626500477
 2.0
 5.999999999861654
 0.0
 1.7643000021629434
 0.9999999999856679
 0.0
 0.0
 1.0293439045642396
 3.0245993384916496
 0.06516692651402893
 0.0
 4.934833074684077
 1.616463095367436
 1.9348330737968085
 0.0
 0.0
 1.0651669261394192
 2.0
 1.7889885838327708
 0.0
q_opt: 1-dimensional DenseAxisArray{Float64,1,...} with index sets:
    Dimension 1, [(43, 15), (43, 14), (44, 15), (44, 13), (44, 3), (40, 14), (40, 2), (41, 14), (42, 6), (37, 13)  …  (4, 13), (5, 2), (5, 7), (5, 9), (6, 11), (1, 1), (1, 6), (1, 3), (2, 1), (2, 15)]
And data, a 71-element Vector{Float64}:
 0.0
 0.0
 0.0
 0.7720019338766799
 0.20582218348350098
 0.999999999112332
 0.0
 0.0
 0.0
 0.22799806626949798
 0.0
 1.0
 0.0
 0.0
 0.25570045765501975
 0.0
 0.0
 0.0
 0.8704870005405053
 0.0
 0.15734403581599374
 0.0
 1.0
 0.2817820277198509
 0.2693317396501327
 0.0
 0.129512999532092
 0.0
 1.0
 0.5857243809764678
 0.4163950586605962
 0.0
 0.0
 0.0
 0.0
 0.0
 0.0
 0.0
 0.5836049414133527
 0.0
 0.0
 0.0
 1.0
 0.0
 0.0
 0.7182179723308477
 0.0
 0.9999999999606702
 0.0
 0.0
 0.0
 0.0
 0.0
 0.0
 0.8426559641732755
 0.0
 0.0
 0.7941778165735458
 0.0
 0.0
 0.0
 0.0
 0.0
 0.0
 0.41427561902485033
 0.0
 0.0
 0.47496780276290135
 0.0
 0.0
 1.0

