objective value: -633.039690842
objective bound: -633.103001142
termination status: OPTIMAL
BARON solution time: 769.39


w_opt: 1-dimensional DenseAxisArray{Float64,1,...} with index sets:
    Dimension 1, [(25, 1, 2), (25, 1, 1), (25, 1, 14), (20, 1, 2), (20, 1, 1), (20, 1, 14), (1, 1, 2), (1, 1, 1), (1, 1, 14), (2, 1, 2)  …  (20, 15, 23), (20, 15, 3), (8, 15, 30), (8, 15, 29), (8, 15, 23), (8, 15, 3), (2, 15, 30), (2, 15, 29), (2, 15, 23), (2, 15, 3)]
And data, a 261-element Vector{Float64}:
 1.3576306812060808
 0.0
 0.0
 0.6423693187939192
 0.0
 0.0
 0.0
 0.0
 0.0
 0.0
 0.0
 0.0
 0.0
 0.0
 0.0
 0.0
 1.995071052949074
 0.0
 1.004928947050926
 0.0
 0.0
 0.0
 0.0
 0.0
 0.0
 0.0
 0.0
 0.0
 1.0302343194452548
 4.304205412251814
 0.0
 0.0
 0.0
 0.0
 0.0
 0.0
 0.0
 0.0
 0.0
 0.0
 0.0
 0.0
 0.0
 0.0
 0.0
 0.0
 0.0
 0.0
 0.0
 1.0112773613317192
 0.8404359160582039
 0.004928947050925883
 0.0
 0.0
 0.0
 0.0
 0.0
 0.0
 0.0
 1.8987195764990485
 1.0
 0.0
 0.0
 0.0
 0.0
 0.0
 0.0
 0.0
 0.0
 0.0
 0.0
 0.0
 0.0
 0.0
 0.6708118533750245
 2.0124355601250734
 0.0
 0.5601445097087896
 1.6804335291263688
 0.0
 0.0
 0.0
 0.0
 0.0
 0.0
 0.0
 0.0
 0.0
 0.0
 0.0
 0.0
 0.0
 0.7690436369161859
 2.3071309107485583
 0.0
 0.0
 0.0
 0.0
 0.0
 0.0
 0.0
 1.799715851100908
 0.9277622060291087
 0.2725219428699832
 0.0
 0.0
 0.0
 0.0
 0.0
 0.0
 0.0
 0.0
 0.0
 0.0
 0.0
 0.0
 0.0
 0.0
 3.953668031908049
 3.0765662875372066
 0.0
 0.0
 0.0
 0.545377493186229
 0.42438818736851536
 0.0
 0.0
 0.0
 0.0
 0.0
 0.0
 0.0
 0.0
 0.0
 0.0
 0.0
 0.0
 0.0
 0.0
 0.0
 0.0
 0.0
 0.0
 0.0
 0.0
 0.0
 0.0
 0.06917704991730611
 0.0
 0.0
 0.0
 0.0
 0.0
 0.5062813074432279
 0.25314065372161393
 0.0
 0.0
 1.4937186925567723
 0.7468593462783861
 0.0
 0.0
 0.0
 0.0
 0.0
 0.0
 0.0
 0.0
 0.0
 0.0
 0.0
 0.0
 0.0
 0.0
 2.0
 0.0
 0.0
 0.0
 0.33340115904217904
 0.0
 0.0
 0.0
 0.0
 0.0
 0.0
 0.0
 0.0
 0.0
 0.0
 0.0
 0.0
 0.0
 0.0
 0.0
 0.0
 1.666598840957821
 1.0
 0.33340115904217904
 0.0
 0.0
 0.0
 0.0
 0.0
 0.0
 0.0
 0.0
 0.0
 1.5603426461983134
 0.7801713230991569
 0.0
 0.4396573538016866
 0.2198286769008433
 0.0
 0.0
 0.0
 0.0
 0.0
 0.0
 0.0
 0.0
 0.0
 0.0
 0.0
 0.0
 0.0
 0.0
 0.419595467785838
 0.5635249279543999
 0.0
 0.0
 0.0
 0.0
 0.0
 0.0
 0.0
 0.0
 0.0
 0.0
 0.0
 0.0
 0.0
 0.0
 0.0
 0.0
 0.0
 0.0
 0.0
 0.0
 0.0
 0.0
 0.0
 0.0
 0.0
 0.0
 0.0
 0.0
 0.0
 0.0
 0.8989653675322208
 4.668786351111262
 0.0
 0.7651216909769233
x_ij_opt: 1-dimensional DenseAxisArray{Float64,1,...} with index sets:
    Dimension 1, [(43, 30), (43, 22), (43, 6), (44, 22), (45, 30), (45, 29), (45, 28), (45, 24), (45, 23), (40, 29)  …  (5, 7), (5, 14), (6, 4), (6, 3), (1, 14), (1, 10), (1, 23), (1, 1), (3, 2), (3, 1)]
And data, a 116-element Vector{Float64}:
 0.0
 0.0
 0.0
 0.0
 1.1010346324677793
 0.0
 1.5804045322141618
 0.0
 0.0
 0.997812489846559
 0.0
 0.0
 0.0
 0.0
 0.0
 0.0
 0.0
 0.0
 0.22042464879891452
 0.0
 0.0
 0.0
 0.0
 0.0
 0.0
 0.0
 0.0
 2.0
 0.0
 0.0
 0.0
 0.0
 0.0
 0.0
 0.0
 0.0
 0.0
 0.0
 0.0
 0.0
 0.0
 0.0
 0.0
 0.9697656805547452
 0.0
 0.0
 0.0
 0.0
 0.0
 0.0
 0.0
 0.0
 0.0
 0.0
 0.0
 0.666598840957821
 0.0
 1.500954474905722
 0.07223779397089125
 1.930822950082694
 0.0
 0.0
 0.0
 0.0
 6.0
 0.0
 0.0
 0.0
 0.0
 0.7795753512010855
 0.0
 0.0
 0.0
 0.0
 0.0
 0.0
 0.43647507204560004
 0.9887226386682807
 0.0
 0.0
 0.0
 0.0
 0.0
 0.0
 0.0
 0.0
 0.0
 0.10128042350095139
 0.0
 1.6957945877481881
 0.0
 0.0
 0.9920107680782532
 0.0
 0.0
 0.0
 0.0
 0.0
 0.0
 0.23487830902307674
 0.0
 0.0
 0.0
 0.0
 0.0
 0.20028414889909207
 0.0
 0.0
 0.0
 0.0
 0.0
 0.0
 0.0
 4.722549110079091
 0.0
 0.0
x_il_opt: 1-dimensional DenseAxisArray{Float64,1,...} with index sets:
    Dimension 1, [(43, 15), (43, 14), (44, 15), (44, 13), (44, 3), (40, 14), (40, 2), (41, 14), (42, 6), (37, 13)  …  (4, 13), (5, 2), (5, 7), (5, 9), (6, 11), (1, 1), (1, 6), (1, 3), (2, 1), (2, 15)]
And data, a 71-element Vector{Float64}:
 0.0
 0.0
 0.0
 2.3405139692974704
 5.334439731697069
 0.9831203957402379
 0.0
 0.0
 0.0
 0.6594860307025299
 0.0
 3.0
 0.0
 0.0
 2.683247413500098
 0.0
 0.0
 0.0
 7.030234319445256
 0.0
 0.0
 0.0
 3.0
 0.7594219611648418
 2.2405780388351584
 0.0
 0.9697656805547443
 0.0
 2.333401159042179
 0.06917704991730611
 1.3576306812060808
 0.0
 0.0
 0.0
 0.0
 0.0
 0.0
 0.0
 0.6423693187939192
 0.0
 0.0
 0.0
 2.8987195764990483
 0.0
 0.0
 2.2405780388351584
 0.0
 3.0
 0.0
 0.0
 0.0
 0.0
 0.0
 0.0
 1.8566422244408491
 0.0
 0.0
 0.0
 0.0
 0.0
 0.0
 0.0
 0.0
 0.0
 0.0
 0.0
 0.0
 3.076174547664744
 0.0
 0.0
 6.332873409620406
x_lj_opt: 1-dimensional DenseAxisArray{Float64,1,...} with index sets:
    Dimension 1, [(15, 30), (15, 29), (15, 23), (15, 3), (14, 28), (14, 27), (14, 10), (14, 24), (13, 26), (13, 25)  …  (3, 6), (3, 5), (3, 29), (2, 4), (2, 3), (2, 1), (2, 5), (1, 2), (1, 1), (1, 14)]
And data, a 53-element Vector{Float64}:
 0.8989653675322208
 4.668786351111262
 0.0
 0.7651216909769233
 0.4195954677858382
 0.5635249279543999
 0.0
 0.0
 2.0
 1.0000000000000002
 0.0
 1.666598840957821
 1.0000000000000002
 0.33340115904217904
 2.0
 0.0
 0.0
 0.0
 0.33340115904217904
 0.0
 0.0
 2.0
 1.0
 0.06917704991730611
 0.0
 0.0
 4.499045525094278
 3.500954474905722
 0.0
 0.0
 1.799715851100908
 0.9277622060291087
 0.2725219428699832
 2.0
 6.0
 0.0
 1.8987195764990485
 1.0
 0.0
 0.0
 1.0112773613317192
 0.8404359160582039
 0.004928947050925883
 1.0302343194452548
 4.304205412251812
 0.0
 1.995071052949074
 0.0
 1.004928947050926
 0.0
 2.0
 0.0
 0.0
q_opt: 1-dimensional DenseAxisArray{Float64,1,...} with index sets:
    Dimension 1, [(43, 15), (43, 14), (44, 15), (44, 13), (44, 3), (40, 14), (40, 2), (41, 14), (42, 6), (37, 13)  …  (4, 13), (5, 2), (5, 7), (5, 9), (6, 11), (1, 1), (1, 6), (1, 3), (2, 1), (2, 15)]
And data, a 71-element Vector{Float64}:
 0.0
 0.0
 0.0
 0.7801713230991567
 1.0
 1.0
 0.0
 0.0
 0.0
 0.2198286769008433
 0.0
 0.9999999999999999
 0.0
 0.0
 0.33540592668751223
 0.0
 0.0
 0.0
 0.878779289930657
 0.0
 0.0
 0.0
 1.0
 0.25314065372161393
 0.2800722548543948
 0.0
 0.12122071006934299
 0.0
 1.0
 1.0
 0.6788153406030404
 0.0
 0.0
 0.0
 0.0
 0.0
 0.0
 0.0
 0.3211846593969596
 0.0
 0.0
 0.0
 1.0
 0.0
 0.0
 0.7468593462783861
 0.0
 1.0
 0.0
 0.0
 0.0
 0.0
 0.0
 0.0
 1.0
 0.0
 0.0
 0.0
 0.0
 0.0
 0.0
 0.0
 0.0
 0.0
 0.0
 0.0
 0.0
 0.38452181845809297
 0.0
 0.0
 1.0

