objective value: -621.559201555
objective bound: -621.621363691
termination status: OPTIMAL
BARON solution time: 679.29


w_opt: 1-dimensional DenseAxisArray{Float64,1,...} with index sets:
    Dimension 1, [(25, 1, 2), (25, 1, 1), (25, 1, 14), (20, 1, 2), (20, 1, 1), (20, 1, 14), (1, 1, 2), (1, 1, 1), (1, 1, 14), (2, 1, 2)  …  (20, 15, 23), (20, 15, 3), (8, 15, 30), (8, 15, 29), (8, 15, 23), (8, 15, 3), (2, 15, 30), (2, 15, 29), (2, 15, 23), (2, 15, 3)]
And data, a 261-element Vector{Float64}:
 1.247349081717529
 1.752650918180822
 0.0
 0.7526509182240314
 1.05755024173233
 0.0
 0.0
 0.0
 0.0
 0.0
 0.0
 0.0
 0.0
 0.0
 0.0
 0.0
 1.9999999998192382
 0.0
 0.0
 1.0000000005095078
 0.0
 0.0
 0.0
 0.0
 0.0
 0.0
 0.0
 0.0
 0.0
 2.74615629814378
 1.0004278691396744
 0.0
 0.0
 0.0
 0.0
 0.0
 0.0
 0.0
 0.0
 0.0
 0.0
 2.253843701781324
 0.8210778292085803
 0.1779376974646769
 0.689755500922337
 0.0
 0.0
 0.0
 0.0
 0.836182413588983
 3.241367218779556
 0.0
 0.0
 0.0
 0.0
 0.0
 0.0
 0.0
 0.0
 1.923464842184048
 0.9999999999778381
 0.0
 0.0
 0.0
 0.0
 0.0
 0.0
 0.0
 0.0
 0.0
 0.0
 0.7500000000088725
 2.2499999999255187
 0.0
 0.0
 0.0
 0.0
 0.5693433519253291
 1.7080300556899157
 0.0
 0.0
 0.0
 0.0
 0.0
 0.0
 0.0
 0.0
 0.0
 0.0
 0.0
 0.0
 0.0
 0.6806566481316118
 2.0419699443114046
 0.0
 0.0
 0.0
 0.0
 0.0
 0.0
 0.0
 1.9999999999148272
 0.9225282066440914
 0.07747179292873507
 0.0
 0.0
 0.0
 0.0
 0.0
 0.0
 0.0
 0.0
 0.0
 0.0
 0.0
 0.0
 0.0
 0.0
 4.3845519220430225
 1.404904123438465
 0.0
 0.05661318362099267
 0.0
 1.6154480786640593
 0.5176240827537808
 0.0
 0.020858610037925402
 0.0
 0.0
 0.0
 0.0
 0.0
 0.0
 0.0
 0.0
 0.0
 0.0
 0.0
 0.0
 0.0
 0.0
 0.0
 0.0
 0.0
 0.0
 0.0
 0.0
 0.0
 0.0
 0.0
 0.0
 0.14139814971145295
 0.0
 0.481751061964287
 0.24087553085442256
 0.0
 0.0
 1.5182489382282252
 0.7591244687094032
 0.0
 0.0
 0.0
 0.0
 0.0
 0.0
 0.0
 0.0
 0.0
 0.0
 0.0
 0.0
 0.0
 0.0
 1.9999999999089035
 0.0
 0.0
 0.0
 0.8536509259670623
 0.0
 0.0
 0.0
 0.0
 0.0
 0.0
 0.0
 0.0
 0.0
 0.0
 0.0
 0.0
 0.0
 0.0
 0.0
 0.0
 1.1463490747707965
 0.9348007067107267
 0.918850218778725
 0.0
 0.0
 0.0
 0.0
 0.0
 0.0
 0.0
 0.0
 0.0
 1.3896932691669945
 0.6948466337259779
 0.0
 0.6103067310978105
 0.30515336517248964
 0.0
 0.0
 0.0
 0.0
 0.0
 0.0
 0.0
 0.0
 0.0
 0.0
 0.15248347771976525
 0.7230459970137876
 0.0
 0.0
 0.05840694303965223
 0.2769539821238372
 0.0
 0.0
 0.0
 0.0
 0.0
 0.0
 0.0
 1.3307083343279314e-8
 0.0
 0.0
 0.0
 0.0
 0.0
 0.0
 0.0
 0.0
 0.0
 0.0
 0.0
 0.0
 0.0
 0.0
 0.161206847806595
 0.020928202137477186
 0.0
 0.08060342390177028
 0.0
 0.0
 0.0
 0.0
 1.8387931524304741
 0.23871588152627213
 0.0
 0.9193965761949086
x_ij_opt: 1-dimensional DenseAxisArray{Float64,1,...} with index sets:
    Dimension 1, [(43, 30), (43, 22), (43, 6), (44, 22), (45, 30), (45, 29), (45, 28), (45, 24), (45, 23), (40, 29)  …  (5, 7), (5, 14), (6, 4), (6, 3), (1, 14), (1, 10), (1, 23), (1, 1), (3, 2), (3, 1)]
And data, a 116-element Vector{Float64}:
 0.0
 0.0
 1.529665324329177
 0.0
 0.0
 0.0
 1.7891095767181995
 0.0
 0.0
 0.0
 0.0
 0.0
 0.0
 0.0
 0.0
 0.0
 0.0
 0.0
 0.27089992069977253
 0.0
 0.975074464377579
 0.0
 0.0
 0.0
 0.0
 0.0
 0.0
 1.9999999995067441
 0.0
 3.0
 0.0
 0.0
 0.0
 0.0
 0.0
 0.0
 0.0
 0.0
 0.0
 0.0
 0.0
 0.0
 0.0
 0.4703346760830438
 0.0
 0.0
 0.0
 0.0
 0.0
 0.0
 0.0
 0.0
 0.0
 0.0
 0.0
 0.14634907400954306
 0.0
 0.0
 0.0
 1.8586018500520858
 0.0
 0.0
 0.0
 0.0
 6.0
 0.0
 0.0
 0.0
 0.0
 0.7291000794962461
 0.0
 0.0
 0.0
 0.0
 0.0
 0.0
 0.0
 0.9858798889238191
 0.0
 0.0
 0.0
 0.0
 0.0
 0.0
 0.0
 0.0
 0.0
 0.07653515858471269
 0.0
 0.0
 0.0
 0.0
 0.0
 0.0
 0.0
 0.0
 0.0
 0.0
 0.0
 0.0
 0.0
 0.0
 0.0
 0.0
 0.0
 0.0
 0.0
 0.0
 0.0
 0.0
 0.0
 0.0
 0.06519929378057036
 2.1372525836674416
 0.0
 0.0
x_il_opt: 1-dimensional DenseAxisArray{Float64,1,...} with index sets:
    Dimension 1, [(43, 15), (43, 14), (44, 15), (44, 13), (44, 3), (40, 14), (40, 2), (41, 14), (42, 6), (37, 13)  …  (4, 13), (5, 2), (5, 7), (5, 9), (6, 11), (1, 1), (1, 6), (1, 3), (2, 1), (2, 15)]
And data, a 71-element Vector{Float64}:
 0.0
 0.8755294746002997
 0.0
 2.0845399032361556
 3.746584167331277
 0.3353609251065663
 0.0
 0.0
 2.9999999999361098
 0.9154600964215426
 0.0
 3.0
 0.0
 0.0
 0.0
 0.0
 0.0
 0.0
 5.846069229059982
 0.0
 0.8676931983837638
 1.6114040938026382e-8
 3.0
 0.7226265928187029
 2.2773734076208663
 0.0
 2.1539307714459124
 0.0
 2.8536509266954413
 0.0
 2.9999999998506905
 0.0
 0.0
 0.0
 0.0
 0.0
 0.0
 0.0
 1.8102011599252725
 0.2627384738382462
 0.0
 0.0
 2.9234648424867737
 0.0
 0.0
 2.2773734069376252
 0.0
 2.999999999487969
 0.0
 0.0
 0.0
 0.0
 0.0
 0.0
 4.077549632362902
 0.0
 0.0
 0.0
 0.0
 0.0
 0.0
 0.0
 0.0
 0.0
 0.14139814965572814
 0.0
 0.0
 2.722626592440389
 3.074921531028809
 0.0
 2.9969056100818996
x_lj_opt: 1-dimensional DenseAxisArray{Float64,1,...} with index sets:
    Dimension 1, [(15, 30), (15, 29), (15, 23), (15, 3), (14, 28), (14, 27), (14, 10), (14, 24), (13, 26), (13, 25)  …  (3, 6), (3, 5), (3, 29), (2, 4), (2, 3), (2, 1), (2, 5), (1, 2), (1, 1), (1, 14)]
And data, a 53-element Vector{Float64}:
 2.0
 0.2596440836557421
 0.0
 1.0
 0.2108904235918183
 0.9999999925692792
 0.0
 0.0
 2.0
 0.9999999988494024
 0.0
 1.1463490746862477
 0.9348007066419239
 0.9188502187111117
 1.999999999979634
 0.0
 0.0
 0.0
 0.8536509259972522
 0.0
 0.0
 2.0
 0.9999999995525287
 0.14139815026790126
 0.0
 0.0
 6.0
 1.9225282061162627
 0.0
 0.07747179366367174
 2.0
 0.9225282067482312
 0.07747179293814994
 2.0
 6.0
 0.0
 1.9234648420282043
 0.9999999999032544
 0.0
 0.0
 1.0141201112837348
 3.9311227205925396
 0.0
 0.0
 5.000000000269247
 1.8215056984734395
 1.9999999997091031
 0.0
 0.0
 1.000000000455274
 1.999999999901907
 2.810201159857537
 0.0
q_opt: 1-dimensional DenseAxisArray{Float64,1,...} with index sets:
    Dimension 1, [(43, 15), (43, 14), (44, 15), (44, 13), (44, 3), (40, 14), (40, 2), (41, 14), (42, 6), (37, 13)  …  (4, 13), (5, 2), (5, 7), (5, 9), (6, 11), (1, 1), (1, 6), (1, 3), (2, 1), (2, 15)]
And data, a 71-element Vector{Float64}:
 0.0
 0.7230460023865276
 0.0
 0.694846634525847
 0.5492312595991833
 0.27695398418179445
 0.0
 0.0
 0.374999999982335
 0.3051533655234554
 0.0
 1.0
 0.0
 0.0
 0.0
 0.0
 0.0
 0.0
 0.730758653620589
 0.0
 0.1754601801946299
 1.3307052592962266e-8
 1.0
 0.2408755309611534
 0.2846716759437502
 0.0
 0.26924134642360953
 0.0
 0.9999999999646028
 0.0
 0.6236745408893223
 0.0
 0.0
 0.0
 0.0
 0.0
 0.0
 0.0
 0.3763254591304443
 0.08060342389574664
 0.0
 0.0
 1.0
 0.0
 0.0
 0.7591244690501693
 0.0
 0.9999999998880613
 0.0
 0.0
 0.0
 0.0
 0.0
 0.0
 0.8245398195788245
 0.0
 0.0
 0.0
 0.0
 0.0
 0.0
 0.0
 0.0
 0.0
 0.999999996060148
 0.0
 0.0
 0.34032832404790303
 0.45076874033200337
 0.0
 0.9193965761307044

