objective value: -615.571735806
objective bound: -630.401524235
termination status: TIME_LIMIT
BARON solution time: 7226.04


w_opt: 1-dimensional DenseAxisArray{Float64,1,...} with index sets:
    Dimension 1, [(25, 1, 2), (25, 1, 1), (25, 1, 14), (20, 1, 2), (20, 1, 1), (20, 1, 14), (1, 1, 2), (1, 1, 1), (1, 1, 14), (2, 1, 2)  …  (20, 15, 23), (20, 15, 3), (8, 15, 30), (8, 15, 29), (8, 15, 23), (8, 15, 3), (2, 15, 30), (2, 15, 29), (2, 15, 23), (2, 15, 3)]
And data, a 261-element Vector{Float64}:
 1.3269213568222142
 1.6730786434795595
 0.0
 0.6730786432731292
 0.8486663491022195
 0.0
 0.0
 0.0
 0.0
 0.0
 0.0
 0.0
 0.0
 0.0
 0.0
 0.0
 0.23543483476162277
 0.0
 0.0
 2.7645651653735115
 0.0
 0.0
 0.0
 0.0
 0.0
 0.0
 0.0
 0.0
 0.0
 1.3104008796238484
 0.7065106289628118
 0.0
 0.0
 0.0
 0.0
 0.0
 0.0
 0.0
 0.0
 0.0
 0.0
 1.9250339553561668
 1.037893801597386
 0.3794331228534015
 1.4803077880601003
 0.0963063691275261
 0.0
 0.0
 0.0
 0.6806145920749606
 2.6553271726532723
 0.17275118114309512
 0.0
 0.0
 0.0
 0.0
 0.0
 0.0
 0.0
 2.0
 0.9999999998812104
 0.0
 0.0
 0.0
 0.0
 0.0
 0.0
 0.0
 0.0
 0.0
 0.0
 0.362753571699759
 1.0882607150364227
 0.0
 0.7500000002153311
 2.250000000492334
 0.0
 0.46437677255912685
 1.3931303175910366
 0.0
 0.0
 0.0
 0.0
 0.0
 0.0
 0.0
 0.0
 0.0
 0.0
 0.0
 0.0
 0.0
 0.4228696557656591
 1.2686089672202652
 0.0
 0.0
 0.0
 0.0
 0.0
 0.0
 0.0
 1.872597710827771
 0.7773129606257019
 0.35008932863851766
 0.0
 0.0
 0.0
 0.0
 0.0
 0.0
 0.0
 0.0
 0.0
 0.0
 0.0
 0.0
 0.0
 0.0
 4.488174309746989
 1.3294817274723307
 0.0
 0.1665763751621631
 0.0
 1.5118256908493484
 0.447831232065951
 0.0
 0.056110664598797454
 0.0
 0.0
 0.0
 0.0
 0.0
 0.0
 0.0
 0.0
 0.0
 0.0
 0.0
 0.0
 0.0
 0.0
 0.0
 0.0
 0.0
 0.0
 0.0
 0.0
 0.0
 0.0
 0.0
 0.0
 0.13959971714775193
 0.0
 0.7616619403882237
 0.38083096983064346
 0.0
 0.0
 1.2383380598256812
 0.6191690293238864
 0.0
 0.0
 0.0
 0.0
 0.0
 0.0
 0.0
 0.0
 0.0
 0.0
 0.0
 0.0
 0.0
 0.0
 1.999999999861338
 0.0
 0.0
 0.0
 0.9129479189326307
 0.0
 0.0
 0.0
 0.0
 0.0
 0.0
 0.0
 0.0
 0.0
 0.0
 0.0
 0.0
 0.0
 0.0
 0.0
 0.0
 1.0870520815401847
 0.9099743491907123
 1.0029735695670852
 0.0
 0.0
 0.0
 0.0
 0.0
 0.0
 0.0
 0.0
 0.0
 1.5490833493930176
 0.7745416740607491
 0.0
 0.4509166510372257
 0.22545832532501103
 0.0
 0.0
 0.0
 0.0
 0.0
 0.0
 0.0
 0.0
 0.0
 0.0
 0.0
 0.0
 0.0
 0.0
 0.623819089817942
 0.6235036828094174
 0.0
 0.0
 0.0
 0.0
 0.0
 0.0
 0.0
 0.0
 0.0
 0.0
 0.0
 0.0
 0.0
 0.0
 0.0
 0.0
 0.0
 0.0
 0.0
 0.0
 0.0
 0.0
 0.0
 0.0
 0.0
 0.0
 0.0
 0.0
 0.0
 0.0
 1.3808999756100362
 3.2526220010659004
 0.0
 1.0
x_ij_opt: 1-dimensional DenseAxisArray{Float64,1,...} with index sets:
    Dimension 1, [(43, 30), (43, 22), (43, 6), (44, 22), (45, 30), (45, 29), (45, 28), (45, 24), (45, 23), (40, 29)  …  (5, 7), (5, 14), (6, 4), (6, 3), (1, 14), (1, 10), (1, 23), (1, 1), (3, 2), (3, 1)]
And data, a 116-element Vector{Float64}:
 0.0
 0.0
 1.4209395321740226
 0.0
 0.6191000248068514
 0.0
 1.376180909739351
 0.0
 0.0
 0.0
 0.0
 0.0
 0.0
 0.0
 0.0
 0.0
 0.0
 0.0
 0.21231515109071664
 0.0
 0.0
 0.0
 0.0
 0.0
 0.0
 0.0
 0.0
 1.9999999991490462
 0.0
 0.0
 0.0
 0.0
 0.0
 0.0
 0.0
 0.0
 0.0
 0.0
 0.0
 0.0
 0.0
 0.0
 0.0
 0.5790604684355373
 0.0
 0.0
 0.0
 0.0
 0.0
 0.0
 0.0
 0.0
 0.0
 0.0
 0.0
 0.08705208030073759
 0.0
 0.0
 0.0
 1.8604002826174306
 0.0
 0.0
 0.0
 0.0
 6.0
 0.0
 0.0
 0.0
 0.0
 0.7876848491783185
 0.0
 0.0
 0.0
 0.0
 0.0
 0.0
 0.37649631647835136
 0.9399522852349687
 0.0
 0.0
 0.0
 0.0
 0.0
 0.0
 0.0
 0.0
 0.0
 0.0
 0.0
 0.0
 0.0
 0.0
 0.0
 0.0
 0.0
 0.0
 0.0
 0.0
 0.0
 0.0
 0.0
 0.0
 0.0
 0.0
 0.0
 0.0
 0.0
 0.0
 1.4955076151196476
 0.0
 0.12740228981964546
 0.0
 0.0900256513383867
 3.1281656798055364
 0.0
 0.0
x_il_opt: 1-dimensional DenseAxisArray{Float64,1,...} with index sets:
    Dimension 1, [(43, 15), (43, 14), (44, 15), (44, 13), (44, 3), (40, 14), (40, 2), (41, 14), (42, 6), (37, 13)  …  (4, 13), (5, 2), (5, 7), (5, 9), (6, 11), (1, 1), (1, 6), (1, 3), (2, 1), (2, 15)]
And data, a 71-element Vector{Float64}:
 0.0
 0.0
 0.0
 2.3236250238717515
 2.0169115086631075
 1.247322772842358
 0.0
 0.0
 1.4510142868092817
 0.6763749765556755
 0.0
 3.0
 0.0
 0.0
 3.0
 0.0
 0.0
 0.0
 5.984232412713362
 0.0
 1.956047280041028
 0.0
 3.0
 1.1424929102188672
 1.8575070902191664
 0.0
 2.0157675878411077
 0.0
 2.912947920571683
 0.0
 3.0
 0.0
 0.0
 0.0
 0.0
 0.0
 0.0
 0.0
 1.5217449924206845
 0.0
 0.0
 0.0
 3.0
 0.0
 0.0
 1.8575070891495677
 0.0
 3.0
 0.0
 0.0
 0.0
 0.0
 0.0
 0.0
 3.508692945871328
 0.0
 0.0
 0.0
 0.0
 0.0
 0.0
 0.0
 0.0
 0.0
 0.13959971717269565
 0.0
 0.0
 1.6914786230565815
 2.96292775701894
 0.0
 5.633521976788086
x_lj_opt: 1-dimensional DenseAxisArray{Float64,1,...} with index sets:
    Dimension 1, [(15, 30), (15, 29), (15, 23), (15, 3), (14, 28), (14, 27), (14, 10), (14, 24), (13, 26), (13, 25)  …  (3, 6), (3, 5), (3, 29), (2, 4), (2, 3), (2, 1), (2, 5), (1, 2), (1, 1), (1, 14)]
And data, a 53-element Vector{Float64}:
 1.3808999754751745
 3.2526220007433837
 0.0
 0.9999999999780058
 0.6238190905979241
 0.6235036835890039
 0.0
 0.0
 2.0
 0.9999999992781685
 0.0
 1.087052081444121
 0.9099743491120477
 1.0029735694792639
 2.0
 0.0
 0.0
 0.0
 0.9129479189901585
 0.0
 0.0
 2.0
 0.9999999991311882
 0.13959971770557816
 0.0
 0.0
 6.0
 1.7773129595823087
 0.0
 0.22268703975431872
 1.8725977107398448
 0.7773129605956618
 0.35008932863320724
 2.0
 5.999999999972307
 0.0
 2.0
 0.9999999998551021
 0.0
 0.0
 1.060047714945695
 4.135634960790371
 0.2690575502736027
 0.0
 3.235434835471364
 1.7444044308117685
 0.2354348348276048
 0.0
 0.0
 2.7645651651668346
 1.9999999999737015
 2.5217449924357362
 0.0
q_opt: 1-dimensional DenseAxisArray{Float64,1,...} with index sets:
    Dimension 1, [(43, 15), (43, 14), (44, 15), (44, 13), (44, 3), (40, 14), (40, 2), (41, 14), (42, 6), (37, 13)  …  (4, 13), (5, 2), (5, 7), (5, 9), (6, 11), (1, 1), (1, 6), (1, 3), (2, 1), (2, 15)]
And data, a 71-element Vector{Float64}:
 0.0
 0.0
 0.0
 0.774541674645028
 0.40501538317571933
 0.9999999987491716
 0.0
 0.0
 0.18137678584053146
 0.22545832551147396
 0.0
 1.0
 0.0
 0.0
 0.3750000000849624
 0.0
 0.0
 0.0
 0.7480290515798431
 0.0
 0.3579396639440041
 0.0
 1.0
 0.3808309701665644
 0.23218838626679564
 0.0
 0.2519709484650173
 0.0
 0.9999999999290142
 0.0
 0.6634606784192283
 0.0
 0.0
 0.0
 0.0
 0.0
 0.0
 0.0
 0.3365393216403869
 0.0
 0.0
 0.0
 1.0
 0.0
 0.0
 0.6191690298669285
 0.0
 1.0
 0.0
 0.0
 0.0
 0.0
 0.0
 0.0
 0.6420603360375128
 0.0
 0.0
 0.0
 0.0
 0.0
 0.0
 0.0
 0.0
 0.0
 0.9999999960037393
 0.0
 0.0
 0.21143482787146795
 0.5949846166752943
 0.0
 1.0

