objective value: -615.354175584
objective bound: -629.106885557
termination status: TIME_LIMIT
BARON solution time: 7226.67


w_opt: 1-dimensional DenseAxisArray{Float64,1,...} with index sets:
    Dimension 1, [(25, 1, 2), (25, 1, 1), (25, 1, 14), (20, 1, 2), (20, 1, 1), (20, 1, 14), (1, 1, 2), (1, 1, 1), (1, 1, 14), (2, 1, 2)  …  (20, 15, 23), (20, 15, 3), (8, 15, 30), (8, 15, 29), (8, 15, 23), (8, 15, 3), (2, 15, 30), (2, 15, 29), (2, 15, 23), (2, 15, 3)]
And data, a 261-element Vector{Float64}:
 1.0516181935520743
 0.8456873168119174
 0.0
 0.94838180677537
 0.7626669740053974
 0.0
 0.0
 0.0
 0.0
 0.0
 0.0
 0.0
 0.0
 0.0
 0.0
 0.0
 1.903732299936152
 0.0
 0.0
 1.0962677002362626
 0.0
 0.0
 0.0
 0.0
 0.0
 0.0
 0.0
 0.0
 0.0
 0.3771522974319968
 0.17926634301131325
 0.0
 0.0
 0.0
 0.0
 4.5265800034737795
 2.1515537598244
 0.0
 0.0
 0.0
 0.0
 0.0
 0.0
 0.0
 0.0
 0.0
 0.0
 0.0
 0.0
 1.0706531219309439
 0.1937462902935981
 0.09626770044495757
 0.0
 0.0
 0.0
 0.0
 0.0
 0.0
 0.0
 2.0
 0.9999999999827784
 0.0
 0.0
 0.0
 0.0
 0.0
 0.0
 0.0
 0.0
 0.0
 0.0
 0.0
 0.0
 0.0
 0.5599308301106015
 1.679792490234661
 0.0
 0.5366317845327575
 1.6098953535086158
 0.0
 0.0
 0.0
 0.0
 0.0
 0.0
 0.0
 0.0
 0.0
 0.0
 0.0
 0.0
 0.0
 0.9034373855966651
 2.710312156582317
 0.0
 0.0
 0.0
 0.0
 0.0
 0.0
 0.0
 2.0
 0.9001512190507899
 0.09984878084756912
 0.0
 0.0
 0.0
 0.0
 0.0
 0.0
 0.0
 0.0
 0.0
 0.0
 0.0
 0.0
 0.0
 0.0
 3.3770926653057245
 2.0293326198951016
 0.0
 0.0
 0.0
 1.620061627407195
 0.9735130872756428
 0.0
 0.0
 0.0
 0.0
 0.0
 0.0
 0.0
 0.0
 0.0
 0.0
 0.0
 0.0
 0.0
 0.0
 0.0
 0.0
 0.0
 0.0
 0.0
 0.0
 0.0
 0.0
 0.0
 0.0
 0.0
 0.0
 0.007461626302053277
 0.0
 0.5689819082543445
 0.28449095407552394
 0.0
 0.0
 1.431018092028098
 0.7155090458843272
 0.0
 0.0
 0.0
 0.0
 0.0
 0.0
 0.0
 0.0
 0.0
 0.0
 0.0
 0.0
 0.0
 0.0
 1.554746634329034
 0.0
 0.0
 0.0
 0.5307066092374055
 0.0
 0.0
 0.0
 0.0
 0.0
 0.0
 0.0
 0.0
 0.0
 0.0
 0.0
 0.0
 0.0
 0.0
 0.0
 0.0
 1.469293391720065
 0.9055464709552737
 0.6251601376924728
 0.0
 0.0
 0.0
 0.0
 0.0
 0.0
 0.0
 0.0
 0.0
 1.4241254931156284
 0.7120627461036695
 0.0
 0.5758745073687854
 0.2879372534907795
 0.0
 0.0
 0.0
 0.0
 0.0
 0.0
 0.0
 0.0
 0.0
 0.0
 0.0
 0.0
 0.0
 0.0
 0.4624613922096228
 0.8336160797521698
 0.0
 0.0
 0.0
 0.0
 0.0
 0.0
 0.0
 0.0
 0.0
 0.0
 0.0
 0.0
 0.0
 0.0
 0.0
 0.0
 0.0
 0.0
 0.0
 0.0
 0.0
 0.0
 0.0
 0.0
 0.0
 0.0
 0.0
 0.0
 0.0
 0.0
 1.0446327340711834
 3.044019761020166
 0.0
 1.0
x_ij_opt: 1-dimensional DenseAxisArray{Float64,1,...} with index sets:
    Dimension 1, [(43, 30), (43, 22), (43, 6), (44, 22), (45, 30), (45, 29), (45, 28), (45, 24), (45, 23), (40, 29)  …  (5, 7), (5, 14), (6, 4), (6, 3), (1, 14), (1, 10), (1, 23), (1, 1), (3, 2), (3, 1)]
And data, a 116-element Vector{Float64}:
 0.0
 0.44525336638646923
 1.4694067539604605
 0.0
 0.9553672663236886
 0.0
 1.5375386079241127
 0.0
 0.0
 0.0
 0.0
 0.0
 0.0
 0.0
 0.0
 0.0
 0.0
 0.0
 0.25814261336386884
 0.0
 0.0
 0.0
 0.0
 0.0
 0.0
 0.0
 0.0
 1.9999999999105675
 0.0
 0.0
 0.0
 0.0
 0.0
 0.0
 0.0
 0.0
 0.0
 0.0
 0.0
 0.0
 0.0
 0.0
 0.0
 0.5305932468056163
 0.0
 0.0
 0.0
 0.0
 0.0
 0.0
 0.0
 0.0
 0.0
 0.0
 0.0
 0.9145467556424376
 0.0
 1.0028457085071543
 0.09984878153059572
 1.99253837378599
 0.0
 0.0
 0.0
 0.0
 6.0
 0.0
 0.0
 0.0
 0.0
 0.7418573869854567
 0.0
 0.0
 0.0
 0.0
 0.0
 0.0
 0.16638392005948222
 0.9293468783487456
 0.0
 0.0
 0.0
 0.0
 0.0
 0.0
 0.0
 0.0
 0.0
 0.0
 0.0
 0.0
 0.0
 0.0
 1.8888612462298935
 0.0
 0.0
 0.0
 0.0
 0.0
 0.0
 0.0
 0.0
 0.0
 0.0
 0.0
 0.0
 0.0
 0.0
 0.0
 0.0
 0.0
 0.0
 0.0
 0.09445352960534188
 4.291796929494797
 0.0
 0.0
x_il_opt: 1-dimensional DenseAxisArray{Float64,1,...} with index sets:
    Dimension 1, [(43, 15), (43, 14), (44, 15), (44, 13), (44, 3), (40, 14), (40, 2), (41, 14), (42, 6), (37, 13)  …  (4, 13), (5, 2), (5, 7), (5, 9), (6, 11), (1, 1), (1, 6), (1, 3), (2, 1), (2, 15)]
And data, a 71-element Vector{Float64}:
 0.0
 0.0
 0.0
 2.1361882395280194
 0.5564186405380264
 1.2960774721664128
 0.0
 0.0
 0.0
 0.8638117610457225
 0.0
 3.0
 0.0
 0.0
 2.2397233204463407
 0.0
 0.0
 0.0
 5.406425285705724
 0.0
 0.0
 0.0
 3.0
 0.8534728623298684
 2.1465271381434694
 0.0
 2.5935747151269153
 0.0
 2.085453245227804
 0.0
 1.8973055103816212
 0.0
 0.0
 0.0
 0.0
 0.0
 0.0
 0.0
 1.711048780803217
 0.0
 0.0
 0.0
 3.0
 0.0
 0.0
 2.1465271379124253
 0.0
 3.0
 0.0
 0.0
 0.0
 0.0
 0.0
 0.0
 1.3606671126694994
 0.0
 0.0
 6.678133763336795
 0.0
 0.0
 0.0
 0.0
 0.0
 0.0
 0.0074616263100129995
 0.0
 0.0
 3.613749542265128
 0.0
 0.0
 5.0886524951952055
x_lj_opt: 1-dimensional DenseAxisArray{Float64,1,...} with index sets:
    Dimension 1, [(15, 30), (15, 29), (15, 23), (15, 3), (14, 28), (14, 27), (14, 10), (14, 24), (13, 26), (13, 25)  …  (3, 6), (3, 5), (3, 29), (2, 4), (2, 3), (2, 1), (2, 5), (1, 2), (1, 1), (1, 14)]
And data, a 53-element Vector{Float64}:
 1.0446327339684793
 3.0440197607185087
 0.0
 0.9999999999930035
 0.46246139244918477
 0.8336160801828472
 0.0
 0.0
 2.0
 0.999999999482325
 0.0
 1.4692933915893307
 0.9055464708771016
 0.6251601376458961
 1.5547466341805247
 0.0
 0.0
 0.0
 0.5307066091857578
 0.0
 0.0
 2.0
 0.9999999999198869
 0.0074616265868863866
 0.0
 0.0
 4.997154292349794
 3.002845707035297
 0.0
 0.0
 2.0
 0.9001512190595475
 0.09984878086736051
 2.0
 5.99999999990232
 0.0
 2.0
 0.9999999999457498
 0.0
 0.0
 1.07065312192397
 0.19374629029185875
 0.09626770044379346
 0.0
 4.903732300643915
 2.330820102709001
 1.9037322998303974
 0.0
 0.0
 1.0962677002084253
 2.0
 1.6083542906755888
 0.0
q_opt: 1-dimensional DenseAxisArray{Float64,1,...} with index sets:
    Dimension 1, [(43, 15), (43, 14), (44, 15), (44, 13), (44, 3), (40, 14), (40, 2), (41, 14), (42, 6), (37, 13)  …  (4, 13), (5, 2), (5, 7), (5, 9), (6, 11), (1, 1), (1, 6), (1, 3), (2, 1), (2, 15)]
And data, a 71-element Vector{Float64}:
 0.0
 0.0
 0.0
 0.712062746501876
 0.07691127376239504
 0.9999999994816048
 0.0
 0.0
 0.0
 0.2879372536669357
 0.0
 1.0
 0.0
 0.0
 0.2799654150438178
 0.0
 0.0
 0.0
 0.6758031607044238
 0.0
 0.0
 0.0
 1.0
 0.284490954100881
 0.2683158922559498
 0.0
 0.3241968393745222
 0.0
 1.0
 2.506808442503894e-8
 0.5258090967349023
 0.0
 1.3129406994760144e-8
 0.0
 0.0
 0.0
 0.0
 0.0
 0.47419090335062786
 0.0
 0.0
 0.0
 1.0
 0.0
 0.0
 0.7155090459505922
 0.0
 1.0
 0.0
 0.0
 0.0
 0.0
 0.0
 0.0
 1.0
 0.0
 0.0
 0.9230887262911387
 0.0
 0.0
 0.0
 0.0
 0.0
 0.0
 0.9999999618025093
 0.0
 0.0
 0.4517186927712712
 0.0
 0.0
 1.0

