objective value: -624.07641624
objective bound: -624.138830108
termination status: OPTIMAL
BARON solution time: 5695.05


w_opt: 1-dimensional DenseAxisArray{Float64,1,...} with index sets:
    Dimension 1, [(25, 1, 2), (25, 1, 1), (25, 1, 14), (20, 1, 2), (20, 1, 1), (20, 1, 14), (1, 1, 2), (1, 1, 1), (1, 1, 14), (2, 1, 2)  …  (20, 15, 23), (20, 15, 3), (8, 15, 30), (8, 15, 29), (8, 15, 23), (8, 15, 3), (2, 15, 30), (2, 15, 29), (2, 15, 23), (2, 15, 3)]
And data, a 261-element Vector{Float64}:
 1.6521480124586125
 0.0
 0.0
 0.3478519878160285
 0.0
 0.0
 0.0
 0.0
 0.0
 0.0
 0.0
 0.0
 0.0
 0.0
 0.0
 0.0
 1.9725180568000185
 0.0
 0.14199350017865314
 0.8854884434340562
 0.0
 0.0
 0.0
 0.0
 0.0
 0.0
 0.0
 0.0
 0.0
 0.8728232945335578
 0.40354241153263126
 0.0
 0.0
 0.0
 0.0
 4.241688263232647
 1.961108418449925
 0.0
 0.0
 0.0
 0.0
 0.0
 0.0
 0.0
 0.0
 0.0
 0.0
 0.0
 0.0
 1.084537594162755
 0.0
 0.027481943747208432
 0.0
 0.0
 0.0
 0.0
 0.0
 0.0
 0.0
 1.8908355260655507
 1.0
 0.0
 0.0
 0.0
 0.0
 0.0
 0.0
 0.0
 0.0
 0.0
 0.0
 0.05842462379471602
 0.17527387135003303
 0.0
 0.7500000000758552
 2.2500000002743947
 0.0
 0.525171598627948
 1.5755147958986446
 0.0
 0.0
 0.0
 0.0
 0.0
 0.0
 0.0
 0.0
 0.0
 0.0
 0.0
 0.0
 0.0
 0.6664037777889176
 1.9992113334015513
 0.0
 0.0
 0.0
 0.0
 0.0
 0.0
 0.0
 1.608458300006365
 0.8679200894701172
 0.5236216108144105
 0.0
 0.0
 0.0
 0.0
 0.0
 0.0
 0.0
 0.0
 0.0
 0.0
 0.0
 0.0
 0.0
 0.0
 3.181527153304415
 2.138498905698896
 0.0
 0.0
 0.0
 1.6027007712643324
 1.0772731711439545
 0.0
 0.0
 0.0
 0.0
 0.0
 0.0
 0.0
 0.0
 0.0
 0.0
 0.0
 0.0
 0.0
 0.0
 0.0
 0.0
 0.0
 0.0
 0.0
 0.0
 0.0
 0.0
 0.0
 0.0
 0.0
 0.0
 0.1001893707780138
 0.0
 0.5995424040314524
 0.2997712019779484
 0.0
 0.0
 1.4004575962420196
 0.7002287980261142
 0.0
 0.0
 0.0
 0.0
 0.0
 0.0
 0.0
 0.0
 0.0
 0.0
 0.0
 0.0
 0.0
 0.0
 2.0
 0.0
 0.0
 0.0
 0.36788676207431237
 0.0
 0.0
 0.0
 0.0
 0.0
 0.0
 0.0
 0.0
 0.0
 0.0
 0.0
 0.0
 0.0
 0.0
 0.0
 0.0
 1.6321132389056985
 1.0
 0.3678867613088578
 0.0
 0.0
 0.0
 0.0
 0.0
 0.0
 0.0
 0.0
 0.0
 1.4025492432209525
 0.7012746212950335
 0.0
 0.5974507572214872
 0.2987253784765724
 0.0
 0.0
 0.0
 0.0
 0.0
 0.0
 0.0
 0.0
 0.0
 0.0
 0.0
 0.0
 0.0
 0.0
 0.3101674004894945
 0.5388387895712398
 0.0
 0.0
 0.0
 0.0
 0.0
 0.0
 0.0
 0.0
 0.0
 0.0
 0.0
 0.0
 0.0
 0.0
 0.0
 0.0
 0.0
 0.0
 0.0
 0.0
 0.0
 0.0
 0.0
 0.0
 0.0
 0.0
 0.0
 0.0
 0.0
 0.0
 1.1221760439782351
 3.2674624102367438
 0.0
 1.0
x_ij_opt: 1-dimensional DenseAxisArray{Float64,1,...} with index sets:
    Dimension 1, [(43, 30), (43, 22), (43, 6), (44, 22), (45, 30), (45, 29), (45, 28), (45, 24), (45, 23), (40, 29)  …  (5, 7), (5, 14), (6, 4), (6, 3), (1, 14), (1, 10), (1, 23), (1, 1), (3, 2), (3, 1)]
And data, a 116-element Vector{Float64}:
 0.0
 0.0
 1.507225226613481
 0.0
 0.87782395641732
 0.0
 1.6898325999077328
 0.0
 0.0
 0.0
 0.0
 0.0
 0.0
 0.0
 0.0
 0.0
 0.0
 0.0
 0.29801231306356474
 0.0
 0.0
 0.0
 0.0
 0.0
 0.0
 0.0
 0.0
 2.0
 0.0
 0.0
 0.0
 0.0
 0.0
 0.0
 0.0
 0.0
 0.0
 0.0
 0.0
 0.0
 0.0
 0.0
 0.0
 0.49277477423147925
 0.0
 0.0
 0.0
 0.0
 0.0
 0.0
 0.0
 0.0
 0.0
 0.0
 0.0
 0.6321132379386675
 0.0
 1.2157720768773905
 0.13207991116085613
 1.8998106295653867
 0.0
 0.0
 0.0
 0.0
 6.0
 0.0
 0.0
 0.0
 0.0
 0.7019876873172397
 0.0
 0.0
 0.0
 0.0
 0.0
 0.0
 0.461161210700164
 0.9154624061838222
 0.0
 0.0
 0.0
 0.0
 0.0
 0.0
 0.0
 0.0
 0.0
 0.10916447482610007
 0.0
 0.0
 0.0
 0.0
 0.0
 0.0
 0.0
 0.0
 0.0
 0.0
 0.0
 0.0
 0.0
 0.0
 0.0
 0.0
 0.0
 0.39154170073811173
 0.0
 0.0
 0.0
 0.0
 0.0
 0.0
 0.0
 5.334384890082152
 0.0
 0.0
x_il_opt: 1-dimensional DenseAxisArray{Float64,1,...} with index sets:
    Dimension 1, [(43, 15), (43, 14), (44, 15), (44, 13), (44, 3), (40, 14), (40, 2), (41, 14), (42, 6), (37, 13)  …  (4, 13), (5, 2), (5, 7), (5, 9), (6, 11), (1, 1), (1, 6), (1, 3), (2, 1), (2, 15)]
And data, a 71-element Vector{Float64}:
 0.0
 0.0
 0.0
 2.1038238647269365
 1.2763657060409572
 0.8490061898637922
 0.0
 0.0
 0.23369849515464355
 0.8961761357878538
 0.0
 3.0
 0.0
 0.0
 3.0
 0.0
 0.0
 0.0
 5.320026058747488
 0.0
 0.0
 0.0
 3.0
 0.8993136060094008
 2.100686394484372
 0.0
 2.6799739422852387
 0.0
 2.367886762852447
 0.0
 1.6521480123276489
 0.0
 0.0
 0.0
 0.0
 0.0
 0.0
 0.0
 0.34785198779151266
 0.0
 0.0
 0.0
 2.890835526079118
 0.0
 0.0
 2.1006863942681337
 0.0
 3.0
 0.0
 0.0
 0.0
 0.0
 0.0
 0.0
 1.112019537911539
 0.0
 0.0
 6.202796681610181
 0.0
 0.0
 0.0
 0.0
 0.0
 0.0
 0.10018937068346621
 0.0
 0.0
 2.6656151111308204
 0.0
 0.0
 5.3896384542446905
x_lj_opt: 1-dimensional DenseAxisArray{Float64,1,...} with index sets:
    Dimension 1, [(15, 30), (15, 29), (15, 23), (15, 3), (14, 28), (14, 27), (14, 10), (14, 24), (13, 26), (13, 25)  …  (3, 6), (3, 5), (3, 29), (2, 4), (2, 3), (2, 1), (2, 5), (1, 2), (1, 1), (1, 14)]
And data, a 53-element Vector{Float64}:
 1.1221760438806316
 3.2674624099317704
 0.0
 1.0
 0.31016740048670083
 0.5388387895707473
 0.0
 0.0
 2.0
 0.9999999996574828
 0.0
 1.6321132387506987
 1.0
 0.3678867612787412
 1.9999999999727136
 0.0
 0.0
 0.0
 0.3678867620334719
 0.0
 0.0
 2.0
 0.9999999999710502
 0.1001893708267747
 0.0
 0.0
 4.784227924085513
 3.215772076527665
 0.0
 0.0
 1.6084582999112982
 0.8679200894258973
 0.523621610793287
 2.0
 6.0
 0.0
 1.89083552586761
 1.0
 0.0
 0.0
 1.0845375941083648
 0.0
 0.02748194373991248
 0.0
 5.1145115575189735
 2.364650829876798
 1.9725180566440057
 0.0
 0.14199350017553725
 0.8854884433694066
 2.0
 0.0
 0.0
q_opt: 1-dimensional DenseAxisArray{Float64,1,...} with index sets:
    Dimension 1, [(43, 15), (43, 14), (44, 15), (44, 13), (44, 3), (40, 14), (40, 2), (41, 14), (42, 6), (37, 13)  …  (4, 13), (5, 2), (5, 7), (5, 9), (6, 11), (1, 1), (1, 6), (1, 3), (2, 1), (2, 15)]
And data, a 71-element Vector{Float64}:
 0.0
 0.0
 0.0
 0.701274621545114
 0.17065623661553642
 0.9999999999923339
 0.0
 0.0
 0.029212311887361276
 0.29872537858082526
 0.0
 1.0
 0.0
 0.0
 0.37500000001802664
 0.0
 0.0
 0.0
 0.6650032573289325
 0.0
 0.0
 0.0
 1.0
 0.29977120198451346
 0.26258579929586445
 0.0
 0.3349967427744635
 0.0
 1.0
 0.0
 0.8260740061564198
 0.0
 0.0
 0.0
 0.0
 0.0
 0.0
 0.0
 0.17392599389133967
 0.0
 0.0
 0.0
 1.0
 0.0
 0.0
 0.7002287980565934
 0.0
 1.0
 0.0
 0.0
 0.0
 0.0
 0.0
 0.0
 1.0
 0.0
 0.0
 0.8293437634325275
 0.0
 0.0
 0.0
 0.0
 0.0
 0.0
 0.9999999994742655
 0.0
 0.0
 0.3332018888751936
 0.0
 0.0
 1.0

