objective value: -635.320199719
objective bound: -635.383738059
termination status: OPTIMAL
BARON solution time: 54.18


w_opt: 1-dimensional DenseAxisArray{Float64,1,...} with index sets:
    Dimension 1, [(25, 1, 2), (25, 1, 1), (25, 1, 14), (20, 1, 2), (20, 1, 1), (20, 1, 14), (1, 1, 2), (1, 1, 1), (1, 1, 14), (2, 1, 2)  …  (20, 15, 23), (20, 15, 3), (8, 15, 30), (8, 15, 29), (8, 15, 23), (8, 15, 3), (2, 15, 30), (2, 15, 29), (2, 15, 23), (2, 15, 3)]
And data, a 261-element Vector{Float64}:
 1.2366533858948026
 0.0
 0.060844255771114075
 0.7633466073983295
 0.0
 0.03755721430335684
 0.0
 0.0
 0.0
 0.0
 0.0
 0.0
 0.0
 0.0
 0.0
 0.0
 1.8589443464349216
 0.0
 0.0
 1.1410556533588385
 0.0
 0.0
 0.0
 0.0
 0.0
 0.0
 0.0
 0.0
 0.0
 1.2416510237874632
 0.6507649012966658
 0.0
 0.0
 0.0
 0.0
 3.617293323591667
 1.8958688775100834
 0.0
 0.0
 0.0
 0.0
 0.0
 0.0
 0.14841723353535702
 0.506523970657304
 0.019946586658390473
 0.0
 0.0
 0.0
 0.9011402808091966
 3.07544577058235
 0.1211090671167484
 0.0
 0.0
 0.0
 0.0
 0.0
 0.0
 0.0
 1.8434074251197443
 0.9999999999529552
 0.0
 0.0
 0.0
 0.0
 0.0
 0.0
 0.0
 0.0
 0.0
 0.0
 0.1954702615376894
 0.5864107846248495
 0.0
 0.7500000000292618
 2.250000000003273
 0.0
 0.5594322714801134
 1.6782968143898715
 0.0
 0.0
 0.0
 0.0
 0.0
 0.0
 0.0
 0.0
 0.0
 0.0
 0.0
 0.0
 0.0
 0.49509746705393676
 1.485292401123027
 0.0
 0.0
 0.0
 0.0
 0.0
 0.0
 0.0
 1.9015985297946671
 0.8655643670437532
 0.0
 0.0
 0.0
 0.0
 0.0
 0.0
 0.0
 0.0
 0.0
 0.0
 0.0
 0.0
 0.0
 0.0
 0.0
 5.465502413283764
 1.8218341369815623
 0.0
 0.0
 0.0
 0.5344975865245772
 0.17816586201879517
 0.0
 0.0
 0.0
 0.0
 0.0
 0.0
 0.0
 0.0
 0.0
 0.0
 0.0
 0.0
 0.0
 0.0
 0.0
 0.0
 0.0
 0.0
 0.0
 0.0
 0.0
 0.0
 1.2651836567200085
 0.0
 0.0
 0.0
 0.7348163427236725
 0.0
 0.5081806097334665
 0.25409030478295774
 0.0
 0.0
 1.4918193904855754
 0.7459096950013318
 0.0
 0.0
 0.0
 0.0
 0.0
 0.0
 0.0
 0.0
 0.0
 0.0
 0.0
 0.0
 0.0
 0.0
 1.9999999994535216
 0.0
 0.0
 0.0
 0.5819697399849024
 0.0
 0.0
 0.0
 0.0
 0.0
 0.0
 0.0
 0.0
 0.0
 0.0
 0.0
 0.0
 0.0
 0.0
 0.0
 0.0
 1.418030260674211
 0.9803898686113548
 0.601579870995627
 0.0
 0.0
 0.0
 0.0
 0.0
 0.0
 0.0
 0.0
 0.0
 1.447216839185874
 0.7236084141391294
 0.0
 0.35086111591861135
 0.17543055663165652
 0.0
 0.0
 0.0
 0.0
 0.2019220451268876
 0.10096102179689453
 0.0
 0.0
 0.0
 0.0
 0.0
 0.0
 0.0
 0.0
 0.8729683758934331
 0.9429238609320042
 0.0
 0.0
 0.0
 0.0
 0.0
 0.0
 0.0
 0.0
 0.0
 0.0
 0.0
 0.0
 0.0
 0.0
 0.0
 0.0
 0.0
 0.0
 0.0
 0.0
 0.0
 0.0
 0.0
 0.0
 0.0
 0.0
 0.0
 0.0
 0.0
 0.0
 1.637968818538983
 2.8517863510264454
 0.0
 1.0
x_ij_opt: 1-dimensional DenseAxisArray{Float64,1,...} with index sets:
    Dimension 1, [(43, 30), (43, 22), (43, 6), (44, 22), (45, 30), (45, 29), (45, 28), (45, 24), (45, 23), (40, 29)  …  (5, 7), (5, 14), (6, 4), (6, 3), (1, 14), (1, 10), (1, 23), (1, 1), (3, 2), (3, 1)]
And data, a 116-element Vector{Float64}:
 0.0
 0.0
 1.3945039920927655
 0.0
 0.3620311817385138
 0.0
 1.127031623658937
 0.0
 0.0
 0.0
 0.0
 0.0
 0.0
 0.0
 0.0
 0.0
 0.0
 0.0
 0.2767952028725418
 0.0
 0.0
 0.0
 0.0
 0.0
 0.0
 0.0
 0.0
 1.9999999994606736
 0.0
 0.0
 0.0
 0.0
 0.0
 0.0
 0.0
 0.0
 0.0
 0.0
 0.0
 0.0
 0.0
 0.0
 0.0
 0.6054960077372141
 0.0
 0.0
 0.0
 0.0
 0.0
 0.0
 0.0
 0.0
 0.0
 0.0
 0.0
 0.41803026006014254
 0.0
 0.0
 0.13443563350186838
 0.0
 0.0
 0.0
 0.0
 0.0
 6.0
 0.0
 0.0
 0.0
 0.0
 0.7232047973038551
 0.0
 0.0
 0.0
 0.0
 0.0
 0.0
 0.0570761383794304
 0.9504424858444538
 0.0
 0.0
 0.0
 0.0
 0.0
 0.0
 0.0
 0.0
 0.0
 0.15659257535839777
 0.0
 0.0
 0.0
 0.0
 0.0
 0.0
 0.0
 0.0
 0.0
 0.0
 0.0
 0.0
 0.0
 0.0
 0.0
 0.0
 0.0
 0.0
 0.0
 0.0
 0.0
 0.0
 0.0
 0.0
 0.01961013192576556
 6.0
 0.0
 0.0
x_il_opt: 1-dimensional DenseAxisArray{Float64,1,...} with index sets:
    Dimension 1, [(43, 15), (43, 14), (44, 15), (44, 13), (44, 3), (40, 14), (40, 2), (41, 14), (42, 6), (37, 13)  …  (4, 13), (5, 2), (5, 7), (5, 9), (6, 11), (1, 1), (1, 6), (1, 3), (2, 1), (2, 15)]
And data, a 71-element Vector{Float64}:
 0.0
 0.0
 0.0
 2.1708252584608663
 1.892415925377755
 1.815892237028921
 0.0
 0.0
 0.7818810462407346
 0.5262916738080078
 0.0
 3.0
 0.0
 0.0
 3.0
 0.0
 0.0
 0.0
 7.287336550619202
 0.0
 0.6748877908510514
 0.0
 2.9999999999436477
 0.7622709145164241
 2.237729085930129
 0.0
 0.7126634488644741
 0.0
 2.5819697406608797
 1.2651836567750543
 1.2974976419155944
 0.3028830676557553
 0.0
 0.0
 0.0
 0.0
 0.0
 0.0
 0.8009038218746903
 0.0
 0.0
 0.0
 2.843407425451088
 0.0
 0.0
 2.237729085486907
 0.0
 2.7671628969348765
 0.0
 0.0
 0.0
 0.0
 0.0
 0.0
 4.0976951185082955
 0.0
 0.0
 5.513162201767322
 0.0
 0.0
 0.0
 0.0
 0.0
 0.0
 0.734816342766845
 0.0
 0.0
 1.9803898682402592
 0.0
 0.0
 5.489755169673058
x_lj_opt: 1-dimensional DenseAxisArray{Float64,1,...} with index sets:
    Dimension 1, [(15, 30), (15, 29), (15, 23), (15, 3), (14, 28), (14, 27), (14, 10), (14, 24), (13, 26), (13, 25)  …  (3, 6), (3, 5), (3, 29), (2, 4), (2, 3), (2, 1), (2, 5), (1, 2), (1, 1), (1, 14)]
And data, a 53-element Vector{Float64}:
 1.6379688185500054
 2.8517863510435997
 0.0
 1.0
 0.8729683766861912
 0.9429238617881996
 0.0
 0.0
 2.0
 0.9999999925491041
 0.0
 1.4180302605503792
 0.9803898685329222
 0.6015798709559966
 2.0
 0.0
 0.0
 0.0
 0.5819697401877023
 0.0
 0.0
 2.0
 0.9999999997670025
 1.999999999561018
 0.0
 0.0
 6.0
 1.999999999336707
 0.0
 0.0
 1.9015985297567073
 0.8655643670498383
 0.0
 2.0
 6.0
 0.0
 1.843407425291985
 1.0
 0.0
 0.0
 1.0495575143907316
 3.581969741405581
 0.14105565376802748
 0.0
 4.858944347366166
 2.5466337788078564
 1.8589443465507023
 0.0
 0.0
 1.1410556534610683
 1.9999999933640658
 0.0
 0.09840147003373317
q_opt: 1-dimensional DenseAxisArray{Float64,1,...} with index sets:
    Dimension 1, [(43, 15), (43, 14), (44, 15), (44, 13), (44, 3), (40, 14), (40, 2), (41, 14), (42, 6), (37, 13)  …  (4, 13), (5, 2), (5, 7), (5, 9), (6, 11), (1, 1), (1, 6), (1, 3), (2, 1), (2, 15)]
And data, a 71-element Vector{Float64}:
 0.0
 0.0
 0.0
 0.7236084195435578
 0.25553925606715355
 0.9999999990937691
 0.0
 0.0
 0.09773513076903895
 0.17543055794990062
 0.0
 1.0
 0.0
 0.0
 0.3749999999985402
 0.0
 0.0
 0.0
 0.9109170688172938
 0.0
 0.141409338220441
 0.0
 0.9999999999552328
 0.25409030484638434
 0.2797161357298004
 0.0
 0.08908293108966177
 0.0
 0.9999999996558031
 0.6325918284990243
 0.6183266949993742
 0.10096102255890473
 0.0
 0.0
 0.0
 0.0
 0.0
 0.0
 0.3816733049659295
 0.0
 0.0
 0.0
 0.9999999999082502
 0.0
 0.0
 0.7459096951818797
 0.0
 1.0
 0.0
 0.0
 0.0
 0.0
 0.0
 0.0
 0.8585906617335173
 0.0
 0.0
 0.7444607439397078
 0.0
 0.0
 0.0
 0.0
 0.0
 0.0
 0.36740817144265087
 0.0
 0.0
 0.24754873351872986
 0.0
 0.0
 0.9999999999880236

