objective value: -638.25119534
objective bound: -638.315026785
termination status: OPTIMAL
BARON solution time: 20.52


w_opt: 1-dimensional DenseAxisArray{Float64,1,...} with index sets:
    Dimension 1, [(25, 1, 2), (25, 1, 1), (25, 1, 14), (20, 1, 2), (20, 1, 1), (20, 1, 14), (1, 1, 2), (1, 1, 1), (1, 1, 14), (2, 1, 2)  …  (20, 15, 23), (20, 15, 3), (8, 15, 30), (8, 15, 29), (8, 15, 23), (8, 15, 3), (2, 15, 30), (2, 15, 29), (2, 15, 23), (2, 15, 3)]
And data, a 261-element Vector{Float64}:
 1.2488563360714144
 0.0
 0.0
 0.7511436621675185
 0.0
 0.0
 0.0
 0.0
 0.0
 0.0
 0.0
 0.0
 0.0
 0.0
 0.0
 0.0
 1.970019098601223
 0.0
 0.0
 1.0299809002320477
 0.0
 0.0
 0.0
 0.0
 0.0
 0.0
 0.0
 0.0
 0.022690607468632742
 1.5198122821871036
 0.9038656254295682
 0.0
 0.0
 0.0
 0.051511156688404405
 3.4502068185329193
 2.051913503032757
 0.0
 0.0
 0.0
 0.0
 0.0
 0.0
 0.0
 0.0
 0.0
 0.0
 0.0
 0.0
 1.1163147642535094
 0.9092070021202738
 0.029980901557353366
 0.0
 0.0
 0.0
 0.0
 0.0
 0.0
 0.0
 1.8710999454885846
 1.0
 0.0
 0.0
 0.0
 0.0
 0.0
 0.0
 0.0
 0.0
 0.0
 0.0
 0.21711766378652506
 0.6513529913132418
 0.0
 0.749999999978354
 2.2499999998171782
 0.0
 0.5421241806730442
 1.6263725419412427
 0.0
 0.0
 0.0
 0.0
 0.0
 0.0
 0.0
 0.0
 0.0
 0.0
 0.0
 0.0
 0.0
 0.49075815574801723
 1.4722744671699846
 0.0
 0.0
 0.0
 0.0
 0.0
 0.0
 0.0
 1.9999999998308013
 0.9948705548476938
 0.0
 0.0
 0.0
 0.0
 0.0
 0.0
 0.0
 0.0
 0.0
 0.0
 0.0
 0.0
 0.0
 0.0
 0.0
 4.035542341992737
 2.6022591571972074
 0.0
 0.0
 0.0
 0.8281672372771444
 0.5340312637707368
 0.0
 0.0
 0.0
 0.0
 0.0
 0.0
 0.0
 0.0
 0.0
 0.0
 0.0
 0.0
 0.0
 0.0
 0.0
 0.0
 0.0
 0.0
 0.0
 0.0
 0.0
 0.0
 0.4119240792724563
 0.19779971671449273
 0.0
 0.0
 0.0
 0.0
 0.5543355186133926
 0.27716775911634356
 0.0
 0.0
 1.4456644814961406
 0.7228322402515306
 0.0
 0.0
 0.0
 0.0
 0.0
 0.0
 0.0
 0.0
 0.0
 0.0
 0.0
 0.0
 0.0
 0.0
 1.6416449670258775
 0.0
 0.0
 0.0
 0.47082652353789534
 0.0
 0.0
 0.0
 0.0
 0.0
 0.0
 0.0
 0.0
 0.0
 0.0
 0.0
 0.0
 0.0
 0.0
 0.0
 0.0
 1.5291734771663403
 0.9630326218875701
 0.5077939011586666
 0.0
 0.0
 0.0
 0.0
 0.0
 0.0
 0.0
 0.0
 0.0
 1.3765190036935624
 0.6882594997164024
 0.0
 0.6234809953142435
 0.3117404966924845
 0.0
 0.0
 0.0
 0.0
 0.0
 0.0
 0.0
 0.0
 0.0
 0.0
 0.0
 0.0
 0.0
 0.0
 0.4720197269107494
 0.6716899197732324
 0.0
 0.0
 0.0
 0.0
 0.0
 0.0
 0.0
 0.0
 0.0
 0.0
 0.0
 0.0
 0.0
 0.0
 0.0
 0.0
 0.0
 0.0
 0.0
 0.0
 0.0
 0.0
 0.0
 0.0
 0.0
 0.0
 0.0
 0.0
 0.0
 0.0
 2.0
 2.5364269715220837
 0.0
 1.0
x_ij_opt: 1-dimensional DenseAxisArray{Float64,1,...} with index sets:
    Dimension 1, [(43, 30), (43, 22), (43, 6), (44, 22), (45, 30), (45, 29), (45, 28), (45, 24), (45, 23), (40, 29)  …  (5, 7), (5, 14), (6, 4), (6, 3), (1, 14), (1, 10), (1, 23), (1, 1), (3, 2), (3, 1)]
And data, a 116-element Vector{Float64}:
 0.0
 0.358355032806201
 1.3799297478836887
 0.0
 0.0
 0.0
 1.527980271899281
 0.0
 0.0
 0.0
 0.0
 0.0
 0.0
 0.0
 0.0
 0.0
 0.0
 0.0
 0.0
 0.0
 0.0
 0.0
 0.0
 0.0
 0.0
 0.0
 0.0
 1.9999999985230803
 0.0
 0.0
 0.0
 0.0
 0.0
 0.0
 0.0
 0.0
 0.0
 0.0
 0.0
 0.0
 0.0
 0.0
 0.0
 0.5458684881230274
 0.0
 0.0
 0.0
 0.0
 0.0
 0.0
 0.0
 0.0
 0.0
 0.0
 0.0
 0.8875285091032081
 0.0
 1.1362904206973754
 0.005129445425144606
 1.5880759205395512
 0.0
 0.0
 0.0
 0.0
 6.0
 0.0
 0.0
 0.0
 0.0
 0.8022002829797844
 0.0
 0.0
 0.0
 0.0
 0.0
 0.0
 0.32831007807500895
 0.8836852353222948
 0.0
 0.0
 0.0
 0.0
 0.0
 0.0
 0.0
 0.0
 0.0
 0.1289000552338429
 0.0
 0.0
 0.0
 0.0
 1.0669740676066721
 0.0
 0.0
 0.0
 0.0
 0.0
 0.0
 0.0
 0.0
 0.0
 0.0
 0.0
 0.0
 0.0
 0.0
 0.0
 0.0
 0.0
 0.0
 0.0
 0.03696737856959124
 5.9999999991858175
 0.0
 0.0
x_il_opt: 1-dimensional DenseAxisArray{Float64,1,...} with index sets:
    Dimension 1, [(43, 15), (43, 14), (44, 15), (44, 13), (44, 3), (40, 14), (40, 2), (41, 14), (42, 6), (37, 13)  …  (4, 13), (5, 2), (5, 7), (5, 9), (6, 11), (1, 1), (1, 6), (1, 3), (2, 1), (2, 15)]
And data, a 71-element Vector{Float64}:
 0.0
 0.0
 0.0
 2.0647785047720344
 2.4463685150853056
 1.1437096465191128
 0.0
 0.0
 0.8684706551260375
 0.9352214926244897
 0.0
 3.0
 0.0
 0.0
 2.9999999998636886
 0.0
 0.0
 0.0
 6.637801499139362
 0.0
 0.0
 0.0
 2.9999999994330624
 0.8315032777297342
 2.168496722660306
 0.0
 1.3621985010376567
 0.0
 2.112471491541893
 0.6097237959869475
 1.2488563363651286
 0.0
 0.0
 0.0
 0.0
 0.0
 0.0
 0.0
 0.7511436623428893
 0.0
 0.0
 0.0
 2.8710999458280178
 0.0
 0.0
 2.1684967217476703
 0.0
 2.994870554741549
 0.0
 0.0
 0.0
 0.0
 0.0
 0.0
 2.0555026679311355
 0.0
 0.0
 5.55363147825408
 0.0
 0.0
 0.0
 0.0
 0.0
 0.0
 0.0
 0.0
 0.0
 1.9630326229614068
 0.0
 0.0
 5.5364269716773045
x_lj_opt: 1-dimensional DenseAxisArray{Float64,1,...} with index sets:
    Dimension 1, [(15, 30), (15, 29), (15, 23), (15, 3), (14, 28), (14, 27), (14, 10), (14, 24), (13, 26), (13, 25)  …  (3, 6), (3, 5), (3, 29), (2, 4), (2, 3), (2, 1), (2, 5), (1, 2), (1, 1), (1, 14)]
And data, a 53-element Vector{Float64}:
 2.0
 2.5364269714424834
 0.0
 1.0
 0.47201972840495543
 0.6716899218994187
 0.0
 0.0
 2.0
 0.9999999969753801
 0.0
 1.5291734770629264
 0.9630326218226524
 0.5077939011247059
 1.641644967218456
 0.0
 0.0
 0.0
 0.4708265235947429
 0.0
 0.0
 2.0
 0.9999999993742362
 0.411924079744496
 0.19779971694118495
 0.0
 4.8637095792308624
 3.1362904209435203
 0.0
 0.0
 2.0
 0.9948705549996519
 0.0
 2.0
 6.0
 0.0
 1.8710999453654462
 0.9999999999333277
 0.0
 0.0
 1.1163147648575824
 0.9092070026126515
 0.029980901576413744
 0.07420176415483518
 4.970019100609578
 2.955779128396624
 1.9700190986631267
 0.0
 0.0
 1.0299809001189544
 1.9999999983995982
 0.0
 0.0
q_opt: 1-dimensional DenseAxisArray{Float64,1,...} with index sets:
    Dimension 1, [(43, 15), (43, 14), (44, 15), (44, 13), (44, 3), (40, 14), (40, 2), (41, 14), (42, 6), (37, 13)  …  (4, 13), (5, 2), (5, 7), (5, 9), (6, 11), (1, 1), (1, 6), (1, 3), (2, 1), (2, 15)]
And data, a 71-element Vector{Float64}:
 0.0
 0.0
 0.0
 0.6882595017978107
 0.3057960646470788
 0.9999999968346484
 0.0
 0.0
 0.10855883188571132
 0.31174049763471784
 0.0
 1.0
 0.0
 0.0
 0.3749999999704596
 0.0
 0.0
 0.0
 0.8297251873812952
 0.0
 0.0
 0.0
 0.9999999999034295
 0.2771677592895715
 0.2710620903251811
 0.0
 0.1702748126277033
 0.0
 0.9999999998831124
 0.9999999988537016
 0.6244281685356798
 0.0
 0.0
 0.0
 0.0
 0.0
 0.0
 0.0
 0.37557183138459665
 0.0
 0.0
 0.0
 1.0
 0.0
 0.0
 0.7228322407036848
 0.0
 0.9999999998478435
 0.0
 0.0
 0.0
 0.0
 0.0
 0.0
 0.9999999994598969
 0.0
 0.0
 0.6942039353751663
 0.0
 0.0
 0.0
 0.0
 0.0
 0.0
 0.0
 0.0
 0.0
 0.2453790778629754
 0.0
 0.0
 1.0

