objective value: -622.395932498
objective bound: -638.029657121
termination status: TIME_LIMIT
BARON solution time: 7226.8


w_opt: 1-dimensional DenseAxisArray{Float64,1,...} with index sets:
    Dimension 1, [(25, 1, 2), (25, 1, 1), (25, 1, 14), (20, 1, 2), (20, 1, 1), (20, 1, 14), (1, 1, 2), (1, 1, 1), (1, 1, 14), (2, 1, 2)  …  (20, 15, 23), (20, 15, 3), (8, 15, 30), (8, 15, 29), (8, 15, 23), (8, 15, 3), (2, 15, 30), (2, 15, 29), (2, 15, 23), (2, 15, 3)]
And data, a 261-element Vector{Float64}:
 1.2130865468642846
 0.0
 0.0
 0.7869134532924839
 0.0
 0.0
 0.0
 0.0
 0.0
 0.0
 0.0
 0.0
 0.0
 0.0
 0.0
 0.0
 2.0
 0.0
 0.0
 1.0000000000292681
 0.0
 0.0
 0.0
 0.0
 0.0
 0.0
 0.0
 0.0
 0.0
 1.3932058671234229
 0.7269317864453138
 0.0
 0.0
 0.0
 0.0
 3.6067941339586516
 1.881913768082011
 0.0
 0.0
 0.0
 0.0
 0.0
 0.0
 0.17613882358370542
 0.5934214209885587
 0.0
 0.0
 0.0
 0.0
 0.9081763925820989
 3.059696405596173
 0.0
 0.0
 0.0
 0.0
 0.0
 0.0
 0.0
 0.0
 2.0
 0.9999999999799954
 0.0
 0.0
 0.0
 0.0
 0.0
 0.0
 0.0
 0.0
 0.0
 0.0
 0.0
 0.0
 0.0
 0.6775309237817627
 2.0325927711524314
 0.0
 0.48549068489826025
 1.4564720545482728
 0.0
 0.0
 0.0
 0.0
 0.0
 0.0
 0.0
 0.0
 0.0
 0.0
 0.0
 0.0
 0.0
 0.8369783916201525
 2.5109351746289645
 0.0
 0.0
 0.0
 0.0
 0.0
 0.0
 0.0
 0.18463006955505723
 0.11465316368501909
 0.4619702625618312
 0.542972774699351
 0.33717988928040704
 1.358593840699729
 0.0
 0.0
 0.0
 0.0
 0.0
 0.0
 0.0
 0.0
 0.0
 0.0
 0.0
 4.221861963998765
 1.4072873212792394
 0.0
 0.0
 0.0
 1.7781380359116676
 0.5927126785555538
 0.0
 0.0
 0.0
 0.0
 0.0
 0.0
 0.0
 0.0
 0.0
 0.0
 0.0
 0.0
 0.0
 0.0
 0.0
 0.0
 0.0
 0.0
 0.0
 0.0
 0.0
 0.0
 1.238746504169853
 0.0
 0.0
 0.0
 0.7612534958216914
 0.0
 0.7053581739775165
 0.3526790869230445
 0.0
 0.0
 1.2946418263008903
 0.6473209130249682
 0.0
 0.0
 0.0
 0.0
 0.0
 0.0
 0.0
 0.0
 0.0
 0.0
 0.0
 0.0
 0.0
 0.0
 2.0
 0.0
 0.0
 0.0
 0.6531178247415442
 0.0
 0.0
 0.0
 0.0
 0.0
 0.0
 0.0
 0.0
 0.0
 0.0
 0.0
 0.0
 0.0
 0.0
 0.0
 0.0
 1.3468821762301348
 0.9617983397824239
 0.6913194843766792
 0.0
 0.0
 0.0
 0.0
 0.0
 0.0
 0.0
 0.0
 0.0
 1.4896325111652455
 0.7448162550106203
 0.0
 0.5103674892738403
 0.2551837444385989
 0.0
 0.0
 0.0
 0.0
 0.0
 0.0
 0.0
 0.0
 0.0
 0.0
 0.0
 0.0
 0.0
 0.0
 0.5404631320293812
 0.72593712020522
 0.0
 0.0
 0.0
 0.0
 0.0
 0.0
 0.0
 0.0
 0.0
 0.0
 0.0
 0.0
 0.0
 0.0
 0.0
 0.0
 0.0
 0.0
 0.0
 0.0
 0.0
 0.0
 0.0
 0.0
 0.0
 0.0
 0.0
 0.0
 0.0
 0.0
 1.4731691480464832
 2.699834962544983
 0.0
 1.0
x_ij_opt: 1-dimensional DenseAxisArray{Float64,1,...} with index sets:
    Dimension 1, [(43, 30), (43, 22), (43, 6), (44, 22), (45, 30), (45, 29), (45, 28), (45, 24), (45, 23), (40, 29)  …  (5, 7), (5, 14), (6, 4), (6, 3), (1, 14), (1, 10), (1, 23), (1, 1), (3, 2), (3, 1)]
And data, a 116-element Vector{Float64}:
 0.0
 0.0
 1.5388172263187405
 0.0
 0.5268308524234177
 0.0
 1.4595368680125886
 0.0
 0.0
 0.0
 0.0
 0.0
 0.0
 0.0
 0.0
 0.0
 0.0
 0.0
 0.2283491644419497
 0.0
 0.0
 0.0
 0.0
 0.0
 0.0
 0.0
 0.0
 1.9999999998150293
 0.0
 0.0
 0.0
 0.0
 0.0
 0.0
 0.0
 0.0
 0.0
 0.0
 0.0
 0.0
 0.0
 0.0
 0.0
 0.46118277361739124
 0.0
 0.0
 0.0
 0.0
 0.0
 0.0
 0.0
 0.0
 0.0
 0.0
 0.0
 0.3468821743727724
 0.0
 0.0
 0.5481669476361586
 0.0
 0.0
 0.0
 0.0
 0.0
 6.0
 0.0
 0.0
 0.0
 0.0
 0.7716508358625149
 0.0
 0.0
 0.0
 0.0
 0.0
 0.0
 0.2740628795592606
 0.9156847840721847
 0.0
 0.0
 0.0
 0.0
 0.0
 0.0
 0.0
 0.0
 0.0
 0.0
 0.0
 0.0
 0.0
 0.0
 0.0
 0.0
 0.0
 0.0
 0.0
 0.0
 0.0
 0.0
 0.0
 0.0
 0.0
 0.0
 0.0
 1.0395926728135645
 0.0
 0.0
 0.0
 0.0
 0.23280448355948807
 0.0
 0.038201660791994135
 4.179435897456001
 0.0
 0.0
x_il_opt: 1-dimensional DenseAxisArray{Float64,1,...} with index sets:
    Dimension 1, [(43, 15), (43, 14), (44, 15), (44, 13), (44, 3), (40, 14), (40, 2), (41, 14), (42, 6), (37, 13)  …  (4, 13), (5, 2), (5, 7), (5, 9), (6, 11), (1, 1), (1, 6), (1, 3), (2, 1), (2, 15)]
And data, a 71-element Vector{Float64}:
 0.0
 0.0
 0.0
 2.2344487666152646
 2.120137653871432
 1.266400252437773
 0.0
 0.0
 0.0
 0.7655512339295918
 0.0
 3.0
 0.0
 0.0
 2.710123695029386
 0.0
 0.0
 0.0
 5.6291492858075705
 0.0
 0.7695602446245591
 0.0
 3.0
 1.058037260900561
 1.9419627395495749
 0.0
 2.3708507149156706
 0.0
 2.653117826409735
 1.238746504169853
 1.2130865472370256
 0.0
 0.0
 0.0
 0.0
 0.0
 0.0
 0.0
 0.7869134535794601
 0.0
 0.0
 0.0
 3.0
 0.0
 0.0
 1.9419627393258585
 0.0
 0.7612534958019076
 0.0
 0.0
 0.0
 0.0
 0.0
 0.0
 3.9678727981821185
 0.0
 0.0
 5.488707902666222
 0.0
 0.0
 0.0
 0.0
 0.0
 2.2387465046794874
 0.7612534958314037
 0.0
 0.0
 3.3479135663378616
 0.0
 0.0
 5.17300411069492
x_lj_opt: 1-dimensional DenseAxisArray{Float64,1,...} with index sets:
    Dimension 1, [(15, 30), (15, 29), (15, 23), (15, 3), (14, 28), (14, 27), (14, 10), (14, 24), (13, 26), (13, 25)  …  (3, 6), (3, 5), (3, 29), (2, 4), (2, 3), (2, 1), (2, 5), (1, 2), (1, 1), (1, 14)]
And data, a 53-element Vector{Float64}:
 1.4731691478690876
 2.6998349622465825
 0.0
 0.9999999999709632
 0.5404631323572687
 0.7259371206486918
 0.0
 0.0
 2.0
 0.9999999993333811
 0.0
 1.3468821760934302
 0.9617983396811455
 0.691319484300445
 1.9999999999911455
 0.0
 0.0
 0.0
 0.6531178246676185
 0.0
 0.0
 2.0
 0.9999999998956173
 1.999999999962743
 0.0
 0.0
 5.999999999564524
 1.9999999998379019
 0.0
 0.0
 0.727602844167355
 0.4518330529023321
 1.8205641030739212
 2.0
 5.999999999925508
 0.0
 2.0
 0.999999999934084
 0.0
 0.0
 1.0843152161851581
 3.653117826679086
 0.0
 0.0
 5.000000000885347
 2.608845554400433
 1.9999999999774496
 0.0
 0.0
 0.9999999999710153
 2.0
 0.0
 0.0
q_opt: 1-dimensional DenseAxisArray{Float64,1,...} with index sets:
    Dimension 1, [(43, 15), (43, 14), (44, 15), (44, 13), (44, 3), (40, 14), (40, 2), (41, 14), (42, 6), (37, 13)  …  (4, 13), (5, 2), (5, 7), (5, 9), (6, 11), (1, 1), (1, 6), (1, 3), (2, 1), (2, 15)]
And data, a 71-element Vector{Float64}:
 0.0
 0.0
 0.0
 0.7448162555277221
 0.278641173377322
 0.9999999993890661
 0.0
 0.0
 0.0
 0.2551837446260488
 0.0
 1.0
 0.0
 0.0
 0.33876546186622913
 0.0
 0.0
 0.0
 0.7036436607163077
 0.0
 0.1624424530347429
 0.0
 1.0
 0.3526790869594737
 0.24274534243107476
 0.0
 0.29635633934761907
 0.0
 1.0
 0.619373252096846
 0.6065432734308156
 0.0
 0.0
 0.0
 0.0
 0.0
 0.0
 0.0
 0.39345672664545817
 0.0
 0.0
 0.0
 1.0
 0.0
 0.0
 0.6473209130960224
 0.0
 0.25375116525117003
 0.0
 0.0
 0.0
 0.0
 0.0
 0.0
 0.8375575469406007
 0.0
 0.0
 0.721358826665976
 0.0
 0.0
 0.0
 0.0
 0.0
 0.7462488348685887
 0.3806267479183177
 0.0
 0.0
 0.41848919577990834
 0.0
 0.0
 1.0

