objective value: -627.863136849
objective bound: -627.925929442
termination status: OPTIMAL
BARON solution time: 44.13


w_opt: 1-dimensional DenseAxisArray{Float64,1,...} with index sets:
    Dimension 1, [(25, 1, 2), (25, 1, 1), (25, 1, 14), (20, 1, 2), (20, 1, 1), (20, 1, 14), (1, 1, 2), (1, 1, 1), (1, 1, 14), (2, 1, 2)  …  (20, 15, 23), (20, 15, 3), (8, 15, 30), (8, 15, 29), (8, 15, 23), (8, 15, 3), (2, 15, 30), (2, 15, 29), (2, 15, 23), (2, 15, 3)]
And data, a 261-element Vector{Float64}:
 1.1118214128994088
 0.0
 0.0
 0.8881785843177561
 0.0
 0.0
 0.0
 0.0
 0.0
 0.0
 0.0
 0.0
 0.0
 0.0
 0.0
 0.0
 1.9375205339006487
 0.0
 0.0
 1.0624794663268524
 0.0
 0.0
 0.0
 0.0
 0.0
 0.0
 0.0
 0.0
 0.0
 0.28514301249482515
 0.11857863381079453
 0.0
 0.0
 0.0
 0.0
 4.652377522067002
 1.934722389514679
 0.0
 0.0
 0.0
 0.0
 0.0
 0.0
 0.0
 0.0
 0.0
 0.0
 0.0
 0.0
 1.2276534946915518
 1.8667504153285925
 0.06247946597681591
 0.0
 0.0
 0.0
 0.0
 0.0
 0.0
 0.0
 1.9884586125301766
 1.0
 0.0
 0.0
 0.0
 0.0
 0.0
 0.0
 0.0
 0.0
 0.0
 0.0
 0.2066469003324393
 0.6199407008565938
 0.0
 0.7500000002439987
 2.2500000005408842
 0.0
 0.5433530992811568
 1.630059297674064
 0.0
 0.0
 0.0
 0.0
 0.0
 0.0
 0.0
 0.0
 0.0
 0.0
 0.0
 0.0
 0.0
 0.5000000004948487
 1.500000001319433
 0.0
 0.0
 0.0
 0.0
 0.0
 0.0
 0.0
 1.999999999774729
 0.9340886142240682
 0.0
 0.0
 0.0
 0.0
 0.0
 0.0
 0.0
 0.0
 0.0
 0.0
 0.0
 0.0
 0.0
 0.0
 0.0
 2.94415405735851
 2.4731045299250267
 0.0
 0.0
 0.0
 1.403659892926527
 1.1790815195182227
 0.0
 0.0
 0.0
 0.0
 0.0
 0.0
 0.0
 0.0
 0.0
 0.0
 0.0
 0.0
 0.0
 0.0
 0.0
 0.0
 0.0
 0.0
 0.0
 0.0
 0.0
 0.0
 0.17008115032213045
 0.0
 0.0
 0.0
 0.2756920698502856
 0.0
 0.5510584023614283
 0.27552920099250017
 0.0
 0.0
 1.4489415978095228
 0.7244707984059656
 0.0
 0.0
 0.0
 0.0
 0.0
 0.0
 0.0
 0.0
 0.0
 0.0
 0.0
 0.0
 0.0
 0.0
 1.99999999976011
 0.0
 0.0
 0.0
 0.5189364643993049
 0.0
 0.0
 0.0
 0.0
 0.0
 0.0
 0.0
 0.0
 0.0
 0.0
 0.0
 0.0
 0.0
 0.0
 0.0
 0.0
 1.4810635363864193
 1.0
 0.5189364639341558
 0.0
 0.0
 0.0
 0.0
 0.0
 0.0
 0.0
 0.0
 0.0
 1.4554501418379266
 0.7277250681705351
 0.0
 0.544549858106652
 0.2722749280209978
 0.0
 0.0
 0.0
 0.0
 0.0
 0.0
 0.0
 0.0
 0.0
 0.0
 0.0
 0.0
 0.0
 0.0
 0.6309394024093486
 0.6749920038437768
 0.0
 0.0
 0.0
 0.0
 0.0
 0.0
 0.0
 0.0
 0.0
 0.0
 0.0
 0.0
 0.0
 0.0
 0.0
 0.0
 0.0
 0.0
 0.0
 0.0
 0.0
 0.0
 0.0
 0.0
 0.0
 0.0
 0.0
 0.0
 0.0
 0.0
 1.288032702574715
 3.427762514223395
 0.0
 0.9501929865342518
x_ij_opt: 1-dimensional DenseAxisArray{Float64,1,...} with index sets:
    Dimension 1, [(43, 30), (43, 22), (43, 6), (44, 22), (45, 30), (45, 29), (45, 28), (45, 24), (45, 23), (40, 29)  …  (5, 7), (5, 14), (6, 4), (6, 3), (1, 14), (1, 10), (1, 23), (1, 1), (3, 2), (3, 1)]
And data, a 116-element Vector{Float64}:
 0.0
 0.0
 1.3762509041730724
 0.0
 0.7119672978672862
 0.0
 1.3690605965865126
 0.0
 0.0
 0.0
 0.0
 0.0
 0.0
 0.0
 0.0
 0.0
 0.0
 0.0
 0.2354651978183548
 0.0
 0.0
 0.0
 0.0
 0.0
 0.0
 0.0
 0.0
 1.9999999983635985
 0.0
 0.0
 0.0
 0.0
 0.0
 0.0
 0.0
 0.0
 0.0
 0.0
 0.0
 0.0
 0.0
 0.0
 0.0
 0.6237490961183031
 0.0
 0.0
 0.0
 0.0
 0.0
 0.0
 0.0
 0.0
 0.0
 0.0
 0.0
 0.48106353507459576
 0.0
 1.652186050338658
 0.0659113860637
 1.5542267797320322
 0.0
 0.0
 0.0
 0.0
 6.0
 0.0
 0.0
 0.0
 0.0
 0.7645348022914992
 0.0
 0.0
 0.0
 0.0
 0.0
 0.0
 0.32500799469908054
 0.772346505062003
 0.0
 0.0
 0.0
 0.0
 0.0
 0.0
 0.0
 0.0
 0.0
 0.011541388231168837
 0.0
 0.0
 0.0
 0.0
 0.0
 0.0
 0.0
 0.0
 0.0
 0.0
 0.0
 0.0498070139850677
 0.0
 0.0
 0.0
 0.0
 0.0
 0.0
 0.0
 0.0
 0.0
 0.0
 0.0
 0.0
 0.0
 5.9999999992544435
 0.0
 0.0
x_il_opt: 1-dimensional DenseAxisArray{Float64,1,...} with index sets:
    Dimension 1, [(43, 15), (43, 14), (44, 15), (44, 13), (44, 3), (40, 14), (40, 2), (41, 14), (42, 6), (37, 13)  …  (4, 13), (5, 2), (5, 7), (5, 9), (6, 11), (1, 1), (1, 6), (1, 3), (2, 1), (2, 15)]
And data, a 71-element Vector{Float64}:
 0.0
 0.0
 0.0
 2.183175212397909
 0.4037216463766454
 1.3059314064391392
 0.0
 0.0
 0.8265876012629454
 0.8168247870843907
 0.0
 3.0
 0.0
 0.0
 3.0
 0.0
 0.0
 0.0
 5.417258587825815
 0.0
 0.0
 0.0
 3.0
 0.8265876033539286
 2.17341239703245
 0.0
 2.5827414128950976
 0.0
 2.518936465777423
 0.17008115034611285
 1.111821413128369
 0.0
 0.0
 0.0
 0.0
 0.0
 0.0
 0.0
 0.8881785845269071
 0.0
 0.0
 0.0
 2.988458613160807
 0.0
 0.0
 2.1734123962154883
 0.0
 2.934088614162581
 0.0
 0.0
 0.0
 0.0
 0.0
 0.0
 3.1568833759969603
 0.0
 0.0
 6.587099911775936
 0.0
 0.0
 0.0
 0.0
 0.0
 0.0
 0.27569206988372047
 0.0
 0.0
 2.0000000018914252
 0.0
 0.0
 5.6659882035989675
x_lj_opt: 1-dimensional DenseAxisArray{Float64,1,...} with index sets:
    Dimension 1, [(15, 30), (15, 29), (15, 23), (15, 3), (14, 28), (14, 27), (14, 10), (14, 24), (13, 26), (13, 25)  …  (3, 6), (3, 5), (3, 29), (2, 4), (2, 3), (2, 1), (2, 5), (1, 2), (1, 1), (1, 14)]
And data, a 53-element Vector{Float64}:
 1.2880327024037141
 3.427762513918112
 0.0
 0.9501929863753513
 0.6309394037154767
 0.6749920052417
 0.0
 0.0
 2.0
 0.9999999962806925
 0.0
 1.4810635362474391
 0.999999999969855
 0.518936463836685
 1.9999999996968107
 0.0
 0.0
 0.0
 0.5189364643507216
 0.0
 0.0
 2.0
 0.9999999993722807
 0.44577322054550594
 0.0
 0.0
 4.347813950049726
 3.6521860492558744
 0.0
 0.0
 2.0
 0.934088614397929
 0.0
 2.0
 6.0
 0.0
 1.988458612384959
 0.9999999999534249
 0.0
 0.0
 1.2276534951164535
 1.8667504159774082
 0.062479465927106424
 0.0
 4.9375205343854205
 2.053301023228597
 1.9375205337928918
 0.0
 0.0
 1.06247946629021
 1.999999997222518
 0.0
 0.0
q_opt: 1-dimensional DenseAxisArray{Float64,1,...} with index sets:
    Dimension 1, [(43, 15), (43, 14), (44, 15), (44, 13), (44, 3), (40, 14), (40, 2), (41, 14), (42, 6), (37, 13)  …  (4, 13), (5, 2), (5, 7), (5, 9), (6, 11), (1, 1), (1, 6), (1, 3), (2, 1), (2, 15)]
And data, a 71-element Vector{Float64}:
 0.0
 0.0
 0.0
 0.7277250708974253
 0.05775024336998368
 0.9999999979292421
 0.0
 0.0
 0.10332345014627244
 0.27227492905297296
 0.0
 1.0
 0.0
 0.0
 0.37500000009555057
 0.0
 0.0
 0.0
 0.6771573234703943
 0.0
 0.0
 0.0
 1.0
 0.2755292011662225
 0.27167654961723775
 0.0
 0.3228426765968206
 0.0
 1.0
 0.3815418748436065
 0.5559107072219645
 0.0
 0.0
 0.0
 0.0
 0.0
 0.0
 0.0
 0.4440892927758472
 0.0
 0.0
 0.0
 1.0
 0.0
 0.0
 0.7244707988633263
 0.0
 0.999999999837116
 0.0
 0.0
 0.0
 0.0
 0.0
 0.0
 0.9999999996530405
 0.0
 0.0
 0.9422497566698855
 0.0
 0.0
 0.0
 0.0
 0.0
 0.0
 0.6184581243188798
 0.0
 0.0
 0.25000000022467067
 0.0
 0.0
 1.0

