objective value: -630.712863845
objective bound: -630.775941437
termination status: OPTIMAL
BARON solution time: 636.18


w_opt: 1-dimensional DenseAxisArray{Float64,1,...} with index sets:
    Dimension 1, [(25, 1, 2), (25, 1, 1), (25, 1, 14), (20, 1, 2), (20, 1, 1), (20, 1, 14), (1, 1, 2), (1, 1, 1), (1, 1, 14), (2, 1, 2)  …  (20, 15, 23), (20, 15, 3), (8, 15, 30), (8, 15, 29), (8, 15, 23), (8, 15, 3), (2, 15, 30), (2, 15, 29), (2, 15, 23), (2, 15, 3)]
And data, a 261-element Vector{Float64}:
 1.1182111227525864
 1.8152489500934155
 0.0
 0.8817888775135853
 1.4314527029301223
 0.0
 0.0
 0.0
 0.0
 0.0
 0.0
 0.0
 0.0
 0.0
 0.0
 0.0
 2.0
 0.0
 0.0
 1.000000000290472
 0.0
 0.0
 0.0
 0.0
 0.0
 0.0
 0.0
 0.0
 0.021320800972051468
 1.3118983370304995
 0.7658182009833567
 0.0
 0.0
 0.0
 0.05993854807091172
 3.6881016637850372
 2.15292244946105
 0.0
 0.0
 0.0
 0.0
 0.0
 0.0
 0.21824860631610835
 0.8444965060345186
 0.0
 0.0
 0.0
 0.0
 0.7522060522248445
 2.9106045332594808
 0.0
 0.0
 0.0
 0.0
 0.0
 0.0
 0.0
 0.0
 2.0
 1.0
 0.0
 0.0
 0.0
 0.0
 0.0
 0.0
 0.0
 0.0
 0.0
 0.0
 0.07871398150707044
 0.2361419445663911
 0.0
 0.7499999999713268
 2.2500000003484213
 0.0
 0.575875877355352
 1.7276276323890305
 0.0
 0.0
 0.0
 0.0
 0.0
 0.0
 0.0
 0.0
 0.0
 0.0
 0.0
 0.0
 0.0
 0.5954101410793136
 1.7862304235733697
 0.0
 0.0
 0.0
 0.0
 0.0
 0.0
 0.0
 2.0
 0.8399326369589547
 0.16006736294394286
 0.0
 0.0
 0.0
 0.0
 0.0
 0.0
 0.0
 0.0
 0.0
 0.0
 0.0
 0.0
 0.0
 0.0
 5.504752804357112
 1.7491100313791716
 0.0
 0.08580756963487483
 0.0
 0.49524719667804173
 0.15736253207125506
 0.0
 0.007719866781271631
 0.0
 0.0
 0.0
 0.0
 0.0
 0.0
 0.0
 0.0
 0.0
 0.0
 0.0
 0.0
 0.0
 0.0
 0.0
 0.0
 0.0
 0.0
 0.0
 0.0
 0.0
 0.0
 0.0
 0.0
 0.0
 0.0
 0.46433099387106747
 0.23216549689560353
 0.0
 0.0
 1.535669006390307
 0.7678345030630934
 0.0
 0.0
 0.0
 0.0
 0.0
 0.0
 0.0
 0.0
 0.0
 0.0
 0.0
 0.0
 0.0
 0.0
 2.0
 0.0
 0.0
 0.0
 0.6615736014811744
 0.0
 0.0
 0.0
 0.0
 0.0
 0.0
 0.0
 0.0
 0.0
 0.0
 0.0
 0.0
 0.0
 0.0
 0.0
 0.0
 1.3384263994987518
 0.9980269600659117
 0.663546640733339
 0.0
 0.0
 0.0
 0.0
 0.0
 0.0
 0.0
 0.0
 0.0
 1.3428020980436726
 0.6714010487187385
 0.0
 0.6571979023264967
 0.32859895101490594
 0.0
 0.0
 0.0
 0.0
 0.0
 0.0
 0.0
 0.0
 0.0
 0.0
 0.0
 0.0
 0.0
 0.0
 0.19344646405924185
 0.5813561046040496
 0.0
 0.0
 0.0
 0.0
 0.0
 0.0
 0.0
 0.0
 0.0
 0.0
 0.0
 0.0
 0.0
 0.0
 0.0
 0.0
 0.0
 0.0
 0.0
 0.0
 0.0
 0.0
 0.0
 0.0
 0.0
 0.0
 0.0
 0.0
 0.0
 0.0
 2.0
 2.417712710240965
 0.0
 1.0
x_ij_opt: 1-dimensional DenseAxisArray{Float64,1,...} with index sets:
    Dimension 1, [(43, 30), (43, 22), (43, 6), (44, 22), (45, 30), (45, 29), (45, 28), (45, 24), (45, 23), (40, 29)  …  (5, 7), (5, 14), (6, 4), (6, 3), (1, 14), (1, 10), (1, 23), (1, 1), (3, 2), (3, 1)]
And data, a 116-element Vector{Float64}:
 0.0
 0.0
 1.258411055884425
 0.0
 0.0
 0.0
 1.806553535940856
 0.0
 0.0
 0.0
 0.0
 0.0
 0.0
 0.0
 0.0
 0.0
 0.0
 0.0
 0.3132415802388712
 0.0
 0.0
 0.0
 0.0
 0.0
 0.0
 0.0
 0.0
 2.0
 0.0
 0.0
 0.0
 0.0
 0.0
 0.0
 0.0
 0.0
 0.0
 0.0
 0.0
 0.0
 0.0
 0.0
 0.0
 0.6603295958405093
 0.0
 0.0
 0.0
 0.0
 0.0
 0.0
 0.0
 0.0
 0.0
 0.0
 0.0
 0.3384263985076685
 0.0
 0.0
 0.06653992721631878
 2.0
 0.0
 0.0
 0.0
 0.0
 6.0
 0.0
 0.0
 0.0
 0.0
 0.6867584201449737
 0.0
 0.0
 0.0
 0.0
 0.0
 0.0
 0.41864389448770795
 1.0295453417846256
 0.0
 0.0
 0.0
 0.0
 0.0
 0.0
 0.0
 0.0
 0.0
 0.0
 0.0
 0.0
 0.0
 0.0
 0.0
 0.0
 0.0
 0.0
 0.0
 0.0
 0.0
 0.0
 0.0
 0.0
 0.0
 0.0
 0.0
 0.0
 0.0
 0.0
 0.0
 0.0
 0.0
 0.0
 0.0019730405231468276
 2.5932309852233835
 0.0
 0.0
x_il_opt: 1-dimensional DenseAxisArray{Float64,1,...} with index sets:
    Dimension 1, [(43, 15), (43, 14), (44, 15), (44, 13), (44, 3), (40, 14), (40, 2), (41, 14), (42, 6), (37, 13)  …  (4, 13), (5, 2), (5, 7), (5, 9), (6, 11), (1, 1), (1, 6), (1, 3), (2, 1), (2, 15)]
And data, a 71-element Vector{Float64}:
 0.0
 0.0
 0.0
 2.0142031469626347
 2.0990373389859074
 0.7748025684667337
 0.0
 0.0
 0.31485592606971885
 0.9857968534393985
 0.0
 3.0
 0.0
 0.0
 3.0
 0.0
 0.0
 0.0
 7.339670405189595
 0.0
 1.0627451123288703
 0.0
 3.0
 0.696496490766671
 2.3035035097207057
 0.0
 0.6603295955147124
 0.0
 2.661573602282925
 0.0
 2.9334600727903126
 0.0
 0.0
 0.0
 0.0
 0.0
 0.0
 0.0
 2.3132415803996453
 0.0
 0.0
 0.0
 3.0
 0.0
 0.0
 2.3035035094534
 0.0
 3.0
 0.0
 0.0
 0.0
 0.0
 0.0
 0.0
 3.6628105854103032
 0.0
 0.0
 5.900962661316998
 0.0
 0.0
 0.0
 0.0
 0.0
 0.0
 0.0
 0.0
 0.0
 2.3816405646274523
 0.0
 0.0
 5.417712710439752
x_lj_opt: 1-dimensional DenseAxisArray{Float64,1,...} with index sets:
    Dimension 1, [(15, 30), (15, 29), (15, 23), (15, 3), (14, 28), (14, 27), (14, 10), (14, 24), (13, 26), (13, 25)  …  (3, 6), (3, 5), (3, 29), (2, 4), (2, 3), (2, 1), (2, 5), (1, 2), (1, 1), (1, 14)]
And data, a 53-element Vector{Float64}:
 2.0
 2.4177127100634084
 0.0
 1.0
 0.1934464644531659
 0.5813561057878974
 0.0
 0.0
 2.0
 0.999999999636598
 0.0
 1.338426399367854
 0.998026959968281
 0.663546640668397
 2.0
 0.0
 0.0
 0.0
 0.6615736014222248
 0.0
 0.0
 2.0
 0.9999999999263348
 0.0
 0.0
 0.0
 6.0
 1.9064725633089663
 0.0
 0.09352743640989897
 2.0
 0.8399326369563818
 0.16006736294345236
 1.999999999813884
 6.0
 0.0
 2.0
 1.0
 0.0
 0.0
 0.9704546585061331
 3.755101039156754
 0.0
 0.08125934904056939
 5.0000000006682574
 2.9187406503584326
 2.0
 0.0
 0.0
 1.000000000221436
 2.0
 3.246701652899925
 0.0
q_opt: 1-dimensional DenseAxisArray{Float64,1,...} with index sets:
    Dimension 1, [(43, 15), (43, 14), (44, 15), (44, 13), (44, 3), (40, 14), (40, 2), (41, 14), (42, 6), (37, 13)  …  (4, 13), (5, 2), (5, 7), (5, 9), (6, 11), (1, 1), (1, 6), (1, 3), (2, 1), (2, 15)]
And data, a 71-element Vector{Float64}:
 0.0
 0.0
 0.0
 0.6714010489627291
 0.2623796673710324
 0.9999999979636396
 0.0
 0.0
 0.03935699075726084
 0.3285989511343187
 0.0
 1.0
 0.0
 0.0
 0.3750000000223919
 0.0
 0.0
 0.0
 0.9174588006363238
 0.0
 0.22489315127035492
 0.0
 1.0
 0.23216549691270608
 0.28793793870321993
 0.0
 0.08254119943824638
 0.0
 1.0
 0.06479499636865078
 0.5591055613231715
 0.0
 0.1541661392996143
 0.0
 0.0
 0.0
 0.0
 0.0
 0.4408944387149424
 0.0
 0.0
 0.0
 1.0
 0.0
 0.0
 0.7678345031196562
 0.0
 1.0
 0.0
 0.0
 0.0
 0.0
 0.0
 0.0
 0.7751068487662092
 0.0
 0.0
 0.7376203326584233
 0.0
 0.0
 0.0
 0.0
 0.0
 0.0
 0.781038864331735
 0.0
 0.0
 0.29770507056644285
 0.0
 0.0
 1.0

