objective value: -623.146190463
objective bound: -623.208511312
termination status: OPTIMAL
BARON solution time: 1720.63


w_opt: 1-dimensional DenseAxisArray{Float64,1,...} with index sets:
    Dimension 1, [(25, 1, 2), (25, 1, 1), (25, 1, 14), (20, 1, 2), (20, 1, 1), (20, 1, 14), (1, 1, 2), (1, 1, 1), (1, 1, 14), (2, 1, 2)  …  (20, 15, 23), (20, 15, 3), (8, 15, 30), (8, 15, 29), (8, 15, 23), (8, 15, 3), (2, 15, 30), (2, 15, 29), (2, 15, 23), (2, 15, 3)]
And data, a 261-element Vector{Float64}:
 1.0767460464608722
 1.9232539538853317
 0.0
 0.7966019495731926
 1.422868330211659
 0.0
 0.0
 0.0
 0.0
 0.0
 0.0
 0.0
 0.0
 0.0
 0.0
 0.0
 1.8874074072289482
 0.0
 0.5612931534450242
 0.5512994397253597
 0.0
 0.0
 0.0
 0.0
 0.0
 0.0
 0.0
 0.0
 0.14041672288249482
 3.4499796172291095
 1.2475296748727671
 0.0
 0.0
 0.0
 0.0
 0.0
 0.0
 0.0
 0.0
 0.0
 0.08134942117751252
 1.9987209441609057
 0.7227473684709073
 0.42615951901553495
 1.5148878734796474
 0.047059051520829835
 0.0
 0.0
 0.0
 0.593461656045045
 2.1096040942469565
 0.06553354178753938
 0.0
 0.0
 0.0
 0.0
 0.0
 0.0
 0.0
 2.0
 1.0
 0.0
 0.0
 0.0
 0.0
 0.0
 0.0
 0.0
 0.0
 0.0
 0.0
 0.0
 0.0
 0.0
 0.7500000001112671
 2.2500000001939027
 0.0
 0.4752812595576969
 1.4258437785698996
 0.0
 0.0
 0.0
 0.0
 0.0
 0.0
 0.0
 0.0
 0.0
 0.0
 0.0
 0.0
 0.0
 0.7747187406326451
 2.3241562217548695
 0.0
 0.0
 0.0
 0.0
 0.0
 0.0
 0.0
 2.0
 0.9832767081625736
 0.016723291953879133
 0.0
 0.0
 0.0
 0.0
 0.0
 0.0
 0.0
 0.0
 0.0
 0.0
 0.0
 0.0
 0.0
 0.0
 4.830133627110978
 1.5965819192561277
 0.0
 0.013462622751664077
 0.0
 1.1698663739382937
 0.3866947883357341
 0.0
 0.0032606695532496305
 0.0
 0.0
 0.0
 0.0
 0.0
 0.0
 0.0
 0.0
 0.0
 0.0
 0.0
 0.0
 0.0
 0.0
 0.0
 0.0
 0.0
 0.0
 0.0
 0.0
 0.0
 0.0
 0.0
 0.0
 0.0
 0.0
 0.7325833082915006
 0.366291654090118
 0.0
 0.0
 1.267416691969343
 0.6337083458883241
 0.0
 0.0
 0.0
 0.0
 0.0
 0.0
 0.0
 0.0
 0.0
 0.0
 0.0
 0.0
 0.0
 0.0
 2.0
 0.0
 0.0
 0.0
 0.6077686740526101
 0.0
 0.0
 0.0
 0.0
 0.0
 0.0
 0.0
 0.0
 0.0
 0.0
 0.0
 0.0
 0.0
 0.0
 0.0
 0.0
 1.392231326931736
 0.9775539673216885
 0.6302147060409876
 0.0
 0.0
 0.0
 0.0
 0.0
 0.0
 0.0
 0.0
 0.0
 1.5671118027414794
 0.6843169756826322
 0.09923892555168076
 0.43288819765153264
 0.18903101980810988
 0.027413078979909453
 0.0
 0.0
 0.0
 0.0
 0.0
 0.0
 0.0
 0.0
 0.0
 0.0
 0.0
 0.0
 0.0
 0.3365862028506657
 0.9089027035550691
 0.0
 0.0
 0.0
 0.0
 0.0
 0.0
 0.0
 0.0
 0.0
 0.0
 0.0
 0.0
 0.0
 0.0
 0.0
 0.0
 0.0
 0.0
 0.0
 0.0
 0.0
 0.0
 0.0
 0.0
 0.0
 0.0
 0.0
 0.0
 0.0
 0.0
 0.6374508346853052
 3.399508252142932
 0.0
 0.8669559971575301
x_ij_opt: 1-dimensional DenseAxisArray{Float64,1,...} with index sets:
    Dimension 1, [(43, 30), (43, 22), (43, 6), (44, 22), (45, 30), (45, 29), (45, 28), (45, 24), (45, 23), (40, 29)  …  (5, 7), (5, 14), (6, 4), (6, 3), (1, 14), (1, 10), (1, 23), (1, 1), (3, 2), (3, 1)]
And data, a 116-element Vector{Float64}:
 0.0
 0.0
 1.3179844957811964
 0.0
 1.3625491656657456
 0.0
 1.6634137974570573
 0.0
 0.0
 0.0
 0.0
 0.0
 0.0
 0.0
 0.0
 0.0
 0.0
 0.0
 0.2194702795221693
 0.0
 0.0
 0.0
 0.0
 0.0
 0.0
 0.0
 0.0
 2.0
 0.0
 0.0
 0.0
 0.0
 0.0
 0.0
 0.0
 0.0
 0.0
 0.0
 0.0
 0.0
 0.0
 0.0
 0.0
 0.46024936093933255
 0.0
 0.0
 0.0
 0.0
 0.0
 0.0
 0.0
 0.0
 0.0
 0.0
 0.0
 0.3922313259311118
 0.0
 0.0
 0.0
 2.0
 0.0
 0.0
 0.0
 0.0
 6.0
 0.0
 0.0
 0.0
 0.0
 0.7805297208523445
 0.0
 0.0
 0.0
 0.0
 0.0
 0.0
 0.09109729649584786
 0.9803788252656633
 0.0
 0.0
 0.0
 0.0
 0.0
 0.0
 0.0
 0.0
 0.0
 0.0
 0.0
 0.0
 0.0
 0.0
 0.0
 0.0
 0.0
 0.0
 0.0
 0.1266520050884098
 0.0
 0.13304400340642195
 0.0
 0.0
 0.0
 0.0
 0.0
 0.0
 0.0
 0.0
 0.0
 0.0
 0.0
 0.0
 0.022446033267807558
 2.075861271656523
 0.0
 0.0
x_il_opt: 1-dimensional DenseAxisArray{Float64,1,...} with index sets:
    Dimension 1, [(43, 15), (43, 14), (44, 15), (44, 13), (44, 3), (40, 14), (40, 2), (41, 14), (42, 6), (37, 13)  …  (4, 13), (5, 2), (5, 7), (5, 9), (6, 11), (1, 1), (1, 6), (1, 3), (2, 1), (2, 15)]
And data, a 71-element Vector{Float64}:
 0.0
 0.0
 0.0
 2.3506677039757924
 4.8379260149843715
 1.2454889062088332
 0.0
 0.0
 0.0
 0.6493322964395519
 0.0
 3.0
 0.0
 0.0
 3.0
 0.0
 0.0
 0.0
 6.440178168952937
 0.0
 1.988106444016012
 0.0
 3.0
 1.0988749623816187
 1.9011250381101787
 0.0
 1.559821831786983
 0.0
 2.607768674857617
 0.0
 3.0
 0.0
 0.0
 0.0
 0.0
 0.0
 0.0
 0.0
 2.2194702797413086
 0.0
 0.0
 0.0
 3.0
 0.0
 0.0
 1.9011250378576672
 0.0
 3.0
 0.0
 0.0
 0.0
 0.0
 0.0
 0.0
 2.768599292079541
 0.0
 0.0
 0.0
 0.0
 0.0
 0.0
 0.0
 0.0
 0.0
 0.0
 0.0
 0.0
 3.0988749623459437
 2.8028177338093254
 0.0
 4.903915083887387
x_lj_opt: 1-dimensional DenseAxisArray{Float64,1,...} with index sets:
    Dimension 1, [(15, 30), (15, 29), (15, 23), (15, 3), (14, 28), (14, 27), (14, 10), (14, 24), (13, 26), (13, 25)  …  (3, 6), (3, 5), (3, 29), (2, 4), (2, 3), (2, 1), (2, 5), (1, 2), (1, 1), (1, 14)]
And data, a 53-element Vector{Float64}:
 0.637450834631877
 3.3995082518331365
 0.0
 0.8669559970828331
 0.3365862029360127
 0.9089027037874753
 0.0
 0.0
 2.0
 0.8733479954052576
 0.12665200451924433
 1.392231326794395
 0.9775539672252822
 0.6302147059788685
 2.0
 0.0
 0.0
 0.0
 0.6077686739977842
 0.0
 0.0
 2.0
 0.9999999999463469
 0.0
 0.0
 0.0
 6.0
 1.9832767074416824
 0.0
 0.01672329230695287
 2.0
 0.9832767081008039
 0.01672329195287337
 2.0
 6.0
 0.0
 2.0
 1.0
 0.0
 0.0
 1.0196211750221598
 3.624491967586422
 0.11259259330533977
 0.2217661440524953
 5.448700561209645
 1.9702770432782293
 1.8874074070859397
 0.0
 0.5612931533999834
 0.5512994396810572
 1.8733479959624704
 3.346122283966396
 0.0
q_opt: 1-dimensional DenseAxisArray{Float64,1,...} with index sets:
    Dimension 1, [(43, 15), (43, 14), (44, 15), (44, 13), (44, 3), (40, 14), (40, 2), (41, 14), (42, 6), (37, 13)  …  (4, 13), (5, 2), (5, 7), (5, 9), (6, 11), (1, 1), (1, 6), (1, 3), (2, 1), (2, 15)]
And data, a 71-element Vector{Float64}:
 0.0
 0.0
 0.0
 0.7835559012935291
 0.6331747502863755
 0.9999999997432181
 0.0
 0.0
 0.0
 0.21644409880443
 0.0
 1.0
 0.0
 0.0
 0.37500000002061973
 0.0
 0.0
 0.0
 0.805022271106715
 0.0
 0.4179586786306142
 0.0
 1.0
 0.3662916541096976
 0.23764062975284914
 0.0
 0.1949777289706509
 0.0
 1.0
 0.1911139520375827
 0.5747709708940173
 0.0
 0.23271591055335725
 0.0
 0.0
 0.0
 0.0
 0.0
 0.42522902914509525
 0.0
 0.0
 0.0
 1.0
 0.0
 0.0
 0.6337083459223967
 0.0
 1.0
 0.0
 0.0
 0.0
 0.0
 0.0
 0.0
 0.5820413214080888
 0.0
 0.0
 0.0
 0.0
 0.0
 0.0
 0.0
 0.0
 0.0
 0.5761701374090601
 0.0
 0.0
 0.3873593702805315
 0.36682524974674313
 0.0
 1.0

