objective value: -623.722266385
objective bound: -623.784644842
termination status: OPTIMAL
BARON solution time: 1593.01


w_opt: 1-dimensional DenseAxisArray{Float64,1,...} with index sets:
    Dimension 1, [(25, 1, 2), (25, 1, 1), (25, 1, 14), (20, 1, 2), (20, 1, 1), (20, 1, 14), (1, 1, 2), (1, 1, 1), (1, 1, 14), (2, 1, 2)  …  (20, 15, 23), (20, 15, 3), (8, 15, 30), (8, 15, 29), (8, 15, 23), (8, 15, 3), (2, 15, 30), (2, 15, 29), (2, 15, 23), (2, 15, 3)]
And data, a 261-element Vector{Float64}:
 1.1375931823467758
 1.793620318283672
 0.0
 0.8624068060588729
 1.3597394868192483
 0.0
 0.0
 0.0
 0.0
 0.0
 0.0
 0.0
 0.0
 0.0
 0.0
 0.0
 1.9999999941182076
 0.0
 0.0
 1.000000004186067
 0.0
 0.0
 0.0
 0.0
 0.0
 0.0
 0.0
 0.0
 0.0
 2.768571264033362
 1.0322355499165605
 0.0
 0.0
 0.0
 0.0
 0.0
 0.0
 0.0
 0.0
 0.0
 0.0
 2.2314287283930487
 0.8319670475835934
 0.0399472644006967
 0.12667451463770507
 0.0
 0.0
 1.4092801359224663e-8
 0.0
 0.9399645272303986
 2.980668440002812
 0.0
 0.0
 0.0
 0.0
 0.0
 0.0
 0.0
 0.0
 1.9999999992070898
 0.9999999965923546
 0.0
 0.0
 0.0
 0.0
 0.0
 0.0
 0.0
 0.0
 0.0
 0.0
 0.12359066401736797
 0.37077199198626154
 0.0
 0.7499999988915091
 2.2499999962942416
 0.0
 0.5139230197985066
 1.5417690591346116
 0.0
 0.0
 0.0
 0.0
 0.0
 0.0
 0.0
 0.0
 0.0
 0.0
 0.0
 0.0
 0.0
 0.6124863165749077
 1.8374589494143059
 0.0
 0.0
 0.0
 0.0
 0.0
 0.0
 0.0
 1.6159197371868874
 0.9312135121042218
 0.4528667353247048
 0.0
 0.0
 0.0
 0.0
 0.0
 0.0
 0.0
 0.0
 0.0
 0.0
 0.0
 0.0
 0.0
 0.0
 5.448790955571887
 1.8162636591790056
 0.0
 0.0
 0.0
 0.5512090320272556
 0.1837363447499988
 0.0
 0.0
 0.0
 0.0
 0.0
 0.0
 0.0
 0.0
 0.0
 0.0
 0.0
 0.0
 0.0
 0.0
 0.0
 0.0
 0.0
 0.0
 0.0
 0.0
 0.0
 0.0
 1.2460617292470609e-8
 0.0
 0.0
 0.0
 0.06070479844736471
 0.0
 0.6295386143341789
 0.3147693058715341
 0.0
 0.0
 1.370461384504292
 0.6852306894335181
 0.0
 0.0
 0.0
 0.0
 0.0
 0.0
 0.0
 0.0
 0.0
 0.0
 0.0
 0.0
 0.0
 0.0
 1.546143572459114
 0.0
 0.0
 0.0
 0.5611993923079478
 0.0
 0.0
 0.0
 0.0
 0.0
 0.0
 0.0
 0.0
 0.0
 0.0
 0.0
 0.0
 0.0
 0.0
 0.0
 0.0
 1.4388006068814037
 0.9071145003288733
 0.0
 0.0
 0.0
 0.0
 0.0
 0.0
 0.0
 0.0
 0.0
 0.0
 1.5446932541893847
 0.7723466178223946
 0.0
 0.4553067440739515
 0.2276533693015384
 0.0
 0.0
 0.0
 0.0
 0.0
 0.0
 0.0
 0.0
 0.0
 0.0
 0.0
 0.0
 0.0
 0.0
 0.6502787096142414
 0.7895876403669546
 0.0
 0.0
 0.0
 0.0
 0.0
 0.0
 0.0
 0.0
 0.0
 0.0
 0.0
 0.0
 0.0
 0.0
 0.0
 0.0
 0.0
 0.0
 0.0
 0.0
 0.0
 0.0
 0.0
 0.0
 0.0
 0.0
 0.0
 0.0
 0.0
 0.0
 1.0568528247810098
 4.1357973987177985
 0.0
 0.8335572648328381
x_ij_opt: 1-dimensional DenseAxisArray{Float64,1,...} with index sets:
    Dimension 1, [(43, 30), (43, 22), (43, 6), (44, 22), (45, 30), (45, 29), (45, 28), (45, 24), (45, 23), (40, 29)  …  (5, 7), (5, 14), (6, 4), (6, 3), (1, 14), (1, 10), (1, 23), (1, 1), (3, 2), (3, 1)]
And data, a 116-element Vector{Float64}:
 0.0
 0.4538564251388872
 1.265054611725517
 0.0
 0.9431471752044817
 0.0
 1.3497212789215904
 0.0
 0.0
 0.0
 0.0
 0.0
 0.0
 0.0
 0.0
 0.0
 0.0
 0.0
 0.22214629090113996
 0.0
 0.0
 0.0
 0.0
 0.0
 0.0
 0.0
 0.0
 1.9999999872302214
 0.0
 0.0
 0.0
 0.0
 0.0
 0.0
 0.0
 0.0
 0.0
 0.0
 0.0
 0.0
 0.0
 0.0
 0.0
 0.7349453798073154
 0.0
 0.0
 0.0
 0.0
 0.0
 0.0
 0.0
 0.0
 0.0
 0.0
 0.0
 0.8926570236195805
 0.0
 0.0
 0.06878647715403377
 1.9392951853478446
 0.0
 0.0
 0.0
 0.0
 5.999999994260198
 0.0
 0.0
 0.0
 0.0
 0.7778537067187895
 0.0
 0.0
 0.0
 0.0
 0.0
 0.0
 0.21041234483747095
 1.0200882030595315
 0.0
 0.0
 0.0
 0.0
 0.0
 0.0
 0.0
 0.0
 0.0
 0.0
 0.0
 0.0
 0.0
 0.0
 0.0
 0.0
 0.0
 0.0
 0.0
 1.2186250710498159e-8
 0.0
 0.16644273430208975
 0.0
 0.0
 0.0
 0.0
 0.0
 0.38408025405049157
 0.0
 0.0
 0.0
 0.0
 0.0
 0.0
 0.09288549944278042
 2.393773454584087
 0.0
 0.0
x_il_opt: 1-dimensional DenseAxisArray{Float64,1,...} with index sets:
    Dimension 1, [(43, 15), (43, 14), (44, 15), (44, 13), (44, 3), (40, 14), (40, 2), (41, 14), (42, 6), (37, 13)  …  (4, 13), (5, 2), (5, 7), (5, 9), (6, 11), (1, 1), (1, 6), (1, 3), (2, 1), (2, 15)]
And data, a 71-element Vector{Float64}:
 0.0
 0.0
 0.0
 2.3170398800403462
 3.8008068162686097
 1.4398663500119595
 0.0
 0.0
 0.4943626562065206
 0.6829601157474088
 0.0
 2.3459151099577524
 0.0
 0.0
 2.999999996337852
 0.0
 0.0
 0.0
 7.265054619294003
 0.0
 0.16662177908800443
 1.4869455425846096e-8
 2.9999999993687148
 0.9443079202057132
 2.0556920797266174
 0.0
 0.7349453772513725
 0.0
 2.1073429760635607
 1.2445097426843691e-8
 2.9312135007950793
 0.0
 0.0
 0.0
 0.0
 0.0
 0.0
 0.0
 2.2221462930066376
 0.0
 0.0
 0.0
 2.9999999966477264
 0.0
 1.8520756874012736e-8
 2.0556920739378097
 0.0
 2.9999999846158145
 0.0
 0.0
 0.0
 0.0
 0.0
 0.0
 3.92063296812516
 0.0
 0.0
 0.0
 0.0
 0.0
 0.0
 0.0
 0.0
 1.4001926254918746e-8
 0.0607047991122194
 0.0
 0.0
 2.4499452669322563
 3.0633957778469383
 0.0
 6.026207488429492
x_lj_opt: 1-dimensional DenseAxisArray{Float64,1,...} with index sets:
    Dimension 1, [(15, 30), (15, 29), (15, 23), (15, 3), (14, 28), (14, 27), (14, 10), (14, 24), (13, 26), (13, 25)  …  (3, 6), (3, 5), (3, 29), (2, 4), (2, 3), (2, 1), (2, 5), (1, 2), (1, 1), (1, 14)]
And data, a 53-element Vector{Float64}:
 1.0568528249210372
 4.135797399338127
 0.0
 0.8335572649401334
 0.6502787208267787
 0.789587653981576
 0.0
 0.0
 1.9999999995687137
 0.9999999877836199
 1.0385577406252108e-8
 1.4388006072974286
 0.9071145005912916
 0.0
 1.54614357419145
 0.0
 0.0
 0.0
 0.5611993929357926
 0.0
 0.0
 1.9999999994830877
 0.9999999956302571
 0.06070481438445979
 0.0
 0.0
 5.999999990187981
 2.0000000047965645
 0.0
 0.0
 1.6159197452378844
 0.9312135167466704
 0.4528667375851735
 1.9999999994524988
 5.999999997304627
 0.0
 1.999999999769148
 0.9999999968768205
 0.0
 0.0
 0.9799117965556816
 3.1073429702566697
 0.0
 0.0
 4.999999995130737
 1.8642025985115422
 1.9999999945245615
 0.0
 0.0
 1.000000004392138
 1.999999989179276
 3.1533598063229804
 0.0
q_opt: 1-dimensional DenseAxisArray{Float64,1,...} with index sets:
    Dimension 1, [(43, 15), (43, 14), (44, 15), (44, 13), (44, 3), (40, 14), (40, 2), (41, 14), (42, 6), (37, 13)  …  (4, 13), (5, 2), (5, 7), (5, 9), (6, 11), (1, 1), (1, 6), (1, 3), (2, 1), (2, 15)]
And data, a 71-element Vector{Float64}:
 0.0
 0.0
 0.0
 0.7723466272627757
 0.5537142533410021
 0.9999999827571708
 0.0
 0.0
 0.06179533202439678
 0.22765337208745984
 0.0
 0.9999999997108956
 0.0
 0.0
 0.37499999955103736
 0.0
 0.0
 0.0
 0.9081318274137055
 0.0
 0.04076618379439412
 1.0337233651711479e-8
 0.9999999997968837
 0.31476930724892255
 0.25696150997099765
 0.0
 0.09186817215368519
 0.0
 0.999999998878943
 2.0526569013428055e-7
 0.5687965942507254
 0.0
 5.7268635937738854e-8
 0.0
 0.0
 0.0
 0.0
 0.0
 0.4312034053623451
 0.0
 0.0
 0.0
 0.9999999997201721
 0.0
 0.0
 0.6852306924297265
 0.0
 0.9999999950196101
 0.0
 0.0
 0.0
 0.0
 0.0
 0.0
 0.9592338111800393
 0.0
 0.0
 0.0
 0.0
 0.0
 0.0
 0.0
 0.0
 0.0
 0.9999997374656743
 0.0
 0.0
 0.3062431583732836
 0.44628574610831956
 0.0
 0.9999999998478384

