objective value: -627.619496146
objective bound: -627.682264342
termination status: OPTIMAL
BARON solution time: 23.95


w_opt: 1-dimensional DenseAxisArray{Float64,1,...} with index sets:
    Dimension 1, [(25, 1, 2), (25, 1, 1), (25, 1, 14), (20, 1, 2), (20, 1, 1), (20, 1, 14), (1, 1, 2), (1, 1, 1), (1, 1, 14), (2, 1, 2)  …  (20, 15, 23), (20, 15, 3), (8, 15, 30), (8, 15, 29), (8, 15, 23), (8, 15, 3), (2, 15, 30), (2, 15, 29), (2, 15, 23), (2, 15, 3)]
And data, a 261-element Vector{Float64}:
 1.4899879292373501
 0.0
 0.0
 0.5100120663432584
 0.0
 0.0
 0.0
 0.0
 0.0
 0.0
 0.0
 0.0
 0.0
 0.0
 0.0
 0.0
 1.9999999998366071
 0.0
 0.0
 1.0000000001674192
 0.0
 0.0
 0.0
 0.0
 0.0
 0.0
 0.0
 0.0
 1.040445776064071
 3.5118166658714087
 0.0
 0.0
 0.0
 0.0
 0.0
 0.0
 0.0
 0.0
 0.0
 0.0
 0.0
 0.0
 0.0
 0.0
 0.0
 0.0
 0.0
 0.0
 0.0
 0.9744238749263769
 0.45914165539315777
 0.0
 0.0
 0.0
 0.0
 0.0
 0.0
 0.0
 0.0
 1.9999999999707025
 0.9999999995051775
 0.0
 0.0
 0.0
 0.0
 0.0
 0.0
 0.0
 0.0
 0.0
 0.0
 0.2744113758955155
 0.8232341275958986
 0.0
 0.7499999998945934
 2.249999999617005
 0.0
 0.4740477475908402
 1.422143242699023
 0.0
 0.0
 0.0
 0.0
 0.0
 0.0
 0.0
 0.0
 0.0
 0.0
 0.0
 0.0
 0.0
 0.5015408767937612
 1.5046226303090011
 0.0
 0.0
 0.0
 0.0
 0.0
 0.0
 0.0
 1.999999999381184
 0.9256459422074638
 0.0
 0.0
 0.0
 0.0
 0.0
 0.0
 0.0
 0.0
 0.0
 0.0
 0.0
 0.0
 0.0
 0.0
 0.0
 4.016875284642111
 3.023570491028926
 0.0
 0.0
 0.0
 0.547466703525556
 0.4120875188435555
 0.0
 0.0
 0.0
 0.0
 0.0
 0.0
 0.0
 0.0
 0.0
 0.0
 0.0
 0.0
 0.0
 0.0
 0.0
 0.0
 0.0
 0.0
 0.0
 0.0
 0.0
 0.0
 0.0
 0.0
 0.0
 0.0
 0.17194832495183884
 0.0
 0.7358726737357448
 0.36793633624098876
 0.0
 0.0
 1.2641273262183175
 0.6320636620327958
 0.0
 0.0
 0.0
 0.0
 0.0
 0.0
 0.0
 0.0
 0.0
 0.0
 0.0
 0.0
 0.0
 0.0
 1.6052712449828432
 0.0
 0.0
 0.0
 0.4757789848830425
 0.0
 0.0
 0.0
 0.0
 0.0
 0.0
 0.0
 0.0
 0.0
 0.0
 0.0
 0.0
 0.0
 0.0
 0.0
 0.0
 1.5242210154586087
 0.9418087959972767
 0.0
 0.0
 0.0
 0.0
 0.0
 0.0
 0.0
 0.0
 0.0
 0.0
 1.396980113768342
 0.6984900528138269
 0.0
 0.603019886131653
 0.30150994130374154
 0.0
 0.0
 0.0
 0.0
 0.0
 0.0
 0.0
 0.0
 0.0
 0.0
 0.14859297762749113
 0.615229410578009
 0.0
 0.0
 0.0929315191851948
 0.38477056374930835
 0.0
 0.0
 0.0
 0.0
 0.0
 0.0
 0.0
 1.537760442209005e-8
 0.0
 0.0
 0.0
 0.0
 0.0
 0.0
 0.0
 0.0
 0.0
 0.0
 0.0
 0.0
 0.0
 0.0
 0.0
 0.0
 0.0
 0.0
 0.0
 0.0
 0.0
 0.0
 0.4366623113506466
 4.904884604544848
 0.0
 0.7671195882939562
x_ij_opt: 1-dimensional DenseAxisArray{Float64,1,...} with index sets:
    Dimension 1, [(43, 30), (43, 22), (43, 6), (44, 22), (45, 30), (45, 29), (45, 28), (45, 24), (45, 23), (40, 29)  …  (5, 7), (5, 14), (6, 4), (6, 3), (1, 14), (1, 10), (1, 23), (1, 1), (3, 2), (3, 1)]
And data, a 116-element Vector{Float64}:
 0.0
 0.3947287541251975
 0.0
 0.0
 1.563337689048165
 0.0
 1.7584754995836522
 0.0
 0.0
 1.0951153964648157
 0.0
 0.0
 0.0
 0.0
 0.0
 0.0
 0.0
 0.0
 0.26693791434249253
 0.0
 0.06435471106359333
 0.0
 0.0
 0.0
 0.0
 0.0
 0.0
 1.9999999972286893
 0.0
 0.0
 0.0
 0.0
 0.0
 0.0
 0.0
 0.0
 0.0
 0.0
 0.0
 0.0
 0.0
 0.0
 0.0
 0.9595542241320933
 0.0
 0.0
 0.0
 0.0
 0.0
 0.0
 0.0
 0.0
 0.0
 0.0
 0.0
 0.9189497672375119
 0.0
 1.4356580112643897
 0.07435405755001215
 1.8280516726366889
 0.0
 0.0
 0.0
 0.0
 6.0
 0.0
 0.0
 0.0
 0.0
 0.7330620856312342
 0.0
 0.0
 0.0
 0.0
 0.0
 0.0
 0.0
 1.0255761242195738
 0.0
 0.0
 0.0
 0.0
 0.0
 0.0
 0.0
 0.0
 0.0
 0.0
 0.0
 1.4881833325196887
 0.0
 0.0
 1.186250565545258
 0.0
 0.0
 0.0
 0.0
 0.0
 0.0
 0.23288041210545873
 0.0
 0.0
 0.0
 0.0
 0.0
 0.0
 0.0
 0.0
 0.0
 0.0
 0.0
 0.0
 0.058191204434546215
 5.9356452889953895
 0.0
 0.0
x_il_opt: 1-dimensional DenseAxisArray{Float64,1,...} with index sets:
    Dimension 1, [(43, 15), (43, 14), (44, 15), (44, 13), (44, 3), (40, 14), (40, 2), (41, 14), (42, 6), (37, 13)  …  (4, 13), (5, 2), (5, 7), (5, 9), (6, 11), (1, 1), (1, 6), (1, 3), (2, 1), (2, 15)]
And data, a 71-element Vector{Float64}:
 0.0
 0.7638223882298119
 0.0
 2.0954701697124523
 4.5522624419244115
 0.47770208285422927
 0.0
 0.0
 1.0976455035469752
 0.9045298288415494
 0.0
 2.4660298117436303
 0.0
 0.0
 2.9999999995935505
 0.0
 0.0
 0.0
 7.0404457764783634
 0.0
 0.0
 1.8901746439485405e-8
 3.0
 1.1038090099767337
 1.8961909903642382
 0.0
 0.959554222590909
 0.0
 2.0810502332935323
 0.0
 1.4899879298042487
 0.0
 0.0
 0.0
 0.0
 0.0
 0.0
 0.0
 0.5100120665315608
 0.0
 0.0
 0.0
 2.9999999997205893
 0.0
 0.0
 1.8961909882511132
 0.0
 2.9256459418417275
 0.0
 0.0
 0.0
 0.0
 0.0
 0.0
 1.433565530507688
 0.0
 0.0
 0.0
 0.0
 0.0
 0.0
 0.0
 0.0
 0.0
 0.17194832500881455
 0.0
 0.0
 2.006163507178398
 0.0
 0.0
 6.108666504279622
x_lj_opt: 1-dimensional DenseAxisArray{Float64,1,...} with index sets:
    Dimension 1, [(15, 30), (15, 29), (15, 23), (15, 3), (14, 28), (14, 27), (14, 10), (14, 24), (13, 26), (13, 25)  …  (3, 6), (3, 5), (3, 29), (2, 4), (2, 3), (2, 1), (2, 5), (1, 2), (1, 1), (1, 14)]
And data, a 53-element Vector{Float64}:
 0.43666231117288895
 4.904884604382168
 0.0
 0.7671195881458985
 0.24152450064218964
 0.9999999902370559
 0.0
 0.0
 2.0
 0.9999999942443104
 0.0
 1.5242210154200182
 0.9418087959635383
 0.0
 1.605271246182217
 0.0
 0.0
 0.0
 0.4757789852276186
 0.0
 0.0
 2.0
 0.9999999983175174
 0.17194832757591866
 0.0
 0.0
 4.564341988844496
 3.435658010417617
 0.0
 0.0
 2.0
 0.9256459425392616
 0.0
 2.0
 6.0
 0.0
 2.0
 0.9999999995697745
 0.0
 0.0
 0.9744238758934776
 0.45914165584312455
 0.0
 1.040445776255727
 3.511816666589168
 0.0
 1.9999999999188312
 0.0
 0.0
 1.0000000002351124
 1.9999999959736134
 0.0
 0.0
q_opt: 1-dimensional DenseAxisArray{Float64,1,...} with index sets:
    Dimension 1, [(43, 15), (43, 14), (44, 15), (44, 13), (44, 3), (40, 14), (40, 2), (41, 14), (42, 6), (37, 13)  …  (4, 13), (5, 2), (5, 7), (5, 9), (6, 11), (1, 1), (1, 6), (1, 3), (2, 1), (2, 15)]
And data, a 71-element Vector{Float64}:
 0.0
 0.6152294165878273
 0.0
 0.6984900568547416
 0.9999999997989256
 0.38477056750916916
 0.0
 0.0
 0.13720568793354673
 0.3015099430609792
 0.0
 1.0
 0.0
 0.0
 0.37499999993746835
 0.0
 0.0
 0.0
 0.8800557220510143
 0.0
 0.0
 1.5380966053755424e-8
 1.0
 0.36793633686332355
 0.2370238737848312
 0.0
 0.11994427781227147
 0.0
 0.9999999992758037
 0.0
 0.7449939661204352
 0.0
 0.0
 0.0
 0.0
 0.0
 0.0
 0.0
 0.2550060336869489
 0.0
 0.0
 0.0
 0.9999999999731406
 0.0
 0.0
 0.6320636630999958
 0.0
 0.9999999996683941
 0.0
 0.0
 0.0
 0.0
 0.0
 0.0
 0.9999999990087897
 0.0
 0.0
 0.0
 0.0
 0.0
 0.0
 0.0
 0.0
 0.0
 0.9999999847470871
 0.0
 0.0
 0.25077043838650376
 0.0
 0.0
 1.0

