objective value: -619.740018613
objective bound: -619.80199881
termination status: OPTIMAL
BARON solution time: 6277.72


w_opt: 1-dimensional DenseAxisArray{Float64,1,...} with index sets:
    Dimension 1, [(25, 1, 2), (25, 1, 1), (25, 1, 14), (20, 1, 2), (20, 1, 1), (20, 1, 14), (1, 1, 2), (1, 1, 1), (1, 1, 14), (2, 1, 2)  …  (20, 15, 23), (20, 15, 3), (8, 15, 30), (8, 15, 29), (8, 15, 23), (8, 15, 3), (2, 15, 30), (2, 15, 29), (2, 15, 23), (2, 15, 3)]
And data, a 261-element Vector{Float64}:
 0.9894914821585284
 0.8755650615283016
 0.0
 1.010508518129067
 0.894162273050065
 0.0
 0.0
 0.0
 0.0
 0.0
 0.0
 0.0
 0.0
 0.0
 0.0
 0.0
 2.0
 0.0
 0.0
 1.0000000002892704
 0.0
 0.0
 0.0
 0.0
 0.0
 0.0
 0.0
 0.0
 0.0
 0.9859926851681784
 0.45591444271633386
 0.0
 0.0
 0.0
 0.0
 4.014007315549105
 1.8560420739994756
 0.0
 0.0
 0.0
 0.0
 0.0
 0.0
 0.0
 0.0
 0.0
 0.0
 0.0
 0.0
 1.0393260536816118
 0.35777650143446693
 0.0
 0.0
 0.0
 0.0
 0.0
 0.0
 0.0
 0.0
 2.0
 1.0
 0.0
 0.0
 0.0
 0.0
 0.0
 0.0
 0.0
 0.0
 0.0
 0.0
 0.600111882727913
 1.8003356485574855
 0.0
 0.0
 0.0
 0.0
 0.5432445026965543
 1.6297335084252829
 0.0
 0.0
 0.0
 0.0
 0.0
 0.0
 0.0
 0.0
 0.0
 0.0
 0.0
 0.0
 0.0
 0.856643614164696
 2.569930843046483
 0.0
 0.0
 0.0
 0.0
 0.0
 0.0
 0.0
 1.956875260938603
 0.8292095083565091
 0.2139152309940589
 0.0
 0.0
 0.0
 0.0
 0.0
 0.0
 0.0
 0.0
 0.0
 0.0
 0.0
 0.0
 0.0
 0.0
 3.957444775610539
 2.32939395806805
 0.0
 0.0
 0.0
 1.0784022613446085
 0.6347590059688218
 0.0
 0.0
 0.0
 0.0
 0.0
 0.0
 0.0
 0.0
 0.0
 0.0
 0.0
 0.0
 0.0
 0.0
 0.0
 0.0
 0.0
 0.0
 0.0
 0.0
 0.0
 0.0
 0.0
 0.0
 0.0
 0.0
 0.0
 0.0
 0.5513479929524047
 0.27567399643092216
 0.0
 0.0
 1.4486520073089346
 0.7243260035354948
 0.0
 0.0
 0.0
 0.0
 0.0
 0.0
 0.0
 0.0
 0.0
 0.0
 0.0
 0.0
 0.0
 0.0
 1.4494194249173271
 0.0
 0.0
 0.0
 0.42093634208220976
 0.0
 0.0
 0.0
 0.0
 0.0
 0.0
 0.0
 0.0
 0.0
 0.0
 0.0
 0.0
 0.0
 0.0
 0.0
 0.0
 1.5790636588872382
 0.9626967374593738
 0.4582396039514552
 0.0
 0.0
 0.0
 0.0
 0.0
 0.0
 0.0
 0.0
 0.0
 1.3377388090465765
 0.6688694042090184
 0.0
 0.6622611913363855
 0.33113059551261026
 0.0
 0.0
 0.0
 0.0
 0.0
 0.0
 0.0
 0.0
 0.0
 0.0
 0.0
 0.0
 0.0
 0.0
 0.427237663643185
 0.5462335148105564
 0.0
 0.0
 0.0
 0.0
 0.0
 0.0
 0.0
 0.0
 0.0
 0.0
 0.0
 0.0
 0.0
 0.0
 0.0
 0.0
 0.0
 0.0
 0.0
 0.0
 0.0
 0.0
 0.0
 0.0
 0.0
 0.0
 0.0
 0.0
 0.0
 0.0
 2.0
 0.2298038806891541
 0.0
 1.0
x_ij_opt: 1-dimensional DenseAxisArray{Float64,1,...} with index sets:
    Dimension 1, [(43, 30), (43, 22), (43, 6), (44, 22), (45, 30), (45, 29), (45, 28), (45, 24), (45, 23), (40, 29)  …  (5, 7), (5, 14), (6, 4), (6, 3), (1, 14), (1, 10), (1, 23), (1, 1), (3, 2), (3, 1)]
And data, a 116-element Vector{Float64}:
 0.0
 0.5505805757447693
 1.4359936059576457
 0.0
 0.0
 0.0
 1.5727623367570271
 0.0
 0.0
 0.0
 0.0
 0.0
 0.0
 0.0
 0.0
 0.0
 0.0
 0.0
 0.31617338386795224
 0.0
 0.0
 0.0
 0.0
 0.0
 0.0
 0.0
 0.0
 2.0
 0.0
 2.999999999720392
 0.0
 0.0
 0.0
 0.0
 0.0
 0.0
 0.0
 0.0
 0.0
 0.0
 0.0
 0.0
 0.0
 0.5640063948891315
 0.0
 0.0
 0.0
 0.0
 0.0
 0.0
 0.0
 0.0
 0.0
 0.0
 0.0
 1.1296442331763867
 0.0
 0.9641529643540785
 0.1707904923918469
 2.0
 0.0
 0.0
 0.0
 0.0
 6.0
 0.0
 0.0
 0.0
 0.0
 0.6838266165158974
 0.0
 0.0
 0.0
 0.0
 0.0
 0.0
 0.4537664854733012
 0.9606739466472854
 0.0
 0.0
 0.0
 0.0
 0.0
 0.0
 0.0
 0.0
 0.0
 0.0
 0.0
 0.0
 0.0
 0.0
 1.5484263024272633
 0.0
 0.0
 0.0
 0.0
 0.0
 0.0
 0.0
 0.0
 0.0
 0.0
 0.0
 0.0
 0.0
 0.0
 0.0
 0.0
 0.0
 0.04312473993353883
 0.0
 0.03730326312691396
 4.016357435612041
 0.0
 0.0
x_il_opt: 1-dimensional DenseAxisArray{Float64,1,...} with index sets:
    Dimension 1, [(43, 15), (43, 14), (44, 15), (44, 13), (44, 3), (40, 14), (40, 2), (41, 14), (42, 6), (37, 13)  …  (4, 13), (5, 2), (5, 7), (5, 9), (6, 11), (1, 1), (1, 6), (1, 3), (2, 1), (2, 15)]
And data, a 71-element Vector{Float64}:
 0.0
 0.0
 0.0
 2.0066082134530414
 1.441907127869506
 0.9734711782572468
 0.0
 0.0
 2.4004475312613147
 0.9933917869467436
 0.0
 3.0
 0.0
 0.0
 0.0
 0.0
 0.0
 0.0
 6.28683873345819
 0.0
 0.0
 0.0
 3.0
 0.8270219893833268
 2.1729780111013968
 0.0
 1.7131612672533747
 0.0
 1.8703557676125453
 0.0
 1.8650565436389202
 0.0
 0.0
 0.0
 0.0
 0.0
 0.0
 0.0
 1.90467079113019
 0.0
 0.0
 0.0
 3.0
 0.0
 0.0
 2.17297801084443
 0.0
 3.0
 0.0
 0.0
 0.0
 0.0
 0.0
 0.0
 1.3971025550276137
 0.0
 0.0
 5.87004938948749
 0.0
 0.0
 0.0
 0.0
 0.0
 0.0
 0.0
 0.0
 0.0
 3.4265744571673524
 0.0
 0.0
 3.2298038808895515
x_lj_opt: 1-dimensional DenseAxisArray{Float64,1,...} with index sets:
    Dimension 1, [(15, 30), (15, 29), (15, 23), (15, 3), (14, 28), (14, 27), (14, 10), (14, 24), (13, 26), (13, 25)  …  (3, 6), (3, 5), (3, 29), (2, 4), (2, 3), (2, 1), (2, 5), (1, 2), (1, 1), (1, 14)]
And data, a 53-element Vector{Float64}:
 2.0
 0.22980388067537508
 0.0
 1.0
 0.427237663637058
 0.5462335148027254
 0.0
 0.0
 2.0
 0.9999999996245168
 0.0
 1.579063658733871
 0.9626967373658084
 0.45823960390683444
 1.449419424829492
 0.0
 0.0
 0.0
 0.4209363420566956
 0.0
 0.0
 2.0
 0.9999999999340733
 0.0
 0.0
 0.0
 5.035847036586743
 2.964152963820025
 0.0
 0.0
 1.9568752607560647
 0.8292095082792053
 0.2139152309741735
 1.999999999776071
 6.0
 0.0
 2.0
 1.0
 0.0
 0.0
 1.0393260536453375
 0.3577765014219798
 0.0
 0.0
 5.000000000664398
 2.3119565166913563
 2.0
 0.0
 0.0
 1.0000000002208989
 2.0
 1.7697273344927376
 0.0
q_opt: 1-dimensional DenseAxisArray{Float64,1,...} with index sets:
    Dimension 1, [(43, 15), (43, 14), (44, 15), (44, 13), (44, 3), (40, 14), (40, 2), (41, 14), (42, 6), (37, 13)  …  (4, 13), (5, 2), (5, 7), (5, 9), (6, 11), (1, 1), (1, 6), (1, 3), (2, 1), (2, 15)]
And data, a 71-element Vector{Float64}:
 0.0
 0.0
 0.0
 0.6688694044601676
 0.19719853700743198
 1.0
 0.0
 0.0
 0.3000559413960403
 0.33113059563694425
 0.0
 1.0
 0.0
 0.0
 0.0
 0.0
 0.0
 0.0
 0.7858548416698661
 0.0
 0.0
 0.0
 1.0
 0.27567399644909646
 0.27162225137663887
 0.0
 0.2141451584032902
 0.0
 1.0
 0.0612974508416389
 0.49474574103188557
 0.0
 0.08308293010052606
 0.0
 0.0
 0.0
 0.0
 0.0
 0.5052542590161512
 0.0
 0.0
 0.0
 1.0
 0.0
 0.0
 0.7243260035832473
 0.0
 1.0
 0.0
 0.0
 0.0
 0.0
 0.0
 0.0
 1.0
 0.0
 0.0
 0.8028014630031449
 0.0
 0.0
 0.0
 0.0
 0.0
 0.0
 0.8556196190578351
 0.0
 0.0
 0.42832180713288664
 0.0
 0.0
 1.0

