objective value: -636.32563346
objective bound: -636.389272387
termination status: OPTIMAL
BARON solution time: 49.93


w_opt: 1-dimensional DenseAxisArray{Float64,1,...} with index sets:
    Dimension 1, [(25, 1, 2), (25, 1, 1), (25, 1, 14), (20, 1, 2), (20, 1, 1), (20, 1, 14), (1, 1, 2), (1, 1, 1), (1, 1, 14), (2, 1, 2)  …  (20, 15, 23), (20, 15, 3), (8, 15, 30), (8, 15, 29), (8, 15, 23), (8, 15, 3), (2, 15, 30), (2, 15, 29), (2, 15, 23), (2, 15, 3)]
And data, a 261-element Vector{Float64}:
 1.207951853000592
 0.0
 0.0
 0.7920481416412399
 0.0
 0.0
 0.0
 0.0
 0.0
 0.0
 0.0
 0.0
 0.0
 0.0
 0.0
 0.0
 1.9999999999234943
 0.0
 0.0
 1.0000000000861617
 0.0
 0.0
 0.0
 0.0
 0.0
 0.0
 0.0
 0.0
 0.0
 1.4112192144877589
 0.8467315278644509
 0.0
 0.0
 0.0
 0.0
 3.5887807865200365
 2.153268469786652
 0.0
 0.0
 0.0
 0.0
 0.0
 0.0
 0.0
 0.0
 0.0
 0.0
 0.0
 0.0
 0.9954552621950946
 0.1022727161454421
 0.0
 0.0
 0.0
 0.0
 0.0
 0.0
 0.0
 0.0
 2.0
 0.9999999998349276
 0.0
 0.0
 0.0
 0.0
 0.0
 0.0
 0.0
 0.0
 0.0
 0.0
 0.16717021348618127
 0.5015106403554552
 0.0
 0.7500000002254475
 2.250000000429671
 0.0
 0.5408049780810665
 1.6224149340487886
 0.0
 0.0
 0.0
 0.0
 0.0
 0.0
 0.0
 0.0
 0.0
 0.0
 0.0
 0.0
 0.0
 0.5420248085439632
 1.6260744254371784
 0.0
 0.0
 0.0
 0.0
 0.0
 0.0
 0.0
 1.8989456555275852
 0.9075864738105762
 0.1934678701848962
 0.0
 0.0
 0.0
 0.0
 0.0
 0.0
 0.0
 0.0
 0.0
 0.0
 0.0
 0.0
 0.0
 0.0
 4.357405724158165
 2.901002869638967
 0.0
 0.0
 0.0
 0.4451960228411553
 0.2963953832632796
 0.0
 0.0
 0.0
 0.0
 0.0
 0.0
 0.0
 0.0
 0.0
 0.0
 0.0
 0.0
 0.0
 0.0
 0.0
 0.0
 0.0
 0.0
 0.0
 0.0
 0.0
 0.0
 0.0
 0.0
 0.0
 0.0
 0.21822430744228657
 0.0
 0.5578533922432289
 0.2789266959797835
 0.0
 0.0
 1.4421466079683922
 0.72107330361724
 0.0
 0.0
 0.0
 0.0
 0.0
 0.0
 0.0
 0.0
 0.0
 0.0
 0.0
 0.0
 0.0
 0.0
 1.525589197026888
 0.0
 0.0
 0.0
 0.4128666830989295
 0.0
 0.0
 0.0
 0.0
 0.0
 0.0
 0.0
 0.0
 0.0
 0.0
 0.0
 0.0
 0.0
 0.0
 0.0
 0.0
 1.5871333177884448
 0.9746313638550286
 0.4382353187118695
 0.0
 0.0
 0.0
 0.0
 0.0
 0.0
 0.0
 0.0
 0.0
 1.4915498618447043
 0.7457749251998139
 0.0
 0.17362589357605815
 0.0868129461199656
 0.0
 0.0
 0.0
 0.0
 0.33482424487156215
 0.1674121211494097
 0.0
 0.0
 0.0
 0.0
 0.0
 0.0
 0.0
 0.0
 0.47834736383147997
 0.5936442951552471
 0.0
 0.0
 0.0
 0.0
 0.0
 0.0
 0.0
 0.0
 0.0
 0.0
 0.0
 0.0
 0.0
 0.0
 0.0
 0.0
 0.0
 0.0
 0.0
 0.0
 0.0
 0.0
 0.0
 0.0
 0.0
 0.0
 0.0
 0.0
 0.0
 0.0
 2.0
 2.5617646849686526
 0.0
 1.0
x_ij_opt: 1-dimensional DenseAxisArray{Float64,1,...} with index sets:
    Dimension 1, [(43, 30), (43, 22), (43, 6), (44, 22), (45, 30), (45, 29), (45, 28), (45, 24), (45, 23), (40, 29)  …  (5, 7), (5, 14), (6, 4), (6, 3), (1, 14), (1, 10), (1, 23), (1, 1), (3, 2), (3, 1)]
And data, a 116-element Vector{Float64}:
 0.0
 0.47441080354692783
 1.2584085922122932
 0.0
 0.0
 0.0
 1.5216526352404824
 0.0
 0.0
 0.0
 0.0
 0.0
 0.0
 0.0
 0.0
 0.0
 0.0
 0.0
 0.30215978536929544
 0.0
 0.0
 0.0
 0.0
 0.0
 0.0
 0.0
 0.0
 1.9999999989497703
 0.0
 0.0
 0.0
 0.0
 0.0
 0.0
 0.0
 0.0
 0.0
 0.0
 0.0
 0.0
 0.0
 0.0
 0.0
 0.7415914069584016
 0.0
 0.0
 0.0
 0.0
 0.0
 0.0
 0.0
 0.0
 0.0
 0.0
 0.0
 1.0615441188874655
 0.0
 1.1973982536533117
 0.09241352617774894
 1.7817756921343997
 0.0
 0.0
 0.0
 0.0
 6.0
 0.0
 0.0
 0.0
 0.0
 0.6978402147466557
 0.0
 0.0
 0.0
 0.0
 0.0
 0.0
 0.40635570329181087
 1.0045447378215806
 0.0
 0.0
 0.0
 0.0
 0.0
 0.0
 0.0
 0.0
 0.0
 0.0
 0.0
 0.0
 0.0
 0.0
 0.0
 0.0
 0.0
 0.0
 0.0
 0.0
 0.0
 0.0
 0.0
 0.0
 0.0
 0.0
 0.0
 0.10105434465330741
 0.0
 0.0
 0.0
 0.0
 0.0
 0.0
 0.025368636677226192
 5.8065321305104645
 0.0
 0.0
x_il_opt: 1-dimensional DenseAxisArray{Float64,1,...} with index sets:
    Dimension 1, [(43, 15), (43, 14), (44, 15), (44, 13), (44, 3), (40, 14), (40, 2), (41, 14), (42, 6), (37, 13)  …  (4, 13), (5, 2), (5, 7), (5, 9), (6, 11), (1, 1), (1, 6), (1, 3), (2, 1), (2, 15)]
And data, a 71-element Vector{Float64}:
 0.0
 0.0
 0.0
 2.2373247914128926
 2.2579507428095686
 1.0719916592053311
 0.0
 0.0
 0.6686808539240237
 0.2604388402487454
 0.0
 3.0
 0.0
 0.0
 3.0
 0.0
 0.0
 0.0
 7.258408594369177
 0.0
 0.0
 0.0
 3.0
 0.8367800882230124
 2.163219912207076
 0.0
 0.7415914065739379
 0.0
 1.938455881977523
 0.0
 1.2079518530867521
 0.5022363670401881
 0.0
 0.0
 0.0
 0.0
 0.0
 0.0
 0.7920481417423981
 0.0
 0.0
 0.0
 3.0
 0.0
 0.0
 2.163219911585632
 0.0
 2.9999999995231272
 0.0
 0.0
 0.0
 0.0
 0.0
 0.0
 1.0977279784750884
 0.0
 0.0
 5.74204925731817
 0.0
 0.0
 0.0
 0.0
 0.0
 0.0
 0.21822430747038574
 0.0
 0.0
 2.1680992340583494
 0.0
 0.0
 5.561764685083512
x_lj_opt: 1-dimensional DenseAxisArray{Float64,1,...} with index sets:
    Dimension 1, [(15, 30), (15, 29), (15, 23), (15, 3), (14, 28), (14, 27), (14, 10), (14, 24), (13, 26), (13, 25)  …  (3, 6), (3, 5), (3, 29), (2, 4), (2, 3), (2, 1), (2, 5), (1, 2), (1, 1), (1, 14)]
And data, a 53-element Vector{Float64}:
 1.9999999999988305
 2.5617646847332414
 0.0
 0.9999999999525031
 0.4783473650896174
 0.5936442967174227
 0.0
 0.0
 2.0
 0.9999999924007433
 0.0
 1.5871333176268239
 0.9746313637539482
 0.4382353186535606
 1.5255891969276532
 0.0
 0.0
 0.0
 0.4128666830663745
 0.0
 0.0
 2.0
 0.9999999995644063
 0.21822430817634425
 0.0
 0.0
 4.802601746717765
 3.1973982527577163
 0.0
 0.0
 1.8989456558812738
 0.9075864739830132
 0.1934678702140332
 2.0
 5.999999999898298
 0.0
 2.0
 0.9999999998034729
 0.0
 0.0
 0.9954552623900713
 0.10227271615933047
 0.0
 0.0
 5.000000000736916
 2.99999999746298
 1.9999999997677425
 0.0
 0.0
 1.0000000000406646
 1.9999999946056763
 0.0
 0.0
q_opt: 1-dimensional DenseAxisArray{Float64,1,...} with index sets:
    Dimension 1, [(43, 15), (43, 14), (44, 15), (44, 13), (44, 3), (40, 14), (40, 2), (41, 14), (42, 6), (37, 13)  …  (4, 13), (5, 2), (5, 7), (5, 9), (6, 11), (1, 1), (1, 6), (1, 3), (2, 1), (2, 15)]
And data, a 71-element Vector{Float64}:
 0.0
 0.0
 0.0
 0.7457749308777156
 0.2822438428585526
 0.9999999973683349
 0.0
 0.0
 0.08358510672930268
 0.08681294679038491
 0.0
 1.0
 0.0
 0.0
 0.3750000000808223
 0.0
 0.0
 0.0
 0.9073010742864958
 0.0
 0.0
 0.0
 1.0
 0.278926696103811
 0.27040248901531433
 0.0
 0.09269892579785852
 0.0
 1.0
 0.0
 0.6039759281295514
 0.16741212243247247
 0.0
 0.0
 0.0
 0.0
 0.0
 0.0
 0.39602407188899563
 0.0
 0.0
 0.0
 1.0
 0.0
 0.0
 0.7210733039346828
 0.0
 0.9999999998242433
 0.0
 0.0
 0.0
 0.0
 0.0
 0.0
 0.9999999998038371
 0.0
 0.0
 0.7177561572006711
 0.0
 0.0
 0.0
 0.0
 0.0
 0.0
 0.9999999966385451
 0.0
 0.0
 0.2710124042467249
 0.0
 0.0
 1.0

