objective value: -634.100660542
objective bound: -634.164076948
termination status: OPTIMAL
BARON solution time: 41.74


w_opt: 1-dimensional DenseAxisArray{Float64,1,...} with index sets:
    Dimension 1, [(25, 1, 2), (25, 1, 1), (25, 1, 14), (20, 1, 2), (20, 1, 1), (20, 1, 14), (1, 1, 2), (1, 1, 1), (1, 1, 14), (2, 1, 2)  …  (20, 15, 23), (20, 15, 3), (8, 15, 30), (8, 15, 29), (8, 15, 23), (8, 15, 3), (2, 15, 30), (2, 15, 29), (2, 15, 23), (2, 15, 3)]
And data, a 261-element Vector{Float64}:
 1.6222385131158668
 0.0
 0.0
 0.37776148711773605
 0.0
 0.0
 0.0
 0.0
 0.0
 0.0
 0.0
 0.0
 0.0
 0.0
 0.0
 0.0
 2.0
 0.0
 0.1735042117050338
 0.8264957885030432
 0.0
 0.0
 0.0
 0.0
 0.0
 0.0
 0.0
 0.0
 0.047296164838215735
 1.1805424603122014
 0.3665882655514085
 0.0
 0.0
 0.0
 0.1599703387056682
 3.9929617523532492
 1.2399155239378077
 0.0
 0.0
 0.0
 0.0
 0.0
 0.0
 0.0
 0.0
 0.0
 0.0
 0.0
 0.0
 1.2415917214369077
 1.914469334514883
 0.0
 0.0
 0.0
 0.0
 0.0
 0.0
 0.0
 0.0
 2.0
 1.0
 0.0
 0.0
 0.0
 0.0
 0.0
 0.0
 0.0
 0.0
 0.0
 0.0
 0.19230840861474255
 0.5769252258131686
 0.0
 0.7500000001114567
 2.2500000002120824
 0.0
 0.5139209568270103
 1.54176287038367
 0.0
 0.0
 0.0
 0.0
 0.0
 0.0
 0.0
 0.0
 0.0
 0.0
 0.0
 0.0
 0.0
 0.5437706347419864
 1.6313119041253412
 0.0
 0.0
 0.0
 0.0
 0.0
 0.0
 0.0
 2.0
 0.9984216731761002
 0.0015783269788641897
 0.0
 0.0
 0.0
 0.0
 0.0
 0.0
 0.0
 0.0
 0.0
 0.0
 0.0
 0.0
 0.0
 0.0
 4.185402527895165
 3.056065154656723
 0.0
 0.0
 0.0
 0.4384143135417176
 0.32011800489624964
 0.0
 0.0
 0.0
 0.0
 0.0
 0.0
 0.0
 0.0
 0.0
 0.0
 0.0
 0.0
 0.0
 0.0
 0.0
 0.0
 0.0
 0.0
 0.0
 0.0
 0.0
 0.0
 0.0
 0.0
 0.0
 0.0
 0.0
 0.0
 0.6295441155708278
 0.314772057734366
 0.0
 0.0
 1.370455884690391
 0.6852279422340231
 0.0
 0.0
 0.0
 0.0
 0.0
 0.0
 0.0
 0.0
 0.0
 0.0
 0.0
 0.0
 0.0
 0.0
 2.0
 0.0
 0.0
 0.0
 0.29065249276715827
 0.0
 0.0
 0.0
 0.0
 0.0
 0.0
 0.0
 0.0
 0.0
 0.0
 0.0
 0.0
 0.0
 0.0
 0.0
 0.0
 1.709347508210616
 1.0
 0.2906524919894396
 0.0
 0.0
 0.0
 0.0
 0.0
 0.0
 0.0
 0.0
 0.0
 1.3213233978322145
 0.6606616985741406
 0.0
 0.6786766025580412
 0.3393383011033956
 0.0
 0.0
 0.0
 0.0
 0.0
 0.0
 0.0
 0.0
 0.0
 0.0
 0.0
 0.0
 0.0
 0.0
 0.18396103929283916
 0.8688232017210578
 0.0
 0.0
 0.0
 0.0
 0.0
 0.0
 0.0
 0.0
 0.0
 0.0
 0.0
 0.0
 0.0
 0.0
 0.0
 0.0
 0.0
 0.0
 0.0
 0.0
 0.0
 0.0
 0.0
 0.0
 0.0
 0.0
 0.0
 0.0
 0.0
 0.0
 0.4621412729266784
 4.10284372006437
 0.0
 0.7917788901612505
x_ij_opt: 1-dimensional DenseAxisArray{Float64,1,...} with index sets:
    Dimension 1, [(43, 30), (43, 22), (43, 6), (44, 22), (45, 30), (45, 29), (45, 28), (45, 24), (45, 23), (40, 29)  …  (5, 7), (5, 14), (6, 4), (6, 3), (1, 14), (1, 10), (1, 23), (1, 1), (3, 2), (3, 1)]
And data, a 116-element Vector{Float64}:
 0.0
 0.0
 1.034201178501064
 0.0
 1.5378587274039075
 0.0
 1.8160389609488532
 0.0
 0.0
 0.0
 0.0
 0.0
 0.0
 0.0
 0.0
 0.0
 0.0
 0.0
 0.3118337304553337
 0.0
 0.0
 0.0
 0.0
 0.0
 0.0
 0.0
 0.0
 2.0
 0.0
 0.0
 0.0
 0.0
 0.0
 0.0
 0.0
 0.0
 0.0
 0.0
 0.0
 0.0
 0.0
 0.0
 0.0
 0.7585323187308515
 0.0
 0.0
 0.0
 0.0
 0.0
 0.0
 0.0
 0.0
 0.0
 0.0
 0.0
 0.7093475072213838
 0.0
 1.3761831598744163
 0.0015783275420808813
 2.0
 0.0
 0.0
 0.0
 0.0
 6.0
 0.0
 0.0
 0.0
 0.0
 0.6881662699281333
 0.0
 0.0
 0.0
 0.0
 0.0
 0.0
 0.131176797847753
 0.7584082789221055
 0.0
 0.0
 0.0
 0.0
 0.0
 0.0
 0.0
 0.0
 0.0
 0.0
 0.0
 0.0
 0.0
 0.0
 0.0
 0.0
 0.0
 0.0
 0.0
 0.0
 0.0
 0.2082211103852249
 0.0
 0.0
 0.0
 0.0
 0.0
 0.0
 0.0
 0.0
 0.0
 0.0
 0.0
 0.0
 0.0
 5.824917462368611
 0.0
 0.0
x_il_opt: 1-dimensional DenseAxisArray{Float64,1,...} with index sets:
    Dimension 1, [(43, 15), (43, 14), (44, 15), (44, 13), (44, 3), (40, 14), (40, 2), (41, 14), (42, 6), (37, 13)  …  (4, 13), (5, 2), (5, 7), (5, 9), (6, 11), (1, 1), (1, 6), (1, 3), (2, 1), (2, 15)]
And data, a 71-element Vector{Float64}:
 0.0
 0.0
 0.0
 1.9819850966178452
 1.5944268907018257
 1.052784240817195
 0.0
 0.0
 0.7692336344175127
 1.0180149037700958
 0.0
 3.0
 0.0
 0.0
 3.0
 0.0
 0.0
 0.0
 7.241467682292162
 0.0
 0.0
 0.0
 3.0
 0.9443161733051938
 2.0556838271889895
 0.0
 0.7585323184128038
 0.0
 2.2906524935682095
 0.0
 1.6222385129641816
 0.0
 0.0
 0.0
 0.0
 0.0
 0.0
 0.0
 0.3777614870823169
 0.0
 0.0
 0.0
 3.0
 0.0
 0.0
 2.055683826924414
 0.0
 3.0
 0.0
 0.0
 0.0
 0.0
 0.0
 0.0
 3.156061055863977
 0.0
 0.0
 5.392847614996725
 0.0
 0.0
 0.0
 0.0
 0.0
 0.0
 0.0
 0.0
 0.0
 2.175082538843134
 0.0
 0.0
 5.35676388308656
x_lj_opt: 1-dimensional DenseAxisArray{Float64,1,...} with index sets:
    Dimension 1, [(15, 30), (15, 29), (15, 23), (15, 3), (14, 28), (14, 27), (14, 10), (14, 24), (13, 26), (13, 25)  …  (3, 6), (3, 5), (3, 29), (2, 4), (2, 3), (2, 1), (2, 5), (1, 2), (1, 1), (1, 14)]
And data, a 53-element Vector{Float64}:
 0.462141272893141
 4.102843719709692
 0.0
 0.7917788900989979
 0.18396103944391493
 0.8688232024371266
 0.0
 0.0
 2.0
 0.999999999580491
 0.0
 1.709347508046457
 1.0
 0.29065249196131543
 2.0
 0.0
 0.0
 0.0
 0.29065249274372423
 0.0
 0.0
 2.0
 0.9999999999361127
 0.0
 0.0
 0.0
 4.623816841093874
 3.3761831593025518
 0.0
 0.0
 2.0
 0.9984216731130277
 0.001578326978785388
 2.0
 6.0
 0.0
 2.0
 1.0
 0.0
 0.0
 1.2415917213705403
 1.9144693344130927
 0.0
 0.20726650353549633
 5.173504212445872
 1.6065037894214163
 2.0
 0.0
 0.17350421169135152
 0.8264957884436099
 2.0
 0.0
 0.0
q_opt: 1-dimensional DenseAxisArray{Float64,1,...} with index sets:
    Dimension 1, [(43, 15), (43, 14), (44, 15), (44, 13), (44, 3), (40, 14), (40, 2), (41, 14), (42, 6), (37, 13)  …  (4, 13), (5, 2), (5, 7), (5, 9), (6, 11), (1, 1), (1, 6), (1, 3), (2, 1), (2, 15)]
And data, a 71-element Vector{Float64}:
 0.0
 0.0
 0.0
 0.6606616988512992
 0.22819010323256847
 0.9999999991750407
 0.0
 0.0
 0.09615420429854625
 0.33933830124572106
 0.0
 1.0
 0.0
 0.0
 0.375000000022165
 0.0
 0.0
 0.0
 0.9051834602741317
 0.0
 0.0
 0.0
 1.0
 0.3147720577544511
 0.25696047838699104
 0.0
 0.09481653980005089
 0.0
 1.0
 0.10921439356520526
 0.8111192564881475
 0.0
 0.23619535824256718
 0.0
 0.0
 0.0
 0.0
 0.0
 0.18888074354262452
 0.0
 0.0
 0.0
 1.0
 0.0
 0.0
 0.6852279422778385
 0.0
 1.0
 0.0
 0.0
 0.0
 0.0
 0.0
 0.0
 1.0
 0.0
 0.0
 0.7718098968098551
 0.0
 0.0
 0.0
 0.0
 0.0
 0.0
 0.6545902481922277
 0.0
 0.0
 0.2718853173435614
 0.0
 0.0
 1.0

