objective value: -615.368262467
objective bound: -632.803459245
termination status: TIME_LIMIT
BARON solution time: 7226.34


w_opt: 1-dimensional DenseAxisArray{Float64,1,...} with index sets:
    Dimension 1, [(25, 1, 2), (25, 1, 1), (25, 1, 14), (20, 1, 2), (20, 1, 1), (20, 1, 14), (1, 1, 2), (1, 1, 1), (1, 1, 14), (2, 1, 2)  …  (20, 15, 23), (20, 15, 3), (8, 15, 30), (8, 15, 29), (8, 15, 23), (8, 15, 3), (2, 15, 30), (2, 15, 29), (2, 15, 23), (2, 15, 3)]
And data, a 261-element Vector{Float64}:
 1.1512964296149815
 0.0
 0.0
 0.848703569681817
 0.0
 0.0
 0.0
 0.0
 0.0
 0.0
 0.0
 0.0
 0.0
 0.0
 0.0
 0.0
 1.9545433053990182
 0.0
 0.0
 1.04545669475001
 0.0
 0.0
 0.0
 0.0
 0.0
 0.0
 0.0
 0.0
 0.0
 1.2701521295715619
 0.6010525506251955
 0.0
 0.0
 0.0
 0.0
 3.6843911755260774
 1.7435019490664108
 0.0
 0.0
 0.0
 0.0
 0.0
 0.0
 0.0
 0.0
 0.0
 0.0
 0.0
 0.0
 1.0115025868991652
 0.27408094215771384
 0.045456695145520004
 0.0
 0.0
 0.0
 0.0
 0.0
 0.0
 0.0
 1.8934966930010937
 1.0
 0.0
 0.0
 0.0
 0.0
 0.0
 0.0
 0.0
 0.0
 0.0
 0.0
 0.008859870499148624
 0.026579611305858068
 0.0
 0.7500000000690842
 2.2500000008318946
 0.0
 0.5016038938924589
 1.5048116820781494
 0.0
 0.0
 0.0
 0.0
 0.0
 0.0
 0.0
 0.0
 0.0
 0.0
 0.0
 0.0
 0.0
 0.7395362353409316
 2.2186087066379705
 0.0
 0.0
 0.0
 0.0
 0.0
 0.0
 0.0
 0.06921679132018994
 0.20796485939082807
 0.5519602011397324
 0.18122331550567689
 0.5444933320123463
 1.4451415010610573
 0.0
 0.0
 0.0
 0.0
 0.0
 0.0
 0.0
 0.0
 0.0
 0.0
 0.0
 2.9137758041585426
 2.0862241959181573
 0.0
 0.0
 0.0
 1.7482654823739496
 1.251734517453096
 0.0
 0.0
 0.0
 0.0
 0.0
 0.0
 0.0
 0.0
 0.0
 0.0
 0.0
 0.0
 0.0
 0.0
 0.0
 0.0
 0.0
 0.0
 0.0
 0.0
 0.0
 0.0
 0.18348117659081956
 0.19784810266532096
 0.0
 0.0
 0.0
 0.0
 0.6623896162819004
 0.33119480805569806
 0.0
 0.0
 1.3376103839810156
 0.6688051918124515
 0.0
 0.0
 0.0
 0.0
 0.0
 0.0
 0.0
 0.0
 0.0
 0.0
 0.0
 0.0
 0.0
 0.0
 1.999999999777459
 0.0
 0.0
 0.0
 0.8400589890893186
 0.0
 0.0
 0.0
 0.0
 0.0
 0.0
 0.0
 0.0
 0.0
 0.0
 0.0
 0.0
 0.0
 0.0
 0.0
 0.0
 1.1599410117298166
 0.942249094451609
 0.8978098941907627
 0.0
 0.0
 0.0
 0.0
 0.0
 0.0
 0.0
 0.0
 0.0
 1.4748624735218976
 0.7374312355480128
 0.0
 0.5251375268906958
 0.2625687630120047
 0.0
 0.0
 0.0
 0.0
 0.0
 0.0
 0.0
 0.0
 0.0
 0.0
 0.0
 0.0
 0.0
 0.0
 0.7651625542496885
 0.8591238534982397
 0.0
 0.0
 0.0
 0.0
 0.0
 0.0
 0.0
 0.0
 0.0
 0.0
 0.0
 0.0
 0.0
 0.0
 0.0
 0.0
 0.0
 0.0
 0.0
 0.0
 0.0
 0.0
 0.0
 0.0
 0.0
 0.0
 0.0
 0.0
 0.0
 0.0
 1.3759520373972465
 2.7576356070752994
 0.0
 1.0
x_ij_opt: 1-dimensional DenseAxisArray{Float64,1,...} with index sets:
    Dimension 1, [(43, 30), (43, 22), (43, 6), (44, 22), (45, 30), (45, 29), (45, 28), (45, 24), (45, 23), (40, 29)  …  (5, 7), (5, 14), (6, 4), (6, 3), (1, 14), (1, 10), (1, 23), (1, 1), (3, 2), (3, 1)]
And data, a 116-element Vector{Float64}:
 0.0
 0.0
 1.5951090232819733
 0.0
 0.6240479630641964
 0.0
 1.2348374455857545
 0.0
 0.0
 0.0
 0.0
 0.0
 0.0
 0.0
 0.0
 0.0
 0.0
 0.0
 0.0
 0.0
 0.0
 0.0
 0.0
 0.0
 0.0
 0.0
 0.0
 1.9999999995263233
 0.0
 0.0
 0.0
 0.0
 0.0
 0.0
 0.0
 0.0
 0.0
 0.0
 0.0
 0.0
 0.0
 0.0
 0.0
 0.4048909768281479
 0.0
 0.0
 0.0
 0.0
 0.0
 0.0
 0.0
 0.0
 0.0
 0.0
 0.0
 0.15994101054941756
 0.0
 1.2198324822310713
 0.24754180913774762
 1.8165188237089205
 0.0
 0.0
 0.0
 0.0
 6.0
 0.0
 0.11812623217773353
 0.0
 0.0
 0.8021518956681591
 0.0
 0.0
 0.0
 0.0
 0.0
 0.0
 0.14087614607401347
 0.988497413284744
 0.0
 0.0
 0.0
 0.0
 0.0
 0.0
 0.0
 0.0
 0.0
 0.10650330781674021
 0.0
 0.0
 0.0
 0.0
 0.0
 0.0
 0.0
 0.0
 0.0
 0.0
 0.0
 0.0
 0.0
 0.0
 0.0
 0.0
 0.0
 1.493579623914427
 0.0
 0.0
 0.0
 0.0
 0.2559802698318607
 0.0
 0.057750906124814635
 4.002898298810372
 0.0
 0.0
x_il_opt: 1-dimensional DenseAxisArray{Float64,1,...} with index sets:
    Dimension 1, [(43, 15), (43, 14), (44, 15), (44, 13), (44, 3), (40, 14), (40, 2), (41, 14), (42, 6), (37, 13)  …  (4, 13), (5, 2), (5, 7), (5, 9), (6, 11), (1, 1), (1, 6), (1, 3), (2, 1), (2, 15)]
And data, a 71-element Vector{Float64}:
 0.0
 0.0
 0.0
 2.2122937100896243
 1.8712046804163647
 1.6242864079507167
 0.0
 0.0
 0.035439481805006695
 0.7877062903310387
 0.0
 3.0
 0.0
 0.0
 3.0
 0.0
 0.0
 0.0
 5.0000000005808225
 0.0
 0.0
 0.0
 3.0
 0.9935844243375984
 2.0064155760832163
 0.0
 3.0
 0.0
 2.8400589903826123
 0.3813292792561405
 1.1512964297626131
 0.0
 0.0
 0.0
 0.0
 0.0
 0.0
 0.0
 0.8487035698222937
 0.0
 0.0
 0.0
 2.89349669351799
 0.0
 0.0
 2.006415575793467
 0.0
 0.8291418518507504
 0.0
 0.0
 0.0
 0.0
 0.0
 0.0
 1.331040224202399
 0.0
 0.0
 5.42789312504297
 0.0
 0.0
 0.0
 0.0
 0.0
 2.1708581485790805
 0.0
 0.0
 0.0
 2.9581449420883703
 0.0
 0.0
 5.1335876445773385
x_lj_opt: 1-dimensional DenseAxisArray{Float64,1,...} with index sets:
    Dimension 1, [(15, 30), (15, 29), (15, 23), (15, 3), (14, 28), (14, 27), (14, 10), (14, 24), (13, 26), (13, 25)  …  (3, 6), (3, 5), (3, 29), (2, 4), (2, 3), (2, 1), (2, 5), (1, 2), (1, 1), (1, 14)]
And data, a 53-element Vector{Float64}:
 1.3759520372239087
 2.757635606782398
 0.0
 0.9999999999526995
 0.7651625547697173
 0.8591238540834797
 0.0
 0.0
 2.0
 0.9999999984517387
 0.0
 1.1599410115908035
 0.9422490943374566
 0.8978098940838085
 1.9999999999590703
 0.0
 0.0
 0.0
 0.8400589891386707
 0.0
 0.0
 2.0
 0.9999999998165091
 0.18348117663752808
 0.197848102715715
 0.0
 4.6620412861976535
 3.3379587131459223
 0.0
 0.0
 0.2504401067643722
 0.7524581913298526
 1.9971017020226451
 1.9999999995560356
 6.0
 0.0
 1.8934966928383599
 1.0
 0.0
 0.0
 1.0115025869593106
 0.27408094216445905
 0.045456695096891736
 0.0
 4.954543306153935
 2.344554500164916
 1.9545433052200394
 0.0
 0.0
 1.0454566946790729
 1.9999999991899367
 0.0
 0.0
q_opt: 1-dimensional DenseAxisArray{Float64,1,...} with index sets:
    Dimension 1, [(43, 15), (43, 14), (44, 15), (44, 13), (44, 3), (40, 14), (40, 2), (41, 14), (42, 6), (37, 13)  …  (4, 13), (5, 2), (5, 7), (5, 9), (6, 11), (1, 1), (1, 6), (1, 3), (2, 1), (2, 15)]
And data, a 71-element Vector{Float64}:
 0.0
 0.0
 0.0
 0.7374312367081213
 0.2563610914458759
 0.9999999993208565
 0.0
 0.0
 0.004429935209050281
 0.2625687634346946
 0.0
 1.0
 0.0
 0.0
 0.3750000001142738
 0.0
 0.0
 0.0
 0.6250000000629333
 0.0
 0.0
 0.0
 1.0
 0.3311948081155189
 0.2508019469980804
 0.0
 0.3750000000201877
 0.0
 0.9999999999191264
 0.9999999997238365
 0.5756482150408362
 0.0
 0.0
 0.0
 0.0
 0.0
 0.0
 0.0
 0.42435178501297416
 0.0
 0.0
 0.0
 1.0
 0.0
 0.0
 0.668805191937373
 0.0
 0.2763806172668939
 0.0
 0.0
 0.0
 0.0
 0.0
 0.0
 0.9999999999383791
 0.0
 0.0
 0.7436389083449308
 0.0
 0.0
 0.0
 0.0
 0.0
 0.7236193828391846
 0.0
 0.0
 0.0
 0.369768117749014
 0.0
 0.0
 1.0

