objective value: -631.08401839
objective bound: -631.147133102
termination status: OPTIMAL
BARON solution time: 128.6


w_opt: 1-dimensional DenseAxisArray{Float64,1,...} with index sets:
    Dimension 1, [(25, 1, 2), (25, 1, 1), (25, 1, 14), (20, 1, 2), (20, 1, 1), (20, 1, 14), (1, 1, 2), (1, 1, 1), (1, 1, 14), (2, 1, 2)  …  (20, 15, 23), (20, 15, 3), (8, 15, 30), (8, 15, 29), (8, 15, 23), (8, 15, 3), (2, 15, 30), (2, 15, 29), (2, 15, 23), (2, 15, 3)]
And data, a 261-element Vector{Float64}:
 0.7190686864702042
 0.7172881745597574
 0.0
 1.144900967451513
 1.1420660368709075
 0.0
 0.0
 0.0
 0.0
 0.0
 0.0
 0.0
 0.0
 0.0
 0.0
 0.0
 1.9766134203735148
 0.0
 0.0
 1.0233865800916329
 0.0
 0.0
 0.0
 0.0
 0.0
 0.0
 0.0
 0.0
 0.0
 1.2608440724220589
 0.7659865705481207
 0.0
 0.0
 0.0
 0.0
 3.7157693486302477
 2.257400008898434
 0.0
 0.0
 0.0
 0.0
 0.0
 0.0
 0.0
 0.0
 0.0
 0.0
 0.0
 0.0
 0.994047726280017
 0.07627443247536027
 0.02338658014743337
 0.0
 0.0
 0.0
 0.0
 0.0
 0.0
 0.0
 2.0
 1.0
 0.0
 0.0
 0.0
 0.0
 0.0
 0.0
 0.0
 0.0
 0.0
 0.0
 0.0
 0.0
 0.0
 0.5864512906660981
 1.7593538718852175
 0.0
 0.5348969922538871
 1.6046909766551005
 0.0
 0.0
 0.0
 0.0
 0.0
 0.0
 0.0
 0.0
 0.0
 0.0
 0.0
 0.0
 0.0
 0.8786517173870882
 2.6359551520133655
 0.0
 0.0
 0.0
 0.0
 0.0
 0.0
 0.0
 2.0
 1.0
 0.0
 0.0
 0.0
 0.0
 0.0
 0.0
 0.0
 0.0
 0.0
 0.0
 0.0
 0.0
 0.0
 0.0
 0.0
 4.164803390647927
 3.345509275090225
 0.0
 0.0
 0.0
 0.2715534711991983
 0.2181338640426218
 0.0
 0.0
 0.0
 0.0
 0.0
 0.0
 0.0
 0.0
 0.0
 0.0
 0.0
 0.0
 0.0
 0.0
 0.0
 0.0
 0.0
 0.0
 0.0
 0.0
 0.0
 0.0
 0.0
 0.0
 0.0
 0.0
 0.0
 0.0
 0.573608021098398
 0.28680401050253074
 0.0
 0.0
 1.4263919791629551
 0.7131959894654274
 0.0
 0.0
 0.0
 0.0
 0.0
 0.0
 0.0
 0.0
 0.0
 0.0
 0.0
 0.0
 0.0
 0.0
 1.8847265759625962
 0.0
 0.0
 0.0
 0.6876133632489653
 0.0
 0.0
 0.0
 0.0
 0.0
 0.0
 0.0
 0.0
 0.0
 0.0
 0.0
 0.0
 0.0
 0.0
 0.0
 0.0
 1.3123866377377262
 0.898019668850424
 0.7895936937087982
 0.0
 0.0
 0.0
 0.0
 0.0
 0.0
 0.0
 0.0
 0.0
 1.5115970095325082
 0.6529869720605753
 0.10281153258084844
 0.488402990858743
 0.21098268131978318
 0.033218814069197716
 0.0
 0.0
 0.0
 0.0
 0.0
 0.0
 0.0
 0.0
 0.0
 0.0
 0.0
 0.0
 0.0
 0.4156293073925082
 0.6932787571945814
 0.0
 0.0
 0.0
 0.0
 0.0
 0.0
 0.0
 0.0
 0.0
 0.0
 0.0
 0.0
 0.0
 0.0
 0.0
 0.0
 0.0
 0.0
 0.0
 0.0
 0.0
 0.0
 0.0
 0.0
 0.0
 0.0
 0.0
 0.0
 0.0
 0.0
 2.0
 2.1870197282925488
 0.0
 1.0
x_ij_opt: 1-dimensional DenseAxisArray{Float64,1,...} with index sets:
    Dimension 1, [(43, 30), (43, 22), (43, 6), (44, 22), (45, 30), (45, 29), (45, 28), (45, 24), (45, 23), (40, 29)  …  (5, 7), (5, 14), (6, 4), (6, 3), (1, 14), (1, 10), (1, 23), (1, 1), (3, 2), (3, 1)]
And data, a 116-element Vector{Float64}:
 0.0
 0.11527342478737967
 1.5103126652970418
 0.0
 0.0
 0.0
 1.5843706930123516
 0.0
 0.0
 0.0
 0.0
 0.0
 0.0
 0.0
 0.0
 0.0
 0.0
 0.0
 0.28696700402279285
 0.0
 0.0
 0.0
 0.0
 0.0
 0.0
 0.0
 0.0
 2.0
 0.0
 0.0
 0.0
 0.0
 0.0
 0.0
 0.0
 0.0
 0.0
 0.0
 0.0
 0.0
 0.0
 0.0
 0.0
 0.48968733556216704
 0.0
 0.0
 0.0
 0.0
 0.0
 0.0
 0.0
 0.0
 0.0
 0.0
 0.0
 0.4276600609679399
 0.0
 1.5636431394356012
 0.0
 2.0
 0.0
 0.0
 0.0
 0.0
 6.0
 0.0
 0.0
 0.0
 0.0
 0.7130329963318154
 0.0
 0.0
 0.0
 0.0
 0.0
 0.0
 0.30672124309844984
 1.0059522740455122
 0.0
 0.0
 0.0
 0.0
 0.0
 0.0
 0.0
 0.0
 0.0
 0.0
 0.0
 0.0
 0.0
 0.0
 0.0
 0.0
 0.0
 0.0
 0.0
 0.13603034719509588
 0.0
 0.0
 0.0
 0.0
 0.0
 0.0
 0.0
 0.0
 0.0
 0.0
 0.0
 0.0
 0.0
 0.0
 0.10198033173043372
 4.140645789742587
 0.0
 0.0
x_il_opt: 1-dimensional DenseAxisArray{Float64,1,...} with index sets:
    Dimension 1, [(43, 15), (43, 14), (44, 15), (44, 13), (44, 3), (40, 14), (40, 2), (41, 14), (42, 6), (37, 13)  …  (4, 13), (5, 2), (5, 7), (5, 9), (6, 11), (1, 1), (1, 6), (1, 3), (2, 1), (2, 15)]
And data, a 71-element Vector{Float64}:
 0.0
 0.0
 0.0
 2.267395514173932
 2.0268306429482683
 1.1089080643904992
 0.0
 0.0
 0.0
 0.7326044862477239
 0.0
 3.0
 0.0
 0.0
 2.3458051625260827
 0.0
 0.0
 0.0
 7.510312665473065
 0.0
 0.0
 0.0
 3.0
 0.8604120316009287
 2.1395879688877564
 0.0
 0.4896873352259633
 0.0
 2.57233993982253
 0.0
 1.4363568609924757
 0.0
 0.0
 0.0
 0.0
 0.0
 0.0
 0.0
 2.286967004262386
 0.0
 0.0
 0.0
 3.0
 0.0
 0.0
 2.1395879686283825
 0.0
 3.0
 0.0
 0.0
 0.0
 0.0
 0.0
 0.0
 1.0937087389028106
 0.0
 0.0
 5.973169357464086
 0.0
 0.0
 0.0
 0.0
 0.0
 0.0
 0.0
 0.0
 0.0
 3.5146068693514287
 0.0
 0.0
 5.187019728491252
x_lj_opt: 1-dimensional DenseAxisArray{Float64,1,...} with index sets:
    Dimension 1, [(15, 30), (15, 29), (15, 23), (15, 3), (14, 28), (14, 27), (14, 10), (14, 24), (13, 26), (13, 25)  …  (3, 6), (3, 5), (3, 29), (2, 4), (2, 3), (2, 1), (2, 5), (1, 2), (1, 1), (1, 14)]
And data, a 53-element Vector{Float64}:
 2.0
 2.1870197281222437
 0.0
 1.0
 0.41562930738204884
 0.6932787571780512
 0.0
 0.0
 2.0
 0.8639696532958598
 0.1360303466367791
 1.312386637608727
 0.898019668762164
 0.7895936936311984
 1.8847265757874128
 0.0
 0.0
 0.0
 0.6876133631834073
 0.0
 0.0
 2.0
 0.9999999999356048
 0.0
 0.0
 0.0
 4.4363568615188145
 3.56364313886913
 0.0
 0.0
 2.0
 1.0
 0.0
 2.0
 6.0
 0.0
 2.0
 1.0
 0.0
 0.0
 0.9940477262471376
 0.07627443247283841
 0.023386580146660917
 0.0
 4.976613420871895
 3.0233865793369454
 1.9766134202287446
 0.0
 0.0
 1.0233865800152977
 1.8639696538373334
 1.8593542113464872
 0.0
q_opt: 1-dimensional DenseAxisArray{Float64,1,...} with index sets:
    Dimension 1, [(43, 15), (43, 14), (44, 15), (44, 13), (44, 3), (40, 14), (40, 2), (41, 14), (42, 6), (37, 13)  …  (4, 13), (5, 2), (5, 7), (5, 9), (6, 11), (1, 1), (1, 6), (1, 3), (2, 1), (2, 15)]
And data, a 71-element Vector{Float64}:
 0.0
 0.0
 0.0
 0.7557985046923635
 0.2533538303646572
 1.0
 0.0
 0.0
 0.0
 0.2442014954054964
 0.0
 1.0
 0.0
 0.0
 0.2932256453040928
 0.0
 0.0
 0.0
 0.9387890831717446
 0.0
 0.0
 0.0
 1.0
 0.28680401052099913
 0.26744849609963844
 0.0
 0.06121091690226032
 0.0
 1.0
 0.3716240940786862
 0.3857727431289522
 0.0
 0.14113334240257025
 0.0
 0.0
 0.0
 0.0
 0.0
 0.6142272569160478
 0.0
 0.0
 0.0
 1.0
 0.0
 0.0
 0.7131959895113504
 0.0
 1.0
 0.0
 0.0
 0.0
 0.0
 0.0
 0.0
 1.0
 0.0
 0.0
 0.7466461696715944
 0.0
 0.0
 0.0
 0.0
 0.0
 0.0
 0.4872425635187436
 0.0
 0.0
 0.43932585865575635
 0.0
 0.0
 1.0

