objective value: -626.823644667
objective bound: -639.34696209
termination status: TIME_LIMIT
BARON solution time: 7226.44


w_opt: 1-dimensional DenseAxisArray{Float64,1,...} with index sets:
    Dimension 1, [(25, 1, 2), (25, 1, 1), (25, 1, 14), (20, 1, 2), (20, 1, 1), (20, 1, 14), (1, 1, 2), (1, 1, 1), (1, 1, 14), (2, 1, 2)  …  (20, 15, 23), (20, 15, 3), (8, 15, 30), (8, 15, 29), (8, 15, 23), (8, 15, 3), (2, 15, 30), (2, 15, 29), (2, 15, 23), (2, 15, 3)]
And data, a 261-element Vector{Float64}:
 0.9851186476687757
 1.2408082418694886
 0.0
 1.0148813526415734
 1.2782959188292227
 0.0
 0.0
 0.0
 0.0
 0.0
 0.0
 0.0
 0.0
 0.0
 0.0
 0.0
 2.0
 0.0
 0.0
 1.0000000000027147
 0.0
 0.0
 0.0
 0.0
 0.0
 0.0
 0.0
 0.0
 0.22745628391815473
 2.9611962197745516
 1.549261447146881
 0.0
 0.0
 0.0
 0.0
 0.0
 0.0
 0.0
 0.0
 0.0
 0.15660520186309115
 2.0388037814180704
 1.0666770664353873
 0.0
 0.0
 0.0
 0.0
 0.0
 0.0
 1.5685345300047389
 2.951923763624987
 0.0
 0.0
 0.0
 0.0
 0.0
 0.0
 0.0
 0.0
 2.0
 0.9999999999849161
 0.0
 0.0
 0.0
 0.0
 0.0
 0.0
 0.0
 0.0
 0.0
 0.0
 0.0
 0.0
 0.0
 0.7351774834552578
 2.2055324502165154
 0.0
 0.5126762122361628
 1.5380286366279872
 0.0
 0.0
 0.0
 0.0
 0.0
 0.0
 0.0
 0.0
 0.0
 0.0
 0.0
 0.0
 0.0
 0.7521463045597643
 2.256438913524788
 0.0
 0.0
 0.0
 0.0
 0.0
 0.0
 0.0
 1.6221900263297646
 0.898694854285164
 0.47911511963450476
 0.0
 0.0
 0.0
 0.0
 0.0
 0.0
 0.0
 0.0
 0.0
 0.0
 0.0
 0.0
 0.0
 0.0
 5.662411944128869
 1.8874706469264035
 0.0
 0.0
 0.0
 0.33758805676150305
 0.11252935207580585
 0.0
 0.0
 0.0
 0.0
 0.0
 0.0
 0.0
 0.0
 0.0
 0.0
 0.0
 0.0
 0.0
 0.0
 0.0
 0.0
 0.0
 0.0
 0.0
 0.0
 0.0
 0.0
 0.039894729531739774
 0.0
 0.0
 0.0
 0.09046909957872352
 0.0
 0.6328634343645871
 0.3164317171430553
 0.0
 0.0
 1.3671365659282633
 0.6835682828725971
 0.0
 0.0
 0.0
 0.0
 0.0
 0.0
 0.0
 0.0
 0.0
 0.0
 0.0
 0.0
 0.0
 0.0
 1.578979498786447
 0.0
 0.0
 0.0
 0.37294426146434745
 0.0
 0.0
 0.0
 0.0
 0.0
 0.0
 0.0
 0.0
 0.0
 0.0
 0.0
 0.0
 0.0
 0.0
 0.0
 0.0
 1.627055739503796
 1.0
 0.37294426079530163
 0.0
 0.0
 0.0
 0.0
 0.0
 0.0
 0.0
 0.0
 0.0
 1.5780845108502206
 0.7890422549408361
 0.0
 0.0
 0.0
 0.0
 0.0
 0.0
 0.0
 0.4219154896403944
 0.21095774468135225
 0.0
 0.0
 0.0
 0.0
 0.0
 0.0
 0.0
 0.0
 0.26300424120964466
 0.5282265010378518
 0.0
 0.0
 0.0
 0.0
 0.0
 0.0
 0.0
 0.0
 0.0
 0.0
 0.0
 0.0
 0.0
 0.0
 0.0
 0.0
 0.0
 0.0
 0.0
 0.0
 0.0
 0.0
 0.0
 0.0
 0.0
 0.0
 0.0
 0.0
 0.0
 0.0
 1.4756347098747282
 3.01111722718787
 0.0
 1.0
x_ij_opt: 1-dimensional DenseAxisArray{Float64,1,...} with index sets:
    Dimension 1, [(43, 30), (43, 22), (43, 6), (44, 22), (45, 30), (45, 29), (45, 28), (45, 24), (45, 23), (40, 29)  …  (5, 7), (5, 14), (6, 4), (6, 3), (1, 14), (1, 10), (1, 23), (1, 1), (3, 2), (3, 1)]
And data, a 116-element Vector{Float64}:
 0.0
 0.42102050194942386
 1.1658211049401848
 0.0
 0.5243652905759926
 0.0
 1.736995759018151
 0.0
 0.0
 0.0
 0.0
 0.0
 0.0
 0.0
 0.0
 0.0
 0.0
 0.0
 0.2931772710397563
 0.0
 2.706822729534166
 0.0
 0.0
 0.0
 0.0
 0.0
 0.0
 2.0
 0.0
 0.0
 0.0
 0.0
 0.0
 0.0
 0.0
 0.0
 0.0
 0.0
 0.0
 0.0
 0.0
 0.0
 0.0
 0.45011741000135347
 0.0
 0.0
 0.0
 0.0
 0.0
 0.0
 0.0
 0.0
 0.0
 0.0
 0.0
 1.048076238563935
 0.0
 0.0
 0.1013051462625691
 1.869636171243999
 0.0
 0.0
 0.0
 0.0
 6.0
 0.0
 0.0
 0.0
 0.0
 0.7068227292689456
 0.0
 0.0
 0.0
 0.0
 0.0
 0.0
 0.47177349889072645
 0.4314654704335583
 0.0
 0.0
 0.0
 0.0
 0.0
 0.0
 0.0
 0.0
 0.0
 0.0
 0.0
 0.0
 0.0
 0.0
 0.0
 0.0
 0.0
 0.0
 0.0
 0.0
 0.0
 0.0
 0.0
 0.0
 0.0
 0.0
 0.0
 0.36850115555831686
 0.0
 0.0
 0.0
 0.0
 0.009308818767271049
 0.0
 0.0
 0.294957991286091
 0.0
 0.0
x_il_opt: 1-dimensional DenseAxisArray{Float64,1,...} with index sets:
    Dimension 1, [(43, 15), (43, 14), (44, 15), (44, 13), (44, 3), (40, 14), (40, 2), (41, 14), (42, 6), (37, 13)  …  (4, 13), (5, 2), (5, 7), (5, 9), (6, 11), (1, 1), (1, 6), (1, 3), (2, 1), (2, 15)]
And data, a 71-element Vector{Float64}:
 0.0
 0.0
 0.0
 2.367126766149511
 4.737913950839587
 0.7912307424495331
 0.0
 0.0
 0.0
 0.0
 0.0
 3.0
 0.0
 0.0
 2.940709933770699
 0.0
 0.0
 0.0
 7.549882591597989
 0.0
 0.0
 0.0
 3.0
 0.9492951515076424
 2.050704848971421
 0.0
 0.4501174092642453
 0.0
 1.9519237623083365
 0.039894729538158015
 2.2259268895572766
 0.632873234493657
 0.0
 0.0
 0.0
 0.0
 0.0
 0.0
 2.2931772714883474
 0.0
 0.0
 0.0
 3.0
 0.0
 0.0
 2.0507048488008603
 0.0
 3.0
 0.0
 0.0
 0.0
 0.0
 0.0
 0.0
 4.52045829369157
 0.0
 0.0
 0.0
 0.0
 0.0
 0.0
 0.0
 0.0
 0.0
 0.09046909957872352
 0.0
 0.0
 3.008585218182844
 3.2620860497165487
 0.0
 5.486751937199322
x_lj_opt: 1-dimensional DenseAxisArray{Float64,1,...} with index sets:
    Dimension 1, [(15, 30), (15, 29), (15, 23), (15, 3), (14, 28), (14, 27), (14, 10), (14, 24), (13, 26), (13, 25)  …  (3, 6), (3, 5), (3, 29), (2, 4), (2, 3), (2, 1), (2, 5), (1, 2), (1, 1), (1, 14)]
And data, a 53-element Vector{Float64}:
 1.4756347097211895
 3.0111172268716753
 0.0
 0.9999999999942419
 0.2630042413700091
 0.528226501360078
 0.0
 0.0
 2.0
 0.9999999995021047
 0.0
 1.6270557393560359
 1.0
 0.3729442607761671
 1.5789794986324717
 0.0
 0.0
 0.0
 0.37294426142615095
 0.0
 0.0
 2.0
 0.9999999999697763
 0.13036382914073344
 0.0
 0.0
 6.0
 1.9999999990546418
 0.0
 0.0
 1.622190026253431
 0.8986948542479203
 0.47911511962577447
 2.0
 5.999999999904858
 0.0
 2.0
 0.9999999999435855
 0.0
 0.0
 1.5685345298513447
 2.9519237633459494
 0.0
 0.38406148578124977
 5.000000000900996
 2.615938513434142
 2.0
 0.0
 0.0
 0.999999999977082
 2.0
 2.519104160504497
 0.0
q_opt: 1-dimensional DenseAxisArray{Float64,1,...} with index sets:
    Dimension 1, [(43, 15), (43, 14), (44, 15), (44, 13), (44, 3), (40, 14), (40, 2), (41, 14), (42, 6), (37, 13)  …  (4, 13), (5, 2), (5, 7), (5, 9), (6, 11), (1, 1), (1, 6), (1, 3), (2, 1), (2, 15)]
And data, a 71-element Vector{Float64}:
 0.0
 0.0
 0.0
 0.7890422553627446
 0.592239243848746
 0.9999999993874151
 0.0
 0.0
 0.0
 0.0
 0.0
 1.0
 0.0
 0.0
 0.36758874170901873
 0.0
 0.0
 0.0
 0.9437353239383921
 0.0
 0.0
 0.0
 1.0
 0.31643171715220597
 0.2563381061090949
 0.0
 0.05626467613563583
 0.0
 1.0
 0.3060260640878355
 0.492559323797528
 0.21095774481016558
 0.0
 0.0
 0.0
 0.0
 0.0
 0.0
 0.5074406762828602
 0.0
 0.0
 0.0
 1.0
 0.0
 0.0
 0.683568282904363
 0.0
 1.0
 0.0
 0.0
 0.0
 0.0
 0.0
 0.0
 1.0
 0.0
 0.0
 0.0
 0.0
 0.0
 0.0
 0.0
 0.0
 0.0
 0.6939739356741058
 0.0
 0.0
 0.3760731522605373
 0.40776075621028424
 0.0
 1.0

