objective value: -616.651379006
objective bound: -637.898446896
termination status: TIME_LIMIT
BARON solution time: 7226.53


w_opt: 1-dimensional DenseAxisArray{Float64,1,...} with index sets:
    Dimension 1, [(25, 1, 2), (25, 1, 1), (25, 1, 14), (20, 1, 2), (20, 1, 1), (20, 1, 14), (1, 1, 2), (1, 1, 1), (1, 1, 14), (2, 1, 2)  …  (20, 15, 23), (20, 15, 3), (8, 15, 30), (8, 15, 29), (8, 15, 23), (8, 15, 3), (2, 15, 30), (2, 15, 29), (2, 15, 23), (2, 15, 3)]
And data, a 261-element Vector{Float64}:
 1.0059558415192966
 0.9825162448506773
 0.0
 0.9940441584078632
 0.9708821137313395
 0.0
 0.0
 0.0
 0.0
 0.0
 0.0
 0.0
 0.0
 0.0
 0.0
 0.0
 1.87665929992676
 0.0
 0.0
 1.1233407005029286
 0.0
 0.0
 0.0
 0.0
 0.0
 0.0
 0.0
 0.0
 0.0
 2.7476407658205537
 1.7597739976377398
 0.0
 0.0
 0.0
 0.0
 0.0
 0.0
 0.0
 0.0
 0.0
 0.0
 2.129018534785173
 1.3635667022474887
 0.5294100720962385
 1.252553491399494
 0.0
 0.0
 0.0
 0.0
 0.5993216824058766
 1.4179603021086054
 0.0
 0.0
 0.0
 0.0
 0.0
 0.0
 0.0
 0.0
 2.0
 1.0
 0.0
 0.0
 0.0
 0.0
 0.0
 0.0
 0.0
 0.0
 0.0
 0.0
 0.0
 0.0
 0.0
 0.6196698016228446
 1.8590094047357604
 0.0
 0.46015629808091246
 1.3804688941314485
 0.0
 0.0
 0.0
 0.0
 0.0
 0.0
 0.0
 0.0
 0.0
 0.0
 0.0
 0.0
 0.0
 0.920173900620134
 2.7605217016873445
 0.0
 0.0
 0.0
 0.0
 0.0
 0.0
 0.0
 1.5505556609021867
 0.8980511243832974
 0.5513932148841139
 0.0
 0.0
 0.0
 0.0
 0.0
 0.0
 0.0
 0.0
 0.0
 0.0
 0.0
 0.0
 0.0
 0.0
 4.128377059517165
 1.376125686070043
 0.0
 0.0
 0.0
 1.871622941521665
 0.6238743136469997
 0.0
 0.0
 0.0
 0.0
 0.0
 0.0
 0.0
 0.0
 0.0
 0.0
 0.0
 0.0
 0.0
 0.0
 0.0
 0.0
 0.0
 0.0
 0.0
 0.0
 0.0
 0.0
 0.2615612510514176
 0.0
 0.0
 0.0
 0.0
 0.0
 0.772916538906163
 0.3864582693556259
 0.0
 0.0
 1.22708346136475
 0.6135417305272842
 0.0
 0.0
 0.0
 0.0
 0.0
 0.0
 0.0
 0.0
 0.0
 0.0
 0.0
 0.0
 0.0
 0.0
 1.4191224127403976
 0.0
 0.0
 0.0
 0.2513913795525189
 0.0
 0.0
 0.0
 0.0
 0.0
 0.0
 0.0
 0.0
 0.0
 0.0
 0.0
 0.0
 0.0
 0.0
 0.0
 0.0
 1.7486086213731988
 1.0
 0.2513913789395417
 0.0
 0.0
 0.0
 0.0
 0.0
 0.0
 0.0
 0.0
 0.0
 1.567988143894441
 0.7839940712673531
 0.0
 0.0
 0.0
 0.0
 0.0
 0.0
 0.0
 0.4320118560016588
 0.2160059278162372
 0.0
 0.0
 0.0
 0.0
 0.0
 0.0
 0.0
 0.0
 0.18580374689695442
 0.7426580089066761
 0.0
 0.0
 0.0
 0.0
 0.0
 0.0
 0.0
 0.0
 0.0
 0.0
 0.0
 0.0
 0.0
 0.0
 0.0
 0.0
 0.0
 0.0
 0.0
 0.0
 0.0
 0.0
 0.1188474482892845
 0.15600319680061098
 0.0
 0.05942372414181353
 0.0
 0.0
 0.0
 0.0
 1.8811525521202166
 2.469264725876185
 0.0
 0.9405762760537832
x_ij_opt: 1-dimensional DenseAxisArray{Float64,1,...} with index sets:
    Dimension 1, [(43, 30), (43, 22), (43, 6), (44, 22), (45, 30), (45, 29), (45, 28), (45, 24), (45, 23), (40, 29)  …  (5, 7), (5, 14), (6, 4), (6, 3), (1, 14), (1, 10), (1, 23), (1, 1), (3, 2), (3, 1)]
And data, a 116-element Vector{Float64}:
 0.0
 0.5808775878238231
 1.5893602998425296
 0.0
 0.0
 0.0
 1.8141962531589726
 0.0
 0.0
 0.0
 0.0
 0.0
 0.0
 0.0
 0.0
 0.0
 0.0
 0.0
 0.29920063805395813
 0.0
 2.7007993614887496
 0.0
 0.0
 0.0
 0.0
 0.0
 0.0
 1.999999999816631
 0.0
 0.0
 0.0
 0.0
 0.0
 0.0
 0.0
 0.0
 0.0
 0.0
 0.0
 0.0
 0.0
 0.0
 0.0
 0.41063970088740964
 0.0
 0.0
 0.0
 0.0
 0.0
 0.0
 0.0
 0.0
 0.0
 0.0
 0.0
 1.3294862077317526
 0.0
 0.0
 0.10194887572933727
 1.7384387490021673
 0.0
 0.0
 0.0
 0.0
 6.0
 0.0
 0.0
 0.0
 0.0
 0.7007993592888624
 0.0
 0.0
 0.0
 0.0
 0.0
 0.0
 0.2573419900557484
 0.871268245707292
 0.0
 0.0
 0.0
 0.0
 0.0
 0.0
 0.0
 0.0
 0.0
 0.0
 0.0
 0.0
 0.0
 0.0
 0.0
 0.0
 0.0
 0.0
 0.0
 0.0
 0.0
 0.0
 0.0
 0.0
 0.0
 0.0
 0.0
 0.4171342440048695
 0.0
 0.0
 0.1233407005613356
 0.0
 0.03231009568106765
 0.0
 0.0
 0.7944090660459862
 0.0
 0.0
x_il_opt: 1-dimensional DenseAxisArray{Float64,1,...} with index sets:
    Dimension 1, [(43, 15), (43, 14), (44, 15), (44, 13), (44, 3), (40, 14), (40, 2), (41, 14), (42, 6), (37, 13)  …  (4, 13), (5, 2), (5, 7), (5, 9), (6, 11), (1, 1), (1, 6), (1, 3), (2, 1), (2, 15)]
And data, a 71-element Vector{Float64}:
 0.0
 0.0
 0.0
 2.3519822156533894
 4.507414763458294
 0.9284617558036306
 0.0
 0.0
 0.0
 0.0
 0.0
 3.0
 0.0
 0.0
 2.478679206358605
 0.0
 0.0
 0.0
 5.504502745799622
 0.0
 1.7819635634957325
 0.0
 3.0
 1.1593748082617887
 1.8406251922123609
 0.0
 2.4954972552713524
 0.0
 1.6705137932505176
 0.2615612539060661
 1.988472086369974
 0.6480177839527798
 0.0
 0.0
 0.0
 0.0
 0.0
 0.0
 1.9649262721392027
 0.334274369231709
 0.0
 0.0
 3.0
 0.0
 0.0
 1.8406251918920344
 0.0
 3.0
 0.0
 0.0
 0.0
 0.0
 0.0
 0.0
 2.017281984514482
 0.0
 0.0
 0.0
 0.0
 0.0
 0.0
 0.0
 0.0
 0.0
 0.0
 0.0
 0.0
 3.6806956023074786
 3.4925852370326615
 0.0
 5.290993554050185
x_lj_opt: 1-dimensional DenseAxisArray{Float64,1,...} with index sets:
    Dimension 1, [(15, 30), (15, 29), (15, 23), (15, 3), (14, 28), (14, 27), (14, 10), (14, 24), (13, 26), (13, 25)  …  (3, 6), (3, 5), (3, 29), (2, 4), (2, 3), (2, 1), (2, 5), (1, 2), (1, 1), (1, 14)]
And data, a 53-element Vector{Float64}:
 2.0
 2.6252679224038373
 0.0
 1.0
 0.1858037472103312
 0.7426580101596236
 0.0
 0.0
 2.0
 0.9999999991822804
 0.0
 1.7486086211989365
 0.9999999999837098
 0.25139137892232105
 1.419122412689833
 0.0
 0.0
 0.0
 0.25139137954316926
 0.0
 0.0
 2.0
 0.9999999998376131
 0.2615612513654856
 0.0
 0.0
 6.0
 1.9999999995407753
 0.0
 0.0
 1.5505556608644981
 0.8980511243541088
 0.5513932148670845
 2.0
 6.0
 0.0
 2.0
 0.9999999999679242
 0.0
 0.0
 1.1287317545242614
 2.6705137935611076
 0.0
 0.0
 4.876659300400787
 3.1233406997321165
 1.8766592997872356
 0.0
 0.0
 1.1233407004184313
 1.9999999998123883
 1.9533983584703296
 0.0
q_opt: 1-dimensional DenseAxisArray{Float64,1,...} with index sets:
    Dimension 1, [(43, 15), (43, 14), (44, 15), (44, 13), (44, 3), (40, 14), (40, 2), (41, 14), (42, 6), (37, 13)  …  (4, 13), (5, 2), (5, 7), (5, 9), (6, 11), (1, 1), (1, 6), (1, 3), (2, 1), (2, 15)]
And data, a 71-element Vector{Float64}:
 0.0
 0.0
 0.0
 0.7839940719055524
 0.5634268454226208
 0.9999999983124966
 0.0
 0.0
 0.0
 0.0
 0.0
 1.0
 0.0
 0.0
 0.3098349007808017
 0.0
 0.0
 0.0
 0.6880628431960163
 0.0
 0.4690309012517257
 0.0
 1.0
 0.3864582694180652
 0.23007814901473472
 0.0
 0.3119371568930967
 0.0
 1.0
 0.9999999987992932
 0.5029779208060488
 0.21600592799014054
 0.0
 0.0
 0.0
 0.0
 0.0
 0.0
 0.4970220792497734
 0.05942372413617694
 0.0
 0.0
 1.0
 0.0
 0.0
 0.613541730626733
 0.0
 1.0
 0.0
 0.0
 0.0
 0.0
 0.0
 0.0
 0.5309690987281531
 0.0
 0.0
 0.0
 0.0
 0.0
 0.0
 0.0
 0.0
 0.0
 0.0
 0.0
 0.0
 0.4600869502702648
 0.43657315462147006
 0.0
 0.9405762759707441

