objective value: -624.137420956
objective bound: -624.199840937
termination status: OPTIMAL
BARON solution time: 1371.39


w_opt: 1-dimensional DenseAxisArray{Float64,1,...} with index sets:
    Dimension 1, [(25, 1, 2), (25, 1, 1), (25, 1, 14), (20, 1, 2), (20, 1, 1), (20, 1, 14), (1, 1, 2), (1, 1, 1), (1, 1, 14), (2, 1, 2)  …  (20, 15, 23), (20, 15, 3), (8, 15, 30), (8, 15, 29), (8, 15, 23), (8, 15, 3), (2, 15, 30), (2, 15, 29), (2, 15, 23), (2, 15, 3)]
And data, a 261-element Vector{Float64}:
 1.0597138470118421
 1.838611571636851
 0.0
 0.8246778236094321
 1.430822286258074
 0.0
 0.0
 0.0
 0.0
 0.0
 0.0
 0.0
 0.0
 0.0
 0.0
 0.0
 1.9836614961806447
 0.0
 0.0
 1.0163385042736857
 0.0
 0.0
 0.0
 0.0
 0.0
 0.0
 0.0
 0.0
 0.8979836371310883
 3.098136382911822
 0.9771493480735663
 0.0
 0.0
 0.0
 0.0
 0.0
 0.0
 0.0
 0.0
 0.0
 0.5465126419479792
 1.8855251139649967
 0.5946928760300707
 0.3803796580276508
 1.2390070301105331
 0.006577410801105112
 0.0
 0.0
 0.0
 0.5644959000649846
 1.8387271082679004
 0.00976109355980692
 0.0
 0.0
 0.0
 0.0
 0.0
 0.0
 0.0
 2.0
 1.0
 0.0
 0.0
 0.0
 0.0
 0.0
 0.0
 0.0
 0.0
 0.0
 0.0
 0.0018505585956209035
 0.005551675790781167
 0.0
 0.7500000001138842
 2.2500000002060068
 0.0
 0.5487183932089119
 1.646155179515909
 0.0
 0.0
 0.0
 0.0
 0.0
 0.0
 0.0
 0.0
 0.0
 0.0
 0.0
 0.0
 0.0
 0.6994310483751317
 2.0982931449959143
 0.0
 0.0
 0.0
 0.0
 0.0
 0.0
 0.0
 1.4892623865394838
 0.898325419222886
 0.6124121944961733
 0.0
 0.0
 0.0
 0.0
 0.0
 0.0
 0.0
 0.0
 0.0
 0.0
 0.0
 0.0
 0.0
 0.0
 5.808692887546758
 1.9362309621129723
 0.0
 0.0
 0.0
 0.19130711349573273
 0.06376903781734303
 0.0
 0.0
 0.0
 0.0
 0.0
 0.0
 0.0
 0.0
 0.0
 0.0
 0.0
 0.0
 0.0
 0.0
 0.0
 0.0
 0.0
 0.0
 0.0
 0.0
 0.0
 0.0
 0.0
 0.0
 0.0
 0.0
 0.0
 0.0
 0.5367509518902713
 0.2683754758999192
 0.0
 0.0
 1.4632490483709295
 0.7316245240621952
 0.0
 0.0
 0.0
 0.0
 0.0
 0.0
 0.0
 0.0
 0.0
 0.0
 0.0
 0.0
 0.0
 0.0
 1.541509221524959
 0.0
 0.0
 0.0
 0.536224915738164
 0.0
 0.0
 0.0
 0.0
 0.0
 0.0
 0.0
 0.0
 0.0
 0.0
 0.0
 0.0
 0.0
 0.0
 0.0
 0.0
 1.463775085250998
 0.942608773581685
 0.0
 0.0
 0.0
 0.0
 0.0
 0.0
 0.0
 0.0
 0.0
 0.0
 1.4898167141220469
 0.6587907458236392
 0.08611761110946321
 0.510183286270131
 0.22560092424973754
 0.029490718841508633
 0.0
 0.0
 0.0
 0.0
 0.0
 0.0
 0.0
 0.0
 0.0
 0.0
 0.0
 0.0
 0.0
 0.23218303334691498
 0.4737686853528127
 0.0
 0.0
 0.0
 0.0
 0.0
 0.0
 0.0
 0.0
 0.0
 0.0
 0.0
 0.0
 0.0
 0.0
 0.0
 0.0
 0.0
 0.0
 0.0
 0.0
 0.0
 0.0
 0.0
 0.0
 0.0
 0.0
 0.0
 0.0
 0.0
 0.0
 0.6766807969071326
 4.428157777460214
 0.0
 0.8174837893474262
x_ij_opt: 1-dimensional DenseAxisArray{Float64,1,...} with index sets:
    Dimension 1, [(43, 30), (43, 22), (43, 6), (44, 22), (45, 30), (45, 29), (45, 28), (45, 24), (45, 23), (40, 29)  …  (5, 7), (5, 14), (6, 4), (6, 3), (1, 14), (1, 10), (1, 23), (1, 1), (3, 2), (3, 1)]
And data, a 116-element Vector{Float64}:
 0.0
 0.45849077918206044
 0.30042757012677407
 0.0
 1.3233192034371661
 0.0
 1.7678169669447623
 0.0
 0.0
 0.0
 0.0
 0.0
 0.0
 0.0
 0.0
 0.0
 0.0
 0.0
 0.255500109604569
 0.0
 0.0
 0.0
 0.0
 0.0
 0.0
 0.0
 0.0
 2.0
 0.0
 0.0
 0.0
 0.0
 0.0
 0.0
 0.0
 0.0
 0.0
 0.0
 0.0
 0.0
 0.0
 0.0
 0.0
 0.2550761516178034
 0.0
 0.0
 0.0
 0.0
 0.0
 0.0
 0.0
 0.0
 0.0
 0.0
 0.0
 0.9222658629048112
 0.0
 0.0
 0.10167458145439805
 2.0
 0.0
 0.0
 0.0
 0.0
 6.0
 0.0
 0.0
 0.0
 0.0
 0.7444998907704966
 0.0
 0.0
 0.0
 0.0
 0.0
 0.0
 0.526231314708096
 1.055124442235522
 0.0
 0.0
 0.0
 0.0
 0.0
 0.0
 0.0
 0.0
 0.0
 0.0
 0.0
 0.0
 0.0
 0.0
 0.0
 0.0
 0.0
 0.0
 0.0
 0.11560833050680124
 0.0
 0.182516211200994
 0.0
 0.0
 0.0
 0.0
 0.0
 0.5107376142278346
 0.0
 0.0
 0.0
 0.0
 0.0
 0.0
 0.057391227007865864
 2.1181539487919685
 0.0
 0.0
x_il_opt: 1-dimensional DenseAxisArray{Float64,1,...} with index sets:
    Dimension 1, [(43, 15), (43, 14), (44, 15), (44, 13), (44, 3), (40, 14), (40, 2), (41, 14), (42, 6), (37, 13)  …  (4, 13), (5, 2), (5, 7), (5, 9), (6, 11), (1, 1), (1, 6), (1, 3), (2, 1), (2, 15)]
And data, a 71-element Vector{Float64}:
 0.0
 0.0
 0.0
 2.2347250710551494
 4.973269368116476
 0.7059517185030698
 0.0
 0.0
 0.007402234384947558
 0.7652749293613772
 0.0
 2.4063838587588924
 0.0
 0.0
 3.0
 0.0
 0.0
 0.0
 7.744923849409388
 0.0
 1.6259640989392892
 0.0
 3.0
 0.8051264277901905
 2.1948735727027864
 0.0
 0.2550761513018182
 0.0
 2.0777341378817646
 0.0
 2.8983254185920493
 0.0
 0.0
 0.0
 0.0
 0.0
 0.0
 0.0
 2.255500109823176
 0.0
 0.0
 0.0
 3.0
 0.0
 0.0
 2.1948735724331248
 0.0
 3.0
 0.0
 0.0
 0.0
 0.0
 0.0
 0.0
 2.4129841018926923
 0.0
 0.0
 0.0
 0.0
 0.0
 0.0
 0.0
 0.0
 0.0
 0.0
 0.0
 0.0
 2.7977241933368364
 3.0267306319430465
 0.0
 5.922322363616042
x_lj_opt: 1-dimensional DenseAxisArray{Float64,1,...} with index sets:
    Dimension 1, [(15, 30), (15, 29), (15, 23), (15, 3), (14, 28), (14, 27), (14, 10), (14, 24), (13, 26), (13, 25)  …  (3, 6), (3, 5), (3, 29), (2, 4), (2, 3), (2, 1), (2, 5), (1, 2), (1, 1), (1, 14)]
And data, a 53-element Vector{Float64}:
 0.6766807968606263
 4.428157777124196
 0.0
 0.8174837892902563
 0.23218303344988966
 0.4737686855629361
 0.0
 0.0
 2.0
 0.8843916699872164
 0.11560832993972556
 1.4637750851014737
 0.9426087734843306
 0.0
 1.5415092213977153
 0.0
 0.0
 0.0
 0.5362249156925505
 0.0
 0.0
 2.0
 0.9999999999298388
 0.0
 0.0
 0.0
 6.0
 1.9999999997795257
 0.0
 0.0
 1.4892623864589307
 0.8983254191742955
 0.6124121944630474
 2.0
 6.0
 0.0
 2.0
 1.0
 0.0
 0.0
 0.9448755580537889
 3.0777341382521852
 0.016338504360112988
 1.4444962790264393
 4.9836614966952375
 1.571842224046369
 1.9836614960306649
 0.0
 0.0
 1.0163385041949213
 1.8843916705487092
 3.269433857767093
 0.0
q_opt: 1-dimensional DenseAxisArray{Float64,1,...} with index sets:
    Dimension 1, [(43, 15), (43, 14), (44, 15), (44, 13), (44, 3), (40, 14), (40, 2), (41, 14), (42, 6), (37, 13)  …  (4, 13), (5, 2), (5, 7), (5, 9), (6, 11), (1, 1), (1, 6), (1, 3), (2, 1), (2, 15)]
And data, a 71-element Vector{Float64}:
 0.0
 0.0
 0.0
 0.7449083569875503
 0.6216586710325843
 0.9999999995564769
 0.0
 0.0
 0.0009252792983749251
 0.2550916431098989
 0.0
 1.0
 0.0
 0.0
 0.3750000000224888
 0.0
 0.0
 0.0
 0.9681154811637964
 0.0
 0.4025711690659997
 0.0
 1.0
 0.26837547591874655
 0.2743591965762415
 0.0
 0.03188451891280839
 0.0
 1.0
 0.1381993726646312
 0.5623638989573164
 0.0
 0.1544352426482141
 0.0
 0.0
 0.0
 0.0
 0.0
 0.43763610108185097
 0.0
 0.0
 0.0
 1.0
 0.0
 0.0
 0.7316245241135301
 0.0
 1.0
 0.0
 0.0
 0.0
 0.0
 0.0
 0.0
 0.5974288309750113
 0.0
 0.0
 0.0
 0.0
 0.0
 0.0
 0.0
 0.0
 0.0
 0.7073653846871547
 0.0
 0.0
 0.34971552415466234
 0.37834132900385076
 0.0
 1.0

