objective value: -628.72117228
objective bound: -628.784050675
termination status: OPTIMAL
BARON solution time: 1527.0


w_opt: 1-dimensional DenseAxisArray{Float64,1,...} with index sets:
    Dimension 1, [(25, 1, 2), (25, 1, 1), (25, 1, 14), (20, 1, 2), (20, 1, 1), (20, 1, 14), (1, 1, 2), (1, 1, 1), (1, 1, 14), (2, 1, 2)  …  (20, 15, 23), (20, 15, 3), (8, 15, 30), (8, 15, 29), (8, 15, 23), (8, 15, 3), (2, 15, 30), (2, 15, 29), (2, 15, 23), (2, 15, 3)]
And data, a 261-element Vector{Float64}:
 1.2484678233908744
 1.4880609159729814
 0.0
 0.7515321603455358
 0.8957584760737457
 0.0
 0.0
 0.0
 0.0
 0.0
 0.0
 0.0
 0.0
 0.0
 0.0
 0.0
 1.8204546150812666
 0.0
 0.0
 1.1795453736239405
 0.0
 0.0
 0.0
 0.0
 0.0
 0.0
 0.0
 0.0
 1.5465823078081735e-8
 1.2578320810421142
 0.7636453881324147
 0.0
 0.0
 0.0
 4.397933167476697e-8
 3.562622532965769
 2.1629121310153945
 0.0
 0.0
 0.0
 0.0
 0.0
 0.0
 0.3659522672690358
 1.0951843910925723
 0.06201364771302453
 0.0
 1.7946104375423026e-8
 0.0
 0.6935731785122642
 2.0756546334835404
 0.11753172914899557
 0.0
 0.0
 0.0
 0.0
 0.0
 0.0
 0.0
 1.9999999927060967
 0.9999999871195698
 0.0
 0.0
 0.0
 0.0
 0.0
 0.0
 0.0
 0.0
 0.0
 0.0
 0.0
 2.2918284410716828e-8
 0.0
 0.3720161584788685
 1.1160484756601574
 0.0
 0.4885194014270602
 1.465558204569508
 0.0
 0.0
 0.0
 0.0
 0.0
 0.0
 0.0
 0.0
 0.0
 0.0
 0.0
 0.0
 0.0
 1.1394644276508725
 3.4183932836129167
 0.0
 0.0
 0.0
 0.0
 0.0
 0.0
 0.0
 1.8853066195628412
 0.8070750597287637
 0.30761829565745946
 0.0
 0.0
 0.0
 0.0
 0.0
 0.0
 0.0
 0.0
 0.0
 0.0
 0.0
 0.0
 0.0
 0.0
 4.950394996518175
 1.650131677031292
 0.0
 1.92865548064856e-8
 0.0
 1.0496049521792876
 0.34986831988300243
 0.0
 0.0
 0.0
 0.0
 0.0
 0.0
 0.0
 0.0
 0.0
 0.0
 0.0
 0.0
 0.0
 0.0
 0.0
 0.0
 0.0
 0.0
 0.0
 0.0
 0.0
 0.0
 0.07054631968007667
 0.0
 1.5353684436244406e-8
 0.0
 0.10280954107692335
 0.0
 0.6972815963818627
 0.34864079219482774
 0.0
 0.0
 1.302718397142163
 0.6513591873516246
 0.0
 0.0
 0.0
 0.0
 0.0
 0.0
 0.0
 0.0
 0.0
 0.0
 0.0
 0.0
 0.0
 0.0
 1.704031357324069
 1.0649167377035139e-8
 0.0
 0.0
 0.4668076749667782
 0.0
 0.0
 0.0
 0.0
 0.0
 0.0
 0.0
 0.0
 0.0
 0.0
 0.0
 0.0
 0.0
 0.0
 0.0
 0.0
 1.533192315198637
 0.9811133847386193
 0.48569429211643056
 0.0
 0.0
 0.0
 0.0
 0.0
 0.0
 0.0
 0.0
 0.0
 1.3102929318473864
 0.6551464124559533
 0.0
 0.6897070529922035
 0.3448534983707124
 0.0
 0.0
 0.0
 0.0
 0.0
 0.0
 0.0
 0.0
 0.0
 0.0
 1.6828827971116384e-8
 1.8296230989851246e-8
 0.0
 0.0
 0.5819126878439678
 0.6326610067046302
 0.0
 0.0
 0.0
 0.0
 0.0
 0.0
 2.2330334188721296e-8
 2.427746085493518e-8
 0.0
 0.0
 0.0
 0.0
 0.0
 0.0
 0.0
 0.0
 0.0
 0.0
 0.0
 0.0
 0.0
 0.0
 0.0
 0.0
 0.0
 0.0
 0.0
 0.0
 0.0
 0.0
 1.9999999955646655
 2.5877481739735657
 0.0
 0.9999999934875821
x_ij_opt: 1-dimensional DenseAxisArray{Float64,1,...} with index sets:
    Dimension 1, [(43, 30), (43, 22), (43, 6), (44, 22), (45, 30), (45, 29), (45, 28), (45, 24), (45, 23), (40, 29)  …  (5, 7), (5, 14), (6, 4), (6, 3), (1, 14), (1, 10), (1, 23), (1, 1), (3, 2), (3, 1)]
And data, a 116-element Vector{Float64}:
 0.0
 0.2959686235117542
 1.447086500202215
 0.0
 0.0
 0.0
 1.4180872658706691
 0.0
 0.0
 0.0
 0.0
 0.0
 0.0
 0.0
 0.0
 0.0
 0.0
 0.0
 0.29980869740551885
 0.0
 0.0
 0.0
 0.0
 0.0
 0.0
 0.0
 0.0
 1.9999999369625845
 0.0
 0.0
 0.0
 0.0
 0.0
 0.0
 0.0
 0.0
 0.0
 0.0
 0.0
 0.0
 0.0
 0.0
 0.0
 0.552913419597912
 0.0
 0.0
 0.0
 0.0
 0.0
 0.0
 0.0
 0.0
 0.0
 0.0
 0.0
 0.8291609368545794
 0.0
 2.2252591932667753e-8
 0.19292490436092255
 1.826644121158511
 0.0
 0.0
 0.0
 0.0
 5.9999999869387715
 0.0
 0.0
 0.0
 0.0
 0.7001912906570263
 0.0
 0.0
 0.0
 0.0
 0.0
 0.0
 0.36733893443783283
 0.9404745419114282
 0.0
 0.0
 0.0
 0.0
 0.0
 0.0
 0.0
 0.0
 0.0
 0.0
 4.5020077707729654e-8
 0.0
 0.0
 0.0
 0.0
 0.0
 0.0
 0.0
 0.0
 8.137002771760737e-8
 0.0
 0.0
 0.0
 0.0
 0.0
 0.0
 0.0
 0.0
 0.0
 0.0
 0.0
 0.0
 0.1146933598358255
 0.0
 0.018886610834630564
 3.3085622917239577
 0.0
 0.0
x_il_opt: 1-dimensional DenseAxisArray{Float64,1,...} with index sets:
    Dimension 1, [(43, 15), (43, 14), (44, 15), (44, 13), (44, 3), (40, 14), (40, 2), (41, 14), (42, 6), (37, 13)  …  (4, 13), (5, 2), (5, 7), (5, 9), (6, 11), (1, 1), (1, 6), (1, 3), (2, 1), (2, 15)]
And data, a 71-element Vector{Float64}:
 0.0
 3.53440488230778e-8
 0.0
 1.9654393500575928
 2.0214774846403514
 1.2145736951863781
 0.0
 0.0
 3.059978049675818e-8
 1.0345605543393646
 0.0
 2.9999999920012876
 0.0
 0.0
 1.4880646361049854
 0.0
 1.338992541852879e-8
 0.0
 6.600526698335276
 0.0
 1.5231503060746325
 4.682636626944768e-8
 2.9999999944833955
 1.0459223885766904
 1.9540776086428533
 0.0
 1.399473276935545
 0.0
 2.1708390593940927
 0.07054632130048948
 2.7365287416287463
 0.0
 1.553019755495972e-8
 0.0
 0.0
 0.0
 0.0
 0.0
 1.6472906377236747
 0.0
 0.0
 0.0
 2.999999984324239
 0.0
 2.492805315376507e-8
 1.9540775844937877
 0.0
 2.9999999749475674
 0.0
 0.0
 0.0
 0.0
 0.0
 0.0
 2.8867595411447997
 0.0
 0.0
 5.725534707960496
 0.0
 0.0
 0.0
 0.0
 0.0
 1.2690048954967054e-8
 0.10280954347986233
 0.0
 0.0
 4.557857717684965
 0.0
 0.0
 5.587748163909442
x_lj_opt: 1-dimensional DenseAxisArray{Float64,1,...} with index sets:
    Dimension 1, [(15, 30), (15, 29), (15, 23), (15, 3), (14, 28), (14, 27), (14, 10), (14, 24), (13, 26), (13, 25)  …  (3, 6), (3, 5), (3, 29), (2, 4), (2, 3), (2, 1), (2, 5), (1, 2), (1, 1), (1, 14)]
And data, a 53-element Vector{Float64}:
 1.9999999987874346
 2.5877481781436877
 0.0
 0.9999999950886476
 0.5819127321651838
 0.6326610548912606
 0.0
 0.0
 1.999999996597161
 0.9999999166264255
 0.0
 1.533192318127214
 0.9811133865613499
 0.48569429301143546
 1.7040313709915045
 1.0868747461495497e-8
 0.0
 0.0
 0.4668076786967214
 0.0
 0.0
 1.9999999970331885
 0.9999999812655699
 0.173355876109856
 0.0
 0.0
 5.999999966427307
 2.00000000262768
 0.0
 2.350504838336824e-8
 1.885306631722117
 0.8070750648819981
 0.30761829758597065
 1.9999999964061146
 5.999999990716316
 1.138479628190391e-8
 1.99999999650475
 0.9999999889786519
 0.0
 0.0
 1.0595254536795997
 3.1708390482358415
 0.17954537821670863
 5.963495890826073e-8
 4.8204546205809695
 2.926557523060657
 1.820454617926317
 0.0
 0.0
 1.179545375404917
 1.9999999879130304
 2.3838193970217243
 0.0
q_opt: 1-dimensional DenseAxisArray{Float64,1,...} with index sets:
    Dimension 1, [(43, 15), (43, 14), (44, 15), (44, 13), (44, 3), (40, 14), (40, 2), (41, 14), (42, 6), (37, 13)  …  (4, 13), (5, 2), (5, 7), (5, 9), (6, 11), (1, 1), (1, 6), (1, 3), (2, 1), (2, 15)]
And data, a 71-element Vector{Float64}:
 0.0
 2.8920853679519742e-8
 0.0
 0.6551464670195473
 0.2609364012419994
 0.9999999238365714
 0.0
 0.0
 0.0
 0.34485352706396
 0.0
 0.99999999809471
 0.0
 0.0
 0.1860080795727016
 0.0
 0.0
 0.0
 0.8250658373656344
 0.0
 0.345392615150802
 3.837479989650662e-8
 0.9999999983968842
 0.3486407987019274
 0.24425970114585127
 0.0
 0.17493415968423276
 0.0
 0.9999999919806389
 0.40694507312921907
 0.6242339154690425
 0.0
 8.85529498450035e-8
 0.0
 0.0
 0.0
 0.0
 0.0
 0.3757660824447616
 0.0
 0.0
 0.0
 0.9999999980643791
 0.0
 0.0
 0.6513591995322828
 0.0
 0.9999999935339657
 0.0
 0.0
 0.0
 0.0
 0.0
 0.0
 0.6546073773874636
 0.0
 0.0
 0.7390635973955186
 0.0
 0.0
 0.0
 0.0
 0.0
 0.0
 0.5930548383176875
 0.0
 0.0
 0.5697322148137187
 0.0
 0.0
 0.9999999983850559

