objective value: -621.695623913
objective bound: -635.997423262
termination status: TIME_LIMIT
BARON solution time: 7228.2


w_opt: 1-dimensional DenseAxisArray{Float64,1,...} with index sets:
    Dimension 1, [(25, 1, 2), (25, 1, 1), (25, 1, 14), (20, 1, 2), (20, 1, 1), (20, 1, 14), (1, 1, 2), (1, 1, 1), (1, 1, 14), (2, 1, 2)  …  (20, 15, 23), (20, 15, 3), (8, 15, 30), (8, 15, 29), (8, 15, 23), (8, 15, 3), (2, 15, 30), (2, 15, 29), (2, 15, 23), (2, 15, 3)]
And data, a 261-element Vector{Float64}:
 0.10045950060978015
 0.2674798007932157
 0.0
 0.6130843982246654
 1.6323761487084
 0.0
 0.0
 0.0
 0.0
 0.0
 0.0
 0.0
 0.0
 0.0
 0.0
 0.0
 1.920259930487123
 0.0
 0.0
 1.0797400695128774
 0.0
 0.0
 0.0
 0.0
 0.0
 0.0
 0.0
 0.0
 0.0
 1.0537285878522373
 0.6595607143215434
 0.0
 0.0
 0.0
 0.0
 3.8665313426348873
 2.420179355191334
 0.0
 0.0
 0.0
 0.0
 0.0
 0.0
 0.0
 0.0
 0.0
 0.0
 0.0
 0.0
 1.1859673735427068
 1.6845370594617193
 0.07974006951287715
 0.0
 0.0
 0.0
 0.0
 0.0
 0.0
 0.0
 2.0
 1.0
 0.0
 0.0
 0.0
 0.0
 0.0
 0.0
 0.0
 0.0
 0.0
 0.0
 0.0
 0.0
 0.0
 0.553332223487723
 1.659996670463169
 0.0
 0.48840987100880917
 1.4652296130264275
 0.0
 0.0
 0.0
 0.0
 0.0
 0.0
 0.0
 0.0
 0.0
 0.0
 0.0
 0.0
 0.0
 0.9582579055034676
 2.874773716510403
 0.0
 0.0
 0.0
 0.0
 0.0
 0.0
 0.0
 2.0
 0.9882582440479526
 0.011741755952047527
 0.0
 0.0
 0.0
 0.0
 0.0
 0.0
 0.0
 0.0
 0.0
 0.0
 0.0
 0.0
 0.0
 0.0
 2.6405871324488213
 2.5666024011817816
 0.0
 0.0
 0.0
 1.4162456221795332
 1.376564844189866
 0.0
 0.0
 0.0
 0.0
 0.0
 0.0
 0.0
 0.0
 0.0
 0.0
 0.0
 0.0
 0.0
 0.0
 0.0
 0.0
 0.0
 0.0
 0.0
 0.0
 0.0
 0.0
 0.6771516972733171
 0.0
 0.0
 0.0
 0.46140486390883106
 0.0
 0.6975736773098422
 0.3487868386549211
 0.0
 0.0
 1.3024263226901578
 0.6512131613450789
 0.0
 0.0
 0.0
 0.0
 0.0
 0.0
 0.0
 0.0
 0.0
 0.0
 0.0
 0.0
 0.0
 0.0
 1.9428252877745062
 0.0
 0.0
 0.0
 0.6848790170588649
 0.0
 0.0
 0.0
 0.0
 0.0
 0.0
 0.0
 0.0
 0.0
 0.0
 0.0
 0.0
 0.0
 0.0
 0.0
 0.0
 1.3151209829411352
 0.9214339165602076
 0.7634451004986574
 0.0
 0.0
 0.0
 0.0
 0.0
 0.0
 0.0
 0.0
 0.0
 1.5041959355677914
 0.6660100011654593
 0.08608796661843666
 0.49580406443220526
 0.21952623173768077
 0.028375800478421965
 0.0
 0.0
 0.0
 0.0
 0.0
 0.0
 0.0
 0.0
 0.0
 0.0
 0.0
 0.0
 0.0
 0.4446832117794588
 0.49726594208383684
 0.0
 0.0
 0.0
 0.0
 0.0
 0.0
 0.0
 0.0
 0.0
 0.0
 0.0
 0.0
 0.0
 0.0
 0.0
 0.0
 0.0
 0.0
 0.0
 0.0
 0.0
 0.0
 0.0
 0.0
 0.0
 0.0
 0.0
 0.0
 0.0
 0.0
 2.0
 2.156814829988466
 0.0
 1.0
x_ij_opt: 1-dimensional DenseAxisArray{Float64,1,...} with index sets:
    Dimension 1, [(43, 30), (43, 22), (43, 6), (44, 22), (45, 30), (45, 29), (45, 28), (45, 24), (45, 23), (40, 29)  …  (5, 7), (5, 14), (6, 4), (6, 3), (1, 14), (1, 10), (1, 23), (1, 1), (3, 2), (3, 1)]
And data, a 116-element Vector{Float64}:
 0.0
 0.057174712225493834
 1.5834612396892604
 0.0
 0.0
 0.0
 1.5553167882205414
 0.0
 0.0
 0.0
 0.0
 0.0
 0.0
 0.0
 0.0
 0.0
 0.0
 0.0
 0.24546054693306527
 0.0
 0.0
 0.0
 0.0
 0.0
 0.0
 0.0
 0.0
 2.0
 0.0
 0.0
 0.0
 0.0
 0.0
 0.0
 0.0
 0.0
 0.0
 0.0
 0.0
 0.0
 0.0
 0.0
 1.1719923340686957
 0.4165387603107395
 0.0
 0.0
 0.0
 0.0
 0.0
 0.0
 0.0
 0.0
 0.0
 0.0
 0.0
 0.3722956951666348
 0.0
 1.9431672453716455
 0.011741755952047449
 0.8614434388178503
 0.0
 0.0
 0.0
 0.0
 6.0
 0.0
 0.0
 0.0
 0.0
 0.7545394530669346
 0.0
 0.0
 0.0
 0.0
 0.0
 0.0
 0.5027340579161632
 0.8140326264572934
 0.0
 0.0
 0.0
 0.0
 0.0
 0.0
 0.0
 0.0
 0.0
 0.0
 0.0
 0.0
 0.0
 0.0
 0.0
 0.0
 0.0
 0.0
 0.0
 0.11446376709685865
 0.0
 0.0
 0.0
 0.0
 0.0
 0.0
 0.0
 0.0
 0.0
 0.0
 0.0
 0.0
 0.0
 0.0
 0.07856608343979246
 4.088402294546337
 0.0
 0.0
x_il_opt: 1-dimensional DenseAxisArray{Float64,1,...} with index sets:
    Dimension 1, [(43, 15), (43, 14), (44, 15), (44, 13), (44, 3), (40, 14), (40, 2), (41, 14), (42, 6), (37, 13)  …  (4, 13), (5, 2), (5, 7), (5, 9), (6, 11), (1, 1), (1, 6), (1, 3), (2, 1), (2, 15)]
And data, a 71-element Vector{Float64}:
 0.0
 0.0
 0.0
 2.2562939033516867
 1.7132893021737807
 0.9419491538632956
 0.0
 0.0
 0.0
 0.7437060966483079
 0.0
 3.0
 0.0
 0.0
 2.213328893950892
 0.0
 0.0
 0.0
 5.207189533630602
 0.0
 0.0
 0.0
 3.0
 1.0463605159647633
 1.9536394840352367
 0.0
 2.7928104663693993
 0.0
 2.627704304833371
 0.6771516972733171
 0.36793930140299586
 0.0
 0.0
 0.0
 0.0
 0.0
 0.0
 0.0
 2.2454605469330655
 0.0
 0.0
 0.0
 3.0
 0.0
 0.0
 1.9536394840352367
 0.0
 3.0
 0.0
 0.0
 0.0
 0.0
 0.0
 0.0
 2.950244502517303
 0.0
 0.0
 6.286710697826221
 0.0
 0.0
 0.0
 0.0
 0.0
 0.0
 0.46140486390883106
 0.0
 0.0
 3.8330316220138703
 0.0
 0.0
 5.156814829988466
x_lj_opt: 1-dimensional DenseAxisArray{Float64,1,...} with index sets:
    Dimension 1, [(15, 30), (15, 29), (15, 23), (15, 3), (14, 28), (14, 27), (14, 10), (14, 24), (13, 26), (13, 25)  …  (3, 6), (3, 5), (3, 29), (2, 4), (2, 3), (2, 1), (2, 5), (1, 2), (1, 1), (1, 14)]
And data, a 53-element Vector{Float64}:
 2.0
 2.156814829988466
 0.0
 1.0
 0.4446832117794588
 0.49726594208383684
 0.0
 0.0
 2.0
 0.8855362329031415
 0.11446376709685882
 1.3151209829411352
 0.9214339165602076
 0.7634451004986574
 1.9428252877745062
 0.0
 0.0
 0.0
 0.6848790170588649
 0.0
 0.0
 2.0
 1.0
 1.13855656118215
 0.0
 0.0
 4.0568327546283545
 3.9431672453716473
 0.0
 0.0
 2.0
 0.9882582440479526
 0.011741755952047527
 2.0
 6.0
 0.0
 2.0
 1.0
 0.0
 0.0
 1.1859673735427068
 1.6845370594617193
 0.07974006951287715
 0.0
 4.920259930487123
 3.0797400695128765
 1.9202599304871228
 0.0
 0.0
 1.0797400695128772
 0.7135438988344456
 1.8998559495016156
 0.0
q_opt: 1-dimensional DenseAxisArray{Float64,1,...} with index sets:
    Dimension 1, [(43, 15), (43, 14), (44, 15), (44, 13), (44, 3), (40, 14), (40, 2), (41, 14), (42, 6), (37, 13)  …  (4, 13), (5, 2), (5, 7), (5, 9), (6, 11), (1, 1), (1, 6), (1, 3), (2, 1), (2, 15)]
And data, a 71-element Vector{Float64}:
 0.0
 0.0
 0.0
 0.7520979677838957
 0.2141611627717226
 1.0
 0.0
 0.0
 0.0
 0.24790203221610263
 0.0
 1.0
 0.0
 0.0
 0.2766661117438615
 0.0
 0.0
 0.0
 0.6508986917038252
 0.0
 0.0
 0.0
 1.0
 0.3487868386549211
 0.24420493550440459
 0.0
 0.3491013082961748
 0.0
 1.0
 0.5947457687766607
 0.14078951662802805
 0.0
 0.0
 0.0
 0.0
 0.0
 0.0
 0.0
 0.859210483371972
 0.0
 0.0
 0.0
 1.0
 0.0
 0.0
 0.6512131613450789
 0.0
 1.0
 0.0
 0.0
 0.0
 0.0
 0.0
 0.0
 1.0
 0.0
 0.0
 0.7858388372282777
 0.0
 0.0
 0.0
 0.0
 0.0
 0.0
 0.4052542312233394
 0.0
 0.0
 0.4791289527517338
 0.0
 0.0
 1.0

