objective value: -626.110408536
objective bound: -634.485482407
termination status: TIME_LIMIT
BARON solution time: 7226.33


w_opt: 1-dimensional DenseAxisArray{Float64,1,...} with index sets:
    Dimension 1, [(25, 1, 2), (25, 1, 1), (25, 1, 14), (20, 1, 2), (20, 1, 1), (20, 1, 14), (1, 1, 2), (1, 1, 1), (1, 1, 14), (2, 1, 2)  …  (20, 15, 23), (20, 15, 3), (8, 15, 30), (8, 15, 29), (8, 15, 23), (8, 15, 3), (2, 15, 30), (2, 15, 29), (2, 15, 23), (2, 15, 3)]
And data, a 261-element Vector{Float64}:
 1.0531296792000042
 0.9431535505747676
 0.0
 0.9468703209864402
 0.8479906347818771
 0.0
 0.0
 0.0
 0.0
 0.0
 0.0
 0.0
 0.0
 0.0
 0.0
 0.0
 1.8902688607465503
 0.0
 0.0
 1.1097311394247702
 0.0
 0.0
 0.0
 0.0
 0.0
 0.0
 0.0
 0.0
 0.0
 0.5915562130776854
 0.22421630091984363
 0.0
 0.0
 0.0
 0.0
 4.298712648160494
 1.6293319676650218
 0.0
 0.0
 0.0
 0.0
 0.0
 0.0
 0.2755315581828859
 0.8766252851004454
 0.028420484049833855
 0.0
 0.0
 0.0
 0.7882924027309023
 2.5080141703188423
 0.08131065564316402
 0.0
 0.0
 0.0
 0.0
 0.0
 0.0
 0.0
 1.933191524690393
 1.0
 0.0
 0.0
 0.0
 0.0
 0.0
 0.0
 0.0
 0.0
 0.0
 0.0
 0.0
 0.0
 0.0
 0.6241045110206742
 1.8723135330100464
 0.0
 0.5470047363447132
 1.6410142089822066
 0.0
 0.0
 0.0
 0.0
 0.0
 0.0
 0.0
 0.0
 0.0
 0.0
 0.0
 0.0
 0.0
 0.828890752786101
 2.486672258306057
 0.0
 0.0
 0.0
 0.0
 0.0
 0.0
 0.0
 1.9999999999423
 0.8752759534153552
 0.12472404632207706
 0.0
 0.0
 0.0
 0.0
 0.0
 0.0
 0.0
 0.0
 0.0
 0.0
 0.0
 0.0
 0.0
 0.0
 4.5059432997875986
 1.5019810990343607
 0.0
 0.0
 0.0
 1.494056700665113
 0.49801889986317655
 0.0
 0.0
 0.0
 0.0
 0.0
 0.0
 0.0
 0.0
 0.0
 0.0
 0.0
 0.0
 0.0
 0.0
 0.0
 0.0
 0.0
 0.0
 0.0
 0.0
 0.0
 0.0
 0.8789927234365904
 0.0
 0.0
 0.0
 0.2944170253137209
 0.0
 0.5413207033430409
 0.27066035159469104
 0.0
 0.0
 1.4586792968935707
 0.7293396482323811
 0.0
 0.0
 0.0
 0.0
 0.0
 0.0
 0.0
 0.0
 0.0
 0.0
 0.0
 0.0
 0.0
 0.0
 2.0
 0.0
 0.0
 0.0
 0.38463945301461083
 0.0
 0.0
 0.0
 0.0
 0.0
 0.0
 0.0
 0.0
 0.0
 0.0
 0.0
 0.0
 0.0
 0.0
 0.0
 0.0
 1.615360547902104
 1.0
 0.38463945240585024
 0.0
 0.0
 0.0
 0.0
 0.0
 0.0
 0.0
 0.0
 0.0
 1.5096541223414484
 0.7548270605959803
 0.0
 0.49034587808982827
 0.24517293885950844
 0.0
 0.0
 0.0
 0.0
 0.0
 0.0
 0.0
 0.0
 0.0
 0.0
 0.0
 0.0
 0.0
 0.0
 0.6018441398671364
 0.7345743712034492
 0.0
 0.0
 0.0
 0.0
 0.0
 0.0
 0.0
 0.0
 0.0
 0.0
 0.0
 0.0
 0.0
 0.0
 0.0
 0.0
 0.0
 0.0
 0.0
 0.0
 0.0
 0.0
 0.0
 0.0
 0.0
 0.0
 0.0
 0.0
 0.0
 0.0
 1.1300328506386565
 3.7618122804286793
 0.0
 0.8757382970327866
x_ij_opt: 1-dimensional DenseAxisArray{Float64,1,...} with index sets:
    Dimension 1, [(43, 30), (43, 22), (43, 6), (44, 22), (45, 30), (45, 29), (45, 28), (45, 24), (45, 23), (40, 29)  …  (5, 7), (5, 14), (6, 4), (6, 3), (1, 14), (1, 10), (1, 23), (1, 1), (3, 2), (3, 1)]
And data, a 116-element Vector{Float64}:
 0.0
 0.0
 1.4332183892611805
 0.0
 0.8699671497943499
 0.0
 1.398155859751679
 0.0
 0.0
 0.0
 0.0
 0.0
 0.0
 0.0
 0.0
 0.0
 0.0
 0.0
 0.2197264854073722
 0.0
 0.0
 0.0
 0.0
 0.0
 0.0
 0.0
 0.0
 1.999999999186759
 0.0
 0.0
 0.0
 0.0
 0.0
 0.0
 0.0
 0.0
 0.0
 0.0
 0.0
 0.0
 0.0
 0.0
 0.0
 0.56678161120639
 0.0
 0.0
 0.0
 0.0
 0.0
 0.0
 0.0
 0.0
 0.0
 0.0
 0.0
 0.6153605462472505
 0.0
 0.0
 0.12472404667041184
 0.8265902514192189
 0.0
 0.0
 0.0
 0.0
 6.0
 0.0
 0.0
 0.0
 0.0
 0.7802735148138519
 0.0
 0.0
 0.0
 0.0
 0.0
 0.0
 0.26542562801914715
 0.9361760392513027
 0.0
 0.0
 0.0
 0.0
 0.0
 0.0
 0.0
 0.0
 0.0
 0.06680847611815652
 0.0
 0.0
 0.0
 0.0
 0.0
 0.0
 0.0
 0.0
 0.0
 0.0
 0.0
 0.12426170348027346
 0.0
 0.0
 0.0
 0.0
 0.0
 0.0
 0.0
 0.0
 0.0
 0.0
 0.0
 0.0
 0.0
 4.084131769391517
 0.0
 0.0
x_il_opt: 1-dimensional DenseAxisArray{Float64,1,...} with index sets:
    Dimension 1, [(43, 15), (43, 14), (44, 15), (44, 13), (44, 3), (40, 14), (40, 2), (41, 14), (42, 6), (37, 13)  …  (4, 13), (5, 2), (5, 7), (5, 9), (6, 11), (1, 1), (1, 6), (1, 3), (2, 1), (2, 15)]
And data, a 71-element Vector{Float64}:
 0.0
 0.0
 0.0
 2.264481183273341
 0.8157725140991805
 1.33641851127203
 0.0
 0.0
 0.0
 0.7355188171232506
 0.0
 3.0
 0.0
 0.0
 2.496418044135218
 0.0
 0.0
 0.0
 6.007924399602481
 0.0
 1.1805773273331652
 0.0
 3.0
 0.811981054937732
 2.1880189454335217
 0.0
 1.992075601045776
 0.0
 2.384639454620729
 0.878992723450616
 1.9962832297953617
 0.0
 0.0
 0.0
 0.0
 0.0
 0.0
 0.0
 1.7948609557929487
 0.0
 0.0
 0.0
 2.933191525231291
 0.0
 0.0
 2.1880189451259517
 0.0
 2.9999999996802975
 0.0
 0.0
 0.0
 0.0
 0.0
 0.0
 3.3776172286929085
 0.0
 0.0
 5.928044615972014
 0.0
 0.0
 0.0
 0.0
 0.0
 0.0
 0.29441702533478
 0.0
 0.0
 3.3155630111912955
 0.0
 0.0
 5.767583428354076
x_lj_opt: 1-dimensional DenseAxisArray{Float64,1,...} with index sets:
    Dimension 1, [(15, 30), (15, 29), (15, 23), (15, 3), (14, 28), (14, 27), (14, 10), (14, 24), (13, 26), (13, 25)  …  (3, 6), (3, 5), (3, 29), (2, 4), (2, 3), (2, 1), (2, 5), (1, 2), (1, 1), (1, 14)]
And data, a 53-element Vector{Float64}:
 1.1300328504861186
 3.761812280072874
 0.0
 0.8757382968942855
 0.601844140589438
 0.7345743720866108
 0.0
 0.0
 2.0
 0.99999999932533
 0.0
 1.615360547732643
 0.9999999999885791
 0.38463945233655344
 1.9999999999017353
 0.0
 0.0
 0.0
 0.38463945296449104
 0.0
 0.0
 2.0
 0.9999999997844374
 1.1734097489061197
 0.0
 0.0
 6.0
 1.999999998909062
 0.0
 0.0
 2.0
 0.8752759534963501
 0.124724046317297
 2.0
 6.0
 0.0
 1.9331915245199178
 0.9999999999876367
 0.0
 0.0
 1.0638239609513196
 3.3846394555629424
 0.10973113964933913
 0.0
 4.890268861427255
 1.853548268629794
 1.890268860589241
 0.0
 0.0
 1.1097311393548943
 2.0
 1.7911441852490062
 0.0
q_opt: 1-dimensional DenseAxisArray{Float64,1,...} with index sets:
    Dimension 1, [(43, 15), (43, 14), (44, 15), (44, 13), (44, 3), (40, 14), (40, 2), (41, 14), (42, 6), (37, 13)  …  (4, 13), (5, 2), (5, 7), (5, 9), (6, 11), (1, 1), (1, 6), (1, 3), (2, 1), (2, 15)]
And data, a 71-element Vector{Float64}:
 0.0
 0.0
 0.0
 0.7548270611196188
 0.12096598977469783
 0.9999999987992306
 0.0
 0.0
 0.0
 0.24517293903925066
 0.0
 1.0
 0.0
 0.0
 0.3120522555042967
 0.0
 0.0
 0.0
 0.7509905499415934
 0.0
 0.25900108316169584
 0.0
 1.0
 0.27066035165278995
 0.27350236816654855
 0.0
 0.24900945011302106
 0.0
 1.0
 0.7490927395619532
 0.5265648395818254
 0.0
 0.0
 0.0
 0.0
 0.0
 0.0
 0.0
 0.4734351604769236
 0.0
 0.0
 0.0
 1.0
 0.0
 0.0
 0.7293396483930543
 0.0
 0.999999999918087
 0.0
 0.0
 0.0
 0.0
 0.0
 0.0
 0.7409989167971428
 0.0
 0.0
 0.8790340101904205
 0.0
 0.0
 0.0
 0.0
 0.0
 0.0
 0.25090726030560234
 0.0
 0.0
 0.41444537638635415
 0.0
 0.0
 1.0

