objective value: -626.620781024
objective bound: -626.683449368
termination status: OPTIMAL
BARON solution time: 690.23


w_opt: 1-dimensional DenseAxisArray{Float64,1,...} with index sets:
    Dimension 1, [(25, 1, 2), (25, 1, 1), (25, 1, 14), (20, 1, 2), (20, 1, 1), (20, 1, 14), (1, 1, 2), (1, 1, 1), (1, 1, 14), (2, 1, 2)  …  (20, 15, 23), (20, 15, 3), (8, 15, 30), (8, 15, 29), (8, 15, 23), (8, 15, 3), (2, 15, 30), (2, 15, 29), (2, 15, 23), (2, 15, 3)]
And data, a 261-element Vector{Float64}:
 1.2333403942438916
 1.7666596060742195
 0.0
 0.7666596060283019
 1.0981774082000173
 0.0
 0.0
 0.0
 0.0
 0.0
 0.0
 0.0
 0.0
 0.0
 0.0
 0.0
 1.8475590032963383
 0.0
 0.0
 1.1524409971831093
 0.0
 0.0
 0.0
 0.0
 0.0
 0.0
 0.0
 0.0
 0.0
 2.880425315715794
 1.6601173805502314
 0.0
 0.0
 0.0
 0.0
 0.0
 0.0
 0.0
 0.0
 0.0
 0.0
 1.9671336882439427
 1.133746744934479
 0.2869070335255813
 0.9427260869175761
 0.04187554849427573
 0.0
 0.0
 0.0
 0.757530493257995
 2.4891120613323356
 0.11056544873298779
 0.0
 0.0
 0.0
 0.0
 0.0
 0.0
 0.0
 2.0
 1.0
 0.0
 0.0
 0.0
 0.0
 0.0
 0.0
 0.0
 0.0
 0.0
 0.0
 0.0
 0.0
 0.0
 0.6455653903928052
 1.9366961710296484
 0.0
 0.45565434236257385
 1.366963026987993
 0.0
 0.0
 0.0
 0.0
 0.0
 0.0
 0.0
 0.0
 0.0
 0.0
 0.0
 0.0
 0.0
 0.8987802675573116
 2.6963408024827746
 0.0
 0.0
 0.0
 0.0
 0.0
 0.0
 0.0
 2.0
 0.8571521398247278
 0.14284786008163736
 0.0
 0.0
 0.0
 0.0
 0.0
 0.0
 0.0
 0.0
 0.0
 0.0
 0.0
 0.0
 0.0
 0.0
 4.562479321068652
 1.4122030381538762
 0.0
 0.1086234018494218
 0.0
 1.4375206799603737
 0.4449491008703174
 0.0
 0.034224459005208714
 0.0
 0.0
 0.0
 0.0
 0.0
 0.0
 0.0
 0.0
 0.0
 0.0
 0.0
 0.0
 0.0
 0.0
 0.0
 0.0
 0.0
 0.0
 0.0
 0.0
 0.0
 0.0
 0.0
 0.0
 0.0
 0.0
 0.7849217541464497
 0.3924608770163318
 0.0
 0.0
 1.2150782461146263
 0.6075391229692378
 0.0
 0.0
 0.0
 0.0
 0.0
 0.0
 0.0
 0.0
 0.0
 0.0
 0.0
 0.0
 0.0
 0.0
 2.0
 0.0
 0.0
 0.0
 0.28899028602800403
 0.0
 0.0
 0.0
 0.0
 0.0
 0.0
 0.0
 0.0
 0.0
 0.0
 0.0
 0.0
 0.0
 0.0
 0.0
 0.0
 1.7110097149417938
 1.0
 0.28899028525918974
 0.0
 0.0
 0.0
 0.0
 0.0
 0.0
 0.0
 0.0
 0.0
 1.3438120170965562
 0.6719060082369329
 0.0
 0.656187983272902
 0.3280939914844201
 0.0
 0.0
 0.0
 0.0
 0.0
 0.0
 0.0
 0.0
 0.0
 0.0
 0.0
 0.0
 0.0
 0.0
 0.5095730300497683
 0.7048823407301159
 0.0
 0.0
 0.0
 0.0
 0.0
 0.0
 0.0
 0.0
 0.0
 0.0
 0.0
 0.0
 0.0
 0.0
 0.0
 0.0
 0.0
 0.0
 0.0
 0.0
 0.0
 0.0
 0.0
 0.0
 0.0
 0.0
 0.0
 0.0
 0.0
 0.0
 1.6489172949622504
 2.9171455906816544
 0.0
 1.0
x_ij_opt: 1-dimensional DenseAxisArray{Float64,1,...} with index sets:
    Dimension 1, [(43, 30), (43, 22), (43, 6), (44, 22), (45, 30), (45, 29), (45, 28), (45, 24), (45, 23), (40, 29)  …  (5, 7), (5, 14), (6, 4), (6, 3), (1, 14), (1, 10), (1, 23), (1, 1), (3, 2), (3, 1)]
And data, a 116-element Vector{Float64}:
 0.0
 0.0
 1.5020075691264143
 0.0
 0.3510827054530896
 0.0
 1.4904269703715562
 0.0
 0.0
 0.0
 0.0
 0.0
 0.0
 0.0
 0.0
 0.0
 0.0
 0.0
 0.32740139678135344
 0.0
 1.6883166287256925
 0.0
 0.0
 0.0
 0.0
 0.0
 0.0
 2.0
 0.0
 0.0
 0.0
 0.0
 0.0
 0.0
 0.0
 0.0
 0.0
 0.0
 0.0
 0.0
 0.0
 0.0
 0.0
 0.4979924316965266
 0.0
 0.0
 0.0
 0.0
 0.0
 0.0
 0.0
 0.0
 0.0
 0.0
 0.0
 0.7110097139638416
 0.0
 0.0
 0.0
 2.0
 0.0
 0.0
 0.0
 0.0
 6.0
 0.0
 0.0
 0.0
 0.0
 0.6725986035967539
 0.0
 0.0
 0.0
 0.0
 0.0
 0.0
 0.29511765958943686
 0.9555624735462569
 0.0
 0.0
 0.0
 0.0
 0.0
 0.0
 0.0
 0.0
 0.0
 0.0
 0.0
 0.0
 0.0
 0.0
 0.0
 0.0
 0.0
 0.0
 0.0
 0.0
 0.0
 0.0
 0.0
 0.0
 0.0
 0.0
 0.0
 0.0
 0.0
 0.0
 0.0
 0.0
 0.0
 0.0
 0.0
 1.3039984980201111
 0.0
 0.0
x_il_opt: 1-dimensional DenseAxisArray{Float64,1,...} with index sets:
    Dimension 1, [(43, 15), (43, 14), (44, 15), (44, 13), (44, 3), (40, 14), (40, 2), (41, 14), (42, 6), (37, 13)  …  (4, 13), (5, 2), (5, 7), (5, 9), (6, 11), (1, 1), (1, 6), (1, 3), (2, 1), (2, 15)]
And data, a 71-element Vector{Float64}:
 0.0
 0.0
 0.0
 2.015718025532174
 4.540542696236812
 1.2144553705835592
 0.0
 0.0
 0.0
 0.9842819748543407
 0.0
 3.0
 0.0
 0.0
 2.582261561395472
 0.0
 0.0
 0.0
 6.083305760925197
 0.0
 1.271508668937433
 0.0
 3.0
 1.1773826311627815
 1.8226173693289456
 0.0
 1.9166942397896076
 0.0
 2.2889902868255305
 0.0
 3.0
 0.0
 0.0
 0.0
 0.0
 0.0
 0.0
 0.0
 1.8648370141899082
 0.0
 0.0
 0.0
 3.0
 0.0
 0.0
 1.8226173690838643
 0.0
 3.0
 0.0
 0.0
 0.0
 0.0
 0.0
 0.0
 3.3572080033233185
 0.0
 0.0
 0.0
 0.0
 0.0
 0.0
 0.0
 0.0
 0.0
 0.0
 0.0
 0.0
 3.59512106999352
 3.1008804331584705
 0.0
 5.5660628856789875
x_lj_opt: 1-dimensional DenseAxisArray{Float64,1,...} with index sets:
    Dimension 1, [(15, 30), (15, 29), (15, 23), (15, 3), (14, 28), (14, 27), (14, 10), (14, 24), (13, 26), (13, 25)  …  (3, 6), (3, 5), (3, 29), (2, 4), (2, 3), (2, 1), (2, 5), (1, 2), (1, 1), (1, 14)]
And data, a 53-element Vector{Float64}:
 1.648917294845492
 2.9171455904750907
 0.0
 1.0
 0.5095730300219844
 0.7048823406919138
 0.0
 0.0
 2.0
 0.999999999624281
 0.0
 1.7110097147797987
 1.0
 0.2889902852315511
 2.0
 0.0
 0.0
 0.0
 0.28899028600875365
 0.0
 0.0
 2.0
 0.999999999953363
 0.0
 0.0
 0.0
 6.0
 1.8571521388885928
 0.0
 0.14284786084427228
 2.0
 0.8571521398211881
 0.1428478600810475
 2.0
 6.0
 0.0
 2.0
 1.0
 0.0
 0.0
 1.0444375267438701
 3.4318381481184
 0.1524409972218442
 0.0
 4.847559003786567
 2.7938641253849053
 1.847559003167898
 0.0
 0.0
 1.1524409971029281
 2.0
 2.864837014156567
 0.0
q_opt: 1-dimensional DenseAxisArray{Float64,1,...} with index sets:
    Dimension 1, [(43, 15), (43, 14), (44, 15), (44, 13), (44, 3), (40, 14), (40, 2), (41, 14), (42, 6), (37, 13)  …  (4, 13), (5, 2), (5, 7), (5, 9), (6, 11), (1, 1), (1, 6), (1, 3), (2, 1), (2, 15)]
And data, a 71-element Vector{Float64}:
 0.0
 0.0
 0.0
 0.6719060084893809
 0.5942011873328021
 1.0
 0.0
 0.0
 0.0
 0.32809399160769126
 0.0
 1.0
 0.0
 0.0
 0.3227826951627992
 0.0
 0.0
 0.0
 0.7604132201032464
 0.0
 0.2747000430176083
 0.0
 1.0
 0.39246087703463217
 0.22782717115888165
 0.0
 0.2395867799698092
 0.0
 1.0
 0.04788387890972203
 0.6166701970633678
 0.0
 0.07582588525125025
 0.0
 0.0
 0.0
 0.0
 0.0
 0.38332980297780433
 0.0
 0.0
 0.0
 1.0
 0.0
 0.0
 0.6075391229975743
 0.0
 1.0
 0.0
 0.0
 0.0
 0.0
 0.0
 0.0
 0.725299957020723
 0.0
 0.0
 0.0
 0.0
 0.0
 0.0
 0.0
 0.0
 0.0
 0.8762902358390277
 0.0
 0.0
 0.4493901337363697
 0.4057988127029209
 0.0
 1.0

