objective value: -626.548085261
objective bound: -626.610746332
termination status: OPTIMAL
BARON solution time: 324.5


w_opt: 1-dimensional DenseAxisArray{Float64,1,...} with index sets:
    Dimension 1, [(25, 1, 2), (25, 1, 1), (25, 1, 14), (20, 1, 2), (20, 1, 1), (20, 1, 14), (1, 1, 2), (1, 1, 1), (1, 1, 14), (2, 1, 2)  …  (20, 15, 23), (20, 15, 3), (8, 15, 30), (8, 15, 29), (8, 15, 23), (8, 15, 3), (2, 15, 30), (2, 15, 29), (2, 15, 23), (2, 15, 3)]
And data, a 261-element Vector{Float64}:
 1.1360665321310597
 1.8639334680039543
 0.0
 0.8639334681261843
 1.4174473587814664
 0.0
 0.0
 0.0
 0.0
 0.0
 0.0
 0.0
 0.0
 0.0
 0.0
 0.0
 2.0
 0.0
 0.0
 1.0000000002789313
 0.0
 0.0
 0.0
 0.0
 0.0
 0.0
 0.0
 0.0
 0.30302871235257717
 3.077990456293752
 0.6490761417627449
 0.0
 0.0
 0.0
 0.0
 0.0
 0.0
 0.0
 0.0
 0.0
 0.18922218431180224
 1.9220095446046905
 0.40530682513720784
 0.27104739185227755
 0.9209397857189641
 0.0
 0.0
 0.0
 0.0
 0.7842781218384418
 2.664747742206781
 0.0
 0.0
 0.0
 0.0
 0.0
 0.0
 0.0
 0.0
 2.0
 1.0
 0.0
 0.0
 0.0
 0.0
 0.0
 0.0
 0.0
 0.0
 0.0
 0.0
 0.0
 0.0
 0.0
 0.6883456939825601
 2.0650370818110195
 0.0
 0.5020771362808897
 1.5062314087320183
 0.0
 0.0
 0.0
 0.0
 0.0
 0.0
 0.0
 0.0
 0.0
 0.0
 0.0
 0.0
 0.0
 0.8095771700481649
 2.4287315099919606
 0.0
 0.0
 0.0
 0.0
 0.0
 0.0
 0.0
 1.582386404576642
 0.7718550297902891
 0.6457585659169205
 0.0
 0.0
 0.0
 0.0
 0.0
 0.0
 0.0
 0.0
 0.0
 0.0
 0.0
 0.0
 0.0
 0.0
 5.063768132128889
 1.4953771715475987
 0.0
 0.19254553876158584
 0.0
 0.9362318689077644
 0.27647785749814746
 0.0
 0.0355994320630982
 0.0
 0.0
 0.0
 0.0
 0.0
 0.0
 0.0
 0.0
 0.0
 0.0
 0.0
 0.0
 0.0
 0.0
 0.0
 0.0
 0.0
 0.0
 0.0
 0.0
 0.0
 0.0
 0.0
 0.0
 0.0
 0.0
 0.6611276370326258
 0.3305638184646596
 0.0
 0.0
 1.3388723632285078
 0.6694361815096269
 0.0
 0.0
 0.0
 0.0
 0.0
 0.0
 0.0
 0.0
 0.0
 0.0
 0.0
 0.0
 0.0
 0.0
 1.7733724790383527
 0.0
 0.0
 0.0
 0.5841700768746837
 0.0
 0.0
 0.0
 0.0
 0.0
 0.0
 0.0
 0.0
 0.0
 0.0
 0.0
 0.0
 0.0
 0.0
 0.0
 0.0
 1.4158299241074859
 0.9416187322019287
 0.0
 0.0
 0.0
 0.0
 0.0
 0.0
 0.0
 0.0
 0.0
 0.0
 1.3931786695901565
 0.69658933446282
 0.0
 0.6068213308001095
 0.3034106652553385
 0.0
 0.0
 0.0
 0.0
 0.0
 0.0
 0.0
 0.0
 0.0
 0.0
 0.0
 0.0
 0.0
 0.0
 0.5516549647226419
 0.5884683902128707
 0.0
 0.0
 0.0
 0.0
 0.0
 0.0
 0.0
 0.0
 0.0
 0.0
 0.0
 0.0
 0.0
 0.0
 0.0
 0.0
 0.0
 0.0
 0.0
 0.0
 0.0
 0.0
 0.0
 0.0
 0.0
 0.0
 0.0
 0.0
 0.0
 0.0
 0.9710875053373885
 4.94561703463177
 0.0
 0.6868656908991689
x_ij_opt: 1-dimensional DenseAxisArray{Float64,1,...} with index sets:
    Dimension 1, [(43, 30), (43, 22), (43, 6), (44, 22), (45, 30), (45, 29), (45, 28), (45, 24), (45, 23), (40, 29)  …  (5, 7), (5, 14), (6, 4), (6, 3), (1, 14), (1, 10), (1, 23), (1, 1), (3, 2), (3, 1)]
And data, a 116-element Vector{Float64}:
 0.0
 0.22662752167972383
 1.0117059104587065
 0.0
 1.0289124950192028
 0.0
 1.4483450357038712
 0.0
 0.0
 0.0
 0.0
 0.0
 0.0
 0.0
 0.0
 0.0
 0.0
 0.0
 0.28138082665120695
 0.0
 0.0
 0.0
 0.0
 0.0
 0.0
 0.0
 0.0
 2.0
 0.0
 0.0
 0.0
 0.0
 0.0
 0.0
 0.0
 0.0
 0.0
 0.0
 0.0
 0.0
 0.0
 0.0
 0.0
 0.4960431936704715
 0.0
 0.0
 0.0
 0.0
 0.0
 0.0
 0.0
 0.0
 0.0
 0.0
 0.0
 0.6424574442526049
 0.0
 0.0
 0.0
 2.0
 0.0
 0.0
 0.0
 0.0
 6.0
 0.0
 0.0
 0.0
 0.0
 0.7186191737266026
 0.0
 0.0
 0.0
 0.0
 0.0
 0.0
 0.41153161009834877
 0.944674486637209
 0.0
 0.0
 0.0
 0.0
 0.0
 0.0
 0.0
 0.0
 0.0
 0.0
 0.0
 0.0
 0.0
 0.0
 0.0
 0.0
 0.0
 0.0
 0.0
 0.0
 0.0
 0.31313430963043176
 0.0
 0.0
 0.0
 0.0
 0.0
 0.30370270572807434
 0.0
 0.0
 0.0
 0.0
 0.11391089038449716
 0.0
 0.058381268386698486
 2.072860608148085
 0.0
 0.0
x_il_opt: 1-dimensional DenseAxisArray{Float64,1,...} with index sets:
    Dimension 1, [(43, 15), (43, 14), (44, 15), (44, 13), (44, 3), (40, 14), (40, 2), (41, 14), (42, 6), (37, 13)  …  (4, 13), (5, 2), (5, 7), (5, 9), (6, 11), (1, 1), (1, 6), (1, 3), (2, 1), (2, 15)]
And data, a 71-element Vector{Float64}:
 0.0
 0.0
 0.0
 2.089768004264021
 4.030095310409074
 1.1401233547387397
 0.0
 0.0
 0.0
 0.910231996147381
 0.0
 2.3574486562186965
 0.0
 0.0
 2.7533827757605382
 0.0
 0.0
 0.0
 6.751690842272231
 0.0
 1.191987177546346
 0.0
 3.0
 0.9916914554972854
 2.0083085449943074
 0.0
 1.248309158438737
 0.0
 2.3575425565337644
 0.0
 3.0
 0.0
 0.0
 0.0
 0.0
 0.0
 0.0
 0.0
 2.2813808268651328
 0.0
 0.0
 0.0
 3.0
 0.0
 0.0
 2.0083085447381346
 0.0
 3.0
 0.0
 0.0
 0.0
 0.0
 0.0
 0.0
 3.449025863973997
 0.0
 0.0
 0.0
 0.0
 0.0
 0.0
 0.0
 0.0
 0.0
 0.0
 0.0
 0.0
 3.2383086799971554
 2.516538554053701
 0.0
 6.60357023076986
x_lj_opt: 1-dimensional DenseAxisArray{Float64,1,...} with index sets:
    Dimension 1, [(15, 30), (15, 29), (15, 23), (15, 3), (14, 28), (14, 27), (14, 10), (14, 24), (13, 26), (13, 25)  …  (3, 6), (3, 5), (3, 29), (2, 4), (2, 3), (2, 1), (2, 5), (1, 2), (1, 1), (1, 14)]
And data, a 53-element Vector{Float64}:
 0.9710875052786906
 4.945617034332433
 0.0
 0.6868656908576762
 0.5516549646904012
 0.588468390178545
 0.0
 0.0
 2.0
 0.9999999996217693
 0.0
 1.4158299239653946
 0.9416187321070817
 0.0
 1.7733724788995795
 0.0
 0.0
 0.0
 0.5841700768280901
 0.0
 0.0
 2.0
 0.9999999999420477
 0.0
 0.0
 0.0
 6.0
 1.7718550289149542
 0.0
 0.22814497080847618
 1.582386404477384
 0.7718550297418703
 0.6457585658764109
 2.0
 6.0
 0.0
 2.0
 1.0
 0.0
 0.0
 1.0553255136536313
 3.585687527797499
 0.0
 0.49225089664305244
 5.000000000679388
 1.0543829668539955
 2.0
 0.0
 0.0
 1.0000000002104743
 2.0
 3.281380826663381
 0.0
q_opt: 1-dimensional DenseAxisArray{Float64,1,...} with index sets:
    Dimension 1, [(43, 15), (43, 14), (44, 15), (44, 13), (44, 3), (40, 14), (40, 2), (41, 14), (42, 6), (37, 13)  …  (4, 13), (5, 2), (5, 7), (5, 9), (6, 11), (1, 1), (1, 6), (1, 3), (2, 1), (2, 15)]
And data, a 71-element Vector{Float64}:
 0.0
 0.0
 0.0
 0.6965893347262977
 0.6155980911750987
 1.0
 0.0
 0.0
 0.0
 0.3034106653700913
 0.0
 1.0
 0.0
 0.0
 0.3441728469577933
 0.0
 0.0
 0.0
 0.8439613552716363
 0.0
 0.25683771343140205
 0.0
 1.0
 0.33056381848380195
 0.2510385681132639
 0.0
 0.15603864480257304
 0.0
 1.0
 0.1262517942669325
 0.5680332660135866
 0.0
 0.1213749848638417
 0.0
 0.0
 0.0
 0.0
 0.0
 0.4319667340236103
 0.0
 0.0
 0.0
 1.0
 0.0
 0.0
 0.6694361815484376
 0.0
 1.0
 0.0
 0.0
 0.0
 0.0
 0.0
 0.0
 0.7431622866043878
 0.0
 0.0
 0.0
 0.0
 0.0
 0.0
 0.0
 0.0
 0.0
 0.7523732208692259
 0.0
 0.0
 0.4047885849867555
 0.38440190886870085
 0.0
 1.0

