objective value: -622.802477028
objective bound: -622.864763498
termination status: OPTIMAL
BARON solution time: 2685.61


w_opt: 1-dimensional DenseAxisArray{Float64,1,...} with index sets:
    Dimension 1, [(25, 1, 2), (25, 1, 1), (25, 1, 14), (20, 1, 2), (20, 1, 1), (20, 1, 14), (1, 1, 2), (1, 1, 1), (1, 1, 14), (2, 1, 2)  …  (20, 15, 23), (20, 15, 3), (8, 15, 30), (8, 15, 29), (8, 15, 23), (8, 15, 3), (2, 15, 30), (2, 15, 29), (2, 15, 23), (2, 15, 3)]
And data, a 261-element Vector{Float64}:
 1.2470216698787566
 0.0
 0.0
 0.7529783291096331
 0.0
 0.0
 0.0
 0.0
 0.0
 0.0
 0.0
 0.0
 0.0
 0.0
 0.0
 0.0
 1.9081829891607642
 0.0
 0.0
 1.0918170110640513
 0.0
 0.0
 0.0
 0.0
 0.0
 0.0
 0.0
 0.0
 0.0
 0.17110097719525907
 0.049625351087398295
 0.0
 0.0
 0.0
 0.0
 4.737082012186712
 1.373921772831227
 0.0
 0.0
 0.0
 0.0
 0.0
 0.0
 0.0
 0.0
 0.0
 0.0
 0.0
 0.0
 1.0219529667904124
 1.0525480271666687
 0.0918170111568363
 0.0
 0.0
 0.0
 0.0
 0.0
 0.0
 0.0
 2.0
 0.9999999999826812
 0.0
 0.0
 0.0
 0.0
 0.0
 0.0
 0.0
 0.0
 0.0
 0.0
 0.08935861229377164
 0.2680758367782731
 0.0
 0.7500000000357965
 2.250000000005056
 0.0
 0.4909633435817878
 1.4728900306488792
 0.0
 0.0
 0.0
 0.0
 0.0
 0.0
 0.0
 0.0
 0.0
 0.0
 0.0
 0.0
 0.0
 0.6696780443842811
 2.0090341330524266
 0.0
 0.0
 0.0
 0.0
 0.0
 0.0
 0.0
 1.2463823024955636
 0.7868958244832881
 0.594502160402549
 0.17654750862096635
 0.11146218707669177
 0.08421001734398556
 0.0
 0.0
 0.0
 0.0
 0.0
 0.0
 0.0
 0.0
 0.0
 0.0
 0.0
 4.337547777535714
 3.0818716069055574
 0.0
 0.0
 0.0
 0.3394195731450846
 0.2411610428175536
 0.0
 0.0
 0.0
 0.0
 0.0
 0.0
 0.0
 0.0
 0.0
 0.0
 0.0
 0.0
 0.0
 0.0
 0.0
 0.0
 0.0
 0.0
 0.0
 0.0
 0.0
 0.0
 0.11951408179632536
 0.20878960939939473
 0.0
 0.0
 0.0
 0.0
 0.6907644175577495
 0.34538220861173935
 0.0
 0.0
 1.3092355826590278
 0.6546177910107711
 0.0
 0.0
 0.0
 0.0
 0.0
 0.0
 0.0
 0.0
 0.0
 0.0
 0.0
 0.0
 0.0
 0.0
 1.9999999993257294
 0.0
 0.0
 0.0
 0.2933202953720446
 0.0
 0.0
 0.0
 0.0
 0.0
 0.0
 0.0
 0.0
 0.0
 0.0
 0.0
 0.0
 0.0
 0.0
 0.0
 0.0
 1.7066797053787848
 1.0
 0.29332029484784655
 0.0
 0.0
 0.0
 0.0
 0.0
 0.0
 0.0
 0.0
 0.0
 1.4289048385452958
 0.7144524179988142
 0.0
 0.5710951614678463
 0.28554758021991056
 0.0
 0.0
 0.0
 0.0
 0.0
 0.0
 0.0
 0.0
 0.0
 0.0
 0.0
 0.0
 0.0
 0.0
 0.12087235967490241
 0.7640862892343688
 0.0
 0.0
 0.0
 0.0
 0.0
 0.0
 0.03731966818366112
 0.2359137097080715
 0.0
 0.0
 0.0
 0.0
 0.0
 0.0
 0.0
 0.0
 0.0
 0.0
 0.0
 0.0
 0.0
 0.0
 0.0
 0.0
 0.0
 0.0
 0.0
 0.0
 0.0
 0.0
 0.3733965991069961
 4.283132582559806
 0.0
 0.8009629921224616
x_ij_opt: 1-dimensional DenseAxisArray{Float64,1,...} with index sets:
    Dimension 1, [(43, 30), (43, 22), (43, 6), (44, 22), (45, 30), (45, 29), (45, 28), (45, 24), (45, 23), (40, 29)  …  (5, 7), (5, 14), (6, 4), (6, 3), (1, 14), (1, 10), (1, 23), (1, 1), (3, 2), (3, 1)]
And data, a 116-element Vector{Float64}:
 0.0
 0.0
 1.419419384217848
 0.0
 1.6266034012832156
 0.0
 1.8418079723631302
 0.0
 0.0
 0.0
 0.0
 0.0
 0.0
 0.0
 0.0
 0.0
 0.0
 0.0
 0.0
 0.0
 0.0
 0.0
 0.0
 0.0
 0.0
 0.0
 0.0
 1.9999999993362156
 0.0
 0.0
 0.0
 0.0
 0.0
 0.0
 0.0
 0.0
 0.0
 0.0
 0.0
 0.0
 0.0
 0.0
 0.0
 0.5805806163460815
 0.0
 0.0
 0.0
 0.0
 0.0
 0.0
 0.0
 0.0
 0.0
 0.0
 0.0
 0.7066797047854559
 0.0
 1.3230326499195761
 0.10164198889115408
 1.8804859185019167
 0.0
 0.0
 0.0
 0.0
 6.0
 0.0
 0.0
 0.0
 0.0
 0.791210390459958
 0.0
 0.0
 0.0
 0.0
 0.0
 0.0
 0.0
 0.9780470332095226
 0.0
 0.0
 0.0
 0.0
 0.0
 0.0
 0.0
 0.0
 0.0
 0.0
 0.0
 0.0
 0.0
 0.0
 0.9177396184534452
 0.0
 0.0
 0.0
 0.0
 0.0
 0.0
 0.19903700840819982
 0.0
 0.0
 0.0
 0.0
 0.0
 0.5770701895845518
 0.0
 0.0
 0.0
 0.0
 0.0
 0.0
 0.0
 5.321287823047533
 0.0
 0.0
x_il_opt: 1-dimensional DenseAxisArray{Float64,1,...} with index sets:
    Dimension 1, [(43, 15), (43, 14), (44, 15), (44, 13), (44, 3), (40, 14), (40, 2), (41, 14), (42, 6), (37, 13)  …  (4, 13), (5, 2), (5, 7), (5, 9), (6, 11), (1, 1), (1, 6), (1, 3), (2, 1), (2, 15)]
And data, a 71-element Vector{Float64}:
 0.0
 0.0
 0.0
 2.1433572575622515
 0.2207263282738147
 0.8849586489365691
 0.0
 0.0
 0.35743444911840117
 0.8566427421390612
 0.0
 3.0
 0.0
 0.0
 3.0
 0.0
 0.0
 0.0
 7.419419384448206
 0.0
 0.0
 0.27323337783314633
 3.0
 1.0361466261694887
 1.9638533742760793
 0.0
 0.5805806160567796
 0.0
 2.293320295938698
 0.32830369119572006
 1.2470216699708423
 0.0
 0.0
 0.0
 0.0
 0.0
 0.0
 0.0
 0.752978329194053
 0.0
 0.0
 0.0
 3.0
 0.0
 0.0
 1.9638533736697987
 0.0
 2.6277802873814005
 0.0
 0.0
 0.0
 0.0
 0.0
 0.0
 2.1663180051139177
 0.0
 0.0
 6.1110037851039305
 0.0
 0.0
 0.0
 0.0
 0.0
 0.3722197130416437
 0.0
 0.0
 0.0
 2.678712177473142
 0.0
 0.0
 5.457492173898196
x_lj_opt: 1-dimensional DenseAxisArray{Float64,1,...} with index sets:
    Dimension 1, [(15, 30), (15, 29), (15, 23), (15, 3), (14, 28), (14, 27), (14, 10), (14, 24), (13, 26), (13, 25)  …  (3, 6), (3, 5), (3, 29), (2, 4), (2, 3), (2, 1), (2, 5), (1, 2), (1, 1), (1, 14)]
And data, a 53-element Vector{Float64}:
 0.3733965989921979
 4.283132582286637
 0.0
 0.8009629920078261
 0.15819202797653475
 0.9999999998279087
 0.0
 0.0
 2.0
 0.9999999983154513
 0.0
 1.7066797052522928
 1.0
 0.29332029477290633
 2.0
 0.0
 0.0
 0.0
 0.29332029546445326
 0.0
 0.0
 2.0
 0.9999999995978145
 0.1195140818376574
 0.20878960948295985
 0.0
 4.676967350570204
 3.3230326496585953
 0.0
 0.0
 1.4229298109958535
 0.8983580114759192
 0.6787121776722167
 2.0
 6.0
 0.0
 2.0
 0.9999999999571837
 0.0
 0.0
 1.0219529670269005
 1.0525480274104226
 0.09181701114136448
 0.0
 4.9081829897451374
 1.4235471239962296
 1.908182989082907
 0.0
 0.0
 1.0918170110373195
 1.9999999991086639
 0.0
 0.0
q_opt: 1-dimensional DenseAxisArray{Float64,1,...} with index sets:
    Dimension 1, [(43, 15), (43, 14), (44, 15), (44, 13), (44, 3), (40, 14), (40, 2), (41, 14), (42, 6), (37, 13)  …  (4, 13), (5, 2), (5, 7), (5, 9), (6, 11), (1, 1), (1, 6), (1, 3), (2, 1), (2, 15)]
And data, a 71-element Vector{Float64}:
 0.0
 0.0
 0.0
 0.7144524192232751
 0.03486035006445162
 0.7640862893701937
 0.0
 0.0
 0.04467930612881987
 0.28554758071941355
 0.0
 1.0
 0.0
 0.0
 0.37499999999378586
 0.0
 0.0
 0.0
 0.9274274230399984
 0.0
 0.0
 0.2359137097530025
 1.0
 0.345382208751052
 0.24548167177068403
 0.0
 0.07257257699510947
 0.0
 0.999999999642134
 0.9999999995805768
 0.6235108352195358
 0.0
 0.0
 0.0
 0.0
 0.0
 0.0
 0.0
 0.3764891647248844
 0.0
 0.0
 0.0
 1.0
 0.0
 0.0
 0.6546177912773676
 0.0
 0.875926762437846
 0.0
 0.0
 0.0
 0.0
 0.0
 0.0
 0.999999999768587
 0.0
 0.0
 0.9651396498646708
 0.0
 0.0
 0.0
 0.0
 0.0
 0.12407323766022699
 0.0
 0.0
 0.0
 0.334839022169264
 0.0
 0.0
 1.0

