objective value: -623.652616603
objective bound: -633.046461605
termination status: TIME_LIMIT
BARON solution time: 7225.33


w_opt: 1-dimensional DenseAxisArray{Float64,1,...} with index sets:
    Dimension 1, [(25, 1, 2), (25, 1, 1), (25, 1, 14), (20, 1, 2), (20, 1, 1), (20, 1, 14), (1, 1, 2), (1, 1, 1), (1, 1, 14), (2, 1, 2)  …  (20, 15, 23), (20, 15, 3), (8, 15, 30), (8, 15, 29), (8, 15, 23), (8, 15, 3), (2, 15, 30), (2, 15, 29), (2, 15, 23), (2, 15, 3)]
And data, a 261-element Vector{Float64}:
 1.0691164842668515
 1.930883516146372
 0.0
 0.8084975454426305
 1.46019129469366
 0.0
 0.0
 0.0
 0.0
 0.0
 0.0
 0.0
 0.0
 0.0
 0.0
 0.0
 1.8344504346131598
 0.0
 0.0
 1.1655495643694602
 0.0
 0.0
 0.0
 0.0
 0.0
 0.0
 0.0
 0.0
 0.0
 2.6419208417417215
 1.0851628840731908
 0.0
 0.0
 0.0
 0.0
 0.3210024226354526
 0.1318510037201666
 0.0
 0.0
 0.0
 0.0
 1.8715271723158058
 0.7687254636250839
 0.20247584339588628
 0.7246094992490116
 0.031232452144258484
 0.0
 0.0
 0.0
 0.8707600270518141
 3.1162284674858234
 0.13431711367550447
 0.0
 0.0
 0.0
 0.0
 0.0
 0.0
 0.0
 2.0
 0.9999999999172746
 0.0
 0.0
 0.0
 0.0
 0.0
 0.0
 0.0
 0.0
 0.0
 0.0
 0.0
 0.0
 0.0
 0.7123717788590344
 2.1371153364636917
 0.0
 0.4927470115401482
 1.4782410345704278
 0.0
 0.0
 0.0
 0.0
 0.0
 0.0
 0.0
 0.0
 0.0
 0.0
 0.0
 0.0
 0.0
 0.794881209780462
 2.384643629204085
 0.0
 0.0
 0.0
 0.0
 0.0
 0.0
 0.0
 1.6672959371443437
 0.8424067573127009
 0.4902973056260838
 0.0
 0.0
 0.0
 0.0
 0.0
 0.0
 0.0
 0.0
 0.0
 0.0
 0.0
 0.0
 0.0
 0.0
 4.661520772904353
 1.4314028941502035
 0.0
 0.12243736267308067
 0.0
 1.3384792279767517
 0.4110038619976218
 0.0
 0.03515588031810953
 0.0
 0.0
 0.0
 0.0
 0.0
 0.0
 0.0
 0.0
 0.0
 0.0
 0.0
 0.0
 0.0
 0.0
 0.0
 0.0
 0.0
 0.0
 0.0
 0.0
 0.0
 0.0
 0.0
 0.0
 0.1676715981491772
 0.0
 0.6860079695508046
 0.3430039846726383
 0.0
 0.0
 1.3139920307108768
 0.6569960151627349
 0.0
 0.0
 0.0
 0.0
 0.0
 0.0
 0.0
 0.0
 0.0
 0.0
 0.0
 0.0
 0.0
 0.0
 2.0
 0.0
 0.0
 0.0
 0.683244721099848
 0.0
 0.0
 0.0
 0.0
 0.0
 0.0
 0.0
 0.0
 0.0
 0.0
 0.0
 0.0
 0.0
 0.0
 0.0
 0.0
 1.3167552798137871
 0.9559185079114328
 0.7273262126227708
 0.0
 0.0
 0.0
 0.0
 0.0
 0.0
 0.0
 0.0
 0.0
 1.4021878715642955
 0.615289873738225
 0.08580406191915634
 0.5978121288660122
 0.2623241555144978
 0.03658190886226278
 0.0
 0.0
 0.0
 0.0
 0.0
 0.0
 0.0
 0.0
 0.0
 0.0
 0.0
 0.0
 0.0
 0.4920971571234647
 0.5586072321531232
 0.0
 0.0
 0.0
 0.0
 0.0
 0.0
 0.0
 0.0
 0.0
 0.0
 0.0
 0.0
 0.0
 0.0
 0.0
 0.0
 0.0
 0.0
 0.0
 0.0
 0.0
 0.0
 0.0
 0.0
 0.0
 0.0
 0.0
 0.0
 0.0
 0.0
 1.211404124498139
 3.286934437458644
 0.0
 0.9431746562878426
x_ij_opt: 1-dimensional DenseAxisArray{Float64,1,...} with index sets:
    Dimension 1, [(43, 30), (43, 22), (43, 6), (44, 22), (45, 30), (45, 29), (45, 28), (45, 24), (45, 23), (40, 29)  …  (5, 7), (5, 14), (6, 4), (6, 3), (1, 14), (1, 10), (1, 23), (1, 1), (3, 2), (3, 1)]
And data, a 116-element Vector{Float64}:
 0.0
 0.0
 1.638942695359654
 0.0
 0.788595875907359
 0.0
 1.507902842771974
 0.0
 0.0
 0.0
 0.0
 0.0
 0.0
 0.0
 0.0
 0.0
 0.0
 0.0
 0.2686888395389826
 0.0
 0.0
 0.0
 0.0
 0.0
 0.0
 0.0
 0.0
 1.9999999995954938
 0.0
 0.0
 0.0
 0.0
 0.0
 0.0
 0.0
 0.0
 0.0
 0.0
 0.0
 0.0
 0.0
 0.0
 0.0
 0.3610573050459243
 0.0
 0.0
 0.0
 0.0
 0.0
 0.0
 0.0
 0.0
 0.0
 0.0
 0.0
 0.3167552778156624
 0.0
 0.0
 0.0
 1.832328401897971
 0.0
 0.0
 0.0
 0.0
 6.0
 0.0
 0.0
 0.0
 0.0
 0.7313111606504471
 0.0
 0.0
 0.0
 0.0
 0.0
 0.0
 0.4413927674628619
 0.9267641298021315
 0.0
 0.0
 0.0
 0.0
 0.0
 0.0
 0.0
 0.0
 0.0
 0.0
 0.0
 0.0
 0.0
 0.0
 0.0
 0.0
 0.0
 0.0
 0.0
 0.1223859713035453
 0.0
 0.05682534424309801
 0.0
 0.0
 0.0
 0.0
 0.0
 0.31519091073028777
 0.0
 0.0
 0.0
 0.0
 0.017513152648980016
 0.0
 0.04408149263731113
 2.118627880490107
 0.0
 0.0
x_il_opt: 1-dimensional DenseAxisArray{Float64,1,...} with index sets:
    Dimension 1, [(43, 15), (43, 14), (44, 15), (44, 13), (44, 3), (40, 14), (40, 2), (41, 14), (42, 6), (37, 13)  …  (4, 13), (5, 2), (5, 7), (5, 9), (6, 11), (1, 1), (1, 6), (1, 3), (2, 1), (2, 15)]
And data, a 71-element Vector{Float64}:
 0.0
 0.0
 0.0
 2.103281807221677
 3.727083725984384
 1.0507043894857018
 0.0
 0.0
 0.0
 0.8967181932427728
 0.0
 3.0
 0.0
 0.0
 2.8494871154225083
 0.0
 0.0
 0.0
 6.215361030038001
 0.0
 0.9583177947891565
 0.0
 3.0
 1.0290119542234428
 1.9709880462182474
 0.0
 1.7846389706233592
 0.0
 2.6832447228525744
 0.0
 3.0
 0.0
 0.0
 0.0
 0.0
 0.0
 0.0
 0.0
 2.2686888401650807
 0.0
 0.0
 0.0
 3.0
 0.0
 0.0
 1.9709880458736118
 0.0
 3.0
 0.0
 0.0
 0.0
 0.0
 0.0
 0.0
 4.1213056082131425
 0.0
 0.0
 0.4528534264200249
 0.0
 0.0
 0.0
 0.0
 0.0
 0.0
 0.16767159819137029
 0.0
 0.0
 3.179524839081402
 2.640252636075486
 0.0
 5.441513218351777
x_lj_opt: 1-dimensional DenseAxisArray{Float64,1,...} with index sets:
    Dimension 1, [(15, 30), (15, 29), (15, 23), (15, 3), (14, 28), (14, 27), (14, 10), (14, 24), (13, 26), (13, 25)  …  (3, 6), (3, 5), (3, 29), (2, 4), (2, 3), (2, 1), (2, 5), (1, 2), (1, 1), (1, 14)]
And data, a 53-element Vector{Float64}:
 1.211404124381574
 3.2869344371322065
 0.0
 0.9431746561981422
 0.4920971575885466
 0.5586072326810592
 0.0
 0.0
 2.0
 0.8776140291536114
 0.1223859707554737
 1.3167552796988962
 0.9559185078308075
 0.7273262125665355
 1.999999999989126
 0.0
 0.0
 0.0
 0.6832447210449777
 0.0
 0.0
 2.0
 0.9999999998012267
 0.16767159845255067
 0.0
 0.0
 6.0
 1.8424067561545305
 0.0
 0.15759324309442477
 1.66729593715415
 0.8424067573217863
 0.4902973056399837
 2.0
 5.99999999990279
 0.0
 2.0
 0.999999999884202
 0.0
 0.0
 1.0732358704417209
 3.8408379667146075
 0.16554956581860086
 0.0
 4.834450436505344
 1.9857393513526105
 1.8344504345073962
 0.0
 0.0
 1.165549564329914
 1.8776140296190897
 3.3910748106770083
 0.0
q_opt: 1-dimensional DenseAxisArray{Float64,1,...} with index sets:
    Dimension 1, [(43, 15), (43, 14), (44, 15), (44, 13), (44, 3), (40, 14), (40, 2), (41, 14), (42, 6), (37, 13)  …  (4, 13), (5, 2), (5, 7), (5, 9), (6, 11), (1, 1), (1, 6), (1, 3), (2, 1), (2, 15)]
And data, a 71-element Vector{Float64}:
 0.0
 0.0
 0.0
 0.7010939357332004
 0.5464780074675637
 0.999999999054876
 0.0
 0.0
 0.0
 0.2989060644151205
 0.0
 1.0
 0.0
 0.0
 0.35618588941637447
 0.0
 0.0
 0.0
 0.7769201287445728
 0.0
 0.18865922112010955
 0.0
 1.0
 0.34300398474684995
 0.24637350576568895
 0.0
 0.22307987131287602
 0.0
 1.0
 0.0
 0.5694016274919378
 0.0
 0.0
 0.0
 0.0
 0.0
 0.0
 0.0
 0.4305983725561549
 0.0
 0.0
 0.0
 1.0
 0.0
 0.0
 0.6569960152994002
 0.0
 1.0
 0.0
 0.0
 0.0
 0.0
 0.0
 0.0
 0.8113407788851108
 0.0
 0.0
 0.0663989478952869
 0.0
 0.0
 0.0
 0.0
 0.0
 0.0
 0.9999999981906689
 0.0
 0.0
 0.39744060487378
 0.38712304467621766
 0.0
 1.0

