objective value: -622.50756419
objective bound: -633.270050129
termination status: TIME_LIMIT
BARON solution time: 7225.36


w_opt: 1-dimensional DenseAxisArray{Float64,1,...} with index sets:
    Dimension 1, [(25, 1, 2), (25, 1, 1), (25, 1, 14), (20, 1, 2), (20, 1, 1), (20, 1, 14), (1, 1, 2), (1, 1, 1), (1, 1, 14), (2, 1, 2)  …  (20, 15, 23), (20, 15, 3), (8, 15, 30), (8, 15, 29), (8, 15, 23), (8, 15, 3), (2, 15, 30), (2, 15, 29), (2, 15, 23), (2, 15, 3)]
And data, a 261-element Vector{Float64}:
 0.1708282570157056
 0.3308555670184402
 0.0
 0.7647367649914907
 1.481121568651451
 0.0
 0.0
 0.0
 0.0
 0.0
 0.0
 0.0
 0.0
 0.0
 0.0
 0.0
 1.9358816680419952
 0.0
 0.0
 1.0641183320750476
 0.0
 0.0
 0.0
 0.0
 0.0
 0.0
 0.0
 0.0
 0.0492379584453722
 1.4850568266060675
 0.8726621478748502
 0.0
 0.0
 0.0
 0.1144141875057784
 3.4508248424794252
 2.02780403082157
 0.0
 0.0
 0.0
 0.0
 0.0
 0.0
 0.0
 0.0
 0.0
 0.0
 0.0
 0.0
 0.96268606238091
 0.5410392610605963
 0.06411833242709254
 0.0
 0.0
 0.0
 0.0
 0.0
 0.0
 0.0
 1.9936197695714695
 1.0
 0.0
 0.0
 0.0
 0.0
 0.0
 0.0
 0.0
 0.0
 0.0
 0.0
 0.0
 0.0
 0.0
 0.541790629580815
 1.6253718886572985
 0.0
 0.5139935319105422
 1.541980595655114
 0.0
 0.0
 0.0
 0.0
 0.0
 0.0
 0.0
 0.0
 0.0
 0.0
 0.0
 0.0
 0.0
 0.9442158387348883
 2.8326475159942013
 0.0
 0.0
 0.0
 0.0
 0.0
 0.0
 0.0
 1.9999999999978568
 0.9999999999431267
 0.0
 0.0
 0.0
 0.0
 0.0
 0.0
 0.0
 0.0
 0.0
 0.0
 0.0
 0.0
 0.0
 0.0
 0.0
 1.9305881994812382
 3.069411800428626
 0.0
 0.0
 0.0
 1.1583529196724596
 1.8416470802723326
 0.0
 0.0
 0.0
 0.0
 0.0
 0.0
 0.0
 0.0
 0.0
 0.0
 0.0
 0.0
 0.0
 0.0
 0.0
 0.0
 0.0
 0.0
 0.0
 0.0
 0.0
 0.0
 0.4402833200290028
 0.0
 0.0
 0.0
 0.3354686237762629
 0.0
 0.6293505819084009
 0.3146752908860646
 0.0
 0.0
 1.3706494183703766
 0.6853247090421297
 0.0
 0.0
 0.0
 0.0
 0.0
 0.0
 0.0
 0.0
 0.0
 0.0
 0.0
 0.0
 0.0
 0.0
 1.8924171557104381
 0.0
 0.0
 0.0
 0.5596809856811719
 0.0
 0.0
 0.0
 0.0
 0.0
 0.0
 0.0
 0.0
 0.0
 0.0
 0.0
 0.0
 0.0
 0.0
 0.0
 0.0
 1.440319015264272
 0.9648862196941876
 0.5947947654251117
 0.0
 0.0
 0.0
 0.0
 0.0
 0.0
 0.0
 0.0
 0.0
 1.471075808882413
 0.613633640659174
 0.12190426367066291
 0.5289241915456183
 0.22063151016412152
 0.04383058555427738
 0.0
 0.0
 0.0
 0.0
 0.0
 0.0
 0.0
 0.0
 0.0
 0.0
 0.0
 0.0
 0.0
 0.27177810109026734
 0.4932669521321865
 0.0
 0.0
 0.0
 0.0
 0.0
 0.0
 0.0
 0.0
 0.0
 0.0
 0.0
 0.0
 0.0
 0.0
 0.0
 0.0
 0.0
 0.0
 0.0
 0.0
 0.0
 0.0
 0.0
 0.0
 0.0
 0.0
 0.0
 0.0
 0.0
 0.0
 1.53970249817831
 2.504739057374493
 0.0
 1.0
x_ij_opt: 1-dimensional DenseAxisArray{Float64,1,...} with index sets:
    Dimension 1, [(43, 30), (43, 22), (43, 6), (44, 22), (45, 30), (45, 29), (45, 28), (45, 24), (45, 23), (40, 29)  …  (5, 7), (5, 14), (6, 4), (6, 3), (1, 14), (1, 10), (1, 23), (1, 1), (3, 2), (3, 1)]
And data, a 116-element Vector{Float64}:
 0.0
 0.10758284496337352
 1.3309737764126892
 0.0
 0.4602975022663239
 0.0
 1.728221898804578
 0.0
 0.0
 0.0
 0.0
 0.0
 0.0
 0.0
 0.0
 0.0
 0.0
 0.0
 0.24585833324376719
 0.0
 0.0
 0.0
 0.0
 0.0
 0.0
 0.0
 0.0
 1.9999999998489162
 0.0
 0.0
 0.0
 0.0
 0.0
 0.0
 0.0
 0.0
 0.0
 0.0
 0.0
 0.0
 0.0
 0.0
 0.8987001291610772
 0.5053740783083199
 0.0
 0.0
 0.0
 0.0
 0.0
 0.0
 0.0
 0.0
 0.0
 0.0
 0.0
 0.547901857920529
 0.0
 2.058032855646968
 0.0
 1.2242480565303915
 0.0
 0.0
 0.0
 0.0
 6.0
 0.0
 0.8530260260451413
 0.0
 0.0
 0.7541416670291096
 0.0
 0.0
 0.0
 0.0
 0.0
 0.0
 0.5067330471430938
 1.037313937865816
 0.0
 0.0
 0.0
 0.0
 0.0
 0.0
 0.0
 0.0
 0.0
 0.0063802312685948
 0.0
 0.0
 0.0
 0.0
 0.0
 0.0
 0.0
 0.0
 0.0
 0.1657348497194547
 0.0
 0.0
 0.0
 0.0
 0.0
 0.0
 0.0
 0.0
 0.0
 0.0
 0.0
 0.0
 0.0
 0.0
 0.03511378086420894
 4.188022865475886
 0.0
 0.0
x_il_opt: 1-dimensional DenseAxisArray{Float64,1,...} with index sets:
    Dimension 1, [(43, 15), (43, 14), (44, 15), (44, 13), (44, 3), (40, 14), (40, 2), (41, 14), (42, 6), (37, 13)  …  (4, 13), (5, 2), (5, 7), (5, 9), (6, 11), (1, 1), (1, 6), (1, 3), (2, 1), (2, 15)]
And data, a 71-element Vector{Float64}:
 0.0
 0.0
 0.0
 2.20661371321225
 2.40695693292629
 0.7650450534273296
 0.0
 0.0
 0.0
 0.7933862872640172
 0.0
 3.0
 0.0
 0.0
 2.1671625183410637
 0.0
 0.0
 0.0
 5.000000000397867
 0.0
 0.0
 0.0
 3.0
 0.9440258727944655
 2.055974127669773
 0.0
 3.0
 0.0
 2.4520981429484343
 0.44028332003278436
 0.501683824083555
 0.0
 0.0
 0.0
 0.0
 0.0
 0.0
 0.0
 2.245858333642942
 0.0
 0.0
 0.0
 2.9936197698438276
 0.0
 0.0
 2.0559741274125063
 0.0
 3.0
 0.0
 0.0
 0.0
 0.0
 0.0
 0.0
 1.5678436558685989
 0.0
 0.0
 5.593043060806774
 0.0
 0.0
 0.0
 0.0
 0.0
 0.0
 0.3354686237870762
 0.0
 0.0
 3.7768633548153066
 0.0
 0.0
 5.044441555658335
x_lj_opt: 1-dimensional DenseAxisArray{Float64,1,...} with index sets:
    Dimension 1, [(15, 30), (15, 29), (15, 23), (15, 3), (14, 28), (14, 27), (14, 10), (14, 24), (13, 26), (13, 25)  …  (3, 6), (3, 5), (3, 29), (2, 4), (2, 3), (2, 1), (2, 5), (1, 2), (1, 1), (1, 14)]
And data, a 53-element Vector{Float64}:
 1.5397024980270861
 2.504739057128917
 0.0
 0.999999999993014
 0.2717781015738909
 0.4932669530099449
 0.0
 0.0
 2.0
 0.8342651507467858
 0.16573484922577125
 1.4403190151358498
 0.9648862196111544
 0.5947947653817311
 1.8924171555288278
 0.0
 0.0
 0.0
 0.5596809856274612
 0.0
 0.0
 2.0
 0.9999999998903455
 0.7757519438375527
 0.0
 0.0
 3.08894111901724
 4.911058880362031
 0.0
 0.0
 2.0
 0.9999999999944604
 0.0
 2.0
 5.999999999902797
 0.0
 1.9936197694082893
 1.0
 0.0
 0.0
 0.9626860624021588
 0.5410392610725383
 0.06411833242850819
 0.1636521459623428
 4.935881668816176
 2.9004661785512695
 1.9358816679290178
 0.0
 0.0
 1.064118332047376
 0.9355650219500166
 1.8119771355591057
 0.0
q_opt: 1-dimensional DenseAxisArray{Float64,1,...} with index sets:
    Dimension 1, [(43, 15), (43, 14), (44, 15), (44, 13), (44, 3), (40, 14), (40, 2), (41, 14), (42, 6), (37, 13)  …  (4, 13), (5, 2), (5, 7), (5, 9), (6, 11), (1, 1), (1, 6), (1, 3), (2, 1), (2, 15)]
And data, a 71-element Vector{Float64}:
 0.0
 0.0
 0.0
 0.7355379043760322
 0.3008696168686862
 0.9999999982205202
 0.0
 0.0
 0.0
 0.26446209575201934
 0.0
 1.0
 0.0
 0.0
 0.2708953147807317
 0.0
 0.0
 0.0
 0.6250000000400973
 0.0
 0.0
 0.0
 1.0
 0.31467529092661417
 0.2569967659468037
 0.0
 0.37500000003388617
 0.0
 1.0
 0.5675568376290151
 0.18259367655668401
 0.0
 0.0
 0.0
 0.0
 0.0
 0.0
 0.0
 0.8174063235043969
 0.0
 0.0
 0.0
 1.0
 0.0
 0.0
 0.6853247091233418
 0.0
 0.9999999999846373
 0.0
 0.0
 0.0
 0.0
 0.0
 0.0
 0.9999999999779275
 0.0
 0.0
 0.6991303831858061
 0.0
 0.0
 0.0
 0.0
 0.0
 0.0
 0.4324431623293645
 0.0
 0.0
 0.47210791934019336
 0.0
 0.0
 1.0

