objective value: -618.688137882
objective bound: -630.659325351
termination status: TIME_LIMIT
BARON solution time: 7226.62


w_opt: 1-dimensional DenseAxisArray{Float64,1,...} with index sets:
    Dimension 1, [(25, 1, 2), (25, 1, 1), (25, 1, 14), (20, 1, 2), (20, 1, 1), (20, 1, 14), (1, 1, 2), (1, 1, 1), (1, 1, 14), (2, 1, 2)  …  (20, 15, 23), (20, 15, 3), (8, 15, 30), (8, 15, 29), (8, 15, 23), (8, 15, 3), (2, 15, 30), (2, 15, 29), (2, 15, 23), (2, 15, 3)]
And data, a 261-element Vector{Float64}:
 1.1072253937528596
 1.7280196470760227
 0.0
 0.8927746064657511
 1.3933315376326256
 0.0
 0.0
 0.0
 0.0
 0.0
 0.0
 0.0
 0.0
 0.0
 0.0
 0.0
 1.939412596369195
 0.0
 0.0
 1.0605874040606582
 0.0
 0.0
 0.0
 0.0
 0.0
 0.0
 0.0
 0.0
 0.0
 2.804784807127962
 1.0063603309655662
 0.0
 0.0
 0.0
 0.0
 0.0
 0.0
 0.0
 0.0
 0.0
 0.0
 2.1346277899730444
 0.765907146867814
 0.4217161608987835
 1.2136416141724646
 0.02327556870695791
 0.0
 0.0
 0.0
 0.6760309142252957
 1.9455248009047426
 0.03731183542621311
 0.0
 0.0
 0.0
 0.0
 0.0
 0.0
 0.0
 2.0
 1.0
 0.0
 0.0
 0.0
 0.0
 0.0
 0.0
 0.0
 0.0
 0.0
 0.0
 0.017749901809762013
 0.0532497054002543
 0.0
 0.7500000002134424
 2.2500000006206466
 0.0
 0.5451621744933906
 1.6354865234588025
 0.0
 0.0
 0.0
 0.0
 0.0
 0.0
 0.0
 0.0
 0.0
 0.0
 0.0
 0.0
 0.0
 0.6870879237468716
 2.0612637712204354
 0.0
 0.0
 0.0
 0.0
 0.0
 0.0
 0.0
 1.53909528856581
 0.883650283142468
 0.5772544283617874
 0.0
 0.0
 0.0
 0.0
 0.0
 0.0
 0.0
 0.0
 0.0
 0.0
 0.0
 0.0
 0.0
 0.0
 3.9101834370935085
 1.303394478845707
 0.0
 0.0
 0.0
 2.089816563990799
 0.6966055212343286
 0.0
 0.0
 0.0
 0.0
 0.0
 0.0
 0.0
 0.0
 0.0
 0.0
 0.0
 0.0
 0.0
 0.0
 0.0
 0.0
 0.0
 0.0
 0.0
 0.0
 0.0
 0.0
 0.0484052418469944
 0.0
 0.0
 0.0
 0.0
 0.0
 0.5462342017407378
 0.2731171008186676
 0.0
 0.0
 1.4537657985453476
 0.7268828991425126
 0.0
 0.0
 0.0
 0.0
 0.0
 0.0
 0.0
 0.0
 0.0
 0.0
 0.0
 0.0
 0.0
 0.0
 1.6290833486724614
 0.0
 0.0
 0.0
 0.5300830654507463
 0.0
 0.0
 0.0
 0.0
 0.0
 0.0
 0.0
 0.0
 0.0
 0.0
 0.0
 0.0
 0.0
 0.0
 0.0
 0.0
 1.469916935516853
 0.9502810193414705
 0.5798020454852034
 0.0
 0.0
 0.0
 0.0
 0.0
 0.0
 0.0
 0.0
 0.0
 1.4406766311036578
 0.7203383151652458
 0.0
 0.5593233693702694
 0.2796616845291558
 0.0
 0.0
 0.0
 0.0
 0.0
 0.0
 0.0
 0.0
 0.0
 0.0
 0.0
 0.0
 0.0
 0.0
 0.5396990013839731
 0.7761358226731117
 0.0
 0.0
 0.0
 0.0
 0.0
 0.0
 0.0
 0.0
 0.0
 0.0
 0.0
 0.0
 0.0
 0.0
 0.0
 0.0
 0.0
 0.0
 0.0
 0.0
 0.0
 0.0
 0.0
 0.0
 0.0
 0.0
 0.0
 0.0
 0.0
 0.0
 0.9322839304807609
 3.647930478252785
 0.0
 0.8346276308085497
x_ij_opt: 1-dimensional DenseAxisArray{Float64,1,...} with index sets:
    Dimension 1, [(43, 30), (43, 22), (43, 6), (44, 22), (45, 30), (45, 29), (45, 28), (45, 24), (45, 23), (40, 29)  …  (5, 7), (5, 14), (6, 4), (6, 3), (1, 14), (1, 10), (1, 23), (1, 1), (3, 2), (3, 1)]
And data, a 116-element Vector{Float64}:
 0.0
 0.370916652007372
 1.6638960444749775
 0.0
 1.0677160699060582
 0.0
 1.4603009988570037
 0.0
 0.0
 0.0
 0.0
 0.0
 0.0
 0.0
 0.0
 0.0
 0.0
 0.0
 0.28610614362861825
 0.0
 0.0
 0.0
 0.0
 0.0
 0.0
 0.0
 0.0
 1.9999999999722498
 0.0
 0.0
 0.0
 0.0
 0.0
 0.0
 0.0
 0.0
 0.0
 0.0
 0.0
 0.0
 0.0
 0.0
 0.0
 0.33610395629673695
 0.0
 0.0
 0.0
 0.0
 0.0
 0.0
 0.0
 0.0
 0.0
 0.0
 0.0
 0.8408335860063572
 0.0
 0.0
 0.11634971731901406
 1.9515947583224158
 0.0
 0.0
 0.0
 0.0
 6.0
 0.0
 0.0
 0.0
 0.0
 0.7138938566492417
 0.0
 0.0
 0.0
 0.0
 0.0
 0.0
 0.22386417737253672
 0.9022529251765002
 0.0
 0.0
 0.0
 0.0
 0.0
 0.0
 0.0
 0.0
 0.0
 0.0
 0.0
 0.0
 0.0
 0.0
 0.0
 0.0
 0.0
 0.0
 0.0
 0.0
 0.0
 0.16537236972419742
 0.0
 0.0
 0.0
 0.0
 0.0
 0.4609047120732625
 0.0
 0.0
 0.0
 0.0
 0.0
 0.0
 0.049718981223780156
 2.30139438803311
 0.0
 0.0
x_il_opt: 1-dimensional DenseAxisArray{Float64,1,...} with index sets:
    Dimension 1, [(43, 15), (43, 14), (44, 15), (44, 13), (44, 3), (40, 14), (40, 2), (41, 14), (42, 6), (37, 13)  …  (4, 13), (5, 2), (5, 7), (5, 9), (6, 11), (1, 1), (1, 6), (1, 3), (2, 1), (2, 15)]
And data, a 71-element Vector{Float64}:
 0.0
 0.0
 0.0
 2.1610149465118296
 3.8111451381689454
 1.3158348240570847
 0.0
 0.0
 0.0709996072230145
 0.83898505398242
 0.0
 3.0
 0.0
 0.0
 3.0
 0.0
 0.0
 0.0
 5.213577915950261
 0.0
 1.658633343778206
 0.0
 3.0
 0.8193513025594054
 2.180648697952193
 0.0
 2.7864220852410715
 0.0
 2.1591664150143153
 0.0484052419075538
 2.835245040828882
 0.0
 0.0
 0.0
 0.0
 0.0
 0.0
 0.0
 2.286106144098377
 0.0
 0.0
 0.0
 3.0
 0.0
 0.0
 2.18064869768786
 0.0
 3.0
 0.0
 0.0
 0.0
 0.0
 0.0
 0.0
 2.658867550556251
 0.0
 0.0
 0.0
 0.0
 0.0
 0.0
 0.0
 0.0
 0.0
 0.0
 0.0
 0.0
 2.748351694967307
 2.9005349369218028
 0.0
 5.414842039542096
x_lj_opt: 1-dimensional DenseAxisArray{Float64,1,...} with index sets:
    Dimension 1, [(15, 30), (15, 29), (15, 23), (15, 3), (14, 28), (14, 27), (14, 10), (14, 24), (13, 26), (13, 25)  …  (3, 6), (3, 5), (3, 29), (2, 4), (2, 3), (2, 1), (2, 5), (1, 2), (1, 1), (1, 14)]
And data, a 53-element Vector{Float64}:
 0.9322839303881525
 3.6479304778909327
 0.0
 0.834627630725611
 0.5396990015242855
 0.7761358228749635
 0.0
 0.0
 2.0
 0.999999999571196
 0.0
 1.4699169353825876
 0.9502810192603028
 0.5798020454438
 1.6290833485165903
 0.0
 0.0
 0.0
 0.5300830653991653
 0.0
 0.0
 2.0
 0.9999999999219729
 0.04840524205650347
 0.0
 0.0
 6.0
 1.9999999999134082
 0.0
 0.0
 1.5390952885849547
 0.8836502831622927
 0.5772544283819958
 2.0
 6.0
 0.0
 2.0
 1.0
 0.0
 0.0
 1.097747075088214
 3.159166414974333
 0.060587404130809125
 0.0
 4.939412596865328
 1.7722674777488143
 1.9394125962383628
 0.0
 0.0
 1.0605874039973524
 2.0
 3.1213511845231774
 0.0
q_opt: 1-dimensional DenseAxisArray{Float64,1,...} with index sets:
    Dimension 1, [(43, 15), (43, 14), (44, 15), (44, 13), (44, 3), (40, 14), (40, 2), (41, 14), (42, 6), (37, 13)  …  (4, 13), (5, 2), (5, 7), (5, 9), (6, 11), (1, 1), (1, 6), (1, 3), (2, 1), (2, 15)]
And data, a 71-element Vector{Float64}:
 0.0
 0.0
 0.0
 0.7203383154864119
 0.5678377240459618
 0.9999999997404182
 0.0
 0.0
 0.008874950894442988
 0.2796616846624758
 0.0
 1.0
 0.0
 0.0
 0.37500000008484763
 0.0
 0.0
 0.0
 0.6516972394597921
 0.0
 0.38416514192469564
 0.0
 1.0
 0.2731171008459479
 0.2725810872282524
 0.0
 0.3483027606331764
 0.0
 1.0
 0.9999999956717691
 0.5536126968482827
 0.0
 0.0
 0.0
 0.0
 0.0
 0.0
 0.0
 0.4463873032101347
 0.0
 0.0
 0.0
 1.0
 0.0
 0.0
 0.7268828992051989
 0.0
 0.9999999999937751
 0.0
 0.0
 0.0
 0.0
 0.0
 0.0
 0.6158348581077934
 0.0
 0.0
 0.0
 0.0
 0.0
 0.0
 0.0
 0.0
 0.0
 0.0
 0.0
 0.0
 0.3435439618526209
 0.4321622760017519
 0.0
 1.0

