objective value: -626.032438498
objective bound: -639.639994127
termination status: TIME_LIMIT
BARON solution time: 7225.9


w_opt: 1-dimensional DenseAxisArray{Float64,1,...} with index sets:
    Dimension 1, [(25, 1, 2), (25, 1, 1), (25, 1, 14), (20, 1, 2), (20, 1, 1), (20, 1, 14), (1, 1, 2), (1, 1, 1), (1, 1, 14), (2, 1, 2)  …  (20, 15, 23), (20, 15, 3), (8, 15, 30), (8, 15, 29), (8, 15, 23), (8, 15, 3), (2, 15, 30), (2, 15, 29), (2, 15, 23), (2, 15, 3)]
And data, a 261-element Vector{Float64}:
 1.2030862857572457
 0.0
 0.0
 0.7969137142501438
 0.0
 0.0
 0.0
 0.0
 0.0
 0.0
 0.0
 0.0
 0.0
 0.0
 0.0
 0.0
 2.0
 0.0
 0.0
 1.0000000000683338
 0.0
 0.0
 0.0
 0.0
 0.0
 0.0
 0.0
 0.0
 0.0
 1.211160929725511
 0.5071373316102089
 0.0
 0.0
 0.0
 0.0
 3.788839071346767
 1.5864627807600704
 0.0
 0.0
 0.0
 0.0
 0.0
 0.0
 0.3205645513397966
 0.9256382851607415
 0.0
 0.0
 0.0
 0.0
 0.7514791413645249
 2.169915110215009
 0.0
 0.0
 0.0
 0.0
 0.0
 0.0
 0.0
 0.0
 2.0
 0.9999999999580111
 0.0
 0.0
 0.0
 0.0
 0.0
 0.0
 0.0
 0.0
 0.0
 0.0
 0.0
 0.0
 0.0
 0.7385060299379078
 2.2155180898087954
 0.0
 0.5453489408407798
 1.6360468225184077
 0.0
 0.0
 0.0
 0.0
 0.0
 0.0
 0.0
 0.0
 0.0
 0.0
 0.0
 0.0
 0.0
 0.7161450293545094
 2.148435088058674
 0.0
 0.0
 0.0
 0.0
 0.0
 0.0
 0.0
 0.554772829184687
 0.48848436917371246
 0.7842616291531392
 0.3559255793861158
 0.3133968950411352
 0.5031586985880552
 0.0
 0.0
 0.0
 0.0
 0.0
 0.0
 0.0
 0.0
 0.0
 0.0
 0.0
 5.0427308902151164
 2.413165088772097
 0.0
 0.0
 0.0
 0.3680000582598696
 0.1761039627631938
 0.0
 0.0
 0.0
 0.0
 0.0
 0.0
 0.0
 0.0
 0.0
 0.0
 0.0
 0.0
 0.0
 0.0
 0.0
 0.0
 0.0
 0.0
 0.0
 0.0
 0.0
 0.0
 0.17750948800054703
 0.20833020907189284
 0.0
 0.0
 0.0
 0.0
 0.5457361580033676
 0.2728680789479203
 0.0
 0.0
 1.4542638422636707
 0.7271319209793915
 0.0
 0.0
 0.0
 0.0
 0.0
 0.0
 0.0
 0.0
 0.0
 0.0
 0.0
 0.0
 0.0
 0.0
 2.0
 0.0
 0.0
 0.0
 0.6848224452885352
 0.0
 0.0
 0.0
 0.0
 0.0
 0.0
 0.0
 0.0
 0.0
 0.0
 0.0
 0.0
 0.0
 0.0
 0.0
 0.0
 1.315177555678523
 0.9318113060188187
 0.7530111386565835
 0.0
 0.0
 0.0
 0.0
 0.0
 0.0
 0.0
 0.0
 0.0
 1.5842091815480603
 0.792104590019081
 0.0
 0.0
 0.0
 0.0
 0.0
 0.0
 0.0
 0.4157908188251029
 0.20789540920958285
 0.0
 0.0
 0.0
 0.0
 0.0
 0.0
 0.0
 0.0
 0.6396678743208739
 0.7177923617959409
 0.0
 0.0
 0.0
 0.0
 0.0
 0.0
 0.0
 0.0
 0.0
 0.0
 0.0
 0.0
 0.0
 0.0
 0.0
 0.0
 0.0
 0.0
 0.0
 0.0
 0.0
 0.0
 0.0
 0.0
 0.0
 0.0
 0.0
 0.0
 0.0
 0.0
 1.2123871902764052
 3.153388750547778
 0.0
 0.931086050590748
x_ij_opt: 1-dimensional DenseAxisArray{Float64,1,...} with index sets:
    Dimension 1, [(43, 30), (43, 22), (43, 6), (44, 22), (45, 30), (45, 29), (45, 28), (45, 24), (45, 23), (40, 29)  …  (5, 7), (5, 14), (6, 4), (6, 3), (1, 14), (1, 10), (1, 23), (1, 1), (3, 2), (3, 1)]
And data, a 116-element Vector{Float64}:
 0.0
 0.0
 1.4558959791330397
 0.0
 0.7876128101578188
 0.0
 1.360332125538859
 0.0
 0.0
 0.0
 0.0
 0.0
 0.0
 0.0
 0.0
 0.0
 0.0
 0.0
 0.0
 0.0
 0.0
 0.0
 0.0
 0.0
 0.0
 0.0
 0.0
 1.9999999996350777
 0.0
 0.0
 0.0
 0.0
 0.0
 0.0
 0.0
 0.0
 0.0
 0.0
 0.0
 0.0
 0.0
 0.0
 0.0
 0.5441040211092193
 0.0
 0.0
 0.0
 0.0
 0.0
 0.0
 0.0
 0.0
 0.0
 0.0
 0.0
 0.31517755386426577
 0.0
 0.5892690526794132
 0.1981187363811208
 1.822490512304578
 0.0
 0.0
 0.0
 0.0
 6.0
 0.0
 0.0
 0.0
 0.0
 0.7916697911559292
 0.0
 0.0
 0.0
 0.0
 0.0
 0.0
 0.2822076377802267
 0.9279563075006436
 0.0
 0.0
 0.0
 0.0
 0.0
 0.0
 0.0
 0.0
 0.0
 0.0
 0.0
 0.0
 0.0
 0.0
 0.0
 0.0
 0.0
 0.0
 0.0
 0.0
 0.0
 0.06891394997768185
 0.0
 0.0
 0.0
 0.0
 0.0
 0.913679854281335
 0.0
 0.0
 0.0
 0.0
 0.17562173777359658
 0.0
 0.06818869454938531
 4.712579673338283
 0.0
 0.0
x_il_opt: 1-dimensional DenseAxisArray{Float64,1,...} with index sets:
    Dimension 1, [(43, 15), (43, 14), (44, 15), (44, 13), (44, 3), (40, 14), (40, 2), (41, 14), (42, 6), (37, 13)  …  (4, 13), (5, 2), (5, 7), (5, 9), (6, 11), (1, 1), (1, 6), (1, 3), (2, 1), (2, 15)]
And data, a 71-element Vector{Float64}:
 0.0
 0.0
 0.0
 2.3763137721135448
 1.7182982615199927
 1.357460236312869
 0.0
 0.0
 0.0
 0.0
 0.0
 3.0
 0.0
 0.0
 2.954024119845334
 0.0
 0.0
 0.0
 7.4558959794854065
 0.0
 1.2462028365409856
 0.0
 3.0
 0.8186042369512879
 2.181395763464803
 0.0
 0.5441040214366144
 0.0
 2.6848224469524427
 0.38583969707243987
 1.20308628585439
 0.6236862282512545
 0.0
 0.0
 0.0
 0.0
 0.0
 0.0
 0.7969137143539424
 0.0
 0.0
 0.0
 3.0
 0.0
 0.0
 2.1813957632430623
 0.0
 1.8275188275115388
 0.0
 0.0
 0.0
 0.0
 0.0
 0.0
 2.9213942515947084
 0.0
 0.0
 5.3753018524766105
 0.0
 0.0
 0.0
 0.0
 0.0
 1.1724811730153062
 0.0
 0.0
 0.0
 2.8645801175126286
 0.0
 0.0
 5.296861991517383
x_lj_opt: 1-dimensional DenseAxisArray{Float64,1,...} with index sets:
    Dimension 1, [(15, 30), (15, 29), (15, 23), (15, 3), (14, 28), (14, 27), (14, 10), (14, 24), (13, 26), (13, 25)  …  (3, 6), (3, 5), (3, 29), (2, 4), (2, 3), (2, 1), (2, 5), (1, 2), (1, 1), (1, 14)]
And data, a 53-element Vector{Float64}:
 1.2123871901306686
 3.153388750219579
 0.0
 0.9310860504741169
 0.6396678748220944
 0.7177923623595884
 0.0
 0.0
 2.0
 0.9999999991383467
 0.0
 1.3151775555407381
 0.9318113059197929
 0.7530111385749254
 1.999999999948906
 0.0
 0.0
 0.0
 0.6848224452122778
 0.0
 0.0
 2.0
 0.9999999998789363
 0.1775094880442328
 0.20833020912453803
 0.0
 5.410730948131848
 2.5892690514663173
 0.0
 0.0
 0.9106984084609631
 0.8018812641176634
 1.2874203275924163
 2.0
 6.0
 0.0
 2.0
 0.9999999999163602
 0.0
 0.0
 1.0720436927284673
 3.0955533954677246
 0.0
 0.0
 5.000000000819899
 2.093600112246746
 1.999999999965958
 0.0
 0.0
 1.0000000000170877
 1.9999999998836557
 0.0
 0.0
q_opt: 1-dimensional DenseAxisArray{Float64,1,...} with index sets:
    Dimension 1, [(43, 15), (43, 14), (44, 15), (44, 13), (44, 3), (40, 14), (40, 2), (41, 14), (42, 6), (37, 13)  …  (4, 13), (5, 2), (5, 7), (5, 9), (6, 11), (1, 1), (1, 6), (1, 3), (2, 1), (2, 15)]
And data, a 71-element Vector{Float64}:
 0.0
 0.0
 0.0
 0.7921045907234242
 0.2422321859070043
 0.9999999992146844
 0.0
 0.0
 0.0
 0.0
 0.0
 1.0
 0.0
 0.0
 0.3692530149676994
 0.0
 0.0
 0.0
 0.9319869974247091
 0.0
 0.2990219088185387
 0.0
 1.0
 0.2728680789794731
 0.27267447042020065
 0.0
 0.06801300265723109
 0.0
 1.0
 0.9999999997295493
 0.6015431429137943
 0.2078954094078576
 0.0
 0.0
 0.0
 0.0
 0.0
 0.0
 0.3984568571484294
 0.0
 0.0
 0.0
 1.0
 0.0
 0.0
 0.7271319210728548
 0.0
 0.6091729424804547
 0.0
 0.0
 0.0
 0.0
 0.0
 0.0
 0.7009780911528649
 0.0
 0.0
 0.7577678141467181
 0.0
 0.0
 0.0
 0.0
 0.0
 0.39082705765337455
 0.0
 0.0
 0.0
 0.35807251467611323
 0.0
 0.0
 1.0

