objective value: -616.475729265
objective bound: -637.666392332
termination status: TIME_LIMIT
BARON solution time: 7225.31


w_opt: 1-dimensional DenseAxisArray{Float64,1,...} with index sets:
    Dimension 1, [(25, 1, 2), (25, 1, 1), (25, 1, 14), (20, 1, 2), (20, 1, 1), (20, 1, 14), (1, 1, 2), (1, 1, 1), (1, 1, 14), (2, 1, 2)  …  (20, 15, 23), (20, 15, 3), (8, 15, 30), (8, 15, 29), (8, 15, 23), (8, 15, 3), (2, 15, 30), (2, 15, 29), (2, 15, 23), (2, 15, 3)]
And data, a 261-element Vector{Float64}:
 1.0805840366866737
 1.523577429549495
 0.0
 0.9194159636168091
 1.2963373166489263
 0.0
 0.0
 0.0
 0.0
 0.0
 0.0
 0.0
 0.0
 0.0
 0.0
 0.0
 2.0
 0.0
 0.0
 1.0000000000453662
 0.0
 0.0
 0.0
 0.0
 0.0
 0.0
 0.0
 0.0
 0.4159208658797772
 3.0479072380518777
 1.412823475270594
 0.0
 0.0
 0.0
 0.0
 0.0
 0.0
 0.0
 0.0
 0.0
 0.26638478433562596
 1.9520927630823706
 0.9048708724362448
 0.5620211674059437
 1.6201784695146326
 0.0
 0.0
 0.0
 0.0
 0.5301048614416511
 1.5281710599206364
 0.0
 0.0
 0.0
 0.0
 0.0
 0.0
 0.0
 0.0
 2.0
 0.9999999999744152
 0.0
 0.0
 0.0
 0.0
 0.0
 0.0
 0.0
 0.0
 0.0
 0.0
 0.011885738979045567
 0.0356572169923802
 0.0
 0.7500000000755705
 2.2500000008313132
 0.0
 0.5117297362551942
 1.5351892091938906
 0.0
 0.0
 0.0
 0.0
 0.0
 0.0
 0.0
 0.0
 0.0
 0.0
 0.0
 0.0
 0.0
 0.726384524428382
 2.179153573872288
 0.0
 0.0
 0.0
 0.0
 0.0
 0.0
 0.0
 1.973704836072178
 0.8563417952028319
 0.1699533689311735
 0.0
 0.0
 0.0
 0.0
 0.0
 0.0
 0.0
 0.0
 0.0
 0.0
 0.0
 0.0
 0.0
 0.0
 3.7825115395312143
 1.260837179132462
 0.0
 0.0
 0.0
 2.2174884610983097
 0.7391628199019802
 0.0
 0.0
 0.0
 0.0
 0.0
 0.0
 0.0
 0.0
 0.0
 0.0
 0.0
 0.0
 0.0
 0.0
 0.0
 0.0
 0.0
 0.0
 0.0
 0.0
 0.0
 0.0
 0.0
 0.25218032718050326
 0.0
 0.0
 0.0
 0.0
 0.6353873700003423
 0.3176936849415839
 0.0
 0.0
 1.3646126302764408
 0.6823063150068316
 0.0
 0.0
 0.0
 0.0
 0.0
 0.0
 0.0
 0.0
 0.0
 0.0
 0.0
 0.0
 0.0
 0.0
 1.6534246642504502
 0.0
 0.0
 0.0
 0.49492486261435903
 0.0
 0.0
 0.0
 0.0
 0.0
 0.0
 0.0
 0.0
 0.0
 0.0
 0.0
 0.0
 0.0
 0.0
 0.0
 0.0
 1.5050751383481586
 0.9654681923090765
 0.5294566697159555
 0.0
 0.0
 0.0
 0.0
 0.0
 0.0
 0.0
 0.0
 0.0
 1.333648183891362
 0.6668240913306254
 0.0
 0.6663518164428626
 0.33317590790838886
 0.0
 0.0
 0.0
 0.0
 0.0
 0.0
 0.0
 0.0
 0.0
 0.0
 0.0
 0.0
 0.0
 0.0
 0.22310071503938503
 0.543322997230669
 0.0
 0.0
 0.0
 0.0
 0.0
 0.0
 0.0
 0.0
 0.0
 0.0
 0.0
 0.0
 0.0
 0.0
 0.0
 0.0
 0.0
 0.0
 0.0
 0.0
 0.0
 0.0
 0.0
 0.0
 0.0
 0.0
 0.0
 0.0
 0.0
 0.0
 0.9019162444687031
 3.1528489841566074
 0.0
 0.9844033695130957
x_ij_opt: 1-dimensional DenseAxisArray{Float64,1,...} with index sets:
    Dimension 1, [(43, 30), (43, 22), (43, 6), (44, 22), (45, 30), (45, 29), (45, 28), (45, 24), (45, 23), (40, 29)  …  (5, 7), (5, 14), (6, 4), (6, 3), (1, 14), (1, 10), (1, 23), (1, 1), (3, 2), (3, 1)]
And data, a 116-element Vector{Float64}:
 0.0
 0.346575336470058
 0.9817898451284797
 0.0
 1.0980837559078864
 0.0
 1.7768992847588956
 0.0
 0.0
 0.0
 0.0
 0.0
 0.0
 0.0
 0.0
 0.0
 0.0
 0.0
 0.0
 0.0
 2.0004722752240136
 0.0
 0.0
 0.0
 0.0
 0.0
 0.0
 1.9999999998077025
 0.0
 0.0
 0.0
 0.0
 0.0
 0.0
 0.0
 0.0
 0.0
 0.0
 0.0
 0.0
 0.0
 0.0
 0.0
 0.33590450534841365
 0.0
 0.0
 0.0
 0.0
 0.0
 0.0
 0.0
 0.0
 0.0
 0.0
 0.0
 0.8516504723179794
 0.0
 0.0
 0.14365820544016875
 1.999999999412222
 0.0
 0.0
 0.0
 0.0
 6.0
 0.0
 0.0
 0.0
 0.0
 0.7478196728916673
 0.0
 0.0
 0.0
 0.0
 0.0
 0.0
 0.4566770015460542
 0.9078739713908575
 0.0
 0.0
 0.0
 0.0
 0.0
 0.0
 0.0
 0.0
 0.0
 0.0
 0.0
 0.0
 0.0
 0.0
 0.0
 0.0
 0.0
 0.0
 0.0
 0.0
 0.0
 0.015596631047123988
 0.0
 0.0
 0.0
 0.0
 0.0
 0.0
 0.0
 0.0
 0.0
 0.0
 0.02629516472201341
 0.0
 0.03453180825546072
 1.0096596107642535
 0.0
 0.0
x_il_opt: 1-dimensional DenseAxisArray{Float64,1,...} with index sets:
    Dimension 1, [(43, 15), (43, 14), (44, 15), (44, 13), (44, 3), (40, 14), (40, 2), (41, 14), (42, 6), (37, 13)  …  (4, 13), (5, 2), (5, 7), (5, 9), (6, 11), (1, 1), (1, 6), (1, 3), (2, 1), (2, 15)]
And data, a 71-element Vector{Float64}:
 0.0
 0.0
 0.0
 2.000472275511453
 4.876651579202249
 0.7664237124763971
 0.0
 0.0
 0.04754295606004881
 0.9995277245458231
 0.0
 3.0
 0.0
 0.0
 3.0
 0.0
 0.0
 0.0
 5.043348719166455
 0.0
 2.1821996369442873
 0.0
 3.0
 0.9530810549419262
 2.046918945510013
 0.0
 2.9566512814637176
 0.0
 2.148349528542596
 0.25218032813434255
 2.604161466253452
 0.0
 0.0
 0.0
 0.0
 0.0
 0.0
 0.0
 2.2157532802906186
 0.0
 0.0
 0.0
 3.0
 0.0
 0.0
 2.0469189452832723
 0.0
 3.0
 0.0
 0.0
 0.0
 0.0
 0.0
 0.0
 2.058275921388535
 0.0
 0.0
 0.0
 0.0
 0.0
 0.0
 0.0
 0.0
 0.0
 0.0
 0.0
 0.0
 2.9055380983496932
 3.123348419854241
 0.0
 5.039168598243918
x_lj_opt: 1-dimensional DenseAxisArray{Float64,1,...} with index sets:
    Dimension 1, [(15, 30), (15, 29), (15, 23), (15, 3), (14, 28), (14, 27), (14, 10), (14, 24), (13, 26), (13, 25)  …  (3, 6), (3, 5), (3, 29), (2, 4), (2, 3), (2, 1), (2, 5), (1, 2), (1, 1), (1, 14)]
And data, a 53-element Vector{Float64}:
 0.9019162443817964
 3.152848983824449
 0.0
 0.9844033694164815
 0.22310071561534361
 0.54332299863574
 0.0
 0.0
 2.0
 0.9999999991631636
 0.0
 1.5050751382026255
 0.9654681922206589
 0.5294566696774304
 1.6534246640877388
 0.0
 0.0
 0.0
 0.49492486256382034
 0.0
 0.0
 2.0
 0.9999999999011576
 0.0
 0.25218032720710065
 0.0
 6.0
 1.9999999990701578
 0.0
 0.0
 1.9737048359215847
 0.8563417951389929
 0.16995336893589202
 1.9999999996950186
 6.0
 0.0
 2.0
 0.999999999937779
 0.0
 0.0
 1.0921260288243504
 3.1483495293824486
 0.0
 0.6823056502065664
 5.000000000862047
 2.3176943475586107
 1.9999999999871043
 0.0
 0.0
 0.9999999999976485
 2.0
 2.8199147460139113
 0.0
q_opt: 1-dimensional DenseAxisArray{Float64,1,...} with index sets:
    Dimension 1, [(43, 15), (43, 14), (44, 15), (44, 13), (44, 3), (40, 14), (40, 2), (41, 14), (42, 6), (37, 13)  …  (4, 13), (5, 2), (5, 7), (5, 9), (6, 11), (1, 1), (1, 6), (1, 3), (2, 1), (2, 15)]
And data, a 71-element Vector{Float64}:
 0.0
 0.0
 0.0
 0.6668240919123816
 0.609581447506479
 0.9999999974114933
 0.0
 0.0
 0.005942869496459168
 0.33317590821092746
 0.0
 1.0
 0.0
 0.0
 0.3750000001074691
 0.0
 0.0
 0.0
 0.6304185898882868
 0.0
 0.5146120068294335
 0.0
 1.0
 0.3176936849727492
 0.2558648681772865
 0.0
 0.3695814101681274
 0.0
 1.0
 0.9999999998931599
 0.5402920182991924
 0.0
 0.0
 0.0
 0.0
 0.0
 0.0
 0.0
 0.45970798177050526
 0.0
 0.0
 0.0
 1.0
 0.0
 0.0
 0.6823063150806813
 0.0
 1.0
 0.0
 0.0
 0.0
 0.0
 0.0
 0.0
 0.4853879931882152
 0.0
 0.0
 0.0
 0.0
 0.0
 0.0
 0.0
 0.0
 0.0
 0.0
 0.0
 0.0
 0.36319226228189644
 0.3904185525503553
 0.0
 1.0

