objective value: -623.832302008
objective bound: -639.379362126
termination status: TIME_LIMIT
BARON solution time: 7227.7


w_opt: 1-dimensional DenseAxisArray{Float64,1,...} with index sets:
    Dimension 1, [(25, 1, 2), (25, 1, 1), (25, 1, 14), (20, 1, 2), (20, 1, 1), (20, 1, 14), (1, 1, 2), (1, 1, 1), (1, 1, 14), (2, 1, 2)  …  (20, 15, 23), (20, 15, 3), (8, 15, 30), (8, 15, 29), (8, 15, 23), (8, 15, 3), (2, 15, 30), (2, 15, 29), (2, 15, 23), (2, 15, 3)]
And data, a 261-element Vector{Float64}:
 0.9627455658835816
 0.9582388553832074
 0.0
 1.037254434417664
 1.032398940280052
 0.0
 0.0
 0.0
 0.0
 0.0
 0.0
 0.0
 0.0
 0.0
 0.0
 0.0
 2.0
 0.0
 0.0
 1.0000000000295128
 0.0
 0.0
 0.0
 0.0
 0.0
 0.0
 0.0
 0.0
 0.0
 1.4288126807265262
 0.5951221280484014
 0.0
 0.0
 0.0
 0.0
 3.571187320302966
 1.4874536224133659
 0.0
 0.0
 0.0
 0.0
 0.0
 0.0
 0.4462844364452671
 1.548382373330994
 0.0
 0.0
 0.0
 0.0
 0.549851308503691
 1.9077072927373573
 0.0
 0.0
 0.0
 0.0
 0.0
 0.0
 0.0
 0.0
 2.0
 0.9999999999963771
 0.0
 0.0
 0.0
 0.0
 0.0
 0.0
 0.0
 0.0
 0.0
 0.0
 0.07282394072620446
 0.21847182221029537
 0.0
 0.7500000000963695
 2.250000000860492
 0.0
 0.5481120810858141
 1.644336243668091
 0.0
 0.0
 0.0
 0.0
 0.0
 0.0
 0.0
 0.0
 0.0
 0.0
 0.0
 0.0
 0.0
 0.6290639779038091
 1.8871919341865295
 0.0
 0.0
 0.0
 0.0
 0.0
 0.0
 0.0
 1.890659687213175
 0.841468600069115
 0.2678717129520841
 0.0
 0.0
 0.0
 0.0
 0.0
 0.0
 0.0
 0.0
 0.0
 0.0
 0.0
 0.0
 0.0
 0.0
 5.00885857160244
 1.6696195229941362
 0.0
 0.0
 0.0
 0.991141429155265
 0.33038047612682897
 0.0
 0.0
 0.0
 0.0
 0.0
 0.0
 0.0
 0.0
 0.0
 0.0
 0.0
 0.0
 0.0
 0.0
 0.0
 0.0
 0.0
 0.0
 0.0
 0.0
 0.0
 0.0
 0.0
 0.20147390556617104
 0.0
 0.0
 0.0
 0.0
 0.5383677837855513
 0.2691838918495083
 0.0
 0.0
 1.4616322164927207
 0.7308161081166215
 0.0
 0.0
 0.0
 0.0
 0.0
 0.0
 0.0
 0.0
 0.0
 0.0
 0.0
 0.0
 0.0
 0.0
 2.0
 0.0
 0.0
 0.0
 0.4560896635459428
 0.0
 0.0
 0.0
 0.0
 0.0
 0.0
 0.0
 0.0
 0.0
 0.0
 0.0
 0.0
 0.0
 0.0
 0.0
 0.0
 1.5439103374346104
 1.0
 0.4560896628628927
 0.0
 0.0
 0.0
 0.0
 0.0
 0.0
 0.0
 0.0
 0.0
 1.520659819043448
 0.7603299084251965
 0.0
 0.0
 0.0
 0.0
 0.0
 0.0
 0.0
 0.47934018125361816
 0.23967009027499608
 0.0
 0.0
 0.0
 0.0
 0.0
 0.0
 0.0
 0.0
 0.47589425707645877
 0.4623593156757791
 0.0
 0.0
 0.0
 0.0
 0.0
 0.0
 0.0
 0.0
 0.0
 0.0
 0.0
 0.0
 0.0
 0.0
 0.0
 0.0
 0.0
 0.0
 0.0
 0.0
 0.0
 0.0
 0.0
 0.0
 0.0
 0.0
 0.0
 0.0
 0.0
 0.0
 1.3165338980637566
 3.4613345882097963
 0.0
 1.0
x_ij_opt: 1-dimensional DenseAxisArray{Float64,1,...} with index sets:
    Dimension 1, [(43, 30), (43, 22), (43, 6), (44, 22), (45, 30), (45, 29), (45, 28), (45, 24), (45, 23), (40, 29)  …  (5, 7), (5, 14), (6, 4), (6, 3), (1, 14), (1, 10), (1, 23), (1, 1), (3, 2), (3, 1)]
And data, a 116-element Vector{Float64}:
 0.0
 0.0
 1.55920836023814
 0.0
 0.6834661023803936
 0.0
 1.524105742967862
 0.0
 0.0
 0.0
 0.0
 0.0
 0.0
 0.0
 0.0
 0.0
 0.0
 0.0
 0.0
 0.0
 3.0
 0.0
 0.0
 0.0
 0.0
 0.0
 0.0
 1.9999999998060165
 0.0
 0.0
 0.0
 0.0
 0.0
 0.0
 0.0
 0.0
 0.0
 0.0
 0.0
 0.0
 0.0
 0.0
 0.0
 0.44079163924578524
 0.0
 0.0
 0.0
 0.0
 0.0
 0.0
 0.0
 0.0
 0.0
 0.0
 0.0
 0.5439103356521086
 0.0
 0.0
 0.15853140054650394
 1.9999999992875992
 0.0
 0.0
 0.0
 0.0
 6.0
 0.0
 0.0
 0.0
 0.0
 0.7985260946859067
 0.0
 0.0
 0.0
 0.0
 0.0
 0.0
 0.5376406841636824
 1.0038642553267112
 0.0
 0.0
 0.0
 0.0
 0.0
 0.0
 0.0
 0.0
 0.0
 0.0
 0.0
 0.0
 0.0
 0.0
 0.0
 0.0
 0.0
 0.0
 0.0
 0.0
 0.0
 0.0
 0.0
 0.0
 0.0
 0.0
 0.0
 0.0
 0.0
 0.0
 0.0
 0.0
 0.10934031351525203
 0.0
 0.0
 0.7414904924364958
 0.0
 0.0
x_il_opt: 1-dimensional DenseAxisArray{Float64,1,...} with index sets:
    Dimension 1, [(43, 15), (43, 14), (44, 15), (44, 13), (44, 3), (40, 14), (40, 2), (41, 14), (42, 6), (37, 13)  …  (4, 13), (5, 2), (5, 7), (5, 9), (6, 11), (1, 1), (1, 6), (1, 3), (2, 1), (2, 15)]
And data, a 71-element Vector{Float64}:
 0.0
 0.0
 0.0
 2.280989727785884
 2.0239348091590905
 0.9382535729493606
 0.0
 0.0
 0.29129576302056637
 0.0
 0.0
 3.0
 0.0
 0.0
 3.0
 0.0
 0.0
 0.0
 6.6784780950777805
 0.0
 1.994666809803115
 0.0
 3.0
 0.8075516756350596
 2.1924483248124513
 0.0
 1.3215219056947007
 0.0
 2.456089665152452
 0.20147390674185991
 1.9209844212865939
 0.7190102716943304
 0.0
 0.0
 0.0
 0.0
 0.0
 0.0
 2.069653374713831
 0.0
 0.0
 0.0
 3.0
 0.0
 0.0
 2.1924483246093422
 0.0
 3.0
 0.0
 0.0
 0.0
 0.0
 0.0
 0.0
 2.4575586012591484
 0.0
 0.0
 5.058640943606673
 0.0
 0.0
 0.0
 0.0
 0.0
 0.0
 0.0
 0.0
 0.0
 2.5162559121449064
 0.0
 0.0
 5.777868486414343
x_lj_opt: 1-dimensional DenseAxisArray{Float64,1,...} with index sets:
    Dimension 1, [(15, 30), (15, 29), (15, 23), (15, 3), (14, 28), (14, 27), (14, 10), (14, 24), (13, 26), (13, 25)  …  (3, 6), (3, 5), (3, 29), (2, 4), (2, 3), (2, 1), (2, 5), (1, 2), (1, 1), (1, 14)]
And data, a 53-element Vector{Float64}:
 1.3165338979117993
 3.4613345878553345
 0.0
 0.9999999999817378
 0.4758942574043332
 0.4623593159941328
 0.0
 0.0
 2.0
 0.9999999986584062
 0.0
 1.5439103372653677
 1.0
 0.4560896628116271
 1.9999999999588656
 0.0
 0.0
 0.0
 0.4560896634930656
 0.0
 0.0
 2.0
 0.999999999912957
 0.0
 0.201473905589935
 0.0
 6.0
 1.999999999149063
 0.0
 0.0
 1.8906596871036823
 0.8414686000196904
 0.26787171294057394
 1.9999999996691133
 6.0
 0.0
 2.0
 0.9999999999546599
 0.0
 0.0
 0.9961357449090903
 3.4560896659632467
 0.0
 0.0
 5.0000000008866365
 2.0825757503823388
 1.999999999970977
 0.0
 0.0
 0.9999999999713304
 2.0
 1.9906377955036916
 0.0
q_opt: 1-dimensional DenseAxisArray{Float64,1,...} with index sets:
    Dimension 1, [(43, 15), (43, 14), (44, 15), (44, 13), (44, 3), (40, 14), (40, 2), (41, 14), (42, 6), (37, 13)  …  (4, 13), (5, 2), (5, 7), (5, 9), (6, 11), (1, 1), (1, 6), (1, 3), (2, 1), (2, 15)]
And data, a 71-element Vector{Float64}:
 0.0
 0.0
 0.0
 0.7603299094663429
 0.28576253609593677
 0.9999999993060096
 0.0
 0.0
 0.036411970366010744
 0.0
 0.0
 1.0
 0.0
 0.0
 0.3750000001130492
 0.0
 0.0
 0.0
 0.8348097618744141
 0.0
 0.4480156833262148
 0.0
 1.0
 0.2691838918703932
 0.27405604058934235
 0.0
 0.1651902381920115
 0.0
 1.0
 0.9999999998749971
 0.4813727829078865
 0.23967009061784994
 0.0
 0.0
 0.0
 0.0
 0.0
 0.0
 0.5186272171722975
 0.0
 0.0
 0.0
 1.0
 0.0
 0.0
 0.7308161081855501
 0.0
 1.0
 0.0
 0.0
 0.0
 0.0
 0.0
 0.0
 0.5519843167054693
 0.0
 0.0
 0.7142374639352445
 0.0
 0.0
 0.0
 0.0
 0.0
 0.0
 0.0
 0.0
 0.0
 0.3145319890057302
 0.0
 0.0
 1.0

