objective value: -630.974427065
objective bound: -631.037530773
termination status: OPTIMAL
BARON solution time: 29.53


w_opt: 1-dimensional DenseAxisArray{Float64,1,...} with index sets:
    Dimension 1, [(25, 1, 2), (25, 1, 1), (25, 1, 14), (20, 1, 2), (20, 1, 1), (20, 1, 14), (1, 1, 2), (1, 1, 1), (1, 1, 14), (2, 1, 2)  …  (20, 15, 23), (20, 15, 3), (8, 15, 30), (8, 15, 29), (8, 15, 23), (8, 15, 3), (2, 15, 30), (2, 15, 29), (2, 15, 23), (2, 15, 3)]
And data, a 261-element Vector{Float64}:
 1.5941510266239307
 0.0
 0.0
 0.4058489724017874
 0.0
 0.0
 0.0
 0.0
 0.0
 0.0
 0.0
 0.0
 0.0
 0.0
 0.0
 0.0
 1.9585451967672736
 0.0
 0.005858568810096651
 1.035596234663974
 0.0
 0.0
 0.0
 0.0
 0.0
 0.0
 0.0
 0.0
 0.0
 1.089561763188368
 0.592886305049758
 0.0
 0.0
 0.0
 0.0
 3.8748420030530175
 2.1084997982200044
 0.0
 0.0
 0.0
 0.0
 0.0
 0.0
 0.32157437066733274
 1.116025051557139
 0.01286850218538224
 0.0
 0.0
 0.0
 0.7143505720874374
 2.4791563220398483
 0.02858630143745575
 0.0
 0.0
 0.0
 0.0
 0.0
 0.0
 0.0
 1.9473364389220726
 0.999999999990664
 0.0
 0.0
 0.0
 0.0
 0.0
 0.0
 0.0
 0.0
 0.0
 0.0
 0.23931460655287473
 0.7179438195895114
 0.0
 0.749999999995056
 2.2499999998984395
 0.0
 0.516916019278798
 1.550748057758299
 0.0
 0.0
 0.0
 0.0
 0.0
 0.0
 0.0
 0.0
 0.0
 0.0
 0.0
 0.0
 0.0
 0.4937693744094343
 1.4813081231510268
 0.0
 0.0
 0.0
 0.0
 0.0
 0.0
 0.0
 1.9999999992338149
 0.9880777777734877
 0.011922222311945651
 0.0
 0.0
 0.0
 0.0
 0.0
 0.0
 0.0
 0.0
 0.0
 0.0
 0.0
 0.0
 0.0
 0.0
 4.427494407499374
 1.475831469018683
 0.0
 0.0
 0.0
 1.5725055922653057
 0.5241685307178683
 0.0
 0.0
 0.0
 0.0
 0.0
 0.0
 0.0
 0.0
 0.0
 0.0
 0.0
 0.0
 0.0
 0.0
 0.0
 0.0
 0.0
 0.0
 0.0
 0.0
 0.0
 0.0
 1.3939267507701987
 0.0
 0.0
 0.0
 0.3526633013299751
 0.0
 0.6215572823935912
 0.3107786409721477
 0.0
 0.0
 1.3784427177339678
 0.6892213583681592
 0.0
 0.0
 0.0
 0.0
 0.0
 0.0
 0.0
 0.0
 0.0
 0.0
 0.0
 0.0
 0.0
 0.0
 1.9999999998013236
 0.0
 0.0
 0.0
 0.5951813732971993
 0.0
 0.0
 0.0
 0.0
 0.0
 0.0
 0.0
 0.0
 0.0
 0.0
 0.0
 0.0
 0.0
 0.0
 0.0
 0.0
 1.4048186274490055
 0.9572967065606179
 0.6378846662115327
 0.0
 0.0
 0.0
 0.0
 0.0
 0.0
 0.0
 0.0
 0.0
 1.3452972779131074
 0.6726486371269205
 0.0
 0.6547027221754839
 0.3273513601976151
 0.0
 0.0
 0.0
 0.0
 0.0
 0.0
 0.0
 0.0
 0.0
 0.0
 0.0
 0.0
 0.0
 0.0
 0.7283808774440677
 0.771010947020922
 0.0
 0.0
 0.0
 0.0
 0.0
 0.0
 0.0
 0.0
 0.0
 0.0
 0.0
 0.0
 0.0
 0.0
 0.0
 0.0
 0.0
 0.0
 0.0
 0.0
 0.0
 0.0
 0.0
 0.0
 0.0
 0.0
 0.0
 0.0
 0.0
 0.0
 1.6182317786550886
 2.6607292317621423
 0.0
 1.0
x_ij_opt: 1-dimensional DenseAxisArray{Float64,1,...} with index sets:
    Dimension 1, [(43, 30), (43, 22), (43, 6), (44, 22), (45, 30), (45, 29), (45, 28), (45, 24), (45, 23), (40, 29)  …  (5, 7), (5, 14), (6, 4), (6, 3), (1, 14), (1, 10), (1, 23), (1, 1), (3, 2), (3, 1)]
And data, a 116-element Vector{Float64}:
 0.0
 0.0
 1.6047621016588975
 0.0
 0.38176822171660363
 0.0
 1.2716191212255439
 0.0
 0.0
 0.0
 0.0
 0.0
 0.0
 0.0
 0.0
 0.0
 0.0
 0.0
 0.30233612749415906
 0.0
 0.0
 0.0
 0.0
 0.0
 0.0
 0.0
 0.0
 1.9999999984468155
 0.0
 0.0
 0.0
 0.0
 0.0
 0.0
 0.0
 0.0
 0.0
 0.0
 0.0
 0.0
 0.0
 0.0
 0.0
 0.3952378980263489
 0.0
 0.0
 0.0
 0.0
 0.0
 0.0
 0.0
 0.0
 0.0
 0.0
 0.0
 0.40481862668349217
 0.0
 0.0
 0.01192222133914277
 0.2534099477666809
 0.0
 0.0
 0.0
 0.0
 6.0
 0.0
 0.0
 0.0
 0.0
 0.6976638723354559
 0.0
 0.0
 0.0
 0.0
 0.0
 0.0
 0.22898905114758827
 0.9640750572163397
 0.0
 0.0
 0.0
 0.0
 0.0
 0.0
 0.0
 0.0
 0.0
 0.05266356182815227
 0.0
 0.0
 0.0
 0.0
 0.0
 0.0
 0.0
 0.0
 0.0
 0.0
 0.0
 0.0
 0.0
 0.0
 0.0
 0.0
 0.0
 0.0
 0.0
 0.0
 0.0
 0.0
 0.0
 0.0
 0.04270329391164075
 5.982219209253781
 0.0
 0.0
x_il_opt: 1-dimensional DenseAxisArray{Float64,1,...} with index sets:
    Dimension 1, [(43, 15), (43, 14), (44, 15), (44, 13), (44, 3), (40, 14), (40, 2), (41, 14), (42, 6), (37, 13)  …  (4, 13), (5, 2), (5, 7), (5, 9), (6, 11), (1, 1), (1, 6), (1, 3), (2, 1), (2, 15)]
And data, a 71-element Vector{Float64}:
 0.0
 0.0
 0.0
 2.017945915894011
 1.6824480683820238
 1.4993918243082351
 0.0
 0.0
 0.9572584261530419
 0.9820540827876777
 0.0
 3.0
 0.0
 0.0
 2.9999999998981988
 0.0
 0.0
 0.0
 5.903325877164508
 0.0
 1.450467924409854
 0.0
 3.0
 0.9323359233657389
 2.0676640770444066
 0.0
 2.0966741232242105
 0.0
 2.5951813739673435
 1.393926750934098
 1.5941510268334633
 0.0
 0.0
 0.0
 0.0
 0.0
 0.0
 0.0
 0.40584897245636264
 0.0
 0.0
 0.0
 2.947336439176093
 0.0
 0.0
 2.067664076102127
 0.0
 2.999999999316942
 0.0
 0.0
 0.0
 0.0
 0.0
 0.0
 3.222093195564741
 0.0
 0.0
 5.983341801786618
 0.0
 0.0
 0.0
 0.0
 0.0
 0.0
 0.35266330136810703
 0.0
 0.0
 1.9750774975680494
 0.0
 0.0
 5.278961010387637
x_lj_opt: 1-dimensional DenseAxisArray{Float64,1,...} with index sets:
    Dimension 1, [(15, 30), (15, 29), (15, 23), (15, 3), (14, 28), (14, 27), (14, 10), (14, 24), (13, 26), (13, 25)  …  (3, 6), (3, 5), (3, 29), (2, 4), (2, 3), (2, 1), (2, 5), (1, 2), (1, 1), (1, 14)]
And data, a 53-element Vector{Float64}:
 1.6182317785618416
 2.660729231619886
 0.0
 1.0
 0.7283808790843533
 0.7710109487574762
 0.0
 0.0
 2.0
 0.9999999973450038
 0.0
 1.4048186273398273
 0.9572967064898573
 0.6378846661696056
 1.9999999999071367
 0.0
 0.0
 0.0
 0.5951813733285058
 0.0
 0.0
 2.0
 0.9999999993403564
 1.7465900525189266
 0.0
 0.0
 5.999999999609846
 1.999999999666226
 0.0
 0.0
 1.9999999997070117
 0.9880777780118544
 0.011922222326792156
 2.0
 6.0
 0.0
 1.9473364387686392
 0.9999999999345613
 0.0
 0.0
 1.0359249429233701
 3.5951813741930594
 0.04145480361135766
 0.0
 4.964403766122561
 2.7013861031973327
 1.9585451966367644
 0.0
 0.005858568819529835
 1.035596234595732
 1.9999999991236819
 0.0
 0.0
q_opt: 1-dimensional DenseAxisArray{Float64,1,...} with index sets:
    Dimension 1, [(43, 15), (43, 14), (44, 15), (44, 13), (44, 3), (40, 14), (40, 2), (41, 14), (42, 6), (37, 13)  …  (4, 13), (5, 2), (5, 7), (5, 9), (6, 11), (1, 1), (1, 6), (1, 3), (2, 1), (2, 15)]
And data, a 71-element Vector{Float64}:
 0.0
 0.0
 0.0
 0.6726486389204201
 0.21947484824387825
 0.9999999977481525
 0.0
 0.0
 0.11965730326074818
 0.3273513610710209
 0.0
 1.0
 0.0
 0.0
 0.3749999999760151
 0.0
 0.0
 0.0
 0.7379157346337503
 0.0
 0.310422461456192
 0.0
 1.0
 0.31077864117897136
 0.25845800962069243
 0.0
 0.26208426539373014
 0.0
 0.9999999999473537
 0.7980846729092409
 0.7970755136629758
 0.0
 0.0
 0.0
 0.0
 0.0
 0.0
 0.0
 0.20292448629157142
 0.0
 0.0
 0.0
 1.0
 0.0
 0.0
 0.6892213588272448
 0.0
 0.9999999997710063
 0.0
 0.0
 0.0
 0.0
 0.0
 0.0
 0.6895775383787478
 0.0
 0.0
 0.7805251517811524
 0.0
 0.0
 0.0
 0.0
 0.0
 0.0
 0.20191532685203836
 0.0
 0.0
 0.24688468718627965
 0.0
 0.0
 1.0

