objective value: -631.730800281
objective bound: -631.793979679
termination status: OPTIMAL
BARON solution time: 57.93


w_opt: 1-dimensional DenseAxisArray{Float64,1,...} with index sets:
    Dimension 1, [(25, 1, 2), (25, 1, 1), (25, 1, 14), (20, 1, 2), (20, 1, 1), (20, 1, 14), (1, 1, 2), (1, 1, 1), (1, 1, 14), (2, 1, 2)  …  (20, 15, 23), (20, 15, 3), (8, 15, 30), (8, 15, 29), (8, 15, 23), (8, 15, 3), (2, 15, 30), (2, 15, 29), (2, 15, 23), (2, 15, 3)]
And data, a 261-element Vector{Float64}:
 1.4289074252172842
 0.0
 0.0
 0.5710925742130687
 0.0
 0.0
 0.0
 0.0
 0.0
 0.0
 0.0
 0.0
 0.0
 0.0
 0.0
 0.0
 1.918944945821647
 0.0
 0.0
 1.081055054028563
 0.0
 0.0
 0.0
 0.0
 0.0
 0.0
 0.0
 0.0
 0.0
 1.2575050771115692
 0.5249546754846138
 0.0
 0.0
 0.0
 0.0
 3.6614398699806396
 1.5284948058828538
 0.0
 0.0
 0.0
 0.0
 0.0
 0.0
 0.21484934809192954
 0.7088994342779854
 0.017004968820922332
 0.0
 0.0
 0.0
 0.8092410722791831
 2.670106022814877
 0.06405008585166437
 0.0
 0.0
 0.0
 0.0
 0.0
 0.0
 0.0
 1.860303356223782
 0.9999999999998667
 0.0
 0.0
 0.0
 0.0
 0.0
 0.0
 0.0
 0.0
 0.0
 0.0
 0.06376031886861945
 0.19128095657641447
 0.0
 0.7500000002272237
 2.250000000510934
 0.0
 0.5829751313169335
 1.74892539381534
 0.0
 0.0
 0.0
 0.0
 0.0
 0.0
 0.0
 0.0
 0.0
 0.0
 0.0
 0.0
 0.0
 0.6032645498652408
 1.8097936494559803
 0.0
 0.0
 0.0
 0.0
 0.0
 0.0
 0.0
 1.859861758072452
 0.5077405383026967
 0.6323977036327125
 0.0
 0.0
 0.0
 0.0
 0.0
 0.0
 0.0
 0.0
 0.0
 0.0
 0.0
 0.0
 0.0
 0.0
 5.482348282191382
 1.483755194367257
 0.0
 0.34369423227688733
 0.0
 0.5176517185953821
 0.1400984371055718
 0.0
 0.03245213554451137
 0.0
 0.0
 0.0
 0.0
 0.0
 0.0
 0.0
 0.0
 0.0
 0.0
 0.0
 0.0
 0.0
 0.0
 0.0
 0.0
 0.0
 0.0
 0.0
 0.0
 1.4549794805057201
 0.0
 0.0
 0.0
 0.5450205145021386
 0.0
 0.44539965021863626
 0.22269982502852312
 0.0
 0.0
 1.554600350009533
 0.7773001747213236
 0.0
 0.0
 0.0
 0.0
 0.0
 0.0
 0.0
 0.0
 0.0
 0.0
 0.0
 0.0
 0.0
 0.0
 1.5030829080688888
 0.0
 0.0
 0.0
 0.49977617855169737
 0.0
 0.0
 0.0
 0.0
 0.0
 0.0
 0.0
 0.0
 0.0
 0.0
 0.0
 0.0
 0.0
 0.0
 0.0
 0.0
 1.5002238223804412
 0.9207987364304716
 0.5789774415036166
 0.0
 0.0
 0.0
 0.0
 0.0
 0.0
 0.0
 0.0
 0.0
 1.4055793253673814
 0.7027896614609139
 0.0
 0.5944206750215879
 0.29721033698754906
 0.0
 0.0
 0.0
 0.0
 0.0
 0.0
 0.0
 0.0
 0.0
 0.0
 0.0
 0.0
 0.0
 0.0
 0.8782910331038536
 0.9224198289171351
 0.0
 0.0
 0.0
 0.0
 0.0
 0.0
 0.0
 0.0
 0.0
 0.0
 0.0
 0.0
 0.0
 0.0
 0.0
 0.0
 0.0
 0.0
 0.0
 0.0
 0.0
 0.0
 0.0
 0.0
 0.0
 0.0
 0.0
 0.0
 0.0
 0.0
 1.2704055022419882
 3.3675730786746247
 0.0
 0.9638582533087375
x_ij_opt: 1-dimensional DenseAxisArray{Float64,1,...} with index sets:
    Dimension 1, [(43, 30), (43, 22), (43, 6), (44, 22), (45, 30), (45, 29), (45, 28), (45, 24), (45, 23), (40, 29)  …  (5, 7), (5, 14), (6, 4), (6, 3), (1, 14), (1, 10), (1, 23), (1, 1), (3, 2), (3, 1)]
And data, a 116-element Vector{Float64}:
 0.0
 0.4969170924529001
 1.431286227936337
 0.0
 0.7295944981756732
 0.0
 1.1217089661511999
 0.0
 0.0
 0.0
 0.0
 0.0
 0.0
 0.0
 0.0
 0.0
 0.0
 0.0
 0.252316624225387
 0.0
 0.0
 0.0
 0.0
 0.0
 0.0
 0.0
 0.0
 1.9999999991708968
 0.0
 0.0
 0.0
 0.0
 0.0
 0.0
 0.0
 0.0
 0.0
 0.0
 0.0
 0.0
 0.0
 0.0
 0.0
 0.5687137716047743
 0.0
 0.0
 0.0
 0.0
 0.0
 0.0
 0.0
 0.0
 0.0
 0.0
 0.0
 0.997140912098372
 0.0
 0.0
 0.11611309397780262
 0.0
 0.0
 0.0
 0.0
 0.0
 6.0
 0.0
 0.0
 0.0
 0.0
 0.7476833759127747
 0.0
 0.0
 0.0
 0.0
 0.0
 0.0
 0.07758017003262552
 0.9759095798068271
 0.0
 0.0
 0.0
 0.0
 0.0
 0.0
 0.0
 0.0
 0.0
 0.13969664457402606
 0.0
 0.0
 0.0
 0.0
 0.0
 0.0
 0.0
 0.0
 0.0
 0.0
 0.0
 0.03614174721130356
 0.0
 0.0
 0.0
 0.0
 0.0
 0.0
 0.0
 0.0
 0.0
 0.0
 0.14013824112872966
 0.0
 0.07920126410993718
 5.367602296620933
 0.0
 0.0
x_il_opt: 1-dimensional DenseAxisArray{Float64,1,...} with index sets:
    Dimension 1, [(43, 15), (43, 14), (44, 15), (44, 13), (44, 3), (40, 14), (40, 2), (41, 14), (42, 6), (37, 13)  …  (4, 13), (5, 2), (5, 7), (5, 9), (6, 11), (1, 1), (1, 6), (1, 3), (2, 1), (2, 15)]
And data, a 71-element Vector{Float64}:
 0.0
 0.0
 0.0
 2.108368987694977
 1.7824597529542259
 1.8007108622261039
 0.0
 0.0
 0.2550412755296187
 0.8916310124329965
 0.0
 3.0
 0.0
 0.0
 3.0
 0.0
 0.0
 0.0
 7.309797709153731
 0.0
 0.9407537511908373
 0.0
 3.0
 0.6680994752471594
 2.3319005251960916
 0.0
 0.6902022915859248
 0.0
 2.0028590887505224
 1.4549794805515766
 1.4289074256927066
 0.0
 0.0
 0.0
 0.0
 0.0
 0.0
 0.0
 0.5710925744805166
 0.0
 0.0
 0.0
 2.860303356490623
 0.0
 0.0
 2.3319005247308566
 0.0
 3.0
 0.0
 0.0
 0.0
 0.0
 0.0
 0.0
 3.5433971809457248
 0.0
 0.0
 5.189934676716263
 0.0
 0.0
 0.0
 0.0
 0.0
 0.0
 0.5450205145370791
 0.0
 0.0
 2.4130581993843334
 0.0
 0.0
 5.601836834335435
x_lj_opt: 1-dimensional DenseAxisArray{Float64,1,...} with index sets:
    Dimension 1, [(15, 30), (15, 29), (15, 23), (15, 3), (14, 28), (14, 27), (14, 10), (14, 24), (13, 26), (13, 25)  …  (3, 6), (3, 5), (3, 29), (2, 4), (2, 3), (2, 1), (2, 5), (1, 2), (1, 1), (1, 14)]
And data, a 53-element Vector{Float64}:
 1.2704055021071132
 3.367573078342741
 0.0
 0.9638582532062452
 0.8782910341833171
 0.9224198300511629
 0.0
 0.0
 2.0
 0.9999999983560562
 0.0
 1.5002238222305375
 0.9207987363410315
 0.5789774414477535
 1.5030829079380208
 0.0
 0.0
 0.0
 0.4997761785029723
 0.0
 0.0
 2.0
 0.9999999997145509
 1.9999999950843168
 0.0
 0.0
 6.0
 1.6238536314795249
 0.0
 0.3761463679418704
 1.8598617581242798
 0.5077405383225497
 0.6323977036559277
 2.0
 5.999999999984559
 0.0
 1.860303356062658
 0.9999999999453615
 0.0
 0.0
 1.0240904203987968
 3.379005457200654
 0.08105505463354225
 0.0
 4.9189449468243165
 2.05344948124252
 1.9189449456713743
 0.0
 0.0
 1.0810550539755872
 1.9999999993346593
 0.0
 0.0
q_opt: 1-dimensional DenseAxisArray{Float64,1,...} with index sets:
    Dimension 1, [(43, 15), (43, 14), (44, 15), (44, 13), (44, 3), (40, 14), (40, 2), (41, 14), (42, 6), (37, 13)  …  (4, 13), (5, 2), (5, 7), (5, 9), (6, 11), (1, 1), (1, 6), (1, 3), (2, 1), (2, 15)]
And data, a 71-element Vector{Float64}:
 0.0
 0.0
 0.0
 0.7027896626391944
 0.2556452838388834
 0.9999999987718255
 0.0
 0.0
 0.03188015942991394
 0.29721033749898934
 0.0
 1.0
 0.0
 0.0
 0.3750000000883255
 0.0
 0.0
 0.0
 0.9137247136335795
 0.0
 0.2097952913241214
 0.0
 1.0
 0.22269982509380268
 0.2914875656384867
 0.0
 0.08627528643213885
 0.0
 1.0
 0.7274897420411038
 0.7144537128465867
 0.0
 0.0
 0.0
 0.0
 0.0
 0.0
 0.0
 0.2855462872017941
 0.0
 0.0
 0.0
 1.0
 0.0
 0.0
 0.7773001749479669
 0.0
 0.9999999999820287
 0.0
 0.0
 0.0
 0.0
 0.0
 0.0
 0.7902047086447015
 0.0
 0.0
 0.7443547162184949
 0.0
 0.0
 0.0
 0.0
 0.0
 0.0
 0.27251025792104566
 0.0
 0.0
 0.3016322749119967
 0.0
 0.0
 1.0

