objective value: -615.597261031
objective bound: -631.675356233
termination status: TIME_LIMIT
BARON solution time: 7227.93


w_opt: 1-dimensional DenseAxisArray{Float64,1,...} with index sets:
    Dimension 1, [(25, 1, 2), (25, 1, 1), (25, 1, 14), (20, 1, 2), (20, 1, 1), (20, 1, 14), (1, 1, 2), (1, 1, 1), (1, 1, 14), (2, 1, 2)  …  (20, 15, 23), (20, 15, 3), (8, 15, 30), (8, 15, 29), (8, 15, 23), (8, 15, 3), (2, 15, 30), (2, 15, 29), (2, 15, 23), (2, 15, 3)]
And data, a 261-element Vector{Float64}:
 0.0
 0.0
 0.0
 0.0
 1.7347068241846673
 0.0
 0.0
 0.0
 0.0
 0.0
 0.0
 0.0
 0.0
 0.0
 0.0
 0.0
 2.0
 0.0
 0.0
 1.0000000000715958
 0.0
 0.0
 0.0
 0.0
 0.0
 0.0
 0.0
 0.0
 0.0
 3.1250000010200596
 1.8749999998193174
 0.0
 0.0
 0.0
 0.0
 0.0
 0.0
 0.0
 0.0
 0.0
 0.0
 1.8750000000990759
 1.1249999995803386
 0.14743823113168028
 0.3524247346404665
 0.0
 0.0
 0.0
 0.0
 0.6744625377818836
 1.6121821259007696
 0.0
 0.0
 0.0
 0.0
 0.0
 0.0
 0.0
 0.0
 1.8074428068776802
 1.0
 0.0
 0.0
 0.0
 0.0
 0.0
 0.0
 0.0
 0.0
 0.0
 0.0
 0.3392478277394358
 1.0177434832186938
 0.0
 0.6263563975819361
 1.8790691927117456
 0.0
 0.5855359988946334
 1.7566079966547539
 0.0
 0.0
 0.0
 0.0
 0.0
 0.0
 0.0
 0.0
 0.0
 0.0
 0.0
 0.0
 0.0
 0.44885977597956256
 1.3465793279259932
 0.0
 0.0
 0.0
 0.0
 0.0
 0.0
 0.0
 1.9803287466489414
 0.7639813808829357
 0.2556898727497031
 0.0
 0.0
 0.0
 0.0
 0.0
 0.0
 0.0
 0.0
 0.0
 0.07466694842861846
 0.05921506888827577
 0.0
 0.0
 0.0
 2.713868432065096
 2.152249550619951
 0.0
 0.0
 0.0
 1.6731212284268344
 1.3268787718120763
 0.0
 0.0
 0.0
 0.0
 0.0
 0.0
 0.0
 0.0
 0.0
 0.0
 0.0
 0.0
 0.0
 0.0
 0.0
 0.0
 0.0
 0.0
 0.0
 0.0
 0.0
 0.0
 1.2256379884349913
 0.0
 0.0
 0.0
 0.7743620117874126
 0.0
 0.43857066994093946
 0.21928533493916344
 0.0
 0.0
 1.561429330352652
 0.7807146650579954
 0.0
 0.0
 0.0
 0.0
 0.0
 0.0
 0.0
 0.0
 0.0
 0.0
 0.0
 0.0
 0.0
 0.0
 1.839499999424032
 0.0
 0.0
 0.0
 0.6634502505307115
 0.0
 0.0
 0.0
 0.0
 0.0
 0.0
 0.0
 0.0
 0.0
 0.0
 0.0
 0.0
 0.0
 0.0
 0.0
 0.0
 1.3365497504385615
 0.928446559215412
 0.7350036907409475
 0.0
 0.0
 0.0
 0.0
 0.0
 0.0
 0.0
 0.0
 0.0
 1.2413061794011562
 0.22710072582695232
 1.5315930950200198
 0.0
 0.0
 0.0
 0.0
 0.0
 0.0
 0.0
 0.0
 0.0
 0.0
 0.0
 0.0
 0.0
 0.0
 0.0
 0.0
 0.0
 0.06688211969961749
 0.0
 0.0
 0.0
 0.0
 0.0
 0.0
 0.0
 0.9331178801746745
 0.0
 0.0
 0.0
 0.0
 0.0
 0.0
 0.0
 0.0
 0.0
 0.0
 0.0
 0.0
 0.0
 0.0
 0.2254062390278852
 0.19953207102783752
 0.0
 0.11270311951981071
 0.0
 0.0
 0.0
 0.0
 1.7745937614646787
 1.5708898297325802
 0.0
 0.887296880733613
x_ij_opt: 1-dimensional DenseAxisArray{Float64,1,...} with index sets:
    Dimension 1, [(43, 30), (43, 22), (43, 6), (44, 22), (45, 30), (45, 29), (45, 28), (45, 24), (45, 23), (40, 29)  …  (5, 7), (5, 14), (6, 4), (6, 3), (1, 14), (1, 10), (1, 23), (1, 1), (3, 2), (3, 1)]
And data, a 116-element Vector{Float64}:
 0.0
 0.16050000129695713
 1.6280026047059124
 0.0
 0.0
 0.0
 1.9443201087422177
 0.0
 0.0
 0.0
 0.0
 0.0
 0.0
 0.0
 0.0
 0.0
 0.0
 0.0
 0.27234825371420107
 0.0
 0.8962671022006709
 0.0
 0.0
 0.0
 0.7586938210553325
 0.258897468237727
 0.0
 1.9267288226794994
 0.055679888280269686
 0.4945744105755581
 0.0
 0.0
 0.0
 0.0
 0.0
 0.0
 0.0
 0.0
 0.0
 0.0
 0.0
 0.0
 0.4684069055366962
 0.37199739612551647
 0.0
 0.0
 0.0
 0.0
 0.0
 0.0
 0.0
 0.0
 0.0
 0.0
 0.0
 0.4970497493231616
 0.0
 1.5383433920923955
 0.2360186198025908
 0.0
 0.0
 0.0
 0.0
 0.0
 6.0
 0.0
 0.0
 0.0
 0.0
 0.7276517465724951
 0.0
 0.0
 0.0
 0.0
 0.0
 0.0
 0.0
 1.1780992314203464
 0.0
 0.0
 0.0
 0.0
 0.0
 0.0
 0.0
 0.0
 0.0
 0.19255719398740834
 0.07327117825801206
 0.0
 0.0
 0.0
 0.0
 0.0
 0.0
 0.0
 0.0
 0.5140018063150693
 0.0
 0.0
 0.0
 0.0
 0.0
 0.0
 0.0
 0.0
 0.0
 0.0
 0.0
 0.0
 0.019671254141127973
 0.0
 0.07155344135140926
 3.1133362019175994
 0.0
 0.0
x_il_opt: 1-dimensional DenseAxisArray{Float64,1,...} with index sets:
    Dimension 1, [(43, 15), (43, 14), (44, 15), (44, 13), (44, 3), (40, 14), (40, 2), (41, 14), (42, 6), (37, 13)  …  (4, 13), (5, 2), (5, 7), (5, 9), (6, 11), (1, 1), (1, 6), (1, 3), (2, 1), (2, 15)]
And data, a 71-element Vector{Float64}:
 0.0
 0.0
 0.0
 3.0
 5.000000000888036
 0.06688212020516089
 0.0
 0.0
 1.356991311025674
 0.0
 0.0
 3.0
 0.0
 0.0
 2.5054255903416105
 0.0
 0.13388201758860535
 0.0
 4.8661179829484364
 0.0
 0.4998629658227195
 0.9331178833395729
 3.0
 0.6578560048801029
 2.3421439956001024
 0.0
 3.0
 0.0
 2.5029502515624893
 1.225637988441464
 0.0
 0.0
 0.0
 0.0
 0.0
 0.0
 0.0
 0.0
 1.7347068242893453
 0.5376414296645893
 0.0
 0.0
 2.8074428071259936
 0.0
 0.0
 2.3421439954106473
 0.0
 3.0
 0.0
 0.0
 0.0
 0.0
 0.0
 0.0
 2.286644663682653
 0.0
 0.0
 0.0
 0.0
 0.0
 0.0
 0.0
 0.0
 0.0
 0.774362011802976
 0.0
 0.0
 1.795439103965589
 2.9999999997492557
 0.0
 4.232780471943218
x_lj_opt: 1-dimensional DenseAxisArray{Float64,1,...} with index sets:
    Dimension 1, [(15, 30), (15, 29), (15, 23), (15, 3), (14, 28), (14, 27), (14, 10), (14, 24), (13, 26), (13, 25)  …  (3, 6), (3, 5), (3, 29), (2, 4), (2, 3), (2, 1), (2, 5), (1, 2), (1, 1), (1, 14)]
And data, a 53-element Vector{Float64}:
 2.0
 1.7704219004858366
 0.0
 1.0
 0.0
 1.0
 0.0
 0.0
 1.241306179337111
 0.2271007258359209
 1.5315930949418928
 1.3365497503192991
 0.9284465591347633
 0.7350036906820253
 1.8394999992369019
 0.0
 0.0
 0.0
 0.6634502504617913
 0.0
 0.0
 2.0
 0.9999999999510291
 2.0
 0.0
 0.0
 4.461656608613748
 3.5383433911074005
 0.0
 0.0
 1.9803287465216632
 0.7639813808464716
 0.25568987275238825
 2.0
 6.0
 0.0
 1.807442806697085
 0.9999999999914881
 0.0
 0.0
 0.8219007688617354
 1.9646068604257185
 0.0
 0.0
 5.000000000826934
 2.9999999992430024
 1.9999999999981628
 0.0
 0.0
 1.0000000000478162
 0.0
 1.7347068240976664
 0.0
q_opt: 1-dimensional DenseAxisArray{Float64,1,...} with index sets:
    Dimension 1, [(43, 15), (43, 14), (44, 15), (44, 13), (44, 3), (40, 14), (40, 2), (41, 14), (42, 6), (37, 13)  …  (4, 13), (5, 2), (5, 7), (5, 9), (6, 11), (1, 1), (1, 6), (1, 3), (2, 1), (2, 15)]
And data, a 71-element Vector{Float64}:
 0.0
 0.0
 0.0
 1.0
 0.6250000001012265
 0.06688211969500367
 0.0
 0.0
 0.16962391386631864
 0.0
 0.0
 1.0
 0.0
 0.0
 0.3131781987800478
 0.0
 0.016735252180511234
 0.0
 0.6082647478589885
 0.0
 0.17938690011690786
 0.9331178801034505
 1.0
 0.21928533494942315
 0.2927679994374704
 0.0
 0.3750000000499321
 0.0
 1.0
 0.6128189941745789
 0.0
 0.0
 0.0
 0.0
 0.0
 0.0
 0.0
 0.0
 1.0
 0.11270311950572506
 0.0
 0.0
 1.0
 0.0
 0.0
 0.780714665106569
 0.0
 1.0
 0.0
 0.0
 0.0
 0.0
 0.0
 0.0
 0.8206130999416001
 0.0
 0.0
 0.0
 0.0
 0.0
 0.0
 0.0
 0.0
 0.0
 0.387181005866719
 0.0
 0.0
 0.22442988798352848
 0.3749999999582151
 0.0
 0.887296880647302

