objective value: -625.574778693
objective bound: -625.637342427
termination status: OPTIMAL
BARON solution time: 3068.84


w_opt: 1-dimensional DenseAxisArray{Float64,1,...} with index sets:
    Dimension 1, [(25, 1, 2), (25, 1, 1), (25, 1, 14), (20, 1, 2), (20, 1, 1), (20, 1, 14), (1, 1, 2), (1, 1, 1), (1, 1, 14), (2, 1, 2)  …  (20, 15, 23), (20, 15, 3), (8, 15, 30), (8, 15, 29), (8, 15, 23), (8, 15, 3), (2, 15, 30), (2, 15, 29), (2, 15, 23), (2, 15, 3)]
And data, a 261-element Vector{Float64}:
 1.0607004435432816
 1.3129031537365154
 0.0
 0.9392995567078216
 1.1626367819598487
 0.0
 0.0
 0.0
 0.0
 0.0
 0.0
 0.0
 0.0
 0.0
 0.0
 0.0
 2.0
 0.0
 0.0
 1.0000000000471736
 0.0
 0.0
 0.0
 0.0
 0.0
 0.0
 0.0
 0.0
 0.0
 1.262147594347302
 0.7572885562168941
 0.0
 0.0
 0.0
 0.0
 3.7378524067102195
 2.242711442873584
 0.0
 0.0
 0.0
 0.0
 0.0
 0.0
 0.24890990076765143
 0.7402854427118849
 0.0
 0.0
 0.0
 0.0
 0.8586579970327156
 2.5537433967510768
 0.0
 0.0
 0.0
 0.0
 0.0
 0.0
 0.0
 0.0
 2.0
 0.999999999955387
 0.0
 0.0
 0.0
 0.0
 0.0
 0.0
 0.0
 0.0
 0.0
 0.0
 0.0
 0.0
 0.0
 0.7138593366973429
 2.141578010029685
 0.0
 0.5289709349687295
 1.5869128048797185
 0.0
 0.0
 0.0
 0.0
 0.0
 0.0
 0.0
 0.0
 0.0
 0.0
 0.0
 0.0
 0.0
 0.7571697285060519
 2.2715091854473903
 0.0
 0.0
 0.0
 0.0
 0.0
 0.0
 0.0
 1.5675789083115463
 0.8206492909775209
 0.6117718008890112
 0.0
 0.0
 0.0
 0.0
 0.0
 0.0
 0.0
 0.0
 0.0
 0.0
 0.0
 0.0
 0.0
 0.0
 4.546125068104308
 1.5153750165876598
 0.0
 0.0
 0.0
 1.4538749327668998
 0.4846249755534004
 0.0
 0.0
 0.0
 0.0
 0.0
 0.0
 0.0
 0.0
 0.0
 0.0
 0.0
 0.0
 0.0
 0.0
 0.0
 0.0
 0.0
 0.0
 0.0
 0.0
 0.0
 0.0
 0.4470456999135879
 0.0
 0.0
 0.0
 0.0
 0.0
 0.5894108403722851
 0.29470542012892537
 0.0
 0.0
 1.4105891599063785
 0.705294579820182
 0.0
 0.0
 0.0
 0.0
 0.0
 0.0
 0.0
 0.0
 0.0
 0.0
 0.0
 0.0
 0.0
 0.0
 1.7915859075231093
 0.0
 0.0
 0.0
 0.5024429225142518
 0.0
 0.0
 0.0
 0.0
 0.0
 0.0
 0.0
 0.0
 0.0
 0.0
 0.0
 0.0
 0.0
 0.0
 0.0
 0.0
 1.497557078430375
 0.9799303398539346
 0.5225125821013697
 0.0
 0.0
 0.0
 0.0
 0.0
 0.0
 0.0
 0.0
 0.0
 1.4142940043239027
 0.7071470016493978
 0.0
 0.5857059961475666
 0.2928529978521442
 0.0
 0.0
 0.0
 0.0
 0.0
 0.0
 0.0
 0.0
 0.0
 0.0
 0.0
 0.0
 0.0
 0.0
 0.2595814693122866
 0.7371251841479076
 0.0
 0.0
 0.0
 0.0
 0.0
 0.0
 0.0
 0.0
 0.0
 0.0
 0.0
 0.0
 0.0
 0.0
 0.0
 0.0
 0.0
 0.0
 0.0
 0.0
 0.0
 0.0
 0.06623909147056788
 0.08205325789646647
 0.0
 0.03311954573436708
 0.0
 0.0
 0.0
 0.0
 1.9337609089644259
 2.3954341624126214
 0.0
 0.9668804544799808
x_ij_opt: 1-dimensional DenseAxisArray{Float64,1,...} with index sets:
    Dimension 1, [(43, 30), (43, 22), (43, 6), (44, 22), (45, 30), (45, 29), (45, 28), (45, 24), (45, 23), (40, 29)  …  (5, 7), (5, 14), (6, 4), (6, 3), (1, 14), (1, 10), (1, 23), (1, 1), (3, 2), (3, 1)]
And data, a 116-element Vector{Float64}:
 0.0
 0.2084140932082436
 1.5350131419836093
 0.0
 0.0
 0.0
 1.7404185307285185
 0.0
 0.0
 0.0
 0.0
 0.0
 0.0
 0.0
 0.0
 0.0
 0.0
 0.0
 0.28334823335108605
 0.0
 0.0
 0.0
 0.0
 0.0
 0.0
 0.0
 0.0
 1.9999999998464306
 0.0
 0.0
 0.0
 0.0
 0.0
 0.0
 0.0
 0.0
 0.0
 0.0
 0.0
 0.0
 0.0
 0.0
 0.0
 0.46498685871294987
 0.0
 0.0
 0.0
 0.0
 0.0
 0.0
 0.0
 0.0
 0.0
 0.0
 0.0
 0.7059711691706968
 0.0
 0.0
 0.17935070281362575
 1.552954300194919
 0.0
 0.0
 0.0
 0.0
 6.0
 0.0
 0.0
 0.0
 0.0
 0.7166517668833772
 0.0
 0.0
 0.0
 0.0
 0.0
 0.0
 0.26287481510419985
 0.8924321024418532
 0.0
 0.0
 0.0
 0.0
 0.0
 0.0
 0.0
 0.0
 0.0
 0.0
 0.0
 0.0
 0.0
 0.0
 0.0
 0.0
 0.0
 0.0
 0.0
 0.0
 0.0
 0.0
 0.0
 0.0
 0.0
 0.0
 0.0
 0.3194472570544929
 0.0
 0.0
 0.0
 0.0
 0.11297383522673851
 0.0
 0.020069660704507587
 2.912688264598003
 0.0
 0.0
x_il_opt: 1-dimensional DenseAxisArray{Float64,1,...} with index sets:
    Dimension 1, [(43, 15), (43, 14), (44, 15), (44, 13), (44, 3), (40, 14), (40, 2), (41, 14), (42, 6), (37, 13)  …  (4, 13), (5, 2), (5, 7), (5, 9), (6, 11), (1, 1), (1, 6), (1, 3), (2, 1), (2, 15)]
And data, a 71-element Vector{Float64}:
 0.0
 0.0
 0.0
 2.121441006316302
 2.0194361506612326
 0.9967066536664346
 0.0
 0.0
 0.0
 0.8785589942006842
 0.0
 3.0
 0.0
 0.0
 2.8554373468228027
 0.0
 0.0
 0.0
 6.061500090322017
 0.0
 0.9891953435286668
 0.0
 3.0
 0.8841162605012105
 2.1158837399517934
 0.0
 1.9384999103940532
 0.0
 2.294028831760088
 0.44704570001622496
 2.373603597298626
 0.0
 0.0
 0.0
 0.0
 0.0
 0.0
 0.0
 2.101936338691974
 0.18141189510140143
 0.0
 0.0
 3.0
 0.0
 0.0
 2.11588373972656
 0.0
 3.0
 0.0
 0.0
 0.0
 0.0
 0.0
 0.0
 3.412401393789944
 0.0
 0.0
 5.980563849675013
 0.0
 0.0
 0.0
 0.0
 0.0
 0.0
 0.0
 0.0
 0.0
 3.028678914047453
 0.0
 0.0
 5.29607552596328
x_lj_opt: 1-dimensional DenseAxisArray{Float64,1,...} with index sets:
    Dimension 1, [(15, 30), (15, 29), (15, 23), (15, 3), (14, 28), (14, 27), (14, 10), (14, 24), (13, 26), (13, 25)  …  (3, 6), (3, 5), (3, 29), (2, 4), (2, 3), (2, 1), (2, 5), (1, 2), (1, 1), (1, 14)]
And data, a 53-element Vector{Float64}:
 2.0
 2.477487420019109
 0.0
 1.0
 0.25958146964843487
 0.7371251851022881
 0.0
 0.0
 2.0
 0.9999999993919332
 0.0
 1.4975570782966725
 0.9799303397680614
 0.5225125820660723
 1.7915859073525386
 0.0
 0.0
 0.0
 0.5024429224667148
 0.0
 0.0
 2.0
 0.9999999999106562
 0.44704570017452155
 0.0
 0.0
 6.0
 1.9999999921849667
 0.0
 0.0
 1.5675789082753062
 0.8206492909627702
 0.6117718008839453
 2.0
 5.99999999995843
 0.0
 2.0
 0.9999999999174662
 0.0
 0.0
 1.107567897818484
 3.294028839516488
 0.0
 0.0
 5.000000000837684
 2.999999998965587
 1.9999999999847773
 0.0
 0.0
 1.0000000000163134
 2.0
 2.475539935518393
 0.0
q_opt: 1-dimensional DenseAxisArray{Float64,1,...} with index sets:
    Dimension 1, [(43, 15), (43, 14), (44, 15), (44, 13), (44, 3), (40, 14), (40, 2), (41, 14), (42, 6), (37, 13)  …  (4, 13), (5, 2), (5, 7), (5, 9), (6, 11), (1, 1), (1, 6), (1, 3), (2, 1), (2, 15)]
And data, a 71-element Vector{Float64}:
 0.0
 0.0
 0.0
 0.7071470021068799
 0.2524295188281324
 0.9999999987050567
 0.0
 0.0
 0.0
 0.2928529980572454
 0.0
 1.0
 0.0
 0.0
 0.35692966834102896
 0.0
 0.0
 0.0
 0.7576875112807613
 0.0
 0.22473556813809376
 0.0
 1.0
 0.2947054201598586
 0.26448546748205726
 0.0
 0.24231248878105668
 0.0
 1.0
 0.9999999994163051
 0.5303502217441832
 0.0
 0.0
 0.0
 0.0
 0.0
 0.0
 0.0
 0.46964977832952265
 0.033119545730605666
 0.0
 0.0
 1.0
 0.0
 0.0
 0.7052945798900694
 0.0
 1.0
 0.0
 0.0
 0.0
 0.0
 0.0
 0.0
 0.7752644318457289
 0.0
 0.0
 0.7475704812177704
 0.0
 0.0
 0.0
 0.0
 0.0
 0.0
 0.0
 0.0
 0.0
 0.3785848642441292
 0.0
 0.0
 0.9668804543927824

