objective value: -620.997815735
objective bound: -642.020100654
termination status: TIME_LIMIT
BARON solution time: 7226.08


w_opt: 1-dimensional DenseAxisArray{Float64,1,...} with index sets:
    Dimension 1, [(25, 1, 2), (25, 1, 1), (25, 1, 14), (20, 1, 2), (20, 1, 1), (20, 1, 14), (1, 1, 2), (1, 1, 1), (1, 1, 14), (2, 1, 2)  …  (20, 15, 23), (20, 15, 3), (8, 15, 30), (8, 15, 29), (8, 15, 23), (8, 15, 3), (2, 15, 30), (2, 15, 29), (2, 15, 23), (2, 15, 3)]
And data, a 261-element Vector{Float64}:
 1.2546253909033978
 1.6838336766378241
 0.0
 0.7453746094188864
 1.0003678214635274
 0.0
 0.0
 0.0
 0.0
 0.0
 0.0
 0.0
 0.0
 0.0
 0.0
 0.0
 1.9585244537971866
 0.0
 0.0
 1.041475546681024
 0.0
 0.0
 0.0
 0.0
 0.0
 0.0
 0.0
 0.0
 0.0
 1.9041381070136172
 0.42629753438300416
 0.0
 0.0
 0.0
 0.0
 0.9965342849323616
 0.22310362206923573
 0.0
 0.0
 0.0
 0.0
 2.0578520624888674
 0.4607109416763069
 0.0
 0.0
 0.0
 0.0
 0.0
 0.0
 1.1221950088385684
 1.3812110170746648
 0.04147554662875592
 0.0
 0.0
 0.0
 0.0
 0.0
 0.0
 0.0
 2.0
 1.0
 0.0
 0.0
 0.0
 0.0
 0.0
 0.0
 0.0
 0.0
 0.0
 0.0
 0.24955494623393973
 0.7486648386756236
 0.0
 0.7500000002939992
 2.2500000007837797
 0.0
 0.4578477284790391
 1.3735431853688105
 0.0
 0.0
 0.0
 0.0
 0.0
 0.0
 0.0
 0.0
 0.0
 0.0
 0.0
 0.0
 0.0
 0.5425973252974653
 1.6277919758118058
 0.0
 0.0
 0.0
 0.0
 0.0
 0.0
 0.0
 2.0
 0.9945880203416402
 0.005411979549789174
 0.0
 0.0
 0.0
 0.0
 0.0
 0.0
 0.0
 0.0
 0.0
 0.0
 0.0
 0.0
 0.0
 0.0
 4.738128872289801
 1.6390335300474363
 0.0
 0.0
 0.0
 1.2057421776340176
 0.4170954212172139
 0.0
 0.0
 0.0
 0.0
 0.0
 0.0
 0.0
 0.0
 0.0
 0.0
 0.0
 0.0
 0.0
 0.0
 0.0
 0.0
 0.0
 0.0
 0.0
 0.0
 0.0
 0.0
 0.0
 0.0
 0.0
 0.0
 0.12254237510723649
 0.0
 0.7790727245078028
 0.38953636215412124
 0.0
 0.0
 1.2209272757805947
 0.6104636377364574
 0.0
 0.0
 0.0
 0.0
 0.0
 0.0
 0.0
 0.0
 0.0
 0.0
 0.0
 0.0
 0.0
 0.0
 2.0
 0.0
 0.0
 0.0
 0.0
 0.0
 0.0
 0.0
 0.0
 0.0
 0.0
 0.0
 0.0
 0.0
 0.0
 0.0
 0.0
 0.0
 0.0
 0.0
 0.0
 1.6108287782993305
 0.999338828237682
 0.3898323934951451
 0.0
 0.0
 0.0
 0.0
 0.0
 0.0
 0.0
 0.0
 0.0
 1.5510151929021434
 0.7755075960861115
 0.0
 0.44898480758043685
 0.22449240368457374
 0.0
 0.0
 0.0
 0.0
 0.0
 0.0
 0.0
 0.0
 0.0
 0.0
 0.0
 0.0
 0.0
 0.0
 0.15808045381852043
 0.494383506420542
 0.0
 0.0
 0.0
 0.0
 0.0
 0.0
 0.036128444280209275
 0.11298871260373708
 0.0
 0.0
 0.0
 0.0
 0.0
 0.0
 0.0
 0.0
 0.0
 0.0
 0.0
 0.0
 0.0
 0.0
 0.0
 0.0
 0.0
 0.0
 0.0
 0.0
 0.0
 0.0
 0.5045605130568819
 4.500055509930503
 0.0
 0.7157300506883373
x_ij_opt: 1-dimensional DenseAxisArray{Float64,1,...} with index sets:
    Dimension 1, [(43, 30), (43, 22), (43, 6), (44, 22), (45, 30), (45, 29), (45, 28), (45, 24), (45, 23), (40, 29)  …  (5, 7), (5, 14), (6, 4), (6, 3), (1, 14), (1, 10), (1, 23), (1, 1), (3, 2), (3, 1)]
And data, a 116-element Vector{Float64}:
 0.0
 0.0
 1.6170569168010154
 0.0
 1.4954394872812649
 0.0
 1.8057911022315236
 0.0
 0.0
 0.0
 0.0
 0.0
 0.0
 0.0
 0.0
 0.0
 0.0
 0.0
 0.2130671555410836
 0.0
 0.0
 0.0
 0.0
 0.0
 0.0
 0.0
 0.0
 2.0
 0.0
 0.0
 0.0
 0.0
 0.0
 0.0
 0.0
 0.0
 0.0
 0.0
 0.0
 0.0
 0.0
 0.0
 0.0
 0.382943084033071
 0.0
 0.0
 0.0
 0.0
 0.0
 0.0
 0.0
 0.0
 0.0
 0.0
 0.0
 0.9999999998451762
 0.0
 0.0561289515191745
 0.0054119803038778416
 1.8774576241223777
 0.0
 0.0
 0.0
 0.38917122255588427
 6.0
 0.0
 0.0
 0.0
 0.0
 0.7869328448218635
 0.0
 0.0
 0.0
 0.0
 0.0
 0.0
 0.3926277810351202
 0.8778049914622152
 0.0
 0.0
 0.0
 0.0
 0.0
 0.0
 0.0
 0.0
 0.0
 0.0
 0.0
 0.0
 0.0
 0.0
 1.5626600328472067
 0.0
 0.0
 0.0
 0.0
 0.0
 0.0
 0.2842699498477321
 0.0
 0.0
 0.0
 0.0
 0.0
 0.0
 0.0
 0.0
 0.0
 0.0
 0.0
 0.0
 0.0006611723433416937
 3.310386523581411
 0.0
 0.0
x_il_opt: 1-dimensional DenseAxisArray{Float64,1,...} with index sets:
    Dimension 1, [(43, 15), (43, 14), (44, 15), (44, 13), (44, 3), (40, 14), (40, 2), (41, 14), (42, 6), (37, 13)  …  (4, 13), (5, 2), (5, 7), (5, 9), (6, 11), (1, 1), (1, 6), (1, 3), (2, 1), (2, 15)]
And data, a 71-element Vector{Float64}:
 0.0
 0.0
 0.0
 2.326522789208235
 2.330435641396621
 0.6524639602390625
 0.0
 0.0
 0.9982197849095633
 0.6734772113287006
 0.0
 3.0
 0.0
 0.0
 3.0
 0.0
 0.0
 0.0
 6.3771624023372375
 0.0
 0.0
 0.1491171568474385
 3.0
 1.168609086661924
 1.8313909138478497
 0.0
 1.6228375988512314
 0.0
 2.0000000010676957
 0.0
 2.938459067541222
 0.0
 0.0
 0.0
 0.0
 0.0
 0.0
 0.0
 1.7457424308824139
 0.0
 0.0
 0.0
 3.0
 0.0
 0.0
 1.831390913517052
 0.0
 3.0
 0.0
 0.0
 0.0
 0.0
 0.0
 0.0
 2.544881572541989
 0.0
 0.0
 1.2196379070015975
 0.0
 0.0
 0.0
 0.0
 0.0
 0.0
 0.12254237510723649
 0.0
 0.0
 2.170389301109271
 2.5185630041651743
 0.0
 5.720346073675723
x_lj_opt: 1-dimensional DenseAxisArray{Float64,1,...} with index sets:
    Dimension 1, [(15, 30), (15, 29), (15, 23), (15, 3), (14, 28), (14, 27), (14, 10), (14, 24), (13, 26), (13, 25)  …  (3, 6), (3, 5), (3, 29), (2, 4), (2, 3), (2, 1), (2, 5), (1, 2), (1, 1), (1, 14)]
And data, a 53-element Vector{Float64}:
 0.5045605130126278
 4.50005550953578
 0.0
 0.7157300506255602
 0.1942088981559281
 0.6073722192031608
 0.0
 0.0
 2.0
 0.9999999996264722
 0.0
 1.6108287781439263
 0.9993388281450016
 0.38983239346458054
 1.9999999999846487
 0.0
 0.0
 0.0
 0.0
 0.0
 0.0
 2.0
 0.9999999998511727
 0.12254237625986805
 0.0
 0.0
 5.943871049354262
 2.0561289510646708
 0.0
 0.0
 2.0
 0.994588020338443
 0.005411979555233565
 2.0
 6.0
 0.0
 2.0
 1.0
 0.0
 0.0
 1.1221950088200732
 1.3812110170519005
 0.041475546628072346
 0.0
 4.958524454239913
 1.1101120980849046
 1.958524453662422
 0.0
 0.0
 1.041475546610258
 2.0
 2.6842014979153572
 0.0
q_opt: 1-dimensional DenseAxisArray{Float64,1,...} with index sets:
    Dimension 1, [(43, 15), (43, 14), (44, 15), (44, 13), (44, 3), (40, 14), (40, 2), (41, 14), (42, 6), (37, 13)  …  (4, 13), (5, 2), (5, 7), (5, 9), (6, 11), (1, 1), (1, 6), (1, 3), (2, 1), (2, 15)]
And data, a 71-element Vector{Float64}:
 0.0
 0.0
 0.0
 0.7755075963757794
 0.3840130515813904
 0.8139712202661276
 0.0
 0.0
 0.12477747310753272
 0.22449240376841798
 0.0
 1.0
 0.0
 0.0
 0.3750000001159891
 0.0
 0.0
 0.0
 0.7971453002513467
 0.0
 0.0
 0.18602877943935725
 1.0
 0.3895363622180448
 0.22892386421806965
 0.0
 0.20285469984293994
 0.0
 1.0
 0.0
 0.6273126953935262
 0.0
 0.0
 0.0
 0.0
 0.0
 0.0
 0.0
 0.3726873046748712
 0.0
 0.0
 0.0
 1.0
 0.0
 0.0
 0.6104636378332606
 0.0
 1.0
 0.0
 0.0
 0.0
 0.0
 0.0
 0.0
 1.0
 0.0
 0.0
 0.2009739579039989
 0.0
 0.0
 0.0
 0.0
 0.0
 0.0
 0.9999999905940175
 0.0
 0.0
 0.27129866262360774
 0.41501299055392343
 0.0
 1.0

