objective value: -629.019368798
objective bound: -629.082276985
termination status: OPTIMAL
BARON solution time: 806.53


w_opt: 1-dimensional DenseAxisArray{Float64,1,...} with index sets:
    Dimension 1, [(25, 1, 2), (25, 1, 1), (25, 1, 14), (20, 1, 2), (20, 1, 1), (20, 1, 14), (1, 1, 2), (1, 1, 1), (1, 1, 14), (2, 1, 2)  …  (20, 15, 23), (20, 15, 3), (8, 15, 30), (8, 15, 29), (8, 15, 23), (8, 15, 3), (2, 15, 30), (2, 15, 29), (2, 15, 23), (2, 15, 3)]
And data, a 261-element Vector{Float64}:
 1.145306842998472
 1.8546931567251241
 0.0
 0.8546931568806033
 1.3840776023097356
 0.0
 0.0
 0.0
 0.0
 0.0
 0.0
 0.0
 0.0
 0.0
 0.0
 0.0
 1.9900822056897463
 0.0
 0.0
 1.0099177921110059
 0.0
 0.0
 0.0
 0.0
 0.0
 0.0
 0.0
 0.0
 1.096704716679037
 3.034085669939371
 0.5875990321073237
 0.0
 0.0
 0.0
 0.0
 0.0
 0.0
 0.0
 0.0
 0.0
 0.7070171587519131
 1.9559965386813367
 0.3788098946281619
 0.08049700613100351
 0.3365038148921547
 0.0007908515502762274
 0.0
 0.0
 0.0
 0.9289880250370826
 3.8834738015627797
 0.009126943153364497
 0.0
 0.0
 0.0
 0.0
 0.0
 0.0
 0.0
 2.0
 0.9999999997221076
 0.0
 0.0
 0.0
 0.0
 0.0
 0.0
 0.0
 0.0
 0.0
 0.0
 0.037666258744915956
 0.11299877630591723
 0.0
 0.7499999998853696
 2.2500000002041385
 0.0
 0.5469973387029224
 1.6409920165221457
 0.0
 0.0
 0.0
 0.0
 0.0
 0.0
 0.0
 0.0
 0.0
 0.0
 0.0
 0.0
 0.0
 0.6653364023254189
 1.9960092074681846
 0.0
 0.0
 0.0
 0.0
 0.0
 0.0
 0.0
 1.8707993587358949
 0.520580704614507
 0.6086199365926269
 0.0
 0.0
 0.0
 0.0
 0.0
 0.0
 0.0
 0.0
 0.0
 0.0
 0.0
 0.0
 0.0
 0.0
 4.80223040334136
 1.2170298140598816
 0.0
 0.383713652905116
 0.0
 1.197769596916115
 0.30355088929835705
 0.0
 0.09570564267740413
 0.0
 0.0
 0.0
 0.0
 0.0
 0.0
 0.0
 0.0
 0.0
 0.0
 0.0
 0.0
 0.0
 0.0
 0.0
 0.0
 0.0
 0.0
 0.0
 0.0
 0.0
 0.0
 0.0
 0.0
 0.026686427726785325
 0.0
 0.541340430143984
 0.2706702150002122
 0.0
 0.0
 1.4586595700845661
 0.7293297848565309
 0.0
 0.0
 0.0
 0.0
 0.0
 0.0
 0.0
 0.0
 0.0
 0.0
 0.0
 0.0
 0.0
 0.0
 1.9999999988761474
 0.0
 0.0
 0.0
 0.7405583194396963
 0.0
 0.0
 0.0
 0.0
 0.0
 0.0
 0.0
 0.0
 0.0
 0.0
 0.0
 0.0
 0.0
 0.0
 0.0
 0.0
 1.2594416806465276
 0.9849791458954831
 0.0
 0.0
 0.0
 0.0
 0.0
 0.0
 0.0
 0.0
 0.0
 0.0
 1.453216537602891
 0.726608268118463
 0.0
 0.5467834625860338
 0.2733917310230962
 0.0
 0.0
 0.0
 0.0
 0.0
 0.0
 0.0
 0.0
 0.0
 0.0
 0.0
 0.0
 0.0
 0.0
 0.7965220779110137
 0.947620440899764
 0.0
 0.0
 0.0
 0.0
 0.0
 0.0
 0.0
 0.0
 0.0
 0.0
 0.0
 0.0
 0.0
 0.0
 0.0
 0.0
 0.0
 0.0
 0.0
 0.0
 0.0
 0.0
 0.0
 0.0
 0.0
 0.0
 0.0
 0.0
 0.0
 0.0
 0.9021123965895431
 5.03359106601007
 0.0
 0.7404211877188238
x_ij_opt: 1-dimensional DenseAxisArray{Float64,1,...} with index sets:
    Dimension 1, [(43, 30), (43, 22), (43, 6), (44, 22), (45, 30), (45, 29), (45, 28), (45, 24), (45, 23), (40, 29)  …  (5, 7), (5, 14), (6, 4), (6, 3), (1, 14), (1, 10), (1, 23), (1, 1), (3, 2), (3, 1)]
And data, a 116-element Vector{Float64}:
 0.0
 0.0
 0.0532069522050107
 0.0
 1.0978876036917191
 0.0
 1.2034779216417937
 0.0
 0.0
 0.0
 0.0
 0.0
 0.0
 0.0
 0.0
 0.0
 0.0
 0.0
 0.2387707589425532
 0.0
 0.0
 0.0
 0.0
 0.0
 0.0
 0.0
 0.0
 1.999999999555323
 0.0
 0.0
 0.0
 0.0
 0.0
 0.0
 0.0
 0.0
 0.0
 0.0
 0.0
 0.0
 0.0
 0.0
 0.0
 0.1430711729265853
 0.0
 0.0
 0.0
 0.0
 0.0
 0.0
 0.0
 0.0
 0.0
 0.0
 0.0
 0.25944168062534323
 0.0
 0.0
 0.0
 1.9733135717711623
 0.0
 0.0
 0.0
 0.0
 6.0
 0.0
 0.0
 0.0
 0.0
 0.7612292413192614
 0.0
 0.0
 0.0
 0.0
 0.0
 0.0
 0.052379558356228144
 0.9905149690232765
 0.0
 0.0
 0.0
 0.0
 0.0
 0.0
 0.0
 0.0
 0.0
 0.0
 0.0
 0.0
 0.0
 0.0
 0.0
 0.0
 0.0
 0.0
 0.0
 0.0
 0.0
 0.2595788127110234
 0.0
 0.0
 0.0
 0.0
 0.0
 0.0
 0.0
 0.0
 0.0
 0.0
 0.12920064119243982
 0.0
 0.015020854568676488
 2.1526093029433815
 0.0
 0.0
x_il_opt: 1-dimensional DenseAxisArray{Float64,1,...} with index sets:
    Dimension 1, [(43, 15), (43, 14), (44, 15), (44, 13), (44, 3), (40, 14), (40, 2), (41, 14), (42, 6), (37, 13)  …  (4, 13), (5, 2), (5, 7), (5, 9), (6, 11), (1, 1), (1, 6), (1, 3), (2, 1), (2, 15)]
And data, a 71-element Vector{Float64}:
 0.0
 0.0
 0.0
 2.179824806196613
 4.718389418725732
 1.7441425190198698
 0.0
 0.0
 0.15066503513834248
 0.8201751938502598
 0.0
 2.2444208349918626
 0.0
 0.0
 3.0
 0.0
 0.0
 0.0
 6.402973870622426
 0.0
 0.41779167257343447
 0.0
 3.0
 0.8120106451441962
 2.1879893552887393
 0.0
 1.5970261292278491
 0.0
 2.740558320109496
 0.0
 2.999999999742803
 0.0
 0.0
 0.0
 0.0
 0.0
 0.0
 0.0
 2.2387707592215733
 0.0
 0.0
 0.0
 2.9999999999081504
 0.0
 0.0
 2.187989354941097
 0.0
 2.9999999999430846
 0.0
 0.0
 0.0
 0.0
 0.0
 0.0
 4.821588769753227
 0.0
 0.0
 0.0
 0.0
 0.0
 0.0
 0.0
 0.0
 0.0
 0.02668642775289221
 0.0
 0.0
 2.6613456098522117
 3.0418235920614114
 0.0
 6.676124650425284
x_lj_opt: 1-dimensional DenseAxisArray{Float64,1,...} with index sets:
    Dimension 1, [(15, 30), (15, 29), (15, 23), (15, 3), (14, 28), (14, 27), (14, 10), (14, 24), (13, 26), (13, 25)  …  (3, 6), (3, 5), (3, 29), (2, 4), (2, 3), (2, 1), (2, 5), (1, 2), (1, 1), (1, 14)]
And data, a 53-element Vector{Float64}:
 0.9021123965926854
 5.0335910659960925
 0.0
 0.7404211877226071
 0.7965220787028721
 0.9476204418418293
 0.0
 0.0
 2.0
 0.9999999991737445
 0.0
 1.2594416806579694
 0.9849791459044476
 0.0
 2.0
 0.0
 0.0
 0.0
 0.7405583199092896
 0.0
 0.0
 2.0
 0.9999999998387068
 0.026686428577299862
 0.0
 0.0
 6.0
 1.5205807035424275
 0.0
 0.4794192957438369
 1.8707993588247638
 0.5205807046553645
 0.60861993663686
 1.9999999997238032
 6.0
 0.0
 2.0
 0.9999999998284801
 0.0
 0.0
 1.0094850312217636
 4.219977616679049
 0.009917794655104825
 1.8037218754674715
 4.990082208674201
 0.966408926767883
 1.990082205696188
 0.0
 0.0
 1.009917792162595
 1.9999999998979634
 3.2387707590653787
 0.0
q_opt: 1-dimensional DenseAxisArray{Float64,1,...} with index sets:
    Dimension 1, [(43, 15), (43, 14), (44, 15), (44, 13), (44, 3), (40, 14), (40, 2), (41, 14), (42, 6), (37, 13)  …  (4, 13), (5, 2), (5, 7), (5, 9), (6, 11), (1, 1), (1, 6), (1, 3), (2, 1), (2, 15)]
And data, a 71-element Vector{Float64}:
 0.0
 0.0
 0.0
 0.7266082687489847
 0.6080231833984618
 0.9999999990058824
 0.0
 0.0
 0.018833129381263837
 0.2733917312791552
 0.0
 0.9999999999907768
 0.0
 0.0
 0.3750000000067504
 0.0
 0.0
 0.0
 0.8003717338170607
 0.0
 0.07974066344859305
 0.0
 1.0
 0.2706702150498946
 0.27349866940009016
 0.0
 0.19962826613869655
 0.0
 0.9999999993658979
 2.2366700802878617e-8
 0.5726534215284642
 0.0
 0.0
 0.0
 0.0
 0.0
 0.0
 0.0
 0.42734657846211666
 0.0
 0.0
 0.0
 0.9999999999471902
 0.0
 0.0
 0.7293297849801341
 0.0
 0.9999999999568714
 0.0
 0.0
 0.0
 0.0
 0.0
 0.0
 0.9202593364983203
 0.0
 0.0
 0.0
 0.0
 0.0
 0.0
 0.0
 0.0
 0.0
 0.9999999681277996
 0.0
 0.0
 0.3326682012203509
 0.3919768165903149
 0.0
 1.0

