objective value: -632.350269539
objective bound: -632.413510885
termination status: OPTIMAL
BARON solution time: 760.32


w_opt: 1-dimensional DenseAxisArray{Float64,1,...} with index sets:
    Dimension 1, [(25, 1, 2), (25, 1, 1), (25, 1, 14), (20, 1, 2), (20, 1, 1), (20, 1, 14), (1, 1, 2), (1, 1, 1), (1, 1, 14), (2, 1, 2)  …  (20, 15, 23), (20, 15, 3), (8, 15, 30), (8, 15, 29), (8, 15, 23), (8, 15, 3), (2, 15, 30), (2, 15, 29), (2, 15, 23), (2, 15, 3)]
And data, a 261-element Vector{Float64}:
 1.2634743599320448
 0.0
 0.11884477111121323
 0.0
 0.0
 0.0
 0.0
 0.0
 0.0
 0.0
 0.0
 0.0
 0.0
 0.0
 0.0
 0.0
 2.0
 0.0
 0.0
 0.9999999997722646
 0.0
 0.0
 0.0
 0.0
 0.0
 0.0
 0.0
 0.0
 0.44839924677233195
 1.6984500006940917
 0.5706707530519033
 0.0
 0.0
 0.0
 0.8716256191457945
 3.301550000533356
 1.1093043800487374
 0.0
 0.0
 0.0
 0.0
 0.0
 0.0
 0.19351556140154147
 0.5803639593166512
 0.0
 0.0
 0.0
 0.0
 0.8853282046241296
 2.6551486526946286
 0.0
 0.0
 0.0
 0.0
 0.0
 0.0
 0.0
 0.0
 1.8308450955489168
 0.9999999999774654
 0.0
 0.0
 0.0
 0.0
 0.0
 0.0
 0.0
 0.0
 0.0
 0.0
 0.1519052262444716
 0.4557156787473064
 0.0
 0.7500000000806675
 2.2500000001176037
 0.0
 0.5100546867344155
 1.5301640601349196
 0.0
 0.0
 0.0
 0.0
 0.0
 0.0
 0.0
 0.0
 0.0
 0.0
 0.0
 0.0
 0.0
 0.5880400870650568
 1.764120261108435
 0.0
 0.0
 0.0
 0.0
 0.0
 0.0
 0.0
 1.8226657043471501
 0.8251739478028898
 0.3521603480842969
 0.0
 0.0
 0.0
 0.0
 0.0
 0.0
 0.0
 0.0
 0.0
 0.0
 0.0
 0.0
 0.0
 0.0
 4.277171489165354
 1.4257238280892002
 0.0
 0.0
 0.0
 1.7228285106086336
 0.5742761695034874
 0.0
 0.0
 0.0
 0.0
 0.0
 0.0
 0.0
 0.0
 0.0
 0.0
 0.0
 0.0
 0.0
 0.0
 0.0
 0.0
 0.0
 0.0
 0.0
 0.0
 0.0
 0.0
 1.1813547224116017
 0.0
 0.0
 0.0
 0.5540270250171161
 0.0
 0.6398541690816667
 0.3199270844740063
 0.0
 0.0
 1.3601458311767205
 0.6800729154525244
 0.0
 0.0
 0.0
 0.0
 0.0
 0.0
 0.0
 0.0
 0.0
 0.0
 0.0
 0.0
 0.0
 0.0
 1.884780810508932
 0.0
 0.0
 0.0
 0.3507317979286986
 0.0
 0.0
 0.0
 0.0
 0.0
 0.0
 0.0
 0.0
 0.0
 0.0
 0.0
 0.0
 0.0
 0.0
 0.0
 0.0
 1.6492682027431325
 1.0
 0.3507317974528188
 0.0
 0.0
 0.0
 0.0
 0.0
 0.0
 0.0
 0.0
 0.0
 1.353166540173707
 0.713008233249062
 0.6723251323666585
 0.0
 0.0
 0.0
 0.0
 0.0
 0.0
 0.12921423750529396
 0.06808534829182557
 0.06420050802684261
 0.0
 0.0
 0.0
 0.0
 0.0
 0.0
 0.0
 0.2515571831957524
 0.6435564697661443
 0.0
 0.0
 0.0
 0.0
 0.0
 0.0
 0.0
 0.0
 0.0
 0.0
 0.0
 0.0
 0.0
 0.0
 0.0
 0.0
 0.0
 0.0
 0.0
 0.0
 0.0
 0.0
 0.0
 0.0
 0.0
 0.0
 0.0
 0.0
 0.0
 0.0
 0.6644526686300823
 3.969293070640244
 0.0
 0.8084716761923256
x_ij_opt: 1-dimensional DenseAxisArray{Float64,1,...} with index sets:
    Dimension 1, [(43, 30), (43, 22), (43, 6), (44, 22), (45, 30), (45, 29), (45, 28), (45, 24), (45, 23), (40, 29)  …  (5, 7), (5, 14), (6, 4), (6, 3), (1, 14), (1, 10), (1, 23), (1, 1), (3, 2), (3, 1)]
And data, a 116-element Vector{Float64}:
 0.0
 0.11521918866479487
 0.4684517280409266
 0.0
 1.3355473316569373
 0.0
 1.748442816826806
 0.0
 0.0
 0.0
 0.0
 0.0
 0.0
 0.0
 0.0
 0.0
 0.0
 0.0
 0.32008045794666445
 0.0
 0.0
 0.0
 0.0
 0.0
 0.5176192225096887
 0.2189064188081426
 0.0
 1.9999999999769622
 0.0
 0.0
 0.0
 0.0
 0.0
 0.0
 0.0
 0.0
 0.0
 0.0
 0.0
 0.0
 0.0
 0.0
 0.0
 0.2115234067980417
 0.0
 0.0
 0.0
 0.0
 0.0
 0.0
 0.0
 0.0
 0.0
 0.0
 0.0
 0.7644873907906482
 0.0
 0.0
 0.1748260526008649
 0.26461825296776226
 0.0
 0.0
 0.0
 0.0
 6.0
 0.0
 0.0
 0.0
 0.0
 0.6799195423570528
 0.0
 0.0
 0.0
 0.0
 0.0
 0.0
 0.3564435295522637
 0.9211562342030101
 0.0
 0.0
 0.0
 0.0
 0.0
 0.0
 0.0
 0.0
 0.0
 0.1691549049324172
 0.0
 0.0
 0.0
 0.0
 0.0
 0.0
 0.0
 0.0
 0.0
 0.0
 0.0
 0.19152832427511352
 0.0
 0.0
 0.0
 0.0
 0.0
 0.058489525178207075
 0.0
 0.0
 0.0
 0.0
 0.0
 0.0
 0.0
 5.647839653005542
 0.0
 0.0
x_il_opt: 1-dimensional DenseAxisArray{Float64,1,...} with index sets:
    Dimension 1, [(43, 15), (43, 14), (44, 15), (44, 13), (44, 3), (40, 14), (40, 2), (41, 14), (42, 6), (37, 13)  …  (4, 13), (5, 2), (5, 7), (5, 9), (6, 11), (1, 1), (1, 6), (1, 3), (2, 1), (2, 15)]
And data, a 71-element Vector{Float64}:
 0.0
 0.0
 0.0
 2.738499905789428
 2.717520000518328
 0.8951136531651152
 0.0
 0.0
 0.6076209050707125
 0.0
 0.0
 3.0
 0.0
 0.0
 3.0
 0.0
 0.0
 0.0
 5.702895317828609
 0.0
 0.7738795207695919
 0.0
 2.999999999956067
 0.959781253555673
 2.0402187469267115
 0.0
 2.297104680701801
 0.0
 2.2355126099722744
 1.1813547223810554
 1.3823191311031353
 0.26150009382396217
 0.0
 0.0
 0.0
 0.0
 0.0
 0.0
 0.0
 0.0
 0.0
 0.0
 2.830845095670366
 0.0
 0.0
 2.0402187466292445
 0.0
 3.0
 0.0
 0.0
 0.0
 0.0
 0.0
 0.0
 3.540476857315808
 0.0
 0.0
 5.282479999727887
 0.0
 0.0
 0.0
 0.0
 0.0
 0.0
 0.5540270250025595
 0.0
 0.0
 2.352160348226429
 0.0
 0.0
 5.4422174156260406
x_lj_opt: 1-dimensional DenseAxisArray{Float64,1,...} with index sets:
    Dimension 1, [(15, 30), (15, 29), (15, 23), (15, 3), (14, 28), (14, 27), (14, 10), (14, 24), (13, 26), (13, 25)  …  (3, 6), (3, 5), (3, 29), (2, 4), (2, 3), (2, 1), (2, 5), (1, 2), (1, 1), (1, 14)]
And data, a 53-element Vector{Float64}:
 0.6644526686360167
 3.96929307059333
 0.0
 0.8084716761958844
 0.2515571835552988
 0.6435564706863286
 0.0
 0.0
 1.4823807778799099
 0.7810935816623917
 0.7365256405099703
 1.6492682025936583
 1.0
 0.35073179743799776
 1.8847808118794196
 0.0
 0.0
 0.0
 0.35073179818372086
 0.0
 0.0
 2.0
 0.9999999999007474
 1.735381747410623
 0.0
 0.0
 6.0
 1.9999999979922725
 0.0
 0.0
 1.8226657042686063
 0.8251739477787704
 0.35216034808619934
 2.0
 6.0
 0.0
 1.830845095748959
 1.0
 0.0
 0.0
 1.0788437660707106
 3.2355126121474695
 0.0
 1.3200248658830478
 5.0000000010016
 1.6799751330471115
 2.0
 0.0
 0.0
 0.9999999998728463
 1.2634743599709923
 0.0
 0.1188447711139515
q_opt: 1-dimensional DenseAxisArray{Float64,1,...} with index sets:
    Dimension 1, [(43, 15), (43, 14), (44, 15), (44, 13), (44, 3), (40, 14), (40, 2), (41, 14), (42, 6), (37, 13)  …  (4, 13), (5, 2), (5, 7), (5, 9), (6, 11), (1, 1), (1, 6), (1, 3), (2, 1), (2, 15)]
And data, a 71-element Vector{Float64}:
 0.0
 0.0
 0.0
 0.9128333019250502
 0.3396900000713466
 0.9999999985697416
 0.0
 0.0
 0.07595261312306041
 0.0
 0.0
 1.0
 0.0
 0.0
 0.37500000001779615
 0.0
 0.0
 0.0
 0.7128619147956125
 0.0
 0.1793731098861116
 0.0
 0.9999999999530534
 0.31992708451233043
 0.25502734335419075
 0.0
 0.28713808507534666
 0.0
 0.999999999272864
 0.6807463108184963
 0.9999999999686032
 0.08716669795132097
 0.0
 0.0
 0.0
 0.0
 0.0
 0.0
 0.0
 0.0
 0.0
 0.0
 0.9999999998907002
 0.0
 0.0
 0.6800729155247839
 0.0
 1.0
 0.0
 0.0
 0.0
 0.0
 0.0
 0.0
 0.8206268900717819
 0.0
 0.0
 0.6603099999746302
 0.0
 0.0
 0.0
 0.0
 0.0
 0.0
 0.3192536891918564
 0.0
 0.0
 0.29402004351637095
 0.0
 0.0
 1.0

