objective value: -620.425094349
objective bound: -620.487143062
termination status: OPTIMAL
BARON solution time: 5638.52


w_opt: 1-dimensional DenseAxisArray{Float64,1,...} with index sets:
    Dimension 1, [(25, 1, 2), (25, 1, 1), (25, 1, 14), (20, 1, 2), (20, 1, 1), (20, 1, 14), (1, 1, 2), (1, 1, 1), (1, 1, 14), (2, 1, 2)  …  (20, 15, 23), (20, 15, 3), (8, 15, 30), (8, 15, 29), (8, 15, 23), (8, 15, 3), (2, 15, 30), (2, 15, 29), (2, 15, 23), (2, 15, 3)]
And data, a 261-element Vector{Float64}:
 1.087379446470878
 1.6092670631279211
 0.0
 0.9126205538042934
 1.3506326638208752
 0.0
 0.0
 0.0
 0.0
 0.0
 0.0
 0.0
 0.0
 0.0
 0.0
 0.0
 2.0
 0.0
 0.0
 1.0000000002985803
 0.0
 0.0
 0.0
 0.0
 0.0
 0.0
 0.0
 0.0
 0.0
 2.908049752404135
 1.5897179556974903
 0.0
 0.0
 0.0
 0.0
 0.0
 0.0
 0.0
 0.0
 0.0
 0.0
 2.09195024850797
 1.1435880248354355
 0.0
 0.0
 0.0
 0.0
 0.0
 0.0
 1.0782512883266004
 0.9985534407165199
 0.0
 0.0
 0.0
 0.0
 0.0
 0.0
 0.0
 0.0
 1.9803599722828795
 1.0
 0.0
 0.0
 0.0
 0.0
 0.0
 0.0
 0.0
 0.0
 0.0
 0.0
 0.07323348264523268
 0.2197004478947598
 0.0
 0.7500000000691939
 2.250000000281011
 0.0
 0.5451818763410311
 1.6355456290604946
 0.0
 0.0
 0.0
 0.0
 0.0
 0.0
 0.0
 0.0
 0.0
 0.0
 0.0
 0.0
 0.0
 0.6315846412247297
 1.8947539237267552
 0.0
 0.0
 0.0
 0.0
 0.0
 0.0
 0.0
 1.2722590198882757
 0.8992945657823513
 0.828446414166333
 0.0
 0.0
 0.0
 0.0
 0.0
 0.0
 0.0
 0.0
 0.0
 0.0
 0.0
 0.0
 0.0
 0.0
 4.690272156286074
 1.7820237485215367
 0.0
 0.0
 0.0
 1.1070797892976887
 0.4206243071463366
 0.0
 0.0
 0.0
 0.0
 0.0
 0.0
 0.0
 0.0
 0.0
 0.0
 0.0
 0.0
 0.0
 0.0
 0.0
 0.0
 0.0
 0.0
 0.0
 0.0
 0.0
 0.0
 0.0
 0.0
 0.0
 0.0
 0.045792577948907065
 0.0
 0.5461816634435369
 0.27309083168999065
 0.0
 0.0
 1.453818336833504
 0.7269091683152025
 0.0
 0.0
 0.0
 0.0
 0.0
 0.0
 0.0
 0.0
 0.0
 0.0
 0.0
 0.0
 0.0
 0.0
 1.7672301289835788
 0.0
 0.0
 0.0
 0.5206414223369722
 0.0
 0.0
 0.0
 0.0
 0.0
 0.0
 0.0
 0.0
 0.0
 0.0
 0.0
 0.0
 0.0
 0.0
 0.0
 0.0
 1.4793585786632855
 0.9735306977197393
 0.5471107239257121
 0.0
 0.0
 0.0
 0.0
 0.0
 0.0
 0.0
 0.0
 0.0
 1.4249941479281552
 0.7124970736601047
 0.0
 0.5750058525134539
 0.28750292613474887
 0.0
 0.0
 0.0
 0.0
 0.0
 0.0
 0.0
 0.0
 0.0
 0.0
 0.0
 0.0
 0.0
 0.0
 0.35425274512321203
 0.5757630268625119
 0.0
 0.0
 0.0
 0.0
 0.0
 0.0
 0.0
 0.0
 0.0
 0.0
 0.0
 0.0
 0.0
 0.0
 0.0
 0.0
 0.0
 0.0
 0.0
 0.0
 0.0
 0.0
 0.0
 0.0
 0.0
 0.0
 0.0
 0.0
 0.0
 0.0
 1.4923227329730402
 2.719583297069014
 0.0
 1.0
x_ij_opt: 1-dimensional DenseAxisArray{Float64,1,...} with index sets:
    Dimension 1, [(43, 30), (43, 22), (43, 6), (44, 22), (45, 30), (45, 29), (45, 28), (45, 24), (45, 23), (40, 29)  …  (5, 7), (5, 14), (6, 4), (6, 3), (1, 14), (1, 10), (1, 23), (1, 1), (3, 2), (3, 1)]
And data, a 116-element Vector{Float64}:
 0.0
 0.2327698717553158
 1.6014094660141764
 0.0
 0.5076772674658434
 0.0
 1.6457472552924808
 0.0
 0.0
 0.0
 0.0
 0.0
 0.0
 0.0
 0.0
 0.0
 0.0
 0.0
 0.26325321735163887
 0.0
 0.0
 0.0
 0.0
 0.0
 0.0
 0.0
 0.0
 2.0
 0.0
 0.0
 0.0
 0.0
 0.0
 0.0
 0.0
 0.0
 0.0
 0.0
 0.0
 0.0
 0.0
 0.0
 0.0
 0.3985905348081756
 0.0
 0.0
 0.0
 0.0
 0.0
 0.0
 0.0
 0.0
 0.0
 0.0
 0.0
 0.7121284488319348
 0.0
 0.20264805591349247
 0.10070543477416669
 1.954207422254957
 0.0
 0.0
 0.0
 0.0
 6.0
 0.0
 0.0
 0.0
 0.0
 0.7367467830223496
 0.0
 0.0
 0.0
 0.0
 0.0
 0.0
 0.42423697344101585
 0.9217487120307032
 0.0
 0.0
 0.0
 0.0
 0.0
 0.0
 0.0
 0.0
 0.0
 0.019640028621600622
 0.0
 0.0
 0.0
 0.0
 2.0866700558859783
 0.0
 0.0
 0.0
 0.0
 0.0
 0.0
 0.0
 0.0
 0.0
 0.0
 0.0
 0.0
 0.7277409806729633
 0.0
 0.0
 0.0
 0.0
 0.0
 0.0
 0.02646930286584711
 2.211653859969244
 0.0
 0.0
x_il_opt: 1-dimensional DenseAxisArray{Float64,1,...} with index sets:
    Dimension 1, [(43, 15), (43, 14), (44, 15), (44, 13), (44, 3), (40, 14), (40, 2), (41, 14), (42, 6), (37, 13)  …  (4, 13), (5, 2), (5, 7), (5, 9), (6, 11), (1, 1), (1, 6), (1, 3), (2, 1), (2, 15)]
And data, a 71-element Vector{Float64}:
 0.0
 0.0
 0.0
 2.137491221788764
 4.497767708062096
 0.9300157717886404
 0.0
 0.0
 0.2929339305533003
 0.8625087787284866
 0.0
 3.0
 0.0
 0.0
 3.0
 0.0
 0.0
 0.0
 6.472295904531196
 0.0
 0.0
 0.0
 3.0
 0.8192724951335274
 2.1807275053557587
 0.0
 1.5277040963856947
 0.0
 2.2878715519571444
 0.0
 2.696646509532414
 0.0
 0.0
 0.0
 0.0
 0.0
 0.0
 0.0
 2.263253217568566
 0.0
 0.0
 0.0
 2.980359972210005
 0.0
 0.0
 2.1807275051487065
 0.0
 2.9999999998368527
 0.0
 0.0
 0.0
 0.0
 0.0
 0.0
 2.0768047289584133
 0.0
 0.0
 0.0
 0.0
 0.0
 0.0
 0.0
 0.0
 0.0
 0.045792577858275736
 0.0
 0.0
 2.526338564894733
 3.235538273311327
 0.0
 5.211906030041578
x_lj_opt: 1-dimensional DenseAxisArray{Float64,1,...} with index sets:
    Dimension 1, [(15, 30), (15, 29), (15, 23), (15, 3), (14, 28), (14, 27), (14, 10), (14, 24), (13, 26), (13, 25)  …  (3, 6), (3, 5), (3, 29), (2, 4), (2, 3), (2, 1), (2, 5), (1, 2), (1, 1), (1, 14)]
And data, a 53-element Vector{Float64}:
 1.492322732832698
 2.719583296801038
 0.0
 1.0
 0.35425274510197546
 0.575763026831755
 0.0
 0.0
 2.0
 0.9999999996806559
 0.0
 1.4793585785142858
 0.9735306976258913
 0.5471107238771056
 1.767230128803685
 0.0
 0.0
 0.0
 0.5206414222768796
 0.0
 0.0
 2.0
 0.9999999999731579
 0.045792578137375924
 0.0
 0.0
 5.797351945038842
 2.202648055469707
 0.0
 0.0
 1.2722590200122497
 0.8992945658768089
 0.8284464142550062
 2.0
 6.0
 0.0
 1.9803599720711877
 0.9999999999993128
 0.0
 0.0
 1.0782512882615891
 0.998553440655857
 0.0
 0.0
 5.000000000675275
 2.7333059804130815
 2.0
 0.0
 0.0
 1.0000000002144493
 2.0
 2.9598997268068223
 0.0
q_opt: 1-dimensional DenseAxisArray{Float64,1,...} with index sets:
    Dimension 1, [(43, 15), (43, 14), (44, 15), (44, 13), (44, 3), (40, 14), (40, 2), (41, 14), (42, 6), (37, 13)  …  (4, 13), (5, 2), (5, 7), (5, 9), (6, 11), (1, 1), (1, 6), (1, 3), (2, 1), (2, 15)]
And data, a 71-element Vector{Float64}:
 0.0
 0.0
 0.0
 0.7124970738993419
 0.5816099504020317
 1.0
 0.0
 0.0
 0.03661674130974336
 0.28750292622823764
 0.0
 1.0
 0.0
 0.0
 0.37500000001752953
 0.0
 0.0
 0.0
 0.8090369880527251
 0.0
 0.0
 0.0
 1.0
 0.2730908316906603
 0.27259093815436364
 0.0
 0.1909630120403387
 0.0
 1.0
 0.0
 0.5436897231866404
 0.0
 0.0
 0.0
 0.0
 0.0
 0.0
 0.0
 0.45631027686125286
 0.0
 0.0
 0.0
 1.0
 0.0
 0.0
 0.7269091683540309
 0.0
 0.9999999999110403
 0.0
 0.0
 0.0
 0.0
 0.0
 0.0
 1.0
 0.0
 0.0
 0.0
 0.0
 0.0
 0.0
 0.0
 0.0
 0.0
 0.9999999958122393
 0.0
 0.0
 0.31579232059581835
 0.41839004964484233
 0.0
 1.0

