objective value: -626.971156067
objective bound: -627.033859452
termination status: OPTIMAL
BARON solution time: 3066.21


w_opt: 1-dimensional DenseAxisArray{Float64,1,...} with index sets:
    Dimension 1, [(25, 1, 2), (25, 1, 1), (25, 1, 14), (20, 1, 2), (20, 1, 1), (20, 1, 14), (1, 1, 2), (1, 1, 1), (1, 1, 14), (2, 1, 2)  …  (20, 15, 23), (20, 15, 3), (8, 15, 30), (8, 15, 29), (8, 15, 23), (8, 15, 3), (2, 15, 30), (2, 15, 29), (2, 15, 23), (2, 15, 3)]
And data, a 261-element Vector{Float64}:
 1.1745314074071949
 0.0
 0.0
 0.8254685925928053
 0.0
 0.0
 0.0
 0.0
 0.0
 0.0
 0.0
 0.0
 0.0
 0.0
 0.0
 0.0
 1.9609652471908412
 0.0
 0.0
 1.0390347528091588
 0.0
 0.0
 0.0
 0.0
 0.0
 0.0
 0.0
 0.0
 0.0
 0.8622702518623013
 0.5076848471560464
 0.0
 0.0
 0.0
 0.0
 4.09869499532854
 2.4132171297206244
 0.0
 0.0
 0.0
 0.0
 0.0
 0.0
 0.0
 0.0
 0.0
 0.0
 0.0
 0.0
 1.0302093640875052
 0.0
 0.03903475280915871
 0.0
 0.0
 0.0
 0.0
 0.0
 0.0
 0.0
 1.9804866602100657
 1.0
 0.0
 0.0
 0.0
 0.0
 0.0
 0.0
 0.0
 0.0
 0.0
 0.0
 0.09390519103821471
 0.281715573114644
 0.0
 0.75
 2.25
 0.0
 0.5281147078906505
 1.5843441236719515
 0.0
 0.0
 0.0
 0.0
 0.0
 0.0
 0.0
 0.0
 0.0
 0.0
 0.0
 0.0
 0.0
 0.6279801010711348
 1.8839403032134046
 0.0
 0.0
 0.0
 0.0
 0.0
 0.0
 0.0
 1.6791011842043986
 0.8089784115110623
 0.5119204042845391
 0.0
 0.0
 0.0
 0.0
 0.0
 0.0
 0.0
 0.0
 0.0
 0.0
 0.0
 0.0
 0.0
 0.0
 4.044426214593537
 3.0486308038282157
 0.0
 0.0
 0.0
 0.5171297772677867
 0.3898132043104601
 0.0
 0.0
 0.0
 0.0
 0.0
 0.0
 0.0
 0.0
 0.0
 0.0
 0.0
 0.0
 0.0
 0.0
 0.0
 0.0
 0.0
 0.0
 0.0
 0.0
 0.0
 0.0
 0.42164951988445587
 0.2017294447181604
 0.0
 0.0
 0.0
 0.0
 0.5916941122915987
 0.2958470561457993
 0.0
 0.0
 1.4083058877084014
 0.7041529438542007
 0.0
 0.0
 0.0
 0.0
 0.0
 0.0
 0.0
 0.0
 0.0
 0.0
 0.0
 0.0
 0.0
 0.0
 2.0
 0.0
 0.0
 0.0
 0.3599935012072215
 0.0
 0.0
 0.0
 0.0
 0.0
 0.0
 0.0
 0.0
 0.0
 0.0
 0.0
 0.0
 0.0
 0.0
 0.0
 0.0
 1.6400064987927785
 1.0
 0.3599935012072215
 0.0
 0.0
 0.0
 0.0
 0.0
 0.0
 0.0
 0.0
 0.0
 1.5207789547812898
 0.7603894773906449
 0.0
 0.47922104507572133
 0.23961052260935514
 0.0
 0.0
 0.0
 0.0
 0.0
 0.0
 0.0
 0.0
 0.0
 0.0
 0.0
 0.0
 0.0
 0.0
 0.2742431294675227
 0.6767913014359268
 0.0
 0.0
 0.0
 0.0
 0.0
 0.0
 0.0
 0.0
 0.0
 0.0
 0.0
 0.0
 0.0
 0.0
 0.0
 0.0
 0.0
 0.0
 0.0
 0.0
 0.0
 0.0
 0.0
 0.0
 0.0
 0.0
 0.0
 0.0
 0.0
 0.0
 1.3814191267339289
 2.7191045219161074
 0.0
 1.0
x_ij_opt: 1-dimensional DenseAxisArray{Float64,1,...} with index sets:
    Dimension 1, [(43, 30), (43, 22), (43, 6), (44, 22), (45, 30), (45, 29), (45, 28), (45, 24), (45, 23), (40, 29)  …  (5, 7), (5, 14), (6, 4), (6, 3), (1, 14), (1, 10), (1, 23), (1, 1), (3, 2), (3, 1)]
And data, a 116-element Vector{Float64}:
 0.0
 0.0
 1.4615959973912087
 0.0
 0.6185808732660708
 0.0
 1.7257568700556534
 0.0
 0.0
 0.0
 0.0
 0.0
 0.0
 0.0
 0.0
 0.0
 0.0
 0.0
 0.0
 0.0
 0.0
 0.0
 0.0
 0.0
 0.0
 0.0
 0.0
 2.0
 0.0
 0.0
 0.0
 0.0
 0.0
 0.0
 0.0
 0.0
 0.0
 0.0
 0.0
 0.0
 0.0
 0.0
 0.0
 0.5384040026087913
 0.0
 0.0
 0.0
 0.0
 0.0
 0.0
 0.0
 0.0
 0.0
 0.0
 0.0
 0.6400064987927785
 0.0
 1.0110680395012512
 0.1910215884889377
 1.5783504801155441
 0.0
 0.0
 0.0
 0.0
 6.0
 0.0
 0.42737596863742483
 0.0
 0.0
 0.7982705552818397
 0.0
 0.0
 0.0
 0.0
 0.0
 0.0
 0.3232086968253826
 0.9697906359124949
 0.0
 0.0
 0.0
 0.0
 0.0
 0.0
 0.0
 0.0
 0.0
 0.019513339789934303
 0.0
 0.0
 0.0
 0.0
 0.0
 0.0
 0.0
 0.0
 0.0
 0.0
 0.0
 0.0
 0.0
 0.0
 0.0
 0.0
 0.0
 0.3208988157956014
 0.0
 0.0
 0.0
 0.0
 0.0
 0.0
 0.0
 5.488079595715461
 0.0
 0.0
x_il_opt: 1-dimensional DenseAxisArray{Float64,1,...} with index sets:
    Dimension 1, [(43, 15), (43, 14), (44, 15), (44, 13), (44, 3), (40, 14), (40, 2), (41, 14), (42, 6), (37, 13)  …  (4, 13), (5, 2), (5, 7), (5, 9), (6, 11), (1, 1), (1, 6), (1, 3), (2, 1), (2, 15)]
And data, a 71-element Vector{Float64}:
 0.0
 0.0
 0.0
 2.2811684321719348
 1.3699550990183478
 0.9510344309034495
 0.0
 0.0
 0.3756207641528587
 0.7188315676850765
 0.0
 3.0
 0.0
 0.0
 3.0
 0.0
 0.0
 0.0
 7.093057018421753
 0.0
 0.0
 0.0
 3.0
 0.887541168437398
 2.112458831562602
 0.0
 0.9069429815782468
 0.0
 2.3599935012072217
 0.6233789646026162
 1.1745314074071949
 0.0
 0.0
 0.0
 0.0
 0.0
 0.0
 0.0
 0.8254685925928053
 0.0
 0.0
 0.0
 2.9804866602100657
 0.0
 0.0
 2.112458831562602
 0.0
 3.0
 0.0
 0.0
 0.0
 0.0
 0.0
 0.0
 1.069244116896664
 0.0
 0.0
 6.5119121250491645
 0.0
 0.0
 0.0
 0.0
 0.0
 0.0
 0.0
 0.0
 0.0
 2.511920404284539
 0.0
 0.0
 5.100523648650036
x_lj_opt: 1-dimensional DenseAxisArray{Float64,1,...} with index sets:
    Dimension 1, [(15, 30), (15, 29), (15, 23), (15, 3), (14, 28), (14, 27), (14, 10), (14, 24), (13, 26), (13, 25)  …  (3, 6), (3, 5), (3, 29), (2, 4), (2, 3), (2, 1), (2, 5), (1, 2), (1, 1), (1, 14)]
And data, a 53-element Vector{Float64}:
 1.3814191267339293
 2.7191045219161074
 0.0
 1.0
 0.27424312994434663
 0.6767913031746173
 0.0
 0.0
 2.0
 1.0
 0.0
 1.6400064987927785
 1.0
 0.3599935012072215
 2.0
 0.0
 0.0
 0.0
 0.3599935012072215
 0.0
 0.0
 2.0
 1.0
 0.42164951988445587
 0.2017294447181604
 0.0
 4.561555991861324
 3.438444008138676
 0.0
 0.0
 1.6791011842043986
 0.8089784115110623
 0.5119204042845391
 2.0
 6.0
 0.0
 1.9804866602100657
 1.0
 0.0
 0.0
 1.0302093640875052
 0.0
 0.03903475280915871
 0.0
 4.960965247190841
 2.920901976876671
 1.9609652471908412
 0.0
 0.0
 1.0390347528091588
 2.0
 0.0
 0.0
q_opt: 1-dimensional DenseAxisArray{Float64,1,...} with index sets:
    Dimension 1, [(43, 15), (43, 14), (44, 15), (44, 13), (44, 3), (40, 14), (40, 2), (41, 14), (42, 6), (37, 13)  …  (4, 13), (5, 2), (5, 7), (5, 9), (6, 11), (1, 1), (1, 6), (1, 3), (2, 1), (2, 15)]
And data, a 71-element Vector{Float64}:
 0.0
 0.0
 0.0
 0.7603894773906449
 0.17381098413268747
 0.9999999982613095
 0.0
 0.0
 0.04695259551910733
 0.23961052260935514
 0.0
 1.0
 0.0
 0.0
 0.375
 0.0
 0.0
 0.0
 0.8866321273027191
 0.0
 0.0
 0.0
 1.0
 0.2958470561457993
 0.2640573539453253
 0.0
 0.11336787269728084
 0.0
 0.9999999999999999
 1.0
 0.5872657037035974
 0.0
 0.0
 0.0
 0.0
 0.0
 0.0
 0.0
 0.4127342962964026
 0.0
 0.0
 0.0
 1.0
 0.0
 0.0
 0.7041529438542007
 0.0
 1.0
 0.0
 0.0
 0.0
 0.0
 0.0
 0.0
 1.0
 0.0
 0.0
 0.8261890158673126
 0.0
 0.0
 0.0
 0.0
 0.0
 0.0
 0.0
 0.0
 0.0
 0.3139900505355674
 0.0
 0.0
 1.0000000000000002

