objective value: -629.744945202
objective bound: -637.156058634
termination status: TIME_LIMIT
BARON solution time: 7227.51


w_opt: 1-dimensional DenseAxisArray{Float64,1,...} with index sets:
    Dimension 1, [(25, 1, 2), (25, 1, 1), (25, 1, 14), (20, 1, 2), (20, 1, 1), (20, 1, 14), (1, 1, 2), (1, 1, 1), (1, 1, 14), (2, 1, 2)  …  (20, 15, 23), (20, 15, 3), (8, 15, 30), (8, 15, 29), (8, 15, 23), (8, 15, 3), (2, 15, 30), (2, 15, 29), (2, 15, 23), (2, 15, 3)]
And data, a 261-element Vector{Float64}:
 0.9536380958241827
 1.3898546772640556
 0.0
 0.9484442309301566
 1.3822850159348274
 0.0
 0.0
 0.0
 0.0
 0.0
 0.0
 0.0
 0.0
 0.0
 0.0
 0.0
 1.9997882242942593
 0.0
 0.0
 1.0002117758640852
 0.0
 0.0
 0.0
 0.0
 0.0
 0.0
 0.0
 0.0
 0.8138877349658885
 3.094336414616772
 1.0429238196817328
 0.0
 0.0
 0.0
 0.0
 0.0
 0.0
 0.0
 0.0
 0.0
 0.501181400627408
 1.9054518107069212
 0.642218819919897
 0.13703183842782243
 0.4595325402156874
 2.7393897019754215e-5
 0.0
 0.0
 0.0
 0.9223338088839838
 3.093021322533868
 0.00018438244224455505
 0.0
 0.0
 0.0
 0.0
 0.0
 0.0
 0.0
 2.0
 0.9999999999848063
 0.0
 0.0
 0.0
 0.0
 0.0
 0.0
 0.0
 0.0
 0.0
 0.0
 0.07931032027656867
 0.23793096086256518
 0.0
 0.750000000257536
 2.2500000006970406
 0.0
 0.542044207302482
 1.6261326218657608
 0.0
 0.0
 0.0
 0.0
 0.0
 0.0
 0.0
 0.0
 0.0
 0.0
 0.0
 0.0
 0.0
 0.6286454723682091
 1.8859364170488413
 0.0
 0.0
 0.0
 0.0
 0.0
 0.0
 0.0
 2.0
 0.9492154804199455
 0.050784519691131465
 0.0
 0.0
 0.0
 0.0
 0.0
 0.0
 0.0
 0.0
 0.0
 0.0
 0.0
 0.0
 0.0
 0.0
 5.425063976779787
 1.7624364462093005
 0.0
 0.04591821183938154
 0.0
 0.5749360241920861
 0.1867790328871792
 0.0
 0.004866308276234505
 0.0
 0.0
 0.0
 0.0
 0.0
 0.0
 0.0
 0.0
 0.0
 0.0
 0.0
 0.0
 0.0
 0.0
 0.0
 0.0
 0.0
 0.0
 0.0
 0.0
 0.0
 0.0
 0.0
 0.0
 0.033640877229716516
 0.0
 0.554548780874382
 0.2772743903900676
 0.0
 0.0
 1.4454512194220122
 0.7227256095955173
 0.0
 0.0
 0.0
 0.0
 0.0
 0.0
 0.0
 0.0
 0.0
 0.0
 0.0
 0.0
 0.0
 0.0
 2.0
 0.0
 0.0
 0.0
 0.5017693397246022
 0.0
 0.0
 0.0
 0.0
 0.0
 0.0
 0.0
 0.0
 0.0
 0.0
 0.0
 0.0
 0.0
 0.0
 0.0
 0.0
 1.498230661253327
 1.0
 0.5017693390434935
 0.0
 0.0
 0.0
 0.0
 0.0
 0.0
 0.0
 0.0
 0.0
 1.485838728470022
 0.7811642577840224
 0.07648978700447924
 0.0
 0.0
 0.0
 0.0
 0.0
 0.0
 0.4162435979969946
 0.2188357424313075
 0.021427886839509747
 0.0
 0.0
 0.0
 0.0
 0.0
 0.0
 0.0
 0.5477738671648953
 0.5644767860326697
 0.0
 0.0
 0.0
 0.0
 0.0
 0.0
 0.0
 0.0
 0.0
 0.0
 0.0
 0.0
 0.0
 0.0
 0.0
 0.0
 0.0
 0.0
 0.0
 0.0
 0.0
 0.0
 0.0
 0.0
 0.0
 0.0
 0.0
 0.0
 0.0
 0.0
 1.1397066890114438
 3.8130880229426203
 0.0
 0.8491845960052704
x_ij_opt: 1-dimensional DenseAxisArray{Float64,1,...} with index sets:
    Dimension 1, [(43, 30), (43, 22), (43, 6), (44, 22), (45, 30), (45, 29), (45, 28), (45, 24), (45, 23), (40, 29)  …  (5, 7), (5, 14), (6, 4), (6, 3), (1, 14), (1, 10), (1, 23), (1, 1), (3, 2), (3, 1)]
And data, a 116-element Vector{Float64}:
 0.0
 0.0
 0.4162967506583922
 0.0
 0.86029331140022
 0.0
 1.4522261332012374
 0.0
 0.0
 0.0
 0.0
 0.0
 0.0
 0.0
 0.0
 0.0
 0.0
 0.0
 0.1331750969356509
 0.0
 2.8668249035603695
 0.0
 0.0
 0.0
 0.09791767421562002
 0.0
 0.0
 2.0
 0.0
 0.0
 0.0
 0.0
 0.0
 0.0
 0.0
 0.0
 0.0
 0.0
 0.0
 0.0
 0.0
 0.0
 0.0
 0.2686341145711166
 0.0
 0.0
 0.0
 0.0
 0.0
 0.0
 0.0
 0.0
 0.0
 0.0
 0.0
 0.4982306593129465
 0.0
 0.0
 0.0
 1.9663591230814665
 0.19755414935851912
 0.0
 0.0
 0.0
 6.0
 0.0
 0.0
 0.0
 0.0
 0.6692707539830726
 0.0
 0.0
 0.0
 0.0
 0.0
 0.0
 0.4355232142038092
 0.9406343530295113
 0.0
 0.0
 0.0
 0.0
 0.0
 0.0
 0.0
 0.0
 0.0
 0.0
 0.0
 0.0
 0.0
 0.0
 0.0
 0.0
 0.0
 0.0
 0.0
 0.0
 0.0
 0.15081540456988793
 0.0
 0.0
 0.0
 0.0
 0.0
 0.0
 0.0
 0.0
 0.0
 0.0
 0.0
 0.0
 0.0
 0.31025088470391554
 0.0
 0.0
x_il_opt: 1-dimensional DenseAxisArray{Float64,1,...} with index sets:
    Dimension 1, [(43, 15), (43, 14), (44, 15), (44, 13), (44, 3), (40, 14), (40, 2), (41, 14), (42, 6), (37, 13)  …  (4, 13), (5, 2), (5, 7), (5, 9), (6, 11), (1, 1), (1, 6), (1, 3), (2, 1), (2, 15)]
And data, a 71-element Vector{Float64}:
 0.0
 0.0
 0.0
 2.343492773258524
 4.951147969264393
 1.1122506533993557
 0.0
 0.0
 0.31724128122340783
 0.0
 0.0
 3.0
 0.0
 0.0
 3.0
 0.0
 0.0
 0.0
 7.233418635082959
 0.0
 0.5965917725405296
 0.0
 3.0
 0.8318231712644496
 2.168176829222127
 0.0
 0.7665813656913738
 0.0
 2.501769341385633
 0.0
 2.343492773105729
 0.6565072272678119
 0.0
 0.0
 0.0
 0.0
 0.0
 0.0
 2.330729246882743
 0.0
 0.0
 0.0
 3.0
 0.0
 0.0
 2.1681768290175296
 0.0
 3.0
 0.0
 0.0
 0.0
 0.0
 0.0
 0.0
 4.015539513860096
 0.0
 0.0
 0.0
 0.0
 0.0
 0.0
 0.0
 0.0
 0.0
 0.03364087723464161
 0.0
 0.0
 2.5145818894653216
 3.048852031254226
 0.0
 5.801979308085252
x_lj_opt: 1-dimensional DenseAxisArray{Float64,1,...} with index sets:
    Dimension 1, [(15, 30), (15, 29), (15, 23), (15, 3), (14, 28), (14, 27), (14, 10), (14, 24), (13, 26), (13, 25)  …  (3, 6), (3, 5), (3, 29), (2, 4), (2, 3), (2, 1), (2, 5), (1, 2), (1, 1), (1, 14)]
And data, a 53-element Vector{Float64}:
 1.139706688897338
 3.813088022555316
 0.0
 0.8491845959202513
 0.5477738671917609
 0.5644767860603547
 0.0
 0.0
 1.9020823261800366
 1.0
 0.09791767386165734
 1.498230661113814
 1.0
 0.5017693390111069
 1.99999999999993
 0.0
 0.0
 0.0
 0.5017693396756377
 0.0
 0.0
 2.0
 0.9999999999443762
 0.033640877309331
 0.0
 0.0
 6.0
 1.9492154790833505
 0.0
 0.05078452024278781
 2.0
 0.9492154803823863
 0.05078451967907253
 2.0
 6.0
 0.0
 2.0
 0.9999999999419007
 0.0
 0.0
 1.0593656472600719
 3.5525538625760733
 0.00021177620594519083
 1.3150691355410236
 4.999788225042565
 1.6851426395263718
 1.9997882241830325
 0.0
 0.0
 1.0002117758466458
 1.9020823266207119
 2.7721396930039
 0.0
q_opt: 1-dimensional DenseAxisArray{Float64,1,...} with index sets:
    Dimension 1, [(43, 15), (43, 14), (44, 15), (44, 13), (44, 3), (40, 14), (40, 2), (41, 14), (42, 6), (37, 13)  …  (4, 13), (5, 2), (5, 7), (5, 9), (6, 11), (1, 1), (1, 6), (1, 3), (2, 1), (2, 15)]
And data, a 71-element Vector{Float64}:
 0.0
 0.0
 0.0
 0.7811642577332176
 0.6188934961517489
 0.999999999950955
 0.0
 0.0
 0.039655160141715724
 0.0
 0.0
 1.0
 0.0
 0.0
 0.3750000001118116
 0.0
 0.0
 0.0
 0.9041773293737402
 0.0
 0.12935272989287463
 0.0
 1.0
 0.27727439041157276
 0.2710221036406718
 0.0
 0.09582267069486415
 0.0
 1.0
 0.0
 0.5013653102589306
 0.21883574242594386
 0.0
 0.0
 0.0
 0.0
 0.0
 0.0
 0.4986346898113637
 0.0
 0.0
 0.0
 1.0
 0.0
 0.0
 0.7227256096417581
 0.0
 1.0
 0.0
 0.0
 0.0
 0.0
 0.0
 0.0
 0.8706472701559604
 0.0
 0.0
 0.0
 0.0
 0.0
 0.0
 0.0
 0.0
 0.0
 0.9999999976334005
 0.0
 0.0
 0.3143227361708777
 0.38110650390374634
 0.0
 1.0

