objective value: -624.610771519
objective bound: -635.598892514
termination status: TIME_LIMIT
BARON solution time: 7227.26


w_opt: 1-dimensional DenseAxisArray{Float64,1,...} with index sets:
    Dimension 1, [(25, 1, 2), (25, 1, 1), (25, 1, 14), (20, 1, 2), (20, 1, 1), (20, 1, 14), (1, 1, 2), (1, 1, 1), (1, 1, 14), (2, 1, 2)  …  (20, 15, 23), (20, 15, 3), (8, 15, 30), (8, 15, 29), (8, 15, 23), (8, 15, 3), (2, 15, 30), (2, 15, 29), (2, 15, 23), (2, 15, 3)]
And data, a 261-element Vector{Float64}:
 1.1440380255986777
 1.8559619747061558
 0.0
 0.8559619720687196
 1.3886189413351544
 0.0
 0.0
 0.0
 0.0
 0.0
 0.0
 0.0
 0.0
 0.0
 0.0
 0.0
 1.9514546507113737
 0.0
 0.0
 1.0485453497083315
 0.0
 0.0
 0.0
 0.0
 0.0
 0.0
 0.0
 0.0
 0.0
 2.339094540412543
 1.0290923858820913
 0.0
 0.0
 0.0
 0.0
 1.189669135496859
 0.5233988741809962
 0.0
 0.0
 0.0
 0.0
 1.4226909755421124
 0.6259176040538399
 0.22638706934978495
 0.8013729530513156
 0.010815858501990823
 0.0
 0.0
 0.0
 0.7897171514484451
 2.7954686968167697
 0.037729491314385875
 0.0
 0.0
 0.0
 0.0
 0.0
 0.0
 0.0
 2.0
 1.0
 0.0
 0.0
 0.0
 0.0
 0.0
 0.0
 0.0
 0.0
 0.0
 0.0
 0.0
 0.0
 0.0
 0.5901196558549506
 1.7703589674409101
 0.0
 0.5040274812579841
 1.5120824436617526
 0.0
 0.0
 0.0
 0.0
 0.0
 0.0
 0.0
 0.0
 0.0
 0.0
 0.0
 0.0
 0.0
 0.9058528632421109
 2.717558589561378
 0.0
 0.0
 0.0
 0.0
 0.0
 0.0
 0.0
 1.68355226104912
 0.8890086228935762
 0.4274391163219275
 0.0
 0.0
 0.0
 0.0
 0.0
 0.0
 0.0
 0.0
 0.0
 0.0
 0.0
 0.0
 0.0
 0.0
 3.958469676452849
 1.2462638913102966
 0.0
 0.07322600056076332
 0.0
 2.0415303247186087
 0.6427447308405859
 0.0
 0.03776537726733669
 0.0
 0.0
 0.0
 0.0
 0.0
 0.0
 0.0
 0.0
 0.0
 0.0
 0.0
 0.0
 0.0
 0.0
 0.0
 0.0
 0.0
 0.0
 0.0
 0.0
 0.0
 0.0
 0.0
 0.0
 0.0
 0.0
 0.6559267170933535
 0.3279633584954868
 0.0
 0.0
 1.3440732832013291
 0.6720366414957908
 0.0
 0.0
 0.0
 0.0
 0.0
 0.0
 0.0
 0.0
 0.0
 0.0
 0.0
 0.0
 0.0
 0.0
 2.0
 0.0
 0.0
 0.0
 0.48585027070115094
 0.0
 0.0
 0.0
 0.0
 0.0
 0.0
 0.0
 0.0
 0.0
 0.0
 0.0
 0.0
 0.0
 0.0
 0.0
 0.0
 1.5141497302745128
 1.0
 0.4858502700235621
 0.0
 0.0
 0.0
 0.0
 0.0
 0.0
 0.0
 0.0
 0.0
 1.479421193851634
 0.7397105946130129
 0.0
 0.5205788066354138
 0.2602894025055649
 0.0
 0.0
 0.0
 0.0
 0.0
 0.0
 0.0
 0.0
 0.0
 0.0
 0.0
 0.0
 0.0
 0.0
 0.5628156035585683
 0.7873245956178583
 0.0
 0.0
 0.0
 0.0
 0.0
 0.0
 0.0
 0.0
 0.0
 0.0
 0.0
 0.0
 0.0
 0.0
 0.0
 0.0
 0.0
 0.0
 0.0
 0.0
 0.0
 0.0
 0.0
 0.0
 0.0
 0.0
 0.0
 0.0
 0.0
 0.0
 1.1437829553687602
 3.335740867411506
 0.0
 1.0
x_ij_opt: 1-dimensional DenseAxisArray{Float64,1,...} with index sets:
    Dimension 1, [(43, 30), (43, 22), (43, 6), (44, 22), (45, 30), (45, 29), (45, 28), (45, 24), (45, 23), (40, 29)  …  (5, 7), (5, 14), (6, 4), (6, 3), (1, 14), (1, 10), (1, 23), (1, 1), (3, 2), (3, 1)]
And data, a 116-element Vector{Float64}:
 0.0
 0.0
 1.6413011278380285
 0.0
 0.856217045043542
 0.0
 1.4371843968604396
 0.0
 0.0
 0.0
 0.0
 0.0
 0.0
 0.0
 0.0
 0.0
 0.0
 0.0
 0.24458091301947893
 0.0
 0.0
 0.0
 0.0
 0.0
 0.0
 0.0
 0.0
 2.0
 0.0
 0.0
 0.0
 0.0
 0.0
 0.0
 0.0
 0.0
 0.0
 0.0
 0.0
 0.0
 0.0
 0.0
 0.0
 0.35869887299626174
 0.0
 0.0
 0.0
 0.0
 0.0
 0.0
 0.0
 0.0
 0.0
 0.0
 0.0
 0.5141497293186318
 0.0
 0.0
 0.0
 2.0
 0.0
 0.0
 0.0
 0.0
 6.0
 0.0
 0.0
 0.0
 0.0
 0.755419087353077
 0.0
 0.0
 0.0
 0.0
 0.0
 0.0
 0.2126754046929637
 0.9838957795430403
 0.0
 0.0
 0.0
 0.0
 0.0
 0.0
 0.0
 0.0
 0.0
 0.0
 0.0
 0.0
 0.0
 0.0
 0.0
 0.0
 0.0
 0.0
 0.0
 0.0
 0.0
 0.0
 0.0
 0.0
 0.0
 0.0
 0.0
 0.3164477397313275
 0.0
 0.0
 0.0
 0.0
 0.0
 0.0
 0.0
 2.327979968866117
 0.0
 0.0
x_il_opt: 1-dimensional DenseAxisArray{Float64,1,...} with index sets:
    Dimension 1, [(43, 15), (43, 14), (44, 15), (44, 13), (44, 3), (40, 14), (40, 2), (41, 14), (42, 6), (37, 13)  …  (4, 13), (5, 2), (5, 7), (5, 9), (6, 11), (1, 1), (1, 6), (1, 3), (2, 1), (2, 15)]
And data, a 71-element Vector{Float64}:
 0.0
 0.0
 0.0
 2.219131790647129
 3.3681869262946345
 1.3501401991764266
 0.0
 0.0
 0.0
 0.7808682099132306
 0.0
 3.0
 0.0
 0.0
 2.360478623295861
 0.0
 0.0
 0.0
 5.277959568323909
 0.0
 1.0385758809030914
 0.0
 3.0
 0.9838900755888402
 2.0161099249197365
 0.0
 2.7220404328265313
 0.0
 2.48585027159527
 0.0
 3.0
 0.0
 0.0
 0.0
 0.0
 0.0
 0.0
 0.0
 2.244580913403874
 0.0
 0.0
 0.0
 3.0
 0.0
 0.0
 2.01610992469712
 0.0
 3.0
 0.0
 0.0
 0.0
 0.0
 0.0
 0.0
 3.6229153395796003
 0.0
 0.0
 1.7130680096778552
 0.0
 0.0
 0.0
 0.0
 0.0
 0.0
 0.0
 0.0
 0.0
 3.623411452803489
 2.0486085795959523
 0.0
 5.4795238227802665
x_lj_opt: 1-dimensional DenseAxisArray{Float64,1,...} with index sets:
    Dimension 1, [(15, 30), (15, 29), (15, 23), (15, 3), (14, 28), (14, 27), (14, 10), (14, 24), (13, 26), (13, 25)  …  (3, 6), (3, 5), (3, 29), (2, 4), (2, 3), (2, 1), (2, 5), (1, 2), (1, 1), (1, 14)]
And data, a 53-element Vector{Float64}:
 1.1437829552547476
 3.3357408670786106
 0.0
 0.9999999999980705
 0.5628156035334624
 0.7873245955827367
 0.0
 0.0
 2.0
 0.9999999969662
 0.0
 1.514149730123613
 0.9999999999990293
 0.48585026997497255
 2.0
 0.0
 0.0
 0.0
 0.48585027066817865
 0.0
 0.0
 2.0
 0.9999999999422657
 0.0
 0.0
 0.0
 6.0
 1.8890086219681066
 0.0
 0.11099137781595196
 1.683552260954614
 0.8890086228436718
 0.42743911629793313
 2.0
 6.0
 0.0
 2.0
 0.9999999999995935
 0.0
 0.0
 1.016104220747529
 3.596841649688248
 0.04854534981416865
 0.0
 4.951454651253423
 2.178408864039976
 1.9514546505760624
 0.0
 0.0
 1.048545349635627
 1.9999999975467573
 3.244580915845876
 0.0
q_opt: 1-dimensional DenseAxisArray{Float64,1,...} with index sets:
    Dimension 1, [(43, 15), (43, 14), (44, 15), (44, 13), (44, 3), (40, 14), (40, 2), (41, 14), (42, 6), (37, 13)  …  (4, 13), (5, 2), (5, 7), (5, 9), (6, 11), (1, 1), (1, 6), (1, 3), (2, 1), (2, 15)]
And data, a 71-element Vector{Float64}:
 0.0
 0.0
 0.0
 0.7397105968519222
 0.4724055262872675
 1.0
 0.0
 0.0
 0.0
 0.2602894032912463
 0.0
 1.0
 0.0
 0.0
 0.2950598278971623
 0.0
 0.0
 0.0
 0.6597449460107976
 0.0
 0.2227990640402031
 0.0
 1.0
 0.3279633585144361
 0.2520137406015046
 0.0
 0.340255054085052
 0.0
 1.0
 0.21318819915508272
 0.5720190135010462
 0.0
 0.1641062500642171
 0.0
 0.0
 0.0
 0.0
 0.0
 0.4279809865593871
 0.0
 0.0
 0.0
 1.0
 0.0
 0.0
 0.6720366415345786
 0.0
 1.0
 0.0
 0.0
 0.0
 0.0
 0.0
 0.0
 0.7772009360098212
 0.0
 0.0
 0.24026659220156085
 0.0
 0.0
 0.0
 0.0
 0.0
 0.0
 0.6227055507807002
 0.0
 0.0
 0.45292643158089235
 0.2873278815514019
 0.0
 1.0

