objective value: -633.736014036
objective bound: -633.79939396
termination status: OPTIMAL
BARON solution time: 42.96


w_opt: 1-dimensional DenseAxisArray{Float64,1,...} with index sets:
    Dimension 1, [(25, 1, 2), (25, 1, 1), (25, 1, 14), (20, 1, 2), (20, 1, 1), (20, 1, 14), (1, 1, 2), (1, 1, 1), (1, 1, 14), (2, 1, 2)  …  (20, 15, 23), (20, 15, 3), (8, 15, 30), (8, 15, 29), (8, 15, 23), (8, 15, 3), (2, 15, 30), (2, 15, 29), (2, 15, 23), (2, 15, 3)]
And data, a 261-element Vector{Float64}:
 1.2325336706424506
 0.0
 0.0
 0.767466324619505
 0.0
 0.0
 0.0
 0.0
 0.0
 0.0
 0.0
 0.0
 0.0
 0.0
 0.0
 0.0
 1.999999998361635
 0.0
 0.0
 1.0000000010120351
 0.0
 0.0
 0.0
 0.0
 0.0
 0.0
 0.0
 0.0
 0.0
 0.8017842600798291
 0.39838621114058115
 0.0
 0.0
 0.0
 0.0
 4.198215738987507
 2.085986648920041
 0.0
 0.0
 0.0
 0.0
 0.0
 0.0
 0.0
 0.0
 0.0
 0.0
 0.0
 0.0
 1.2012717057110867
 1.2851177613631746
 0.0
 0.0
 0.0
 0.0
 0.0
 0.0
 0.0
 0.0
 1.9999999998079456
 0.999999999173149
 0.0
 0.0
 0.0
 0.0
 0.0
 0.0
 0.0
 0.0
 0.0
 0.0
 0.17931436827344122
 0.5379431048136547
 0.0
 0.7499999996688206
 2.249999998907719
 0.0
 0.5571672504416817
 1.6715017512596855
 0.0
 0.0
 0.0
 0.0
 0.0
 0.0
 0.0
 0.0
 0.0
 0.0
 0.0
 0.0
 0.0
 0.5135183815080944
 1.54055514446616
 0.0
 0.0
 0.0
 0.0
 0.0
 0.0
 0.0
 1.9999999984910342
 0.9189659843053216
 0.054073525578172396
 0.0
 0.0
 0.0
 0.0
 0.0
 0.0
 0.0
 0.0
 0.0
 0.0
 0.0
 0.0
 0.0
 0.0
 4.840075738622446
 2.600746689533738
 0.0
 0.0
 0.0
 0.3637315378994534
 0.1954460309640942
 0.0
 0.0
 0.0
 0.0
 0.0
 0.0
 0.0
 0.0
 0.0
 0.0
 0.0
 0.0
 0.0
 0.0
 0.0
 0.0
 0.0
 0.0
 0.0
 0.0
 0.0
 0.0
 0.6351726003821634
 0.21284648874346296
 0.0
 0.0
 0.0
 0.0
 0.5142206658240989
 0.2571103325446625
 0.0
 0.0
 1.4857793339990502
 0.7428896659427746
 0.0
 0.0
 0.0
 0.0
 0.0
 0.0
 0.0
 0.0
 0.0
 0.0
 0.0
 0.0
 0.0
 0.0
 1.9999999976546534
 0.0
 0.0
 0.0
 0.23442542176213696
 0.0
 0.0
 0.0
 0.0
 0.0
 0.0
 0.0
 0.0
 0.0
 0.0
 0.0
 0.0
 0.0
 0.0
 0.0
 0.0
 1.7655745784439492
 0.9999999997577359
 0.23442542180458673
 0.0
 0.0
 0.0
 0.0
 0.0
 0.0
 0.0
 0.0
 0.0
 1.388857069241997
 0.6944285296867764
 0.0
 0.5829959284028478
 0.2914979621236038
 0.0
 0.0
 0.0
 0.0
 0.028147002035569496
 0.01407350091211608
 0.0
 0.0
 0.0
 0.0
 0.0
 0.0
 0.0
 0.0
 0.48900314642078946
 0.5380402219508201
 0.0
 0.0
 0.0
 0.0
 0.0
 0.0
 0.0
 0.0
 0.0
 0.0
 0.0
 0.0
 0.0
 0.0
 0.0
 0.0
 0.0
 0.0
 0.0
 0.0
 0.0
 0.0
 0.0
 0.0
 0.0
 0.0
 0.0
 0.0
 0.0
 0.0
 1.4653102381230507
 3.2812017184109825
 0.0
 0.9999999998421434
x_ij_opt: 1-dimensional DenseAxisArray{Float64,1,...} with index sets:
    Dimension 1, [(43, 30), (43, 22), (43, 6), (44, 22), (45, 30), (45, 29), (45, 28), (45, 24), (45, 23), (40, 29)  …  (5, 7), (5, 14), (6, 4), (6, 3), (1, 14), (1, 10), (1, 23), (1, 1), (3, 2), (3, 1)]
And data, a 116-element Vector{Float64}:
 0.0
 0.0
 1.4408224277169965
 0.0
 0.5346897620672555
 0.0
 1.5109968500772546
 0.0
 0.0
 0.0
 0.0
 0.0
 0.0
 0.0
 0.0
 0.0
 0.0
 0.0
 0.0
 0.0
 0.0
 0.0
 0.0
 0.0
 0.0
 0.0
 0.0
 1.9999999956106764
 0.0
 0.0
 0.0
 0.0
 0.0
 0.0
 0.0
 0.0
 0.0
 0.0
 0.0
 0.0
 0.0
 0.0
 0.0
 0.5591775706933347
 0.0
 0.0
 0.0
 0.0
 0.0
 0.0
 0.0
 0.0
 0.0
 0.0
 0.0
 0.7655745785645154
 0.0
 0.7961927215048247
 0.08103401511346331
 1.364827398192019
 0.0
 0.0
 0.0
 0.0
 6.0
 0.0
 0.0
 0.0
 0.0
 0.7871535102192317
 0.0
 0.0
 0.0
 0.0
 0.0
 0.0
 0.4619597732078657
 0.7987282923744137
 0.0
 0.0
 0.0
 0.0
 0.0
 0.0
 0.0
 0.0
 0.0
 0.0
 0.0
 0.0
 0.0
 0.0
 1.1531149362390498
 0.0
 0.0
 0.0
 0.0
 0.0
 0.0
 0.0
 0.0
 0.0
 0.0
 0.0
 0.0
 0.0
 0.0
 0.0
 0.0
 0.0
 0.0
 0.0
 0.0
 5.945926474027657
 0.0
 0.0
x_il_opt: 1-dimensional DenseAxisArray{Float64,1,...} with index sets:
    Dimension 1, [(43, 15), (43, 14), (44, 15), (44, 13), (44, 3), (40, 14), (40, 2), (41, 14), (42, 6), (37, 13)  …  (4, 13), (5, 2), (5, 7), (5, 9), (6, 11), (1, 1), (1, 6), (1, 3), (2, 1), (2, 15)]
And data, a 71-element Vector{Float64}:
 0.0
 0.0
 0.0
 2.0832856020059807
 1.2001704714836499
 1.0270433686158225
 0.0
 0.0
 0.7172574732104717
 0.8744938918469863
 0.0
 2.9999999999874265
 0.0
 0.0
 2.999999998834303
 0.0
 0.0
 0.0
 7.440822428959856
 0.0
 0.0
 0.0
 2.999999999705843
 0.7713309983687613
 2.2286690019122912
 0.0
 0.5591775693481403
 0.0
 2.2344254219295636
 0.8480190891256264
 1.232533671258614
 0.042220503058916344
 0.0
 0.0
 0.0
 0.0
 0.0
 0.0
 0.7674663250482467
 0.0
 0.0
 0.0
 2.9999999993612914
 0.0
 0.0
 2.2286689999418248
 0.0
 2.9730395083745282
 0.0
 0.0
 0.0
 0.0
 0.0
 0.0
 2.4863894674302682
 0.0
 0.0
 6.284202388892246
 0.0
 0.0
 0.0
 0.0
 0.0
 0.0
 0.0
 0.0
 0.0
 2.0540735261747383
 0.0
 0.0
 5.746511956713578
x_lj_opt: 1-dimensional DenseAxisArray{Float64,1,...} with index sets:
    Dimension 1, [(15, 30), (15, 29), (15, 23), (15, 3), (14, 28), (14, 27), (14, 10), (14, 24), (13, 26), (13, 25)  …  (3, 6), (3, 5), (3, 29), (2, 4), (2, 3), (2, 1), (2, 5), (1, 2), (1, 1), (1, 14)]
And data, a 53-element Vector{Float64}:
 1.4653102381781486
 3.2812017185376114
 0.0
 0.9999999999010419
 0.4890031501281707
 0.5380402260302163
 0.0
 0.0
 2.0
 0.9999999929285166
 0.0
 1.7655745784415733
 0.9999999997765677
 0.23442542180513026
 1.9999999994940123
 0.0
 0.0
 0.0
 0.23442542197248464
 0.0
 0.0
 1.9999999999906797
 0.9999999985775594
 0.6351726019530588
 0.21284648926753735
 0.0
 5.203807277880824
 2.7961927213483544
 0.0
 0.0
 1.9999999999911415
 0.9189659850086278
 0.05407352556863867
 1.999999999982436
 5.99999999952762
 0.0
 2.0
 0.9999999993467507
 0.0
 0.0
 1.2012717076560246
 1.2851177634440523
 0.0
 0.0
 4.999999999320192
 2.484372860206721
 1.999999998598953
 0.0
 0.0
 1.000000001169152
 1.9999999958622037
 0.0
 0.0
q_opt: 1-dimensional DenseAxisArray{Float64,1,...} with index sets:
    Dimension 1, [(43, 15), (43, 14), (44, 15), (44, 13), (44, 3), (40, 14), (40, 2), (41, 14), (42, 6), (37, 13)  …  (4, 13), (5, 2), (5, 7), (5, 9), (6, 11), (1, 1), (1, 6), (1, 3), (2, 1), (2, 15)]
And data, a 71-element Vector{Float64}:
 0.0
 0.0
 0.0
 0.6944285346162102
 0.16035685203808014
 0.9999999924204479
 0.0
 0.0
 0.08965718414247159
 0.29149796420292273
 0.0
 1.0
 0.0
 0.0
 0.37499999984958754
 0.0
 0.0
 0.0
 0.9301028036139936
 0.0
 0.0
 0.0
 0.9999999998950042
 0.2571103329150276
 0.27858362523340086
 0.0
 0.06989719614493999
 0.0
 0.9999999990834757
 0.9999999975262944
 0.6162668365971861
 0.014073501018141692
 0.0
 0.0
 0.0
 0.0
 0.0
 0.0
 0.38373316310462474
 0.0
 0.0
 0.0
 0.9999999998765028
 0.0
 0.0
 0.742889667005402
 0.0
 0.9999999992577338
 0.0
 0.0
 0.0
 0.0
 0.0
 0.0
 0.9999999983804368
 0.0
 0.0
 0.8396431479119726
 0.0
 0.0
 0.0
 0.0
 0.0
 0.0
 0.0
 0.0
 0.0
 0.2567591907659348
 0.0
 0.0
 0.9999999999611114

