objective value: -621.098653939
objective bound: -630.349835435
termination status: TIME_LIMIT
BARON solution time: 7226.98


w_opt: 1-dimensional DenseAxisArray{Float64,1,...} with index sets:
    Dimension 1, [(25, 1, 2), (25, 1, 1), (25, 1, 14), (20, 1, 2), (20, 1, 1), (20, 1, 14), (1, 1, 2), (1, 1, 1), (1, 1, 14), (2, 1, 2)  …  (20, 15, 23), (20, 15, 3), (8, 15, 30), (8, 15, 29), (8, 15, 23), (8, 15, 3), (2, 15, 30), (2, 15, 29), (2, 15, 23), (2, 15, 3)]
And data, a 261-element Vector{Float64}:
 1.2773316722407866
 0.0
 0.0
 0.7226683280350865
 0.0
 0.0
 0.0
 0.0
 0.0
 0.0
 0.0
 0.0
 0.0
 0.0
 0.0
 0.0
 1.833811188186364
 0.0
 0.0
 1.1661888119827197
 0.0
 0.0
 0.0
 0.0
 0.0
 0.0
 0.0
 0.0
 0.0
 0.9987603220076017
 0.3692919132972186
 0.0
 0.0
 0.0
 0.0
 3.8350508672082655
 1.4180111495585812
 0.0
 0.0
 0.0
 0.0
 0.0
 0.0
 0.4181696904586507
 1.4459903496881858
 0.06423235519283772
 0.0
 0.0
 0.0
 0.6637636122031304
 2.2952303804400405
 0.10195645709364466
 0.0
 0.0
 0.0
 0.0
 0.0
 0.0
 0.0
 1.8186796971719523
 1.0
 0.0
 0.0
 0.0
 0.0
 0.0
 0.0
 0.0
 0.0
 0.0
 0.0
 0.18655354566236018
 0.5596606369913292
 0.0
 0.7500000003482237
 2.250000000921532
 0.0
 0.4455621825316404
 1.3366865475412202
 0.0
 0.0
 0.0
 0.0
 0.0
 0.0
 0.0
 0.0
 0.0
 0.0
 0.0
 0.0
 0.0
 0.6178842716914095
 1.8536528149812515
 0.0
 0.0
 0.0
 0.0
 0.0
 0.0
 0.0
 1.4909987791833152
 0.835098661763181
 0.6739025593188135
 0.0
 0.0
 0.0
 0.0
 0.0
 0.0
 0.0
 0.0
 0.0
 0.0
 0.0
 0.0
 0.0
 0.0
 4.264821269003381
 1.421607088484023
 0.0
 0.0
 0.0
 1.735178731820505
 0.5783929100885862
 0.0
 0.0
 0.0
 0.0
 0.0
 0.0
 0.0
 0.0
 0.0
 0.0
 0.0
 0.0
 0.0
 0.0
 0.0
 0.0
 0.0
 0.0
 0.0
 0.0
 0.0
 0.0
 0.8846444016830646
 0.0
 0.0
 0.0
 0.5287774080941283
 0.0
 0.8118341802914353
 0.40591709005844284
 0.0
 0.0
 1.1881658199968037
 0.5940829098727766
 0.0
 0.0
 0.0
 0.0
 0.0
 0.0
 0.0
 0.0
 0.0
 0.0
 0.0
 0.0
 0.0
 0.0
 2.0
 0.0
 0.0
 0.0
 0.741220726752703
 0.0
 0.0
 0.0
 0.0
 0.0
 0.0
 0.0
 0.0
 0.0
 0.0
 0.0
 0.0
 0.0
 0.0
 0.0
 0.0
 1.2587792740798878
 0.9742709064568558
 0.7669498198525587
 0.0
 0.0
 0.0
 0.0
 0.0
 0.0
 0.0
 0.0
 0.0
 1.5512516091232023
 0.7756258040018891
 0.0
 0.0
 0.0
 0.0
 0.0
 0.0
 0.0
 0.4487483913213267
 0.22437419548400395
 0.0
 0.0
 0.0
 0.0
 0.0
 0.0
 0.0
 0.0
 0.38587824799593046
 0.5710922536388626
 0.0
 0.0
 0.0
 0.0
 0.0
 0.0
 0.0
 0.0
 0.0
 0.0
 0.0
 0.0
 0.0
 0.0
 0.0
 0.0
 0.0
 0.0
 0.0
 0.0
 0.0
 0.0
 0.0
 0.0
 0.0
 0.0
 0.0
 0.0
 0.0
 0.0
 0.9666332109486196
 3.445747118887239
 0.0
 0.8599084432114228
x_ij_opt: 1-dimensional DenseAxisArray{Float64,1,...} with index sets:
    Dimension 1, [(43, 30), (43, 22), (43, 6), (44, 22), (45, 30), (45, 29), (45, 28), (45, 24), (45, 23), (40, 29)  …  (5, 7), (5, 14), (6, 4), (6, 3), (1, 14), (1, 10), (1, 23), (1, 1), (3, 2), (3, 1)]
And data, a 116-element Vector{Float64}:
 0.0
 0.0
 1.6452540104503495
 0.0
 1.0333667894426448
 0.0
 1.6141217522514941
 0.0
 0.0
 0.0
 0.0
 0.0
 0.0
 0.0
 0.0
 0.0
 0.0
 0.0
 0.3310516358840598
 0.0
 0.0
 0.0
 0.0
 0.0
 0.0
 0.0
 0.0
 2.0
 0.0
 0.0
 0.0
 0.0
 0.0
 0.0
 0.0
 0.0
 0.0
 0.0
 0.0
 0.0
 0.0
 0.0
 0.0
 0.3547459903421598
 0.0
 0.0
 0.0
 0.0
 0.0
 0.0
 0.0
 0.0
 0.0
 0.0
 0.0
 0.25877927236391035
 0.0
 0.0
 0.16490133887313366
 0.5865781906644927
 0.0
 0.0
 0.0
 0.0
 6.0
 0.0
 0.0
 0.0
 0.0
 0.6689483644343112
 0.0
 0.0
 0.0
 0.0
 0.0
 0.0
 0.42890774639970597
 0.9180666976507796
 0.0
 0.0
 0.0
 0.0
 0.0
 0.0
 0.0
 0.0
 0.0
 0.18132030369473986
 0.0
 0.0
 0.0
 0.0
 0.0
 0.0
 0.0
 0.0
 0.0
 0.0
 0.0
 0.14009155735276496
 0.0
 0.0
 0.0
 0.0
 0.0
 0.33236484254457954
 0.0
 0.0
 0.0
 0.0
 0.17663637890461076
 0.0
 0.025729094117162253
 5.326097441643751
 0.0
 0.0
x_il_opt: 1-dimensional DenseAxisArray{Float64,1,...} with index sets:
    Dimension 1, [(43, 15), (43, 14), (44, 15), (44, 13), (44, 3), (40, 14), (40, 2), (41, 14), (42, 6), (37, 13)  …  (4, 13), (5, 2), (5, 7), (5, 9), (6, 11), (1, 1), (1, 6), (1, 3), (2, 1), (2, 15)]
And data, a 71-element Vector{Float64}:
 0.0
 0.0
 0.0
 2.3268774135211716
 1.3680522353948588
 0.9569705018375857
 0.0
 0.0
 0.7462141827312213
 0.0
 0.0
 3.0
 0.0
 0.0
 3.0
 0.0
 0.0
 0.0
 5.686428357817876
 0.0
 1.9283923953396742
 0.0
 3.0
 1.217751270349878
 1.7822487301337138
 0.0
 2.3135716423472306
 0.0
 2.7412207283554015
 0.8846444016830646
 1.2773316722944816
 0.6731225869909631
 0.0
 0.0
 0.0
 0.0
 0.0
 0.0
 0.7226683281233415
 0.0
 0.0
 0.0
 2.818679697531088
 0.0
 0.0
 1.7822487298695804
 0.0
 3.0
 0.0
 0.0
 0.0
 0.0
 0.0
 0.0
 3.0609504497368154
 0.0
 0.0
 5.253062016828656
 0.0
 0.0
 0.0
 0.0
 0.0
 0.0
 0.5287774081017556
 0.0
 0.0
 2.4715370867227775
 0.0
 0.0
 5.272288773150223
x_lj_opt: 1-dimensional DenseAxisArray{Float64,1,...} with index sets:
    Dimension 1, [(15, 30), (15, 29), (15, 23), (15, 3), (14, 28), (14, 27), (14, 10), (14, 24), (13, 26), (13, 25)  …  (3, 6), (3, 5), (3, 29), (2, 4), (2, 3), (2, 1), (2, 5), (1, 2), (1, 1), (1, 14)]
And data, a 53-element Vector{Float64}:
 0.9666332108526307
 3.445747118545068
 0.0
 0.8599084431260319
 0.3858782481339536
 0.5710922538431341
 0.0
 0.0
 2.0
 0.9999999993964759
 0.0
 1.2587792739650376
 0.9742709063716867
 0.7669498197899131
 2.0
 0.0
 0.0
 0.0
 0.7412207267314347
 0.0
 0.0
 2.0
 0.9999999998919009
 1.4134218097169515
 0.0
 0.0
 6.0
 1.9999999985785588
 0.0
 0.0
 1.4909987791045036
 0.8350986617282995
 0.6739025592947359
 2.0
 6.0
 0.0
 1.8186796969916286
 0.999999999992596
 0.0
 0.0
 1.081933302617576
 3.7412207299754074
 0.16618881227967292
 0.0
 4.8338111889265365
 1.7873030627488198
 1.8338111880899644
 0.0
 0.0
 1.166188811949236
 2.0
 0.0
 0.0
q_opt: 1-dimensional DenseAxisArray{Float64,1,...} with index sets:
    Dimension 1, [(43, 15), (43, 14), (44, 15), (44, 13), (44, 3), (40, 14), (40, 2), (41, 14), (42, 6), (37, 13)  …  (4, 13), (5, 2), (5, 7), (5, 9), (6, 11), (1, 1), (1, 6), (1, 3), (2, 1), (2, 15)]
And data, a 71-element Vector{Float64}:
 0.0
 0.0
 0.0
 0.7756258045001748
 0.20661963882569445
 0.9999999996423142
 0.0
 0.0
 0.0932767728301281
 0.0
 0.0
 1.0
 0.0
 0.0
 0.3750000001514976
 0.0
 0.0
 0.0
 0.7108035447785782
 0.0
 0.3865022820232495
 0.0
 1.0
 0.40591709010838023
 0.2227810912550085
 0.0
 0.2891964552810394
 0.0
 1.0
 0.6258884613222583
 0.6386658360885982
 0.22437419564959607
 0.0
 0.0
 0.0
 0.0
 0.0
 0.0
 0.3613341639995565
 0.0
 0.0
 0.0
 1.0
 0.0
 0.0
 0.5940829099430545
 0.0
 1.0
 0.0
 0.0
 0.0
 0.0
 0.0
 0.0
 0.6134977180175959
 0.0
 0.0
 0.7933803612341611
 0.0
 0.0
 0.0
 0.0
 0.0
 0.0
 0.3741115387203626
 0.0
 0.0
 0.30894213582821944
 0.0
 0.0
 1.0

