objective value: -627.942985904
objective bound: -628.005786483
termination status: OPTIMAL
BARON solution time: 4099.9


w_opt: 1-dimensional DenseAxisArray{Float64,1,...} with index sets:
    Dimension 1, [(25, 1, 2), (25, 1, 1), (25, 1, 14), (20, 1, 2), (20, 1, 1), (20, 1, 14), (1, 1, 2), (1, 1, 1), (1, 1, 14), (2, 1, 2)  …  (20, 15, 23), (20, 15, 3), (8, 15, 30), (8, 15, 29), (8, 15, 23), (8, 15, 3), (2, 15, 30), (2, 15, 29), (2, 15, 23), (2, 15, 3)]
And data, a 261-element Vector{Float64}:
 1.303365757995852
 1.6571778648817177
 0.0
 0.6966342422347828
 0.8857428078552606
 0.0
 0.0
 0.0
 0.0
 0.0
 0.0
 0.0
 0.0
 0.0
 0.0
 0.0
 1.9874455689477055
 0.0
 0.0
 1.0125544311876211
 0.0
 0.0
 0.0
 0.0
 0.0
 0.0
 0.0
 0.0
 0.0
 1.112344460608124
 0.31534320035222874
 0.0
 0.0
 0.0
 0.0
 3.182211074694738
 0.9021383753215874
 0.0
 0.0
 0.0
 0.0
 0.6928900344625258
 0.1964303043681599
 0.2275548825531632
 0.5328991317420539
 0.002495884344778467
 0.0
 0.0
 0.0
 0.9170583289353638
 2.147611959643817
 0.010058547124783506
 0.0
 0.0
 0.0
 0.0
 0.0
 0.0
 0.0
 1.8152229990076467
 0.9999999999852268
 0.0
 0.0
 0.0
 0.0
 0.0
 0.0
 0.0
 0.0
 0.0
 0.0
 0.0
 0.0
 0.0
 0.5543546252873318
 1.6630638758147045
 0.0
 0.53224529140649
 1.5967358741774689
 0.0
 0.0
 0.0
 0.0
 0.0
 0.0
 0.0
 0.0
 0.0
 0.0
 0.0
 0.0
 0.0
 0.9134000834197956
 2.7402002501251723
 0.0
 0.0
 0.0
 0.0
 0.0
 0.0
 0.0
 1.9999999996749818
 0.9999999996912942
 0.0
 0.0
 0.0
 0.0
 0.0
 0.0
 0.0
 0.0
 0.0
 0.0
 0.0
 0.0
 0.0
 0.0
 0.0
 4.761487996528761
 1.5871626641340855
 0.0
 0.0
 0.0
 1.2385120041547746
 0.4128373342731964
 0.0
 0.0
 0.0
 0.0
 0.0
 0.0
 0.0
 0.0
 0.0
 0.0
 0.0
 0.0
 0.0
 0.0
 0.0
 0.0
 0.0
 0.0
 0.0
 0.0
 0.0
 0.0
 0.039456377179887904
 0.0
 0.0
 0.0
 0.18260344276650137
 0.0
 0.5806792232123809
 0.29033961150131615
 0.0
 0.0
 1.4193207770162413
 0.7096603882582925
 0.0
 0.0
 0.0
 0.0
 0.0
 0.0
 0.0
 0.0
 0.0
 0.0
 0.0
 0.0
 0.0
 0.0
 1.5399427679320512
 0.0
 0.0
 0.0
 0.14056831910157375
 0.0
 0.0
 0.0
 0.0
 0.0
 0.0
 0.0
 0.0
 0.0
 0.0
 0.0
 0.0
 0.0
 0.0
 0.0
 0.0
 1.8594316817734993
 1.0
 0.14056831852739568
 0.0
 0.0
 0.0
 0.0
 0.0
 0.0
 0.0
 0.0
 0.0
 1.4223460394914802
 0.711173019057536
 0.0
 0.5776539609273146
 0.28882698017208913
 0.0
 0.0
 0.0
 0.0
 0.0
 0.0
 0.0
 0.0
 0.0
 0.0
 0.0
 0.0
 0.0
 0.0
 0.6907859883932046
 0.8124199146333968
 0.0
 0.0
 0.0
 0.0
 0.0
 0.0
 0.0
 0.0
 0.0
 0.0
 0.0
 0.0
 0.0
 0.0
 0.0
 0.0
 0.0
 0.0
 0.0
 0.0
 0.0
 0.0
 0.0
 0.0
 0.0
 0.0
 0.0
 0.0
 0.0
 0.0
 0.9942958689691439
 4.445519802929374
 0.0
 0.7884939631901294
x_ij_opt: 1-dimensional DenseAxisArray{Float64,1,...} with index sets:
    Dimension 1, [(43, 30), (43, 22), (43, 6), (44, 22), (45, 30), (45, 29), (45, 28), (45, 24), (45, 23), (40, 29)  …  (5, 7), (5, 14), (6, 4), (6, 3), (1, 14), (1, 10), (1, 23), (1, 1), (3, 2), (3, 1)]
And data, a 116-element Vector{Float64}:
 0.0
 0.46005723257230574
 1.3756286070245807
 0.0
 1.0057041313914052
 0.0
 1.3092140111535013
 0.0
 0.0
 0.0
 0.0
 0.0
 0.0
 0.0
 0.0
 0.0
 0.0
 0.0
 0.25233015740878156
 0.0
 0.0
 0.0
 0.0
 0.0
 0.0
 0.0
 0.0
 1.9999999991338253
 0.0
 0.0
 0.0
 0.0
 0.0
 0.0
 0.0
 0.0
 0.0
 0.0
 0.0
 0.0
 0.0
 0.0
 0.0
 0.6243713934046944
 0.0
 0.0
 0.0
 0.0
 0.0
 0.0
 0.0
 0.0
 0.0
 0.0
 0.0
 1.3194889106100514
 0.0
 0.0
 0.0
 1.777940180151928
 0.0
 0.0
 0.0
 0.0
 5.9999999992239355
 0.0
 0.0
 0.0
 0.0
 0.7476698428129409
 0.0
 0.0
 0.0
 0.0
 0.0
 0.0
 0.18758008458153813
 0.8553867885968125
 0.0
 0.0
 0.0
 0.0
 0.0
 0.0
 0.0
 0.0
 0.0
 0.18477700177241785
 0.0
 0.0
 0.0
 0.0
 0.0
 0.0
 0.0
 0.0
 0.0
 0.0
 0.0
 0.21150603727142794
 0.0
 0.0
 0.0
 0.0
 0.0
 0.0
 0.0
 0.0
 0.0
 0.0
 0.0
 0.0
 0.0
 3.457079328352083
 0.0
 0.0
x_il_opt: 1-dimensional DenseAxisArray{Float64,1,...} with index sets:
    Dimension 1, [(43, 15), (43, 14), (44, 15), (44, 13), (44, 3), (40, 14), (40, 2), (41, 14), (42, 6), (37, 13)  …  (4, 13), (5, 2), (5, 7), (5, 9), (6, 11), (1, 1), (1, 6), (1, 3), (2, 1), (2, 15)]
And data, a 71-element Vector{Float64}:
 0.0
 0.0
 0.0
 2.133519058845072
 1.4276876610272098
 1.5032059032369545
 0.0
 0.0
 0.0
 0.8664809412788795
 0.0
 3.0
 0.0
 0.0
 2.217418501213529
 0.0
 0.0
 0.0
 6.348650661615157
 0.0
 0.7629498986399956
 0.0
 3.0
 0.871018834713697
 2.1289811656959743
 0.0
 1.651349338975889
 0.0
 1.6805110901688707
 0.03945637720127311
 2.960543622895051
 0.0
 0.0
 0.0
 0.0
 0.0
 0.0
 0.0
 1.5823770501301897
 0.0
 0.0
 0.0
 2.815222999232196
 0.0
 0.0
 2.1289811652745336
 0.0
 2.999999999503483
 0.0
 0.0
 0.0
 0.0
 0.0
 0.0
 3.074728835703964
 0.0
 0.0
 4.084349450115084
 0.0
 0.0
 0.0
 0.0
 0.0
 0.0
 0.18260344276650137
 0.0
 0.0
 3.6536003336484866
 0.8893203388910779
 0.0
 6.2283096353484435
x_lj_opt: 1-dimensional DenseAxisArray{Float64,1,...} with index sets:
    Dimension 1, [(15, 30), (15, 29), (15, 23), (15, 3), (14, 28), (14, 27), (14, 10), (14, 24), (13, 26), (13, 25)  …  (3, 6), (3, 5), (3, 29), (2, 4), (2, 3), (2, 1), (2, 5), (1, 2), (1, 1), (1, 14)]
And data, a 53-element Vector{Float64}:
 0.9942958688866949
 4.445519802540356
 0.0
 0.7884939631278858
 0.6907859891762642
 0.8124199155543427
 0.0
 0.0
 2.0
 0.9999999991466463
 0.0
 1.8594316816055534
 0.9999999999905854
 0.14056831850965384
 1.5399427678515745
 0.0
 0.0
 0.0
 0.14056831909423267
 0.0
 0.0
 2.0
 0.9999999997321777
 0.2220598201720188
 0.0
 0.0
 6.0
 1.9999999984859005
 0.0
 0.0
 2.0
 0.9999999999029917
 0.0
 2.0
 5.999999999897961
 0.0
 1.81522299884954
 0.999999999909187
 0.0
 0.0
 1.1446132116110337
 2.680511091672888
 0.012554431422166503
 0.0
 4.987445569593023
 1.4139118799937445
 1.9874455688345254
 0.0
 0.0
 1.0125544311672745
 2.0
 2.542920672587882
 0.0
q_opt: 1-dimensional DenseAxisArray{Float64,1,...} with index sets:
    Dimension 1, [(43, 15), (43, 14), (44, 15), (44, 13), (44, 3), (40, 14), (40, 2), (41, 14), (42, 6), (37, 13)  …  (4, 13), (5, 2), (5, 7), (5, 9), (6, 11), (1, 1), (1, 6), (1, 3), (2, 1), (2, 15)]
And data, a 71-element Vector{Float64}:
 0.0
 0.0
 0.0
 0.7111730196942477
 0.2230288922629467
 0.9999999988664208
 0.0
 0.0
 0.0
 0.2888269804483888
 0.0
 1.0
 0.0
 0.0
 0.2771773126406359
 0.0
 0.0
 0.0
 0.7935813326943467
 0.0
 0.19880504632031132
 0.0
 1.0
 0.2903396115850894
 0.26612264570090705
 0.0
 0.2064186673532077
 0.0
 1.0
 0.1776835500871927
 0.6516828789613011
 0.0
 0.0
 0.0
 0.0
 0.0
 0.0
 0.0
 0.34831712109777235
 0.0
 0.0
 0.0
 1.0
 0.0
 0.0
 0.7096603884543711
 0.0
 0.9999999998237075
 0.0
 0.0
 0.0
 0.0
 0.0
 0.0
 0.8011949535726749
 0.0
 0.0
 0.6380442714193584
 0.0
 0.0
 0.0
 0.0
 0.0
 0.0
 0.8223164488967318
 0.0
 0.0
 0.45670004169537304
 0.13892683635222408
 0.0
 1.0

