objective value: -629.900178487
objective bound: -629.963174803
termination status: OPTIMAL
BARON solution time: 540.35


w_opt: 1-dimensional DenseAxisArray{Float64,1,...} with index sets:
    Dimension 1, [(25, 1, 2), (25, 1, 1), (25, 1, 14), (20, 1, 2), (20, 1, 1), (20, 1, 14), (1, 1, 2), (1, 1, 1), (1, 1, 14), (2, 1, 2)  …  (20, 15, 23), (20, 15, 3), (8, 15, 30), (8, 15, 29), (8, 15, 23), (8, 15, 3), (2, 15, 30), (2, 15, 29), (2, 15, 23), (2, 15, 3)]
And data, a 261-element Vector{Float64}:
 1.1336706019193807
 1.8663293981945104
 0.0
 0.8512675104124727
 1.4014172879856144
 0.0
 0.0
 0.0
 0.0
 0.0
 0.0
 0.0
 0.0
 0.0
 0.0
 0.0
 2.0
 0.0
 0.0
 1.0000000002838565
 0.0
 0.0
 0.0
 0.0
 0.0
 0.0
 0.0
 0.0
 0.1639661721906123
 1.4937928391135686
 0.732309530989588
 0.0
 0.0
 0.0
 0.38485883193686915
 3.506207161734722
 1.7188654644280679
 0.0
 0.0
 0.0
 0.0
 0.0
 0.0
 0.38389762749818895
 1.3071184498823205
 0.0
 0.0
 0.0
 0.0
 0.6585637412206713
 2.2423186675639584
 0.0
 0.0
 0.0
 0.0
 0.0
 0.0
 0.0
 0.0
 2.0
 1.0
 0.0
 0.0
 0.0
 0.0
 0.0
 0.0
 0.0
 0.0
 0.0
 0.0
 0.0
 0.0
 0.0
 0.6654178598884712
 1.9962535795462988
 0.0
 0.5112692375919426
 1.533807712674963
 0.0
 0.0
 0.0
 0.0
 0.0
 0.0
 0.0
 0.0
 0.0
 0.0
 0.0
 0.0
 0.0
 0.8233129028246878
 2.469938708337062
 0.0
 0.0
 0.0
 0.0
 0.0
 0.0
 0.0
 2.0
 0.8566689148871085
 0.14333108523832203
 0.0
 0.0
 0.0
 0.0
 0.0
 0.0
 0.0
 0.0
 0.0
 0.0
 0.0
 0.0
 0.0
 0.0
 5.628528447533897
 1.7417189664532282
 0.0
 0.13445718227538364
 0.0
 0.37147155351497174
 0.11494994762467764
 0.0
 0.008873903514939484
 0.0
 0.0
 0.0
 0.0
 0.0
 0.0
 0.0
 0.0
 0.0
 0.0
 0.0
 0.0
 0.0
 0.0
 0.0
 0.0
 0.0
 0.0
 0.0
 0.0
 0.0
 0.0
 0.0
 0.0
 0.0
 0.0
 0.636615366861491
 0.31830768338072235
 0.0
 0.0
 1.3633846333997282
 0.6816923165927318
 0.0
 0.0
 0.0
 0.0
 0.0
 0.0
 0.0
 0.0
 0.0
 0.0
 0.0
 0.0
 0.0
 0.0
 1.955496766317127
 0.0
 0.0
 0.0
 0.45060926415677455
 0.0
 0.0
 0.0
 0.0
 0.0
 0.0
 0.0
 0.0
 0.0
 0.0
 0.0
 0.0
 0.0
 0.0
 0.0
 0.0
 1.549390736825123
 1.0
 0.45060926337432583
 0.0
 0.0
 0.0
 0.0
 0.0
 0.0
 0.0
 0.0
 0.0
 1.5158840081211846
 0.7465259661807274
 0.01141603775009544
 0.4841159922699968
 0.23841214561053628
 0.0036458504829844666
 0.0
 0.0
 0.0
 0.0
 0.0
 0.0
 0.0
 0.0
 0.0
 0.0
 0.0
 0.0
 0.0
 0.5692192855700258
 0.9593550288402696
 0.0
 0.0
 0.0
 0.0
 0.0
 0.0
 0.0
 0.0
 0.0
 0.0
 0.0
 0.0
 0.0
 0.0
 0.0
 0.0
 0.0
 0.0
 0.0
 0.0
 0.0
 0.0
 0.0
 0.0
 0.0
 0.0
 0.0
 0.0
 0.0
 0.0
 1.2259293532027615
 3.0982157426708854
 0.0
 1.0
x_ij_opt: 1-dimensional DenseAxisArray{Float64,1,...} with index sets:
    Dimension 1, [(43, 30), (43, 22), (43, 6), (44, 22), (45, 30), (45, 29), (45, 28), (45, 24), (45, 23), (40, 29)  …  (5, 7), (5, 14), (6, 4), (6, 3), (1, 14), (1, 10), (1, 23), (1, 1), (3, 2), (3, 1)]
And data, a 116-element Vector{Float64}:
 0.0
 0.044503234429689835
 0.9558795916842219
 0.0
 0.7740706471895997
 0.0
 1.4307807148533893
 0.0
 0.0
 0.0
 0.0
 0.0
 0.0
 0.0
 0.0
 0.0
 0.0
 0.0
 0.25268479813648803
 0.0
 0.0
 0.0
 0.0
 0.0
 0.0
 0.0
 0.0
 2.0
 0.0
 0.0
 0.0
 0.0
 0.0
 0.0
 0.0
 0.0
 0.0
 0.0
 0.0
 0.0
 0.0
 0.0
 0.0
 0.4952954049749708
 0.0
 0.0
 0.0
 0.0
 0.0
 0.0
 0.0
 0.0
 0.0
 0.0
 0.0
 0.5938939697021429
 0.0
 0.0
 0.0
 2.0
 0.0
 0.0
 0.0
 0.0
 6.0
 0.0
 0.0
 0.0
 0.0
 0.7473152022384556
 0.0
 0.0
 0.0
 0.0
 0.0
 0.0
 0.040644971491257335
 0.9575386316056214
 0.0
 0.0
 0.0
 0.0
 0.0
 0.0
 0.0
 0.0
 0.0
 0.0
 0.0
 0.0
 0.0
 0.0
 0.0
 0.0
 0.0
 0.0
 0.0
 0.015061888799153784
 0.0
 0.0
 0.0
 0.0
 0.0
 0.0
 0.0
 0.0
 0.0
 0.0
 0.0
 0.0
 0.0
 0.0
 0.0
 2.5889222297830887
 0.0
 0.0
x_il_opt: 1-dimensional DenseAxisArray{Float64,1,...} with index sets:
    Dimension 1, [(43, 15), (43, 14), (44, 15), (44, 13), (44, 3), (40, 14), (40, 2), (41, 14), (42, 6), (37, 13)  …  (4, 13), (5, 2), (5, 7), (5, 9), (6, 11), (1, 1), (1, 6), (1, 3), (2, 1), (2, 15)]
And data, a 71-element Vector{Float64}:
 0.0
 0.0
 0.0
 2.273826012052007
 2.3900685422937693
 1.5285743142133028
 0.0
 0.0
 0.0
 0.7261739883635175
 0.0
 3.0
 0.0
 0.0
 2.661671439403208
 0.0
 0.0
 0.0
 7.504704596074775
 0.0
 1.6910160773446639
 0.0
 3.0
 0.9549230502422135
 2.0450769502475294
 0.0
 0.4952954046411141
 0.0
 2.4061060310875644
 0.0
 3.0
 0.0
 0.0
 0.0
 0.0
 0.0
 0.0
 0.0
 2.2526847983547045
 0.0
 0.0
 0.0
 3.0
 0.0
 0.0
 2.04507694999246
 0.0
 3.0
 0.0
 0.0
 0.0
 0.0
 0.0
 0.0
 2.9008824087235046
 0.0
 0.0
 5.609931458099659
 0.0
 0.0
 0.0
 0.0
 0.0
 0.0
 0.0
 0.0
 0.0
 3.293251611117276
 0.0
 0.0
 5.324145095907233
x_lj_opt: 1-dimensional DenseAxisArray{Float64,1,...} with index sets:
    Dimension 1, [(15, 30), (15, 29), (15, 23), (15, 3), (14, 28), (14, 27), (14, 10), (14, 24), (13, 26), (13, 25)  …  (3, 6), (3, 5), (3, 29), (2, 4), (2, 3), (2, 1), (2, 5), (1, 2), (1, 1), (1, 14)]
And data, a 53-element Vector{Float64}:
 1.2259293531086384
 3.098215742428343
 0.0
 1.0
 0.5692192855395032
 0.9593550287887503
 0.0
 0.0
 2.0
 0.9849381116949391
 0.015061888231636943
 1.5493907366753075
 1.0
 0.45060926333066986
 1.955496766148342
 0.0
 0.0
 0.0
 0.4506092641162315
 0.0
 0.0
 2.0
 0.9999999999411747
 0.0
 0.0
 0.0
 6.0
 1.8566689139378505
 0.0
 0.14333108578170584
 2.0
 0.8566689148350352
 0.1433310852296371
 2.0
 6.0
 0.0
 2.0
 1.0
 0.0
 0.0
 1.0424613686830089
 3.549437117321576
 0.0
 0.548825004108485
 5.000000000675284
 2.451174995332842
 2.0
 0.0
 0.0
 1.000000000214202
 1.984938112257098
 3.26774668605544
 0.0
q_opt: 1-dimensional DenseAxisArray{Float64,1,...} with index sets:
    Dimension 1, [(43, 15), (43, 14), (44, 15), (44, 13), (44, 3), (40, 14), (40, 2), (41, 14), (42, 6), (37, 13)  …  (4, 13), (5, 2), (5, 7), (5, 9), (6, 11), (1, 1), (1, 6), (1, 3), (2, 1), (2, 15)]
And data, a 71-element Vector{Float64}:
 0.0
 0.0
 0.0
 0.7579420039865011
 0.29875856778236165
 1.0
 0.0
 0.0
 0.0
 0.24205799611133338
 0.0
 1.0
 0.0
 0.0
 0.3327089299132281
 0.0
 0.0
 0.0
 0.9380880744969713
 0.0
 0.36826077112439015
 0.0
 1.0
 0.31830768339945115
 0.25563461876970794
 0.0
 0.06191192557971517
 0.0
 1.0
 0.22385125728392058
 0.5711364978683497
 0.0
 0.192282920162052
 0.0
 0.0
 0.0
 0.0
 0.0
 0.42886350216986724
 0.0
 0.0
 0.0
 1.0
 0.0
 0.0
 0.6816923166328407
 0.0
 1.0
 0.0
 0.0
 0.0
 0.0
 0.0
 0.0
 0.6317392289107743
 0.0
 0.0
 0.7012414322522379
 0.0
 0.0
 0.0
 0.0
 0.0
 0.0
 0.5838658225540275
 0.0
 0.0
 0.4116564513766786
 0.0
 0.0
 1.0

