objective value: -622.670327384
objective bound: -622.732600638
termination status: OPTIMAL
BARON solution time: 660.13


w_opt: 1-dimensional DenseAxisArray{Float64,1,...} with index sets:
    Dimension 1, [(25, 1, 2), (25, 1, 1), (25, 1, 14), (20, 1, 2), (20, 1, 1), (20, 1, 14), (1, 1, 2), (1, 1, 1), (1, 1, 14), (2, 1, 2)  …  (20, 15, 23), (20, 15, 3), (8, 15, 30), (8, 15, 29), (8, 15, 23), (8, 15, 3), (2, 15, 30), (2, 15, 29), (2, 15, 23), (2, 15, 3)]
And data, a 261-element Vector{Float64}:
 1.32478056022178
 0.0
 0.0
 0.675219439982884
 0.0
 0.0
 0.0
 0.0
 0.0
 0.0
 0.0
 0.0
 0.0
 0.0
 0.0
 0.0
 2.0
 0.0
 0.0
 1.0000000003067473
 0.0
 0.0
 0.0
 0.0
 0.0
 0.0
 0.0
 0.0
 0.0
 0.5163316654217696
 0.29878460395940937
 0.0
 0.0
 0.0
 0.0
 4.483668335409385
 2.594555317048651
 0.0
 0.0
 0.0
 0.0
 0.0
 0.0
 0.0
 0.0
 0.0
 0.0
 0.0
 0.0
 1.0106379902061031
 0.10795577048188332
 0.0
 0.0
 0.0
 0.0
 0.0
 0.0
 0.0
 0.0
 2.0
 1.0
 0.0
 0.0
 0.0
 0.0
 0.0
 0.0
 0.0
 0.0
 0.0
 0.0
 0.2379117837106982
 0.7137353510889612
 0.0
 0.750000000110619
 2.250000000204335
 0.0
 0.5655076955311996
 1.6965230864860328
 0.0
 0.0
 0.0
 0.0
 0.0
 0.0
 0.0
 0.0
 0.0
 0.0
 0.0
 0.0
 0.0
 0.4465805209424323
 1.3397415627348501
 0.0
 0.0
 0.0
 0.0
 0.0
 0.0
 0.0
 1.7863220839552696
 0.8282057090968228
 0.0
 0.0
 0.0
 0.0
 0.0
 0.0
 0.0
 0.0
 0.0
 0.0
 0.0
 0.0
 0.0
 0.0
 0.0
 3.3219545350222295
 2.5882409258130967
 0.0
 0.0
 0.0
 1.1746203176442196
 0.9151842225312113
 0.0
 0.0
 0.0
 0.0
 0.0
 0.0
 0.0
 0.0
 0.0
 0.0
 0.0
 0.0
 0.0
 0.0
 0.0
 0.0
 0.0
 0.0
 0.0
 0.0
 0.0
 0.0
 0.0
 0.0
 0.0
 0.0
 0.0
 0.0
 0.49197947902912115
 0.2459897394721068
 0.0
 0.0
 1.508020521232181
 0.7540102604859609
 0.0
 0.0
 0.0
 0.0
 0.0
 0.0
 0.0
 0.0
 0.0
 0.0
 0.0
 0.0
 0.0
 0.0
 1.6080622845367334
 0.0
 0.0
 0.0
 1.391937715116635
 0.0
 0.0
 0.0
 0.0
 0.0
 0.0
 0.0
 0.0
 0.0
 0.0
 0.0
 0.0
 0.0
 0.0
 0.0
 0.0
 0.6080622858426511
 1.0
 1.3919377143608884
 0.0
 0.0
 0.0
 0.0
 0.0
 0.0
 0.0
 0.0
 0.0
 1.3953407192664125
 0.6976703592702533
 0.0
 0.6046592811226075
 0.3023296404040214
 0.0
 0.0
 0.0
 0.0
 0.0
 0.0
 0.0
 0.0
 0.0
 0.0
 0.0
 0.0
 0.0
 0.0
 0.4619390923490263
 0.6309375331952314
 0.0
 0.0
 0.0
 0.0
 0.0
 0.0
 0.0
 0.0
 0.0
 0.0
 0.0
 0.0
 0.0
 0.0
 0.0
 0.0
 0.0
 0.0
 0.0
 0.0
 0.0
 0.0
 0.0
 0.0
 0.0
 0.0
 0.0
 0.0
 0.0
 0.0
 2.0
 1.714722365460846
 0.0
 1.0
x_ij_opt: 1-dimensional DenseAxisArray{Float64,1,...} with index sets:
    Dimension 1, [(43, 30), (43, 22), (43, 6), (44, 22), (45, 30), (45, 29), (45, 28), (45, 24), (45, 23), (40, 29)  …  (5, 7), (5, 14), (6, 4), (6, 3), (1, 14), (1, 10), (1, 23), (1, 1), (3, 2), (3, 1)]
And data, a 116-element Vector{Float64}:
 0.0
 0.3919377161734162
 1.5116452650367722
 0.0
 0.0
 0.0
 1.538060908055158
 0.0
 0.0
 0.0
 0.0
 0.0
 0.0
 0.0
 0.0
 0.0
 0.0
 0.0
 0.2788532801848232
 0.0
 0.0
 0.0
 0.0
 0.0
 0.0
 0.0
 0.0
 2.0
 0.0
 0.0
 0.0
 0.0
 0.0
 0.0
 0.0
 0.0
 0.0
 0.0
 0.0
 0.0
 0.0
 0.0
 0.0
 0.48835473582647615
 0.0
 0.0
 0.0
 0.0
 0.0
 0.0
 0.0
 0.0
 0.0
 0.0
 0.0
 0.0
 0.0
 1.503425148605042
 0.17179429166860935
 2.0
 0.0
 0.0
 0.0
 0.0
 6.0
 0.0
 0.0
 0.0
 0.0
 0.7211467202018113
 0.0
 0.0
 0.0
 0.0
 0.0
 0.0
 0.3690624670918926
 0.9893620101197665
 0.0
 0.0
 0.0
 0.0
 0.0
 0.0
 0.0
 0.0
 0.0
 0.0
 0.0
 0.0
 0.0
 0.0
 0.0
 0.0
 0.0
 0.0
 0.0
 0.0
 0.0
 0.0
 0.0
 0.0
 0.0
 0.0
 0.0
 0.0
 0.0
 0.0
 0.0
 0.0
 0.2136779168939709
 0.0
 0.0
 6.0
 0.0
 0.0
x_il_opt: 1-dimensional DenseAxisArray{Float64,1,...} with index sets:
    Dimension 1, [(43, 15), (43, 14), (44, 15), (44, 13), (44, 3), (40, 14), (40, 2), (41, 14), (42, 6), (37, 13)  …  (4, 13), (5, 2), (5, 7), (5, 9), (6, 11), (1, 1), (1, 6), (1, 3), (2, 1), (2, 15)]
And data, a 71-element Vector{Float64}:
 0.0
 0.0
 0.0
 2.093011078779339
 0.8151162693720998
 1.0928766253479956
 0.0
 0.0
 0.9516471347879166
 0.9069889216317896
 0.0
 3.0
 0.0
 0.0
 3.0
 0.0
 0.0
 0.0
 5.910195460620748
 0.0
 0.0
 0.0
 3.0
 0.7379692185012279
 2.2620307819918373
 0.0
 2.0898045400995677
 0.0
 3.0
 0.0
 1.3247805601102676
 0.0
 0.0
 0.0
 0.0
 0.0
 0.0
 0.0
 0.6752194399260482
 0.0
 0.0
 0.0
 3.0
 0.0
 0.0
 2.262030781718142
 0.0
 2.6145277929627695
 0.0
 0.0
 0.0
 0.0
 0.0
 0.0
 1.1185937605995289
 0.0
 0.0
 7.07822365237919
 0.0
 0.0
 0.0
 0.0
 0.0
 0.0
 0.0
 0.0
 0.0
 1.7863220836609879
 0.0
 0.0
 4.714722365694284
x_lj_opt: 1-dimensional DenseAxisArray{Float64,1,...} with index sets:
    Dimension 1, [(15, 30), (15, 29), (15, 23), (15, 3), (14, 28), (14, 27), (14, 10), (14, 24), (13, 26), (13, 25)  …  (3, 6), (3, 5), (3, 29), (2, 4), (2, 3), (2, 1), (2, 5), (1, 2), (1, 1), (1, 14)]
And data, a 53-element Vector{Float64}:
 2.0
 1.7147223653174084
 0.0
 1.0
 0.4619390923393785
 0.6309375331821166
 0.0
 0.0
 2.0
 0.9999999995780569
 0.0
 0.6080622857858036
 1.0
 1.3919377142310623
 1.608062284394026
 0.0
 0.0
 0.0
 1.3919377149929082
 0.0
 0.0
 2.0
 0.9999999999257404
 0.0
 0.0
 0.0
 4.496574852337158
 3.503425148087747
 0.0
 0.0
 1.786322083778997
 0.8282057090149249
 0.0
 2.0
 6.0
 0.0
 2.0
 1.0
 0.0
 0.0
 1.0106379901729055
 0.10795577047833703
 0.0
 0.0
 5.000000000646871
 2.893339920901422
 2.0
 0.0
 0.0
 1.000000000238732
 2.0
 0.0
 0.0
q_opt: 1-dimensional DenseAxisArray{Float64,1,...} with index sets:
    Dimension 1, [(43, 15), (43, 14), (44, 15), (44, 13), (44, 3), (40, 14), (40, 2), (41, 14), (42, 6), (37, 13)  …  (4, 13), (5, 2), (5, 7), (5, 9), (6, 11), (1, 1), (1, 6), (1, 3), (2, 1), (2, 15)]
And data, a 71-element Vector{Float64}:
 0.0
 0.0
 0.0
 0.6976703595646309
 0.10326633307099392
 1.0
 0.0
 0.0
 0.11895589184381927
 0.3023296405315869
 0.0
 1.0
 0.0
 0.0
 0.37500000002118294
 0.0
 0.0
 0.0
 0.7387744325651774
 0.0
 0.0
 0.0
 1.0
 0.24598973949037392
 0.28275384773700246
 0.0
 0.2612255675080538
 0.0
 1.0
 0.054908459658603165
 0.6623902800633151
 0.0
 0.1290536091658879
 0.0
 0.0
 0.0
 0.0
 0.0
 0.3376097199671939
 0.0
 0.0
 0.0
 1.0
 0.0
 0.0
 0.7540102605419534
 0.0
 1.0
 0.0
 0.0
 0.0
 0.0
 0.0
 0.0
 1.0
 0.0
 0.0
 0.8967336669658628
 0.0
 0.0
 0.0
 0.0
 0.0
 0.0
 0.8160379311755089
 0.0
 0.0
 0.22329026044674694
 0.0
 0.0
 1.0

