objective value: -627.102826887
objective bound: -627.165543432
termination status: OPTIMAL
BARON solution time: 3936.46


w_opt: 1-dimensional DenseAxisArray{Float64,1,...} with index sets:
    Dimension 1, [(25, 1, 2), (25, 1, 1), (25, 1, 14), (20, 1, 2), (20, 1, 1), (20, 1, 14), (1, 1, 2), (1, 1, 1), (1, 1, 14), (2, 1, 2)  …  (20, 15, 23), (20, 15, 3), (8, 15, 30), (8, 15, 29), (8, 15, 23), (8, 15, 3), (2, 15, 30), (2, 15, 29), (2, 15, 23), (2, 15, 3)]
And data, a 261-element Vector{Float64}:
 1.069653602747189
 1.9303463975371258
 0.0
 0.7989196140230865
 1.4417673112963012
 0.0
 0.0
 0.0
 0.0
 0.0
 0.0
 0.0
 0.0
 0.0
 0.0
 0.0
 2.0
 0.0
 0.0
 0.9999999997809655
 0.0
 0.0
 0.0
 0.0
 0.0
 0.0
 0.0
 0.0
 0.0
 2.926156833013367
 0.9761756184975583
 0.0
 0.0
 0.0
 0.0
 0.0
 0.0
 0.0
 0.0
 0.0
 0.0
 2.0738431681248697
 0.6918409548231818
 0.34073632294308015
 1.1414803789869714
 0.0
 0.0
 0.0
 0.0
 0.666410700972161
 2.232502637042782
 0.0
 0.0
 0.0
 0.0
 0.0
 0.0
 0.0
 0.0
 1.912998125764095
 0.9999999999923673
 0.0
 0.0
 0.0
 0.0
 0.0
 0.0
 0.0
 0.0
 0.0
 0.0
 0.009329319380154062
 0.027987958210859244
 0.0
 0.7499999998981152
 2.250000000340184
 0.0
 0.549352699589664
 1.648058099254565
 0.0
 0.0
 0.0
 0.0
 0.0
 0.0
 0.0
 0.0
 0.0
 0.0
 0.0
 0.0
 0.0
 0.6913179807419373
 2.073953942824746
 0.0
 0.0
 0.0
 0.0
 0.0
 0.0
 0.0
 1.9198534549819668
 0.8526908998047641
 0.2274556454929389
 0.0
 0.0
 0.0
 0.0
 0.0
 0.0
 0.0
 0.0
 0.0
 0.0
 0.0
 0.0
 0.0
 0.0
 5.250319062849756
 1.6212030569084888
 0.0
 0.12890329668605546
 0.0
 0.7496809377368662
 0.23148784163748373
 0.0
 0.01840580408561952
 0.0
 0.0
 0.0
 0.0
 0.0
 0.0
 0.0
 0.0
 0.0
 0.0
 0.0
 0.0
 0.0
 0.0
 0.0
 0.0
 0.0
 0.0
 0.0
 0.0
 0.0
 0.0
 0.0
 0.0
 0.07059548892652455
 0.0
 0.535059467756506
 0.2675297338337017
 0.0
 0.0
 1.46494053250476
 0.7324702661304058
 0.0
 0.0
 0.0
 0.0
 0.0
 0.0
 0.0
 0.0
 0.0
 0.0
 0.0
 0.0
 0.0
 0.0
 1.8074794021478866
 0.0
 0.0
 0.0
 0.41919451125860274
 0.0
 0.0
 0.0
 0.0
 0.0
 0.0
 0.0
 0.0
 0.0
 0.0
 0.0
 0.0
 0.0
 0.0
 0.0
 0.0
 1.5808054895522698
 1.0
 0.41919451064581964
 0.0
 0.0
 0.0
 0.0
 0.0
 0.0
 0.0
 0.0
 0.0
 1.4716758421703047
 0.6391291097024943
 0.09670881127242141
 0.5283241582804251
 0.2294441066647766
 0.03471797241933362
 0.0
 0.0
 0.0
 0.0
 0.0
 0.0
 0.0
 0.0
 0.0
 0.0
 0.0
 0.0
 0.0
 0.4358248440530828
 0.6627741093487042
 0.0
 0.0
 0.0
 0.0
 0.0
 0.0
 0.0
 0.0
 0.0
 0.0
 0.0
 0.0
 0.0
 0.0
 0.0
 0.0
 0.0
 0.0
 0.0
 0.0
 0.0
 0.0
 0.0
 0.0
 0.0
 0.0
 0.0
 0.0
 0.0
 0.0
 0.892212316206051
 3.912788917140942
 0.0
 0.8604791762653188
x_ij_opt: 1-dimensional DenseAxisArray{Float64,1,...} with index sets:
    Dimension 1, [(43, 30), (43, 22), (43, 6), (44, 22), (45, 30), (45, 29), (45, 28), (45, 24), (45, 23), (40, 29)  …  (5, 7), (5, 14), (6, 4), (6, 3), (1, 14), (1, 10), (1, 23), (1, 1), (3, 2), (3, 1)]
And data, a 116-element Vector{Float64}:
 0.0
 0.19252059787994474
 1.3800519391109238
 0.0
 1.107787684064777
 0.0
 1.5641751561604
 0.0
 0.0
 0.0
 0.0
 0.0
 0.0
 0.0
 0.0
 0.0
 0.0
 0.0
 0.24068692512988146
 0.0
 0.0
 0.0
 0.0
 0.0
 0.0
 0.0
 0.0
 2.0
 0.0
 0.0
 0.0
 0.0
 0.0
 0.0
 0.0
 0.0
 0.0
 0.0
 0.0
 0.0
 0.0
 0.0
 0.0
 0.6199480616198104
 0.0
 0.0
 0.0
 0.0
 0.0
 0.0
 0.0
 0.0
 0.0
 0.0
 0.0
 0.7733260863359587
 0.0
 0.0
 0.0
 1.9294045114146698
 0.0
 0.0
 0.0
 0.0
 6.0
 0.0
 0.0
 0.0
 0.0
 0.7593130752377042
 0.0
 0.0
 0.0
 0.0
 0.0
 0.0
 0.33722589065217895
 0.9928529763888831
 0.0
 0.0
 0.0
 0.0
 0.0
 0.0
 0.0
 0.0
 0.0
 0.08700187472909278
 0.0
 0.0
 0.0
 0.0
 0.0
 0.0
 0.0
 0.0
 0.0
 0.13142678421735396
 0.0
 0.13952082419868334
 0.0
 0.0
 0.0
 0.0
 0.0
 0.08014654581300024
 0.0
 0.0
 0.0
 0.0
 0.0
 0.0
 0.0
 2.400430646734002
 0.0
 0.0
x_il_opt: 1-dimensional DenseAxisArray{Float64,1,...} with index sets:
    Dimension 1, [(43, 15), (43, 14), (44, 15), (44, 13), (44, 3), (40, 14), (40, 2), (41, 14), (42, 6), (37, 13)  …  (4, 13), (5, 2), (5, 7), (5, 9), (6, 11), (1, 1), (1, 6), (1, 3), (2, 1), (2, 15)]
And data, a 71-element Vector{Float64}:
 0.0
 0.0
 0.0
 2.2075137631452204
 3.902332451585728
 1.0985989534027307
 0.0
 0.0
 0.03731727767181788
 0.7924862373645353
 0.0
 3.0
 0.0
 0.0
 3.0
 0.0
 0.0
 0.0
 7.000425416538007
 0.0
 1.4822167019217836
 0.0
 2.999999999965666
 0.8025892015902077
 2.1974107988993183
 0.0
 0.9995745836755529
 0.0
 2.226673914452713
 0.0
 3.0
 0.0
 0.0
 0.0
 0.0
 0.0
 0.0
 0.0
 2.2406869253438915
 0.0
 0.0
 0.0
 2.9129981258696005
 0.0
 0.0
 2.1974107986351656
 0.0
 3.0
 0.0
 0.0
 0.0
 0.0
 0.0
 0.0
 2.8989133379756793
 0.0
 0.0
 0.0
 0.0
 0.0
 0.0
 0.0
 0.0
 0.0
 0.07059548883598225
 0.0
 0.0
 2.765271923612908
 2.7656841230156464
 0.0
 5.665480409732716
x_lj_opt: 1-dimensional DenseAxisArray{Float64,1,...} with index sets:
    Dimension 1, [(15, 30), (15, 29), (15, 23), (15, 3), (14, 28), (14, 27), (14, 10), (14, 24), (13, 26), (13, 25)  …  (3, 6), (3, 5), (3, 29), (2, 4), (2, 3), (2, 1), (2, 5), (1, 2), (1, 1), (1, 14)]
And data, a 53-element Vector{Float64}:
 0.8922123162330627
 3.9127889171932932
 0.0
 0.8604791762920728
 0.4358248442336426
 0.6627741096232876
 0.0
 0.0
 2.0
 0.8685732162760568
 0.13142678370709554
 1.5808054894050814
 1.0
 0.4191945106224057
 1.807479402702939
 0.0
 0.0
 0.0
 0.41919451138753805
 0.0
 0.0
 2.0
 0.9999999999317996
 0.07059548897796812
 0.0
 0.0
 6.0
 1.8526908986240191
 0.0
 0.1473091008803882
 1.919853454872817
 0.8526908997683179
 0.22745564549908948
 1.999999999670609
 6.0
 0.0
 1.9129981259628908
 1.0
 0.0
 0.0
 1.0071470239013298
 3.3739830159832227
 0.0
 0.0
 5.000000001011623
 1.6680165732783951
 2.0
 0.0
 0.0
 0.9999999998792595
 1.868573216772614
 3.372113708837646
 0.0
q_opt: 1-dimensional DenseAxisArray{Float64,1,...} with index sets:
    Dimension 1, [(43, 15), (43, 14), (44, 15), (44, 13), (44, 3), (40, 14), (40, 2), (41, 14), (42, 6), (37, 13)  …  (4, 13), (5, 2), (5, 7), (5, 9), (6, 11), (1, 1), (1, 6), (1, 3), (2, 1), (2, 15)]
And data, a 71-element Vector{Float64}:
 0.0
 0.0
 0.0
 0.735837921016884
 0.5852313664934284
 0.9999999995857068
 0.0
 0.0
 0.004664659701217434
 0.2641620791181272
 0.0
 1.0
 0.0
 0.0
 0.3750000000225889
 0.0
 0.0
 0.0
 0.8750531770553945
 0.0
 0.33831835358374723
 0.0
 0.9999999999555413
 0.26752973385195006
 0.274676349850367
 0.0
 0.12494682294566631
 0.0
 0.9999999996929979
 0.0
 0.5724440408038638
 0.0
 0.0
 0.0
 0.0
 0.0
 0.0
 0.0
 0.4275559591948851
 0.0
 0.0
 0.0
 0.9999999998960819
 0.0
 0.0
 0.732470266180361
 0.0
 1.0
 0.0
 0.0
 0.0
 0.0
 0.0
 0.0
 0.6616816464300429
 0.0
 0.0
 0.0
 0.0
 0.0
 0.0
 0.0
 0.0
 0.0
 0.9999999992712718
 0.0
 0.0
 0.3456589904392287
 0.4147686335502182
 0.0
 0.9999999999735848

