objective value: -624.612165672
objective bound: -641.003426547
termination status: TIME_LIMIT
BARON solution time: 7229.11


w_opt: 1-dimensional DenseAxisArray{Float64,1,...} with index sets:
    Dimension 1, [(25, 1, 2), (25, 1, 1), (25, 1, 14), (20, 1, 2), (20, 1, 1), (20, 1, 14), (1, 1, 2), (1, 1, 1), (1, 1, 14), (2, 1, 2)  …  (20, 15, 23), (20, 15, 3), (8, 15, 30), (8, 15, 29), (8, 15, 23), (8, 15, 3), (2, 15, 30), (2, 15, 29), (2, 15, 23), (2, 15, 3)]
And data, a 261-element Vector{Float64}:
 1.3358167907409664
 0.0
 0.0
 0.6641832094198743
 0.0
 0.0
 0.0
 0.0
 0.0
 0.0
 0.0
 0.0
 0.0
 0.0
 0.0
 0.0
 2.0
 0.0
 0.0
 1.0000000003192526
 0.0
 0.0
 0.0
 0.0
 0.0
 0.0
 0.0
 0.0
 0.0
 1.4215838227184519
 0.8529502934017279
 0.0
 0.0
 0.0
 0.0
 3.57841617817386
 2.1470497063268206
 0.0
 0.0
 0.0
 0.0
 0.0
 0.0
 0.0
 0.0
 0.0
 0.0
 0.0
 0.0
 1.340988446512497
 1.3765558463094363
 0.0
 0.0
 0.0
 0.0
 0.0
 0.0
 0.0
 0.0
 2.0
 1.0
 0.0
 0.0
 0.0
 0.0
 0.0
 0.0
 0.0
 0.0
 0.0
 0.0
 0.0
 0.0
 0.0
 0.6402059948603347
 1.9206179844666942
 0.0
 0.5276802050106608
 1.5830406149344503
 0.0
 0.0
 0.0
 0.0
 0.0
 0.0
 0.0
 0.0
 0.0
 0.0
 0.0
 0.0
 0.0
 0.8321138004635065
 2.4963414012559415
 0.0
 0.0
 0.0
 0.0
 0.0
 0.0
 0.0
 0.2245167088211424
 0.37952496625486126
 0.9252486245755084
 0.2159164298223154
 0.3649869810247716
 0.8898062899887821
 0.0
 0.0
 0.0
 0.0
 0.0
 0.0
 0.0
 0.0
 0.0
 0.0
 0.0
 2.924923222903611
 2.1715333568048116
 0.0
 0.0
 0.0
 1.66638162220628
 1.237161799481564
 0.0
 0.0
 0.0
 0.0
 0.0
 0.0
 0.0
 0.0
 0.0
 0.0
 0.0
 0.0
 0.0
 0.0
 0.0
 0.0
 0.0
 0.0
 0.0
 0.0
 0.0
 0.0
 0.0
 0.0
 0.0
 0.0
 0.0
 0.0
 0.5928527870709828
 0.2964263934855321
 0.0
 0.0
 1.4071472132225058
 0.7035736064987033
 0.0
 0.0
 0.0
 0.0
 0.0
 0.0
 0.0
 0.0
 0.0
 0.0
 0.0
 0.0
 0.0
 0.0
 1.5573112441887849
 0.0
 0.0
 0.0
 0.22793975735092284
 0.0
 0.0
 0.0
 0.0
 0.0
 0.0
 0.0
 0.0
 0.0
 0.0
 0.0
 0.0
 0.0
 0.0
 0.0
 0.0
 1.77206024360643
 1.0
 0.22793975669417124
 0.0
 0.0
 0.0
 0.0
 0.0
 0.0
 0.0
 0.0
 0.0
 1.4500438415661294
 0.7250219203743307
 0.0
 0.5499561589173064
 0.274978079303634
 0.0
 0.0
 0.0
 0.0
 0.0
 0.0
 0.0
 0.0
 0.0
 0.0
 0.0
 0.0
 0.0
 0.0
 0.15354146834647617
 0.7666114423536146
 0.0
 0.0
 0.0
 0.0
 0.0
 0.0
 0.0
 0.0
 0.0
 0.0
 0.0
 0.0
 0.0
 0.0
 0.0
 0.0
 0.0
 0.0
 0.0
 0.0
 0.0
 0.0
 0.1658894813679832
 0.22992781814474267
 0.0
 0.08294474068374796
 0.0
 0.0
 0.0
 0.0
 1.8341105190418558
 2.542132426974995
 0.0
 0.917055259518227
x_ij_opt: 1-dimensional DenseAxisArray{Float64,1,...} with index sets:
    Dimension 1, [(43, 30), (43, 22), (43, 6), (44, 22), (45, 30), (45, 29), (45, 28), (45, 24), (45, 23), (40, 29)  …  (5, 7), (5, 14), (6, 4), (6, 3), (1, 14), (1, 10), (1, 23), (1, 1), (3, 2), (3, 1)]
And data, a 116-element Vector{Float64}:
 0.0
 0.44268875645725747
 1.4501586220809772
 0.0
 0.0
 0.0
 1.8464585316672402
 0.0
 0.0
 0.0
 0.0
 0.0
 0.0
 0.0
 0.0
 0.0
 0.0
 0.0
 0.2810869440141149
 0.0
 0.0
 0.0
 0.0
 0.0
 0.0
 0.0
 0.0
 2.0
 0.0
 0.0
 0.0
 0.0
 0.0
 0.0
 0.0
 0.0
 0.0
 0.0
 0.0
 0.0
 0.0
 0.0
 0.0
 0.5498413787455979
 0.0
 0.0
 0.0
 0.0
 0.0
 0.0
 0.0
 0.0
 0.0
 0.0
 0.0
 1.2147489986275644
 0.0
 1.4086951563796843
 0.2554880534124112
 2.0
 0.0
 0.0
 0.0
 0.0
 6.0
 0.0
 0.0
 0.0
 0.0
 0.7189130563585167
 0.0
 0.0
 0.0
 0.0
 0.0
 0.0
 0.23338855604208394
 0.6590115538193351
 0.0
 0.0
 0.0
 0.0
 0.0
 0.0
 0.0
 0.0
 0.0
 0.0
 0.0
 0.0
 0.0
 0.0
 0.0
 0.0
 0.0
 0.0
 0.0
 0.0
 0.0
 0.0
 0.0
 0.0
 0.0
 0.0
 0.0
 1.4474284964105815
 0.0
 0.0
 0.0
 0.0
 0.11213836555067827
 0.0
 0.0
 4.184945086744398
 0.0
 0.0
x_il_opt: 1-dimensional DenseAxisArray{Float64,1,...} with index sets:
    Dimension 1, [(43, 15), (43, 14), (44, 15), (44, 13), (44, 3), (40, 14), (40, 2), (41, 14), (42, 6), (37, 13)  …  (4, 13), (5, 2), (5, 7), (5, 9), (6, 11), (1, 1), (1, 6), (1, 3), (2, 1), (2, 15)]
And data, a 71-element Vector{Float64}:
 0.0
 0.0
 0.0
 2.1750657622158527
 2.2745341161201797
 0.9201529107000908
 0.0
 0.0
 0.0
 0.8249342383253898
 0.0
 3.0
 0.0
 0.0
 2.560823979327029
 0.0
 0.0
 0.0
 5.0964565797084225
 0.0
 0.0
 0.0
 3.0
 0.8892791805565149
 2.110720819945111
 0.0
 2.9035434216878437
 0.0
 1.7852510024465384
 0.0
 1.3358167907409664
 0.0
 0.0
 0.0
 0.0
 0.0
 0.0
 0.0
 0.6641832094198743
 0.47876204019647384
 0.0
 0.0
 3.0
 0.0
 0.0
 2.110720819721209
 0.0
 1.5292902996515119
 0.0
 0.0
 0.0
 0.0
 0.0
 0.0
 2.717544292821933
 0.0
 0.0
 5.7254658845006805
 0.0
 0.0
 0.0
 0.0
 0.0
 1.4707097008358692
 0.0
 0.0
 0.0
 3.328455201719448
 0.0
 0.0
 5.293298205535078
x_lj_opt: 1-dimensional DenseAxisArray{Float64,1,...} with index sets:
    Dimension 1, [(15, 30), (15, 29), (15, 23), (15, 3), (14, 28), (14, 27), (14, 10), (14, 24), (13, 26), (13, 25)  …  (3, 6), (3, 5), (3, 29), (2, 4), (2, 3), (2, 1), (2, 5), (1, 2), (1, 1), (1, 14)]
And data, a 53-element Vector{Float64}:
 2.0
 2.772060244824076
 0.0
 1.0
 0.15354146872177166
 0.7666114442274655
 0.0
 0.0
 2.0
 0.999999999534064
 0.0
 1.77206024343903
 1.0
 0.22793975669026223
 1.5573112441048134
 0.0
 0.0
 0.0
 0.22793975733870986
 0.0
 0.0
 2.0
 0.9999999999432965
 0.0
 0.0
 0.0
 4.59130484456761
 3.4086951558833003
 0.0
 0.0
 0.44043313861918576
 0.7445119472216802
 1.8150549143877583
 2.0
 6.0
 0.0
 2.0
 0.9999999999979582
 0.0
 0.0
 1.340988446467666
 1.3765558462634162
 0.0
 0.0
 5.000000000624317
 2.999999999567574
 2.0
 0.0
 0.0
 1.0000000002502898
 2.0
 0.0
 0.0
q_opt: 1-dimensional DenseAxisArray{Float64,1,...} with index sets:
    Dimension 1, [(43, 15), (43, 14), (44, 15), (44, 13), (44, 3), (40, 14), (40, 2), (41, 14), (42, 6), (37, 13)  …  (4, 13), (5, 2), (5, 7), (5, 9), (6, 11), (1, 1), (1, 6), (1, 3), (2, 1), (2, 15)]
And data, a 71-element Vector{Float64}:
 0.0
 0.0
 0.0
 0.7250219207121448
 0.284316764508181
 0.9999999975556364
 0.0
 0.0
 0.0
 0.27497807943175473
 0.0
 1.0
 0.0
 0.0
 0.32010299740074266
 0.0
 0.0
 0.0
 0.6370570724284437
 0.0
 0.0
 0.0
 1.0
 0.2964263935081953
 0.26384010248028766
 0.0
 0.3629429276891654
 0.0
 1.0
 0.10799843900617506
 0.6679083953353784
 0.0
 0.2188453149926402
 0.0
 0.0
 0.0
 0.0
 0.0
 0.3320916046924826
 0.08294474067584119
 0.0
 0.0
 1.0
 0.0
 0.0
 0.703573606544453
 0.0
 0.5097634331865505
 0.0
 0.0
 0.0
 0.0
 0.0
 0.0
 1.0
 0.0
 0.0
 0.715683235545417
 0.0
 0.0
 0.0
 0.0
 0.0
 0.4902365669160874
 0.6731562460011848
 0.0
 0.0
 0.41605690019694175
 0.0
 0.0
 0.917055259430816

