objective value: -620.211399364
objective bound: -620.273426693
termination status: OPTIMAL
BARON solution time: 290.38


w_opt: 1-dimensional DenseAxisArray{Float64,1,...} with index sets:
    Dimension 1, [(25, 1, 2), (25, 1, 1), (25, 1, 14), (20, 1, 2), (20, 1, 1), (20, 1, 14), (1, 1, 2), (1, 1, 1), (1, 1, 14), (2, 1, 2)  …  (20, 15, 23), (20, 15, 3), (8, 15, 30), (8, 15, 29), (8, 15, 23), (8, 15, 3), (2, 15, 30), (2, 15, 29), (2, 15, 23), (2, 15, 3)]
And data, a 261-element Vector{Float64}:
 1.309302271206826
 0.022621119579858996
 0.0
 0.6906977290577859
 0.01193334516372301
 0.0
 0.0
 0.0
 0.0
 0.0
 0.0
 0.0
 0.0
 0.0
 0.0
 0.0
 0.0
 0.0
 0.0
 3.0
 0.0
 0.0
 0.0
 0.0
 0.0
 0.0
 0.0
 0.0
 0.0
 0.0
 0.0
 0.0
 0.0
 0.0
 0.0
 0.0
 0.0
 0.0
 0.0
 0.0
 0.0
 0.0
 0.9373408376058641
 0.0
 0.0
 0.0
 0.0
 0.0
 0.0
 0.9968778126192428
 0.2199060198284877
 0.22846687814307456
 0.0
 0.0
 0.0
 0.0
 0.0
 0.0
 0.0
 1.8885813330561936
 1.0
 0.0
 0.0
 0.0
 0.0
 0.0
 0.0
 0.0
 0.0
 0.0
 0.0
 0.35054704247404583
 1.0516411273797197
 0.0
 0.7500000001036581
 2.2500000002352833
 0.0
 0.5619890516154757
 1.6859671547831232
 0.0
 0.0
 0.0
 0.0
 0.0
 0.0
 0.0
 0.0
 0.0
 0.0
 0.0
 0.0
 0.0
 0.3374639061067993
 1.0123917182795854
 0.0
 0.0
 0.0
 0.0
 0.0
 0.0
 0.0
 1.7733110342195755
 0.9740469690952489
 0.25264199695850703
 0.0
 0.0
 0.0
 0.0
 0.0
 0.0
 0.0
 0.0
 0.0
 0.0
 0.0
 0.0
 0.0
 0.0
 2.9131892833962696
 2.4347169001059643
 0.0
 0.0
 0.0
 1.444687139925135
 1.2074066779630992
 0.0
 0.0
 0.0
 0.0
 0.0
 0.0
 0.0
 0.0
 0.0
 0.0
 0.0
 0.0
 0.0
 0.0
 0.0
 0.0
 0.0
 0.0
 0.0
 0.0
 0.0
 0.0
 0.0
 0.0
 0.0
 0.0
 0.039824308153279295
 0.0
 0.7520437912133192
 0.0
 0.0
 0.0
 1.2479562090780267
 0.0
 0.0
 0.0
 0.0
 0.0
 0.0
 0.0
 0.0
 0.0
 0.0
 0.0
 0.0
 0.0
 0.0
 0.0
 1.6571047343425604
 0.0
 0.0
 0.0
 0.27566139917384724
 1.0672338660676748
 0.0
 0.0
 0.0
 0.0
 0.0
 0.0
 0.0
 0.0
 0.0
 0.0
 0.0
 0.0
 0.0
 0.0
 0.0
 1.7243386018178095
 1.0
 0.27566139838654147
 0.0
 0.0
 0.0
 0.0
 0.0
 0.0
 0.0
 0.0
 0.0
 1.5010544409783662
 0.7505272201361677
 0.0
 0.4989455594604972
 0.2494727796124467
 0.0
 0.0
 0.0
 0.0
 0.0
 0.0
 0.0
 0.0
 0.0
 0.0
 0.0
 0.0
 0.0
 0.0
 0.7566660684766686
 0.8342185447349318
 0.0
 0.0
 0.0
 0.0
 0.0
 0.0
 0.0
 0.0
 0.0
 0.0
 0.0
 0.0
 0.0
 0.0
 0.0
 0.0
 0.0
 0.0
 0.0
 0.0
 0.0
 0.0
 0.0
 0.0
 0.0
 0.0
 0.0
 0.0
 0.0
 0.0
 1.4064555184344723
 4.78699776553509
 0.0
 1.0
x_ij_opt: 1-dimensional DenseAxisArray{Float64,1,...} with index sets:
    Dimension 1, [(43, 30), (43, 22), (43, 6), (44, 22), (45, 30), (45, 29), (45, 28), (45, 24), (45, 23), (40, 29)  …  (5, 7), (5, 14), (6, 4), (6, 3), (1, 14), (1, 10), (1, 23), (1, 1), (3, 2), (3, 1)]
And data, a 116-element Vector{Float64}:
 0.0
 0.3428952663338909
 1.4199003681727582
 0.0
 0.5935444819540983
 0.0
 1.2433339319391272
 0.0
 0.0
 0.0
 0.0
 0.0
 0.0
 0.0
 0.0
 0.0
 0.0
 0.0
 0.2177980629412055
 0.0
 0.0
 0.0
 0.0
 0.0
 0.0
 0.0
 0.0
 2.0
 0.0
 0.0
 0.0
 0.0
 0.0
 0.0
 0.0
 0.0
 0.0
 0.0
 0.0
 0.0
 0.0
 0.0
 0.0
 0.5800996326990229
 0.0
 0.0
 0.0
 0.0
 0.0
 0.0
 0.0
 0.0
 0.0
 0.0
 0.0
 0.0
 0.0
 1.6421235780126358
 0.02595303161388131
 1.9601756921589932
 0.0
 0.0
 0.0
 0.0
 6.0
 0.0
 0.0
 0.0
 0.0
 0.7822019374447648
 0.0
 0.0
 0.0
 0.0
 0.0
 0.0
 0.16578145557123838
 1.0031221877268963
 0.0
 0.0
 0.0
 0.0
 0.0
 0.0
 0.0
 0.0
 0.0
 0.11141866783477844
 0.0
 0.033214076428330866
 0.0
 0.0
 0.0
 0.0
 0.0
 0.0
 0.0
 0.0
 0.0
 0.0
 0.0
 0.0
 0.0
 0.0
 0.0
 0.2266889665651923
 0.0
 0.0
 1.771533121936879
 0.0
 0.0
 0.0
 0.0
 5.712803539378165
 0.0
 0.0
x_il_opt: 1-dimensional DenseAxisArray{Float64,1,...} with index sets:
    Dimension 1, [(43, 15), (43, 14), (44, 15), (44, 13), (44, 3), (40, 14), (40, 2), (41, 14), (42, 6), (37, 13)  …  (4, 13), (5, 2), (5, 7), (5, 9), (6, 11), (1, 1), (1, 6), (1, 3), (2, 1), (2, 15)]
And data, a 71-element Vector{Float64}:
 0.0
 0.0
 0.0
 2.25158166135107
 0.0
 1.5908846130140326
 0.0
 0.0
 1.402188169831066
 0.7484183391516465
 0.0
 3.0
 0.0
 0.0
 3.0
 0.0
 0.0
 0.0
 5.347906183236387
 0.0
 0.0
 0.0
 3.0
 0.7520437941355265
 2.247956206360191
 0.0
 2.6520938177606377
 0.0
 3.0
 0.0
 1.3319233907219956
 0.0
 0.0
 0.0
 0.0
 0.0
 0.0
 0.0
 0.7026310741901933
 0.0
 0.0
 0.0
 2.888581333031197
 0.0
 0.0
 1.2479562139284401
 0.0
 3.0
 0.0
 0.0
 0.0
 0.0
 0.0
 0.0
 1.4452507105908052
 0.0
 0.0
 0.0
 0.0
 0.0
 0.0
 0.0
 0.0
 0.0
 0.039824308058451705
 0.0
 0.0
 1.3498556243645192
 0.9373408374197358
 0.0
 7.193453283998008
x_lj_opt: 1-dimensional DenseAxisArray{Float64,1,...} with index sets:
    Dimension 1, [(15, 30), (15, 29), (15, 23), (15, 3), (14, 28), (14, 27), (14, 10), (14, 24), (13, 26), (13, 25)  …  (3, 6), (3, 5), (3, 29), (2, 4), (2, 3), (2, 1), (2, 5), (1, 2), (1, 1), (1, 14)]
And data, a 53-element Vector{Float64}:
 1.4064555183442091
 4.786997765192644
 0.0
 1.0
 0.7566660684542443
 0.8342185447102284
 0.0
 0.0
 2.0
 0.9999999996368831
 0.0
 1.7243386016467457
 1.0
 0.2756613983631038
 1.657104734182577
 0.0
 0.0
 0.0
 0.2756613991436959
 1.0672338659632492
 0.0
 2.0
 0.0
 0.03982430823367827
 0.0
 0.0
 4.357876422892552
 3.6421235777163754
 0.0
 0.0
 1.77331103412202
 0.9740469690479726
 0.25264199695459405
 2.0
 6.0
 0.0
 1.8885813328599534
 0.9999999999990674
 0.0
 0.0
 0.9968778125657611
 0.21990601981291233
 0.22846687812708147
 0.0
 0.0
 0.9373408375370508
 0.0
 0.0
 0.0
 3.0
 2.0
 0.034554464730773775
 0.0
q_opt: 1-dimensional DenseAxisArray{Float64,1,...} with index sets:
    Dimension 1, [(43, 15), (43, 14), (44, 15), (44, 13), (44, 3), (40, 14), (40, 2), (41, 14), (42, 6), (37, 13)  …  (4, 13), (5, 2), (5, 7), (5, 9), (6, 11), (1, 1), (1, 6), (1, 3), (2, 1), (2, 15)]
And data, a 71-element Vector{Float64}:
 0.0
 0.0
 0.0
 0.7505272204181704
 0.0
 1.0
 0.0
 0.0
 0.17527352122065543
 0.24947277970400808
 0.0
 1.0
 0.0
 0.0
 0.3750000000217499
 0.0
 0.0
 0.0
 0.668488272890463
 0.0
 0.0
 0.0
 1.0
 0.37602189557036203
 0.2809945257832939
 0.0
 0.33151172721022576
 0.0
 1.0
 0.0
 0.6546511355491974
 0.0
 0.0
 0.0
 0.0
 0.0
 0.0
 0.0
 0.34534886449947216
 0.0
 0.0
 0.0
 1.0
 0.0
 0.0
 0.6239781044783459
 0.0
 1.0
 0.0
 0.0
 0.0
 0.0
 0.0
 0.0
 1.0
 0.0
 0.0
 0.0
 0.0
 0.0
 0.0
 0.0
 0.0
 0.0
 0.999999997863778
 0.0
 0.0
 0.16873195303761013
 1.0
 0.0
 1.0

