objective value: -627.1470567
objective bound: -627.209777672
termination status: OPTIMAL
BARON solution time: 244.99


w_opt: 1-dimensional DenseAxisArray{Float64,1,...} with index sets:
    Dimension 1, [(25, 1, 2), (25, 1, 1), (25, 1, 14), (20, 1, 2), (20, 1, 1), (20, 1, 14), (1, 1, 2), (1, 1, 1), (1, 1, 14), (2, 1, 2)  …  (20, 15, 23), (20, 15, 3), (8, 15, 30), (8, 15, 29), (8, 15, 23), (8, 15, 3), (2, 15, 30), (2, 15, 29), (2, 15, 23), (2, 15, 3)]
And data, a 261-element Vector{Float64}:
 1.1476907902319227
 1.852309210037224
 0.0
 0.8523092100344368
 1.3755797406262344
 0.0
 0.0
 0.0
 0.0
 0.0
 0.0
 0.0
 0.0
 0.0
 0.0
 0.0
 2.0
 0.0
 0.0
 1.0000000002890128
 0.0
 0.0
 0.0
 0.0
 0.0
 0.0
 0.0
 0.0
 0.0
 2.9163236678130064
 1.2844362072496607
 0.0
 0.0
 0.0
 0.0
 0.0
 0.0
 0.0
 0.0
 0.0
 0.0
 2.083676333054429
 0.9177134060607698
 0.20196615826651737
 0.6417566790983142
 0.0
 0.0
 0.0
 0.0
 0.8464832821613532
 2.6897392351984504
 0.0
 0.0
 0.0
 0.0
 0.0
 0.0
 0.0
 0.0
 1.9655223961906747
 1.0
 0.0
 0.0
 0.0
 0.0
 0.0
 0.0
 0.0
 0.0
 0.0
 0.0
 0.0
 0.0
 0.0
 0.6598385314548167
 1.9795155942169733
 0.0
 0.45163089824979846
 1.3548926946531847
 0.0
 0.0
 0.0
 0.0
 0.0
 0.0
 0.0
 0.0
 0.0
 0.0
 0.0
 0.0
 0.0
 0.888530570604815
 2.6655917116317207
 0.0
 0.0
 0.0
 0.0
 0.0
 0.0
 0.0
 2.0
 0.9248766019984155
 0.07512339789806553
 0.0
 0.0
 0.0
 0.0
 0.0
 0.0
 0.0
 0.0
 0.0
 0.0
 0.0
 0.0
 0.0
 0.0
 5.370520716342298
 1.7229316102643257
 0.0
 0.06724196141759367
 0.0
 0.6294792846877335
 0.20194499097539229
 0.0
 0.0078814372031353
 0.0
 0.0
 0.0
 0.0
 0.0
 0.0
 0.0
 0.0
 0.0
 0.0
 0.0
 0.0
 0.0
 0.0
 0.0
 0.0
 0.0
 0.0
 0.0
 0.0
 0.0
 0.0
 0.0
 0.0
 0.0
 0.0
 0.7956509384437748
 0.3978254691655272
 0.0
 0.0
 1.2043490618172965
 0.602174530823323
 0.0
 0.0
 0.0
 0.0
 0.0
 0.0
 0.0
 0.0
 0.0
 0.0
 0.0
 0.0
 0.0
 0.0
 2.0
 0.0
 0.0
 0.0
 0.2563725142871121
 0.0
 0.0
 0.0
 0.0
 0.0
 0.0
 0.0
 0.0
 0.0
 0.0
 0.0
 0.0
 0.0
 0.0
 0.0
 0.0
 1.7436274866851207
 1.0
 0.25637251351543666
 0.0
 0.0
 0.0
 0.0
 0.0
 0.0
 0.0
 0.0
 0.0
 1.3227631927543584
 0.6613815960542752
 0.0
 0.6772368076333661
 0.33861840365136064
 0.0
 0.0
 0.0
 0.0
 0.0
 0.0
 0.0
 0.0
 0.0
 0.0
 0.0
 0.0
 0.0
 0.0
 0.42366389395706483
 0.7182816115815993
 0.0
 0.0
 0.0
 0.0
 0.0
 0.0
 0.0
 0.0
 0.0
 0.0
 0.0
 0.0
 0.0
 0.0
 0.0
 0.0
 0.0
 0.0
 0.0
 0.0
 0.0
 0.0
 0.0
 0.0
 0.0
 0.0
 0.0
 0.0
 0.0
 0.0
 1.1126567690082956
 3.5414778746152193
 0.0
 1.0
x_ij_opt: 1-dimensional DenseAxisArray{Float64,1,...} with index sets:
    Dimension 1, [(43, 30), (43, 22), (43, 6), (44, 22), (45, 30), (45, 29), (45, 28), (45, 24), (45, 23), (40, 29)  …  (5, 7), (5, 14), (6, 4), (6, 3), (1, 14), (1, 10), (1, 23), (1, 1), (3, 2), (3, 1)]
And data, a 116-element Vector{Float64}:
 0.0
 0.0
 1.5601517520406045
 0.0
 0.887343231367872
 0.0
 1.57633610644472
 0.0
 0.0
 0.0
 0.0
 0.0
 0.0
 0.0
 0.0
 0.0
 0.0
 0.0
 0.319919646176245
 0.0
 1.252499672689117
 0.0
 0.0
 0.0
 0.0
 0.0
 0.0
 2.0
 0.0
 0.0
 0.0
 0.0
 0.0
 0.0
 0.0
 0.0
 0.0
 0.0
 0.0
 0.0
 0.0
 0.0
 0.0
 0.4398482487797502
 0.0
 0.0
 0.0
 0.0
 0.0
 0.0
 0.0
 0.0
 0.0
 0.0
 0.0
 0.7436274856957464
 0.0
 0.0
 0.0
 2.0
 0.0
 0.0
 0.0
 0.0
 6.0
 0.0
 0.0
 0.0
 0.0
 0.680080354208758
 0.0
 0.0
 0.0
 0.0
 0.0
 0.0
 0.28171838871316457
 0.9515505599008186
 0.0
 0.0
 0.0
 0.0
 0.0
 0.0
 0.0
 0.0
 0.0
 0.034477604693146084
 0.0
 0.0
 0.0
 0.0
 0.0
 0.0
 0.0
 0.0
 0.0
 0.0
 0.0
 0.0
 0.0
 0.0
 0.0
 0.0
 0.0
 0.0
 0.0
 0.0
 0.0
 0.0
 0.0
 0.0
 0.0
 1.444487979854267
 0.0
 0.0
x_il_opt: 1-dimensional DenseAxisArray{Float64,1,...} with index sets:
    Dimension 1, [(43, 15), (43, 14), (44, 15), (44, 13), (44, 3), (40, 14), (40, 2), (41, 14), (42, 6), (37, 13)  …  (4, 13), (5, 2), (5, 7), (5, 9), (6, 11), (1, 1), (1, 6), (1, 3), (2, 1), (2, 15)]
And data, a 71-element Vector{Float64}:
 0.0
 0.0
 0.0
 1.9841447890034183
 4.200759875035324
 1.1419455053412575
 0.0
 0.0
 0.0
 1.0158552113844541
 0.0
 3.0
 0.0
 0.0
 2.6393541256437656
 0.0
 0.0
 0.0
 7.160694287850271
 0.0
 0.8437228373463602
 0.0
 3.0
 1.193476407609302
 1.806523592881487
 0.0
 0.8393057128465055
 0.0
 2.256372515093429
 0.0
 3.0
 0.0
 0.0
 0.0
 0.0
 0.0
 0.0
 0.0
 2.227888950618847
 0.0
 0.0
 0.0
 2.9655223961939847
 0.0
 0.0
 1.8065235926406196
 0.0
 3.0
 0.0
 0.0
 0.0
 0.0
 0.0
 0.0
 3.5362225172831803
 0.0
 0.0
 0.0
 0.0
 0.0
 0.0
 0.0
 0.0
 0.0
 0.0
 0.0
 0.0
 3.5541222821908494
 3.0013897390956625
 0.0
 5.654134643658597
x_lj_opt: 1-dimensional DenseAxisArray{Float64,1,...} with index sets:
    Dimension 1, [(15, 30), (15, 29), (15, 23), (15, 3), (14, 28), (14, 27), (14, 10), (14, 24), (13, 26), (13, 25)  …  (3, 6), (3, 5), (3, 29), (2, 4), (2, 3), (2, 1), (2, 5), (1, 2), (1, 1), (1, 14)]
And data, a 53-element Vector{Float64}:
 1.1126567689304447
 3.541477874367422
 0.0
 1.0
 0.42366389394907744
 0.7182816115682259
 0.0
 0.0
 2.0
 0.9999999996089531
 0.0
 1.7436274865194084
 1.0
 0.25637251349091533
 2.0
 0.0
 0.0
 0.0
 0.2563725142704242
 0.0
 0.0
 2.0
 0.9999999999566465
 0.0
 0.0
 0.0
 6.0
 1.9248766010989156
 0.0
 0.07512339861530481
 2.0
 0.9248766019945329
 0.07512339789775017
 2.0
 6.0
 0.0
 1.9655223959959727
 0.9999999999974493
 0.0
 0.0
 1.048449440390433
 3.331495914176689
 0.0
 0.0
 5.0000000006684635
 2.202149613222797
 2.0
 0.0
 0.0
 1.0000000002208855
 2.0
 3.227888950542933
 0.0
q_opt: 1-dimensional DenseAxisArray{Float64,1,...} with index sets:
    Dimension 1, [(43, 15), (43, 14), (44, 15), (44, 13), (44, 3), (40, 14), (40, 2), (41, 14), (42, 6), (37, 13)  …  (4, 13), (5, 2), (5, 7), (5, 9), (6, 11), (1, 1), (1, 6), (1, 3), (2, 1), (2, 15)]
And data, a 71-element Vector{Float64}:
 0.0
 0.0
 0.0
 0.6613815963129065
 0.583264733484623
 1.0
 0.0
 0.0
 0.0
 0.33861840378377633
 0.0
 1.0
 0.0
 0.0
 0.3299192656937601
 0.0
 0.0
 0.0
 0.895086785968897
 0.0
 0.19263318810251256
 0.0
 1.0
 0.3978254691827622
 0.22581544910304616
 0.0
 0.10491321410428744
 0.0
 1.0
 0.05292748108339393
 0.5738453950609627
 0.0
 0.09942681035451681
 0.0
 0.0
 0.0
 0.0
 0.0
 0.42615460497637714
 0.0
 0.0
 0.0
 1.0
 0.0
 0.0
 0.6021745308494407
 0.0
 1.0
 0.0
 0.0
 0.0
 0.0
 0.0
 0.0
 0.8073668119335516
 0.0
 0.0
 0.0
 0.0
 0.0
 0.0
 0.0
 0.0
 0.0
 0.8476457085620892
 0.0
 0.0
 0.44426528526106923
 0.41673526655517135
 0.0
 1.0

