objective value: -621.457449179
objective bound: -642.513185903
termination status: TIME_LIMIT
BARON solution time: 7227.01


w_opt: 1-dimensional DenseAxisArray{Float64,1,...} with index sets:
    Dimension 1, [(25, 1, 2), (25, 1, 1), (25, 1, 14), (20, 1, 2), (20, 1, 1), (20, 1, 14), (1, 1, 2), (1, 1, 1), (1, 1, 14), (2, 1, 2)  …  (20, 15, 23), (20, 15, 3), (8, 15, 30), (8, 15, 29), (8, 15, 23), (8, 15, 3), (2, 15, 30), (2, 15, 29), (2, 15, 23), (2, 15, 3)]
And data, a 261-element Vector{Float64}:
 0.23344236123237314
 0.46981868023583184
 0.0
 0.7425516149417435
 1.4944357909041581
 0.0
 0.0
 0.0
 0.0
 0.0
 0.0
 0.0
 0.0
 0.0
 0.0
 0.0
 2.0
 0.0
 0.0
 0.999999999999505
 0.0
 0.0
 0.0
 0.0
 0.0
 0.0
 0.0
 0.0
 0.0
 1.283739829283333
 0.4936289223317844
 0.0
 0.0
 0.0
 0.0
 3.7162601718795143
 1.4289916553991528
 0.0
 0.0
 0.0
 0.0
 0.0
 0.0
 0.0
 0.0
 0.0
 0.0
 0.0
 0.0
 0.9978916074640745
 0.14091039492406857
 0.0
 0.0
 0.0
 0.0
 0.0
 0.0
 0.0
 0.0
 2.0
 0.999999999995248
 0.0
 0.0
 0.0
 0.0
 0.0
 0.0
 0.0
 0.0
 0.0
 0.0
 0.0
 0.0
 0.0
 0.536058081025045
 1.6081742429842183
 0.0
 0.4704455950622882
 1.411336785117233
 0.0
 0.0
 0.0
 0.0
 0.0
 0.0
 0.0
 0.0
 0.0
 0.0
 0.0
 0.0
 0.0
 0.9934963241790643
 2.9804889722977808
 0.0
 0.0
 0.0
 0.0
 0.0
 0.0
 0.0
 2.0
 0.9902691744553105
 0.009730825549930143
 0.0
 0.0
 0.0
 0.0
 0.0
 0.0
 0.0
 0.0
 0.0
 0.0
 0.0
 0.0
 0.0
 0.0
 2.116201999195858
 2.8837980007696795
 0.0
 0.0
 0.0
 1.2697211995447781
 1.7302788005241316
 0.0
 0.0
 0.0
 0.0
 0.0
 0.0
 0.0
 0.0
 0.0
 0.0
 0.0
 0.0
 0.0
 0.0
 0.0
 0.0
 0.0
 0.0
 0.0
 0.0
 0.0
 0.0
 0.0
 0.0
 0.0
 0.0
 0.0
 0.0
 0.7454784135073771
 0.37273920670044314
 0.0
 0.0
 1.2545215867904418
 0.627260793308525
 0.0
 0.0
 0.0
 0.0
 0.0
 0.0
 0.0
 0.0
 0.0
 0.0
 0.0
 0.0
 0.0
 0.0
 1.5655609563435213
 0.0
 0.0
 0.0
 0.37662535160886174
 0.0
 0.0
 0.0
 0.0
 0.0
 0.0
 0.0
 0.0
 0.0
 0.0
 0.0
 0.0
 0.0
 0.0
 0.0
 0.0
 1.62337464937297
 1.0
 0.3766253509239771
 0.0
 0.0
 0.0
 0.0
 0.0
 0.0
 0.0
 0.0
 0.0
 1.525310439365779
 0.6544700073414267
 0.10818521222466079
 0.47468956113408506
 0.20367662380860968
 0.03366815670438564
 0.0
 0.0
 0.0
 0.0
 0.0
 0.0
 0.0
 0.0
 0.0
 0.0
 0.0
 0.0
 0.0
 0.2353518785369888
 0.5694368456400027
 0.0
 0.0
 0.0
 0.0
 0.0
 0.0
 0.0
 0.0
 0.0
 0.0
 0.0
 0.0
 0.0
 0.0
 0.0
 0.0
 0.0
 0.0
 0.0
 0.0
 0.0
 0.0
 0.0
 0.0
 0.0
 0.0
 0.0
 0.0
 0.0
 0.0
 0.7923109433059958
 3.7007540729276256
 0.0
 0.8794950279284144
x_ij_opt: 1-dimensional DenseAxisArray{Float64,1,...} with index sets:
    Dimension 1, [(43, 30), (43, 22), (43, 6), (44, 22), (45, 30), (45, 29), (45, 28), (45, 24), (45, 23), (40, 29)  …  (5, 7), (5, 14), (6, 4), (6, 3), (1, 14), (1, 10), (1, 23), (1, 1), (3, 2), (3, 1)]
And data, a 116-element Vector{Float64}:
 0.0
 0.4344390444023034
 1.610772419190274
 0.0
 1.2076890570711232
 0.0
 1.7646481217796672
 0.0
 0.0
 0.0
 0.0
 0.0
 0.0
 0.0
 0.0
 0.0
 0.0
 0.0
 0.2369874053485974
 0.0
 0.0
 0.0
 0.0
 0.0
 0.0
 0.0
 0.0
 2.0
 0.0
 0.0
 0.0
 0.0
 0.0
 0.0
 0.0
 0.0
 0.0
 0.0
 0.0
 0.0
 0.0
 0.0
 0.8821526553480233
 0.3892275816452606
 0.0
 0.0
 0.0
 0.0
 0.0
 0.0
 0.0
 0.0
 0.0
 0.0
 0.0
 1.057813691299378
 0.0
 2.287008132638304
 0.009730826235220359
 2.0
 0.0
 0.0
 0.0
 0.0
 6.0
 0.0
 0.3270686697185294
 0.0
 0.0
 0.7630125950276481
 0.0
 0.0
 0.0
 0.0
 0.0
 0.0
 0.4305631544496318
 1.0021083929041903
 0.0
 0.0
 0.0
 0.0
 0.0
 0.0
 0.0
 0.0
 0.0
 0.0
 0.0
 0.0
 0.0
 0.0
 0.0
 0.0
 0.0
 0.0
 0.0
 0.1418533694520526
 0.0
 0.12050497265144594
 0.0
 0.0
 0.0
 0.0
 0.0
 0.0
 0.0
 0.0
 0.0
 0.0
 0.0
 0.0
 0.0
 4.026014704603705
 0.0
 0.0
x_il_opt: 1-dimensional DenseAxisArray{Float64,1,...} with index sets:
    Dimension 1, [(43, 15), (43, 14), (44, 15), (44, 13), (44, 3), (40, 14), (40, 2), (41, 14), (42, 6), (37, 13)  …  (4, 13), (5, 2), (5, 7), (5, 9), (6, 11), (1, 1), (1, 6), (1, 3), (2, 1), (2, 15)]
And data, a 71-element Vector{Float64}:
 0.0
 0.0
 0.0
 2.2879656589318667
 1.7773687516993728
 0.8047887243783968
 0.0
 0.0
 0.0
 0.7120343416470803
 0.0
 3.0
 0.0
 0.0
 2.1442323241086534
 0.0
 0.0
 0.0
 5.000000000432716
 0.0
 0.0
 0.0
 3.0
 1.1182176202078202
 1.8817823802821625
 0.0
 3.0
 0.0
 1.9421863096003282
 0.0
 0.7032610415112494
 0.0
 0.0
 0.0
 0.0
 0.0
 0.0
 0.0
 2.236987405845902
 0.0
 0.0
 0.0
 3.0
 0.0
 0.0
 1.8817823800989668
 0.0
 3.0
 0.0
 0.0
 0.0
 0.0
 0.0
 0.0
 1.138802002444119
 0.0
 0.0
 5.145251827333108
 0.0
 0.0
 0.0
 0.0
 0.0
 0.0
 0.0
 0.0
 0.0
 3.973985296553615
 0.0
 0.0
 5.372560044282447
x_lj_opt: 1-dimensional DenseAxisArray{Float64,1,...} with index sets:
    Dimension 1, [(15, 30), (15, 29), (15, 23), (15, 3), (14, 28), (14, 27), (14, 10), (14, 24), (13, 26), (13, 25)  …  (3, 6), (3, 5), (3, 29), (2, 4), (2, 3), (2, 1), (2, 5), (1, 2), (1, 1), (1, 14)]
And data, a 53-element Vector{Float64}:
 0.7923109432268162
 3.7007540725555
 0.0
 0.8794950278405212
 0.23535187861472479
 0.5694368458280855
 0.0
 0.0
 2.0
 0.858146631039541
 0.14185336893938144
 1.6233746492208836
 1.0
 0.37662535090505916
 1.5655609561890436
 0.0
 0.0
 0.0
 0.3766253515716988
 0.0
 0.0
 2.0
 0.9999999999674918
 0.0
 0.0
 0.0
 3.3859231985077036
 4.614076800902021
 0.0
 0.0
 2.0
 0.9902691744451132
 0.009730825489846604
 2.0
 5.999999999915414
 0.0
 2.0
 0.9999999999518798
 0.0
 0.0
 0.9978916073884775
 0.14091039491338547
 0.0
 0.0
 5.000000000906147
 1.9226205776322296
 2.0
 0.0
 0.0
 0.9999999999849111
 0.9759939760980375
 1.9642544709865624
 0.0
q_opt: 1-dimensional DenseAxisArray{Float64,1,...} with index sets:
    Dimension 1, [(43, 15), (43, 14), (44, 15), (44, 13), (44, 3), (40, 14), (40, 2), (41, 14), (42, 6), (37, 13)  …  (4, 13), (5, 2), (5, 7), (5, 9), (6, 11), (1, 1), (1, 6), (1, 3), (2, 1), (2, 15)]
And data, a 71-element Vector{Float64}:
 0.0
 0.0
 0.0
 0.7626552196116513
 0.2567479658101363
 0.9999999996697031
 0.0
 0.0
 0.0
 0.23734478054748073
 0.0
 1.0
 0.0
 0.0
 0.26802904050124665
 0.0
 0.0
 0.0
 0.6250000000442085
 0.0
 0.0
 0.0
 1.0
 0.3727392067184825
 0.23522279752293765
 0.0
 0.375000000047556
 0.0
 1.0
 0.290851218108051
 0.23918422341663118
 0.0
 0.15051983286386622
 0.0
 0.0
 0.0
 0.0
 0.0
 0.7608157766612086
 0.0
 0.0
 0.0
 1.0
 0.0
 0.0
 0.6272607933351341
 0.0
 1.0
 0.0
 0.0
 0.0
 0.0
 0.0
 0.0
 1.0
 0.0
 0.0
 0.7432520342412038
 0.0
 0.0
 0.0
 0.0
 0.0
 0.0
 0.5586289490280829
 0.0
 0.0
 0.49674816205683203
 0.0
 0.0
 1.0

