objective value: -636.512538942
objective bound: -636.575267429
termination status: OPTIMAL
BARON solution time: 61.65


w_opt: 1-dimensional DenseAxisArray{Float64,1,...} with index sets:
    Dimension 1, [(25, 1, 2), (25, 1, 1), (25, 1, 14), (20, 1, 2), (20, 1, 1), (20, 1, 14), (1, 1, 2), (1, 1, 1), (1, 1, 14), (2, 1, 2)  …  (20, 15, 23), (20, 15, 3), (8, 15, 30), (8, 15, 29), (8, 15, 23), (8, 15, 3), (2, 15, 30), (2, 15, 29), (2, 15, 23), (2, 15, 3)]
And data, a 261-element Vector{Float64}:
 1.2029195945375692
 0.0
 0.0
 0.7970804018134228
 0.0
 0.0
 0.0
 0.0
 0.0
 0.0
 0.0
 0.0
 0.0
 0.0
 0.0
 0.0
 1.9782705333035193
 0.0
 0.0
 1.0217294664537095
 0.0
 0.0
 0.0
 0.0
 0.0
 0.0
 0.0
 0.0
 0.0
 1.4064607836937935
 0.7428072566941475
 0.0
 0.0
 0.0
 0.0
 3.5718097503867785
 1.8864132103137685
 0.0
 0.0
 0.0
 0.0
 0.0
 0.0
 0.0
 0.0
 0.0
 0.0
 0.0
 0.0
 1.2378465495049418
 1.4874044102950335
 0.021729466819461415
 0.0
 0.0
 0.0
 0.0
 0.0
 0.0
 0.0
 1.9999999999883447
 0.9999999995340495
 0.0
 0.0
 0.0
 0.0
 0.0
 0.0
 0.0
 0.0
 0.0
 0.0
 0.20828378282004006
 0.6248513484679553
 0.0
 0.7499999998780426
 2.2499999995743973
 0.0
 0.5574328511424181
 1.672298553393579
 0.0
 0.0
 0.0
 0.0
 0.0
 0.0
 0.0
 0.0
 0.0
 0.0
 0.0
 0.0
 0.0
 0.4842833661734188
 1.4528500984959845
 0.0
 0.0
 0.0
 0.0
 0.0
 0.0
 0.0
 1.9371334606501294
 0.879178008892921
 0.0
 0.0
 0.0
 0.0
 0.0
 0.0
 0.0
 0.0
 0.0
 0.0
 0.0
 0.0
 0.0
 0.0
 0.0
 2.9259578269159507
 2.0740421716232498
 0.0
 0.0
 0.0
 1.7555746958394982
 1.2444253027337193
 0.0
 0.0
 0.0
 0.0
 0.0
 0.0
 0.0
 0.0
 0.0
 0.0
 0.0
 0.0
 0.0
 0.0
 0.0
 0.0
 0.0
 0.0
 0.0
 0.0
 0.0
 0.0
 0.3577909360138164
 0.0
 0.0
 0.0
 0.3083314714488637
 0.0
 0.5135123972879958
 0.2567561984107259
 0.0
 0.0
 1.4864876027494172
 0.7432438007036763
 0.0
 0.0
 0.0
 0.0
 0.0
 0.0
 0.0
 0.0
 0.0
 0.0
 0.0
 0.0
 0.0
 0.0
 1.9999999981682464
 0.0
 0.0
 0.0
 0.44849235933471154
 0.0
 0.0
 0.0
 0.0
 0.0
 0.0
 0.0
 0.0
 0.0
 0.0
 0.0
 0.0
 0.0
 0.0
 0.0
 0.0
 1.5515076409399717
 0.9999999999927106
 0.4484923592390041
 0.0
 0.0
 0.0
 0.0
 0.0
 0.0
 0.0
 0.0
 0.0
 1.4855084433431962
 0.74275421846313
 0.0
 0.5144915564740269
 0.25724577711500113
 0.0
 0.0
 0.0
 0.0
 0.0
 0.0
 0.0
 0.0
 0.0
 0.0
 0.0
 0.0
 0.0
 0.0
 0.4996931206801615
 0.8919381831328881
 0.0
 0.0
 0.0
 0.0
 0.0
 0.0
 0.0
 0.0
 0.0
 0.0
 0.0
 0.0
 0.0
 0.0
 0.0
 0.0
 0.0
 0.0
 0.0
 0.0
 0.0
 0.0
 0.0
 0.0
 0.0
 0.0
 0.0
 0.0
 0.0
 0.0
 1.5773250818886675
 2.922287174496359
 0.0
 0.9999999999446987
x_ij_opt: 1-dimensional DenseAxisArray{Float64,1,...} with index sets:
    Dimension 1, [(43, 30), (43, 22), (43, 6), (44, 22), (45, 30), (45, 29), (45, 28), (45, 24), (45, 23), (40, 29)  …  (5, 7), (5, 14), (6, 4), (6, 3), (1, 14), (1, 10), (1, 23), (1, 1), (3, 2), (3, 1)]
And data, a 116-element Vector{Float64}:
 0.0
 0.0
 1.4779914662658622
 0.0
 0.4226749183059874
 0.0
 1.5003068773110633
 0.0
 0.0
 0.0
 0.0
 0.0
 0.0
 0.0
 0.0
 0.0
 0.0
 0.0
 0.22041073915348006
 0.0
 0.0
 0.0
 0.0
 0.0
 0.0
 0.0
 0.0
 1.999999997482025
 0.0
 0.0
 0.0
 0.0
 0.0
 0.0
 0.0
 0.0
 0.0
 0.0
 0.0
 0.0
 0.0
 0.0
 0.0
 0.5220085265578298
 0.0
 0.0
 0.0
 0.0
 0.0
 0.0
 0.0
 0.0
 0.0
 0.0
 0.0
 0.551507641127782
 0.0
 1.318467476210549
 0.12082199133703583
 1.3338775920031178
 0.0
 0.0
 0.0
 0.0
 6.0
 0.0
 0.0
 0.0
 0.0
 0.7795892607974441
 0.0
 0.0
 0.0
 0.0
 0.0
 0.0
 0.1080618128577757
 0.7621534491844969
 0.0
 0.0
 0.0
 0.0
 0.0
 0.0
 0.0
 0.0
 0.0
 0.0
 0.0
 0.0
 0.0
 0.0
 0.6426204718163568
 0.0
 0.0
 0.0
 0.0
 0.0
 0.0
 0.0
 0.0
 0.0
 0.0
 0.0
 0.0
 0.0
 0.0
 0.0
 0.0
 0.0
 0.06286653738774615
 0.0
 0.0
 5.999999998501904
 0.0
 0.0
x_il_opt: 1-dimensional DenseAxisArray{Float64,1,...} with index sets:
    Dimension 1, [(43, 15), (43, 14), (44, 15), (44, 13), (44, 3), (40, 14), (40, 2), (41, 14), (42, 6), (37, 13)  …  (4, 13), (5, 2), (5, 7), (5, 9), (6, 11), (1, 1), (1, 6), (1, 3), (2, 1), (2, 15)]
And data, a 71-element Vector{Float64}:
 0.0
 0.0
 0.0
 2.2282626645560675
 2.1492680425488593
 1.3916313040486636
 0.0
 0.0
 0.8331351313800545
 0.7717373346070079
 0.0
 3.0
 0.0
 0.0
 2.999999999568659
 0.0
 0.0
 0.0
 4.999999999158637
 0.0
 0.0
 0.0
 3.0
 0.7702685956987217
 2.229731404643524
 0.0
 2.9999999990952753
 0.0
 2.448492359485835
 0.3577909361045033
 1.2029195963428645
 0.0
 0.0
 0.0
 0.0
 0.0
 0.0
 0.0
 0.797080403053504
 0.0
 0.0
 0.0
 2.9999999997753153
 0.0
 0.0
 2.2297314034530933
 0.0
 2.8163114697662888
 0.0
 0.0
 0.0
 0.0
 0.0
 0.0
 2.7469804266194364
 0.0
 0.0
 5.458222966034811
 0.0
 0.0
 0.0
 0.0
 0.0
 0.0
 0.3083314715306554
 0.0
 0.0
 1.9371334647736633
 0.0
 0.0
 5.499612256612186
x_lj_opt: 1-dimensional DenseAxisArray{Float64,1,...} with index sets:
    Dimension 1, [(15, 30), (15, 29), (15, 23), (15, 3), (14, 28), (14, 27), (14, 10), (14, 24), (13, 26), (13, 25)  …  (3, 6), (3, 5), (3, 29), (2, 4), (2, 3), (2, 1), (2, 5), (1, 2), (1, 1), (1, 14)]
And data, a 53-element Vector{Float64}:
 1.5773250819603528
 2.922287174624056
 0.0
 0.9999999999951003
 0.4996931229039735
 0.8919381871026609
 0.0
 0.0
 2.0
 0.9999999957418907
 0.0
 1.5515076408673203
 0.9999999999597662
 0.44849235921325536
 1.999999999709551
 0.0
 0.0
 0.0
 0.44849235968258677
 0.0
 0.0
 2.0
 0.999999999143774
 0.6661224082272261
 0.0
 0.0
 4.6815325238882215
 3.3184674752176515
 0.0
 0.0
 1.937133460819385
 0.8791780089899139
 0.0
 2.0
 5.999999999893048
 0.0
 2.0
 0.9999999996494972
 0.0
 0.0
 1.2378465509463494
 1.487404412027219
 0.021729466779610334
 0.0
 4.978270534148921
 2.6292204670717387
 1.9782705333966955
 0.0
 0.0
 1.0217294665488246
 1.999999996758054
 0.0
 0.0
q_opt: 1-dimensional DenseAxisArray{Float64,1,...} with index sets:
    Dimension 1, [(43, 15), (43, 14), (44, 15), (44, 13), (44, 3), (40, 14), (40, 2), (41, 14), (42, 6), (37, 13)  …  (4, 13), (5, 2), (5, 7), (5, 9), (6, 11), (1, 1), (1, 6), (1, 3), (2, 1), (2, 15)]
And data, a 71-element Vector{Float64}:
 0.0
 0.0
 0.0
 0.7427542216539266
 0.2825199582961405
 0.9999999955517235
 0.0
 0.0
 0.10414189141273679
 0.25724577823766204
 0.0
 1.0
 0.0
 0.0
 0.37499999993768063
 0.0
 0.0
 0.0
 0.6249999998883016
 0.0
 0.0
 0.0
 0.9999999999794721
 0.25675619863481636
 0.27871642557182
 0.0
 0.37499999987415733
 0.0
 0.9999999992299486
 0.5371249061655801
 0.601459798244689
 0.0
 0.0
 0.0
 0.0
 0.0
 0.0
 0.0
 0.3985402015536886
 0.0
 0.0
 0.0
 0.9999999999461049
 0.0
 0.0
 0.7432438013453867
 0.0
 0.9999999999229743
 0.0
 0.0
 0.0
 0.0
 0.0
 0.0
 0.9999999988357645
 0.0
 0.0
 0.7174800416904774
 0.0
 0.0
 0.0
 0.0
 0.0
 0.0
 0.4628750926867318
 0.0
 0.0
 0.24214168308793824
 0.0
 0.0
 0.9999999999575229

