objective value: -623.615734991
objective bound: -623.678102797
termination status: OPTIMAL
BARON solution time: 4353.98


w_opt: 1-dimensional DenseAxisArray{Float64,1,...} with index sets:
    Dimension 1, [(25, 1, 2), (25, 1, 1), (25, 1, 14), (20, 1, 2), (20, 1, 1), (20, 1, 14), (1, 1, 2), (1, 1, 1), (1, 1, 14), (2, 1, 2)  …  (20, 15, 23), (20, 15, 3), (8, 15, 30), (8, 15, 29), (8, 15, 23), (8, 15, 3), (2, 15, 30), (2, 15, 29), (2, 15, 23), (2, 15, 3)]
And data, a 261-element Vector{Float64}:
 1.14459338649191
 1.855406613700825
 0.0
 0.8554065991661264
 1.386629592855461
 0.0
 0.0
 0.0
 0.0
 0.0
 0.0
 0.0
 0.0
 0.0
 0.0
 0.0
 2.0
 0.0
 0.999999999871586
 0.0
 0.0
 0.0
 0.0
 0.0
 0.0
 0.0
 0.0
 0.0
 0.030434666508195603
 3.9824493685061433
 1.2970484559109094
 0.0
 0.0
 0.0
 0.0
 0.0
 0.0
 0.0
 0.0
 0.0
 0.015418521360437068
 2.0175506322906
 0.6570983558578207
 0.2945621335706528
 0.9539927071216788
 0.0
 0.0
 0.0
 0.0
 0.7225691501874665
 2.340170786087747
 0.0
 0.0
 0.0
 0.0
 0.0
 0.0
 0.0
 0.0
 2.0
 1.0
 0.0
 0.0
 0.0
 0.0
 0.0
 0.0
 0.0
 0.0
 0.0
 0.0
 0.6584072738999316
 1.975221821603132
 0.0
 0.0
 0.0
 0.0
 0.48273916123977934
 1.4482174836378017
 0.0
 0.0
 0.0
 0.0
 0.0
 0.0
 0.0
 0.0
 0.0
 0.0
 0.0
 0.0
 0.0
 0.8588535649983743
 2.576560694881547
 0.0
 0.0
 0.0
 0.0
 0.0
 0.0
 0.0
 1.964389862072134
 1.0
 0.03561013811408178
 0.0
 0.0
 0.0
 0.0
 0.0
 0.0
 0.0
 0.0
 0.0
 0.0
 0.0
 0.0
 0.0
 0.0
 4.390199806618025
 1.4633999347970774
 0.0
 0.0
 0.0
 1.6098001944429112
 0.5366000645470265
 0.0
 0.0
 0.0
 0.0
 0.0
 0.0
 0.0
 0.0
 0.0
 0.0
 0.0
 0.0
 0.0
 0.0
 0.0
 0.0
 0.0
 0.0
 0.0
 0.0
 0.0
 0.0
 0.0
 0.0
 0.0
 0.0
 0.0
 0.0
 0.7126955704560077
 0.3563477851748971
 0.0
 0.0
 1.287304429805178
 0.643652214806328
 0.0
 0.0
 0.0
 0.0
 0.0
 0.0
 0.0
 0.0
 0.0
 0.0
 0.0
 0.0
 0.0
 0.0
 2.0
 0.0
 0.0
 0.0
 0.29416349130459757
 0.0
 0.0
 0.0
 0.0
 0.0
 0.0
 0.0
 0.0
 0.0
 0.0
 0.0
 0.0
 0.0
 0.0
 0.0
 0.0
 1.7058365096613262
 1.0
 0.294163490540863
 0.0
 0.0
 0.0
 0.0
 0.0
 0.0
 0.0
 0.0
 0.0
 1.4515941629547453
 0.7257970705386543
 1.0816129700895306e-8
 0.5484058374347268
 0.2742029145848361
 0.0
 0.0
 0.0
 0.0
 0.0
 0.0
 0.0
 0.0
 0.0
 0.0
 0.0
 0.0
 0.0
 0.0
 0.14678470593953424
 0.5311398408648974
 0.0
 0.0
 0.0
 0.0
 0.0
 0.0
 0.0
 0.0
 0.0
 0.0
 0.0
 0.0
 0.0
 0.0
 0.0
 0.0
 0.0
 0.0
 0.1812077701199802
 0.06810600703673259
 0.0
 0.09060388506014098
 0.0
 0.0
 0.0
 0.0
 0.0
 0.0
 0.0
 0.0
 1.8187922301273114
 0.6835836914759866
 0.0
 0.9093961150622665
x_ij_opt: 1-dimensional DenseAxisArray{Float64,1,...} with index sets:
    Dimension 1, [(43, 30), (43, 22), (43, 6), (44, 22), (45, 30), (45, 29), (45, 28), (45, 24), (45, 23), (40, 29)  …  (5, 7), (5, 14), (6, 4), (6, 3), (1, 14), (1, 10), (1, 23), (1, 1), (3, 2), (3, 1)]
And data, a 116-element Vector{Float64}:
 0.0
 0.0
 1.49670009411343
 0.0
 0.0
 0.0
 1.8532152940333422
 0.0
 0.0
 0.0
 0.0
 0.0
 0.0
 0.0
 0.0
 0.0
 0.0
 0.0
 0.24203619194733178
 0.0
 0.0
 0.0
 0.0
 0.0
 0.0
 0.0
 0.0
 2.0
 0.0
 3.0
 0.0
 0.0
 0.0
 0.0
 0.0
 0.0
 0.0
 0.0
 0.0
 0.0
 0.0
 0.0
 0.0
 0.45744671879409704
 0.0
 0.0
 0.0
 0.0
 0.0
 0.0
 0.0
 0.0
 0.0
 0.0
 0.0
 0.7058365086758263
 0.0
 0.0
 0.0
 2.0
 0.0
 0.0
 0.0
 0.0
 6.0
 0.0
 0.0
 0.0
 0.0
 0.7579638084215418
 0.0
 0.0
 0.0
 0.0
 0.0
 0.0
 0.4688601578790014
 0.9828687165685686
 0.0
 0.0
 0.0
 0.0
 0.0
 0.0
 0.0
 0.0
 0.0
 0.0
 0.0
 0.0
 0.0
 0.0
 0.0
 0.0
 0.0
 0.0
 0.0
 1.5467790698888922e-8
 0.0
 0.0
 0.0
 0.0
 0.0
 0.0
 0.0
 0.03561013872540007
 0.0
 0.0
 0.0
 0.0
 0.0
 0.0
 0.0
 1.722353656621375
 0.0
 0.0
x_il_opt: 1-dimensional DenseAxisArray{Float64,1,...} with index sets:
    Dimension 1, [(43, 15), (43, 14), (44, 15), (44, 13), (44, 3), (40, 14), (40, 2), (41, 14), (42, 6), (37, 13)  …  (4, 13), (5, 2), (5, 7), (5, 9), (6, 11), (1, 1), (1, 6), (1, 3), (2, 1), (2, 15)]
And data, a 71-element Vector{Float64}:
 0.0
 0.0
 0.3399176622092618
 2.1773912443095287
 5.309932490925248
 0.6779245466098327
 0.0
 0.0
 2.633629095469961
 0.8226087561059074
 0.0
 3.0
 0.0
 0.0
 0.0
 0.0
 0.0
 0.0
 5.853599741685998
 0.0
 1.2485548406644704
 0.0
 3.0
 1.0690433556309047
 1.9309566448591173
 0.0
 2.146400259116422
 0.0
 2.2941634921134035
 0.0
 3.0
 0.0
 0.0
 0.0
 0.0
 0.0
 0.0
 0.0
 2.242036191978611
 0.0
 0.0
 0.0
 3.0
 0.0
 0.0
 1.9309566446115058
 0.0
 3.0
 0.0
 0.0
 0.0
 0.0
 0.0
 0.0
 3.062739936207136
 0.0
 0.0
 0.0
 0.0
 0.0
 0.0
 0.0
 0.0
 0.0
 0.0
 0.0
 0.0
 3.435414259829899
 2.6900675095088573
 0.0
 3.411772036582955
x_lj_opt: 1-dimensional DenseAxisArray{Float64,1,...} with index sets:
    Dimension 1, [(15, 30), (15, 29), (15, 23), (15, 3), (14, 28), (14, 27), (14, 10), (14, 24), (13, 26), (13, 25)  …  (3, 6), (3, 5), (3, 29), (2, 4), (2, 3), (2, 1), (2, 5), (1, 2), (1, 1), (1, 14)]
And data, a 53-element Vector{Float64}:
 2.0
 0.7516896984933141
 0.0
 1.0
 0.14678470636140833
 0.5311398423914819
 0.0
 0.0
 2.0
 0.999999985026333
 1.4902344119067657e-8
 1.7058365095058767
 1.0
 0.2941634905135585
 2.0
 0.0
 0.0
 0.0
 0.29416349127931596
 0.0
 0.0
 2.0
 0.9999999999489643
 0.0
 0.0
 0.0
 6.0
 1.9999999991902646
 0.0
 0.0
 1.9643898619602806
 1.0
 0.03561013811204121
 2.0
 6.0
 0.0
 2.0
 1.0
 0.0
 0.0
 1.017131283721998
 3.294163493091349
 0.0
 0.04585318786901633
 6.0
 1.9541468116967768
 2.0
 0.0
 0.9999999997952715
 0.0
 1.9999999855832733
 3.242036206433924
 0.0
q_opt: 1-dimensional DenseAxisArray{Float64,1,...} with index sets:
    Dimension 1, [(43, 15), (43, 14), (44, 15), (44, 13), (44, 3), (40, 14), (40, 2), (41, 14), (42, 6), (37, 13)  …  (4, 13), (5, 2), (5, 7), (5, 9), (6, 11), (1, 1), (1, 6), (1, 3), (2, 1), (2, 15)]
And data, a 71-element Vector{Float64}:
 0.0
 0.0
 0.09060388505091614
 0.725797081406435
 0.6637415613547192
 0.9999999971257926
 0.0
 0.0
 0.32920363692163
 0.27420291869056973
 0.0
 1.0
 0.0
 0.0
 0.0
 0.0
 0.0
 0.0
 0.731699967697926
 0.0
 0.28960089841395453
 0.0
 1.0
 0.356347785192842
 0.2413695805962007
 0.0
 0.2683000323790298
 0.0
 1.0
 0.27676662904304183
 0.5722966973714808
 0.0
 0.1389760317247191
 0.0
 0.0
 0.0
 0.0
 0.0
 0.42770330266630724
 0.0
 0.0
 0.0
 1.0
 0.0
 0.0
 0.6436522148394171
 0.0
 1.0
 0.0
 0.0
 0.0
 0.0
 0.0
 0.0
 0.7103991016219058
 0.0
 0.0
 0.0
 0.0
 0.0
 0.0
 0.0
 0.0
 0.0
 0.5842573392322391
 0.0
 0.0
 0.4294267824656359
 0.3362584386831656
 0.0
 0.9093961149736046

