objective value: -618.511096054
objective bound: -633.162382308
termination status: TIME_LIMIT
BARON solution time: 7227.14


w_opt: 1-dimensional DenseAxisArray{Float64,1,...} with index sets:
    Dimension 1, [(25, 1, 2), (25, 1, 1), (25, 1, 14), (20, 1, 2), (20, 1, 1), (20, 1, 14), (1, 1, 2), (1, 1, 1), (1, 1, 14), (2, 1, 2)  …  (20, 15, 23), (20, 15, 3), (8, 15, 30), (8, 15, 29), (8, 15, 23), (8, 15, 3), (2, 15, 30), (2, 15, 29), (2, 15, 23), (2, 15, 3)]
And data, a 261-element Vector{Float64}:
 0.6838760123116061
 0.5993542689383778
 0.0
 1.1873463289427275
 1.0405995796733376
 0.0
 0.0
 0.0
 0.0
 0.0
 0.0
 0.0
 0.0
 0.0
 0.0
 0.0
 1.8272175052548862
 0.0
 0.0
 1.172782491964362
 0.0
 0.0
 0.0
 0.0
 0.0
 0.0
 0.0
 0.0
 0.0
 0.8830957057021442
 0.25541127864855595
 0.0
 0.0
 0.0
 0.0
 3.6246322546243572
 1.0483257395605843
 0.0
 0.0
 0.0
 0.0
 0.31948954876075214
 0.0924036133764765
 0.12090885652882304
 0.2739321383992724
 0.02025781209444601
 0.0
 0.0
 0.0
 0.9103443616032589
 2.0624839636488494
 0.15252468303706002
 0.0
 0.0
 0.0
 0.0
 0.0
 0.0
 0.0
 1.9159107190704452
 1.0
 0.0
 0.0
 0.0
 0.0
 0.0
 0.0
 0.0
 0.0
 0.0
 0.0
 0.0
 0.0
 0.0
 0.5701208943780155
 1.7103626830922996
 0.0
 0.5133686895503349
 1.5401060686231023
 0.0
 0.0
 0.0
 0.0
 0.0
 0.0
 0.0
 0.0
 0.0
 0.0
 0.0
 0.0
 0.0
 0.9165104162277633
 2.749531248556718
 0.0
 0.0
 0.0
 0.0
 0.0
 0.0
 0.0
 1.5437760776944434
 0.94891521502264
 0.5073087057339039
 0.0
 0.0
 0.0
 0.0
 0.0
 0.0
 0.0
 0.0
 0.0
 0.0
 0.0
 0.0
 0.0
 0.0
 3.0790899923268316
 1.9209100075180796
 0.0
 0.0
 0.0
 1.8474539953934224
 1.152546004482986
 0.0
 0.0
 0.0
 0.0
 0.0
 0.0
 0.0
 0.0
 0.0
 0.0
 0.0
 0.0
 0.0
 0.0
 0.0
 0.0
 0.0
 0.0
 0.0
 0.0
 0.0
 0.0
 0.592228920503437
 0.0
 0.0
 0.0
 0.0
 0.0
 0.6310168281597192
 0.31550841400305857
 0.0
 0.0
 1.3689831721091026
 0.6844915858930992
 0.0
 0.0
 0.0
 0.0
 0.0
 0.0
 0.0
 0.0
 0.0
 0.0
 0.0
 0.0
 0.0
 0.0
 1.8051390992696918
 0.0
 0.0
 0.0
 0.6047330130438162
 0.0
 0.0
 0.0
 0.0
 0.0
 0.0
 0.0
 0.0
 0.0
 0.0
 0.0
 0.0
 0.0
 0.0
 0.0
 0.0
 1.3952669879121413
 0.9306722703984804
 0.0
 0.0
 0.0
 0.0
 0.0
 0.0
 0.0
 0.0
 0.0
 0.0
 1.4819553862409494
 0.6455563201564235
 0.09542137284048667
 0.5180446142099886
 0.22566602066577426
 0.03335628639513131
 0.0
 0.0
 0.0
 0.0
 0.0
 0.0
 0.0
 0.0
 0.0
 0.0
 0.0
 0.0
 0.0
 0.5832201109637604
 0.7712090934454336
 0.0
 0.0
 0.0
 0.0
 0.0
 0.0
 0.0
 0.0
 0.0
 0.0
 0.0
 0.0
 0.0
 0.0
 0.0
 0.0
 0.0
 0.0
 0.0
 0.0
 0.0
 0.0
 0.0
 0.0
 0.0
 0.0
 0.0
 0.0
 0.0
 0.0
 0.9497243561199367
 4.603859369887577
 0.0
 0.8002103703993028
x_ij_opt: 1-dimensional DenseAxisArray{Float64,1,...} with index sets:
    Dimension 1, [(43, 30), (43, 22), (43, 6), (44, 22), (45, 30), (45, 29), (45, 28), (45, 24), (45, 23), (40, 29)  …  (5, 7), (5, 14), (6, 4), (6, 3), (1, 14), (1, 10), (1, 23), (1, 1), (3, 2), (3, 1)]
And data, a 116-element Vector{Float64}:
 0.0
 0.19486090136399795
 1.6575412787241204
 0.0
 1.0502756442391303
 0.0
 1.41677988903844
 0.0
 0.0
 0.0
 0.0
 0.0
 0.0
 0.0
 0.0
 0.0
 0.0
 0.0
 0.2279459079075651
 0.0
 0.0
 0.0
 0.0
 0.0
 0.0
 0.0
 0.0
 1.999999999668448
 0.0
 0.0
 0.0
 0.0
 0.0
 0.0
 0.0
 0.0
 0.0
 0.0
 0.0
 0.0
 0.0
 0.0
 0.0
 0.3424587219319932
 0.0
 0.0
 0.0
 0.0
 0.0
 0.0
 0.0
 0.0
 0.0
 0.0
 0.0
 0.5901278868658337
 0.0
 1.0734560134754862
 0.051084784886830735
 1.407771079231391
 0.0
 0.0
 0.0
 0.0
 6.0
 0.0
 0.0
 0.0
 0.0
 0.7720540921711383
 0.0
 0.0
 0.0
 0.0
 0.0
 0.0
 0.2287909062460403
 0.968746782100129
 0.0
 0.0
 0.0
 0.0
 0.0
 0.0
 0.0
 0.0
 0.0
 0.08408928174356899
 0.0
 0.0
 0.0
 0.0
 0.0
 0.0
 0.0
 0.0
 0.0
 0.128777659732574
 0.0
 0.19978963010849005
 0.0
 0.0
 0.0
 0.0
 0.0
 0.4562239220697364
 0.0
 0.0
 0.0
 0.0
 0.0
 0.0
 0.06932773016608836
 3.8527374434914123
 0.0
 0.0
x_il_opt: 1-dimensional DenseAxisArray{Float64,1,...} with index sets:
    Dimension 1, [(43, 15), (43, 14), (44, 15), (44, 13), (44, 3), (40, 14), (40, 2), (41, 14), (42, 6), (37, 13)  …  (4, 13), (5, 2), (5, 7), (5, 9), (6, 11), (1, 1), (1, 6), (1, 3), (2, 1), (2, 15)]
And data, a 71-element Vector{Float64}:
 0.0
 0.0
 0.0
 2.2229330792378597
 1.138506984398287
 1.354429204614857
 0.0
 0.0
 0.0
 0.7770669212708942
 0.0
 2.325939258501343
 0.0
 0.0
 2.2804835775742336
 0.0
 0.0
 0.0
 5.000000000395541
 0.0
 0.4150988070225414
 0.0
 3.0
 0.9465252421627777
 2.0534747582795534
 0.0
 3.0
 0.0
 2.4098721139468706
 0.5922289206927348
 1.2832302812831857
 0.0
 0.0
 0.0
 0.0
 0.0
 0.0
 0.0
 2.227945908624731
 0.0
 0.0
 0.0
 2.9159107193467406
 0.0
 0.0
 2.053474758002202
 0.0
 2.9999999984509875
 0.0
 0.0
 0.0
 0.0
 0.0
 0.0
 3.1253530082891685
 0.0
 0.0
 4.672957994225376
 0.0
 0.0
 0.0
 0.0
 0.0
 0.0
 0.0
 0.0
 0.0
 3.666041664875153
 0.41189316218628597
 0.0
 6.353794096512901
x_lj_opt: 1-dimensional DenseAxisArray{Float64,1,...} with index sets:
    Dimension 1, [(15, 30), (15, 29), (15, 23), (15, 3), (14, 28), (14, 27), (14, 10), (14, 24), (13, 26), (13, 25)  …  (3, 6), (3, 5), (3, 29), (2, 4), (2, 3), (2, 1), (2, 5), (1, 2), (1, 1), (1, 14)]
And data, a 53-element Vector{Float64}:
 0.9497243560492448
 4.603859369496626
 0.0
 0.8002103703400404
 0.5832201113283405
 0.7712090939275296
 0.0
 0.0
 2.0
 0.8712223407274116
 0.12877765920650366
 1.3952669877804407
 0.9306722703093515
 0.0
 1.805139099099025
 0.0
 0.0
 0.0
 0.604733012986652
 0.0
 0.0
 2.0
 0.9999999998598889
 0.5922289211263635
 0.0
 0.0
 4.926543987398637
 3.073456011878157
 0.0
 0.0
 1.543776078545563
 0.9489152155481095
 0.5073087060240395
 2.0
 5.9999999999314815
 0.0
 1.9159107189149847
 1.0
 0.0
 0.0
 1.031253218150624
 2.3364161020904244
 0.1727824951341943
 0.0
 4.827217508901781
 1.3961406315304106
 1.8272175051545478
 0.0
 0.0
 1.172782491927176
 1.871222341145407
 1.6399538485162521
 0.0
q_opt: 1-dimensional DenseAxisArray{Float64,1,...} with index sets:
    Dimension 1, [(43, 15), (43, 14), (44, 15), (44, 13), (44, 3), (40, 14), (40, 2), (41, 14), (42, 6), (37, 13)  …  (4, 13), (5, 2), (5, 7), (5, 9), (6, 11), (1, 1), (1, 6), (1, 3), (2, 1), (2, 15)]
And data, a 71-element Vector{Float64}:
 0.0
 0.0
 0.0
 0.7409776930581641
 0.1829409393865784
 0.9999999993748553
 0.0
 0.0
 0.0
 0.25902230708612883
 0.0
 1.0
 0.0
 0.0
 0.2850604471851386
 0.0
 0.0
 0.0
 0.6250000000399986
 0.0
 0.11724458590827734
 0.0
 1.0
 0.31550841405321145
 0.2566843447732654
 0.0
 0.37500000003017947
 0.0
 1.0
 0.999999998948166
 0.3654702048356426
 0.0
 0.0
 0.0
 0.0
 0.0
 0.0
 0.0
 0.6345297952223942
 0.0
 0.0
 0.0
 1.0
 0.0
 0.0
 0.6844915859950778
 0.0
 0.9999999994580413
 0.0
 0.0
 0.0
 0.0
 0.0
 0.0
 0.8827554140734037
 0.0
 0.0
 0.7508740279342969
 0.0
 0.0
 0.0
 0.0
 0.0
 0.0
 0.0
 0.0
 0.0
 0.4582552080979251
 0.06618503271735197
 0.0
 1.0

