objective value: -629.267260871
objective bound: -629.330193856
termination status: OPTIMAL
BARON solution time: 137.03


w_opt: 1-dimensional DenseAxisArray{Float64,1,...} with index sets:
    Dimension 1, [(25, 1, 2), (25, 1, 1), (25, 1, 14), (20, 1, 2), (20, 1, 1), (20, 1, 14), (1, 1, 2), (1, 1, 1), (1, 1, 14), (2, 1, 2)  …  (20, 15, 23), (20, 15, 3), (8, 15, 30), (8, 15, 29), (8, 15, 23), (8, 15, 3), (2, 15, 30), (2, 15, 29), (2, 15, 23), (2, 15, 3)]
And data, a 261-element Vector{Float64}:
 1.6272434047215487
 0.0
 0.0
 0.372756595214659
 0.0
 0.0
 0.0
 0.0
 0.0
 0.0
 0.0
 0.0
 0.0
 0.0
 0.0
 0.0
 1.9381962158546993
 0.0
 0.0
 1.0618037835986234
 0.0
 0.0
 0.0
 0.0
 0.0
 0.0
 0.0
 0.0
 0.0
 0.9045914955151266
 0.5303469790111829
 0.0
 0.0
 0.0
 0.0
 4.03360472169266
 2.3648354968254686
 0.0
 0.0
 0.0
 0.0
 0.0
 0.0
 0.0
 0.0
 0.0
 0.0
 0.0
 0.0
 1.0001590163167096
 0.11751575838184866
 0.061803784392313675
 0.0
 0.0
 0.0
 0.0
 0.0
 0.0
 0.0
 2.0
 0.9999999997765268
 0.0
 0.0
 0.0
 0.0
 0.0
 0.0
 0.0
 0.0
 0.0
 0.0
 0.055002925066744486
 0.16500877523302923
 0.0
 0.7500000000899798
 2.2500000001389613
 0.0
 0.5459194033206404
 1.637758209879308
 0.0
 0.0
 0.0
 0.0
 0.0
 0.0
 0.0
 0.0
 0.0
 0.0
 0.0
 0.0
 0.0
 0.6490776716561893
 1.9472330148615236
 0.0
 0.0
 0.0
 0.0
 0.0
 0.0
 0.0
 1.4938059885465458
 0.9098833252417277
 0.5963106859706153
 0.0
 0.0
 0.0
 0.0
 0.0
 0.0
 0.0
 0.0
 0.0
 0.0
 0.0
 0.0
 0.0
 0.0
 3.368256197706322
 2.3438474195292254
 0.0
 0.0
 0.0
 1.3491038821477523
 0.9387924988884534
 0.0
 0.0
 0.0
 0.0
 0.0
 0.0
 0.0
 0.0
 0.0
 0.0
 0.0
 0.0
 0.0
 0.0
 0.0
 0.0
 0.0
 0.0
 0.0
 0.0
 0.0
 0.0
 0.0
 0.0
 0.0
 0.0
 0.04850954608754823
 0.0
 0.544214924857258
 0.27210746237976885
 0.0
 0.0
 1.4557850754130537
 0.7278925375836339
 0.0
 0.0
 0.0
 0.0
 0.0
 0.0
 0.0
 0.0
 0.0
 0.0
 0.0
 0.0
 0.0
 0.0
 1.538664461892051
 0.0
 0.0
 0.0
 0.31629929008731844
 0.0
 0.0
 0.0
 0.0
 0.0
 0.0
 0.0
 0.0
 0.0
 0.0
 0.0
 0.0
 0.0
 0.0
 0.0
 0.0
 1.6837007105820128
 1.0
 0.3162992896161285
 0.0
 0.0
 0.0
 0.0
 0.0
 0.0
 0.0
 0.0
 0.0
 1.576618021239273
 0.7883090101392719
 0.0
 0.4233819790094993
 0.211690989362687
 0.0
 0.0
 0.0
 0.0
 0.0
 0.0
 0.0
 0.0
 0.0
 0.0
 0.0
 0.0
 0.0
 0.0
 0.5159567126106507
 0.6022840208867684
 0.0
 0.0
 0.0
 0.0
 0.0
 0.0
 0.0
 0.0
 0.0
 0.0
 0.0
 0.0
 0.0
 0.0
 0.0
 0.0
 0.0
 0.0
 0.0
 0.0
 0.0
 0.0
 0.0
 0.0
 0.0
 0.0
 0.0
 0.0
 0.0
 0.0
 1.6512997157289888
 2.788518235610265
 0.0
 1.0
x_ij_opt: 1-dimensional DenseAxisArray{Float64,1,...} with index sets:
    Dimension 1, [(43, 30), (43, 22), (43, 6), (44, 22), (45, 30), (45, 29), (45, 28), (45, 24), (45, 23), (40, 29)  …  (5, 7), (5, 14), (6, 4), (6, 3), (1, 14), (1, 10), (1, 23), (1, 1), (3, 2), (3, 1)]
And data, a 116-element Vector{Float64}:
 0.0
 0.4613355373552758
 1.5244222528538967
 0.0
 0.34870028456730756
 0.0
 1.484043287547806
 0.0
 0.0
 0.0
 0.0
 0.0
 0.0
 0.0
 0.0
 0.0
 0.0
 0.0
 0.2018591888553359
 0.0
 0.0
 0.0
 0.0
 0.0
 0.0
 0.0
 0.0
 2.0
 0.0
 0.0
 0.0
 0.0
 0.0
 0.0
 0.0
 0.0
 0.0
 0.0
 0.0
 0.0
 0.0
 0.0
 0.0
 0.4755777479780763
 0.0
 0.0
 0.0
 0.0
 0.0
 0.0
 0.0
 0.0
 0.0
 0.0
 0.0
 1.1450362470767537
 0.0
 1.2826399204166026
 0.09011667526145768
 1.9514904541508566
 0.0
 0.0
 0.0
 0.0
 6.0
 0.0
 0.0
 0.0
 0.0
 0.7981408115257208
 0.0
 0.0
 0.0
 0.0
 0.0
 0.0
 0.3977159791047239
 0.9998409840176552
 0.0
 0.0
 0.0
 0.0
 0.0
 0.0
 0.0
 0.0
 0.0
 0.0
 0.0
 0.0
 0.0
 0.0
 1.4548080758146227
 0.0
 0.0
 0.0
 0.0
 0.0
 0.0
 0.0
 0.0
 0.0
 0.0
 0.0
 0.0
 0.5061940119543374
 0.0
 0.0
 0.0
 0.0
 0.0
 0.0
 0.0
 5.403689314698297
 0.0
 0.0
x_il_opt: 1-dimensional DenseAxisArray{Float64,1,...} with index sets:
    Dimension 1, [(43, 15), (43, 14), (44, 15), (44, 13), (44, 3), (40, 14), (40, 2), (41, 14), (42, 6), (37, 13)  …  (4, 13), (5, 2), (5, 7), (5, 9), (6, 11), (1, 1), (1, 6), (1, 3), (2, 1), (2, 15)]
And data, a 71-element Vector{Float64}:
 0.0
 0.0
 0.0
 2.364927031747816
 1.4349384746126048
 1.118240733699633
 0.0
 0.0
 0.22001170038554152
 0.6350729685483725
 0.0
 3.0
 0.0
 0.0
 3.0
 0.0
 0.0
 0.0
 5.712103617719021
 0.0
 0.0
 0.0
 2.9999999999615197
 0.8163223872370269
 2.1836776132538906
 0.0
 2.2878963814621596
 0.0
 1.8549637537044952
 0.0
 1.627243404724578
 0.0
 0.0
 0.0
 0.0
 0.0
 0.0
 0.0
 0.3727565953153869
 0.0
 0.0
 0.0
 2.999999999956507
 0.0
 0.0
 2.1836776129966875
 0.0
 2.99999999975889
 0.0
 0.0
 0.0
 0.0
 0.0
 0.0
 1.1794785590908718
 0.0
 0.0
 6.398440218557184
 0.0
 0.0
 0.0
 0.0
 0.0
 0.0
 0.04850954609083169
 0.0
 0.0
 2.5963106865650576
 0.0
 0.0
 5.439817951472768
x_lj_opt: 1-dimensional DenseAxisArray{Float64,1,...} with index sets:
    Dimension 1, [(15, 30), (15, 29), (15, 23), (15, 3), (14, 28), (14, 27), (14, 10), (14, 24), (13, 26), (13, 25)  …  (3, 6), (3, 5), (3, 29), (2, 4), (2, 3), (2, 1), (2, 5), (1, 2), (1, 1), (1, 14)]
And data, a 53-element Vector{Float64}:
 1.6512997157303595
 2.7885182356119076
 0.0
 1.0
 0.5159567128430348
 0.6022840211580349
 0.0
 0.0
 2.0
 0.9999999995158977
 0.0
 1.6837007104225843
 1.0
 0.31629928960101894
 1.5386644632306412
 0.0
 0.0
 0.0
 0.31629929036248877
 0.0
 0.0
 2.0
 0.999999999934955
 0.04850954623734428
 0.0
 0.0
 4.717360080508143
 3.2826399189388638
 0.0
 0.0
 1.4938059887235304
 0.9098833253576017
 0.5963106860537821
 2.0
 6.0
 0.0
 2.0
 0.9999999998759921
 0.0
 0.0
 1.0001590162704928
 0.11751575836887188
 0.06180378440163586
 0.0
 4.938196217184492
 2.895182475852181
 1.9381962159748078
 0.0
 0.0
 1.0618037836990983
 2.0
 0.0
 0.0
q_opt: 1-dimensional DenseAxisArray{Float64,1,...} with index sets:
    Dimension 1, [(43, 15), (43, 14), (44, 15), (44, 13), (44, 3), (40, 14), (40, 2), (41, 14), (42, 6), (37, 13)  …  (4, 13), (5, 2), (5, 7), (5, 9), (6, 11), (1, 1), (1, 6), (1, 3), (2, 1), (2, 15)]
And data, a 71-element Vector{Float64}:
 0.0
 0.0
 0.0
 0.7883090105527077
 0.18318257431069787
 0.9999999995495955
 0.0
 0.0
 0.02750146253705434
 0.2116909894914422
 0.0
 1.0
 0.0
 0.0
 0.37500000002129014
 0.0
 0.0
 0.0
 0.7140129522054655
 0.0
 0.0
 0.0
 0.999999999954324
 0.27210746240362077
 0.2729597016447294
 0.0
 0.2859870476652337
 0.0
 0.9999999991300311
 0.0
 0.8136217023022984
 0.0
 0.0
 0.0
 0.0
 0.0
 0.0
 0.0
 0.18637829759393343
 0.0
 0.0
 0.0
 0.9999999999541038
 0.0
 0.0
 0.7278925376372123
 0.0
 0.9999999998881833
 0.0
 0.0
 0.0
 0.0
 0.0
 0.0
 1.0
 0.0
 0.0
 0.8168174256940512
 0.0
 0.0
 0.0
 0.0
 0.0
 0.0
 0.9999999969120619
 0.0
 0.0
 0.3245388358084089
 0.0
 0.0
 0.999999999999601

