objective value: -621.046499595
objective bound: -639.351993551
termination status: TIME_LIMIT
BARON solution time: 7227.72


w_opt: 1-dimensional DenseAxisArray{Float64,1,...} with index sets:
    Dimension 1, [(25, 1, 2), (25, 1, 1), (25, 1, 14), (20, 1, 2), (20, 1, 1), (20, 1, 14), (1, 1, 2), (1, 1, 1), (1, 1, 14), (2, 1, 2)  …  (20, 15, 23), (20, 15, 3), (8, 15, 30), (8, 15, 29), (8, 15, 23), (8, 15, 3), (2, 15, 30), (2, 15, 29), (2, 15, 23), (2, 15, 3)]
And data, a 261-element Vector{Float64}:
 0.9841109204026496
 1.1975240067125115
 0.0
 1.015889079827518
 1.236193538786233
 0.0
 0.0
 0.0
 0.0
 0.0
 0.0
 0.0
 0.0
 0.0
 0.0
 0.0
 1.8461943053556467
 0.0
 0.0
 1.153805693873505
 0.0
 0.0
 0.0
 0.0
 0.0
 0.0
 0.0
 0.0
 0.3261284515195122
 2.919990069065305
 1.4036489923406867
 0.0
 0.0
 0.0
 0.0
 0.0
 0.0
 0.0
 0.0
 0.0
 0.21513429518345567
 1.9262042380287936
 0.9259328195662961
 0.3777030810392549
 1.0225319308832697
 0.05221847654967182
 0.0
 0.0
 0.0
 0.7347936593037092
 1.989260922060336
 0.10158721861666777
 0.0
 0.0
 0.0
 0.0
 0.0
 0.0
 0.0
 2.0
 0.9999999999777287
 0.0
 0.0
 0.0
 0.0
 0.0
 0.0
 0.0
 0.0
 0.0
 0.0
 0.046707964437757016
 0.14012389333537437
 0.0
 0.7500000002718148
 2.2500000007152186
 0.0
 0.5356515640334848
 1.6069546920379811
 0.0
 0.0
 0.0
 0.0
 0.0
 0.0
 0.0
 0.0
 0.0
 0.0
 0.0
 0.0
 0.0
 0.6676404714835441
 2.0029214143649456
 0.0
 0.0
 0.0
 0.0
 0.0
 0.0
 0.0
 1.032432660045279
 0.5892854369426728
 1.3782819012381442
 0.0
 0.0
 0.0
 0.0
 0.0
 0.0
 0.0
 0.0
 0.0
 0.0
 0.0
 0.0
 0.0
 0.0
 5.661565180076305
 1.8871883925084163
 0.0
 0.0
 0.0
 0.33843482057456975
 0.11281160669976469
 0.0
 0.0
 0.0
 0.0
 0.0
 0.0
 0.0
 0.0
 0.0
 0.0
 0.0
 0.0
 0.0
 0.0
 0.0
 0.0
 0.0
 0.0
 0.0
 0.0
 0.0
 0.0
 0.4076505085335407
 0.0
 0.0
 0.0
 0.0
 0.0
 0.5715958295921045
 0.2857979147481581
 0.0
 0.0
 1.428404170691038
 0.7142020852174266
 0.0
 0.0
 0.0
 0.0
 0.0
 0.0
 0.0
 0.0
 0.0
 0.0
 0.0
 0.0
 0.0
 0.0
 1.5345507215107388
 0.0
 0.0
 0.0
 0.47724212887174833
 0.0
 0.0
 0.0
 0.0
 0.0
 0.0
 0.0
 0.0
 0.0
 0.0
 0.0
 0.0
 0.0
 0.0
 0.0
 0.0
 1.5227578721036799
 0.959511548306987
 0.5177305799703427
 0.0
 0.0
 0.0
 0.0
 0.0
 0.0
 0.0
 0.0
 0.0
 1.4827379341985267
 0.7413689665986826
 0.0
 0.5172620661647632
 0.2586310329019429
 0.0
 0.0
 0.0
 0.0
 0.0
 0.0
 0.0
 0.0
 0.0
 0.0
 0.0
 0.0
 0.0
 0.0
 0.6177083182363865
 0.7223227718787589
 0.0
 0.0
 0.0
 0.0
 0.0
 0.0
 0.0
 0.0
 0.0
 0.0
 0.0
 0.0
 0.0
 0.0
 0.0
 0.0
 0.0
 0.0
 0.0
 0.0
 0.0
 0.0
 0.0
 0.0
 0.0
 0.0
 0.0
 0.0
 0.0
 0.0
 1.2558209888909786
 3.15268760959719
 0.0
 0.9868894727939557
x_ij_opt: 1-dimensional DenseAxisArray{Float64,1,...} with index sets:
    Dimension 1, [(43, 30), (43, 22), (43, 6), (44, 22), (45, 30), (45, 29), (45, 28), (45, 24), (45, 23), (40, 29)  …  (5, 7), (5, 14), (6, 4), (6, 3), (1, 14), (1, 10), (1, 23), (1, 1), (3, 2), (3, 1)]
And data, a 116-element Vector{Float64}:
 0.0
 0.4654492792116615
 1.007490825599011
 0.0
 0.7441790115365553
 0.0
 1.382291681951065
 0.0
 0.0
 0.0
 0.0
 0.0
 0.0
 0.0
 0.0
 0.0
 0.0
 0.0
 0.2520826171938343
 0.0
 0.0
 0.0
 0.0
 0.0
 0.0
 0.0
 0.0
 1.9999999998949949
 0.0
 0.0
 0.0
 0.0
 0.0
 0.0
 0.0
 0.0
 0.0
 0.0
 0.0
 0.0
 0.0
 0.0
 0.0
 0.45124642837945006
 0.0
 0.0
 0.0
 0.0
 0.0
 0.0
 0.0
 0.0
 0.0
 0.0
 0.0
 0.9882071487691465
 0.0
 0.0
 0.4107145631049633
 1.5923494914211598
 0.0
 0.0
 0.0
 0.0
 6.0
 0.0
 0.0
 0.0
 0.0
 0.7479173822350101
 0.0
 0.0
 0.0
 0.0
 0.0
 0.0
 0.277677228131727
 0.887503259956598
 0.0
 0.0
 0.0
 0.0
 0.0
 0.0
 0.0
 0.0
 0.0
 0.0
 0.0
 0.0
 0.0
 0.0
 0.0
 0.0
 0.0
 0.0
 0.0
 0.0
 0.0
 0.013110527761075323
 0.0
 0.0
 0.0
 0.0
 0.0
 0.9338895822050214
 0.0
 0.0
 0.0
 0.0
 0.03367775765103654
 0.0
 0.04048845226463307
 2.188000552502089
 0.0
 0.0
x_il_opt: 1-dimensional DenseAxisArray{Float64,1,...} with index sets:
    Dimension 1, [(43, 15), (43, 14), (44, 15), (44, 13), (44, 3), (40, 14), (40, 2), (41, 14), (42, 6), (37, 13)  …  (4, 13), (5, 2), (5, 7), (5, 9), (6, 11), (1, 1), (1, 6), (1, 3), (2, 1), (2, 15)]
And data, a 71-element Vector{Float64}:
 0.0
 0.0
 0.0
 2.2241069011764067
 4.649767512925504
 1.3400310903170967
 0.0
 0.0
 0.1868318578610207
 0.7758930992657677
 0.0
 3.0
 0.0
 0.0
 3.0
 0.0
 0.0
 0.0
 7.548753573144956
 0.0
 1.4524534884721965
 0.0
 3.0
 0.8573937443402626
 2.1426062561295476
 0.0
 0.45124642769966455
 0.0
 2.0117928520945756
 0.40765050944047304
 2.181634927135398
 0.0
 0.0
 0.0
 0.0
 0.0
 0.0
 0.0
 2.252082618632461
 0.0
 0.0
 0.0
 3.0
 0.0
 0.0
 2.1426062559084644
 0.0
 2.999999998226058
 0.0
 0.0
 0.0
 0.0
 0.0
 0.0
 2.825641799980713
 0.0
 0.0
 0.0
 0.0
 0.0
 0.0
 0.0
 0.0
 0.0
 0.0
 0.0
 0.0
 2.670561885898743
 3.0672713527785453
 0.0
 5.395398071384935
x_lj_opt: 1-dimensional DenseAxisArray{Float64,1,...} with index sets:
    Dimension 1, [(15, 30), (15, 29), (15, 23), (15, 3), (14, 28), (14, 27), (14, 10), (14, 24), (13, 26), (13, 25)  …  (3, 6), (3, 5), (3, 29), (2, 4), (2, 3), (2, 1), (2, 5), (1, 2), (1, 1), (1, 14)]
And data, a 53-element Vector{Float64}:
 1.2558209887564387
 3.152687609263354
 0.0
 0.9868894726897032
 0.6177083184220444
 0.7223227720971597
 0.0
 0.0
 2.0
 0.9999999994354533
 0.0
 1.5227578719559458
 0.9595115482154994
 0.5177305799293969
 1.5345507213495069
 0.0
 0.0
 0.0
 0.47724212881725653
 0.0
 0.0
 2.0
 0.9999999999148517
 0.40765050895022875
 0.0
 0.0
 6.0
 1.9999999992576893
 0.0
 0.0
 1.0324326607026342
 0.5892854373277566
 1.378281902114031
 2.0
 6.0
 0.0
 2.0
 0.9999999999368391
 0.0
 0.0
 1.1124967402984722
 3.0117928528487656
 0.15380569515192993
 0.5412627467134798
 4.846194307051311
 2.329581811878878
 1.8461943052081888
 0.0
 0.0
 1.1538056938100851
 2.0
 2.43371754531944
 0.0
q_opt: 1-dimensional DenseAxisArray{Float64,1,...} with index sets:
    Dimension 1, [(43, 15), (43, 14), (44, 15), (44, 13), (44, 3), (40, 14), (40, 2), (41, 14), (42, 6), (37, 13)  …  (4, 13), (5, 2), (5, 7), (5, 9), (6, 11), (1, 1), (1, 6), (1, 3), (2, 1), (2, 15)]
And data, a 71-element Vector{Float64}:
 0.0
 0.0
 0.0
 0.7413689670433282
 0.6025326027105049
 0.9999999996955685
 0.0
 0.0
 0.02335398222131026
 0.2586310330695532
 0.0
 1.0
 0.0
 0.0
 0.37500000011658213
 0.0
 0.0
 0.0
 0.9435941966318511
 0.0
 0.3395093822330405
 0.0
 1.0
 0.28579791477107985
 0.26782578200416557
 0.0
 0.0564058034401396
 0.0
 1.0
 0.999999998976719
 0.4920554601823019
 0.0
 0.0
 0.0
 0.0
 0.0
 0.0
 0.0
 0.5079445398941572
 0.0
 0.0
 0.0
 1.0
 0.0
 0.0
 0.7142020852844372
 0.0
 0.9999999993779809
 0.0
 0.0
 0.0
 0.0
 0.0
 0.0
 0.6604906177993132
 0.0
 0.0
 0.0
 0.0
 0.0
 0.0
 0.0
 0.0
 0.0
 0.0
 0.0
 0.0
 0.3338202357250481
 0.39746739729962555
 0.0
 1.0

