objective value: -622.121744785
objective bound: -634.635938471
termination status: TIME_LIMIT
BARON solution time: 7226.52


w_opt: 1-dimensional DenseAxisArray{Float64,1,...} with index sets:
    Dimension 1, [(25, 1, 2), (25, 1, 1), (25, 1, 14), (20, 1, 2), (20, 1, 1), (20, 1, 14), (1, 1, 2), (1, 1, 1), (1, 1, 14), (2, 1, 2)  …  (20, 15, 23), (20, 15, 3), (8, 15, 30), (8, 15, 29), (8, 15, 23), (8, 15, 3), (2, 15, 30), (2, 15, 29), (2, 15, 23), (2, 15, 3)]
And data, a 261-element Vector{Float64}:
 1.0085733416185023
 1.3159800290143884
 0.0
 0.9914266584866614
 1.2936071468111188
 0.0
 0.0
 0.0
 0.0
 0.0
 0.0
 0.0
 0.0
 0.0
 0.0
 0.0
 2.0
 0.0
 0.0
 1.0000000000476026
 0.0
 0.0
 0.0
 0.0
 0.0
 0.0
 0.0
 0.0
 0.0
 2.9257399189966367
 0.6309401354726537
 0.0
 0.0
 0.0
 0.0
 0.0
 0.0
 0.0
 0.0
 0.0
 0.0
 2.0742600735959953
 0.447317248994897
 0.4469959662239358
 1.5361259243527294
 0.0
 0.0
 0.0
 0.0
 0.6140087902390265
 2.1100745683107207
 0.0
 0.0
 0.0
 0.0
 0.0
 0.0
 0.0
 0.0
 1.9894884700620996
 1.0
 0.0
 0.0
 0.0
 0.0
 0.0
 0.0
 0.0
 0.0
 0.0
 0.0
 0.0
 0.0
 0.0
 0.7500000002742223
 2.250000000692446
 0.0
 0.5359477263004007
 1.607843178836656
 0.0
 0.0
 0.0
 0.0
 0.0
 0.0
 0.0
 0.0
 0.0
 0.0
 0.0
 0.0
 0.0
 0.7140522731478299
 2.142156819324302
 0.0
 0.0
 0.0
 0.0
 0.0
 0.0
 0.0
 1.403346091506655
 0.8546265010928553
 0.7420274075237416
 0.0
 0.0
 0.0
 0.0
 0.0
 0.0
 0.0
 0.0
 0.0
 0.0
 0.0
 0.0
 0.0
 0.0
 4.805362827719439
 1.601787608252629
 0.0
 0.0
 0.0
 1.194637173049871
 0.398212390682081
 0.0
 0.0
 0.0
 0.0
 0.0
 0.0
 0.0
 0.0
 0.0
 0.0
 0.0
 0.0
 0.0
 0.0
 0.0
 0.0
 0.0
 0.0
 0.0
 0.0
 0.0
 0.0
 0.5300731295332483
 0.0
 0.0
 0.0
 0.0
 0.0
 0.5708060635345639
 0.28540303168736336
 0.0
 0.0
 1.429193936733602
 0.7145969681733283
 0.0
 0.0
 0.0
 0.0
 0.0
 0.0
 0.0
 0.0
 0.0
 0.0
 0.0
 0.0
 0.0
 0.0
 1.9999999999983913
 0.0
 0.0
 0.0
 0.6462004901540865
 0.0
 0.0
 0.0
 0.0
 0.0
 0.0
 0.0
 0.0
 0.0
 0.0
 0.0
 0.0
 0.0
 0.0
 0.0
 0.0
 1.3537995107032952
 1.0
 0.6462004895137391
 0.0
 0.0
 0.0
 0.0
 0.0
 0.0
 0.0
 0.0
 0.0
 1.4038026426396422
 0.7019013206754343
 0.0
 0.5961973576853813
 0.29809867855820643
 0.0
 0.0
 0.0
 0.0
 0.0
 0.0
 0.0
 0.0
 0.0
 0.0
 0.0
 0.0
 0.0
 0.0
 0.3744591295276365
 0.8753765842022097
 0.0
 0.0
 0.0
 0.0
 0.0
 0.0
 0.0
 0.0
 0.0
 0.0
 0.0
 0.0
 0.0
 0.0
 0.0
 0.0
 0.0
 0.0
 0.0
 0.0
 0.0
 0.0
 0.0
 0.0
 0.0
 0.0
 0.0
 0.0
 0.0
 0.0
 0.557741574502552
 4.275542125768911
 0.0
 0.7583139233734387
x_ij_opt: 1-dimensional DenseAxisArray{Float64,1,...} with index sets:
    Dimension 1, [(43, 30), (43, 22), (43, 6), (44, 22), (45, 30), (45, 29), (45, 28), (45, 24), (45, 23), (40, 29)  …  (5, 7), (5, 14), (6, 4), (6, 3), (1, 14), (1, 10), (1, 23), (1, 1), (3, 2), (3, 1)]
And data, a 116-element Vector{Float64}:
 0.0
 0.0
 1.487839345908697
 0.0
 1.4422584258259357
 0.0
 1.625540870436315
 0.0
 0.0
 0.0
 0.0
 0.0
 0.0
 0.0
 0.0
 0.0
 0.0
 0.0
 0.2850338043414691
 0.0
 0.1672867865033776
 0.0
 0.0
 0.0
 0.0
 0.0
 0.0
 1.9999999997133118
 0.0
 0.0
 0.0
 0.0
 0.0
 0.0
 0.0
 0.0
 0.0
 0.0
 0.0
 0.0
 0.0
 0.0
 0.0
 0.512160654697336
 0.0
 0.0
 0.0
 0.0
 0.0
 0.0
 0.0
 0.0
 0.0
 0.0
 0.0
 0.35379950911739827
 0.0
 0.0
 0.14537349931590526
 1.4699268704387154
 0.0
 0.0
 0.0
 0.0
 6.0
 0.0
 0.0
 0.0
 0.0
 0.71496619549436
 0.0
 0.0
 0.0
 0.0
 0.0
 0.0
 0.12462341505699179
 0.9389952437796028
 0.0
 0.0
 0.0
 0.0
 0.0
 0.0
 0.0
 0.0
 0.0
 0.010511530765946651
 0.0
 0.0
 0.0
 0.0
 0.0
 0.0
 0.0
 0.0
 0.0
 0.0
 0.0
 0.2416860771510317
 0.0
 0.0
 0.0
 0.0
 0.0
 0.45553895430952096
 0.0
 0.0
 0.0
 0.0
 0.14111495473084168
 0.0
 0.0
 2.4810986312127707
 0.0
 0.0
x_il_opt: 1-dimensional DenseAxisArray{Float64,1,...} with index sets:
    Dimension 1, [(43, 15), (43, 14), (44, 15), (44, 13), (44, 3), (40, 14), (40, 2), (41, 14), (42, 6), (37, 13)  …  (4, 13), (5, 2), (5, 7), (5, 9), (6, 11), (1, 1), (1, 6), (1, 3), (2, 1), (2, 15)]
And data, a 71-element Vector{Float64}:
 0.0
 0.0
 0.0
 2.105703963739755
 3.556680054555663
 1.2498357139352756
 0.0
 0.0
 0.0
 0.8942960364814002
 0.0
 3.0
 0.0
 0.0
 3.0
 0.0
 0.0
 0.0
 6.40715043652696
 0.0
 1.9831218906109582
 0.0
 3.0
 0.8562090952219272
 2.1437909052420565
 0.0
 1.592849564175325
 0.0
 2.646200491706916
 0.5300731300157092
 2.324553370657154
 0.0
 0.0
 0.0
 0.0
 0.0
 0.0
 0.0
 2.285033805322765
 0.0
 0.0
 0.0
 2.9894884705179106
 0.0
 0.0
 2.1437909049069304
 0.0
 3.0
 0.0
 0.0
 0.0
 0.0
 0.0
 0.0
 2.724083358571953
 0.0
 0.0
 1.0280162018159096e-8
 0.0
 0.0
 0.0
 0.0
 0.0
 0.0
 0.0
 0.0
 0.0
 2.8562090925701265
 2.5215773226666505
 0.0
 5.591597623857979
x_lj_opt: 1-dimensional DenseAxisArray{Float64,1,...} with index sets:
    Dimension 1, [(15, 30), (15, 29), (15, 23), (15, 3), (14, 28), (14, 27), (14, 10), (14, 24), (13, 26), (13, 25)  …  (3, 6), (3, 5), (3, 29), (2, 4), (2, 3), (2, 1), (2, 5), (1, 2), (1, 1), (1, 14)]
And data, a 53-element Vector{Float64}:
 0.5577415744593834
 4.275542125368086
 0.0
 0.7583139233018303
 0.3744591299290776
 0.8753765851406903
 0.0
 0.0
 2.0
 0.9999999991982098
 0.0
 1.3537995105849676
 1.0
 0.6462004894662453
 2.0
 0.0
 0.0
 0.0
 0.6462004901776631
 0.0
 0.0
 2.0
 0.9999999998255062
 0.5300731299252756
 0.0
 0.0
 6.0
 1.9999999989915294
 0.0
 0.0
 1.4033460914989009
 0.8546265010925641
 0.7420274075265527
 2.0
 5.999999999901338
 0.0
 1.9894884699026045
 1.0
 0.0
 0.0
 1.0610047564526761
 3.6462004926278473
 0.0
 0.0
 5.000000000819734
 1.0782573862418448
 1.9999999999754285
 0.0
 0.0
 1.0000000000248537
 1.9999999999672065
 2.609587175651106
 0.0
q_opt: 1-dimensional DenseAxisArray{Float64,1,...} with index sets:
    Dimension 1, [(43, 15), (43, 14), (44, 15), (44, 13), (44, 3), (40, 14), (40, 2), (41, 14), (42, 6), (37, 13)  …  (4, 13), (5, 2), (5, 7), (5, 9), (6, 11), (1, 1), (1, 6), (1, 3), (2, 1), (2, 15)]
And data, a 71-element Vector{Float64}:
 0.0
 0.0
 0.0
 0.7019013212671131
 0.5851479837033676
 0.9999999989279474
 0.0
 0.0
 0.0
 0.2980986788260552
 0.0
 1.0
 0.0
 0.0
 0.3750000001214065
 0.0
 0.0
 0.0
 0.800893804556797
 0.0
 0.4212949692312825
 0.0
 1.0
 0.2854030317430959
 0.2679738631436208
 0.0
 0.19910619550268654
 0.0
 0.9999999999641282
 0.9999999992604278
 0.504286670817045
 0.0
 0.0
 0.0
 0.0
 0.0
 0.0
 0.0
 0.49571332925098394
 0.0
 0.0
 0.0
 1.0
 0.0
 0.0
 0.7145969683041345
 0.0
 1.0
 0.0
 0.0
 0.0
 0.0
 0.0
 0.0
 0.5787050307784855
 0.0
 0.0
 0.0
 0.0
 0.0
 0.0
 0.0
 0.0
 0.0
 0.0
 0.0
 0.0
 0.35702613655974375
 0.41485201465115884
 0.0
 1.0

