objective value: -623.265893192
objective bound: -623.328226011
termination status: OPTIMAL
BARON solution time: 1172.99


w_opt: 1-dimensional DenseAxisArray{Float64,1,...} with index sets:
    Dimension 1, [(25, 1, 2), (25, 1, 1), (25, 1, 14), (20, 1, 2), (20, 1, 1), (20, 1, 14), (1, 1, 2), (1, 1, 1), (1, 1, 14), (2, 1, 2)  …  (20, 15, 23), (20, 15, 3), (8, 15, 30), (8, 15, 29), (8, 15, 23), (8, 15, 3), (2, 15, 30), (2, 15, 29), (2, 15, 23), (2, 15, 3)]
And data, a 261-element Vector{Float64}:
 1.1257645436983323
 1.7356338998952598
 0.0
 0.8742354565625036
 1.3478419651730218
 0.0
 0.0
 0.0
 0.0
 0.0
 0.0
 0.0
 0.0
 0.0
 0.0
 0.0
 2.0
 0.0
 0.0
 1.000000000340957
 0.0
 0.0
 0.0
 0.0
 0.0
 0.0
 0.0
 0.0
 0.0
 2.847873311839261
 1.7087239866805186
 0.0
 0.0
 0.0
 0.0
 0.0
 0.0
 0.0
 0.0
 0.0
 0.0
 2.152126688953776
 1.2912760130526415
 0.4050320653411999
 1.157459867716893
 0.0
 0.0
 0.0
 0.0
 0.6719294752337324
 1.9201724210745605
 0.0
 0.0
 0.0
 0.0
 0.0
 0.0
 0.0
 0.0
 2.0
 1.0
 0.0
 0.0
 0.0
 0.0
 0.0
 0.0
 0.0
 0.0
 0.0
 0.0
 0.13944592278289472
 0.4183377683246654
 0.0
 0.7500000001129492
 2.25000000020979
 0.0
 0.5193408950947004
 1.5580226851809595
 0.0
 0.0
 0.0
 0.0
 0.0
 0.0
 0.0
 0.0
 0.0
 0.0
 0.0
 0.0
 0.0
 0.5912131823043512
 1.7736395468016715
 0.0
 0.0
 0.0
 0.0
 0.0
 0.0
 0.0
 1.303870793324979
 0.8613984441895053
 0.834730762767866
 0.0
 0.0
 0.0
 0.0
 0.0
 0.0
 0.0
 0.0
 0.0
 0.0
 0.0
 0.0
 0.0
 0.0
 4.898837254589687
 1.6329457511770527
 0.0
 0.0
 0.0
 1.1011627464536304
 0.3670542487378164
 0.0
 0.0
 0.0
 0.0
 0.0
 0.0
 0.0
 0.0
 0.0
 0.0
 0.0
 0.0
 0.0
 0.0
 0.0
 0.0
 0.0
 0.0
 0.0
 0.0
 0.0
 0.0
 0.0
 0.0
 0.0
 0.0
 0.0
 0.0
 0.6150909468597222
 0.30754547337959465
 0.0
 0.0
 1.3849090534014612
 0.6924545265875445
 0.0
 0.0
 0.0
 0.0
 0.0
 0.0
 0.0
 0.0
 0.0
 0.0
 0.0
 0.0
 0.0
 0.0
 1.6163569013838814
 0.0
 0.0
 0.0
 0.4612753862648459
 0.0
 0.0
 0.0
 0.0
 0.0
 0.0
 0.0
 0.0
 0.0
 0.0
 0.0
 0.0
 0.0
 0.0
 0.0
 0.0
 1.5387246147075304
 0.9808629052207017
 0.480412480369671
 0.0
 0.0
 0.0
 0.0
 0.0
 0.0
 0.0
 0.0
 0.0
 1.5506421428492219
 0.7753210710538684
 0.0
 0.4493578575421503
 0.22467892866363914
 0.0
 0.0
 0.0
 0.0
 0.0
 0.0
 0.0
 0.0
 0.0
 0.0
 0.0
 0.0
 0.0
 0.0
 0.5939607840908047
 0.6141250599218525
 0.0
 0.0
 0.0
 0.0
 0.0
 0.0
 0.0
 0.0
 0.0
 0.0
 0.0
 0.0
 0.0
 0.0
 0.0
 0.0
 0.0
 0.0
 0.0
 0.0
 0.0
 0.0
 0.0
 0.0
 0.0
 0.0
 0.0
 0.0
 0.0
 0.0
 1.9801040359523672
 2.519587521304377
 0.0
 1.0
x_ij_opt: 1-dimensional DenseAxisArray{Float64,1,...} with index sets:
    Dimension 1, [(43, 30), (43, 22), (43, 6), (44, 22), (45, 30), (45, 29), (45, 28), (45, 24), (45, 23), (40, 29)  …  (5, 7), (5, 14), (6, 4), (6, 3), (1, 14), (1, 10), (1, 23), (1, 1), (3, 2), (3, 1)]
And data, a 116-element Vector{Float64}:
 0.0
 0.3836430993043814
 1.5784094664909916
 0.0
 0.019895964489898933
 0.0
 1.4060392163376325
 0.0
 0.0
 0.0
 0.0
 0.0
 0.0
 0.0
 0.0
 0.0
 0.0
 0.0
 0.222077421480258
 0.0
 0.0
 0.0
 0.0
 0.0
 0.0
 0.0
 0.0
 2.0
 0.0
 0.0
 0.0
 0.0
 0.0
 0.0
 0.0
 0.0
 0.0
 0.0
 0.0
 0.0
 0.0
 0.0
 0.0
 0.42159053437470095
 0.0
 0.0
 0.0
 0.0
 0.0
 0.0
 0.0
 0.0
 0.0
 0.0
 0.0
 0.9223677125181172
 0.0
 0.0
 0.1386015564583469
 2.0
 0.0
 0.0
 0.0
 0.0
 6.0
 0.0
 0.0
 0.0
 0.0
 0.7779225788992975
 0.0
 0.0
 0.0
 0.0
 0.0
 0.0
 0.38587494039192427
 0.9230384597521435
 0.0
 0.0
 0.0
 0.0
 0.0
 0.0
 0.0
 0.0
 0.0
 0.0
 0.0
 0.0
 0.0
 0.0
 0.0
 0.0
 0.0
 0.0
 0.0
 0.0
 0.0
 0.0
 0.0
 0.0
 0.0
 0.0
 0.0
 0.6053151061849774
 0.0
 0.0
 0.0
 0.0
 0.09081410116080561
 0.0
 0.0191370953668253
 2.0817933734122414
 0.0
 0.0
x_il_opt: 1-dimensional DenseAxisArray{Float64,1,...} with index sets:
    Dimension 1, [(43, 15), (43, 14), (44, 15), (44, 13), (44, 3), (40, 14), (40, 2), (41, 14), (42, 6), (37, 13)  …  (4, 13), (5, 2), (5, 7), (5, 9), (6, 11), (1, 1), (1, 6), (1, 3), (2, 1), (2, 15)]
And data, a 71-element Vector{Float64}:
 0.0
 0.0
 0.0
 2.325963214138624
 4.556597298467643
 1.2080858438160709
 0.0
 0.0
 0.5577836911001731
 0.674036786274046
 0.0
 3.0
 0.0
 0.0
 3.0
 0.0
 0.0
 0.0
 6.531783005578455
 0.0
 1.5624919330218636
 0.0
 3.0
 0.9226364202393168
 2.0773635802541968
 0.0
 1.4682169951488775
 0.0
 2.0776322882663325
 0.0
 2.861398443537574
 0.0
 0.0
 0.0
 0.0
 0.0
 0.0
 0.0
 2.222077421691763
 0.0
 0.0
 0.0
 3.0
 0.0
 0.0
 2.077363579989006
 0.0
 3.0
 0.0
 0.0
 0.0
 0.0
 0.0
 0.0
 2.592101896248286
 0.0
 0.0
 0.0
 0.0
 0.0
 0.0
 0.0
 0.0
 0.0
 0.0
 0.0
 0.0
 2.364852729078521
 3.44340270196719
 0.0
 5.499691557256537
x_lj_opt: 1-dimensional DenseAxisArray{Float64,1,...} with index sets:
    Dimension 1, [(15, 30), (15, 29), (15, 23), (15, 3), (14, 28), (14, 27), (14, 10), (14, 24), (13, 26), (13, 25)  …  (3, 6), (3, 5), (3, 29), (2, 4), (2, 3), (2, 1), (2, 5), (1, 2), (1, 1), (1, 14)]
And data, a 53-element Vector{Float64}:
 1.9801040358089088
 2.5195875211217076
 0.0
 1.0
 0.5939607840562655
 0.614125059886186
 0.0
 0.0
 2.0
 0.9999999996199793
 0.0
 1.538724614557032
 0.9808629051247718
 0.48041248032269357
 1.6163569012771835
 0.0
 0.0
 0.0
 0.4612753862339852
 0.0
 0.0
 2.0
 0.9999999999348702
 0.0
 0.0
 0.0
 6.0
 1.9999999997649531
 0.0
 0.0
 1.3038707932439755
 0.8613984441359882
 0.8347307627160054
 2.0
 6.0
 0.0
 2.0
 1.0
 0.0
 0.0
 1.0769615405365123
 3.077632288681093
 0.0
 0.0
 5.000000000612577
 2.9999999996248747
 2.0
 0.0
 0.0
 1.0000000002727734
 2.0
 3.08347586494587
 0.0
q_opt: 1-dimensional DenseAxisArray{Float64,1,...} with index sets:
    Dimension 1, [(43, 15), (43, 14), (44, 15), (44, 13), (44, 3), (40, 14), (40, 2), (41, 14), (42, 6), (37, 13)  …  (4, 13), (5, 2), (5, 7), (5, 9), (6, 11), (1, 1), (1, 6), (1, 3), (2, 1), (2, 15)]
And data, a 71-element Vector{Float64}:
 0.0
 0.0
 0.0
 0.7753210713485036
 0.5695746622980862
 1.0
 0.0
 0.0
 0.06972296138492891
 0.22467892874902037
 0.0
 1.0
 0.0
 0.0
 0.37500000002225586
 0.0
 0.0
 0.0
 0.8164728756849085
 0.0
 0.3760877711004732
 0.0
 1.0
 0.30754547339961974
 0.2596704475201547
 0.0
 0.18352712439091534
 0.0
 1.0
 0.2605830442177641
 0.5628822717981254
 0.0
 0.16424505818726112
 0.0
 0.0
 0.0
 0.0
 0.0
 0.4371177282416785
 0.0
 0.0
 0.0
 1.0
 0.0
 0.0
 0.6924545266326486
 0.0
 1.0
 0.0
 0.0
 0.0
 0.0
 0.0
 0.0
 0.6239122289354035
 0.0
 0.0
 0.0
 0.0
 0.0
 0.0
 0.0
 0.0
 0.0
 0.5751718975949748
 0.0
 0.0
 0.2956065911227504
 0.4304253377380011
 0.0
 1.0

