objective value: -628.620239682
objective bound: -628.683107991
termination status: OPTIMAL
BARON solution time: 53.03


w_opt: 1-dimensional DenseAxisArray{Float64,1,...} with index sets:
    Dimension 1, [(25, 1, 2), (25, 1, 1), (25, 1, 14), (20, 1, 2), (20, 1, 1), (20, 1, 14), (1, 1, 2), (1, 1, 1), (1, 1, 14), (2, 1, 2)  …  (20, 15, 23), (20, 15, 3), (8, 15, 30), (8, 15, 29), (8, 15, 23), (8, 15, 3), (2, 15, 30), (2, 15, 29), (2, 15, 23), (2, 15, 3)]
And data, a 261-element Vector{Float64}:
 1.2831189788367663
 0.0
 0.0
 0.7168810214393315
 0.0
 0.0
 0.0
 0.0
 0.0
 0.0
 0.0
 0.0
 0.0
 0.0
 0.0
 0.0
 1.8886765382734207
 0.0
 0.0
 1.1113234621850525
 0.0
 0.0
 0.0
 0.0
 0.0
 0.0
 0.0
 0.0
 0.2516688918159006
 1.2146310783446947
 0.5213644926766132
 0.0
 0.0
 0.0
 0.7612541503983328
 3.6740454606745496
 1.5770359262543658
 0.0
 0.0
 0.0
 0.0
 0.0
 0.0
 0.20238373492356498
 0.575187598241951
 0.020281387076965664
 0.0
 0.0
 0.0
 0.9084898949438414
 2.5819867436463877
 0.09104207519757813
 0.0
 0.0
 0.0
 0.0
 0.0
 0.0
 0.0
 2.0
 1.0
 0.0
 0.0
 0.0
 0.0
 0.0
 0.0
 0.0
 0.0
 0.0
 0.0
 0.20003391234400109
 0.6001017369934704
 0.0
 0.7500000000860105
 2.2500000002371054
 0.0
 0.5200636566987005
 1.5601909700662877
 0.0
 0.0
 0.0
 0.0
 0.0
 0.0
 0.0
 0.0
 0.0
 0.0
 0.0
 0.0
 0.0
 0.5299024311678147
 1.589707293473946
 0.0
 0.0
 0.0
 0.0
 0.0
 0.0
 0.0
 1.9657314628278801
 0.7557453922362007
 0.2785231452399391
 0.0
 0.0
 0.0
 0.0
 0.0
 0.0
 0.0
 0.0
 0.0
 0.0
 0.0
 0.0
 0.0
 0.0
 5.5619976657307575
 2.073755219045372
 0.0
 0.0
 0.0
 0.2653230979122403
 0.09892401833714594
 0.0
 0.0
 0.0
 0.0
 0.0
 0.0
 0.0
 0.0
 0.0
 0.0
 0.0
 0.0
 0.0
 0.0
 0.0
 0.0
 0.0
 0.0
 0.0
 0.0
 0.0
 0.0
 1.2999471754379726
 0.0
 0.0
 0.0
 0.7000528246219548
 0.0
 0.6131635825376657
 0.3065817912237284
 0.0
 0.0
 1.3868364177329455
 0.6934182087623499
 0.0
 0.0
 0.0
 0.0
 0.0
 0.0
 0.0
 0.0
 0.0
 0.0
 0.0
 0.0
 0.0
 0.0
 1.7139491847233788
 0.0
 0.0
 0.0
 0.6159043934351102
 0.0
 0.0
 0.0
 0.0
 0.0
 0.0
 0.0
 0.0
 0.0
 0.0
 0.0
 0.0
 0.0
 0.0
 0.0
 0.0
 1.3840956075602957
 0.8753551178615634
 0.7405492747779169
 0.0
 0.0
 0.0
 0.0
 0.0
 0.0
 0.0
 0.0
 0.0
 1.464038416627681
 0.7320192079960753
 0.0
 0.5359615838119838
 0.2679807917906744
 0.0
 0.0
 0.0
 0.0
 0.0
 0.0
 0.0
 0.0
 0.0
 0.0
 0.0
 0.0
 0.0
 0.0
 0.3316679028653949
 0.997933642907488
 0.0
 0.0
 0.0
 0.0
 0.0
 0.0
 0.0
 0.0
 0.0
 0.0
 0.0
 0.0
 0.0
 0.0
 0.0
 0.0
 0.0
 0.0
 0.0
 0.0
 0.0
 0.0
 0.0
 0.0
 0.0
 0.0
 0.0
 0.0
 0.0
 0.0
 0.6355168365800489
 3.1610503078495564
 0.0
 0.8976998178066183
x_ij_opt: 1-dimensional DenseAxisArray{Float64,1,...} with index sets:
    Dimension 1, [(43, 30), (43, 22), (43, 6), (44, 22), (45, 30), (45, 29), (45, 28), (45, 24), (45, 23), (40, 29)  …  (5, 7), (5, 14), (6, 4), (6, 3), (1, 14), (1, 10), (1, 23), (1, 1), (3, 2), (3, 1)]
And data, a 116-element Vector{Float64}:
 0.0
 0.28605081600174515
 0.6228298420789486
 0.0
 1.364483163771039
 0.0
 1.6683320974364795
 0.0
 0.0
 0.0
 0.0
 0.0
 0.0
 0.0
 0.0
 0.0
 0.0
 0.0
 0.255966976153413
 0.0
 0.0
 0.0
 0.0
 0.0
 0.0
 0.0
 0.0
 2.0
 0.0
 0.0
 0.0
 0.0
 0.0
 0.0
 0.0
 0.0
 0.0
 0.0
 0.0
 0.0
 0.0
 0.0
 0.0
 0.36424711647707647
 0.0
 0.0
 0.0
 0.0
 0.0
 0.0
 0.0
 0.0
 0.0
 0.0
 0.0
 0.6701464219333458
 0.0
 0.17267923783013822
 0.24425460836426638
 0.0
 0.0
 0.0
 0.0
 0.0
 6.0
 0.0
 0.0
 0.0
 0.0
 0.7440330242045046
 0.0
 0.0
 0.0
 0.0
 0.0
 0.0
 0.002066357105760591
 0.8891263704419237
 0.0
 0.0
 0.0
 0.0
 0.0
 0.0
 0.0
 0.0
 0.0
 0.0
 0.0
 0.0
 0.0
 0.0
 0.0
 0.0
 0.0
 0.0
 0.0
 0.0
 0.0
 0.10230018274956958
 0.0
 0.0
 0.0
 0.0
 0.0
 0.0
 0.0
 0.0
 0.0
 0.0
 0.034268537902168106
 0.0
 0.12464488270790058
 5.721476855832199
 0.0
 0.0
x_il_opt: 1-dimensional DenseAxisArray{Float64,1,...} with index sets:
    Dimension 1, [(43, 15), (43, 14), (44, 15), (44, 13), (44, 3), (40, 14), (40, 2), (41, 14), (42, 6), (37, 13)  …  (4, 13), (5, 2), (5, 7), (5, 9), (6, 11), (1, 1), (1, 6), (1, 3), (2, 1), (2, 15)]
And data, a 71-element Vector{Float64}:
 0.0
 0.0
 0.0
 2.196057624830122
 1.9876644628372084
 1.3296015455808965
 0.0
 0.0
 0.8001356493329358
 0.803942375674555
 0.0
 3.0
 0.0
 0.0
 3.0
 0.0
 0.0
 0.0
 7.635752884576877
 0.0
 0.7978527202424816
 0.0
 3.0
 0.9197453737613941
 2.0802546267259148
 0.0
 0.3642471162533499
 0.0
 2.3298535788285855
 1.29994717538402
 1.283118978789773
 0.0
 0.0
 0.0
 0.0
 0.0
 0.0
 0.0
 0.7168810214151277
 0.0
 0.0
 0.0
 3.0
 0.0
 0.0
 2.0802546264952957
 0.0
 3.0
 0.0
 0.0
 0.0
 0.0
 0.0
 0.0
 3.581518713787807
 0.0
 0.0
 6.012335537327249
 0.0
 0.0
 0.0
 0.0
 0.0
 0.0
 0.7000528245901078
 0.0
 0.0
 2.1196097246016468
 0.0
 0.0
 4.694266962140896
x_lj_opt: 1-dimensional DenseAxisArray{Float64,1,...} with index sets:
    Dimension 1, [(15, 30), (15, 29), (15, 23), (15, 3), (14, 28), (14, 27), (14, 10), (14, 24), (13, 26), (13, 25)  …  (3, 6), (3, 5), (3, 29), (2, 4), (2, 3), (2, 1), (2, 5), (1, 2), (1, 1), (1, 14)]
And data, a 53-element Vector{Float64}:
 0.6355168365229887
 3.1610503075312657
 0.0
 0.8976998177233382
 0.3316679029471289
 0.9979336431612142
 0.0
 0.0
 2.0
 0.9999999996712581
 0.0
 1.3840956074177206
 0.8753551177793926
 0.7405492747107139
 1.713949184554444
 0.0
 0.0
 0.0
 0.6159043933684747
 0.0
 0.0
 2.0
 0.999999999954088
 2.0
 0.0
 0.0
 5.827320763133442
 2.172679237192998
 0.0
 0.0
 1.9657314626810831
 0.755745392191361
 0.2785231452349772
 2.0
 6.0
 0.0
 2.0
 1.0
 0.0
 0.0
 1.1108736298389628
 3.1571743418144638
 0.11132346226832278
 1.0129230421849595
 4.88867653878252
 2.098400418845514
 1.8886765381059323
 0.0
 0.0
 1.111323462092927
 2.0
 0.0
 0.0
q_opt: 1-dimensional DenseAxisArray{Float64,1,...} with index sets:
    Dimension 1, [(43, 15), (43, 14), (44, 15), (44, 13), (44, 3), (40, 14), (40, 2), (41, 14), (42, 6), (37, 13)  …  (4, 13), (5, 2), (5, 7), (5, 9), (6, 11), (1, 1), (1, 6), (1, 3), (2, 1), (2, 15)]
And data, a 71-element Vector{Float64}:
 0.0
 0.0
 0.0
 0.7320192082488903
 0.24845805786204686
 0.999999999744638
 0.0
 0.0
 0.1000169561566918
 0.26798079188091106
 0.0
 1.0
 0.0
 0.0
 0.3750000000179965
 0.0
 0.0
 0.0
 0.9544691105596108
 0.0
 0.1821843002537048
 0.0
 1.0
 0.3065817912390064
 0.2600318283280153
 0.0
 0.04553088952424246
 0.0
 1.0
 0.6499735877173758
 0.6415594893610579
 0.0
 0.0
 0.0
 0.0
 0.0
 0.0
 0.0
 0.35844051068680616
 0.0
 0.0
 0.0
 1.0
 0.0
 0.0
 0.6934182088031087
 0.0
 1.0
 0.0
 0.0
 0.0
 0.0
 0.0
 0.0
 0.8178156997699907
 0.0
 0.0
 0.7515419421852204
 0.0
 0.0
 0.0
 0.0
 0.0
 0.0
 0.3500264123102068
 0.0
 0.0
 0.26495121556239914
 0.0
 0.0
 1.0

