objective value: -622.439980198
objective bound: -622.502230416
termination status: OPTIMAL
BARON solution time: 7189.25


w_opt: 1-dimensional DenseAxisArray{Float64,1,...} with index sets:
    Dimension 1, [(25, 1, 2), (25, 1, 1), (25, 1, 14), (20, 1, 2), (20, 1, 1), (20, 1, 14), (1, 1, 2), (1, 1, 1), (1, 1, 14), (2, 1, 2)  …  (20, 15, 23), (20, 15, 3), (8, 15, 30), (8, 15, 29), (8, 15, 23), (8, 15, 3), (2, 15, 30), (2, 15, 29), (2, 15, 23), (2, 15, 3)]
And data, a 261-element Vector{Float64}:
 1.204616102849239
 1.7340943775571194
 0.0
 0.7953838974258851
 1.1449878025568279
 0.0
 0.0
 0.0
 0.0
 0.0
 0.0
 0.0
 0.0
 0.0
 0.0
 0.0
 1.820293182527968
 0.0
 0.0
 1.1797068179605363
 0.0
 0.0
 0.0
 0.0
 0.0
 0.0
 0.0
 0.0
 0.0
 1.7591929605475642
 0.6733846538845448
 0.0
 0.0
 0.0
 0.0
 1.523810849541204
 0.5832849860793163
 0.0
 0.0
 0.0
 0.0
 1.5372893730605444
 0.5884443012303505
 0.12009461810742819
 0.43052847354387247
 0.02024735354778422
 0.0
 0.0
 0.0
 0.9458136560542586
 3.3906574334026036
 0.1594594644318938
 0.0
 0.0
 0.0
 0.0
 0.0
 0.0
 0.0
 2.0
 1.0
 0.0
 0.0
 0.0
 0.0
 0.0
 0.0
 0.0
 0.0
 0.0
 0.0
 0.03046093942055567
 0.09138281825919481
 0.0
 0.7500000000942748
 2.250000000220595
 0.0
 0.5353600808819902
 1.6060802425887988
 0.0
 0.0
 0.0
 0.0
 0.0
 0.0
 0.0
 0.0
 0.0
 0.0
 0.0
 0.0
 0.0
 0.6841789798447433
 2.052536939473379
 0.0
 0.0
 0.0
 0.0
 0.0
 0.0
 0.0
 2.0
 0.9387104809412375
 0.06128951894376201
 0.0
 0.0
 0.0
 0.0
 0.0
 0.0
 0.0
 0.0
 0.0
 0.0
 0.0
 0.0
 0.0
 0.0
 5.46798330092007
 1.8226610998770003
 0.0
 0.0
 0.0
 0.5320167001097131
 0.17733889999460645
 0.0
 0.0
 0.0
 0.0
 0.0
 0.0
 0.0
 0.0
 0.0
 0.0
 0.0
 0.0
 0.0
 0.0
 0.0
 0.0
 0.0
 0.0
 0.0
 0.0
 0.0
 0.0
 0.0
 0.0
 0.0
 0.0
 0.0
 0.0
 0.5723731180572336
 0.2861865589819552
 0.0
 0.0
 1.427626882204045
 0.7138134409856383
 0.0
 0.0
 0.0
 0.0
 0.0
 0.0
 0.0
 0.0
 0.0
 0.0
 0.0
 0.0
 0.0
 0.0
 2.0
 0.0
 0.0
 0.0
 0.8211859055449378
 0.0
 0.0
 0.0
 0.0
 0.0
 0.0
 0.0
 0.0
 0.0
 0.0
 0.0
 0.0
 0.0
 0.0
 0.0
 0.0
 1.1788140954382125
 0.9220778952257288
 0.8991080095185184
 0.0
 0.0
 0.0
 0.0
 0.0
 0.0
 0.0
 0.0
 0.0
 1.4634488241825656
 0.7317244117480235
 0.0
 0.536551176210745
 0.2682755879795214
 0.0
 0.0
 0.0
 0.0
 0.0
 0.0
 0.0
 0.0
 0.0
 0.0
 0.0
 0.0
 0.0
 0.0
 0.4379539434199671
 0.8948190610211874
 0.0
 0.0
 0.0
 0.0
 0.0
 0.0
 0.0
 0.0
 0.0
 0.0
 0.0
 0.0
 0.0
 0.0
 0.0
 0.0
 0.0
 0.0
 0.0
 0.0
 0.0
 0.0
 0.0
 0.0
 0.0
 0.0
 0.0
 0.0
 0.0
 0.0
 0.7528065049223059
 3.2557780508021357
 0.0
 0.8694954699631061
x_ij_opt: 1-dimensional DenseAxisArray{Float64,1,...} with index sets:
    Dimension 1, [(43, 30), (43, 22), (43, 6), (44, 22), (45, 30), (45, 29), (45, 28), (45, 24), (45, 23), (40, 29)  …  (5, 7), (5, 14), (6, 4), (6, 3), (1, 14), (1, 10), (1, 23), (1, 1), (3, 2), (3, 1)]
And data, a 116-element Vector{Float64}:
 0.0
 0.0
 1.2906444004385922
 0.0
 1.2471934954377577
 0.0
 1.5620460569964636
 0.0
 0.0
 0.0
 0.0
 0.0
 0.0
 0.0
 0.0
 0.0
 0.0
 0.0
 0.25484294704837046
 0.0
 0.0
 0.0
 0.0
 0.0
 0.0
 0.0
 0.0
 2.0
 0.0
 0.0
 0.0
 0.0
 0.0
 0.0
 0.0
 0.0
 0.0
 0.0
 0.0
 0.0
 0.0
 0.0
 0.0
 0.7093556004096607
 0.0
 0.0
 0.0
 0.0
 0.0
 0.0
 0.0
 0.0
 0.0
 0.0
 0.0
 0.17881409443748392
 0.0
 0.0
 0.06128951965272185
 2.0
 0.0
 0.0
 0.0
 0.0
 6.0
 0.0
 0.0
 0.0
 0.0
 0.7451570533379183
 0.0
 0.0
 0.0
 0.0
 0.0
 0.0
 0.10518093930758932
 0.934091726166894
 0.0
 0.0
 0.0
 0.0
 0.0
 0.0
 0.0
 0.0
 0.0
 0.0
 0.0
 0.0
 0.0
 0.0
 0.0
 0.0
 0.0
 0.0
 0.0
 0.0
 0.0
 0.1305045306003694
 0.0
 0.0
 0.0
 0.0
 0.0
 0.0
 0.0
 0.0
 0.0
 0.0
 0.0
 0.0
 0.07792210535869411
 3.059628302143448
 0.0
 0.0
x_il_opt: 1-dimensional DenseAxisArray{Float64,1,...} with index sets:
    Dimension 1, [(43, 15), (43, 14), (44, 15), (44, 13), (44, 3), (40, 14), (40, 2), (41, 14), (42, 6), (37, 13)  …  (4, 13), (5, 2), (5, 7), (5, 9), (6, 11), (1, 1), (1, 6), (1, 3), (2, 1), (2, 15)]
And data, a 71-element Vector{Float64}:
 0.0
 0.0
 0.0
 2.1951732361471334
 2.43257761440198
 1.332773004244192
 0.0
 0.0
 0.12184375767818313
 0.8048267642696588
 0.0
 3.0
 0.0
 0.0
 3.0
 0.0
 0.0
 0.0
 7.290644400613601
 0.0
 0.5708704451990848
 0.0
 3.0
 0.8585596770391888
 2.141440323450097
 0.0
 0.7093556000870687
 0.0
 2.8211859063525715
 0.0
 2.9387104803461166
 0.0
 0.0
 0.0
 0.0
 0.0
 0.0
 0.0
 1.9403716999425427
 0.0
 0.0
 0.0
 3.0
 0.0
 0.0
 2.1414403231896832
 0.0
 3.0
 0.0
 0.0
 0.0
 0.0
 0.0
 0.0
 4.495930553888756
 0.0
 0.0
 2.1070958355944223
 0.0
 0.0
 0.0
 0.0
 0.0
 0.0
 0.0
 0.0
 0.0
 2.736715919285568
 2.1257336742645663
 0.0
 4.878080025589045
x_lj_opt: 1-dimensional DenseAxisArray{Float64,1,...} with index sets:
    Dimension 1, [(15, 30), (15, 29), (15, 23), (15, 3), (14, 28), (14, 27), (14, 10), (14, 24), (13, 26), (13, 25)  …  (3, 6), (3, 5), (3, 29), (2, 4), (2, 3), (2, 1), (2, 5), (1, 2), (1, 1), (1, 14)]
And data, a 53-element Vector{Float64}:
 0.7528065048598959
 3.2557780505211458
 0.0
 0.8694954698905094
 0.43795394339755883
 0.8948190609762584
 0.0
 0.0
 2.0
 0.9999999996297885
 0.0
 1.1788140953220339
 0.92207789513488
 0.8991080094299361
 2.0
 0.0
 0.0
 0.0
 0.8211859054694868
 0.0
 0.0
 2.0
 0.999999999935281
 0.0
 0.0
 0.0
 6.0
 1.9999999997240239
 0.0
 0.0
 2.0
 0.9387104809370597
 0.061289518943489225
 2.0
 6.0
 0.0
 2.0
 1.0
 0.0
 0.0
 1.0659082741250525
 3.8211859068141987
 0.17970681797376895
 0.0
 4.820293183006615
 1.8451139411395927
 1.820293182403926
 0.0
 0.0
 1.1797068178800827
 2.0
 2.8790821799944983
 0.0
q_opt: 1-dimensional DenseAxisArray{Float64,1,...} with index sets:
    Dimension 1, [(43, 15), (43, 14), (44, 15), (44, 13), (44, 3), (40, 14), (40, 2), (41, 14), (42, 6), (37, 13)  …  (4, 13), (5, 2), (5, 7), (5, 9), (6, 11), (1, 1), (1, 6), (1, 3), (2, 1), (2, 15)]
And data, a 71-element Vector{Float64}:
 0.0
 0.0
 0.0
 0.7317244120189168
 0.36495559372807346
 1.0
 0.0
 0.0
 0.015230469709243088
 0.26827558807884055
 0.0
 1.0
 0.0
 0.0
 0.3750000000218688
 0.0
 0.0
 0.0
 0.9113305500643247
 0.0
 0.11266881121280109
 0.0
 1.0
 0.286186559000477
 0.26768004041976357
 0.0
 0.08866945000962043
 0.0
 1.0
 0.07997133738531687
 0.6023080513667881
 0.0
 0.09856443278191677
 0.0
 0.0
 0.0
 0.0
 0.0
 0.3976919486748472
 0.0
 0.0
 0.0
 1.0
 0.0
 0.0
 0.7138134410318355
 0.0
 1.0
 0.0
 0.0
 0.0
 0.0
 0.0
 0.0
 0.887331188821812
 0.0
 0.0
 0.3161241011051407
 0.0
 0.0
 0.0
 0.0
 0.0
 0.0
 0.8214642298327665
 0.0
 0.0
 0.3420894898982979
 0.31892030519638925
 0.0
 1.0

