objective value: -624.410670301
objective bound: -639.666919028
termination status: TIME_LIMIT
BARON solution time: 7227.64


w_opt: 1-dimensional DenseAxisArray{Float64,1,...} with index sets:
    Dimension 1, [(25, 1, 2), (25, 1, 1), (25, 1, 14), (20, 1, 2), (20, 1, 1), (20, 1, 14), (1, 1, 2), (1, 1, 1), (1, 1, 14), (2, 1, 2)  …  (20, 15, 23), (20, 15, 3), (8, 15, 30), (8, 15, 29), (8, 15, 23), (8, 15, 3), (2, 15, 30), (2, 15, 29), (2, 15, 23), (2, 15, 3)]
And data, a 261-element Vector{Float64}:
 1.0623099116903947
 1.9376900885936519
 0.0
 0.8012028335464264
 1.461421730543473
 0.0
 0.0
 0.0
 0.0
 0.0
 0.0
 0.0
 0.0
 0.0
 0.0
 0.0
 2.0
 0.0
 0.0
 0.9999999999435103
 0.0
 0.0
 0.0
 0.0
 0.0
 0.0
 0.0
 0.0
 0.21014372302558937
 2.9265272029225278
 1.5457725976578607
 0.0
 0.0
 0.0
 0.0
 0.0
 0.0
 0.0
 0.0
 0.0
 0.14888885808323601
 2.0734727981918817
 1.095194820067727
 0.0
 0.0
 0.0
 0.0
 0.0
 0.0
 1.2057828710219127
 1.8655085591072322
 0.0
 0.0
 0.0
 0.0
 0.0
 0.0
 0.0
 0.0
 2.0
 1.0
 0.0
 0.0
 0.0
 0.0
 0.0
 0.0
 0.0
 0.0
 0.0
 0.0
 0.07592667275512695
 0.22778001825141808
 0.0
 0.7500000001268872
 2.2500000005889635
 0.0
 0.556280434295302
 1.6688413030306508
 0.0
 0.0
 0.0
 0.0
 0.0
 0.0
 0.0
 0.0
 0.0
 0.0
 0.0
 0.0
 0.0
 0.6177928929268062
 1.8533786789451412
 0.0
 0.0
 0.0
 0.0
 0.0
 0.0
 0.0
 1.533928695230517
 0.985201654934853
 0.4808696499545555
 0.0
 0.0
 0.0
 0.0
 0.0
 0.0
 0.0
 0.0
 0.0
 0.0
 0.0
 0.0
 0.0
 0.0
 5.637629955068277
 1.865305385204401
 0.0
 0.01390459937376411
 0.0
 0.3623700460446781
 0.11989626913481952
 0.0
 0.0008937462077772407
 0.0
 0.0
 0.0
 0.0
 0.0
 0.0
 0.0
 0.0
 0.0
 0.0
 0.0
 0.0
 0.0
 0.0
 0.0
 0.0
 0.0
 0.0
 0.0
 0.0
 0.0
 0.0
 0.0
 0.0
 0.0
 0.0
 0.516585508803131
 0.2582927543553936
 0.0
 0.0
 1.4834144914780978
 0.7417072456033158
 0.0
 0.0
 0.0
 0.0
 0.0
 0.0
 0.0
 0.0
 0.0
 0.0
 0.0
 0.0
 0.0
 0.0
 2.0
 0.0
 0.0
 0.0
 0.7225154486233227
 0.0
 0.0
 0.0
 0.0
 0.0
 0.0
 0.0
 0.0
 0.0
 0.0
 0.0
 0.0
 0.0
 0.0
 0.0
 0.0
 1.2774845523296483
 1.0
 0.7225154479653776
 0.0
 0.0
 0.0
 0.0
 0.0
 0.0
 0.0
 0.0
 0.0
 1.40235241335668
 0.6054745906354222
 0.09570161593219931
 0.5976475871030391
 0.2580381541021671
 0.04078563939804028
 0.0
 0.0
 0.0
 0.0
 0.0
 0.0
 0.0
 0.0
 0.0
 0.0
 0.0
 0.0
 0.0
 0.46042317790019904
 0.999999999580971
 0.0
 0.0
 0.0
 0.0
 0.0
 0.0
 0.0
 0.0
 0.0
 0.0
 0.0
 0.0
 0.0
 0.0
 0.0
 0.0
 0.0
 0.0
 0.0
 0.0
 0.0
 0.0
 0.0
 0.0
 0.0
 0.0
 0.0
 0.0
 0.0
 0.0
 1.3685890422708513
 2.6365171357556316
 0.0
 1.0
x_ij_opt: 1-dimensional DenseAxisArray{Float64,1,...} with index sets:
    Dimension 1, [(43, 30), (43, 22), (43, 6), (44, 22), (45, 30), (45, 29), (45, 28), (45, 24), (45, 23), (40, 29)  …  (5, 7), (5, 14), (6, 4), (6, 3), (1, 14), (1, 10), (1, 23), (1, 1), (3, 2), (3, 1)]
And data, a 116-element Vector{Float64}:
 0.0
 0.0
 1.1578073578969639
 0.0
 0.631410958159767
 0.0
 1.5395768222275628
 0.0
 0.0
 0.0
 0.0
 0.0
 0.0
 0.0
 0.0
 0.0
 0.0
 0.0
 0.26262456366702486
 0.0
 0.0
 0.0
 0.0
 0.0
 0.0
 0.0
 0.0
 1.9999999999608657
 0.0
 0.0
 0.0
 0.0
 0.0
 0.0
 0.0
 0.0
 0.0
 0.0
 0.0
 0.0
 0.0
 0.0
 0.0
 0.4831600616841992
 0.0
 0.0
 0.0
 0.0
 0.0
 0.0
 0.0
 0.0
 0.0
 0.0
 0.0
 0.2774845510250653
 0.0
 0.0
 0.0
 2.0
 0.0
 0.0
 0.0
 0.0
 6.0
 0.0
 0.0
 0.0
 0.0
 0.7373754365918321
 0.0
 0.0
 0.0
 0.0
 0.0
 0.0
 0.0
 0.7942171292988812
 0.0
 0.0
 0.0
 0.0
 0.0
 0.0
 0.0
 0.0
 0.0
 0.0
 0.0
 0.0
 0.0
 0.0
 1.871805236594786
 0.0
 0.0
 0.0
 0.0
 0.13648725585900207
 0.0
 0.0
 0.0
 0.0
 0.0
 0.0
 0.0
 0.46607130543108855
 0.0
 0.0
 0.0
 0.0
 0.0
 0.0
 0.0
 2.120018531678671
 0.0
 0.0
x_il_opt: 1-dimensional DenseAxisArray{Float64,1,...} with index sets:
    Dimension 1, [(43, 15), (43, 14), (44, 15), (44, 13), (44, 3), (40, 14), (40, 2), (41, 14), (42, 6), (37, 13)  …  (4, 13), (5, 2), (5, 7), (5, 9), (6, 11), (1, 1), (1, 6), (1, 3), (2, 1), (2, 15)]
And data, a 71-element Vector{Float64}:
 0.0
 0.0
 0.0
 2.1035286199243015
 4.682443523605977
 1.46042317748117
 0.0
 0.0
 0.30370669102051273
 0.8964713806032465
 0.0
 3.0
 0.0
 0.0
 3.0
 0.0
 0.0
 0.0
 7.5168399396464425
 0.0
 0.0
 0.0
 3.0
 0.7748782631585247
 2.225121737325953
 0.0
 0.48316006140454315
 0.0
 2.7225154498913806
 0.0
 3.0
 0.0
 0.0
 0.0
 0.0
 0.0
 0.0
 0.0
 2.2626245640898994
 0.0
 0.0
 0.0
 3.0
 0.0
 0.0
 2.2251217370814134
 0.0
 3.0
 0.0
 0.0
 0.0
 0.0
 0.0
 0.0
 3.071291430197953
 0.0
 0.0
 0.0
 0.0
 0.0
 0.0
 0.0
 0.0
 0.0
 0.0
 0.0
 0.0
 2.471171571871947
 3.317556476342845
 0.0
 5.00510617803285
x_lj_opt: 1-dimensional DenseAxisArray{Float64,1,...} with index sets:
    Dimension 1, [(15, 30), (15, 29), (15, 23), (15, 3), (14, 28), (14, 27), (14, 10), (14, 24), (13, 26), (13, 25)  …  (3, 6), (3, 5), (3, 29), (2, 4), (2, 3), (2, 1), (2, 5), (1, 2), (1, 1), (1, 14)]
And data, a 53-element Vector{Float64}:
 1.3685890421355336
 2.6365171354949792
 0.0
 0.9999999999934301
 0.4604231781284067
 1.0
 0.0
 0.0
 2.0
 0.8635127446206322
 0.13648725531920022
 1.277484552214162
 1.0
 0.7225154479066944
 1.9999999999601186
 0.0
 0.0
 0.0
 0.7225154485529726
 0.0
 0.0
 2.0
 0.9999999999091947
 0.0
 0.0
 0.0
 6.0
 1.9852016541534852
 0.0
 0.014798345571923227
 1.5339286952238023
 0.9852016549379906
 0.4808696499667495
 1.9999999999732077
 6.0
 0.0
 2.0
 1.0
 0.0
 0.0
 1.2057828709778906
 1.8655085590391192
 0.0
 0.35903258112740066
 5.000000000992187
 2.6409674176749363
 2.0
 0.0
 0.0
 0.9999999998726946
 1.863512745138741
 3.39911181895822
 0.0
q_opt: 1-dimensional DenseAxisArray{Float64,1,...} with index sets:
    Dimension 1, [(43, 15), (43, 14), (44, 15), (44, 13), (44, 3), (40, 14), (40, 2), (41, 14), (42, 6), (37, 13)  …  (4, 13), (5, 2), (5, 7), (5, 9), (6, 11), (1, 1), (1, 6), (1, 3), (2, 1), (2, 15)]
And data, a 71-element Vector{Float64}:
 0.0
 0.0
 0.0
 0.7011762066171787
 0.5853054404682123
 0.9999999995072087
 0.0
 0.0
 0.037963336369022126
 0.2988237935261789
 0.0
 1.0
 0.0
 0.0
 0.37500000007233814
 0.0
 0.0
 0.0
 0.9396049924226908
 0.0
 0.0
 0.0
 1.0
 0.2582927543766542
 0.27814021715161436
 0.0
 0.06039500766545876
 0.0
 1.0
 0.3098325722605848
 0.5700577656158242
 0.0
 0.26198818402482676
 0.0
 0.0
 0.0
 0.0
 0.0
 0.42994223443681506
 0.0
 0.0
 0.0
 1.0
 0.0
 0.0
 0.7417072456683026
 0.0
 1.0
 0.0
 0.0
 0.0
 0.0
 0.0
 0.0
 1.0
 0.0
 0.0
 0.0
 0.0
 0.0
 0.0
 0.0
 0.0
 0.0
 0.4281792437145885
 0.0
 0.0
 0.3088964464688813
 0.41469455955593865
 0.0
 1.0

