objective value: -624.343501114
objective bound: -641.763263364
termination status: TIME_LIMIT
BARON solution time: 7227.67


w_opt: 1-dimensional DenseAxisArray{Float64,1,...} with index sets:
    Dimension 1, [(25, 1, 2), (25, 1, 1), (25, 1, 14), (20, 1, 2), (20, 1, 1), (20, 1, 14), (1, 1, 2), (1, 1, 1), (1, 1, 14), (2, 1, 2)  …  (20, 15, 23), (20, 15, 3), (8, 15, 30), (8, 15, 29), (8, 15, 23), (8, 15, 3), (2, 15, 30), (2, 15, 29), (2, 15, 23), (2, 15, 3)]
And data, a 261-element Vector{Float64}:
 1.147003111533537
 0.0
 0.0
 0.8529968879039989
 0.0
 0.0
 0.0
 0.0
 0.0
 0.0
 0.0
 0.0
 0.0
 0.0
 0.0
 0.0
 1.989904123582421
 0.0
 0.0
 1.0100958765539003
 0.0
 0.0
 0.0
 0.0
 0.0
 0.0
 0.0
 0.0
 0.42532524560650053
 1.5363818780156313
 0.5014774820818767
 0.0
 0.0
 0.0
 0.95605800782287
 3.45352224609718
 1.1272351393152302
 0.0
 0.0
 0.0
 0.0
 0.0
 0.0
 0.12380976175938013
 0.31975900194234264
 0.0012458589829720964
 0.0
 0.0
 0.0
 0.8794885167490292
 2.271423241101268
 0.008850018003066283
 0.0
 0.0
 0.0
 0.0
 0.0
 0.0
 0.0
 2.0
 0.9999999998594831
 0.0
 0.0
 0.0
 0.0
 0.0
 0.0
 0.0
 0.0
 0.0
 0.0
 0.0
 0.0
 0.0
 0.7183015590658051
 2.154904677122772
 0.0
 0.5250435632440955
 1.5751306896983746
 0.0
 0.0
 0.0
 0.0
 0.0
 0.0
 0.0
 0.0
 0.0
 0.0
 0.0
 0.0
 0.0
 0.7566548777954546
 2.2699646333036427
 0.0
 0.0
 0.0
 0.0
 0.0
 0.0
 0.0
 0.06640076446907098
 0.10617740943993566
 0.2527501088425181
 0.40194874699003696
 0.6427317068105093
 1.529991263722882
 0.0
 0.0
 0.0
 0.0
 0.0
 0.0
 0.0
 0.0
 0.0
 0.0
 0.0
 5.261920274255682
 2.4673758289720613
 0.0
 0.0
 0.0
 0.18428875061143118
 0.08641514592805213
 0.0
 0.0
 0.0
 0.0
 0.0
 0.0
 0.0
 0.0
 0.0
 0.0
 0.0
 0.0
 0.0
 0.0
 0.0
 0.0
 0.0
 0.0
 0.0
 0.0
 0.0
 0.0
 0.4383622256973598
 0.0
 0.0
 0.0
 0.42532828292599983
 0.0
 0.5998838316298425
 0.29994191571952317
 0.0
 0.0
 1.4001161686149053
 0.7000580840906191
 0.0
 0.0
 0.0
 0.0
 0.0
 0.0
 0.0
 0.0
 0.0
 0.0
 0.0
 0.0
 0.0
 0.0
 1.855967164412387
 0.0
 0.0
 0.0
 0.289006052039133
 0.0
 0.0
 0.0
 0.0
 0.0
 0.0
 0.0
 0.0
 0.0
 0.0
 0.0
 0.0
 0.0
 0.0
 0.0
 0.0
 1.7109939488597352
 1.0
 0.28900605142233515
 0.0
 0.0
 0.0
 0.0
 0.0
 0.0
 0.0
 0.0
 0.0
 1.5934981319894346
 0.7967490647318671
 0.0
 0.0
 0.0
 0.0
 0.0
 0.0
 0.0
 0.40650186825356566
 0.20325093379176995
 0.0
 0.0
 0.0
 0.0
 0.0
 0.0
 0.0
 0.0
 0.0652183357399104
 0.43803499587278644
 0.0
 0.0
 0.0
 0.0
 0.0
 0.0
 0.08367007765171704
 0.5619650011463903
 0.0
 0.0
 0.0
 0.0
 0.0
 0.0
 0.0
 0.0
 0.0
 0.0
 0.0
 0.0
 0.0
 0.0
 0.0
 0.0
 0.0
 0.0
 0.0
 0.0
 0.0
 0.0
 0.37508847141447826
 4.082281328529673
 0.0
 0.8152426935135066
x_ij_opt: 1-dimensional DenseAxisArray{Float64,1,...} with index sets:
    Dimension 1, [(43, 30), (43, 22), (43, 6), (44, 22), (45, 30), (45, 29), (45, 28), (45, 24), (45, 23), (40, 29)  …  (5, 7), (5, 14), (6, 4), (6, 3), (1, 14), (1, 10), (1, 23), (1, 1), (3, 2), (3, 1)]
And data, a 116-element Vector{Float64}:
 0.0
 0.1440328362416381
 0.3479128494904786
 0.0
 1.624911528894435
 0.0
 1.8511115866043655
 0.0
 0.0
 0.0
 0.0
 0.0
 0.0
 0.0
 0.0
 0.0
 0.0
 0.0
 0.29747462855911894
 0.0
 0.0
 0.0
 0.0
 0.0
 0.0
 0.0
 0.0
 1.9999999993193198
 0.0
 0.0
 0.0
 0.0
 0.0
 0.0
 0.0
 0.0
 0.0
 0.0
 0.0
 0.0
 0.0
 0.0
 0.0
 0.2707038975247534
 0.0
 0.0
 0.0
 0.0
 0.0
 0.0
 0.0
 0.0
 0.0
 0.0
 0.0
 0.8550267825252655
 0.0
 0.5537909762592998
 0.2510908841658303
 1.1363094915134622
 0.0
 0.0
 0.0
 0.0
 6.0
 0.0
 0.0
 0.0
 0.0
 0.7025253716205103
 0.0
 0.0
 0.0
 0.0
 0.0
 0.0
 0.0
 0.9967017216560703
 0.0
 0.0
 0.0
 0.0
 0.0
 0.0
 0.0
 0.0
 0.0
 0.0
 0.0
 0.0
 0.0
 0.0
 0.0
 0.0
 0.0
 0.0
 0.0
 0.0
 0.0
 0.18475730698906567
 0.0
 0.0
 0.0
 0.0
 0.0
 1.3393177118083957
 0.0
 0.0
 0.0
 0.0
 0.1923327772492951
 0.0
 0.0
 4.217258628262898
 0.0
 0.0
x_il_opt: 1-dimensional DenseAxisArray{Float64,1,...} with index sets:
    Dimension 1, [(43, 15), (43, 14), (44, 15), (44, 13), (44, 3), (40, 14), (40, 2), (41, 14), (42, 6), (37, 13)  …  (4, 13), (5, 2), (5, 7), (5, 9), (6, 11), (1, 1), (1, 6), (1, 3), (2, 1), (2, 15)]
And data, a 71-element Vector{Float64}:
 0.0
 0.0
 0.0
 2.3902471976859987
 2.4631846057040083
 0.5032533317306814
 0.0
 0.0
 0.0
 0.0
 0.0
 3.0
 0.0
 0.0
 2.8732062363004105
 0.0
 0.0
 0.0
 7.729296103864366
 0.0
 0.44481462268469485
 0.6456350788929082
 3.0
 0.8998257473493656
 2.1001742530577654
 0.0
 0.27070389691793584
 0.0
 2.144973218322716
 0.43836222572218986
 1.1470031117233996
 0.6097528023661422
 0.0
 0.0
 0.0
 0.0
 0.0
 0.0
 0.8529968880793533
 0.0
 0.0
 0.0
 3.0
 0.0
 0.0
 2.1001742527055245
 0.0
 0.4253282827515247
 0.0
 0.0
 0.0
 0.0
 0.0
 0.0
 3.1597617758533634
 0.0
 0.0
 5.53681539323528
 0.0
 0.0
 0.0
 0.0
 0.0
 2.5746717175234286
 0.4253282829510824
 0.0
 0.0
 3.026619511210241
 0.0
 0.0
 5.272612493708602
x_lj_opt: 1-dimensional DenseAxisArray{Float64,1,...} with index sets:
    Dimension 1, [(15, 30), (15, 29), (15, 23), (15, 3), (14, 28), (14, 27), (14, 10), (14, 24), (13, 26), (13, 25)  …  (3, 6), (3, 5), (3, 29), (2, 4), (2, 3), (2, 1), (2, 5), (1, 2), (1, 1), (1, 14)]
And data, a 53-element Vector{Float64}:
 0.3750884713788699
 4.082281328151219
 0.0
 0.8152426934362955
 0.14888841371355482
 0.9999999991812542
 0.0
 0.0
 2.0
 0.999999998520617
 0.0
 1.7109939487096235
 0.9999999999987287
 0.2890060514097331
 1.855967164268221
 0.0
 0.0
 0.0
 0.28900605201675633
 0.0
 0.0
 2.0
 0.999999999779186
 0.8636905088175676
 0.0
 0.0
 5.4462090245799475
 2.553790974901424
 0.0
 0.0
 0.4683495114358536
 0.7489091161976409
 1.782741372416444
 2.0
 5.999999999904175
 0.0
 2.0
 0.9999999998306656
 0.0
 0.0
 1.0032982785720366
 2.5911822432080607
 0.010095876858352363
 1.3813832535013224
 4.989904124289587
 1.6287126214755168
 1.9899041234563437
 0.0
 0.0
 1.0100958765272845
 1.9999999993428825
 0.0
 0.0
q_opt: 1-dimensional DenseAxisArray{Float64,1,...} with index sets:
    Dimension 1, [(43, 15), (43, 14), (44, 15), (44, 13), (44, 3), (40, 14), (40, 2), (41, 14), (42, 6), (37, 13)  …  (4, 13), (5, 2), (5, 7), (5, 9), (6, 11), (1, 1), (1, 6), (1, 3), (2, 1), (2, 15)]
And data, a 71-element Vector{Float64}:
 0.0
 0.0
 0.0
 0.7967490659386178
 0.30789807574351225
 0.43803499623142705
 0.0
 0.0
 0.0
 0.0
 0.0
 1.0
 0.0
 0.0
 0.35915077952647745
 0.0
 0.0
 0.0
 0.9661620129723728
 0.0
 0.12340274512942688
 0.561965001606498
 1.0
 0.2999419157916643
 0.2625217816208798
 0.0
 0.033837987093761915
 0.0
 1.0
 0.5075454936948399
 0.5735015559552091
 0.20325093412016218
 0.0
 0.0
 0.0
 0.0
 0.0
 0.0
 0.4264984440921408
 0.0
 0.0
 0.0
 1.0
 0.0
 0.0
 0.7000580842511961
 0.0
 0.14177609425458726
 0.0
 0.0
 0.0
 0.0
 0.0
 0.0
 0.8765972548072299
 0.0
 0.0
 0.6921019242201666
 0.0
 0.0
 0.0
 0.0
 0.0
 0.858223905835569
 0.4924545060803019
 0.0
 0.0
 0.3783274388902605
 0.0
 0.0
 1.0

