objective value: -624.533949638
objective bound: -624.596409098
termination status: OPTIMAL
BARON solution time: 289.39


w_opt: 1-dimensional DenseAxisArray{Float64,1,...} with index sets:
    Dimension 1, [(25, 1, 2), (25, 1, 1), (25, 1, 14), (20, 1, 2), (20, 1, 1), (20, 1, 14), (1, 1, 2), (1, 1, 1), (1, 1, 14), (2, 1, 2)  …  (20, 15, 23), (20, 15, 3), (8, 15, 30), (8, 15, 29), (8, 15, 23), (8, 15, 3), (2, 15, 30), (2, 15, 29), (2, 15, 23), (2, 15, 3)]
And data, a 261-element Vector{Float64}:
 1.5445316410778107
 0.0
 0.11108704799983421
 0.339917232764646
 0.0
 0.02444780084471207
 0.0
 0.0
 0.0
 0.0
 0.0
 0.0
 0.0
 0.0
 0.0
 0.0
 1.830945840062737
 0.0
 0.0
 1.1690541601816564
 0.0
 0.0
 0.0
 0.0
 0.0
 0.0
 0.0
 0.0
 0.0
 0.5127003714126407
 0.33632652861490203
 0.0
 0.0
 0.0
 0.0
 4.318245469427951
 2.8327276308380434
 0.0
 0.0
 0.0
 0.0
 0.0
 0.0
 0.5528674664490648
 1.270382604352961
 0.0
 0.0
 0.0
 0.0
 0.5827219258920888
 1.3389823832157453
 0.0
 0.0
 0.0
 0.0
 0.0
 0.0
 0.0
 0.0
 2.0
 1.0
 0.0
 0.0
 0.0
 0.0
 0.0
 0.0
 0.0
 0.0
 0.0
 0.0
 0.23179242415325158
 0.6953772724292238
 0.0
 0.7499999999937921
 2.250000000018963
 0.0
 0.5512253021798277
 1.6536759065515294
 0.0
 0.0
 0.0
 0.0
 0.0
 0.0
 0.0
 0.0
 0.0
 0.0
 0.0
 0.0
 0.0
 0.46698227393244757
 1.400946821797855
 0.0
 0.0
 0.0
 0.0
 0.0
 0.0
 0.0
 1.8644651518377033
 0.8012510171768674
 0.0
 0.0
 0.0
 0.0
 0.0
 0.0
 0.0
 0.0
 0.0
 0.0
 0.0
 0.0
 0.0
 0.0
 0.0
 4.2143307430481025
 2.7226621848230024
 0.0
 0.0
 0.0
 0.6457932759067094
 0.417213797103714
 0.0
 0.0
 0.0
 0.0
 0.0
 0.0
 0.0
 0.0
 0.0
 0.0
 0.0
 0.0
 0.0
 0.0
 0.0
 0.0
 0.0
 0.0
 0.0
 0.0
 0.0
 0.0
 0.0057563450420099966
 0.0
 0.0
 0.0
 0.0
 0.0
 0.5300658612009241
 0.2650329305176986
 0.0
 0.0
 1.4699341390209049
 0.7349670692755685
 0.0
 0.0
 0.0
 0.0
 0.0
 0.0
 0.0
 0.0
 0.0
 0.0
 0.0
 0.0
 0.0
 0.0
 2.0
 0.0
 0.0
 0.0
 0.7492409687017504
 0.0
 0.0
 0.0
 0.0
 0.0
 0.0
 0.0
 0.0
 0.0
 0.0
 0.0
 0.0
 0.0
 0.0
 0.0
 0.0
 1.2507590321704016
 0.8679290952303573
 0.8813118728870282
 0.0
 0.0
 0.0
 0.0
 0.0
 0.0
 0.0
 0.0
 0.0
 1.3764240691314469
 0.6086883583889134
 0.07952367594446642
 0.6235759311987352
 0.27576051480529645
 0.03602745069184595
 0.0
 0.0
 0.0
 0.0
 0.0
 0.0
 0.0
 0.0
 0.0
 0.0
 0.0
 0.0
 0.0
 0.21412544688577334
 0.6198299642005761
 0.0
 0.0
 0.0
 0.0
 0.0
 0.0
 0.0
 0.0
 0.0
 0.0
 0.0
 0.0
 0.0
 0.0
 0.0
 0.0
 0.0
 0.0
 0.0
 0.0
 0.0
 0.0
 0.0
 0.0
 0.0
 0.0
 0.0
 0.0
 0.0
 0.0
 2.0
 1.9496339684141295
 0.0
 1.0
x_ij_opt: 1-dimensional DenseAxisArray{Float64,1,...} with index sets:
    Dimension 1, [(43, 30), (43, 22), (43, 6), (44, 22), (45, 30), (45, 29), (45, 28), (45, 24), (45, 23), (40, 29)  …  (5, 7), (5, 14), (6, 4), (6, 3), (1, 14), (1, 10), (1, 23), (1, 1), (3, 2), (3, 1)]
And data, a 116-element Vector{Float64}:
 0.0
 0.0
 1.3686574025275733
 0.0
 0.0
 0.0
 1.785874552359019
 0.0
 0.0
 0.0
 0.0
 0.0
 0.0
 0.0
 0.0
 0.0
 0.0
 0.0
 0.2648365325905777
 0.0
 0.0
 0.0
 0.0
 0.0
 0.0
 0.0
 0.0
 1.9999999995010802
 0.0
 0.0
 0.0
 0.0
 0.0
 0.0
 0.0
 0.0
 0.0
 0.0
 0.0
 0.0
 0.0
 0.0
 0.0
 0.6313425979989741
 0.0
 0.0
 0.0
 0.0
 0.0
 0.0
 0.0
 0.0
 0.0
 0.0
 0.0
 0.2507590311981228
 0.0
 1.1398759821585227
 0.19874898333741428
 1.9942436543812316
 0.0
 0.0
 0.0
 0.0
 6.0
 0.0
 0.0
 0.0
 0.0
 0.7351634674842386
 0.0
 0.0
 0.0
 0.0
 0.0
 0.0
 0.3801700327066364
 0.8644106077538481
 0.0
 0.0
 0.0
 0.0
 0.0
 0.0
 0.0
 0.0
 0.0
 0.0
 0.0
 0.0
 0.0
 0.0
 0.0
 0.0
 0.0
 0.0
 0.0
 0.11555112733163889
 0.0
 0.0
 0.0
 0.0
 0.0
 0.0
 0.0
 0.0
 0.0
 0.0
 0.1690541603393694
 0.0
 0.0
 0.0
 0.13207090528967988
 5.9999999998456595
 0.0
 0.0
x_il_opt: 1-dimensional DenseAxisArray{Float64,1,...} with index sets:
    Dimension 1, [(43, 15), (43, 14), (44, 15), (44, 13), (44, 3), (40, 14), (40, 2), (41, 14), (42, 6), (37, 13)  …  (4, 13), (5, 2), (5, 7), (5, 9), (6, 11), (1, 1), (1, 6), (1, 3), (2, 1), (2, 15)]
And data, a 71-element Vector{Float64}:
 0.0
 0.0
 0.0
 2.064636103464827
 0.8490269000157405
 0.833955410910351
 0.0
 0.0
 0.9271696966030577
 0.9353638966958776
 0.0
 3.0
 0.0
 0.0
 2.99999999999758
 0.0
 0.0
 0.0
 6.936992927767331
 0.0
 1.8232500707707018
 0.0
 3.0
 0.7950987917186227
 2.204901208730227
 0.0
 1.063007072991385
 0.0
 2.7492409695335245
 0.005756345178534234
 1.6556186896485923
 0.0
 0.0
 0.0
 0.0
 0.0
 0.0
 0.0
 0.3643650337353729
 0.0
 0.0
 0.0
 3.0
 0.0
 0.0
 2.2049012082964734
 0.0
 2.665716168989578
 0.0
 0.0
 0.0
 0.0
 0.0
 0.0
 1.921704309075414
 0.0
 0.0
 7.150973100265412
 0.0
 0.0
 0.0
 0.0
 0.0
 0.0
 0.0
 0.0
 0.0
 1.8679290957353212
 0.0
 0.0
 4.94963396860797
x_lj_opt: 1-dimensional DenseAxisArray{Float64,1,...} with index sets:
    Dimension 1, [(15, 30), (15, 29), (15, 23), (15, 3), (14, 28), (14, 27), (14, 10), (14, 24), (13, 26), (13, 25)  …  (3, 6), (3, 5), (3, 29), (2, 4), (2, 3), (2, 1), (2, 5), (1, 2), (1, 1), (1, 14)]
And data, a 53-element Vector{Float64}:
 2.0
 1.9496339682857968
 0.0
 1.0
 0.214125447998851
 0.6198299674361066
 0.0
 0.0
 2.0
 0.8844488731234857
 0.1155511266273919
 1.2507590320638047
 0.8679290951588776
 0.881311872814308
 2.0
 0.0
 0.0
 0.0
 0.7492409686678086
 0.0
 0.0
 2.0
 0.9999999997679491
 0.005756345965874926
 0.0
 0.0
 4.860124018622113
 3.1398759817107305
 0.0
 0.0
 1.864465151694796
 0.8012510171127896
 0.0
 2.0
 6.0
 0.0
 2.0
 0.9999999999933173
 0.0
 0.0
 1.1355893924313574
 2.6093649877796685
 0.0
 0.0
 4.830945840668511
 3.169054159337941
 1.8309458399783993
 0.0
 0.0
 1.1690541601156799
 1.8844488738224627
 0.0
 0.13553484883093905
q_opt: 1-dimensional DenseAxisArray{Float64,1,...} with index sets:
    Dimension 1, [(43, 15), (43, 14), (44, 15), (44, 13), (44, 3), (40, 14), (40, 2), (41, 14), (42, 6), (37, 13)  …  (4, 13), (5, 2), (5, 7), (5, 9), (6, 11), (1, 1), (1, 6), (1, 3), (2, 1), (2, 15)]
And data, a 71-element Vector{Float64}:
 0.0
 0.0
 0.0
 0.6882120345101244
 0.10612836250438963
 0.9999999947772567
 0.0
 0.0
 0.11589621206446757
 0.31178796557514427
 0.0
 1.0
 0.0
 0.0
 0.3749999999815842
 0.0
 0.0
 0.0
 0.867124115955375
 0.0
 0.486855081716544
 0.0
 1.0
 0.26503293057750815
 0.2756126510759587
 0.0
 0.13287588411904214
 0.0
 1.0
 0.9999998387449879
 0.8196198169838554
 0.0
 3.20890170383771e-8
 0.0
 0.0
 0.0
 0.0
 0.0
 0.18038018302674255
 0.0
 0.0
 0.0
 1.0
 0.0
 0.0
 0.7349670694490921
 0.0
 1.0
 0.0
 0.0
 0.0
 0.0
 0.0
 0.0
 0.5131449182032197
 0.0
 0.0
 0.8938716375335656
 0.0
 0.0
 0.0
 0.0
 0.0
 0.0
 1.2916600785434036e-7
 0.0
 0.0
 0.23349113695266618
 0.0
 0.0
 1.0

