objective value: -628.134108456
objective bound: -628.19692811
termination status: OPTIMAL
BARON solution time: 94.46


w_opt: 1-dimensional DenseAxisArray{Float64,1,...} with index sets:
    Dimension 1, [(25, 1, 2), (25, 1, 1), (25, 1, 14), (20, 1, 2), (20, 1, 1), (20, 1, 14), (1, 1, 2), (1, 1, 1), (1, 1, 14), (2, 1, 2)  …  (20, 15, 23), (20, 15, 3), (8, 15, 30), (8, 15, 29), (8, 15, 23), (8, 15, 3), (2, 15, 30), (2, 15, 29), (2, 15, 23), (2, 15, 3)]
And data, a 261-element Vector{Float64}:
 1.0550486695290904
 1.430734716542822
 0.0
 0.9449513307504869
 1.2814334669049434
 0.0
 0.0
 0.0
 0.0
 0.0
 0.0
 0.0
 0.0
 0.0
 0.0
 0.0
 1.9999999995883455
 0.0
 0.0
 1.0000000009040118
 0.0
 0.0
 0.0
 0.0
 0.0
 0.0
 0.0
 0.0
 0.0
 1.248943240217044
 0.7493659441856264
 0.0
 0.0
 0.0
 0.0
 3.7510567600405316
 2.2506340561766405
 0.0
 0.0
 0.0
 0.0
 0.0
 0.0
 0.45045264083423825
 1.397522558784274
 0.0
 0.0
 0.0
 0.0
 0.6483226857686135
 2.011411403994702
 0.0
 0.0
 0.0
 0.0
 0.0
 0.0
 0.0
 0.0
 2.0
 1.0
 0.0
 0.0
 0.0
 0.0
 0.0
 0.0
 0.0
 0.0
 0.0
 0.0
 0.0
 0.0
 0.0
 0.3813242610425528
 1.143972783109655
 0.0
 0.445124491991207
 1.3353734759627223
 0.0
 0.0
 0.0
 0.0
 0.0
 0.0
 0.0
 0.0
 0.0
 0.0
 0.0
 0.0
 0.0
 1.1735512472483505
 3.5206537418250625
 0.0
 0.0
 0.0
 0.0
 0.0
 0.0
 0.0
 2.0
 0.9730136357474585
 0.026986364117832614
 0.0
 0.0
 0.0
 0.0
 0.0
 0.0
 0.0
 0.0
 0.0
 0.0
 0.0
 0.0
 0.0
 0.0
 4.5968193857724176
 1.5322731284353879
 0.0
 0.0
 0.0
 1.4031806152694013
 0.4677268717166484
 0.0
 0.0
 0.0
 0.0
 0.0
 0.0
 0.0
 0.0
 0.0
 0.0
 0.0
 0.0
 0.0
 0.0
 0.0
 0.0
 0.0
 0.0
 0.0
 0.0
 0.0
 0.0
 0.48723024910334023
 0.0
 0.0
 0.0
 0.0
 0.0
 0.8130013550771812
 0.40650067748218355
 0.0
 0.0
 1.1869986451882235
 0.5934993225100225
 0.0
 0.0
 0.0
 0.0
 0.0
 0.0
 0.0
 0.0
 0.0
 0.0
 0.0
 0.0
 0.0
 0.0
 1.8493205417632486
 0.0
 0.0
 0.0
 0.5596134201803868
 0.0
 0.0
 0.0
 0.0
 0.0
 0.0
 0.0
 0.0
 0.0
 0.0
 0.0
 0.0
 0.0
 0.0
 0.0
 0.0
 1.4403865807986893
 0.9550504420328599
 0.604562977474149
 0.0
 0.0
 0.0
 0.0
 0.0
 0.0
 0.0
 0.0
 0.0
 1.4613827098238579
 0.7306913545993593
 0.0
 0.5386172905998027
 0.2693086451861782
 0.0
 0.0
 0.0
 0.0
 0.0
 0.0
 0.0
 0.0
 0.0
 0.0
 0.0
 0.0
 0.0
 0.0
 0.4977439359861501
 0.7633328688479957
 0.0
 0.0
 0.0
 0.0
 0.0
 0.0
 0.0
 0.0
 0.0
 0.0
 0.0
 0.0
 0.0
 0.0
 0.0
 0.0
 0.0
 0.0
 0.0
 0.0
 0.0
 0.0
 0.0
 0.0
 0.0
 0.0
 0.0
 0.0
 0.0
 0.0
 2.0
 2.395437023596924
 0.0
 1.0
x_ij_opt: 1-dimensional DenseAxisArray{Float64,1,...} with index sets:
    Dimension 1, [(43, 30), (43, 22), (43, 6), (44, 22), (45, 30), (45, 29), (45, 28), (45, 24), (45, 23), (40, 29)  …  (5, 7), (5, 14), (6, 4), (6, 3), (1, 14), (1, 10), (1, 23), (1, 1), (3, 2), (3, 1)]
And data, a 116-element Vector{Float64}:
 0.0
 0.1506794589778898
 1.4487594576036722
 0.0
 0.0
 0.0
 1.5022560643739702
 0.0
 0.0
 0.0
 0.0
 0.0
 0.0
 0.0
 0.0
 0.0
 0.0
 0.0
 0.2785678233819835
 0.0
 0.0
 0.0
 0.0
 0.0
 0.0
 0.0
 0.0
 2.0
 0.0
 0.0
 0.0
 0.0
 0.0
 0.0
 0.0
 0.0
 0.0
 0.0
 0.0
 0.0
 0.0
 0.0
 0.0
 0.5512405432120185
 0.0
 0.0
 0.0
 0.0
 0.0
 0.0
 0.0
 0.0
 0.0
 0.0
 0.0
 0.5910660382091207
 0.0
 0.0
 0.026986364903124057
 1.5127697511899105
 0.0
 0.0
 0.0
 0.0
 6.0
 0.0
 0.0
 0.0
 0.0
 0.7214321769387615
 0.0
 0.0
 0.0
 0.0
 0.0
 0.0
 0.23666713136827405
 0.9012246737007557
 0.0
 0.0
 0.0
 0.0
 0.0
 0.0
 0.0
 0.0
 0.0
 0.0
 0.0
 0.0
 0.0
 0.0
 0.0
 0.0
 0.0
 0.0
 0.0
 0.0
 0.0
 0.0
 0.0
 0.0
 0.0
 0.0
 0.0
 0.0
 0.0
 0.0
 0.0
 0.0
 0.0
 0.0
 0.044949558543407625
 3.2608454536169087
 0.0
 0.0
x_il_opt: 1-dimensional DenseAxisArray{Float64,1,...} with index sets:
    Dimension 1, [(43, 15), (43, 14), (44, 15), (44, 13), (44, 3), (40, 14), (40, 2), (41, 14), (42, 6), (37, 13)  …  (4, 13), (5, 2), (5, 7), (5, 9), (6, 11), (1, 1), (1, 6), (1, 3), (2, 1), (2, 15)]
And data, a 71-element Vector{Float64}:
 0.0
 0.0
 0.0
 2.1920740646217762
 1.9983091844026704
 1.2610768048341456
 0.0
 0.0
 0.0
 0.8079259358602943
 0.0
 3.0
 0.0
 0.0
 1.5252970441522078
 0.0
 0.0
 0.0
 6.129092514207805
 0.0
 1.847975199618512
 0.0
 3.0
 1.2195020325593648
 1.7804979679539292
 0.0
 1.8709074869860496
 0.0
 2.408933962829483
 0.48723024910334023
 2.4857833860719123
 0.0
 0.0
 0.0
 0.0
 0.0
 0.0
 0.0
 2.22638479765543
 0.0
 0.0
 0.0
 3.0
 0.0
 0.0
 1.780497967698246
 0.0
 3.0
 0.0
 0.0
 0.0
 0.0
 0.0
 0.0
 2.6597340897633153
 0.0
 0.0
 6.001690816217172
 0.0
 0.0
 0.0
 0.0
 0.0
 0.0
 0.0
 0.0
 0.0
 4.6942049890734125
 0.0
 0.0
 5.395437023596924
x_lj_opt: 1-dimensional DenseAxisArray{Float64,1,...} with index sets:
    Dimension 1, [(15, 30), (15, 29), (15, 23), (15, 3), (14, 28), (14, 27), (14, 10), (14, 24), (13, 26), (13, 25)  …  (3, 6), (3, 5), (3, 29), (2, 4), (2, 3), (2, 1), (2, 5), (1, 2), (1, 1), (1, 14)]
And data, a 53-element Vector{Float64}:
 2.0
 2.3954370234172275
 0.0
 1.0
 0.49774393601507805
 0.7633328688943559
 0.0
 0.0
 2.0
 0.9999999996767254
 0.0
 1.440386580659428
 0.9550504419424901
 0.6045629774188417
 1.8493205415921676
 0.0
 0.0
 0.0
 0.5596134201237264
 0.0
 0.0
 2.0
 0.9999999999600702
 0.4872302491967969
 0.0
 0.0
 6.0
 1.9999999999878766
 0.0
 0.0
 2.0
 0.9730136357433131
 0.026986364122466373
 2.0
 6.0
 0.0
 2.0
 1.0
 0.0
 0.0
 1.09877532657786
 3.4089339627041753
 0.0
 0.0
 5.000000000040125
 3.0000000002402425
 1.9999999994367978
 0.0
 0.0
 1.0000000008311667
 2.0
 2.71216818331856
 0.0
q_opt: 1-dimensional DenseAxisArray{Float64,1,...} with index sets:
    Dimension 1, [(43, 15), (43, 14), (44, 15), (44, 13), (44, 3), (40, 14), (40, 2), (41, 14), (42, 6), (37, 13)  …  (4, 13), (5, 2), (5, 7), (5, 9), (6, 11), (1, 1), (1, 6), (1, 3), (2, 1), (2, 15)]
And data, a 71-element Vector{Float64}:
 0.0
 0.0
 0.0
 0.7306913548451315
 0.24978864804011164
 0.9999999999360545
 0.0
 0.0
 0.0
 0.26930864527280873
 0.0
 1.0
 0.0
 0.0
 0.19066213050360667
 0.0
 0.0
 0.0
 0.7661365642307472
 0.0
 0.4099588240999919
 0.0
 1.0
 0.40650067749952373
 0.22256224597727692
 0.0
 0.23386343585620523
 0.0
 1.0
 0.9999999998046118
 0.5275243347158386
 0.0
 0.0
 0.0
 0.0
 0.0
 0.0
 0.0
 0.47247566533162805
 0.0
 0.0
 0.0
 1.0
 0.0
 0.0
 0.5934993225390468
 0.0
 1.0
 0.0
 0.0
 0.0
 0.0
 0.0
 0.0
 0.5900411759222177
 0.0
 0.0
 0.7502113520064201
 0.0
 0.0
 0.0
 0.0
 0.0
 0.0
 0.0
 0.0
 0.0
 0.5867756236007969
 0.0
 0.0
 1.0

