objective value: -620.112549929
objective bound: -640.375713876
termination status: TIME_LIMIT
BARON solution time: 7225.83


w_opt: 1-dimensional DenseAxisArray{Float64,1,...} with index sets:
    Dimension 1, [(25, 1, 2), (25, 1, 1), (25, 1, 14), (20, 1, 2), (20, 1, 1), (20, 1, 14), (1, 1, 2), (1, 1, 1), (1, 1, 14), (2, 1, 2)  …  (20, 15, 23), (20, 15, 3), (8, 15, 30), (8, 15, 29), (8, 15, 23), (8, 15, 3), (2, 15, 30), (2, 15, 29), (2, 15, 23), (2, 15, 3)]
And data, a 261-element Vector{Float64}:
 1.1227163568742564
 1.7239450821812086
 0.0
 0.8772836434341796
 1.347080064805509
 0.0
 0.0
 0.0
 0.0
 0.0
 0.0
 0.0
 0.0
 0.0
 0.0
 0.0
 2.0
 0.0
 0.0
 1.0000000002868594
 0.0
 0.0
 0.0
 0.0
 0.0
 0.0
 0.0
 0.0
 0.0
 2.9397785468015862
 0.9982868698771452
 0.0
 0.0
 0.0
 0.0
 0.0
 0.0
 0.0
 0.0
 0.0
 0.0
 2.060221454130779
 0.6996078085322417
 0.42178656977536755
 1.31530732760327
 0.0
 0.0
 0.0
 0.0
 0.6663326027328006
 2.0779043663296224
 0.0
 0.0
 0.0
 0.0
 0.0
 0.0
 0.0
 0.0
 2.0
 1.0
 0.0
 0.0
 0.0
 0.0
 0.0
 0.0
 0.0
 0.0
 0.0
 0.0
 0.11207385524393787
 0.3362215657932352
 0.0
 0.750000000104845
 2.250000000731177
 0.0
 0.5261074307929027
 1.5783222926588234
 0.0
 0.0
 0.0
 0.0
 0.0
 0.0
 0.0
 0.0
 0.0
 0.0
 0.0
 0.0
 0.0
 0.6118187138178913
 1.8354561417849322
 0.0
 0.0
 0.0
 0.0
 0.0
 0.0
 0.0
 1.1759920004449114
 0.8466614395777345
 0.9773465602446186
 0.0
 0.0
 0.0
 0.0
 0.0
 0.0
 0.0
 0.0
 0.0
 0.0
 0.0
 0.0
 0.0
 0.0
 5.294905708645058
 1.7649685691965222
 0.0
 0.0
 0.0
 0.7050942924991656
 0.23503143079638747
 0.0
 0.0
 0.0
 0.0
 0.0
 0.0
 0.0
 0.0
 0.0
 0.0
 0.0
 0.0
 0.0
 0.0
 0.0
 0.0
 0.0
 0.0
 0.0
 0.0
 0.0
 0.0
 0.0
 0.0
 0.0
 0.0
 0.0
 0.0
 0.5970468514040067
 0.29852342565376044
 0.0
 0.0
 1.4029531488899565
 0.7014765743316147
 0.0
 0.0
 0.0
 0.0
 0.0
 0.0
 0.0
 0.0
 0.0
 0.0
 0.0
 0.0
 0.0
 0.0
 1.8529047882735747
 0.0
 0.0
 0.0
 0.5403069045609332
 0.0
 0.0
 0.0
 0.0
 0.0
 0.0
 0.0
 0.0
 0.0
 0.0
 0.0
 0.0
 0.0
 0.0
 0.0
 0.0
 1.4596930964131278
 0.9736097951125858
 0.5666971088665034
 0.0
 0.0
 0.0
 0.0
 0.0
 0.0
 0.0
 0.0
 0.0
 1.5203467428485682
 0.7601733710614117
 0.0
 0.47965325764238703
 0.2398266287067112
 0.0
 0.0
 0.0
 0.0
 0.0
 0.0
 0.0
 0.0
 0.0
 0.0
 0.0
 0.0
 0.0
 0.0
 0.17309072505733697
 0.6114375547065181
 0.0
 0.0
 0.0
 0.0
 0.0
 0.0
 0.0
 0.0
 0.0
 0.0
 0.0
 0.0
 0.0
 0.0
 0.0
 0.0
 0.0
 0.0
 0.0
 0.0
 0.0
 0.0
 0.0
 0.0
 0.0
 0.0
 0.0
 0.0
 0.0
 0.0
 0.5973638598620483
 3.735408214331657
 0.0
 0.8748973316516925
x_ij_opt: 1-dimensional DenseAxisArray{Float64,1,...} with index sets:
    Dimension 1, [(43, 30), (43, 22), (43, 6), (44, 22), (45, 30), (45, 29), (45, 28), (45, 24), (45, 23), (40, 29)  …  (5, 7), (5, 14), (6, 4), (6, 3), (1, 14), (1, 10), (1, 23), (1, 1), (3, 2), (3, 1)]
And data, a 116-element Vector{Float64}:
 0.0
 0.14709521242465062
 1.3643316131832561
 0.0
 1.402636140494523
 0.0
 1.8269092751881724
 0.0
 0.0
 0.0
 0.0
 0.0
 0.0
 0.0
 0.0
 0.0
 0.0
 0.0
 0.22436370776369224
 0.0
 0.0
 0.0
 0.0
 0.0
 0.0
 0.0
 0.0
 2.0
 0.0
 0.0
 0.0
 0.0
 0.0
 0.0
 0.0
 0.0
 0.0
 0.0
 0.0
 0.0
 0.0
 0.0
 0.0
 0.6356683873799842
 0.0
 0.0
 0.0
 0.0
 0.0
 0.0
 0.0
 0.0
 0.0
 0.0
 0.0
 0.6067883073789047
 0.0
 0.0
 0.15333856107975768
 2.0
 0.0
 0.0
 0.0
 0.0
 6.0
 0.0
 0.0
 0.0
 0.0
 0.7756362926125364
 0.0
 0.0
 0.0
 0.0
 0.0
 0.0
 0.3885624450409835
 0.9118808278278491
 0.0
 0.0
 0.0
 0.0
 0.0
 0.0
 0.0
 0.0
 0.0
 0.0
 0.0
 0.0
 0.0
 0.0
 0.0
 0.0
 0.0
 0.0
 0.0
 0.0
 0.0
 0.12510266892562677
 0.0
 0.0
 0.0
 0.0
 0.0
 0.7225441742809806
 0.0
 0.0
 0.0
 0.0
 0.10146382592560169
 0.0
 0.02639020547763357
 1.9516282940835668
 0.0
 0.0
x_il_opt: 1-dimensional DenseAxisArray{Float64,1,...} with index sets:
    Dimension 1, [(43, 15), (43, 14), (44, 15), (44, 13), (44, 3), (40, 14), (40, 2), (41, 14), (42, 6), (37, 13)  …  (4, 13), (5, 2), (5, 7), (5, 9), (6, 11), (1, 1), (1, 6), (1, 3), (2, 1), (2, 15)]
And data, a 71-element Vector{Float64}:
 0.0
 0.0
 0.0
 2.280520114140226
 3.9380654168209803
 0.7845282797638551
 0.0
 0.0
 0.44829542103717307
 0.7194798864217384
 0.0
 3.0
 0.0
 0.0
 3.0
 0.0
 0.0
 0.0
 7.059874277841581
 0.0
 1.7370938973786376
 0.0
 3.0
 0.8955702770577672
 2.104429723451726
 0.0
 0.9401257233026964
 0.0
 2.393211693724762
 0.0
 2.846661439055465
 0.0
 0.0
 0.0
 0.0
 0.0
 0.0
 0.0
 2.2243637082396885
 0.0
 0.0
 0.0
 3.0
 0.0
 0.0
 2.104429723221571
 0.0
 3.0
 0.0
 0.0
 0.0
 0.0
 0.0
 0.0
 2.744236969062423
 0.0
 0.0
 0.0
 0.0
 0.0
 0.0
 0.0
 0.0
 0.0
 0.0
 0.0
 0.0
 2.4472748556028234
 2.759829262768692
 0.0
 5.207669405845398
x_lj_opt: 1-dimensional DenseAxisArray{Float64,1,...} with index sets:
    Dimension 1, [(15, 30), (15, 29), (15, 23), (15, 3), (14, 28), (14, 27), (14, 10), (14, 24), (13, 26), (13, 25)  …  (3, 6), (3, 5), (3, 29), (2, 4), (2, 3), (2, 1), (2, 5), (1, 2), (1, 1), (1, 14)]
And data, a 53-element Vector{Float64}:
 0.5973638598024708
 3.735408213959102
 0.0
 0.8748973315644346
 0.1730907252058
 0.6114375552309592
 0.0
 0.0
 2.0
 0.9999999996208097
 0.0
 1.4596930962677614
 0.9736097950156385
 0.5666971088100266
 1.8529047881484302
 0.0
 0.0
 0.0
 0.5403069045244411
 0.0
 0.0
 2.0
 0.9999999999364939
 0.0
 0.0
 0.0
 6.0
 1.99999999979964
 0.0
 0.0
 1.1759920003818245
 0.8466614395296976
 0.9773465601889202
 1.9999999998268891
 6.0
 0.0
 2.0
 1.0
 0.0
 0.0
 1.0881191724589254
 3.393211693779487
 0.0
 0.0
 5.00000000066946
 1.6978946783201099
 2.0
 0.0
 0.0
 1.0000000002183143
 2.0
 3.0710251467918073
 0.0
q_opt: 1-dimensional DenseAxisArray{Float64,1,...} with index sets:
    Dimension 1, [(43, 15), (43, 14), (44, 15), (44, 13), (44, 3), (40, 14), (40, 2), (41, 14), (42, 6), (37, 13)  …  (4, 13), (5, 2), (5, 7), (5, 9), (6, 11), (1, 1), (1, 6), (1, 3), (2, 1), (2, 15)]
And data, a 71-element Vector{Float64}:
 0.0
 0.0
 0.0
 0.7601733713496621
 0.5879557092815947
 0.9999999991422812
 0.0
 0.0
 0.056036927626868106
 0.2398266287976511
 0.0
 1.0
 0.0
 0.0
 0.37500000008674544
 0.0
 0.0
 0.0
 0.8824842846885983
 0.0
 0.3876290212056283
 0.0
 1.0
 0.2985234256727171
 0.26305371541748374
 0.0
 0.11751571540222117
 0.0
 1.0
 0.25559713722255145
 0.5613581783861605
 0.0
 0.15829582072040954
 0.0
 0.0
 0.0
 0.0
 0.0
 0.43864182167726246
 0.0
 0.0
 0.0
 1.0
 0.0
 0.0
 0.7014765743761617
 0.0
 1.0
 0.0
 0.0
 0.0
 0.0
 0.0
 0.0
 0.6123709788395604
 0.0
 0.0
 0.0
 0.0
 0.0
 0.0
 0.0
 0.0
 0.0
 0.586107042057039
 0.0
 0.0
 0.3059093569347854
 0.41204429077098637
 0.0
 1.0

