objective value: -629.801797388
objective bound: -629.864783557
termination status: OPTIMAL
BARON solution time: 215.09


w_opt: 1-dimensional DenseAxisArray{Float64,1,...} with index sets:
    Dimension 1, [(25, 1, 2), (25, 1, 1), (25, 1, 14), (20, 1, 2), (20, 1, 1), (20, 1, 14), (1, 1, 2), (1, 1, 1), (1, 1, 14), (2, 1, 2)  …  (20, 15, 23), (20, 15, 3), (8, 15, 30), (8, 15, 29), (8, 15, 23), (8, 15, 3), (2, 15, 30), (2, 15, 29), (2, 15, 23), (2, 15, 3)]
And data, a 261-element Vector{Float64}:
 0.6114022157707161
 0.4856641273092622
 0.0
 1.2783537825361282
 1.0154535887726055
 0.0
 0.0
 0.0
 0.0
 0.0
 0.0
 0.0
 0.0
 0.0
 0.0
 0.0
 1.9451509304713284
 0.0
 0.0
 1.0548490693169699
 0.0
 0.0
 0.0
 0.0
 0.0
 0.0
 0.0
 0.0
 0.01574898164283615
 1.368683026645868
 0.8297499984993264
 0.0
 0.0
 0.0
 0.0411532299171969
 3.5764679048921746
 2.168196858561582
 0.0
 0.0
 0.0
 0.0
 0.0
 0.0
 0.0
 0.0
 0.0
 0.0
 0.0
 0.0
 1.0223214927345083
 1.2511768007939827
 0.054849069755841744
 0.0
 0.0
 0.0
 0.0
 0.0
 0.0
 0.0
 1.9118213151418304
 0.9999999999919661
 0.0
 0.0
 0.0
 0.0
 0.0
 0.0
 0.0
 0.0
 0.0
 0.0
 0.0
 0.0
 0.0
 0.5613606956547753
 1.6840820868632875
 0.0
 0.48752083842109645
 1.46256251518652
 0.0
 0.0
 0.0
 0.0
 0.0
 0.0
 0.0
 0.0
 0.0
 0.0
 0.0
 0.0
 0.0
 0.9511184660187035
 2.853355397826753
 0.0
 0.0
 0.0
 0.0
 0.0
 0.0
 0.0
 1.6959866692777597
 0.8534435790119268
 0.4505697519356274
 0.0
 0.0
 0.0
 0.0
 0.0
 0.0
 0.0
 0.0
 0.0
 0.0
 0.0
 0.0
 0.0
 0.0
 3.7947891660624773
 3.3590779441742478
 0.0
 0.0
 0.0
 0.44883359833186165
 0.3972992898197993
 0.0
 0.0
 0.0
 0.0
 0.0
 0.0
 0.0
 0.0
 0.0
 0.0
 0.0
 0.0
 0.0
 0.0
 0.0
 0.0
 0.0
 0.0
 0.0
 0.0
 0.0
 0.0
 0.0
 0.0
 0.0
 0.0
 0.03996807921585072
 0.0
 0.6999444312199972
 0.3499722155380799
 0.0
 0.0
 1.300055569036868
 0.6500277843887107
 0.0
 0.0
 0.0
 0.0
 0.0
 0.0
 0.0
 0.0
 0.0
 0.0
 0.0
 0.0
 0.0
 0.0
 1.9999999989502528
 0.0
 0.0
 0.0
 0.7285106458878718
 0.0
 0.0
 0.0
 0.0
 0.0
 0.0
 0.0
 0.0
 0.0
 0.0
 0.0
 0.0
 0.0
 0.0
 0.0
 0.0
 1.2714893545568642
 0.9679282143290834
 0.7605824314107551
 0.0
 0.0
 0.0
 0.0
 0.0
 0.0
 0.0
 0.0
 0.0
 1.4195594877269175
 0.6315307842106824
 0.0782489595469197
 0.5804405126770911
 0.2582252137528919
 0.03199504252704821
 0.0
 0.0
 0.0
 0.0
 0.0
 0.0
 0.0
 0.0
 0.0
 0.0
 0.0
 0.0
 0.0
 0.07511276899718608
 0.4364926006347476
 0.0
 0.0
 0.0
 0.0
 0.0
 0.0
 0.09696980186486538
 0.5635073977983319
 0.0
 0.0
 0.0
 0.0
 0.0
 0.0
 0.0
 0.0
 0.0
 0.0
 0.0
 0.0
 0.0
 0.0
 0.0
 0.0
 0.0
 0.0
 0.0
 0.0
 0.0
 0.0
 2.0
 2.2414707126814744
 0.0
 1.0
x_ij_opt: 1-dimensional DenseAxisArray{Float64,1,...} with index sets:
    Dimension 1, [(43, 30), (43, 22), (43, 6), (44, 22), (45, 30), (45, 29), (45, 28), (45, 24), (45, 23), (40, 29)  …  (5, 7), (5, 14), (6, 4), (6, 3), (1, 14), (1, 10), (1, 23), (1, 1), (3, 2), (3, 1)]
And data, a 116-element Vector{Float64}:
 0.0
 0.0
 1.0969648988922494
 0.0
 0.0
 0.0
 1.827917429271903
 0.0
 0.0
 0.0
 0.0
 0.0
 0.0
 0.0
 0.0
 0.0
 0.0
 0.0
 0.2938073710542303
 0.0
 0.0
 0.0
 0.0
 0.0
 0.0
 0.0
 0.0
 1.9999999999279885
 0.0
 0.0
 0.0
 0.0
 0.0
 0.0
 0.0
 0.0
 0.0
 0.0
 0.0
 0.0
 0.0
 0.0
 0.0
 0.8461328903157843
 0.0
 0.0
 0.0
 0.0
 0.0
 0.0
 0.0
 0.0
 0.0
 0.0
 0.0
 0.2714893544313435
 0.0
 1.7563772357042233
 0.14655642153666382
 1.9600319209337682
 0.0
 0.0
 0.0
 0.0
 6.0
 0.0
 0.0
 0.0
 0.0
 0.7061926292625582
 0.0
 0.0
 0.0
 0.0
 0.0
 0.0
 0.0
 0.9776785074911299
 0.0
 0.0
 0.0
 0.0
 0.0
 0.0
 0.0
 0.0
 0.0
 0.08817868542366725
 0.0
 0.0
 0.0
 0.0
 0.7209566105854028
 0.0
 0.0
 0.0
 0.0
 0.11024400259311797
 0.0
 0.0
 0.0
 0.0
 0.0
 0.0
 0.0
 0.18887151350406217
 0.0
 0.0
 0.0
 0.0
 0.11514181785561863
 0.0
 0.03207178623303468
 4.048312532943162
 0.0
 0.0
x_il_opt: 1-dimensional DenseAxisArray{Float64,1,...} with index sets:
    Dimension 1, [(43, 15), (43, 14), (44, 15), (44, 13), (44, 3), (40, 14), (40, 2), (41, 14), (42, 6), (37, 13)  …  (4, 13), (5, 2), (5, 7), (5, 9), (6, 11), (1, 1), (1, 6), (1, 3), (2, 1), (2, 15)]
And data, a 71-element Vector{Float64}:
 0.0
 0.0
 0.0
 2.1293392314845194
 2.2141820067880307
 0.5116053697462336
 0.0
 0.0
 0.0
 0.8706607689570312
 0.0
 3.0
 0.0
 0.0
 2.2454427826224794
 0.0
 0.0
 0.0
 7.153867110703151
 0.0
 0.0
 0.6604771997525749
 2.9999999999536553
 1.0499166467580772
 1.9500833537148337
 0.0
 0.8461328885628587
 0.0
 2.728510646337218
 0.0
 1.0970663431159908
 0.0
 0.0
 0.0
 0.0
 0.0
 0.0
 0.0
 2.293807371311322
 0.0
 0.0
 0.0
 2.9118213154382664
 0.0
 0.0
 1.9500833534255788
 0.0
 3.0
 0.0
 0.0
 0.0
 0.0
 0.0
 0.0
 2.3283473632843332
 0.0
 0.0
 5.785817993370953
 0.0
 0.0
 0.0
 0.0
 0.0
 0.0
 0.039968079230871874
 0.0
 0.0
 3.8044738639352014
 0.0
 0.0
 5.241470713067636
x_lj_opt: 1-dimensional DenseAxisArray{Float64,1,...} with index sets:
    Dimension 1, [(15, 30), (15, 29), (15, 23), (15, 3), (14, 28), (14, 27), (14, 10), (14, 24), (13, 26), (13, 25)  …  (3, 6), (3, 5), (3, 29), (2, 4), (2, 3), (2, 1), (2, 5), (1, 2), (1, 1), (1, 14)]
And data, a 53-element Vector{Float64}:
 2.0
 2.2414707126807722
 0.0
 1.0
 0.17208257110638556
 0.9999999998529694
 0.0
 0.0
 2.0
 0.8897559978820362
 0.11024400210333356
 1.2714893544412353
 0.9679282142454705
 0.7605824313490146
 2.0
 0.0
 0.0
 0.0
 0.7285106463222425
 0.0
 0.0
 2.0
 0.9999999999014738
 0.03996807944038525
 0.0
 0.0
 4.243622765020275
 3.75637723457658
 0.0
 0.0
 1.6959866692077659
 0.8534435789872992
 0.45056975193270316
 2.0
 5.999999999889949
 0.0
 1.9118213152578603
 1.0
 0.0
 0.0
 1.022321492782887
 1.251176800853373
 0.054849069757682195
 0.05690221146748751
 4.945150931447282
 2.9979468570266854
 1.9451509305954333
 0.0
 0.0
 1.0548490694193637
 1.8897559983285739
 1.5011177160991096
 0.0
q_opt: 1-dimensional DenseAxisArray{Float64,1,...} with index sets:
    Dimension 1, [(43, 15), (43, 14), (44, 15), (44, 13), (44, 3), (40, 14), (40, 2), (41, 14), (42, 6), (37, 13)  …  (4, 13), (5, 2), (5, 7), (5, 9), (6, 11), (1, 1), (1, 6), (1, 3), (2, 1), (2, 15)]
And data, a 71-element Vector{Float64}:
 0.0
 0.0
 0.0
 0.7097797438005734
 0.27677275084618935
 0.43649260069892437
 0.0
 0.0
 0.0
 0.29022025631480747
 0.0
 1.0
 0.0
 0.0
 0.28068034781581835
 0.0
 0.0
 0.0
 0.8942333888274018
 0.0
 0.0
 0.5635073978811838
 0.9999999999523501
 0.3499722155785961
 0.24376041920233274
 0.0
 0.10576661104838604
 0.0
 0.9999999994037552
 0.0
 0.3235350046839211
 0.0
 0.0
 0.0
 0.0
 0.0
 0.0
 0.0
 0.6764649953045666
 0.0
 0.0
 0.0
 0.9999999999563558
 0.0
 0.0
 0.6500277844588803
 0.0
 1.0
 0.0
 0.0
 0.0
 0.0
 0.0
 0.0
 0.999999999952096
 0.0
 0.0
 0.7232272491723234
 0.0
 0.0
 0.0
 0.0
 0.0
 0.0
 0.9999999943821516
 0.0
 0.0
 0.47555923298002506
 0.0
 0.0
 1.0

