objective value: -626.475735364
objective bound: -626.538388511
termination status: OPTIMAL
BARON solution time: 199.43


w_opt: 1-dimensional DenseAxisArray{Float64,1,...} with index sets:
    Dimension 1, [(25, 1, 2), (25, 1, 1), (25, 1, 14), (20, 1, 2), (20, 1, 1), (20, 1, 14), (1, 1, 2), (1, 1, 1), (1, 1, 14), (2, 1, 2)  …  (20, 15, 23), (20, 15, 3), (8, 15, 30), (8, 15, 29), (8, 15, 23), (8, 15, 3), (2, 15, 30), (2, 15, 29), (2, 15, 23), (2, 15, 3)]
And data, a 261-element Vector{Float64}:
 1.1180255838729232
 1.790902321477498
 0.0
 0.8819744114661658
 1.4127852204476021
 0.0
 0.0
 0.0
 0.0
 0.0
 0.0
 0.0
 0.0
 0.0
 0.0
 0.0
 1.95995257778519
 0.0
 0.0
 1.0400474222472864
 0.0
 0.0
 0.0
 0.0
 0.0
 0.0
 0.0
 0.0
 0.4565196601523786
 2.9509711999003385
 1.3521856134449015
 0.0
 0.0
 0.0
 0.0
 0.0
 0.0
 0.0
 0.0
 0.0
 0.3107924253399295
 2.0089813788740734
 0.9205497221651695
 0.0
 0.0
 0.0
 0.0
 0.0
 0.0
 0.9855167887899515
 1.274359348108517
 0.04004742263590863
 0.0
 0.0
 0.0
 0.0
 0.0
 0.0
 0.0
 2.0
 1.0
 0.0
 0.0
 0.0
 0.0
 0.0
 0.0
 0.0
 0.0
 0.0
 0.0
 0.0
 0.0
 0.0
 0.6881719424847292
 2.064515827389058
 0.0
 0.47847338692008806
 1.435420160705322
 0.0
 0.0
 0.0
 0.0
 0.0
 0.0
 0.0
 0.0
 0.0
 0.0
 0.0
 0.0
 0.0
 0.8333546706814401
 2.5000640119722273
 0.0
 0.0
 0.0
 0.0
 0.0
 0.0
 0.0
 1.816477018245221
 0.9089279072141226
 0.27459507412918976
 0.0
 0.0
 0.0
 0.0
 0.0
 0.0
 0.0
 0.0
 0.0
 0.0
 0.0
 0.0
 0.0
 0.0
 5.6972057421593
 1.899068582255737
 0.0
 0.0
 0.0
 0.3027942570305056
 0.10093141909774375
 0.0
 0.0
 0.0
 0.0
 0.0
 0.0
 0.0
 0.0
 0.0
 0.0
 0.0
 0.0
 0.0
 0.0
 0.0
 0.0
 0.0
 0.0
 0.0
 0.0
 0.0
 0.0
 0.0
 0.0
 0.0
 0.0
 0.1146423609066613
 0.0
 0.724070968588531
 0.3620354841575212
 0.0
 0.0
 1.2759290316107783
 0.6379645155671204
 0.0
 0.0
 0.0
 0.0
 0.0
 0.0
 0.0
 0.0
 0.0
 0.0
 0.0
 0.0
 0.0
 0.0
 1.9999999999137668
 0.0
 0.0
 0.0
 0.3502835028173587
 0.0
 0.0
 0.0
 0.0
 0.0
 0.0
 0.0
 0.0
 0.0
 0.0
 0.0
 0.0
 0.0
 0.0
 0.0
 0.0
 1.6497164980177603
 1.0
 0.35028350219150134
 0.0
 0.0
 0.0
 0.0
 0.0
 0.0
 0.0
 0.0
 0.0
 1.3314243799705174
 0.6657121848987823
 0.0
 0.668575620268382
 0.334287807578496
 0.0
 0.0
 0.0
 0.0
 0.0
 0.0
 0.0
 0.0
 0.0
 0.0
 0.0
 0.0
 0.0
 0.0
 0.8144673287907359
 0.8812234856795583
 0.0
 0.0
 0.0
 0.0
 0.0
 0.0
 0.0
 0.0
 0.0
 0.0
 0.0
 0.0
 0.0
 0.0
 0.0
 0.0
 0.0
 0.0
 0.0
 0.0
 0.0
 0.0
 0.0
 0.0
 0.0
 0.0
 0.0
 0.0
 0.0
 0.0
 1.4372063183062207
 3.3769811635212545
 0.0
 1.0
x_ij_opt: 1-dimensional DenseAxisArray{Float64,1,...} with index sets:
    Dimension 1, [(43, 30), (43, 22), (43, 6), (44, 22), (45, 30), (45, 29), (45, 28), (45, 24), (45, 23), (40, 29)  …  (5, 7), (5, 14), (6, 4), (6, 3), (1, 14), (1, 10), (1, 23), (1, 1), (3, 2), (3, 1)]
And data, a 116-element Vector{Float64}:
 0.0
 0.0
 0.8289622383077446
 0.0
 0.5627936820721514
 0.0
 1.1855326707193108
 0.0
 0.0
 0.0
 0.0
 0.0
 0.0
 0.0
 0.0
 0.0
 0.0
 0.0
 0.29475963121516585
 0.0
 1.702376939514548
 0.0
 0.0
 0.0
 0.0
 0.0
 0.0
 1.9999999992525013
 0.0
 0.0
 0.0
 0.0
 0.0
 0.0
 0.0
 0.0
 0.0
 0.0
 0.0
 0.0
 0.0
 0.0
 0.0
 0.40372567652239283
 0.0
 0.0
 0.0
 0.0
 0.0
 0.0
 0.0
 0.0
 0.0
 0.0
 0.0
 0.6497164972332051
 0.0
 0.0
 0.09107209271498194
 1.8853576386621504
 0.0
 0.0
 0.0
 0.0
 6.0
 0.0
 0.0
 0.0
 0.0
 0.7052403686466256
 0.0
 0.0
 0.0
 0.0
 0.0
 0.0
 0.11877651357738084
 1.0144832111521824
 0.0
 0.0
 0.0
 0.0
 0.0
 0.0
 0.0
 0.0
 0.0
 0.0
 0.0
 0.0
 0.0
 0.0
 2.0759241531656314
 0.0
 0.0
 0.0
 0.0
 0.0
 0.0
 0.0
 0.0
 0.0
 0.0
 0.0
 0.0
 0.18352298202186873
 0.0
 0.0
 0.0
 0.0
 0.0
 0.0
 0.0
 0.8193404448875059
 0.0
 0.0
x_il_opt: 1-dimensional DenseAxisArray{Float64,1,...} with index sets:
    Dimension 1, [(43, 15), (43, 14), (44, 15), (44, 13), (44, 3), (40, 14), (40, 2), (41, 14), (42, 6), (37, 13)  …  (4, 13), (5, 2), (5, 7), (5, 9), (6, 11), (1, 1), (1, 6), (1, 3), (2, 1), (2, 15)]
And data, a 71-element Vector{Float64}:
 0.0
 0.0
 0.0
 1.9971365682188078
 4.759676473497619
 1.6956908143364409
 0.0
 0.0
 0.0
 1.002863429511669
 0.0
 3.0
 0.0
 0.0
 2.7526877699125634
 0.0
 0.0
 0.0
 7.596274324413468
 0.0
 0.0
 0.0
 3.0
 1.086106452746052
 1.9138935476566032
 0.0
 0.40372567614756
 0.0
 2.3502835034857874
 0.0
 2.908927905309737
 0.0
 0.0
 0.0
 0.0
 0.0
 0.0
 0.0
 2.294759631881226
 0.0
 0.0
 0.0
 3.0
 0.0
 0.0
 1.9138935471778988
 0.0
 2.999999999588618
 0.0
 0.0
 0.0
 0.0
 0.0
 0.0
 2.2999235595343768
 0.0
 0.0
 0.0
 0.0
 0.0
 0.0
 0.0
 0.0
 0.0
 0.1146423608783556
 0.0
 0.0
 3.333418682697638
 3.2403235263791723
 0.0
 5.814187481994787
x_lj_opt: 1-dimensional DenseAxisArray{Float64,1,...} with index sets:
    Dimension 1, [(15, 30), (15, 29), (15, 23), (15, 3), (14, 28), (14, 27), (14, 10), (14, 24), (13, 26), (13, 25)  …  (3, 6), (3, 5), (3, 29), (2, 4), (2, 3), (2, 1), (2, 5), (1, 2), (1, 1), (1, 14)]
And data, a 53-element Vector{Float64}:
 1.437206318213107
 3.376981163292055
 0.0
 1.0
 0.8144673296170738
 0.8812234865737515
 0.0
 0.0
 2.0
 0.9999999924482696
 0.0
 1.6497164978854226
 1.0
 0.3502835021763474
 1.9999999999512508
 0.0
 0.0
 0.0
 0.3502835028094401
 0.0
 0.0
 2.0
 0.999999999714201
 0.11464236166773087
 0.0
 0.0
 5.999999998862972
 2.0000000012504286
 0.0
 0.0
 1.8164770185386452
 0.9089279073707067
 0.27459507419134144
 2.0
 6.0
 0.0
 2.0
 0.9999999999656949
 0.0
 0.0
 0.9855167890777226
 1.2743593484810658
 0.04004742264798255
 0.7673120854928819
 4.959952578628924
 2.27273533555749
 1.9599525776367062
 0.0
 0.0
 1.0400474221728266
 1.9999999953154044
 3.2036875418917314
 0.0
q_opt: 1-dimensional DenseAxisArray{Float64,1,...} with index sets:
    Dimension 1, [(43, 15), (43, 14), (44, 15), (44, 13), (44, 3), (40, 14), (40, 2), (41, 14), (42, 6), (37, 13)  …  (4, 13), (5, 2), (5, 7), (5, 9), (6, 11), (1, 1), (1, 6), (1, 3), (2, 1), (2, 15)]
And data, a 71-element Vector{Float64}:
 0.0
 0.0
 0.0
 0.6657121899315858
 0.5949595592131033
 0.9999999989845852
 0.0
 0.0
 0.0
 0.33428781010840375
 0.0
 1.0
 0.0
 0.0
 0.34408597122806206
 0.0
 0.0
 0.0
 0.949534290540231
 0.0
 0.0
 0.0
 1.0
 0.36203548426597704
 0.23923669344713452
 0.0
 0.05046570951090885
 0.0
 0.9999999999775504
 0.0
 0.5590127932450589
 0.0
 0.0
 0.0
 0.0
 0.0
 0.0
 0.0
 0.44098720676522923
 0.0
 0.0
 0.0
 1.0
 0.0
 0.0
 0.6379645157547351
 0.0
 0.9999999998426279
 0.0
 0.0
 0.0
 0.0
 0.0
 0.0
 0.9999999997070146
 0.0
 0.0
 0.0
 0.0
 0.0
 0.0
 0.0
 0.0
 0.0
 0.9999999933587861
 0.0
 0.0
 0.4166773353254757
 0.40504044081566076
 0.0
 1.0

