objective value: -620.819375357
objective bound: -620.8814635
termination status: OPTIMAL
BARON solution time: 4366.18


w_opt: 1-dimensional DenseAxisArray{Float64,1,...} with index sets:
    Dimension 1, [(25, 1, 2), (25, 1, 1), (25, 1, 14), (20, 1, 2), (20, 1, 1), (20, 1, 14), (1, 1, 2), (1, 1, 1), (1, 1, 14), (2, 1, 2)  …  (20, 15, 23), (20, 15, 3), (8, 15, 30), (8, 15, 29), (8, 15, 23), (8, 15, 3), (2, 15, 30), (2, 15, 29), (2, 15, 23), (2, 15, 3)]
And data, a 261-element Vector{Float64}:
 0.2552324837273776
 0.31364994821351017
 0.0
 1.0014609264769334
 1.230674728938222
 0.0
 0.0
 0.0
 0.0
 0.0
 0.0
 0.0
 0.0
 0.0
 0.0
 0.0
 1.992790746144644
 0.0
 0.0
 1.0072092543421736
 0.0
 0.0
 0.0
 0.0
 0.0
 0.0
 0.0
 0.0
 0.0
 0.93980956412495
 0.4214826846847764
 0.0
 0.0
 0.0
 0.0
 4.052981182685406
 1.8176675946532712
 0.0
 0.0
 0.0
 0.0
 0.0
 0.0
 0.0
 0.0
 0.0
 0.0
 0.0
 0.0
 1.1433435333156727
 1.268813052304407
 0.007209254380594324
 0.0
 0.0
 0.0
 0.0
 0.0
 0.0
 0.0
 2.0
 1.0
 0.0
 0.0
 0.0
 0.0
 0.0
 0.0
 0.0
 0.0
 0.0
 0.0
 0.042241927867242804
 0.12672578362785275
 0.0
 0.7499999999735697
 2.2500000003405645
 0.0
 0.5460498264061333
 1.6381494795120135
 0.0
 0.0
 0.0
 0.0
 0.0
 0.0
 0.0
 0.0
 0.0
 0.0
 0.0
 0.0
 0.0
 0.6617082456781278
 1.985124737399472
 0.0
 0.0
 0.0
 0.0
 0.0
 0.0
 0.0
 2.0
 0.9883321840947412
 0.011667815838356578
 0.0
 0.0
 0.0
 0.0
 0.0
 0.0
 0.0
 0.0
 0.0
 0.0
 0.0
 0.0
 0.0
 0.0
 2.237843905835695
 2.762156094841172
 0.0
 0.0
 0.0
 1.3427063434889626
 1.657293656887957
 0.0
 0.0
 0.0
 0.0
 0.0
 0.0
 0.0
 0.0
 0.0
 0.0
 0.0
 0.0
 0.0
 0.0
 0.0
 0.0
 0.0
 0.0
 0.0
 0.0
 0.0
 0.0
 0.0
 0.0
 0.0
 0.0
 0.0
 0.0
 0.5438671297553354
 0.2719335648328488
 0.0
 0.0
 1.4561328705060803
 0.7280664351330417
 0.0
 0.0
 0.0
 0.0
 0.0
 0.0
 0.0
 0.0
 0.0
 0.0
 0.0
 0.0
 0.0
 0.0
 2.0
 0.0
 0.0
 0.0
 0.7634660107482348
 0.0
 0.0
 0.0
 0.0
 0.0
 0.0
 0.0
 0.0
 0.0
 0.0
 0.0
 0.0
 0.0
 0.0
 0.0
 0.0
 1.2365339902303154
 0.9294347807679235
 0.8340312292958703
 0.0
 0.0
 0.0
 0.0
 0.0
 0.0
 0.0
 0.0
 0.0
 1.469949581579976
 0.647359352833278
 0.08761543783819789
 0.5300504188101045
 0.23343188119492655
 0.031593328167375874
 0.0
 0.0
 0.0
 0.0
 0.0
 0.0
 0.0
 0.0
 0.0
 0.0
 0.0
 0.0
 0.0
 0.9126045150237075
 1.0
 0.0
 0.0
 0.0
 0.0
 0.0
 0.0
 0.0
 0.0
 0.0
 0.0
 0.0
 0.0
 0.0
 0.0
 0.0
 0.0
 0.0
 0.0
 0.0
 0.0
 0.0
 0.0
 0.0
 0.0
 0.0
 0.0
 0.0
 0.0
 0.0
 0.0
 1.2717435622763567
 2.9268184928561456
 0.0
 0.9836007582489665
x_ij_opt: 1-dimensional DenseAxisArray{Float64,1,...} with index sets:
    Dimension 1, [(43, 30), (43, 22), (43, 6), (44, 22), (45, 30), (45, 29), (45, 28), (45, 24), (45, 23), (40, 29)  …  (5, 7), (5, 14), (6, 4), (6, 3), (1, 14), (1, 10), (1, 23), (1, 1), (3, 2), (3, 1)]
And data, a 116-element Vector{Float64}:
 0.0
 0.0
 1.4595078052080175
 0.0
 0.7282564381220561
 0.0
 1.087395485369604
 0.0
 0.0
 0.0
 0.0
 0.0
 0.0
 0.0
 0.0
 0.0
 0.0
 0.0
 0.23213565512332107
 0.0
 0.0
 0.0
 0.0
 0.0
 0.0
 0.0
 0.0
 2.0
 0.0
 0.0
 0.0
 0.0
 0.0
 0.0
 0.0
 0.0
 0.0
 0.0
 0.0
 0.0
 0.0
 0.0
 0.6240978242346265
 0.5404921956406877
 0.0
 0.0
 0.0
 0.0
 0.0
 0.0
 0.0
 0.0
 0.0
 0.0
 0.0
 0.23653398925219873
 0.0
 2.4194497518433287
 0.011667816600140164
 2.0
 0.0
 0.0
 0.0
 0.0
 6.0
 0.0
 0.0
 0.0
 0.0
 0.7678643452553929
 0.0
 0.0
 0.0
 0.0
 0.0
 0.0
 0.0
 0.8566564670151062
 0.0
 0.0
 0.0
 0.0
 0.0
 0.0
 0.0
 0.0
 0.0
 0.0
 0.0
 0.0
 0.0
 0.0
 0.07520320790715983
 0.0
 0.0
 0.0
 0.0
 0.11920876654886792
 0.0
 0.01639924231952804
 0.0
 0.0
 0.0
 0.0
 0.0
 0.0
 0.0
 0.0
 0.0
 0.0
 0.0
 0.0
 0.07056521981644057
 4.444007508146219
 0.0
 0.0
x_il_opt: 1-dimensional DenseAxisArray{Float64,1,...} with index sets:
    Dimension 1, [(43, 15), (43, 14), (44, 15), (44, 13), (44, 3), (40, 14), (40, 2), (41, 14), (42, 6), (37, 13)  …  (4, 13), (5, 2), (5, 7), (5, 9), (6, 11), (1, 1), (1, 6), (1, 3), (2, 1), (2, 15)]
And data, a 71-element Vector{Float64}:
 0.0
 0.0
 0.0
 2.2049243722514515
 1.3612922487953227
 1.9126045149130446
 0.0
 0.0
 0.16896771149208042
 0.795075628172407
 0.0
 3.0
 0.0
 0.0
 3.0
 0.0
 0.0
 0.0
 5.000000000486482
 0.0
 0.0
 0.0
 3.0
 0.8158006945881842
 2.184199305895286
 0.0
 3.0
 0.0
 2.763466011538952
 0.0
 0.568882431921286
 0.0
 0.0
 0.0
 0.0
 0.0
 0.0
 0.0
 2.232135655337074
 0.0
 0.0
 0.0
 3.0
 0.0
 0.0
 2.184199305639122
 0.0
 3.0
 0.0
 0.0
 0.0
 0.0
 0.0
 0.0
 2.4193658400006743
 0.0
 0.0
 5.8706487772765525
 0.0
 0.0
 0.0
 0.0
 0.0
 0.0
 0.0
 0.0
 0.0
 2.646832983045127
 0.0
 0.0
 5.182162813283115
x_lj_opt: 1-dimensional DenseAxisArray{Float64,1,...} with index sets:
    Dimension 1, [(15, 30), (15, 29), (15, 23), (15, 3), (14, 28), (14, 27), (14, 10), (14, 24), (13, 26), (13, 25)  …  (3, 6), (3, 5), (3, 29), (2, 4), (2, 3), (2, 1), (2, 5), (1, 2), (1, 1), (1, 14)]
And data, a 53-element Vector{Float64}:
 1.2717435621762072
 2.9268184926221195
 0.0
 0.9836007581721169
 0.9126045150229399
 1.0
 0.0
 0.0
 2.0
 0.8807912339423952
 0.119208765993963
 1.236533990108527
 0.9294347806764207
 0.8340312292137759
 2.0
 0.0
 0.0
 0.0
 0.7634660106834071
 0.0
 0.0
 2.0
 0.9999999999335125
 0.0
 0.0
 0.0
 3.5805502490660674
 4.419449751410271
 0.0
 0.0
 2.0
 0.988332184082659
 0.011667815838212222
 1.9999999998256235
 6.0
 0.0
 2.0
 1.0
 0.0
 0.0
 1.1433435332775441
 1.2688130522620966
 0.007209254380326676
 0.0
 4.992790746617449
 2.2391502792515405
 1.9927907460057306
 0.0
 0.0
 1.0072092542716624
 1.2566934101569631
 1.54432467709375
 0.0
q_opt: 1-dimensional DenseAxisArray{Float64,1,...} with index sets:
    Dimension 1, [(43, 15), (43, 14), (44, 15), (44, 13), (44, 3), (40, 14), (40, 2), (41, 14), (42, 6), (37, 13)  …  (4, 13), (5, 2), (5, 7), (5, 9), (6, 11), (1, 1), (1, 6), (1, 3), (2, 1), (2, 15)]
And data, a 71-element Vector{Float64}:
 0.0
 0.0
 0.0
 0.7349747907182408
 0.18823331716067954
 1.0
 0.0
 0.0
 0.021120963935928737
 0.2650252093791866
 0.0
 1.0
 0.0
 0.0
 0.3750000000214864
 0.0
 0.0
 0.0
 0.6250000000480608
 0.0
 0.0
 0.0
 1.0
 0.2719335648509281
 0.2730249132252377
 0.0
 0.3750000000237054
 0.0
 1.0
 0.24738437123573478
 0.20309844999919982
 0.0
 0.1868810905967653
 0.0
 0.0
 0.0
 0.0
 0.0
 0.7969015500380155
 0.0
 0.0
 0.0
 1.0
 0.0
 0.0
 0.7280664351814529
 0.0
 1.0
 0.0
 0.0
 0.0
 0.0
 0.0
 0.0
 1.0
 0.0
 0.0
 0.811766682877957
 0.0
 0.0
 0.0
 0.0
 0.0
 0.0
 0.5657345381674999
 0.0
 0.0
 0.330854122868312
 0.0
 0.0
 1.0

