objective value: -626.747550896
objective bound: -626.810231914
termination status: OPTIMAL
BARON solution time: 41.16


w_opt: 1-dimensional DenseAxisArray{Float64,1,...} with index sets:
    Dimension 1, [(25, 1, 2), (25, 1, 1), (25, 1, 14), (20, 1, 2), (20, 1, 1), (20, 1, 14), (1, 1, 2), (1, 1, 1), (1, 1, 14), (2, 1, 2)  …  (20, 15, 23), (20, 15, 3), (8, 15, 30), (8, 15, 29), (8, 15, 23), (8, 15, 3), (2, 15, 30), (2, 15, 29), (2, 15, 23), (2, 15, 3)]
And data, a 261-element Vector{Float64}:
 1.1280092354134863
 1.8719907621739311
 0.0
 0.8541717718508361
 1.4175430626043568
 0.0
 0.0
 0.0
 0.0
 0.0
 0.0
 0.0
 0.0
 0.0
 0.0
 0.0
 1.9443841426308772
 0.0
 0.0
 1.055615856294706
 0.0
 0.0
 0.0
 0.0
 0.0
 0.0
 0.0
 0.0
 0.0
 2.915293976675333
 1.5897697776158572
 0.0
 0.0
 0.0
 0.0
 0.0
 0.0
 0.0
 0.0
 0.0
 0.0
 2.0290901662116685
 1.106504609179505
 0.12183556966544788
 0.42886109010456985
 0.006119351189631208
 0.0
 0.0
 0.0
 0.9854696664517476
 3.468852294785198
 0.04949650577882878
 0.0
 0.0
 0.0
 0.0
 0.0
 0.0
 0.0
 1.9999999998314377
 0.9999999984648159
 0.0
 0.0
 0.0
 0.0
 0.0
 0.0
 0.0
 0.0
 0.0
 0.0
 0.0
 0.0
 0.0
 0.7147556986645263
 2.144267095872362
 0.0
 0.48385366451050654
 1.451560993453868
 0.0
 0.0
 0.0
 0.0
 0.0
 0.0
 0.0
 0.0
 0.0
 0.0
 0.0
 0.0
 0.0
 0.8013906356185836
 2.4041719067160354
 0.0
 0.0
 0.0
 0.0
 0.0
 0.0
 0.0
 1.9461158301034547
 0.7983835793037423
 0.2555005873935429
 0.0
 0.0
 0.0
 0.0
 0.0
 0.0
 0.0
 0.0
 0.0
 0.0
 0.0
 0.0
 0.0
 0.0
 4.924692166315067
 1.476080922302267
 0.0
 0.16548313319567304
 0.0
 1.0753078313616353
 0.32230265808745406
 0.0
 0.036133285706859385
 0.0
 0.0
 0.0
 0.0
 0.0
 0.0
 0.0
 0.0
 0.0
 0.0
 0.0
 0.0
 0.0
 0.0
 0.0
 0.0
 0.0
 0.0
 0.0
 0.0
 0.0
 0.0
 0.0
 0.0
 0.18469762734701944
 0.0
 0.7097235617463636
 0.35486178002502045
 0.0
 0.0
 1.2902764377107596
 0.645138217311786
 0.0
 0.0
 0.0
 0.0
 0.0
 0.0
 0.0
 0.0
 0.0
 0.0
 0.0
 0.0
 0.0
 0.0
 1.999999997994372
 0.0
 0.0
 0.0
 0.6960969695192232
 0.0
 0.0
 0.0
 0.0
 0.0
 0.0
 0.0
 0.0
 0.0
 0.0
 0.0
 0.0
 0.0
 0.0
 0.0
 0.0
 1.3039030301573722
 0.9540769131011502
 0.7420200560805226
 0.0
 0.0
 0.0
 0.0
 0.0
 0.0
 0.0
 0.0
 0.0
 1.4018978393490058
 0.688458714948254
 0.012490203119272056
 0.5981021596330126
 0.2937222903634791
 0.005328788766716537
 0.0
 0.0
 0.0
 0.0
 0.0
 0.0
 0.0
 0.0
 0.0
 0.0
 0.0
 0.0
 0.0
 0.7847458061060525
 0.9665721315170117
 0.0
 0.0
 0.0
 0.0
 0.0
 0.0
 0.0
 0.0
 0.0
 0.0
 0.0
 0.0
 0.0
 0.0
 0.0
 0.0
 0.0
 0.0
 0.0
 0.0
 0.0
 0.0
 0.0
 0.0
 0.0
 0.0
 0.0
 0.0
 0.0
 0.0
 1.660114886190264
 2.561705556743927
 0.0
 0.9999999996190514
x_ij_opt: 1-dimensional DenseAxisArray{Float64,1,...} with index sets:
    Dimension 1, [(43, 30), (43, 22), (43, 6), (44, 22), (45, 30), (45, 29), (45, 28), (45, 24), (45, 23), (40, 29)  …  (5, 7), (5, 14), (6, 4), (6, 3), (1, 14), (1, 10), (1, 23), (1, 1), (3, 2), (3, 1)]
And data, a 116-element Vector{Float64}:
 0.0
 0.0
 1.5313319175919544
 0.0
 0.33988511377392105
 0.0
 1.2152541874339167
 0.0
 0.0
 0.0
 0.0
 0.0
 0.0
 0.0
 0.0
 0.0
 0.0
 0.0
 0.27171483383031947
 0.0
 0.8959301617345182
 0.0
 0.0
 0.0
 0.0
 0.0
 0.0
 1.999999991564071
 0.0
 0.0
 0.0
 0.0
 0.0
 0.0
 0.0
 0.0
 0.0
 0.0
 0.0
 0.0
 0.0
 0.0
 0.0
 0.46866807554052403
 0.0
 0.0
 0.0
 0.0
 0.0
 0.0
 0.0
 0.0
 0.0
 0.0
 0.0
 0.30390302901413624
 0.0
 0.0
 0.0
 1.8153023686035934
 0.0
 0.0
 0.0
 0.0
 5.999999999266736
 0.0
 0.0
 0.0
 0.0
 0.728285165057875
 0.0
 0.0
 0.0
 0.0
 0.0
 0.0
 0.03342786011788926
 0.8926947623145706
 0.0
 0.0
 0.0
 0.0
 0.0
 0.0
 0.0
 0.0
 0.0
 0.0
 0.0
 0.0
 0.0
 0.0
 0.0
 0.0
 0.0
 0.0
 0.0
 0.01781899442805716
 0.0
 0.0
 0.0
 0.0
 0.0
 0.0
 0.0
 0.0
 0.0
 0.0
 0.0
 0.0
 0.05388416702679707
 0.0
 0.04592308688513482
 1.5590354246446836
 0.0
 0.0
x_il_opt: 1-dimensional DenseAxisArray{Float64,1,...} with index sets:
    Dimension 1, [(43, 15), (43, 14), (44, 15), (44, 13), (44, 3), (40, 14), (40, 2), (41, 14), (42, 6), (37, 13)  …  (4, 13), (5, 2), (5, 7), (5, 9), (6, 11), (1, 1), (1, 6), (1, 3), (2, 1), (2, 15)]
And data, a 71-element Vector{Float64}:
 0.0
 0.0
 0.0
 2.102846757416536
 4.505063757318918
 1.7513179375787662
 0.0
 0.0
 0.0
 0.8971532387632055
 0.0
 2.9999999993396917
 0.0
 0.0
 2.859022794924926
 0.0
 0.0
 0.0
 6.566256222570204
 0.0
 0.5568160109596441
 0.0
 2.9999999998079288
 1.0645853417713795
 1.9354146582249032
 0.0
 1.433743775318067
 0.0
 2.6960969711454483
 0.0
 2.9999999976635503
 0.0
 0.0
 0.0
 0.0
 0.0
 0.0
 0.0
 2.271714834513443
 0.0
 0.0
 0.0
 2.999999998688005
 0.0
 0.0
 1.9354146550225435
 0.0
 2.999999996800889
 0.0
 0.0
 0.0
 0.0
 0.0
 0.0
 4.503818467015772
 0.0
 0.0
 0.0
 0.0
 0.0
 0.0
 0.0
 0.0
 0.0
 0.1846976276114836
 0.0
 0.0
 3.2055625427715975
 3.135594777496548
 0.0
 5.221820442596085
x_lj_opt: 1-dimensional DenseAxisArray{Float64,1,...} with index sets:
    Dimension 1, [(15, 30), (15, 29), (15, 23), (15, 3), (14, 28), (14, 27), (14, 10), (14, 24), (13, 26), (13, 25)  …  (3, 6), (3, 5), (3, 29), (2, 4), (2, 3), (2, 1), (2, 5), (1, 2), (1, 1), (1, 14)]
And data, a 53-element Vector{Float64}:
 1.6601148864438082
 2.561705557126509
 0.0
 0.9999999997704702
 0.7847458124691655
 0.9665721393548123
 0.0
 0.0
 1.999999999800334
 0.9821810057134183
 0.0178189918989856
 1.3039030302892007
 0.9540769131984873
 0.7420200561568648
 1.9999999992349238
 0.0
 0.0
 0.0
 0.6960969699521885
 0.0
 0.0
 1.999999999834214
 0.9999999975226894
 0.18469763134670192
 0.0
 0.0
 5.9999999992893
 1.798383580879691
 0.0
 0.20161641896944651
 1.9461158319492486
 0.7983835800607136
 0.2555005876363998
 1.9999999998351554
 5.9999999991105915
 0.0
 2.0
 0.9999999985665952
 0.0
 0.0
 1.1073052374968928
 3.897713389748552
 0.05561585704300301
 0.0
 4.944384143842539
 2.696274387319068
 1.9443841427542319
 0.0
 0.0
 1.0556158563584366
 1.9821810077231075
 3.2895338255431783
 0.0
q_opt: 1-dimensional DenseAxisArray{Float64,1,...} with index sets:
    Dimension 1, [(43, 15), (43, 14), (44, 15), (44, 13), (44, 3), (40, 14), (40, 2), (41, 14), (42, 6), (37, 13)  …  (4, 13), (5, 2), (5, 7), (5, 9), (6, 11), (1, 1), (1, 6), (1, 3), (2, 1), (2, 15)]
And data, a 71-element Vector{Float64}:
 0.0
 0.0
 0.0
 0.7009489197435397
 0.5896172085065663
 0.9999999918911527
 0.0
 0.0
 0.0
 0.2990510798450067
 0.0
 0.9999999998973247
 0.0
 0.0
 0.3573778493660654
 0.0
 0.0
 0.0
 0.8207820278171621
 0.0
 0.11002889315377505
 0.0
 0.9999999999299822
 0.35486178090199527
 0.24192683227903386
 0.0
 0.17921797191532568
 0.0
 0.9999999993790836
 0.0
 0.5690747873264507
 0.0
 1.3127384795189845e-8
 0.0
 0.0
 0.0
 0.0
 0.0
 0.43092521244115917
 0.0
 0.0
 0.0
 0.9999999999020717
 0.0
 0.0
 0.6451382189086475
 0.0
 0.9999999990510144
 0.0
 0.0
 0.0
 0.0
 0.0
 0.0
 0.8899711055997096
 0.0
 0.0
 0.0
 0.0
 0.0
 0.0
 0.0
 0.0
 0.0
 0.999999978338803
 0.0
 0.0
 0.400695317846316
 0.4103827913006783
 0.0
 0.9999999998496385

