objective value: -624.930881777
objective bound: -637.794295659
termination status: TIME_LIMIT
BARON solution time: 7226.18


w_opt: 1-dimensional DenseAxisArray{Float64,1,...} with index sets:
    Dimension 1, [(25, 1, 2), (25, 1, 1), (25, 1, 14), (20, 1, 2), (20, 1, 1), (20, 1, 14), (1, 1, 2), (1, 1, 1), (1, 1, 14), (2, 1, 2)  …  (20, 15, 23), (20, 15, 3), (8, 15, 30), (8, 15, 29), (8, 15, 23), (8, 15, 3), (2, 15, 30), (2, 15, 29), (2, 15, 23), (2, 15, 3)]
And data, a 261-element Vector{Float64}:
 1.1353679529026879
 1.8646320478456464
 0.0
 0.8646320423878
 1.4199983465348922
 0.0
 0.0
 0.0
 0.0
 0.0
 0.0
 0.0
 0.0
 0.0
 0.0
 0.0
 2.0
 0.0
 0.0
 1.0000000002896985
 0.0
 0.0
 0.0
 0.0
 0.0
 0.0
 0.0
 0.0
 0.0
 2.935936276363083
 0.7339468239089902
 0.0
 0.0
 0.0
 0.0
 0.0
 0.0
 0.0
 0.0
 0.0
 0.0
 2.0640637245924025
 0.5159897465100866
 0.4691731773040259
 1.624273752053981
 0.0
 0.0
 0.0
 0.0
 0.6209421733256298
 2.149696791005183
 0.0
 0.0
 0.0
 0.0
 0.0
 0.0
 0.0
 0.0
 2.0
 1.0
 0.0
 0.0
 0.0
 0.0
 0.0
 0.0
 0.0
 0.0
 0.0
 0.0
 0.0
 0.0
 0.0
 0.695185910462574
 2.0855577312587816
 0.0
 0.5065847873093188
 1.5197543618219516
 0.0
 0.0
 0.0
 0.0
 0.0
 0.0
 0.0
 0.0
 0.0
 0.0
 0.0
 0.0
 0.0
 0.7982293025773335
 2.3946879075910386
 0.0
 0.0
 0.0
 0.0
 0.0
 0.0
 0.0
 2.0
 0.8995191945566001
 0.10048080553200403
 0.0
 0.0
 0.0
 0.0
 0.0
 0.0
 0.0
 0.0
 0.0
 0.0
 0.0
 0.0
 0.0
 0.0
 4.8539935808630625
 1.536708995253484
 0.0
 0.08128886466839834
 0.0
 1.1460064202981461
 0.3628101985273956
 0.0
 0.01919194150249874
 0.0
 0.0
 0.0
 0.0
 0.0
 0.0
 0.0
 0.0
 0.0
 0.0
 0.0
 0.0
 0.0
 0.0
 0.0
 0.0
 0.0
 0.0
 0.0
 0.0
 0.0
 0.0
 0.0
 0.0
 0.0
 0.0
 0.6491072342842287
 0.3245536170911867
 0.0
 0.0
 1.350892766009662
 0.6754463828988417
 0.0
 0.0
 0.0
 0.0
 0.0
 0.0
 0.0
 0.0
 0.0
 0.0
 0.0
 0.0
 0.0
 0.0
 2.0
 0.0
 0.0
 0.0
 0.673489735567317
 0.0
 0.0
 0.0
 0.0
 0.0
 0.0
 0.0
 0.0
 0.0
 0.0
 0.0
 0.0
 0.0
 0.0
 0.0
 0.0
 1.3265102654005543
 0.9762499082947684
 0.6972398266567184
 0.0
 0.0
 0.0
 0.0
 0.0
 0.0
 0.0
 0.0
 0.0
 1.339567164404688
 0.6697835784178913
 0.0
 0.6604328360916724
 0.33021641617747294
 0.0
 0.0
 0.0
 0.0
 0.0
 0.0
 0.0
 0.0
 0.0
 0.0
 0.0
 0.0
 0.0
 0.0
 0.3839369231490611
 0.5648571420663111
 0.0
 0.0
 0.0
 0.0
 0.0
 0.0
 0.0
 0.0
 0.0
 0.0
 0.0
 0.0
 0.0
 0.0
 0.0
 0.0
 0.0
 0.0
 0.0
 0.0
 0.0
 0.0
 0.0
 0.0
 0.0
 0.0
 0.0
 0.0
 0.0
 0.0
 0.8425947696052885
 4.052823604558283
 0.0
 0.7184323799031482
x_ij_opt: 1-dimensional DenseAxisArray{Float64,1,...} with index sets:
    Dimension 1, [(43, 30), (43, 22), (43, 6), (44, 22), (45, 30), (45, 29), (45, 28), (45, 24), (45, 23), (40, 29)  …  (5, 7), (5, 14), (6, 4), (6, 3), (1, 14), (1, 10), (1, 23), (1, 1), (3, 2), (3, 1)]
And data, a 116-element Vector{Float64}:
 0.0
 0.0
 1.5325172563087075
 0.0
 1.1574052307753424
 0.0
 1.6160630772348439
 0.0
 0.0
 0.0
 0.0
 0.0
 0.0
 0.0
 0.0
 0.0
 0.0
 0.0
 0.2846303885744591
 0.0
 0.6824188364009665
 0.0
 0.0
 0.0
 0.0
 0.0
 0.0
 2.0
 0.0
 0.0
 0.0
 0.0
 0.0
 0.0
 0.0
 0.0
 0.0
 0.0
 0.0
 0.0
 0.0
 0.0
 0.0
 0.46748274444207893
 0.0
 0.0
 0.0
 0.0
 0.0
 0.0
 0.0
 0.0
 0.0
 0.0
 0.0
 0.32651026446435477
 0.0
 0.0
 0.0
 2.0
 0.0
 0.0
 0.0
 0.0
 6.0
 0.0
 0.0
 0.0
 0.0
 0.7153696118003505
 0.0
 0.0
 0.0
 0.0
 0.0
 0.0
 0.43514285818769427
 0.9098846497030908
 0.0
 0.0
 0.0
 0.0
 0.0
 0.0
 0.0
 0.0
 0.0
 0.0
 0.0
 0.0
 0.0
 0.0
 0.0
 0.0
 0.0
 0.0
 0.0
 0.0
 0.0
 0.2815676206531585
 0.0
 0.0
 0.0
 0.0
 0.0
 0.0
 0.0
 0.0
 0.0
 0.0
 0.0
 0.0
 0.023750092296715347
 1.9324699648593282
 0.0
 0.0
x_il_opt: 1-dimensional DenseAxisArray{Float64,1,...} with index sets:
    Dimension 1, [(43, 15), (43, 14), (44, 15), (44, 13), (44, 3), (40, 14), (40, 2), (41, 14), (42, 6), (37, 13)  …  (4, 13), (5, 2), (5, 7), (5, 9), (6, 11), (1, 1), (1, 6), (1, 3), (2, 1), (2, 15)]
And data, a 71-element Vector{Float64}:
 0.0
 0.0
 0.0
 2.009350746480518
 3.6698831003035712
 0.9487940652153721
 0.0
 0.0
 0.0
 0.9906492541229579
 0.0
 3.0
 0.0
 0.0
 2.780743641721356
 0.0
 0.0
 0.0
 6.471991440784945
 0.0
 2.0934469293580067
 0.0
 3.0
 0.9736608513754154
 2.02633914913127
 0.0
 1.5280085603280407
 0.0
 2.6734897364545027
 0.0
 3.0
 0.0
 0.0
 0.0
 0.0
 0.0
 0.0
 0.0
 2.284630388922692
 0.0
 0.0
 0.0
 3.0
 0.0
 0.0
 2.0263391489085034
 0.0
 3.0
 0.0
 0.0
 0.0
 0.0
 0.0
 0.0
 2.770638964330813
 0.0
 0.0
 0.0
 0.0
 0.0
 0.0
 0.0
 0.0
 0.0
 0.0
 0.0
 0.0
 3.192917210168372
 2.580053471130557
 0.0
 5.613850754066719
x_lj_opt: 1-dimensional DenseAxisArray{Float64,1,...} with index sets:
    Dimension 1, [(15, 30), (15, 29), (15, 23), (15, 3), (14, 28), (14, 27), (14, 10), (14, 24), (13, 26), (13, 25)  …  (3, 6), (3, 5), (3, 29), (2, 4), (2, 3), (2, 1), (2, 5), (1, 2), (1, 1), (1, 14)]
And data, a 53-element Vector{Float64}:
 0.8425947695222495
 4.052823604159359
 0.0
 0.7184323798323795
 0.38393692315926664
 0.564857142081326
 0.0
 0.0
 2.0
 0.9999999944553232
 0.0
 1.3265102652684548
 0.9762499081971768
 0.6972398265873536
 2.0
 0.0
 0.0
 0.0
 0.6734897355236941
 0.0
 0.0
 2.0
 0.9999999999411675
 0.0
 0.0
 0.0
 6.0
 1.8995191935958164
 0.0
 0.10048080615592496
 2.0
 0.8995191945033706
 0.10048080552604864
 2.0
 6.0
 0.0
 2.0
 1.0
 0.0
 0.0
 1.0901153505816643
 3.773970542892964
 0.0
 0.0
 5.000000000667199
 1.2499365703470087
 2.0
 0.0
 0.0
 1.00000000022114
 1.9999999951715182
 3.2846303941851924
 0.0
q_opt: 1-dimensional DenseAxisArray{Float64,1,...} with index sets:
    Dimension 1, [(43, 15), (43, 14), (44, 15), (44, 13), (44, 3), (40, 14), (40, 2), (41, 14), (42, 6), (37, 13)  …  (4, 13), (5, 2), (5, 7), (5, 9), (6, 11), (1, 1), (1, 6), (1, 3), (2, 1), (2, 15)]
And data, a 71-element Vector{Float64}:
 0.0
 0.0
 0.0
 0.6697835821392911
 0.5871872551942624
 0.9999999999734175
 0.0
 0.0
 0.0
 0.3302164180163835
 0.0
 1.0
 0.0
 0.0
 0.34759295519862965
 0.0
 0.0
 0.0
 0.808998930065045
 0.0
 0.43038856122307945
 0.0
 1.0
 0.32455361711028036
 0.2532923936278398
 0.0
 0.1910010700292004
 0.0
 1.0
 0.11519880772439181
 0.5676839778218798
 0.0
 0.173086097343751
 0.0
 0.0
 0.0
 0.0
 0.0
 0.4323160222376251
 0.0
 0.0
 0.0
 1.0
 0.0
 0.0
 0.6754463829385798
 0.0
 1.0
 0.0
 0.0
 0.0
 0.0
 0.0
 0.0
 0.5696114388209621
 0.0
 0.0
 0.0
 0.0
 0.0
 0.0
 0.0
 0.0
 0.0
 0.7117150949318571
 0.0
 0.0
 0.39911465125294726
 0.41281274486339486
 0.0
 1.0

