objective value: -634.82137527
objective bound: -634.8848637
termination status: OPTIMAL
BARON solution time: 97.45


w_opt: 1-dimensional DenseAxisArray{Float64,1,...} with index sets:
    Dimension 1, [(25, 1, 2), (25, 1, 1), (25, 1, 14), (20, 1, 2), (20, 1, 1), (20, 1, 14), (1, 1, 2), (1, 1, 1), (1, 1, 14), (2, 1, 2)  …  (20, 15, 23), (20, 15, 3), (8, 15, 30), (8, 15, 29), (8, 15, 23), (8, 15, 3), (2, 15, 30), (2, 15, 29), (2, 15, 23), (2, 15, 3)]
And data, a 261-element Vector{Float64}:
 1.5868383111042934
 0.0
 0.0
 0.4131616888975964
 0.0
 0.0
 0.0
 0.0
 0.0
 0.0
 0.0
 0.0
 0.0
 0.0
 0.0
 0.0
 2.0
 0.0
 0.0
 0.9999999998550632
 0.0
 0.0
 0.0
 0.0
 0.0
 0.0
 0.0
 0.0
 0.2998562278598346
 1.4726940348575848
 0.5837601925629564
 0.0
 0.0
 0.0
 0.7181971519939677
 3.5273059663904944
 1.3981864266671922
 0.0
 0.0
 0.0
 0.0
 0.0
 0.0
 0.0
 0.0
 0.0
 0.0
 0.0
 0.0
 1.1487160498759537
 0.7871902535682241
 0.0
 0.0
 0.0
 0.0
 0.0
 0.0
 0.0
 0.0
 2.0
 1.0
 0.0
 0.0
 0.0
 0.0
 0.0
 0.0
 0.0
 0.0
 0.0
 0.0
 0.12437928126316794
 0.3731378437638529
 0.0
 0.7500000001083242
 2.2500000001605307
 0.0
 0.4980618116906427
 1.4941854349576125
 0.0
 0.0
 0.0
 0.0
 0.0
 0.0
 0.0
 0.0
 0.0
 0.0
 0.0
 0.0
 0.0
 0.6275589072262123
 1.88267672153901
 0.0
 0.0
 0.0
 0.0
 0.0
 0.0
 0.0
 1.5847643952562065
 0.8656619834141717
 0.5495736215611907
 0.0
 0.0
 0.0
 0.0
 0.0
 0.0
 0.0
 0.0
 0.0
 0.0
 0.0
 0.0
 0.0
 0.0
 4.466326653993963
 3.1018323730084822
 0.0
 0.0
 0.0
 0.2548496727742324
 0.17699130101785757
 0.0
 0.0
 0.0
 0.0
 0.0
 0.0
 0.0
 0.0
 0.0
 0.0
 0.0
 0.0
 0.0
 0.0
 0.0
 0.0
 0.0
 0.0
 0.0
 0.0
 0.0
 0.0
 0.0
 0.0
 0.0
 0.0
 0.22244626691302358
 0.0
 0.6718351692802043
 0.33591758456751997
 0.0
 0.0
 1.328164830964
 0.6640824153409394
 0.0
 0.0
 0.0
 0.0
 0.0
 0.0
 0.0
 0.0
 0.0
 0.0
 0.0
 0.0
 0.0
 0.0
 1.475951943240336
 0.0
 0.0
 0.0
 0.3198681133327159
 0.0
 0.0
 0.0
 0.0
 0.0
 0.0
 0.0
 0.0
 0.0
 0.0
 0.0
 0.0
 0.0
 0.0
 0.0
 0.0
 1.6801318876141909
 1.0
 0.31986811257885056
 0.0
 0.0
 0.0
 0.0
 0.0
 0.0
 0.0
 0.0
 0.0
 1.3255512691359932
 0.6627756339676372
 0.0
 0.67444873121991
 0.3372243653047447
 0.0
 0.0
 0.0
 0.0
 0.0
 0.0
 0.0
 0.0
 0.0
 0.0
 0.0
 0.0
 0.0
 0.0
 0.5234927968915063
 0.8177627692828203
 0.0
 0.0
 0.0
 0.0
 0.0
 0.0
 0.0
 0.0
 0.0
 0.0
 0.0
 0.0
 0.0
 0.0
 0.0
 0.0
 0.0
 0.0
 0.0
 0.0
 0.0
 0.0
 0.0
 0.0
 0.0
 0.0
 0.0
 0.0
 0.0
 0.0
 1.01743417390108
 3.6981852696047413
 0.0
 0.9184622398583437
x_ij_opt: 1-dimensional DenseAxisArray{Float64,1,...} with index sets:
    Dimension 1, [(43, 30), (43, 22), (43, 6), (44, 22), (45, 30), (45, 29), (45, 28), (45, 24), (45, 23), (40, 29)  …  (5, 7), (5, 14), (6, 4), (6, 3), (1, 14), (1, 10), (1, 23), (1, 1), (3, 2), (3, 1)]
And data, a 116-element Vector{Float64}:
 0.0
 0.5240480573869211
 0.5501056467474366
 0.0
 0.982565826459139
 0.0
 1.4765072033400641
 0.0
 0.0
 0.0
 0.0
 0.0
 0.0
 0.0
 0.0
 0.0
 0.0
 0.0
 0.30114749521825557
 0.0
 0.0
 0.0
 0.0
 0.0
 0.0
 0.0
 0.0
 1.9999999999652334
 0.0
 0.0
 0.0
 0.0
 0.0
 0.0
 0.0
 0.0
 0.0
 0.0
 0.0
 0.0
 0.0
 0.0
 0.0
 0.4318409741186574
 0.0
 0.0
 0.0
 0.0
 0.0
 0.0
 0.0
 0.0
 0.0
 0.0
 0.0
 1.2041799435297904
 0.0
 1.2788236744099106
 0.13433801479640803
 1.7775537332308173
 0.0
 0.0
 0.0
 0.0
 6.0
 0.0
 0.0
 0.0
 0.0
 0.6988525050963031
 0.0
 0.0
 0.0
 0.0
 0.0
 0.0
 0.1822372307328054
 0.8512839503857061
 0.0
 0.0
 0.0
 0.0
 0.0
 0.0
 0.0
 0.0
 0.0
 0.0
 0.0
 0.0
 0.0
 0.0
 0.72980612983296
 0.0
 0.0
 0.0
 0.0
 0.0
 0.0
 0.08153776065930797
 0.0
 0.0
 0.0
 0.0
 0.0
 0.3758976120604664
 0.0
 0.0
 0.0
 0.0
 0.039337993280234594
 0.0
 0.0
 5.450426379037318
 0.0
 0.0
x_il_opt: 1-dimensional DenseAxisArray{Float64,1,...} with index sets:
    Dimension 1, [(43, 15), (43, 14), (44, 15), (44, 13), (44, 3), (40, 14), (40, 2), (41, 14), (42, 6), (37, 13)  …  (4, 13), (5, 2), (5, 7), (5, 9), (6, 11), (1, 1), (1, 6), (1, 3), (2, 1), (2, 15)]
And data, a 71-element Vector{Float64}:
 0.0
 0.0
 0.0
 1.9883269034447528
 2.3563104552803757
 1.3412555659840313
 0.0
 0.0
 0.4975171250259249
 1.0116730966988703
 0.0
 3.0
 0.0
 0.0
 3.0
 0.0
 0.0
 0.0
 7.568159026838772
 0.0
 0.0
 0.0
 3.0
 1.0077527538477242
 1.9922472466337313
 0.0
 0.43184097378450237
 0.0
 1.7958200572214071
 0.0
 1.5868383110217166
 0.0
 0.0
 0.0
 0.0
 0.0
 0.0
 0.0
 0.4131616888766501
 0.0
 0.0
 0.0
 3.0
 0.0
 0.0
 1.9922472463049392
 0.0
 3.0
 0.0
 0.0
 0.0
 0.0
 0.0
 0.0
 1.9359063033784636
 0.0
 0.0
 5.643689545051654
 0.0
 0.0
 0.0
 0.0
 0.0
 0.0
 0.2224462668260331
 0.0
 0.0
 2.5102356287427896
 0.0
 0.0
 5.634081683373773
x_lj_opt: 1-dimensional DenseAxisArray{Float64,1,...} with index sets:
    Dimension 1, [(15, 30), (15, 29), (15, 23), (15, 3), (14, 28), (14, 27), (14, 10), (14, 24), (13, 26), (13, 25)  …  (3, 6), (3, 5), (3, 29), (2, 4), (2, 3), (2, 1), (2, 5), (1, 2), (1, 1), (1, 14)]
And data, a 53-element Vector{Float64}:
 1.0174341738342074
 3.698185269359392
 0.0
 0.9184622397980023
 0.5234927970397544
 0.8177627695143015
 0.0
 0.0
 2.0
 0.9999999991869195
 0.0
 1.6801318874608175
 1.0
 0.3198681125495806
 1.4759519431504806
 0.0
 0.0
 0.0
 0.31986811331312476
 0.0
 0.0
 2.0
 0.9999999998803989
 0.22244626714559435
 0.0
 0.0
 4.72117632646121
 3.2788236738125174
 0.0
 0.0
 1.584764395184912
 0.8656619833756597
 0.5495736215369593
 2.0
 6.0
 0.0
 2.0
 1.0
 0.0
 0.0
 1.1487160498908988
 0.7871902535791425
 0.0
 1.0180533798182747
 5.000000001077589
 1.9819466191620436
 2.0
 0.0
 0.0
 0.9999999997860178
 1.9999999999639557
 0.0
 0.0
q_opt: 1-dimensional DenseAxisArray{Float64,1,...} with index sets:
    Dimension 1, [(43, 15), (43, 14), (44, 15), (44, 13), (44, 3), (40, 14), (40, 2), (41, 14), (42, 6), (37, 13)  …  (4, 13), (5, 2), (5, 7), (5, 9), (6, 11), (1, 1), (1, 6), (1, 3), (2, 1), (2, 15)]
And data, a 71-element Vector{Float64}:
 0.0
 0.0
 0.0
 0.6627756345055417
 0.2945388069083448
 0.9999999997158492
 0.0
 0.0
 0.06218964062427387
 0.3372243655781668
 0.0
 1.0
 0.0
 0.0
 0.37500000001867295
 0.0
 0.0
 0.0
 0.9460198783427635
 0.0
 0.0
 0.0
 1.0
 0.33591758460899
 0.24903090581973872
 0.0
 0.0539801217226569
 0.0
 1.0
 0.0
 0.7934191555668254
 0.0
 0.0
 0.0
 0.0
 0.0
 0.0
 0.0
 0.20658084445290079
 0.0
 0.0
 0.0
 1.0
 0.0
 0.0
 0.6640824154180871
 0.0
 1.0
 0.0
 0.0
 0.0
 0.0
 0.0
 0.0
 0.9999999999880113
 0.0
 0.0
 0.7054611931258917
 0.0
 0.0
 0.0
 0.0
 0.0
 0.0
 0.9999999989547345
 0.0
 0.0
 0.3137794535825449
 0.0
 0.0
 1.0

