objective value: -627.51489146
objective bound: -627.577649197
termination status: OPTIMAL
BARON solution time: 2087.82


w_opt: 1-dimensional DenseAxisArray{Float64,1,...} with index sets:
    Dimension 1, [(25, 1, 2), (25, 1, 1), (25, 1, 14), (20, 1, 2), (20, 1, 1), (20, 1, 14), (1, 1, 2), (1, 1, 1), (1, 1, 14), (2, 1, 2)  …  (20, 15, 23), (20, 15, 3), (8, 15, 30), (8, 15, 29), (8, 15, 23), (8, 15, 3), (2, 15, 30), (2, 15, 29), (2, 15, 23), (2, 15, 3)]
And data, a 261-element Vector{Float64}:
 1.149544528708417
 1.2776482491501742
 0.0
 0.8504554714971124
 0.9452291033590057
 0.0
 0.0
 0.0
 0.0
 0.0
 0.0
 0.0
 0.0
 0.0
 0.0
 0.0
 1.999999998734034
 0.0
 0.0
 1.000000001439092
 0.0
 0.0
 0.0
 0.0
 0.0
 0.0
 0.0
 0.0
 0.0
 0.7274028268162281
 0.4364416962058883
 0.0
 0.0
 0.0
 0.0
 4.272597172130974
 2.56355830400761
 0.0
 0.0
 0.0
 0.0
 0.0
 0.0
 0.3418249418898635
 0.9113899757595543
 0.0
 0.0
 0.0
 0.0
 0.758063740092158
 2.021185727081657
 0.0
 0.0
 0.0
 0.0
 0.0
 0.0
 0.0
 0.0
 2.0
 0.9999999998520559
 0.0
 0.0
 0.0
 0.0
 0.0
 0.0
 0.0
 0.0
 0.0
 0.0
 0.0
 0.0
 0.0
 0.4938453873052618
 1.4815361619938814
 0.0
 0.5113515407603059
 1.534054622359967
 0.0
 0.0
 0.0
 0.0
 0.0
 0.0
 0.0
 0.0
 0.0
 0.0
 0.0
 0.0
 0.0
 0.9948030718926536
 2.9844092157823483
 0.0
 0.0
 0.0
 0.0
 0.0
 0.0
 0.0
 2.0
 0.9367141899606394
 0.06328580970522925
 0.0
 0.0
 0.0
 0.0
 0.0
 0.0
 0.0
 0.0
 0.0
 0.0
 0.0
 0.0
 0.0
 0.0
 4.333136145228773
 1.4443787134003703
 0.0
 0.0
 0.0
 1.6668638545115384
 0.5556212841239302
 0.0
 0.0
 0.0
 0.0
 0.0
 0.0
 0.0
 0.0
 0.0
 0.0
 0.0
 0.0
 0.0
 0.0
 0.0
 0.0
 0.0
 0.0
 0.0
 0.0
 0.0
 0.0
 0.5095214126106516
 0.0
 0.0
 0.0
 0.0
 0.0
 0.6363958915126446
 0.31819794568612764
 0.0
 0.0
 1.3636041087282118
 0.6818020542113428
 0.0
 0.0
 0.0
 0.0
 0.0
 0.0
 0.0
 0.0
 0.0
 0.0
 0.0
 0.0
 0.0
 0.0
 1.63481616344802
 0.0
 0.0
 0.0
 0.29775953574261105
 0.0
 0.0
 0.0
 0.0
 0.0
 0.0
 0.0
 0.0
 0.0
 0.0
 0.0
 0.0
 0.0
 0.0
 0.0
 0.0
 1.7022404648823988
 1.0
 0.29775953534802874
 0.0
 0.0
 0.0
 0.0
 0.0
 0.0
 0.0
 0.0
 0.0
 1.5495106908654606
 0.77475534502664
 0.0
 0.45048930943289506
 0.22524465458827453
 0.0
 0.0
 0.0
 0.0
 0.0
 0.0
 0.0
 0.0
 0.0
 0.0
 0.0
 0.0
 0.0
 0.0
 0.41671455914321276
 0.5672232026293194
 0.0
 0.0
 0.0
 0.0
 0.0
 0.0
 0.0
 0.0
 0.0
 0.0
 0.0
 0.0
 0.0
 0.0
 0.0
 0.0
 0.0
 0.0
 0.0
 0.0
 0.0
 0.0
 0.0
 0.0
 0.0
 0.0
 0.0
 0.0
 0.0
 0.0
 1.961261355681521
 2.70224046519862
 0.0
 1.0
x_ij_opt: 1-dimensional DenseAxisArray{Float64,1,...} with index sets:
    Dimension 1, [(43, 30), (43, 22), (43, 6), (44, 22), (45, 30), (45, 29), (45, 28), (45, 24), (45, 23), (40, 29)  …  (5, 7), (5, 14), (6, 4), (6, 3), (1, 14), (1, 10), (1, 23), (1, 1), (3, 2), (3, 1)]
And data, a 116-element Vector{Float64}:
 0.0
 0.36518383577345986
 1.4221522967101399
 0.0
 0.03873864466143182
 0.0
 1.5832854405958465
 0.0
 0.0
 0.0
 0.0
 0.0
 0.0
 0.0
 0.0
 0.0
 0.0
 0.0
 0.2132491592157176
 0.0
 0.0
 0.0
 0.0
 0.0
 0.0
 0.0
 0.0
 1.999999999680957
 0.0
 0.0
 0.0
 0.0
 0.0
 0.0
 0.0
 0.0
 0.0
 0.0
 0.0
 0.0
 0.0
 0.0
 0.0
 0.5778477039213535
 0.0
 0.0
 0.0
 0.0
 0.0
 0.0
 0.0
 0.0
 0.0
 0.0
 0.0
 1.067424299820342
 0.0
 0.0
 0.06328580946553292
 1.4904785871112127
 0.0
 0.0
 0.0
 0.0
 6.0
 0.0
 0.0
 0.0
 0.0
 0.7867508410737613
 0.0
 0.0
 0.0
 0.0
 0.0
 0.0
 0.43277679663663654
 0.9001113181554725
 0.0
 0.0
 0.0
 0.0
 0.0
 0.0
 0.0
 0.0
 0.0
 0.0
 0.0
 0.0
 0.0
 0.0
 0.0
 0.0
 0.0
 0.0
 0.0
 0.0
 0.0
 0.0
 0.0
 0.0
 0.0
 0.0
 0.0
 0.0
 0.0
 0.0
 0.0
 0.0
 0.0
 0.0
 0.0
 3.713836838892027
 0.0
 0.0
x_il_opt: 1-dimensional DenseAxisArray{Float64,1,...} with index sets:
    Dimension 1, [(43, 15), (43, 14), (44, 15), (44, 13), (44, 3), (40, 14), (40, 2), (41, 14), (42, 6), (37, 13)  …  (4, 13), (5, 2), (5, 7), (5, 9), (6, 11), (1, 1), (1, 6), (1, 3), (2, 1), (2, 15)]
And data, a 71-element Vector{Float64}:
 0.0
 0.0
 0.0
 2.3242660361613696
 1.1638445231066374
 0.9839377619590453
 0.0
 0.0
 0.0
 0.6757339641659981
 0.0
 3.0
 0.0
 0.0
 1.975381549406284
 0.0
 0.0
 0.0
 5.7775148599358195
 0.0
 1.2532149176830323
 0.0
 3.0
 0.9545938371987722
 2.045406163226624
 0.0
 2.222485139375048
 0.0
 1.9325757009040643
 0.5095214126560269
 2.4271927778678384
 0.0
 0.0
 0.0
 0.0
 0.0
 0.0
 0.0
 1.7956845748719292
 0.0
 0.0
 0.0
 3.0
 0.0
 0.0
 2.0454061629395546
 0.0
 2.9999999997810525
 0.0
 0.0
 0.0
 0.0
 0.0
 0.0
 2.779249467189767
 0.0
 0.0
 6.836155476202298
 0.0
 0.0
 0.0
 0.0
 0.0
 0.0
 0.0
 0.0
 0.0
 3.9792122877598217
 0.0
 0.0
 5.663501821197263
x_lj_opt: 1-dimensional DenseAxisArray{Float64,1,...} with index sets:
    Dimension 1, [(15, 30), (15, 29), (15, 23), (15, 3), (14, 28), (14, 27), (14, 10), (14, 24), (13, 26), (13, 25)  …  (3, 6), (3, 5), (3, 29), (2, 4), (2, 3), (2, 1), (2, 5), (1, 2), (1, 1), (1, 14)]
And data, a 53-element Vector{Float64}:
 1.961261355628939
 2.7022404651273204
 0.0
 1.0
 0.4167145597685576
 0.5672232034805926
 0.0
 0.0
 2.0
 0.9999999995910984
 0.0
 1.7022404647482166
 1.0
 0.2977595352890156
 1.634816164766397
 0.0
 0.0
 0.0
 0.2977595359811493
 0.0
 0.0
 2.0
 0.9999999998682982
 0.5095214132416209
 0.0
 0.0
 6.0
 1.9999999979105785
 0.0
 0.0
 2.0
 0.9367141899964213
 0.06328580964225819
 2.0
 6.0
 0.0
 2.0
 0.9999999999037866
 0.0
 0.0
 1.0998886820711817
 2.932575703086238
 0.0
 0.0
 4.999999999319206
 3.000000000458231
 1.9999999987260577
 0.0
 0.0
 1.0000000014897679
 2.0
 2.2228773524832794
 0.0
q_opt: 1-dimensional DenseAxisArray{Float64,1,...} with index sets:
    Dimension 1, [(43, 15), (43, 14), (44, 15), (44, 13), (44, 3), (40, 14), (40, 2), (41, 14), (42, 6), (37, 13)  …  (4, 13), (5, 2), (5, 7), (5, 9), (6, 11), (1, 1), (1, 6), (1, 3), (2, 1), (2, 15)]
And data, a 71-element Vector{Float64}:
 0.0
 0.0
 0.0
 0.7747553453751088
 0.14548056538275314
 0.9999999985092254
 0.0
 0.0
 0.0
 0.225244654706804
 0.0
 1.0
 0.0
 0.0
 0.2469226936618631
 0.0
 0.0
 0.0
 0.7221893574819906
 0.0
 0.31078139766406865
 0.0
 1.0
 0.31819794572997206
 0.2556757703893613
 0.0
 0.27781064240476716
 0.0
 0.9999999991989433
 0.9999999987489376
 0.5747722643051221
 0.0
 0.0
 0.0
 0.0
 0.0
 0.0
 0.0
 0.42522773571309214
 0.0
 0.0
 0.0
 1.0
 0.0
 0.0
 0.681802054307264
 0.0
 0.9999999999867084
 0.0
 0.0
 0.0
 0.0
 0.0
 0.0
 0.6892186022532479
 0.0
 0.0
 0.8545194345430712
 0.0
 0.0
 0.0
 0.0
 0.0
 0.0
 0.0
 0.0
 0.0
 0.4974015359546281
 0.0
 0.0
 1.0

