objective value: -622.932251887
objective bound: -622.994551137
termination status: OPTIMAL
BARON solution time: 3947.66


w_opt: 1-dimensional DenseAxisArray{Float64,1,...} with index sets:
    Dimension 1, [(25, 1, 2), (25, 1, 1), (25, 1, 14), (20, 1, 2), (20, 1, 1), (20, 1, 14), (1, 1, 2), (1, 1, 1), (1, 1, 14), (2, 1, 2)  …  (20, 15, 23), (20, 15, 3), (8, 15, 30), (8, 15, 29), (8, 15, 23), (8, 15, 3), (2, 15, 30), (2, 15, 29), (2, 15, 23), (2, 15, 3)]
And data, a 261-element Vector{Float64}:
 1.192835890392643
 0.0
 0.0
 0.8071641033061394
 0.0
 0.0
 0.0
 0.0
 0.0
 0.0
 0.0
 0.0
 0.0
 0.0
 0.0
 0.0
 1.9960929729198278
 0.0
 0.0
 1.0039070262061012
 0.0
 0.0
 0.0
 0.0
 0.0
 0.0
 0.0
 0.0
 0.0
 0.9633781488787028
 0.3406629509192982
 0.0
 0.0
 0.0
 0.0
 4.032714825078254
 1.4260200256300526
 0.0
 0.0
 0.0
 0.0
 0.0
 0.0
 0.32619112911465165
 0.8544847388331751
 0.0013728055542961517
 0.0
 0.0
 0.0
 0.6021541858365022
 1.577392872758184
 0.002534221562741709
 0.0
 0.0
 0.0
 0.0
 0.0
 0.0
 0.0
 1.999999999872405
 0.9999999993605947
 0.0
 0.0
 0.0
 0.0
 0.0
 0.0
 0.0
 0.0
 0.0
 0.0
 0.038437748314110086
 0.11531324489702934
 0.0
 0.7499999997409444
 2.249999999139577
 0.0
 0.5483591775591864
 1.6450775326281188
 0.0
 0.0
 0.0
 0.0
 0.0
 0.0
 0.0
 0.0
 0.0
 0.0
 0.0
 0.0
 0.0
 0.6632030743418375
 1.9896092229570135
 0.0
 0.0
 0.0
 0.0
 0.0
 0.0
 0.0
 1.4349655016611136
 0.9081195592343045
 0.6569149029854551
 1.7214751772893674e-8
 1.0902477885541163e-8
 0.0
 0.0
 0.0
 0.0
 0.0
 0.0
 0.0
 0.0
 0.0
 0.0
 0.0
 0.0
 3.394923507460895
 1.6050764904829309
 0.0
 0.0
 0.0
 2.036954104015415
 0.9630458940317007
 0.0
 0.0
 0.0
 0.0
 0.0
 0.0
 0.0
 0.0
 0.0
 0.0
 0.0
 0.0
 0.0
 0.0
 0.0
 0.0
 0.0
 0.0
 0.0
 0.0
 0.0
 0.0
 1.1471612927535209
 0.0
 0.0
 0.0
 0.7207985829485276
 0.0
 0.537708860208535
 0.2688544297478052
 0.0
 0.0
 1.4622911397116187
 0.731145568889343
 0.0
 0.0
 0.0
 0.0
 0.0
 0.0
 0.0
 0.0
 0.0
 0.0
 0.0
 0.0
 0.0
 0.0
 1.9999999966989623
 0.0
 0.0
 0.0
 0.0
 0.0
 0.0
 0.0
 0.0
 0.0
 0.0
 0.0
 0.0
 0.0
 0.0
 0.0
 0.0
 0.0
 0.0
 0.0
 0.0
 1.6259090927232418
 0.9958973859120742
 0.3781935211894588
 0.0
 0.0
 0.0
 0.0
 0.0
 0.0
 0.0
 0.0
 0.0
 1.5210338952921616
 0.7605169425118707
 0.0
 0.4789661042436516
 0.23948305049421026
 0.0
 0.0
 0.0
 0.0
 0.0
 0.0
 0.0
 0.0
 0.0
 0.0
 0.0
 0.0
 0.0
 0.0
 0.2705504103173526
 0.8718553528672611
 0.0
 0.0
 0.0
 0.0
 0.0
 0.0
 0.0
 0.0
 0.0
 0.0
 0.0
 0.0
 0.0
 0.0
 0.0
 0.0
 0.0
 0.0
 0.0
 0.0
 0.0
 0.0
 0.0
 0.0
 0.0
 0.0
 0.0
 0.0
 0.0
 0.0
 0.586321311743989
 3.855123502829603
 0.0
 0.8524142220155544
x_ij_opt: 1-dimensional DenseAxisArray{Float64,1,...} with index sets:
    Dimension 1, [(43, 30), (43, 22), (43, 6), (44, 22), (45, 30), (45, 29), (45, 28), (45, 24), (45, 23), (40, 29)  …  (5, 7), (5, 14), (6, 4), (6, 3), (1, 14), (1, 10), (1, 23), (1, 1), (3, 2), (3, 1)]
And data, a 116-element Vector{Float64}:
 0.0
 0.0
 1.7064349961941443
 0.0
 1.413678688486751
 0.0
 1.7294495863586066
 0.0
 0.0
 0.0
 0.0
 0.0
 0.0
 0.0
 0.0
 0.0
 0.0
 0.0
 0.20390907835566047
 0.0
 0.0
 0.0
 0.0
 0.0
 0.0
 0.0
 0.0
 1.9999999961674442
 0.0
 0.0
 0.0
 0.0
 0.0
 0.0
 0.0
 0.0
 0.0
 0.0
 0.0
 0.0
 0.0
 0.0
 0.0
 0.29356500266877944
 0.0
 0.0
 0.0
 0.0
 0.0
 0.0
 0.0
 0.0
 0.0
 0.0
 0.0
 1.0000000006396286
 0.0
 0.5681223867650047
 0.09188042914082693
 0.13204012339336632
 0.0
 0.0
 0.0
 0.37409090701803044
 6.0
 0.0
 0.0
 0.0
 0.0
 0.7960909213398446
 0.0
 0.0
 0.0
 0.0
 0.0
 0.0
 0.12814463567905973
 1.0716546843572432
 0.0
 0.0
 0.0
 0.0
 0.0
 0.0
 0.0
 0.0
 0.0
 0.0
 0.0
 0.0
 0.0
 0.0
 0.0
 0.0
 0.0
 0.0
 0.0
 0.0
 0.0
 0.14758577810451387
 0.0
 0.0
 0.0
 0.0
 0.0
 0.5650344812861318
 0.0
 0.0
 0.0
 0.0
 0.0
 0.0
 0.004102614449482056
 5.343085088281951
 0.0
 0.0
x_il_opt: 1-dimensional DenseAxisArray{Float64,1,...} with index sets:
    Dimension 1, [(43, 15), (43, 14), (44, 15), (44, 13), (44, 3), (40, 14), (40, 2), (41, 14), (42, 6), (37, 13)  …  (4, 13), (5, 2), (5, 7), (5, 9), (6, 11), (1, 1), (1, 6), (1, 3), (2, 1), (2, 15)]
And data, a 71-element Vector{Float64}:
 0.0
 0.0
 0.0
 2.2815508424804185
 1.3040411000762546
 1.142405763451505
 0.0
 0.0
 0.15375099320155192
 0.7184491562792472
 0.0
 2.9999999998230003
 0.0
 0.0
 2.9999999990764397
 0.0
 0.0
 0.0
 4.999999998902668
 0.0
 1.182048673502123
 1.0334774838867265e-8
 2.9999999999673306
 0.8065632899563403
 2.1934367103566226
 0.0
 2.999999998777782
 0.0
 1.9999999999057056
 1.1471612929503237
 1.1928358909923982
 0.0
 0.0
 0.0
 0.0
 0.0
 0.0
 0.0
 0.8071641037486191
 0.0
 0.0
 0.0
 2.99999999957343
 0.0
 0.0
 2.1934367086009616
 0.0
 2.9999999638808728
 0.0
 0.0
 0.0
 0.0
 0.0
 0.0
 2.182081280157428
 0.0
 0.0
 5.4587348515721965
 0.0
 0.0
 0.0
 0.0
 0.0
 3.6011692709995424e-8
 0.7207985830808584
 0.0
 0.0
 2.6528122974833024
 0.0
 0.0
 5.293859036733028
x_lj_opt: 1-dimensional DenseAxisArray{Float64,1,...} with index sets:
    Dimension 1, [(15, 30), (15, 29), (15, 23), (15, 3), (14, 28), (14, 27), (14, 10), (14, 24), (13, 26), (13, 25)  …  (3, 6), (3, 5), (3, 29), (2, 4), (2, 3), (2, 1), (2, 5), (1, 2), (1, 1), (1, 14)]
And data, a 53-element Vector{Float64}:
 0.5863213117380698
 3.855123502930308
 0.0
 0.8524142220477451
 0.27055041377379524
 0.8718553640113137
 0.0
 0.0
 1.9999999999620033
 0.9999999932520736
 0.0
 1.6259090926906918
 0.9958973858952231
 0.3781935211543808
 1.999999999205773
 0.0
 0.0
 0.0
 0.0
 0.0
 0.0
 2.0
 0.9999999986949286
 1.867959876765797
 0.0
 0.0
 5.431877613084428
 2.568122385375223
 0.0
 0.0
 1.4349655189238832
 0.9081195701650434
 0.6569149108952952
 2.0
 5.999999999671307
 0.0
 2.0
 0.9999999995096741
 0.0
 0.0
 0.9283453155988681
 2.4318776132923725
 0.003907026990169579
 0.0
 4.996092974232345
 1.7666829766651597
 1.996092973068723
 0.0
 0.0
 1.0039070263342726
 1.9999999942399829
 0.0
 0.0
q_opt: 1-dimensional DenseAxisArray{Float64,1,...} with index sets:
    Dimension 1, [(43, 15), (43, 14), (44, 15), (44, 13), (44, 3), (40, 14), (40, 2), (41, 14), (42, 6), (37, 13)  …  (4, 13), (5, 2), (5, 7), (5, 9), (6, 11), (1, 1), (1, 6), (1, 3), (2, 1), (2, 15)]
And data, a 71-element Vector{Float64}:
 0.0
 0.0
 0.0
 0.7605169476717274
 0.19282630524473454
 0.9999999872200083
 0.0
 0.0
 0.01921887414421819
 0.23948305213697857
 0.0
 1.0
 0.0
 0.0
 0.37499999987861354
 0.0
 0.0
 0.0
 0.6249999998606147
 0.0
 0.3513683148210846
 0.0
 0.9999999999557618
 0.26885443010194215
 0.2741795887875549
 0.0
 0.3749999998372369
 0.0
 0.9999999987481905
 0.6141252320365436
 0.5964179469150417
 0.0
 0.0
 0.0
 0.0
 0.0
 0.0
 0.0
 0.40358205281642073
 0.0
 0.0
 0.0
 0.9999999999106031
 0.0
 0.0
 0.7311455698486641
 0.0
 0.9999999879821058
 0.0
 0.0
 0.0
 0.0
 0.0
 0.0
 0.6486316844798511
 0.0
 0.0
 0.8071736947008241
 0.0
 0.0
 0.0
 0.0
 0.0
 1.1982107700261314e-8
 0.3858747673942294
 0.0
 0.0
 0.33160153717903307
 0.0
 0.0
 0.9999999999766108

