objective value: -623.881390109
objective bound: -642.057372354
termination status: TIME_LIMIT
BARON solution time: 7229.26


w_opt: 1-dimensional DenseAxisArray{Float64,1,...} with index sets:
    Dimension 1, [(25, 1, 2), (25, 1, 1), (25, 1, 14), (20, 1, 2), (20, 1, 1), (20, 1, 14), (1, 1, 2), (1, 1, 1), (1, 1, 14), (2, 1, 2)  …  (20, 15, 23), (20, 15, 3), (8, 15, 30), (8, 15, 29), (8, 15, 23), (8, 15, 3), (2, 15, 30), (2, 15, 29), (2, 15, 23), (2, 15, 3)]
And data, a 261-element Vector{Float64}:
 0.40931501401711146
 1.2800714968368565
 0.0
 0.5536800929115777
 1.7315516925373544
 0.0
 0.0
 0.0
 0.0
 0.0
 0.0
 0.0
 0.0
 0.0
 0.0
 0.0
 2.0
 0.0
 0.0
 1.0000000003776879
 0.0
 0.0
 0.0
 0.0
 0.0
 0.0
 0.0
 0.0
 0.0
 2.7873190988538314
 1.6723914589671935
 0.0
 0.0
 0.0
 0.0
 0.0
 0.0
 0.0
 0.0
 0.0
 0.0
 2.212680901976917
 1.3276085409109608
 0.0
 0.0
 0.0
 0.0
 0.0
 0.0
 1.0462055751482922
 0.31728639155327304
 0.0
 0.0
 0.0
 0.0
 0.0
 0.0
 0.0
 0.0
 1.9595789226256681
 1.0
 0.0
 0.0
 0.0
 0.0
 0.0
 0.0
 0.0
 0.0
 0.0
 0.0
 0.03964861645274316
 0.11894584932781498
 0.0
 0.7500000002337882
 2.2500000006510383
 0.0
 0.5305321356672215
 1.591596406958329
 0.0
 0.0
 0.0
 0.0
 0.0
 0.0
 0.0
 0.0
 0.0
 0.0
 0.0
 0.0
 0.0
 0.6798192479372932
 2.0394577437636685
 0.0
 0.0
 0.0
 0.0
 0.0
 0.0
 0.0
 2.0
 0.9891755831700534
 0.010824416874219157
 0.0
 0.0
 0.0
 0.0
 0.0
 0.0
 0.0
 0.0
 0.0
 0.0
 0.0
 0.0
 0.0
 0.0
 3.9384475722898147
 2.7649921366191066
 0.0
 0.0
 0.0
 0.7617633570553363
 0.5347969354852562
 0.0
 0.0
 0.0
 0.0
 0.0
 0.0
 0.0
 0.0
 0.0
 0.0
 0.0
 0.0
 0.0
 0.0
 0.0
 0.0
 0.0
 0.0
 0.0
 0.0
 0.0
 0.0
 0.0
 0.0
 0.0
 0.0
 0.0
 0.0
 0.5852476386339676
 0.29262381926862946
 0.0
 0.0
 1.4147523616637492
 0.7073761807214038
 0.0
 0.0
 0.0
 0.0
 0.0
 0.0
 0.0
 0.0
 0.0
 0.0
 0.0
 0.0
 0.0
 0.0
 2.0
 0.0
 0.0
 0.0
 0.28509364540632554
 0.0
 0.0
 0.0
 0.0
 0.0
 0.0
 0.0
 0.0
 0.0
 0.0
 0.0
 0.0
 0.0
 0.0
 0.0
 0.0
 1.7149063555670834
 1.0
 0.28509364474472026
 0.0
 0.0
 0.0
 0.0
 0.0
 0.0
 0.0
 0.0
 0.0
 1.2421102461207072
 0.6538064165317172
 0.9748092142183221
 0.055934533912180354
 0.02944211859064901
 0.04389747143437269
 0.0
 0.0
 0.0
 0.0
 0.0
 0.0
 0.0
 0.0
 0.0
 0.0
 0.5890368315546419
 0.0
 0.0
 0.0
 0.4109631322876566
 0.0
 0.0
 0.0
 0.0
 0.0
 0.0
 0.0
 3.633868699547723e-8
 0.0
 0.0
 0.0
 0.0
 0.0
 0.0
 0.0
 0.0
 0.0
 0.0
 0.0
 0.0
 0.0
 0.0
 0.0
 0.0
 0.0
 0.0
 0.0
 0.0
 0.0
 0.0
 2.0
 2.7149063568948586
 0.0
 1.0
x_ij_opt: 1-dimensional DenseAxisArray{Float64,1,...} with index sets:
    Dimension 1, [(43, 30), (43, 22), (43, 6), (44, 22), (45, 30), (45, 29), (45, 28), (45, 24), (45, 23), (40, 29)  …  (5, 7), (5, 14), (6, 4), (6, 3), (1, 14), (1, 10), (1, 23), (1, 1), (3, 2), (3, 1)]
And data, a 116-element Vector{Float64}:
 0.0
 0.0
 1.315257204114602
 0.0
 0.0
 0.0
 1.967314031304612
 0.0
 0.0
 0.0
 0.0
 0.0
 0.0
 0.0
 0.0
 0.0
 0.0
 0.0
 0.2852317850435556
 0.0
 1.2371188281794638
 0.0
 0.0
 0.0
 0.7019552206654407
 0.3167514654949652
 0.0
 1.9486073451332395
 0.03268596903743734
 0.0
 0.0
 0.0
 0.0
 0.0
 0.0
 0.0
 0.0
 0.0
 0.0
 0.0
 0.0
 0.0
 0.018298208101651767
 0.6847427967519724
 0.0
 0.0
 0.0
 0.0
 0.0
 0.0
 0.0
 0.0
 0.0
 0.0
 0.0
 0.7149063546058747
 0.0
 1.299789072143595
 0.010824417529254369
 2.0
 0.0
 0.0
 0.0
 0.0
 6.0
 0.0
 0.0
 0.0
 0.0
 0.7147682153348802
 0.0
 0.0
 0.0
 0.0
 0.0
 0.0
 0.0
 0.9537944251808137
 0.0
 0.0
 0.0
 0.0
 0.0
 0.0
 0.0
 0.0
 0.0
 0.04042107825448619
 0.05139265582289628
 0.0
 0.0
 0.0
 0.0
 0.0
 0.0
 0.0
 0.0
 0.0
 0.0
 0.0
 0.0
 0.0
 0.0
 0.0
 0.0
 0.0
 0.0
 0.0
 0.0
 0.0
 0.0
 0.0
 0.0
 1.7404335667037147
 0.0
 0.0
x_il_opt: 1-dimensional DenseAxisArray{Float64,1,...} with index sets:
    Dimension 1, [(43, 15), (43, 14), (44, 15), (44, 13), (44, 3), (40, 14), (40, 2), (41, 14), (42, 6), (37, 13)  …  (4, 13), (5, 2), (5, 7), (5, 9), (6, 11), (1, 1), (1, 6), (1, 3), (2, 1), (2, 15)]
And data, a 71-element Vector{Float64}:
 0.0
 0.5890368314103438
 0.0
 2.870725876870747
 4.459710557821025
 0.4109631322876566
 0.0
 0.0
 0.15859446579135586
 0.12927412393720206
 0.0
 3.0
 0.0
 0.0
 3.0
 0.0
 0.0
 0.0
 6.703439708908921
 0.0
 0.0
 3.6338776304159936e-8
 3.0
 0.877871457902597
 2.1221285426255507
 0.0
 1.2965602925405926
 0.0
 2.2850936463010947
 0.0
 1.6893865108539678
 0.0
 0.0
 0.0
 0.0
 0.0
 0.0
 0.0
 2.285231785448932
 0.0
 0.0
 0.0
 2.959578922631767
 0.0
 0.0
 2.122128542385153
 0.0
 3.0
 0.0
 0.0
 0.0
 0.0
 0.0
 0.0
 1.3634919667015653
 0.0
 0.0
 0.0
 0.0
 0.0
 0.0
 0.0
 0.0
 0.0
 0.0
 0.0
 0.0
 2.7192769917009616
 3.540289442887878
 0.0
 5.714906356894859
x_lj_opt: 1-dimensional DenseAxisArray{Float64,1,...} with index sets:
    Dimension 1, [(15, 30), (15, 29), (15, 23), (15, 3), (14, 28), (14, 27), (14, 10), (14, 24), (13, 26), (13, 25)  …  (3, 6), (3, 5), (3, 29), (2, 4), (2, 3), (2, 1), (2, 5), (1, 2), (1, 1), (1, 14)]
And data, a 53-element Vector{Float64}:
 2.0
 2.7149063566248857
 0.0
 0.9999999999983156
 0.0
 1.0
 0.0
 0.0
 1.2980447797311934
 0.6832485349779777
 1.018706685421279
 1.714906355399141
 1.0
 0.2850936447346036
 2.0
 0.0
 0.0
 0.0
 0.28509364538803894
 0.0
 0.0
 2.0
 0.9999999999485633
 0.0
 0.0
 0.0
 4.7002109287778655
 3.2997890717132647
 0.0
 0.0
 2.0
 0.9891755831379059
 0.010824416895381604
 2.0
 6.0
 0.0
 1.9595789224285742
 0.9999999999943364
 0.0
 0.0
 1.0462055751118302
 0.3172863915422151
 0.0
 0.0
 5.000000000561759
 2.999999999728797
 1.9999999999843188
 0.0
 0.0
 1.0000000003227671
 0.9629951068686085
 3.0116231891889096
 0.0
q_opt: 1-dimensional DenseAxisArray{Float64,1,...} with index sets:
    Dimension 1, [(43, 15), (43, 14), (44, 15), (44, 13), (44, 3), (40, 14), (40, 2), (41, 14), (42, 6), (37, 13)  …  (4, 13), (5, 2), (5, 7), (5, 9), (6, 11), (1, 1), (1, 6), (1, 3), (2, 1), (2, 15)]
And data, a 71-element Vector{Float64}:
 0.0
 0.5890368315027081
 0.0
 0.956908625593228
 0.5574638197081365
 0.4109631322514027
 0.0
 0.0
 0.019824308215286652
 0.0430913746551157
 0.0
 1.0
 0.0
 0.0
 0.37500000009036455
 0.0
 0.0
 0.0
 0.8379299635645103
 0.0
 0.0
 3.633861940044704e-8
 1.0
 0.2926238192897195
 0.2652660678120627
 0.0
 0.162070036553269
 0.0
 1.0
 0.13757396556839604
 0.4250437111225844
 0.0
 0.1535833319174715
 0.0
 0.0
 0.0
 0.0
 0.0
 0.5749562889381677
 0.0
 0.0
 0.0
 1.0
 0.0
 0.0
 0.7073761807638275
 0.0
 1.0
 0.0
 0.0
 0.0
 0.0
 0.0
 0.0
 1.0
 0.0
 0.0
 0.0
 0.0
 0.0
 0.0
 0.0
 0.0
 0.0
 0.7088427025141324
 0.0
 0.0
 0.33990962394367996
 0.4425361803456609
 0.0
 1.0

