objective value: -625.520517318
objective bound: -625.583075619
termination status: OPTIMAL
BARON solution time: 745.05


w_opt: 1-dimensional DenseAxisArray{Float64,1,...} with index sets:
    Dimension 1, [(25, 1, 2), (25, 1, 1), (25, 1, 14), (20, 1, 2), (20, 1, 1), (20, 1, 14), (1, 1, 2), (1, 1, 1), (1, 1, 14), (2, 1, 2)  …  (20, 15, 23), (20, 15, 3), (8, 15, 30), (8, 15, 29), (8, 15, 23), (8, 15, 3), (2, 15, 30), (2, 15, 29), (2, 15, 23), (2, 15, 3)]
And data, a 261-element Vector{Float64}:
 1.0918052811704029
 1.35872614729109
 0.0
 0.9081947191277789
 1.1302270954284221
 0.0
 0.0
 0.0
 0.0
 0.0
 0.0
 0.0
 0.0
 0.0
 0.0
 0.0
 2.0
 0.0
 0.0
 1.0000000003026364
 0.0
 0.0
 0.0
 0.0
 0.0
 0.0
 0.0
 0.0
 0.0
 1.297495651292335
 0.6068584496562623
 0.0
 0.0
 0.0
 0.0
 3.7025043496082897
 1.7317175955223632
 0.0
 0.0
 0.0
 0.0
 0.0
 0.0
 0.4354267883572331
 1.1285189126037076
 0.0
 0.0
 0.0
 0.0
 0.6770306983576918
 1.7546966974473681
 0.0
 0.0
 0.0
 0.0
 0.0
 0.0
 0.0
 0.0
 2.0
 1.0
 0.0
 0.0
 0.0
 0.0
 0.0
 0.0
 0.0
 0.0
 0.0
 0.0
 0.0
 0.0
 0.0
 0.38197670738617656
 1.145930122140716
 0.0
 0.47530919735747174
 1.4259275920638992
 0.0
 0.0
 0.0
 0.0
 0.0
 0.0
 0.0
 0.0
 0.0
 0.0
 0.0
 0.0
 0.0
 1.1427140955479755
 3.4281422867088303
 0.0
 0.0
 0.0
 0.0
 0.0
 0.0
 0.0
 2.0
 0.918039058407971
 0.08196094151848043
 0.0
 0.0
 0.0
 0.0
 0.0
 0.0
 0.0
 0.0
 0.0
 0.0
 0.0
 0.0
 0.0
 0.0
 4.154870781760104
 1.384956927206246
 0.0
 0.0
 0.0
 1.845129219371099
 0.615043073115073
 0.0
 0.0
 0.0
 0.0
 0.0
 0.0
 0.0
 0.0
 0.0
 0.0
 0.0
 0.0
 0.0
 0.0
 0.0
 0.0
 0.0
 0.0
 0.0
 0.0
 0.0
 0.0
 0.46750762941305374
 0.0
 0.0
 0.0
 0.16391567952113872
 0.0
 0.7325088074234787
 0.3662544036773464
 0.0
 0.0
 1.267491192850156
 0.633745596359455
 0.0
 0.0
 0.0
 0.0
 0.0
 0.0
 0.0
 0.0
 0.0
 0.0
 0.0
 0.0
 0.0
 0.0
 1.5088706864510857
 0.0
 0.0
 0.0
 0.37434492282134657
 0.0
 0.0
 0.0
 0.0
 0.0
 0.0
 0.0
 0.0
 0.0
 0.0
 0.0
 0.0
 0.0
 0.0
 0.0
 0.0
 1.6256550781764902
 0.9999421988452168
 0.3744027232872445
 0.0
 0.0
 0.0
 0.0
 0.0
 0.0
 0.0
 0.0
 0.0
 1.3646733998291718
 0.6823366996502146
 0.0
 0.635326600593552
 0.31766330017354605
 0.0
 0.0
 0.0
 0.0
 0.0
 0.0
 0.0
 0.0
 0.0
 0.0
 0.0
 0.0
 0.0
 0.0
 0.3570658882131149
 0.5164263993832557
 0.0
 0.0
 0.0
 0.0
 0.0
 0.0
 0.0
 0.0
 0.0
 0.0
 0.0
 0.0
 0.0
 0.0
 0.0
 0.0
 0.0
 0.0
 0.0
 0.0
 0.0
 0.0
 0.0
 0.0
 0.0
 0.0
 0.0
 0.0
 0.0
 0.0
 1.2835609532020593
 3.2870212330490682
 0.0
 1.0
x_ij_opt: 1-dimensional DenseAxisArray{Float64,1,...} with index sets:
    Dimension 1, [(43, 30), (43, 22), (43, 6), (44, 22), (45, 30), (45, 29), (45, 28), (45, 24), (45, 23), (40, 29)  …  (5, 7), (5, 14), (6, 4), (6, 3), (1, 14), (1, 10), (1, 23), (1, 1), (3, 2), (3, 1)]
And data, a 116-element Vector{Float64}:
 0.0
 0.4911293142763819
 1.4822370451239706
 0.0
 0.7164390472025056
 0.0
 1.6429341122073546
 0.0
 0.0
 0.0
 0.0
 0.0
 0.0
 0.0
 0.0
 0.0
 0.0
 0.0
 0.2955277444222084
 0.0
 0.0
 0.0
 0.0
 0.0
 0.0
 0.0
 0.0
 2.0
 0.0
 0.0
 0.0
 0.0
 0.0
 0.0
 0.0
 0.0
 0.0
 0.0
 0.0
 0.0
 0.0
 0.0
 0.0
 0.5177629556741478
 0.0
 0.0
 0.0
 0.0
 0.0
 0.0
 0.0
 0.0
 0.0
 0.0
 0.0
 1.1167843908685973
 0.0
 0.0
 0.08196094224597318
 1.3685766914826891
 0.0
 0.0
 0.0
 0.0
 6.0
 0.0
 0.0
 0.0
 0.0
 0.7044722559575344
 0.0
 0.0
 0.0
 0.0
 0.0
 0.0
 0.48357360092778184
 0.887542513622613
 0.0
 0.0
 0.0
 0.0
 0.0
 0.0
 0.0
 0.0
 0.0
 0.0
 0.0
 0.0
 0.0
 0.0
 0.0
 0.0
 0.0
 0.0
 0.0
 0.0
 0.0
 0.0
 0.0
 0.0
 0.0
 0.0
 0.0
 0.0
 0.0
 0.0
 0.0
 0.0
 0.0
 0.0
 5.7801744057721256e-5
 3.4290858169620795
 0.0
 0.0
x_il_opt: 1-dimensional DenseAxisArray{Float64,1,...} with index sets:
    Dimension 1, [(43, 15), (43, 14), (44, 15), (44, 13), (44, 3), (40, 14), (40, 2), (41, 14), (42, 6), (37, 13)  …  (4, 13), (5, 2), (5, 7), (5, 9), (6, 11), (1, 1), (1, 6), (1, 3), (2, 1), (2, 15)]
And data, a 71-element Vector{Float64}:
 0.0
 0.0
 0.0
 2.0470100996655507
 1.9043541009485974
 0.8734922875963707
 0.0
 0.0
 0.0
 0.9529899008515257
 0.0
 3.0
 0.0
 0.0
 1.5279068295268927
 0.0
 0.0
 0.0
 5.5398277089663495
 0.0
 1.5639457009609408
 0.0
 3.0
 1.0987632111008252
 1.9012367894213709
 0.0
 2.460172292486172
 0.0
 1.8832156101808262
 0.46750762941305374
 2.4505314284614927
 0.0
 0.0
 0.0
 0.0
 0.0
 0.0
 0.0
 2.038421814556201
 0.0
 0.0
 0.0
 3.0
 0.0
 0.0
 1.901236789209611
 0.0
 3.0
 0.0
 0.0
 0.0
 0.0
 0.0
 0.0
 2.43172739580506
 0.0
 0.0
 5.434221945130653
 0.0
 0.0
 0.0
 0.0
 0.0
 0.0
 0.16391567952113872
 0.0
 0.0
 4.570856382256806
 0.0
 0.0
 5.570582186251127
x_lj_opt: 1-dimensional DenseAxisArray{Float64,1,...} with index sets:
    Dimension 1, [(15, 30), (15, 29), (15, 23), (15, 3), (14, 28), (14, 27), (14, 10), (14, 24), (13, 26), (13, 25)  …  (3, 6), (3, 5), (3, 29), (2, 4), (2, 3), (2, 1), (2, 5), (1, 2), (1, 1), (1, 14)]
And data, a 53-element Vector{Float64}:
 1.283560953095726
 3.2870212327645527
 0.0
 1.0
 0.35706588818676227
 0.5164263993476682
 0.0
 0.0
 2.0
 0.9999999997096545
 0.0
 1.6256550780150005
 0.9999421987487538
 0.37440272325506735
 1.5088706863004209
 0.0
 0.0
 0.0
 0.374344922776849
 0.0
 0.0
 2.0
 1.0
 0.6314233089099531
 0.0
 0.0
 6.0
 2.0000000001563927
 0.0
 0.0
 2.0
 0.918039058403986
 0.08196094152393697
 2.0
 6.0
 0.0
 2.0
 1.0
 0.0
 0.0
 1.11245748666646
 2.883215609930433
 0.0
 0.0
 5.000000000659577
 2.338576045072396
 2.0
 0.0
 0.0
 1.0000000002303258
 2.0
 2.488953242589877
 0.0
q_opt: 1-dimensional DenseAxisArray{Float64,1,...} with index sets:
    Dimension 1, [(43, 15), (43, 14), (44, 15), (44, 13), (44, 3), (40, 14), (40, 2), (41, 14), (42, 6), (37, 13)  …  (4, 13), (5, 2), (5, 7), (5, 9), (6, 11), (1, 1), (1, 6), (1, 3), (2, 1), (2, 15)]
And data, a 71-element Vector{Float64}:
 0.0
 0.0
 0.0
 0.682336699855169
 0.2594991302241722
 1.0
 0.0
 0.0
 0.0
 0.3176633002682303
 0.0
 1.0
 0.0
 0.0
 0.1909883536756825
 0.0
 0.0
 0.0
 0.6924784635685204
 0.0
 0.39140982336422825
 0.0
 1.0
 0.36625440367470413
 0.23765459866028102
 0.0
 0.30752153653354564
 0.0
 1.0
 0.7404028689077187
 0.5459026405320867
 0.0
 0.0
 0.0
 0.0
 0.0
 0.0
 0.0
 0.45409735951969465
 0.0
 0.0
 0.0
 1.0
 0.0
 0.0
 0.6337455963675406
 0.0
 1.0
 0.0
 0.0
 0.0
 0.0
 0.0
 0.0
 0.6085901766777181
 0.0
 0.0
 0.7405008698239115
 0.0
 0.0
 0.0
 0.0
 0.0
 0.0
 0.25959713112775645
 0.0
 0.0
 0.5713570477497648
 0.0
 0.0
 1.0

