objective value: -627.181916634
objective bound: -627.244641095
termination status: OPTIMAL
BARON solution time: 305.65


w_opt: 1-dimensional DenseAxisArray{Float64,1,...} with index sets:
    Dimension 1, [(25, 1, 2), (25, 1, 1), (25, 1, 14), (20, 1, 2), (20, 1, 1), (20, 1, 14), (1, 1, 2), (1, 1, 1), (1, 1, 14), (2, 1, 2)  …  (20, 15, 23), (20, 15, 3), (8, 15, 30), (8, 15, 29), (8, 15, 23), (8, 15, 3), (2, 15, 30), (2, 15, 29), (2, 15, 23), (2, 15, 3)]
And data, a 261-element Vector{Float64}:
 1.1475907178118765
 1.8524092819486566
 0.0
 0.8524092824262913
 1.375935551131632
 0.0
 0.0
 0.0
 0.0
 0.0
 0.0
 0.0
 0.0
 0.0
 0.0
 0.0
 1.950529160486609
 0.0
 0.0
 1.0494708399630335
 0.0
 0.0
 0.0
 0.0
 0.0
 0.0
 0.0
 0.0
 0.14739010832883603
 2.90232290096723
 1.6404084813491873
 0.0
 0.0
 0.0
 0.0
 0.0
 0.0
 0.0
 0.0
 0.0
 0.10401507787894072
 2.0482062602205096
 1.1576571716739648
 0.13784068560109553
 0.402870377827832
 0.006400077790330437
 0.0
 0.0
 0.0
 0.9276298810405056
 2.711206774902921
 0.04307076226087611
 0.0
 0.0
 0.0
 0.0
 0.0
 0.0
 0.0
 2.0
 1.0
 0.0
 0.0
 0.0
 0.0
 0.0
 0.0
 0.0
 0.0
 0.0
 0.0
 0.11300687837608539
 0.3390206351947422
 0.0
 0.7499999999802907
 2.2500000003449174
 0.0
 0.5437513684181771
 1.6312541055363265
 0.0
 0.0
 0.0
 0.0
 0.0
 0.0
 0.0
 0.0
 0.0
 0.0
 0.0
 0.0
 0.0
 0.5932417531699049
 1.7797252598207658
 0.0
 0.0
 0.0
 0.0
 0.0
 0.0
 0.0
 1.2214717877099466
 0.8772054250267713
 0.901322787177918
 0.0
 0.0
 0.0
 0.0
 0.0
 0.0
 0.0
 0.0
 0.0
 0.0
 0.0
 0.0
 0.0
 0.0
 5.505961278873676
 1.7226367298105396
 0.0
 0.11268369604351278
 0.0
 0.49403872218791317
 0.15456869485154862
 0.0
 0.010110879168037183
 0.0
 0.0
 0.0
 0.0
 0.0
 0.0
 0.0
 0.0
 0.0
 0.0
 0.0
 0.0
 0.0
 0.0
 0.0
 0.0
 0.0
 0.0
 0.0
 0.0
 0.0
 0.0
 0.0
 0.0
 0.0
 0.0
 0.5499963510687537
 0.27499817548903466
 0.0
 0.0
 1.4500036491925627
 0.7250018244767513
 0.0
 0.0
 0.0
 0.0
 0.0
 0.0
 0.0
 0.0
 0.0
 0.0
 0.0
 0.0
 0.0
 0.0
 1.5527026692113937
 0.0
 0.0
 0.0
 0.4385799070805028
 0.0
 0.0
 0.0
 0.0
 0.0
 0.0
 0.0
 0.0
 0.0
 0.0
 0.0
 0.0
 0.0
 0.0
 0.0
 0.0
 1.561420093901989
 0.9756830291379731
 0.4628968772576646
 0.0
 0.0
 0.0
 0.0
 0.0
 0.0
 0.0
 0.0
 0.0
 1.475237883954688
 0.7376189416106832
 0.0
 0.5247621164345135
 0.26238105808691053
 0.0
 0.0
 0.0
 0.0
 0.0
 0.0
 0.0
 0.0
 0.0
 0.0
 0.0
 0.0
 0.0
 0.0
 0.337508171576621
 0.6569800513822853
 0.0
 0.0
 0.0
 0.0
 0.0
 0.0
 0.0
 0.0
 0.0
 0.0
 0.0
 0.0
 0.0
 0.0
 0.0
 0.0
 0.0
 0.0
 0.0
 0.0
 0.0
 0.0
 0.0
 0.0
 0.0
 0.0
 0.0
 0.0
 0.0
 0.0
 1.7810310770352669
 2.73903747116259
 0.0
 1.0
x_ij_opt: 1-dimensional DenseAxisArray{Float64,1,...} with index sets:
    Dimension 1, [(43, 30), (43, 22), (43, 6), (44, 22), (45, 30), (45, 29), (45, 28), (45, 24), (45, 23), (40, 29)  …  (5, 7), (5, 14), (6, 4), (6, 3), (1, 14), (1, 10), (1, 23), (1, 1), (3, 2), (3, 1)]
And data, a 116-element Vector{Float64}:
 0.0
 0.44729733149872664
 1.0898765180669014
 0.0
 0.21896892339515775
 0.0
 1.6624918288071833
 0.0
 0.0
 0.0
 0.0
 0.0
 0.0
 0.0
 0.0
 0.0
 0.0
 0.0
 0.2283448332976925
 0.0
 0.0
 0.0
 0.0
 0.0
 0.0
 0.0
 0.0
 2.0
 0.0
 0.0
 0.0
 0.0
 0.0
 0.0
 0.0
 0.0
 0.0
 0.0
 0.0
 0.0
 0.0
 0.0
 0.0
 0.6587182965010947
 0.0
 0.0
 0.0
 0.0
 0.0
 0.0
 0.0
 0.0
 0.0
 0.0
 0.0
 1.0087174238401186
 0.0
 0.0
 0.0
 2.0
 0.0
 0.0
 0.0
 0.0
 6.0
 0.0
 0.0
 0.0
 0.0
 0.7716551670772258
 0.0
 0.0
 0.0
 0.0
 0.0
 0.0
 0.3430199488783026
 0.9345294336894483
 0.0
 0.0
 0.0
 0.0
 0.0
 0.0
 0.0
 0.0
 0.0
 0.0
 0.0
 0.0
 0.0
 0.0
 0.0
 0.0
 0.0
 0.0
 0.0
 0.0
 0.0
 0.0
 0.0
 0.0
 0.0
 0.0
 0.0
 0.77852821290157
 0.0
 0.0
 0.0
 0.0
 0.0
 0.0
 0.02431697144926045
 1.870332380852792
 0.0
 0.0
x_il_opt: 1-dimensional DenseAxisArray{Float64,1,...} with index sets:
    Dimension 1, [(43, 15), (43, 14), (44, 15), (44, 13), (44, 3), (40, 14), (40, 2), (41, 14), (42, 6), (37, 13)  …  (4, 13), (5, 2), (5, 7), (5, 9), (6, 11), (1, 1), (1, 6), (1, 3), (2, 1), (2, 15)]
And data, a 71-element Vector{Float64}:
 0.0
 0.0
 0.0
 2.212856825806926
 4.690121490645254
 0.9944882227623167
 0.0
 0.0
 0.4520275135630952
 0.7871431746073995
 0.0
 3.0
 0.0
 0.0
 3.0
 0.0
 0.0
 0.0
 7.341281704543283
 0.0
 0.547111141219258
 0.0
 3.0
 0.8249945265577883
 2.1750054739306885
 0.0
 0.6587182961886326
 0.0
 1.9912825769447784
 0.0
 2.9999999997020734
 0.0
 0.0
 0.0
 0.0
 0.0
 0.0
 0.0
 2.2283448335140172
 0.0
 0.0
 0.0
 3.0
 0.0
 0.0
 2.175005473669314
 0.0
 2.9999999999146363
 0.0
 0.0
 0.0
 0.0
 0.0
 0.0
 3.6819074182043026
 0.0
 0.0
 0.0
 0.0
 0.0
 0.0
 0.0
 0.0
 0.0
 0.0
 0.0
 0.0
 2.3729670129627407
 3.3098785097734154
 0.0
 5.520068548197494
x_lj_opt: 1-dimensional DenseAxisArray{Float64,1,...} with index sets:
    Dimension 1, [(15, 30), (15, 29), (15, 23), (15, 3), (14, 28), (14, 27), (14, 10), (14, 24), (13, 26), (13, 25)  …  (3, 6), (3, 5), (3, 29), (2, 4), (2, 3), (2, 1), (2, 5), (1, 2), (1, 1), (1, 14)]
And data, a 53-element Vector{Float64}:
 1.7810310769033404
 2.7390374709577987
 0.0
 1.0
 0.3375081715864811
 0.6569800514025226
 0.0
 0.0
 2.0
 0.9999999996003991
 0.0
 1.561420093748862
 0.9756830290422835
 0.462896877212259
 1.5527026690835555
 0.0
 0.0
 0.0
 0.43857990704278693
 0.0
 0.0
 2.0
 0.9999999999334579
 0.0
 0.0
 0.0
 6.0
 1.8772054245183198
 0.0
 0.12279457520588073
 1.2214717877840215
 0.877205425079972
 0.9013227872325811
 1.9999999998444977
 6.0
 0.0
 2.0
 0.9999999999997887
 0.0
 0.0
 1.0654705666023905
 3.114077152615589
 0.04947084004965627
 0.25140518619862134
 4.950529161006243
 2.7980656529206747
 1.9505291603395616
 0.0
 0.0
 1.0494708398821029
 2.0
 3.2283448329535807
 0.0
q_opt: 1-dimensional DenseAxisArray{Float64,1,...} with index sets:
    Dimension 1, [(43, 15), (43, 14), (44, 15), (44, 13), (44, 3), (40, 14), (40, 2), (41, 14), (42, 6), (37, 13)  …  (4, 13), (5, 2), (5, 7), (5, 9), (6, 11), (1, 1), (1, 6), (1, 3), (2, 1), (2, 15)]
And data, a 71-element Vector{Float64}:
 0.0
 0.0
 0.0
 0.737618941905336
 0.5862651863214812
 0.9999999999675746
 0.0
 0.0
 0.05650343919366171
 0.26238105819166585
 0.0
 1.0
 0.0
 0.0
 0.3750000000225761
 0.0
 0.0
 0.0
 0.9176602130555357
 0.0
 0.1293707117980272
 0.0
 1.0
 0.27499817550734085
 0.27187568422959973
 0.0
 0.0823397870231448
 0.0
 1.0
 0.22772778078320396
 0.5737953588601409
 0.0
 0.14301784816005864
 0.0
 0.0
 0.0
 0.0
 0.0
 0.426204641179247
 0.0
 0.0
 0.0
 1.0
 0.0
 0.0
 0.725001824524997
 0.0
 0.9999999999393603
 0.0
 0.0
 0.0
 0.0
 0.0
 0.0
 0.8706292882389677
 0.0
 0.0
 0.0
 0.0
 0.0
 0.0
 0.0
 0.0
 0.0
 0.6292543710567373
 0.0
 0.0
 0.2966208766083042
 0.41373481371516646
 0.0
 1.0

