objective value: -619.846839093
objective bound: -640.078645102
termination status: TIME_LIMIT
BARON solution time: 7228.28


w_opt: 1-dimensional DenseAxisArray{Float64,1,...} with index sets:
    Dimension 1, [(25, 1, 2), (25, 1, 1), (25, 1, 14), (20, 1, 2), (20, 1, 1), (20, 1, 14), (1, 1, 2), (1, 1, 1), (1, 1, 14), (2, 1, 2)  …  (20, 15, 23), (20, 15, 3), (8, 15, 30), (8, 15, 29), (8, 15, 23), (8, 15, 3), (2, 15, 30), (2, 15, 29), (2, 15, 23), (2, 15, 3)]
And data, a 261-element Vector{Float64}:
 1.1422618347793507
 1.8577381653420493
 0.0
 0.8577381654165266
 1.3949979569023758
 0.0
 0.0
 0.0
 0.0
 0.0
 0.0
 0.0
 0.0
 0.0
 0.0
 0.0
 2.0
 0.0
 0.0
 0.9999999999725505
 0.0
 0.0
 0.0
 0.0
 0.0
 0.0
 0.0
 0.0
 0.0
 2.7657127442191745
 1.2886604697245863
 0.0
 0.0
 0.0
 0.0
 0.29852909610173334
 0.1390971083360625
 0.0
 0.0
 0.0
 0.0
 1.935758160795992
 0.9019501486474463
 0.2999165199706299
 0.7922577799292247
 0.0
 0.0
 0.0
 0.0
 0.824017726440683
 2.1767205575609947
 0.0
 0.0
 0.0
 0.0
 0.0
 0.0
 0.0
 0.0
 1.8852489265495922
 1.0
 0.0
 0.0
 0.0
 0.0
 0.0
 0.0
 0.0
 0.0
 0.0
 0.0
 0.0
 0.0
 0.0
 0.6824804339488824
 2.0474413017145285
 0.0
 0.5002682270579848
 1.5008046810994018
 0.0
 0.0
 0.0
 0.0
 0.0
 0.0
 0.0
 0.0
 0.0
 0.0
 0.0
 0.0
 0.0
 0.8172513392439029
 2.451754017556949
 0.0
 0.0
 0.0
 0.0
 0.0
 0.0
 0.0
 1.1620957745688631
 0.8856832546168069
 0.8527638741540542
 0.03984725487808115
 0.030369309625058957
 0.029240532658474455
 0.0
 0.0
 0.0
 0.0
 0.0
 0.0
 0.0
 0.0
 0.0
 0.0
 0.0
 3.919286391145158
 1.2515931222172743
 0.0
 0.054835674113032334
 0.0
 2.080713609874834
 0.6644594406756327
 0.0
 0.02911176214958607
 0.0
 0.0
 0.0
 0.0
 0.0
 0.0
 0.0
 0.0
 0.0
 0.0
 0.0
 0.0
 0.0
 0.0
 0.0
 0.0
 0.0
 0.0
 0.0
 0.0
 0.0
 0.0
 0.0
 0.0
 0.18929282556143773
 0.0
 0.6659513948499923
 0.3329756973686838
 0.0
 0.0
 1.3340486054399971
 0.6670243026117472
 0.0
 0.0
 0.0
 0.0
 0.0
 0.0
 0.0
 0.0
 0.0
 0.0
 0.0
 0.0
 0.0
 0.0
 1.463299064807883
 0.0
 0.0
 0.0
 0.42173183363499916
 0.0
 0.0
 0.0
 0.0
 0.0
 0.0
 0.0
 0.0
 0.0
 0.0
 0.0
 0.0
 0.0
 0.0
 0.0
 0.0
 1.5782681673368053
 0.9719731381274607
 0.4497586949255464
 0.0
 0.0
 0.0
 0.0
 0.0
 0.0
 0.0
 0.0
 0.0
 1.4775729804246451
 0.7387864897106846
 0.0
 0.52242702007604
 0.2612135098472582
 0.0
 0.0
 0.0
 0.0
 0.0
 0.0
 0.0
 0.0
 0.0
 0.0
 0.0
 0.0
 0.0
 0.0
 0.5361273504691292
 0.5805049599706389
 0.0
 0.0
 0.0
 0.0
 0.0
 0.0
 0.0
 0.0
 0.0
 0.0
 0.0
 0.0
 0.0
 0.0
 0.0
 0.0
 0.0
 0.0
 0.0
 0.0
 0.0
 0.0
 0.0
 0.0
 0.0
 0.0
 0.0
 0.0
 0.0
 0.0
 1.3907780267629775
 3.2205335798864483
 0.0
 1.0
x_ij_opt: 1-dimensional DenseAxisArray{Float64,1,...} with index sets:
    Dimension 1, [(43, 30), (43, 22), (43, 6), (44, 22), (45, 30), (45, 29), (45, 28), (45, 24), (45, 23), (40, 29)  …  (5, 7), (5, 14), (6, 4), (6, 3), (1, 14), (1, 10), (1, 23), (1, 1), (3, 2), (3, 1)]
And data, a 116-element Vector{Float64}:
 0.0
 0.5367009359013029
 1.5188057055154274
 0.0
 0.6092219736713091
 0.0
 1.4638726498117804
 0.0
 0.0
 0.0
 0.0
 0.0
 0.0
 0.0
 0.0
 0.0
 0.0
 0.0
 0.2527361217896805
 0.0
 0.0
 0.0
 0.0
 0.0
 0.0
 0.0
 0.0
 2.0
 0.0
 0.0
 0.0
 0.0
 0.0
 0.0
 0.0
 0.0
 0.0
 0.0
 0.0
 0.0
 0.0
 0.0
 0.0
 0.4811942951901656
 0.0
 0.0
 0.0
 0.0
 0.0
 0.0
 0.0
 0.0
 0.0
 0.0
 0.0
 1.1149691006330604
 0.0
 0.0
 0.0
 1.8107071746105503
 0.0
 0.0
 0.0
 0.0
 6.0
 0.0
 0.0
 0.0
 0.0
 0.7472638785450223
 0.0
 0.0
 0.0
 0.0
 0.0
 0.0
 0.41949504016492944
 0.8760657539016949
 0.0
 0.0
 0.0
 0.0
 0.0
 0.0
 0.0
 0.0
 0.0
 0.11475107429470469
 0.0
 0.0
 0.0
 0.0
 0.0
 0.0
 0.0
 0.0
 0.0
 0.0
 0.0
 0.0
 0.0
 0.0
 0.0
 0.0
 0.0
 0.7980569713671329
 0.0
 0.0
 0.0
 0.0
 0.0
 0.0
 0.028026862442773064
 1.8652594722538263
 0.0
 0.0
x_il_opt: 1-dimensional DenseAxisArray{Float64,1,...} with index sets:
    Dimension 1, [(43, 15), (43, 14), (44, 15), (44, 13), (44, 3), (40, 14), (40, 2), (41, 14), (42, 6), (37, 13)  …  (4, 13), (5, 2), (5, 7), (5, 9), (6, 11), (1, 1), (1, 6), (1, 3), (2, 1), (2, 15)]
And data, a 71-element Vector{Float64}:
 0.0
 0.0
 0.0
 2.216359470523009
 4.054373214011649
 1.1166323106420495
 0.0
 0.0
 0.0
 0.7836405301250003
 0.0
 3.0
 0.0
 0.0
 2.7299217357572645
 0.0
 0.0
 0.0
 5.225715187769893
 0.0
 1.0921742999425943
 0.0
 3.0
 0.9989270922186761
 2.001072908259727
 0.0
 2.774284813020627
 0.0
 1.8850309002241272
 0.0
 3.0
 0.0
 0.0
 0.0
 0.0
 0.0
 0.0
 0.0
 2.252736122344258
 0.0
 0.0
 0.0
 2.885248926759878
 0.0
 0.0
 2.001072908051744
 0.0
 2.9005429033397245
 0.0
 0.0
 0.0
 0.0
 0.0
 0.0
 3.00073828400267
 0.0
 0.0
 0.4376262044896828
 0.0
 0.0
 0.0
 0.0
 0.0
 0.09945709716161456
 0.1892928255730882
 0.0
 0.0
 3.269005356888459
 2.8377083095059437
 0.0
 5.611311606752084
x_lj_opt: 1-dimensional DenseAxisArray{Float64,1,...} with index sets:
    Dimension 1, [(15, 30), (15, 29), (15, 23), (15, 3), (14, 28), (14, 27), (14, 10), (14, 24), (13, 26), (13, 25)  …  (3, 6), (3, 5), (3, 29), (2, 4), (2, 3), (2, 1), (2, 5), (1, 2), (1, 1), (1, 14)]
And data, a 53-element Vector{Float64}:
 1.3907780266247678
 3.2205335795664056
 0.0
 0.999999999996981
 0.5361273505743749
 0.5805049600845963
 0.0
 0.0
 2.0
 0.9999999994465499
 0.0
 1.5782681671898673
 0.9719731380451379
 0.4497586948988427
 1.4632990646635267
 0.0
 0.0
 0.0
 0.4217318335933948
 0.0
 0.0
 2.0
 0.9999999999404937
 0.1892928257722141
 0.0
 0.0
 6.0
 1.9160525628448075
 0.0
 0.08394743644671988
 1.201943029299972
 0.9160525641314983
 0.8820044067065812
 2.0
 5.999999999913117
 0.0
 1.8852489263730265
 0.99999999999845
 0.0
 0.0
 1.123934246377019
 2.968978337399629
 0.0
 0.0
 5.000000000920562
 2.32970772661641
 2.0
 0.0
 0.0
 0.9999999999563485
 2.0
 3.252736122054126
 0.0
q_opt: 1-dimensional DenseAxisArray{Float64,1,...} with index sets:
    Dimension 1, [(43, 15), (43, 14), (44, 15), (44, 13), (44, 3), (40, 14), (40, 2), (41, 14), (42, 6), (37, 13)  …  (4, 13), (5, 2), (5, 7), (5, 9), (6, 11), (1, 1), (1, 6), (1, 3), (2, 1), (2, 15)]
And data, a 71-element Vector{Float64}:
 0.0
 0.0
 0.0
 0.7387864901497381
 0.5531425487420021
 0.9999999998036926
 0.0
 0.0
 0.0
 0.26121351002197657
 0.0
 1.0
 0.0
 0.0
 0.3412402169575077
 0.0
 0.0
 0.0
 0.6532143984603642
 0.0
 0.2668452544598629
 0.0
 1.0
 0.33297569739455163
 0.2501341135203019
 0.0
 0.3467856016140146
 0.0
 1.0
 0.0
 0.5711309173671532
 0.0
 0.0
 0.0
 0.0
 0.0
 0.0
 0.0
 0.42886908269135116
 0.0
 0.0
 0.0
 1.0
 0.0
 0.0
 0.6670243026574931
 0.0
 0.9668476344157934
 0.0
 0.0
 0.0
 0.0
 0.0
 0.0
 0.7331547455706495
 0.0
 0.0
 0.0597058192093618
 0.0
 0.0
 0.0
 0.0
 0.0
 0.033152365699045
 0.9999999988865064
 0.0
 0.0
 0.4086256695989054
 0.38715163208792663
 0.0
 1.0

