objective value: -621.59416418
objective bound: -639.011188617
termination status: TIME_LIMIT
BARON solution time: 7226.12


w_opt: 1-dimensional DenseAxisArray{Float64,1,...} with index sets:
    Dimension 1, [(25, 1, 2), (25, 1, 1), (25, 1, 14), (20, 1, 2), (20, 1, 1), (20, 1, 14), (1, 1, 2), (1, 1, 1), (1, 1, 14), (2, 1, 2)  …  (20, 15, 23), (20, 15, 3), (8, 15, 30), (8, 15, 29), (8, 15, 23), (8, 15, 3), (2, 15, 30), (2, 15, 29), (2, 15, 23), (2, 15, 3)]
And data, a 261-element Vector{Float64}:
 0.7688871764249173
 0.8191784590402299
 0.0
 1.0917283624670246
 1.1631360036651361
 0.0
 0.0
 0.0
 0.0
 0.0
 0.0
 0.0
 0.0
 0.0
 0.0
 0.0
 1.9134207741906335
 0.0
 0.0
 1.0865792260834122
 0.0
 0.0
 0.0
 0.0
 0.0
 0.0
 0.0
 0.0
 0.0
 2.8661253344558517
 1.7021458835546486
 0.0
 0.0
 0.0
 0.0
 0.0
 0.0
 0.0
 0.0
 0.0
 0.0
 2.047295440628062
 1.2158559379074994
 0.23588215134910717
 0.6744412861118185
 0.023328005412897524
 0.0
 0.0
 0.0
 0.6395674982321138
 1.8286704763201163
 0.06325122089712583
 0.0
 0.0
 0.0
 0.0
 0.0
 0.0
 0.0
 2.0
 1.0
 0.0
 0.0
 0.0
 0.0
 0.0
 0.0
 0.0
 0.0
 0.0
 0.0
 0.0
 0.0
 0.0
 0.6510350055575599
 1.9531050165640251
 0.0
 0.5059589035303385
 1.517876710498248
 0.0
 0.0
 0.0
 0.0
 0.0
 0.0
 0.0
 0.0
 0.0
 0.0
 0.0
 0.0
 0.0
 0.8430060912257561
 2.5290182735477362
 0.0
 0.0
 0.0
 0.0
 0.0
 0.0
 0.0
 0.8910763793506484
 0.8476280763250738
 1.0108808097911701
 0.08115356821782402
 0.07719657316635015
 0.09206459362897854
 0.0
 0.0
 0.0
 0.0
 0.0
 0.0
 0.0
 0.0
 0.0
 0.0
 0.0
 4.331576680219482
 3.0994382595114316
 0.0
 0.0
 0.0
 0.33166430749197684
 0.23732075404879932
 0.0
 0.0
 0.0
 0.0
 0.0
 0.0
 0.0
 0.0
 0.0
 0.0
 0.0
 0.0
 0.0
 0.0
 0.0
 0.0
 0.0
 0.0
 0.0
 0.0
 0.0
 0.0
 0.0
 0.0
 0.0
 0.0
 0.05484105452586442
 0.0
 0.6507762576822592
 0.3253881287747682
 0.0
 0.0
 1.3492237425996707
 0.6746118711666084
 0.0
 0.0
 0.0
 0.0
 0.0
 0.0
 0.0
 0.0
 0.0
 0.0
 0.0
 0.0
 0.0
 0.0
 2.0
 0.0
 0.0
 0.0
 0.8398707747822197
 0.0
 0.0
 0.0
 0.0
 0.0
 0.0
 0.0
 0.0
 0.0
 0.0
 0.0
 0.0
 0.0
 0.0
 0.0
 0.0
 1.1601292261504432
 0.9575106304537079
 0.882360143782422
 0.0
 0.0
 0.0
 0.0
 0.0
 0.0
 0.0
 0.0
 0.0
 1.4020339599592722
 0.6033061055310303
 0.09771087432906593
 0.5979660404968443
 0.25730943288719327
 0.04167358729851325
 0.0
 0.0
 0.0
 0.0
 0.0
 0.0
 0.0
 0.0
 0.0
 0.0
 0.0
 0.0
 0.0
 0.2933959346340996
 0.5494904952461227
 0.0
 0.0
 0.0
 0.0
 0.0
 0.0
 0.0
 0.0
 0.0
 0.0
 0.0
 0.0
 0.0
 0.0
 0.0
 0.0
 0.0
 0.0
 0.0
 0.0
 0.0
 0.0
 0.0
 0.0
 0.0
 0.0
 0.0
 0.0
 0.0
 0.0
 1.9131330891494476
 2.1996380362389907
 0.0
 1.0
x_ij_opt: 1-dimensional DenseAxisArray{Float64,1,...} with index sets:
    Dimension 1, [(43, 30), (43, 22), (43, 6), (44, 22), (45, 30), (45, 29), (45, 28), (45, 24), (45, 23), (40, 29)  …  (5, 7), (5, 14), (6, 4), (6, 3), (1, 14), (1, 10), (1, 23), (1, 1), (3, 2), (3, 1)]
And data, a 116-element Vector{Float64}:
 0.0
 0.0
 1.431014938743271
 0.0
 0.08686691132336749
 0.0
 1.7066040653685914
 0.0
 0.0
 0.0
 0.0
 0.0
 0.0
 0.0
 0.0
 0.0
 0.0
 0.0
 0.2548643657511274
 0.0
 1.5924052474582115
 0.0
 0.0
 0.0
 0.0
 0.0
 0.0
 1.9999999999189504
 0.0
 0.0
 0.0
 0.0
 0.0
 0.0
 0.0
 0.0
 0.0
 0.0
 0.0
 0.0
 0.0
 0.0
 0.0
 0.5689850614505094
 0.0
 0.0
 0.0
 0.0
 0.0
 0.0
 0.0
 0.0
 0.0
 0.0
 0.0
 0.16012922527764664
 0.0
 1.3367590136920178
 0.07517535114030026
 1.9451589456579539
 0.0
 0.0
 0.0
 0.0
 6.0
 0.0
 0.0
 0.0
 0.0
 0.745135634549572
 0.0
 0.0
 0.0
 0.0
 0.0
 0.0
 0.45050950425564446
 1.124550350700746
 0.0
 0.0
 0.0
 0.0
 0.0
 0.0
 0.0
 0.0
 0.0
 0.0
 0.0
 0.0
 0.0
 0.0
 0.0
 0.0
 0.0
 0.0
 0.0
 0.13938446215948683
 0.0
 0.0
 0.0
 0.0
 0.0
 0.0
 0.0
 1.0277700531984044
 0.0
 0.0
 0.0
 0.0
 0.0
 0.0
 0.04248937010801095
 1.3223348873987266
 0.0
 0.0
x_il_opt: 1-dimensional DenseAxisArray{Float64,1,...} with index sets:
    Dimension 1, [(43, 15), (43, 14), (44, 15), (44, 13), (44, 3), (40, 14), (40, 2), (41, 14), (42, 6), (37, 13)  …  (4, 13), (5, 2), (5, 7), (5, 9), (6, 11), (1, 1), (1, 6), (1, 3), (2, 1), (2, 15)]
And data, a 71-element Vector{Float64}:
 0.0
 0.0
 0.0
 2.103050939819368
 4.568271218296377
 0.8428864298802223
 0.0
 0.0
 0.0
 0.8969490606825508
 0.0
 3.0
 0.0
 0.0
 2.604140022121585
 0.0
 0.0
 0.0
 7.431014939730913
 0.0
 0.9336514428738232
 0.0
 3.0
 0.9761643864570274
 2.0238356140285862
 0.0
 0.5689850615638918
 0.0
 2.8398707756500796
 0.0
 1.5880656354651472
 0.0
 0.0
 0.0
 0.0
 0.0
 0.0
 0.0
 2.2548643661321606
 0.0
 0.0
 0.0
 3.0
 0.0
 0.0
 2.023835613766279
 0.0
 2.749585265466892
 0.0
 0.0
 0.0
 0.0
 0.0
 0.0
 2.531489195449356
 0.0
 0.0
 0.0
 0.0
 0.0
 0.0
 0.0
 0.0
 0.2504147350131527
 0.05484105452586442
 0.0
 0.0
 3.3720243647734924
 3.263151378739777
 0.0
 5.112771125388438
x_lj_opt: 1-dimensional DenseAxisArray{Float64,1,...} with index sets:
    Dimension 1, [(15, 30), (15, 29), (15, 23), (15, 3), (14, 28), (14, 27), (14, 10), (14, 24), (13, 26), (13, 25)  …  (3, 6), (3, 5), (3, 29), (2, 4), (2, 3), (2, 1), (2, 5), (1, 2), (1, 1), (1, 14)]
And data, a 53-element Vector{Float64}:
 1.9131330889726372
 2.199638036037827
 0.0
 0.9999999999990251
 0.2933959350115446
 0.5494904959530269
 0.0
 0.0
 2.0
 0.8606155383174466
 0.13938446163397822
 1.1601292260461784
 0.9575106303676166
 0.8823601437034162
 1.999999999960978
 0.0
 0.0
 0.0
 0.8398707747087166
 0.0
 0.0
 2.0
 0.9999999999023618
 0.054841054715613936
 0.0
 0.0
 4.663240987168549
 3.3367590131705285
 0.0
 0.0
 0.9722299474498619
 0.9248246493786935
 1.1029454032860437
 2.0
 6.0
 0.0
 2.0
 1.0
 0.0
 0.0
 0.875449649565195
 2.503111762386115
 0.08657922630843627
 0.0
 4.913420774857154
 2.918001821327459
 1.9134207740517908
 0.0
 0.0
 1.086579226004473
 1.8606155388161785
 1.9823144626246358
 0.0
q_opt: 1-dimensional DenseAxisArray{Float64,1,...} with index sets:
    Dimension 1, [(43, 15), (43, 14), (44, 15), (44, 13), (44, 3), (40, 14), (40, 2), (41, 14), (42, 6), (37, 13)  …  (4, 13), (5, 2), (5, 7), (5, 9), (6, 11), (1, 1), (1, 6), (1, 3), (2, 1), (2, 15)]
And data, a 71-element Vector{Float64}:
 0.0
 0.0
 0.0
 0.7010169799174956
 0.5833258468564959
 0.9999999987135233
 0.0
 0.0
 0.0
 0.29898302022368617
 0.0
 1.0
 0.0
 0.0
 0.32551750275036856
 0.0
 0.0
 0.0
 0.9288768674276456
 0.0
 0.2694411397231819
 0.0
 1.0
 0.3253881288119562
 0.252979451740763
 0.0
 0.07112313268554782
 0.0
 1.0
 0.0
 0.41324344572229615
 0.0
 0.0
 0.0
 0.0
 0.0
 0.0
 0.0
 0.5867565543183448
 0.0
 0.0
 0.0
 1.0
 0.0
 0.0
 0.6746118712378883
 0.0
 0.9165284217929556
 0.0
 0.0
 0.0
 0.0
 0.0
 0.0
 0.7305588602951223
 0.0
 0.0
 0.0
 0.0
 0.0
 0.0
 0.0
 0.0
 0.08347157834027949
 0.999999996539981
 0.0
 0.0
 0.42150304557920304
 0.4166741531896544
 0.0
 1.0

