objective value: -638.550208532
objective bound: -638.614069939
termination status: OPTIMAL
BARON solution time: 40.83


w_opt: 1-dimensional DenseAxisArray{Float64,1,...} with index sets:
    Dimension 1, [(25, 1, 2), (25, 1, 1), (25, 1, 14), (20, 1, 2), (20, 1, 1), (20, 1, 14), (1, 1, 2), (1, 1, 1), (1, 1, 14), (2, 1, 2)  …  (20, 15, 23), (20, 15, 3), (8, 15, 30), (8, 15, 29), (8, 15, 23), (8, 15, 3), (2, 15, 30), (2, 15, 29), (2, 15, 23), (2, 15, 3)]
And data, a 261-element Vector{Float64}:
 1.6569384760943904
 0.0
 0.0
 0.3430615239056096
 0.0
 0.0
 0.0
 0.0
 0.0
 0.0
 0.0
 0.0
 0.0
 0.0
 0.0
 0.0
 2.0
 0.0
 0.0
 0.999999999500581
 0.0
 0.0
 0.0
 0.0
 0.0
 0.0
 0.0
 0.0
 0.5233358291049263
 1.4997916117155805
 0.3765391376847341
 0.0
 0.0
 0.0
 1.2213593174380195
 3.5002083887838387
 0.878765715272901
 0.0
 0.0
 0.0
 0.0
 0.0
 0.0
 0.0
 0.0
 0.0
 0.0
 0.0
 0.0
 1.2986848324062747
 1.5728464251037517
 0.0
 0.0
 0.0
 0.0
 0.0
 0.0
 0.0
 0.0
 2.0
 1.0
 0.0
 0.0
 0.0
 0.0
 0.0
 0.0
 0.0
 0.0
 0.0
 0.0
 0.27952340272940335
 0.83857020818821
 0.0
 0.75
 2.25
 0.0
 0.44333696131028666
 1.33001088393086
 0.0
 0.0
 0.0
 0.0
 0.0
 0.0
 0.0
 0.0
 0.0
 0.0
 0.0
 0.0
 0.0
 0.52713963596031
 1.581418907880929
 0.0
 0.0
 0.0
 0.0
 0.0
 0.0
 0.0
 1.9632604890268985
 0.8465211513081626
 0.19021835966493894
 0.0
 0.0
 0.0
 0.0
 0.0
 0.0
 0.0
 0.0
 0.0
 0.0
 0.0
 0.0
 0.0
 0.0
 4.667583857641077
 3.094861285544032
 0.0
 0.0
 0.0
 0.14283346714515055
 0.09472138966974075
 0.0
 0.0
 0.0
 0.0
 0.0
 0.0
 0.0
 0.0
 0.0
 0.0
 0.0
 0.0
 0.0
 0.0
 0.0
 0.0
 0.0
 0.0
 0.0
 0.0
 0.0
 0.0
 0.0
 0.0
 0.0
 0.0
 0.0
 0.0
 0.817768103172569
 0.40888405158628444
 0.0
 0.0
 1.1822318968274312
 0.5911159484137156
 0.0
 0.0
 0.0
 0.0
 0.0
 0.0
 0.0
 0.0
 0.0
 0.0
 0.0
 0.0
 0.0
 0.0
 2.0
 0.0
 0.0
 0.0
 0.7750158232768452
 0.0
 0.0
 0.0
 0.0
 0.0
 0.0
 0.0
 0.0
 0.0
 0.0
 0.0
 0.0
 0.0
 0.0
 0.0
 0.0
 1.2249841767231548
 0.9183401836768808
 0.0
 0.0
 0.0
 0.0
 0.0
 0.0
 0.0
 0.0
 0.0
 0.0
 1.543946746543775
 0.7719733732718876
 0.0
 0.45605325345622477
 0.22802662672811239
 0.0
 0.0
 0.0
 0.0
 0.0
 0.0
 0.0
 0.0
 0.0
 0.0
 0.0
 0.0
 0.0
 0.0
 0.4640168058315026
 0.5558938528100814
 0.0
 0.0
 0.0
 0.0
 0.0
 0.0
 0.0
 0.0
 0.0
 0.0
 0.0
 0.0
 0.0
 0.0
 0.0
 0.0
 0.0
 0.0
 0.0
 0.0
 0.0
 0.0
 0.0
 0.0
 0.0
 0.0
 0.0
 0.0
 0.0
 0.0
 0.9543791899321066
 4.744695147042365
 0.0
 0.7322046472904707
x_ij_opt: 1-dimensional DenseAxisArray{Float64,1,...} with index sets:
    Dimension 1, [(43, 30), (43, 22), (43, 6), (44, 22), (45, 30), (45, 29), (45, 28), (45, 24), (45, 23), (40, 29)  …  (5, 7), (5, 14), (6, 4), (6, 3), (1, 14), (1, 10), (1, 23), (1, 1), (3, 2), (3, 1)]
And data, a 116-element Vector{Float64}:
 0.0
 0.0
 0.01774999664216287
 0.0
 1.0456208100678932
 0.0
 1.535983194332347
 0.0
 0.0
 0.0
 0.0
 0.0
 0.0
 0.0
 0.0
 0.0
 0.0
 0.0
 0.22918021648744488
 0.0
 0.0
 0.0
 0.0
 0.0
 0.0
 0.0
 0.0
 2.0
 0.0
 0.0
 0.0
 0.0
 0.0
 0.0
 0.0
 0.0
 0.0
 0.0
 0.0
 0.0
 0.0
 0.0
 0.0
 0.23755485681489147
 0.0
 0.0
 0.0
 0.0
 0.0
 0.0
 0.0
 0.0
 0.0
 0.0
 0.0
 0.22498417672315485
 0.0
 1.1895826752137721
 0.1534788486918374
 2.0
 0.0
 0.0
 0.0
 0.0
 6.0
 0.0
 0.0
 0.0
 0.0
 0.7708197835125551
 0.0
 0.0
 0.0
 0.0
 0.0
 0.0
 0.4441061471899186
 0.7013151675937254
 0.0
 0.0
 0.0
 0.0
 0.0
 0.0
 0.0
 0.0
 0.0
 0.0
 0.0
 0.0
 0.0
 0.0
 1.0125867229593213
 0.0
 0.0
 0.0
 0.0
 0.0
 0.0
 0.26779535270952926
 0.0
 0.0
 0.0
 0.0
 0.0
 0.036739510973101464
 0.0
 0.0
 0.0
 0.0
 0.0
 0.0
 0.08165981632311929
 5.809781639835641
 0.0
 0.0
x_il_opt: 1-dimensional DenseAxisArray{Float64,1,...} with index sets:
    Dimension 1, [(43, 15), (43, 14), (44, 15), (44, 13), (44, 3), (40, 14), (40, 2), (41, 14), (42, 6), (37, 13)  …  (4, 13), (5, 2), (5, 7), (5, 9), (6, 11), (1, 1), (1, 6), (1, 3), (2, 1), (2, 15)]
And data, a 71-element Vector{Float64}:
 0.0
 0.0
 0.0
 2.3159201198156625
 2.399666578505241
 1.019910658641584
 0.0
 0.0
 1.1180936109176134
 0.6840798801843372
 0.0
 2.143324360400036
 0.0
 0.0
 3.0
 0.0
 0.0
 0.0
 7.762445143185109
 0.0
 0.0
 0.0
 3.0
 1.2266521547588534
 1.7733478452411466
 0.0
 0.2375548568148913
 0.0
 2.775015823276845
 0.0
 1.6569384760943904
 0.0
 0.0
 0.0
 0.0
 0.0
 0.0
 0.0
 0.3430615239056096
 0.0
 0.0
 0.0
 3.0
 0.0
 0.0
 1.7733478452411469
 0.0
 3.0
 0.0
 0.0
 0.0
 0.0
 0.0
 0.0
 2.8715312575100267
 0.0
 0.0
 5.600333421494759
 0.0
 0.0
 0.0
 0.0
 0.0
 0.0
 0.0
 0.0
 0.0
 2.108558543841239
 0.0
 0.0
 6.431278984264942
x_lj_opt: 1-dimensional DenseAxisArray{Float64,1,...} with index sets:
    Dimension 1, [(15, 30), (15, 29), (15, 23), (15, 3), (14, 28), (14, 27), (14, 10), (14, 24), (13, 26), (13, 25)  …  (3, 6), (3, 5), (3, 29), (2, 4), (2, 3), (2, 1), (2, 5), (1, 2), (1, 1), (1, 14)]
And data, a 53-element Vector{Float64}:
 0.9543791899321068
 4.744695147042365
 0.0
 0.7322046472904707
 0.4640168058315026
 0.5558938528100814
 0.0
 0.0
 2.0
 1.0
 0.0
 1.2249841767231548
 0.9183401836768808
 0.0
 2.0
 0.0
 0.0
 0.0
 0.7750158232768452
 0.0
 0.0
 2.0
 1.0
 0.0
 0.0
 0.0
 4.810417324786227
 3.1895826752137726
 0.0
 0.0
 1.9632604890268985
 0.8465211513081626
 0.19021835966493894
 2.0
 6.0
 0.0
 2.0
 1.0
 0.0
 0.0
 1.2986848324062747
 1.5728464251037517
 0.0
 1.7446951465429457
 5.000000000499419
 1.2553048529576352
 2.0
 0.0
 0.0
 0.999999999500581
 2.0
 0.0
 0.0
q_opt: 1-dimensional DenseAxisArray{Float64,1,...} with index sets:
    Dimension 1, [(43, 15), (43, 14), (44, 15), (44, 13), (44, 3), (40, 14), (40, 2), (41, 14), (42, 6), (37, 13)  …  (4, 13), (5, 2), (5, 7), (5, 9), (6, 11), (1, 1), (1, 6), (1, 3), (2, 1), (2, 15)]
And data, a 71-element Vector{Float64}:
 0.0
 0.0
 0.0
 0.7719733732718875
 0.2999583223131551
 1.0
 0.0
 0.0
 0.13976170136470167
 0.22802662672811239
 0.0
 1.0
 0.0
 0.0
 0.375
 0.0
 0.0
 0.0
 0.9703056428981386
 0.0
 0.0
 0.0
 1.0
 0.40888405158628444
 0.22166848065514333
 0.0
 0.029694357101861413
 0.0
 1.0
 0.0
 0.8284692380471952
 0.0
 0.0
 0.0
 0.0
 0.0
 0.0
 0.0
 0.1715307619528048
 0.0
 0.0
 0.0
 1.0
 0.0
 0.0
 0.5911159484137156
 0.0
 1.0
 0.0
 0.0
 0.0
 0.0
 0.0
 0.0
 1.0
 0.0
 0.0
 0.7000416776868449
 0.0
 0.0
 0.0
 0.0
 0.0
 0.0
 1.0
 0.0
 0.0
 0.263569817980155
 0.0
 0.0
 0.9999999999999998

