objective value: -623.441113946
objective bound: -630.494756632
termination status: TIME_LIMIT
BARON solution time: 7228.23


w_opt: 1-dimensional DenseAxisArray{Float64,1,...} with index sets:
    Dimension 1, [(25, 1, 2), (25, 1, 1), (25, 1, 14), (20, 1, 2), (20, 1, 1), (20, 1, 14), (1, 1, 2), (1, 1, 1), (1, 1, 14), (2, 1, 2)  …  (20, 15, 23), (20, 15, 3), (8, 15, 30), (8, 15, 29), (8, 15, 23), (8, 15, 3), (2, 15, 30), (2, 15, 29), (2, 15, 23), (2, 15, 3)]
And data, a 261-element Vector{Float64}:
 1.1708443397389108
 0.0
 0.0
 0.8291556601578817
 0.0
 0.0
 0.0
 0.0
 0.0
 0.0
 0.0
 0.0
 0.0
 0.0
 0.0
 0.0
 1.8617950308255375
 0.0
 0.0
 1.1382049695589542
 0.0
 0.0
 0.0
 0.0
 0.0
 0.0
 0.0
 0.0
 0.0
 0.7861113274822644
 0.30510760743210297
 0.0
 0.0
 0.0
 0.0
 4.075683704154437
 1.5818651381189137
 0.0
 0.0
 0.0
 0.0
 0.0
 0.0
 0.12196921357694182
 0.360966775986
 0.014997450923196534
 0.0
 0.0
 0.0
 1.0020052235479096
 2.9654253270813724
 0.12320751871893369
 0.0
 0.0
 0.0
 0.0
 0.0
 0.0
 0.0
 2.0
 1.0
 0.0
 0.0
 0.0
 0.0
 0.0
 0.0
 0.0
 0.0
 0.0
 0.0
 0.15223311375505102
 0.4566993412160031
 0.0
 0.7500000002197278
 2.250000000562679
 0.0
 0.5349178202689716
 1.6047534607271612
 0.0
 0.0
 0.0
 0.0
 0.0
 0.0
 0.0
 0.0
 0.0
 0.0
 0.0
 0.0
 0.0
 0.5628490660649591
 1.6885471981128812
 0.0
 0.0
 0.0
 0.0
 0.0
 0.0
 0.0
 1.9531118499504858
 0.6767341346134428
 0.3701540156889901
 0.0
 0.0
 0.0
 0.0
 0.0
 0.0
 0.0
 0.0
 0.0
 0.0
 0.0
 0.0
 0.0
 0.0
 5.340399438321125
 1.4924050045104136
 0.0
 0.28772814115197015
 0.0
 0.6596005627783834
 0.18432912973692014
 0.0
 0.03553772448711225
 0.0
 0.0
 0.0
 0.0
 0.0
 0.0
 0.0
 0.0
 0.0
 0.0
 0.0
 0.0
 0.0
 0.0
 0.0
 0.0
 0.0
 0.0
 0.0
 0.0
 1.1744861316514645
 0.0
 0.0
 0.0
 0.8090555708944803
 0.0
 0.5735524797130784
 0.2867762397873621
 0.0
 0.0
 1.426447520560106
 0.7132237601139761
 0.0
 0.0
 0.0
 0.0
 0.0
 0.0
 0.0
 0.0
 0.0
 0.0
 0.0
 0.0
 0.0
 0.0
 1.5280506212310496
 0.0
 0.0
 0.0
 0.4750756119949571
 0.0
 0.0
 0.0
 0.0
 0.0
 0.0
 0.0
 0.0
 0.0
 0.0
 0.0
 0.0
 0.0
 0.0
 0.0
 0.0
 1.52492438894976
 0.9281303993666046
 0.5469452120431225
 0.0
 0.0
 0.0
 0.0
 0.0
 0.0
 0.0
 0.0
 0.0
 1.5635536471043985
 0.7817768227587024
 0.0
 0.0
 0.0
 0.0
 0.0
 0.0
 0.0
 0.4364463523488776
 0.21822317594820476
 0.0
 0.0
 0.0
 0.0
 0.0
 0.0
 0.0
 0.0
 0.0
 0.30885151529652694
 0.0
 0.0
 0.0
 0.0
 0.0
 0.0
 0.0
 0.69114848368176
 0.0
 0.0
 0.0
 0.0
 0.0
 0.0
 0.0
 0.0
 0.0
 0.0
 0.0
 0.0
 0.0
 0.0
 0.0
 0.0
 0.0
 0.0
 0.0
 0.0
 0.0
 0.0
 0.42611911378038037
 3.566082043965249
 0.0
 0.8850653345806051
x_ij_opt: 1-dimensional DenseAxisArray{Float64,1,...} with index sets:
    Dimension 1, [(43, 30), (43, 22), (43, 6), (44, 22), (45, 30), (45, 29), (45, 28), (45, 24), (45, 23), (40, 29)  …  (5, 7), (5, 14), (6, 4), (6, 3), (1, 14), (1, 10), (1, 23), (1, 1), (3, 2), (3, 1)]
And data, a 116-element Vector{Float64}:
 0.0
 0.4719493793912431
 1.3173660956472342
 0.0
 1.5738808865477842
 0.0
 1.971635290065959
 0.0
 0.0
 0.0
 0.0
 0.0
 0.0
 0.0
 0.0
 0.0
 0.0
 0.0
 0.2745472414315913
 0.0
 0.0
 0.0
 0.0
 0.0
 0.0
 0.0
 0.0
 1.9999999998249067
 0.02836471004883422
 0.0
 0.0
 0.0
 0.0
 0.0
 0.0
 0.0
 0.0
 0.0
 0.0
 0.0
 0.0
 0.0
 0.0
 0.682633905022178
 0.0
 0.0
 0.0
 0.0
 0.0
 0.0
 0.0
 0.0
 0.0
 0.0
 0.0
 0.9968737637838454
 0.0
 0.0
 0.0
 0.0164582978483079
 0.0
 0.0
 0.0
 0.0
 5.99999999761243
 0.0
 0.0
 0.0
 0.0
 0.725452758844392
 0.0
 0.0
 0.0
 0.0
 0.0
 0.0
 0.0
 0.8760255631543907
 0.0
 0.0
 0.0
 0.0
 0.0
 0.0
 0.0
 0.0
 0.0
 0.0
 0.0
 0.0
 0.0
 0.0
 0.0
 0.0
 0.0
 0.0
 0.0
 0.0
 0.0
 0.11493466596317073
 0.0
 0.0
 0.0
 0.0
 0.0
 0.0
 0.0
 0.0
 0.0
 0.0
 0.04688815036863503
 0.0
 0.07186960119018919
 5.62984598527672
 0.0
 0.0
x_il_opt: 1-dimensional DenseAxisArray{Float64,1,...} with index sets:
    Dimension 1, [(43, 15), (43, 14), (44, 15), (44, 13), (44, 3), (40, 14), (40, 2), (41, 14), (42, 6), (37, 13)  …  (4, 13), (5, 2), (5, 7), (5, 9), (6, 11), (1, 1), (1, 6), (1, 3), (2, 1), (2, 15)]
And data, a 71-element Vector{Float64}:
 0.0
 0.0
 0.0
 2.3453304704364446
 1.0912189349174284
 0.30885151544835476
 0.0
 0.0
 0.6089324549785559
 0.0
 0.0
 3.0
 0.0
 0.0
 3.0
 0.0
 0.0
 0.0
 7.1205325839835085
 0.0
 0.49793344048613836
 0.6911484837641796
 3.0
 0.8603287195004405
 2.139671280996133
 0.0
 0.8794674170111343
 0.0
 2.0031262371366476
 1.1744861316514645
 1.1708443397389108
 0.654669528529067
 0.0
 0.0
 0.0
 0.0
 0.0
 0.0
 0.8291556601578817
 0.0
 0.0
 0.0
 3.0
 0.0
 0.0
 2.139671280674082
 0.0
 3.0
 0.0
 0.0
 0.0
 0.0
 0.0
 0.0
 4.090638069348215
 0.0
 0.0
 5.657548842289229
 0.0
 0.0
 0.0
 0.0
 0.0
 0.0
 0.8090555708944803
 0.0
 0.0
 2.2513962641778402
 0.0
 0.0
 4.8772664923262345
x_lj_opt: 1-dimensional DenseAxisArray{Float64,1,...} with index sets:
    Dimension 1, [(15, 30), (15, 29), (15, 23), (15, 3), (14, 28), (14, 27), (14, 10), (14, 24), (13, 26), (13, 25)  …  (3, 6), (3, 5), (3, 29), (2, 4), (2, 3), (2, 1), (2, 5), (1, 2), (1, 1), (1, 14)]
And data, a 53-element Vector{Float64}:
 0.42611911373780487
 3.566082043612762
 0.0
 0.8850653344928446
 0.0
 1.0
 0.0
 0.0
 2.0
 0.9999999990668625
 0.0
 1.524924388805453
 0.9281303992848293
 0.546945212001561
 1.5280506211427933
 0.0
 0.0
 0.0
 0.47507561196736925
 0.0
 0.0
 2.0
 0.9999999998639266
 1.9835417025189996
 0.0
 0.0
 6.0
 1.6767341340966444
 0.0
 0.3232658656077711
 1.9531118498417948
 0.6767341345879588
 0.37015401568348677
 2.0
 6.0
 0.0
 2.0
 0.9999999999472576
 0.0
 0.0
 1.1239744371096598
 3.326392103022504
 0.13820496964019027
 0.0
 4.8617950313563005
 1.8869727454421892
 1.8617950306918996
 0.0
 0.0
 1.138204969476595
 1.9999999998562208
 0.0
 0.0
q_opt: 1-dimensional DenseAxisArray{Float64,1,...} with index sets:
    Dimension 1, [(43, 15), (43, 14), (44, 15), (44, 13), (44, 3), (40, 14), (40, 2), (41, 14), (42, 6), (37, 13)  …  (4, 13), (5, 2), (5, 7), (5, 9), (6, 11), (1, 1), (1, 6), (1, 3), (2, 1), (2, 15)]
And data, a 71-element Vector{Float64}:
 0.0
 0.0
 0.0
 0.7817768234973053
 0.1616915814863059
 0.3088515152813459
 0.0
 0.0
 0.07611655686369749
 0.0
 0.0
 1.0
 0.0
 0.0
 0.3750000000802209
 0.0
 0.0
 0.0
 0.8900665729697099
 0.0
 0.10851600316691196
 0.6911484836477823
 1.0
 0.2867762398317408
 0.2674589101104613
 0.0
 0.1099334271165637
 0.0
 1.0
 0.5921156737769316
 0.5854221699115432
 0.21822317616076772
 0.0
 0.0
 0.0
 0.0
 0.0
 0.0
 0.41457783010874666
 0.0
 0.0
 0.0
 1.0
 0.0
 0.0
 0.7132237602163725
 0.0
 1.0
 0.0
 0.0
 0.0
 0.0
 0.0
 0.0
 0.8914839968465651
 0.0
 0.0
 0.8383084185713684
 0.0
 0.0
 0.0
 0.0
 0.0
 0.0
 0.40788432623686954
 0.0
 0.0
 0.28142453300770864
 0.0
 0.0
 1.0

