objective value: -619.691996344
objective bound: -619.753971716
termination status: OPTIMAL
BARON solution time: 420.95


w_opt: 1-dimensional DenseAxisArray{Float64,1,...} with index sets:
    Dimension 1, [(25, 1, 2), (25, 1, 1), (25, 1, 14), (20, 1, 2), (20, 1, 1), (20, 1, 14), (1, 1, 2), (1, 1, 1), (1, 1, 14), (2, 1, 2)  …  (20, 15, 23), (20, 15, 3), (8, 15, 30), (8, 15, 29), (8, 15, 23), (8, 15, 3), (2, 15, 30), (2, 15, 29), (2, 15, 23), (2, 15, 3)]
And data, a 261-element Vector{Float64}:
 0.7343042935746728
 0.656949653355651
 0.0
 1.163297287603867
 1.0407507575916448
 0.0
 0.0
 0.0
 0.0
 0.0
 0.0
 0.0
 0.0
 0.0
 0.0
 0.0
 0.0
 0.0
 0.0
 3.0
 0.0
 0.0
 0.0
 0.0
 0.0
 0.0
 0.0
 0.0
 0.0
 0.0
 0.0
 0.0
 0.0
 0.0
 0.0
 0.0
 0.0
 0.0
 0.0
 0.0
 0.0
 0.0
 1.1635193649477418
 0.0
 0.0
 0.0
 0.0
 0.0
 0.0
 1.2221485166044985
 1.3296127025121893
 0.29123704962177993
 0.0
 0.0
 0.0
 0.0
 0.0
 0.0
 0.0
 2.0
 1.0
 0.0
 0.0
 0.0
 0.0
 0.0
 0.0
 0.0
 0.0
 0.0
 0.0
 0.06772167254168678
 0.2031650175771551
 0.0
 0.7500000000642176
 2.250000000243513
 0.0
 0.545267224620171
 1.6358016738785366
 0.0
 0.0
 0.0
 0.0
 0.0
 0.0
 0.0
 0.0
 0.0
 0.0
 0.0
 0.0
 0.0
 0.6370111030606411
 1.9110333092145277
 0.0
 0.0
 0.0
 0.0
 0.0
 0.0
 0.0
 2.0
 0.9476035360772795
 0.05239646397724227
 0.0
 0.0
 0.0
 0.0
 0.0
 0.0
 0.0
 0.0
 0.0
 0.0
 0.0
 0.0
 0.0
 0.0
 3.576162785212667
 1.7424148291525883
 0.0
 0.0
 0.0
 1.8029638085249438
 0.8784585784009845
 0.0
 0.0
 0.0
 0.0
 0.0
 0.0
 0.0
 0.0
 0.0
 0.0
 0.0
 0.0
 0.0
 0.0
 0.0
 0.0
 0.0
 0.0
 0.0
 0.0
 0.0
 0.0
 0.13449909720259826
 0.20404804475595636
 0.0
 0.0
 0.0
 0.0
 0.5459540680479323
 0.2729770339794528
 0.0
 0.0
 1.4540459322142003
 0.7270229659831827
 0.0
 0.0
 0.0
 0.0
 0.0
 0.0
 0.0
 0.0
 0.0
 0.0
 0.0
 0.0
 0.0
 0.0
 1.501771803061651
 0.0
 0.0
 0.0
 0.4380213643627099
 0.4966688601820223
 0.0
 0.0
 0.0
 0.0
 0.0
 0.0
 0.0
 0.0
 0.0
 0.0
 0.0
 0.0
 0.0
 0.0
 0.0
 1.5619786366137005
 0.9614669026985249
 0.476554460994698
 0.0
 0.0
 0.0
 0.0
 0.0
 0.0
 0.0
 0.0
 0.0
 1.6020473075009927
 0.7190000976110363
 0.08202355600106782
 0.0
 0.0
 0.0
 0.0
 0.0
 0.0
 0.3979526928523965
 0.17860148303311485
 0.020374863362415337
 0.0
 0.0
 0.0
 0.0
 0.0
 0.0
 0.0
 0.6997702975925989
 0.8791963925613556
 0.0
 0.0
 0.0
 0.0
 0.0
 0.0
 0.0
 0.0
 0.0
 0.0
 0.0
 0.0
 0.0
 0.0
 0.0
 0.0
 0.0
 0.0
 0.0
 0.0
 0.0
 0.0
 0.0
 0.0
 0.0
 0.0
 0.0
 0.0
 0.0
 0.0
 1.9871458771411312
 4.359926175570737
 0.0
 1.0
x_ij_opt: 1-dimensional DenseAxisArray{Float64,1,...} with index sets:
    Dimension 1, [(43, 30), (43, 22), (43, 6), (44, 22), (45, 30), (45, 29), (45, 28), (45, 24), (45, 23), (40, 29)  …  (5, 7), (5, 14), (6, 4), (6, 3), (1, 14), (1, 10), (1, 23), (1, 1), (3, 2), (3, 1)]
And data, a 116-element Vector{Float64}:
 0.0
 0.498228197613203
 1.4978044181876093
 0.0
 0.012854123293808474
 0.0
 1.3002297026489984
 0.0
 0.0
 0.0
 0.0
 0.0
 0.0
 0.0
 0.0
 0.0
 0.0
 0.0
 0.0
 0.0
 0.0
 0.0
 0.0
 0.0
 0.0
 0.0
 0.0
 1.999999999989558
 0.0
 0.0
 0.0
 0.0
 0.0
 0.0
 0.0
 0.0
 0.0
 0.0
 0.0
 0.0
 0.0
 0.0
 0.0
 0.5021955826199755
 0.0
 0.0
 0.0
 0.0
 0.0
 0.0
 0.0
 0.0
 0.0
 0.0
 0.0
 0.5635379723922033
 0.0
 0.6208734076515823
 0.05239646453760759
 1.8655009031575585
 0.0
 0.0
 0.0
 0.0
 6.0
 0.0
 0.0
 0.0
 0.0
 0.7959519554473498
 0.0
 0.0
 0.0
 0.0
 0.0
 0.0
 0.12080360750375743
 0.7778514837200987
 0.0
 0.0
 0.0
 0.0
 0.0
 0.0
 0.0
 0.0
 0.0
 0.0
 0.0
 0.0
 0.0
 0.0
 1.4859759186405264
 0.0
 0.0
 0.0
 0.0
 0.10239841991068954
 0.0
 0.0
 0.0
 0.0
 0.0
 0.0
 0.0
 0.0
 0.0
 0.0
 1.7087629504548625
 0.0
 0.0
 0.0
 0.03853309786845228
 4.249903126151216
 0.0
 0.0
x_il_opt: 1-dimensional DenseAxisArray{Float64,1,...} with index sets:
    Dimension 1, [(43, 15), (43, 14), (44, 15), (44, 13), (44, 3), (40, 14), (40, 2), (41, 14), (42, 6), (37, 13)  …  (4, 13), (5, 2), (5, 7), (5, 9), (6, 11), (1, 1), (1, 6), (1, 3), (2, 1), (2, 15)]
And data, a 71-element Vector{Float64}:
 0.0
 0.0
 0.0
 2.4030709611130967
 0.0
 1.5789666899635935
 0.0
 0.0
 0.2708866901281111
 0.0
 0.0
 3.0
 0.0
 0.0
 3.0
 0.0
 0.0
 0.0
 5.3185776141346945
 0.0
 0.0
 0.0
 3.0
 0.818931102027385
 2.1810688984550834
 0.0
 2.6814223868032117
 0.0
 2.4364620283630036
 0.3385471419585546
 1.3912539468826959
 0.5969290392479267
 0.0
 0.0
 0.0
 0.0
 0.0
 0.0
 2.20404804512503
 0.0
 0.0
 0.0
 3.0
 0.0
 0.0
 2.181068898197383
 0.0
 3.0
 0.0
 0.0
 0.0
 0.0
 0.0
 0.0
 2.8429982687384676
 0.0
 0.0
 0.0
 0.0
 0.0
 0.0
 0.0
 0.0
 0.0
 0.0
 0.0
 0.0
 2.5480444122217984
 1.1635193647876423
 0.0
 7.34707205271012
x_lj_opt: 1-dimensional DenseAxisArray{Float64,1,...} with index sets:
    Dimension 1, [(15, 30), (15, 29), (15, 23), (15, 3), (14, 28), (14, 27), (14, 10), (14, 24), (13, 26), (13, 25)  …  (3, 6), (3, 5), (3, 29), (2, 4), (2, 3), (2, 1), (2, 5), (1, 2), (1, 1), (1, 14)]
And data, a 53-element Vector{Float64}:
 1.9871458770023476
 4.359926175249442
 0.0
 1.0
 0.6997702977316013
 0.8791963927371792
 0.0
 0.0
 2.0
 0.8976015805713323
 0.10239841936774431
 1.5619786364595873
 0.9614669026091416
 0.47655446095641424
 1.501771802922345
 0.0
 0.0
 0.0
 0.43802136431556965
 0.49666886012975203
 0.0
 2.0
 0.9999999999294678
 0.13449909722019776
 0.2040480447857033
 0.0
 5.379126593255595
 2.62087340732095
 0.0
 0.0
 2.0
 0.947603536066971
 0.05239646399215308
 2.0
 6.0
 0.0
 2.0
 0.9999999999960847
 0.0
 0.0
 1.2221485165574812
 1.329612702461618
 0.2912370496054613
 0.0
 0.0
 1.163519364862162
 0.0
 0.0
 0.0
 3.0
 1.8976015810881317
 1.697700410865054
 0.0
q_opt: 1-dimensional DenseAxisArray{Float64,1,...} with index sets:
    Dimension 1, [(43, 15), (43, 14), (44, 15), (44, 13), (44, 3), (40, 14), (40, 2), (41, 14), (42, 6), (37, 13)  …  (4, 13), (5, 2), (5, 7), (5, 9), (6, 11), (1, 1), (1, 6), (1, 3), (2, 1), (2, 15)]
And data, a 71-element Vector{Float64}:
 0.0
 0.0
 0.0
 0.8010236536821554
 0.0
 0.9999999997992898
 0.0
 0.0
 0.033860836257759465
 0.0
 0.0
 1.0
 0.0
 0.0
 0.37500000001333245
 0.0
 0.0
 0.0
 0.6648222017523386
 0.0
 0.0
 0.0
 1.0
 0.27297703399740264
 0.2726336122922173
 0.0
 0.3351777983405399
 0.0
 1.0
 0.9999999998413629
 0.38696441913400786
 0.1989763464070536
 0.0
 0.0
 0.0
 0.0
 0.0
 0.0
 0.6130355809124456
 0.0
 0.0
 0.0
 1.0
 0.0
 0.0
 0.7270229660415092
 0.0
 1.0
 0.0
 0.0
 0.0
 0.0
 0.0
 0.0
 1.0
 0.0
 0.0
 0.0
 0.0
 0.0
 0.0
 0.0
 0.0
 0.0
 0.0
 0.0
 0.0
 0.3185055515120119
 1.0
 0.0
 1.0

