objective value: -617.71959996
objective bound: -617.78137806
termination status: OPTIMAL
BARON solution time: 631.46


w_opt: 1-dimensional DenseAxisArray{Float64,1,...} with index sets:
    Dimension 1, [(25, 1, 2), (25, 1, 1), (25, 1, 14), (20, 1, 2), (20, 1, 1), (20, 1, 14), (1, 1, 2), (1, 1, 1), (1, 1, 14), (2, 1, 2)  …  (20, 15, 23), (20, 15, 3), (8, 15, 30), (8, 15, 29), (8, 15, 23), (8, 15, 3), (2, 15, 30), (2, 15, 29), (2, 15, 23), (2, 15, 3)]
And data, a 261-element Vector{Float64}:
 0.9073713128092655
 0.8043627417043799
 0.0
 1.092628686505261
 0.9685889266447016
 0.0
 0.0
 0.0
 0.0
 0.0
 0.0
 0.0
 0.0
 0.0
 0.0
 0.0
 0.0
 0.0
 0.0
 2.999999996780501
 0.0
 0.0
 0.0
 0.0
 0.0
 0.0
 0.0
 0.0
 0.0
 0.0
 0.0
 0.0
 0.0
 0.0
 0.0
 0.0
 0.0
 0.0
 0.0
 0.0
 0.0
 0.0
 0.9526118005880718
 0.0
 0.0
 0.0
 0.0
 0.0
 0.0
 0.9948949424441843
 0.0
 0.2799556742870596
 0.0
 0.0
 0.0
 0.0
 0.0
 0.0
 0.0
 2.0
 0.9999999997806999
 0.0
 0.0
 0.0
 0.0
 0.0
 0.0
 0.0
 0.0
 0.0
 0.0
 0.0
 0.0
 0.0
 0.7499999999144265
 2.2499999996517834
 0.0
 0.536474124739456
 1.6094223741405562
 0.0
 0.0
 0.0
 0.0
 0.0
 0.0
 0.0
 0.0
 0.0
 0.0
 0.0
 0.0
 0.0
 0.7135258736635398
 2.1405776209019085
 0.0
 0.0
 0.0
 0.0
 0.0
 0.0
 0.0
 1.9999999996676194
 0.9569670245460582
 0.04303297457319547
 0.0
 0.0
 0.0
 0.0
 0.0
 0.0
 0.0
 0.0
 0.0
 0.0
 0.0
 0.0
 0.0
 0.0
 2.9717293938840093
 2.028270605098613
 0.0
 0.0
 0.0
 1.7830376361501354
 1.2169623629211277
 0.0
 0.0
 0.0
 0.0
 0.0
 0.0
 0.0
 0.0
 0.0
 0.0
 0.0
 0.0
 0.0
 0.0
 0.0
 0.0
 0.0
 0.0
 0.0
 0.0
 0.0
 0.0
 0.0
 0.0
 0.0
 0.0
 0.19435278375557086
 0.0
 0.5694023344099242
 0.2847011669871806
 0.0
 0.0
 1.430597665685048
 0.7152988322952027
 0.0
 0.0
 0.0
 0.0
 0.0
 0.0
 0.0
 0.0
 0.0
 0.0
 0.0
 0.0
 0.0
 0.0
 1.5708755081345498
 0.0
 0.0
 0.0
 0.41704841533756976
 1.0120760752562954
 0.0
 0.0
 0.0
 0.0
 0.0
 0.0
 0.0
 0.0
 0.0
 0.0
 0.0
 0.0
 0.0
 0.0
 0.0
 1.582951585233905
 0.9907306535484481
 0.42631776144269734
 0.0
 0.0
 0.0
 0.0
 0.0
 0.0
 0.0
 0.0
 0.0
 1.5426753498178152
 0.7713376737382313
 0.0
 0.45732465032841574
 0.2286623248146104
 0.0
 0.0
 0.0
 0.0
 0.0
 0.0
 0.0
 0.0
 0.0
 0.0
 0.0
 0.0
 0.0
 0.0
 0.8266924075484828
 0.9999999983437531
 0.0
 0.0
 0.0
 0.0
 0.0
 0.0
 0.0
 0.0
 0.0
 0.0
 0.0
 0.0
 0.0
 0.0
 0.0
 0.0
 0.0
 0.0
 0.0
 0.0
 0.0
 0.0
 0.0
 0.0
 0.0
 0.0
 0.0
 0.0
 0.0
 0.0
 1.5500125099670936
 4.6210704386877985
 0.0
 1.0
x_ij_opt: 1-dimensional DenseAxisArray{Float64,1,...} with index sets:
    Dimension 1, [(43, 30), (43, 22), (43, 6), (44, 22), (45, 30), (45, 29), (45, 28), (45, 24), (45, 23), (40, 29)  …  (5, 7), (5, 14), (6, 4), (6, 3), (1, 14), (1, 10), (1, 23), (1, 1), (3, 2), (3, 1)]
And data, a 116-element Vector{Float64}:
 0.0
 0.42912449156053495
 1.566486785546731
 0.0
 0.44998749034009183
 0.0
 1.1733075914840128
 0.0
 0.0
 0.0
 0.0
 0.0
 0.0
 0.0
 0.0
 0.0
 0.0
 0.0
 0.21857690636688742
 0.0
 0.0
 0.0
 0.0
 0.0
 0.0
 0.0
 0.0
 1.9999999981522245
 0.0
 0.0
 0.0
 0.0
 0.0
 0.0
 0.0
 0.0
 0.0
 0.0
 0.0
 0.0
 0.0
 0.0
 0.0
 0.4335132148733369
 0.0
 0.0
 0.0
 0.0
 0.0
 0.0
 0.0
 0.0
 0.0
 0.0
 0.0
 0.0
 0.0
 1.245232969413184
 0.043032975489819415
 1.8056472148569036
 0.0
 0.0
 0.0
 0.0
 6.0
 0.0
 0.0
 0.0
 0.0
 0.7814230937970342
 0.0
 0.0
 0.0
 0.0
 0.0
 0.0
 0.0
 1.005105057328082
 0.0
 0.0
 0.0
 0.0
 0.0
 0.0
 0.0
 0.0
 0.0
 0.0
 0.0
 0.12759010967030693
 0.0
 0.0
 0.7723399240921776
 0.0
 0.0
 0.0
 0.0
 0.0
 0.0
 0.0
 0.0
 0.0
 0.0
 0.0
 0.0
 0.0
 0.0
 0.0
 1.7200443227673388
 0.0
 0.0
 0.0
 0.00926934692137693
 4.184015357916832
 0.0
 0.0
x_il_opt: 1-dimensional DenseAxisArray{Float64,1,...} with index sets:
    Dimension 1, [(43, 15), (43, 14), (44, 15), (44, 13), (44, 3), (40, 14), (40, 2), (41, 14), (42, 6), (37, 13)  …  (4, 13), (5, 2), (5, 7), (5, 9), (6, 11), (1, 1), (1, 6), (1, 3), (2, 1), (2, 15)]
And data, a 71-element Vector{Float64}:
 0.0
 0.0
 0.0
 2.314013024351337
 0.0
 1.8266924059969922
 0.0
 0.0
 0.0
 0.6859869754467627
 0.0
 3.0
 0.0
 0.0
 2.999999999669388
 0.0
 0.0
 0.0
 4.999999999507231
 0.0
 0.0
 0.0
 3.0
 0.8541035013971048
 2.145896498985714
 0.0
 2.999999999505551
 0.0
 3.0
 0.0
 1.7117340545233686
 0.0
 0.0
 0.0
 0.0
 0.0
 0.0
 0.0
 2.061217613167026
 0.0
 0.0
 0.0
 2.999999999991314
 0.0
 0.0
 2.145896497980251
 0.0
 2.9999999987864707
 0.0
 0.0
 0.0
 0.0
 0.0
 0.0
 1.2748506169262521
 0.0
 0.0
 0.0
 0.0
 0.0
 0.0
 0.0
 0.0
 0.0
 0.19435278379301205
 0.0
 0.0
 2.854103494669485
 0.9526118011791952
 0.0
 7.171082948749641
x_lj_opt: 1-dimensional DenseAxisArray{Float64,1,...} with index sets:
    Dimension 1, [(15, 30), (15, 29), (15, 23), (15, 3), (14, 28), (14, 27), (14, 10), (14, 24), (13, 26), (13, 25)  …  (3, 6), (3, 5), (3, 29), (2, 4), (2, 3), (2, 1), (2, 5), (1, 2), (1, 1), (1, 14)]
And data, a 53-element Vector{Float64}:
 1.5500125099331086
 4.621070438616305
 0.0
 1.0
 0.8266924087605445
 0.9999999998101343
 0.0
 0.0
 2.0
 0.9999999985666612
 0.0
 1.5829515851390095
 0.9907306534803472
 0.42631776136088084
 1.5708755088394564
 0.0
 0.0
 0.0
 0.41704841549640814
 1.012076075713221
 0.0
 2.0
 0.9999999992920896
 0.19435278540598128
 0.0
 0.0
 4.754767030866429
 3.2452329686524695
 0.0
 0.0
 2.0
 0.9569670247788763
 0.04303297447009436
 2.0
 6.0
 0.0
 2.0
 0.9999999998348877
 0.0
 0.0
 0.9948949428359893
 0.0
 0.27995567438012064
 0.0
 0.0
 0.9526118009566977
 0.0
 0.0
 0.0
 2.999999997055477
 1.9999999993947863
 1.7729516684190754
 0.0
q_opt: 1-dimensional DenseAxisArray{Float64,1,...} with index sets:
    Dimension 1, [(43, 15), (43, 14), (44, 15), (44, 13), (44, 3), (40, 14), (40, 2), (41, 14), (42, 6), (37, 13)  …  (4, 13), (5, 2), (5, 7), (5, 9), (6, 11), (1, 1), (1, 6), (1, 3), (2, 1), (2, 15)]
And data, a 71-element Vector{Float64}:
 0.0
 0.0
 0.0
 0.7713376748638023
 0.0
 0.9999999985427871
 0.0
 0.0
 0.0
 0.22866232516013035
 0.0
 1.0
 0.0
 0.0
 0.37499999994488364
 0.0
 0.0
 0.0
 0.6249999999242384
 0.0
 0.0
 0.0
 0.9999999999568947
 0.28470116719138455
 0.26823706235993944
 0.0
 0.3749999999223183
 0.0
 0.9999999995666263
 0.0
 0.4536856565429444
 0.0
 0.0
 0.0
 0.0
 0.0
 0.0
 0.0
 0.5463143434189722
 0.0
 0.0
 0.0
 0.9999999999946229
 0.0
 0.0
 0.7152988328055965
 0.0
 0.9999999997811284
 0.0
 0.0
 0.0
 0.0
 0.0
 0.0
 0.9999999996093785
 0.0
 0.0
 0.0
 0.0
 0.0
 0.0
 0.0
 0.0
 0.0
 0.9999999915042593
 0.0
 0.0
 0.3567629368199862
 0.9999999996300033
 0.0
 1.0

