objective value: -632.829099454
objective bound: -632.892388668
termination status: OPTIMAL
BARON solution time: 132.31


w_opt: 1-dimensional DenseAxisArray{Float64,1,...} with index sets:
    Dimension 1, [(25, 1, 2), (25, 1, 1), (25, 1, 14), (20, 1, 2), (20, 1, 1), (20, 1, 14), (1, 1, 2), (1, 1, 1), (1, 1, 14), (2, 1, 2)  …  (20, 15, 23), (20, 15, 3), (8, 15, 30), (8, 15, 29), (8, 15, 23), (8, 15, 3), (2, 15, 30), (2, 15, 29), (2, 15, 23), (2, 15, 3)]
And data, a 261-element Vector{Float64}:
 1.3029919033491386
 0.0
 0.0
 0.6970080967487705
 0.0
 0.0
 0.0
 0.0
 0.0
 0.0
 0.0
 0.0
 0.0
 0.0
 0.0
 0.0
 1.990601234286573
 0.0
 0.0
 1.0093987653909953
 0.0
 0.0
 0.0
 0.0
 0.0
 0.0
 0.0
 0.0
 0.0
 1.0238316821845355
 0.6173840893400563
 0.0
 0.0
 0.0
 0.0
 3.9667695533814165
 2.3920146748318456
 0.0
 0.0
 0.0
 0.0
 0.0
 0.0
 0.0
 0.0
 0.0
 0.0
 0.0
 0.0
 1.2850939254719778
 1.5198004779289351
 0.009398765882206313
 0.0
 0.0
 0.0
 0.0
 0.0
 0.0
 0.0
 2.0
 1.0
 0.0
 0.0
 0.0
 0.0
 0.0
 0.0
 0.0
 0.0
 0.0
 0.0
 0.06526733617976692
 0.19580200852833335
 0.0
 0.7500000000912183
 2.250000000196409
 0.0
 0.5515648569163355
 1.6546945706858047
 0.0
 0.0
 0.0
 0.0
 0.0
 0.0
 0.0
 0.0
 0.0
 0.0
 0.0
 0.0
 0.0
 0.6331678070939238
 1.899503421213476
 0.0
 0.0
 0.0
 0.0
 0.0
 0.0
 0.0
 1.506852125966819
 0.8543521304802479
 0.6387957437860101
 0.0
 0.0
 0.0
 0.0
 0.0
 0.0
 0.0
 0.0
 0.0
 0.0
 0.0
 0.0
 0.0
 0.0
 2.822839546829722
 2.1771604539306955
 0.0
 0.0
 0.0
 1.693703728012372
 1.3062962722921931
 0.0
 0.0
 0.0
 0.0
 0.0
 0.0
 0.0
 0.0
 0.0
 0.0
 0.0
 0.0
 0.0
 0.0
 0.0
 0.0
 0.0
 0.0
 0.0
 0.0
 0.0
 0.0
 0.0679035005693151
 0.0
 0.0
 0.0
 0.02806340014088089
 0.0
 0.5291603819743858
 0.26458019093553903
 0.0
 0.0
 1.4708396182766708
 0.7354198089941807
 0.0
 0.0
 0.0
 0.0
 0.0
 0.0
 0.0
 0.0
 0.0
 0.0
 0.0
 0.0
 0.0
 0.0
 2.0
 0.0
 0.0
 0.0
 0.34836004768834367
 0.0
 0.0
 0.0
 0.0
 0.0
 0.0
 0.0
 0.0
 0.0
 0.0
 0.0
 0.0
 0.0
 0.0
 0.0
 0.0
 1.6516399532354167
 1.0
 0.34836004697308126
 0.0
 0.0
 0.0
 0.0
 0.0
 0.0
 0.0
 0.0
 0.0
 1.4808422885455657
 0.7404211438098655
 0.0
 0.5191577118313871
 0.259578855752629
 0.0
 0.0
 0.0
 0.0
 0.0
 0.0
 0.0
 0.0
 0.0
 0.0
 0.0
 0.0
 0.0
 0.0
 0.3105141006610219
 0.6444775528559163
 0.0
 0.0
 0.0
 0.0
 0.0
 0.0
 0.0
 0.0
 0.0
 0.0
 0.0
 0.0
 0.0
 0.0
 0.0
 0.0
 0.0
 0.0
 0.0
 0.0
 0.0
 0.0
 0.0
 0.0
 0.0
 0.0
 0.0
 0.0
 0.0
 0.0
 2.0
 2.642241190244413
 0.0
 1.0
x_ij_opt: 1-dimensional DenseAxisArray{Float64,1,...} with index sets:
    Dimension 1, [(43, 30), (43, 22), (43, 6), (44, 22), (45, 30), (45, 29), (45, 28), (45, 24), (45, 23), (40, 29)  …  (5, 7), (5, 14), (6, 4), (6, 3), (1, 14), (1, 10), (1, 23), (1, 1), (3, 2), (3, 1)]
And data, a 116-element Vector{Float64}:
 0.0
 0.0
 1.649808293556628
 0.0
 0.0
 0.0
 1.6894858994588973
 0.0
 0.0
 0.0
 0.0
 0.0
 0.0
 0.0
 0.0
 0.0
 0.0
 0.0
 0.22821621340690929
 0.0
 0.0
 0.0
 0.0
 0.0
 0.0
 0.0
 0.0
 1.999999999966631
 0.0
 0.0
 0.0
 0.0
 0.0
 0.0
 0.0
 0.0
 0.0
 0.0
 0.0
 0.0
 0.0
 0.0
 0.0
 0.3501917071844297
 0.0
 0.0
 0.0
 0.0
 0.0
 0.0
 0.0
 0.0
 0.0
 0.0
 0.0
 0.6516399523170983
 0.0
 1.4834567264038352
 0.14564787013120134
 1.9040330995984147
 0.0
 0.0
 0.0
 0.0
 6.0
 0.0
 0.0
 0.0
 0.0
 0.7717837869315891
 0.0
 0.0
 0.0
 0.0
 0.0
 0.0
 0.35552244683624534
 0.714906074768798
 0.0
 0.0
 0.0
 0.0
 0.0
 0.0
 0.0
 0.0
 0.0
 0.0
 0.0
 0.0
 0.0
 0.0
 0.3451028445686708
 0.0
 0.0
 0.0
 0.0
 0.0
 0.0
 0.0
 0.0
 0.0
 0.0
 0.0
 0.0
 0.38702335911385854
 0.0
 0.0
 0.0
 0.0
 0.10612451551437607
 0.0
 0.0
 5.361204257292044
 0.0
 0.0
x_il_opt: 1-dimensional DenseAxisArray{Float64,1,...} with index sets:
    Dimension 1, [(43, 15), (43, 14), (44, 15), (44, 13), (44, 3), (40, 14), (40, 2), (41, 14), (42, 6), (37, 13)  …  (4, 13), (5, 2), (5, 7), (5, 9), (6, 11), (1, 1), (1, 6), (1, 3), (2, 1), (2, 15)]
And data, a 71-element Vector{Float64}:
 0.0
 0.0
 0.0
 2.221263432679128
 1.6412157715245916
 0.9549916535169383
 0.0
 0.0
 0.261069344709263
 0.7787365676972944
 0.0
 3.0
 0.0
 0.0
 3.0
 0.0
 0.0
 0.0
 5.0000000007604175
 0.0
 0.0
 0.0
 2.9999999998108176
 0.7937405729099247
 2.20625942760214
 0.0
 3.0
 0.0
 2.348360048552867
 0.0679035005693151
 1.3029919033491386
 0.0
 0.0
 0.0
 0.0
 0.0
 0.0
 0.0
 0.6970080967487705
 0.0
 0.0
 0.0
 3.0
 0.0
 0.0
 2.2062594272708513
 0.0
 3.0
 0.0
 0.0
 0.0
 0.0
 0.0
 0.0
 2.814293169283119
 0.0
 0.0
 6.358784228213262
 0.0
 0.0
 0.0
 0.0
 0.0
 0.0
 0.02806340014088089
 0.0
 0.0
 2.5326712283073998
 0.0
 0.0
 5.642241190246896
x_lj_opt: 1-dimensional DenseAxisArray{Float64,1,...} with index sets:
    Dimension 1, [(15, 30), (15, 29), (15, 23), (15, 3), (14, 28), (14, 27), (14, 10), (14, 24), (13, 26), (13, 25)  …  (3, 6), (3, 5), (3, 29), (2, 4), (2, 3), (2, 1), (2, 5), (1, 2), (1, 1), (1, 14)]
And data, a 53-element Vector{Float64}:
 2.0
 2.642241190064552
 0.0
 1.0
 0.31051410092218446
 0.6444775533994123
 0.0
 0.0
 2.0
 0.9999999994706257
 0.0
 1.6516399530974233
 1.0
 0.34836004694299827
 2.0
 0.0
 0.0
 0.0
 0.34836004766285356
 0.0
 0.0
 2.0
 0.9999999999003513
 0.09596690077903008
 0.0
 0.0
 4.516543274500541
 3.4834567259652305
 0.0
 0.0
 1.5068521258945504
 0.8543521304403272
 0.6387957437566091
 2.0
 6.0
 0.0
 2.0
 1.0
 0.0
 0.0
 1.2850939255084735
 1.5198004779721983
 0.009398765881893334
 0.0
 4.990601235377444
 3.0093987640628352
 1.9906012344771207
 0.0
 0.0
 1.0093987654875232
 2.0
 0.0
 0.0
q_opt: 1-dimensional DenseAxisArray{Float64,1,...} with index sets:
    Dimension 1, [(43, 15), (43, 14), (44, 15), (44, 13), (44, 3), (40, 14), (40, 2), (41, 14), (42, 6), (37, 13)  …  (4, 13), (5, 2), (5, 7), (5, 9), (6, 11), (1, 1), (1, 6), (1, 3), (2, 1), (2, 15)]
And data, a 71-element Vector{Float64}:
 0.0
 0.0
 0.0
 0.7404211442048342
 0.20515197145502373
 0.9999999991545486
 0.0
 0.0
 0.03263366808544515
 0.25957885589099505
 0.0
 1.0
 0.0
 0.0
 0.37500000001662137
 0.0
 0.0
 0.0
 0.6250000000588355
 0.0
 0.0
 0.0
 0.9999999999044884
 0.264580190961495
 0.2757824284350035
 0.0
 0.3750000000152571
 0.0
 1.0
 0.7075720901504893
 0.6514959516624964
 0.0
 0.0
 0.0
 0.0
 0.0
 0.0
 0.0
 0.3485040483676453
 0.0
 0.0
 0.0
 1.0
 0.0
 0.0
 0.7354198090690212
 0.0
 1.0
 0.0
 0.0
 0.0
 0.0
 0.0
 0.0
 0.999999999971336
 0.0
 0.0
 0.7948480285823261
 0.0
 0.0
 0.0
 0.0
 0.0
 0.0
 0.29242790913573935
 0.0
 0.0
 0.31658390352157323
 0.0
 0.0
 1.0

