objective value: -625.440043848
objective bound: -637.43826276
termination status: TIME_LIMIT
BARON solution time: 7229.13


w_opt: 1-dimensional DenseAxisArray{Float64,1,...} with index sets:
    Dimension 1, [(25, 1, 2), (25, 1, 1), (25, 1, 14), (20, 1, 2), (20, 1, 1), (20, 1, 14), (1, 1, 2), (1, 1, 1), (1, 1, 14), (2, 1, 2)  …  (20, 15, 23), (20, 15, 3), (8, 15, 30), (8, 15, 29), (8, 15, 23), (8, 15, 3), (2, 15, 30), (2, 15, 29), (2, 15, 23), (2, 15, 3)]
And data, a 261-element Vector{Float64}:
 1.0228861720329434
 1.805436027119458
 0.0
 0.8125886737456148
 1.4342523214423708
 0.0
 0.0
 0.0
 0.0
 0.0
 0.0
 0.0
 0.0
 0.0
 0.0
 0.0
 2.0
 0.0
 0.0
 1.0000000003000593
 0.0
 0.0
 0.0
 0.0
 0.0
 0.0
 0.0
 0.0
 0.0
 2.899583186129304
 0.9091362358838293
 0.0
 0.0
 0.0
 0.0
 0.0
 0.0
 0.0
 0.0
 0.0
 0.0
 2.100416814782208
 0.658565357225371
 0.0
 0.0
 0.0
 0.0
 0.0
 0.0
 1.0289448588496952
 0.0
 0.0
 0.0
 0.0
 0.0
 0.0
 0.0
 0.0
 0.0
 2.0
 1.0
 0.0
 0.0
 0.0
 0.0
 0.0
 0.0
 0.0
 0.0
 0.0
 0.0
 0.11361424710924327
 0.3408427413045438
 0.0
 0.7500000002650771
 2.2500000006447785
 0.0
 0.4732897585805257
 1.4198692756449214
 0.0
 0.0
 0.0
 0.0
 0.0
 0.0
 0.0
 0.0
 0.0
 0.0
 0.0
 0.0
 0.0
 0.6630959943730411
 1.9892879829806174
 0.0
 0.0
 0.0
 0.0
 0.0
 0.0
 0.0
 1.944278461890215
 0.8283221985232698
 0.22739933979513227
 0.0
 0.0
 0.0
 0.0
 0.0
 0.0
 0.0
 0.0
 0.0
 0.0
 0.0
 0.0
 0.0
 0.0
 5.459022601955995
 1.8196742002757413
 0.0
 0.0
 0.0
 0.5409773991692394
 0.18032579969219537
 0.0
 0.0
 0.0
 0.0
 0.0
 0.0
 0.0
 0.0
 0.0
 0.0
 0.0
 0.0
 0.0
 0.0
 0.0
 0.0
 0.0
 0.0
 0.0
 0.0
 0.0
 0.0
 0.0
 0.0
 0.0
 0.0
 0.0
 0.0
 0.7378939775640804
 0.36894698872578535
 0.0
 0.0
 1.2621060227334584
 0.6310530112737323
 0.0
 0.0
 0.0
 0.0
 0.0
 0.0
 0.0
 0.0
 0.0
 0.0
 0.0
 0.0
 0.0
 0.0
 1.5080333826229122
 0.0
 0.0
 0.0
 0.27612262477661526
 0.0
 0.0
 0.0
 0.0
 0.0
 0.0
 0.0
 0.0
 0.0
 0.0
 0.0
 0.0
 0.0
 0.0
 0.0
 0.0
 1.7238773762116615
 1.0
 0.2761226240859104
 0.0
 0.0
 0.0
 0.0
 0.0
 0.0
 0.0
 0.0
 0.0
 1.5035940123740954
 0.6281074872384899
 0.12368951882090104
 0.4964059881209961
 0.2073673579970945
 0.04083563601692602
 0.0
 0.0
 0.0
 0.0
 0.0
 0.0
 0.0
 0.0
 0.0
 0.0
 0.0
 0.0
 0.0
 0.3709317647970368
 0.6511187464760554
 0.0
 0.0
 0.0
 0.0
 0.0
 0.0
 0.0
 0.0
 0.0
 0.0
 0.0
 0.0
 0.0
 0.0
 0.0
 0.0
 0.0
 0.0
 0.0
 0.0
 0.0
 0.0
 0.0
 0.0
 0.0
 0.0
 0.0
 0.0
 0.0
 0.0
 0.7979156385622771
 4.156175784396867
 0.0
 0.7698203129934287
x_ij_opt: 1-dimensional DenseAxisArray{Float64,1,...} with index sets:
    Dimension 1, [(43, 30), (43, 22), (43, 6), (44, 22), (45, 30), (45, 29), (45, 28), (45, 24), (45, 23), (40, 29)  …  (5, 7), (5, 14), (6, 4), (6, 3), (1, 14), (1, 10), (1, 23), (1, 1), (3, 2), (3, 1)]
And data, a 116-element Vector{Float64}:
 0.0
 0.4919666181012112
 1.2786968015607845
 0.0
 1.2020843618117716
 0.0
 1.6290682355879147
 0.0
 0.0
 0.0
 0.0
 0.0
 0.0
 0.0
 0.0
 0.0
 0.0
 0.0
 0.24684099482545505
 0.0
 0.0
 0.0
 0.0
 0.0
 0.0
 0.0
 0.0
 2.0
 0.0
 0.0
 0.0
 0.0
 0.0
 0.0
 0.0
 0.0
 0.0
 0.0
 0.0
 0.0
 0.0
 0.0
 0.0
 0.7213031992557618
 0.0
 0.0
 0.0
 0.0
 0.0
 0.0
 0.0
 0.0
 0.0
 0.0
 0.0
 1.21584399254239
 0.0
 0.0
 0.17167780124123055
 2.0
 0.0
 0.0
 0.0
 0.0
 6.0
 0.0
 0.0
 0.0
 0.0
 0.7531590055524626
 0.0
 0.0
 0.0
 0.0
 0.0
 0.0
 0.3488812537883744
 0.9710551415202143
 0.0
 0.0
 0.0
 0.0
 0.0
 0.0
 0.0
 0.0
 0.0
 0.0
 0.0
 0.0
 0.0
 0.0
 0.3918393146778205
 0.0
 0.0
 0.0
 0.0
 0.16452515537775755
 0.0
 0.2301796875694242
 0.0
 0.0
 0.0
 0.0
 0.0
 0.0
 0.0
 0.0
 0.0
 0.0
 0.055721538898469196
 0.0
 0.0
 2.5329123129092657
 0.0
 0.0
x_il_opt: 1-dimensional DenseAxisArray{Float64,1,...} with index sets:
    Dimension 1, [(43, 15), (43, 14), (44, 15), (44, 13), (44, 3), (40, 14), (40, 2), (41, 14), (42, 6), (37, 13)  …  (4, 13), (5, 2), (5, 7), (5, 9), (6, 11), (1, 1), (1, 6), (1, 3), (2, 1), (2, 15)]
And data, a 71-element Vector{Float64}:
 0.0
 0.0
 0.0
 2.255391018433486
 3.8087194220131337
 1.0220505112730922
 0.0
 0.0
 0.45445698841378707
 0.7446089821350166
 0.0
 3.0
 0.0
 0.0
 3.0
 0.0
 0.0
 0.0
 7.278696802231737
 0.0
 0.0
 0.0
 3.0
 1.1068409662898657
 1.8931590342254472
 0.0
 0.7213031988835727
 0.0
 1.7841560085567103
 0.0
 2.8283221991524012
 0.0
 0.0
 0.0
 0.0
 0.0
 0.0
 0.0
 2.2468409951879855
 0.0
 0.0
 0.0
 3.0
 0.0
 0.0
 1.8931590340071907
 0.0
 3.0
 0.0
 0.0
 0.0
 0.0
 0.0
 0.0
 1.0289448590400454
 0.0
 0.0
 0.0
 0.0
 0.0
 0.0
 0.0
 0.0
 0.0
 0.0
 0.0
 0.0
 2.6523839773536584
 2.7589821720084493
 0.0
 5.723911735952573
x_lj_opt: 1-dimensional DenseAxisArray{Float64,1,...} with index sets:
    Dimension 1, [(15, 30), (15, 29), (15, 23), (15, 3), (14, 28), (14, 27), (14, 10), (14, 24), (13, 26), (13, 25)  …  (3, 6), (3, 5), (3, 29), (2, 4), (2, 3), (2, 1), (2, 5), (1, 2), (1, 1), (1, 14)]
And data, a 53-element Vector{Float64}:
 0.797915638485884
 4.15617578399895
 0.0
 0.7698203129197253
 0.37093176480611195
 0.6511187464919875
 0.0
 0.0
 2.0
 0.8354748451163724
 0.16452515482112742
 1.7238773760432176
 1.0
 0.27612262406514604
 1.5080333824746825
 0.0
 0.0
 0.0
 0.27612262474918275
 0.0
 0.0
 2.0
 0.9999999999581476
 0.0
 0.0
 0.0
 6.0
 1.9999999997861593
 0.0
 0.0
 1.9442784617653592
 0.8283221985232698
 0.22739933979267243
 2.0
 6.0
 0.0
 2.0
 1.0
 0.0
 0.0
 1.0289448587724286
 0.0
 0.0
 0.0
 5.000000000655646
 1.5677015930296627
 2.0
 0.0
 0.0
 1.0000000002319172
 1.8354748456675336
 3.239688348365892
 0.0
q_opt: 1-dimensional DenseAxisArray{Float64,1,...} with index sets:
    Dimension 1, [(43, 15), (43, 14), (44, 15), (44, 13), (44, 3), (40, 14), (40, 2), (41, 14), (42, 6), (37, 13)  …  (4, 13), (5, 2), (5, 7), (5, 9), (6, 11), (1, 1), (1, 6), (1, 3), (2, 1), (2, 15)]
And data, a 71-element Vector{Float64}:
 0.0
 0.0
 0.0
 0.7517970061136973
 0.5799166371498291
 0.9999999999755235
 0.0
 0.0
 0.05680712354907137
 0.24820299403696952
 0.0
 1.0
 0.0
 0.0
 0.3750000000965629
 0.0
 0.0
 0.0
 0.9098371002387596
 0.0
 0.0
 0.0
 1.0
 0.36894698874727416
 0.2366448792671315
 0.0
 0.09016289985009474
 0.0
 1.0
 0.12067518791992386
 0.5572869464527895
 0.0
 0.16947112158864627
 0.0
 0.0
 0.0
 0.0
 0.0
 0.442713053607722
 0.0
 0.0
 0.0
 1.0
 0.0
 0.0
 0.6310530113061907
 0.0
 1.0
 0.0
 0.0
 0.0
 0.0
 0.0
 0.0
 1.0
 0.0
 0.0
 0.0
 0.0
 0.0
 0.0
 0.0
 0.0
 0.0
 0.70985369049143
 0.0
 0.0
 0.33154799715334166
 0.4200833629013687
 0.0
 1.0

