objective value: -631.943663641
objective bound: -632.006864328
termination status: OPTIMAL
BARON solution time: 40.82


w_opt: 1-dimensional DenseAxisArray{Float64,1,...} with index sets:
    Dimension 1, [(25, 1, 2), (25, 1, 1), (25, 1, 14), (20, 1, 2), (20, 1, 1), (20, 1, 14), (1, 1, 2), (1, 1, 1), (1, 1, 14), (2, 1, 2)  …  (20, 15, 23), (20, 15, 3), (8, 15, 30), (8, 15, 29), (8, 15, 23), (8, 15, 3), (2, 15, 30), (2, 15, 29), (2, 15, 23), (2, 15, 3)]
And data, a 261-element Vector{Float64}:
 1.2210016689276597
 1.5854163839330668
 0.0
 0.7789983314179638
 1.0114947007166037
 0.0
 0.0
 0.0
 0.0
 0.0
 0.0
 0.0
 0.0
 0.0
 0.0
 0.0
 2.0
 0.0
 0.0
 1.000000000029579
 0.0
 0.0
 0.0
 0.0
 0.0
 0.0
 0.0
 0.0
 0.0
 1.2888528335900131
 0.7733116998029966
 0.0
 0.0
 0.0
 0.0
 3.7111471675752776
 2.2266882995600144
 0.0
 0.0
 0.0
 0.0
 0.0
 0.0
 0.012319640455125604
 0.03057622805974091
 0.0
 0.0
 0.0
 0.0
 1.5201208721042363
 3.772801863264259
 0.0
 0.0
 0.0
 0.0
 0.0
 0.0
 0.0
 0.0
 2.0
 0.999999999994511
 0.0
 0.0
 0.0
 0.0
 0.0
 0.0
 0.0
 0.0
 0.0
 0.0
 0.0
 0.0
 0.0
 0.5980904931378679
 1.7942714793219137
 0.0
 0.5341588836643456
 1.6024766509200166
 0.0
 0.0
 0.0
 0.0
 0.0
 0.0
 0.0
 0.0
 0.0
 0.0
 0.0
 0.0
 0.0
 0.8677506234469011
 2.6032518701702436
 0.0
 0.0
 0.0
 0.0
 0.0
 0.0
 0.0
 1.9581039182205604
 0.8064180534960962
 0.23547802857189146
 0.0
 0.0
 0.0
 0.0
 0.0
 0.0
 0.0
 0.0
 0.0
 0.0
 0.0
 0.0
 0.0
 0.0
 5.382929887479286
 1.7943099614581075
 0.0
 0.0
 0.0
 0.6170701134581753
 0.2056900375948315
 0.0
 0.0
 0.0
 0.0
 0.0
 0.0
 0.0
 0.0
 0.0
 0.0
 0.0
 0.0
 0.0
 0.0
 0.0
 0.0
 0.0
 0.0
 0.0
 0.0
 0.0
 0.0
 0.0
 0.0
 0.0
 0.0
 0.0
 0.0
 0.5755763105682067
 0.2877881552364456
 0.0
 0.0
 1.4244236897295515
 0.7122118447534529
 0.0
 0.0
 0.0
 0.0
 0.0
 0.0
 0.0
 0.0
 0.0
 0.0
 0.0
 0.0
 0.0
 0.0
 2.0
 0.0
 0.0
 0.0
 0.8033780883266474
 0.0
 0.0
 0.0
 0.0
 0.0
 0.0
 0.0
 0.0
 0.0
 0.0
 0.0
 0.0
 0.0
 0.0
 0.0
 0.0
 1.1966219126526487
 0.9252322750329598
 0.8781458127105586
 0.0
 0.0
 0.0
 0.0
 0.0
 0.0
 0.0
 0.0
 0.0
 1.3533720455608014
 0.6766860223868948
 0.0
 0.6466279549478641
 0.3233139772751728
 0.0
 0.0
 0.0
 0.0
 0.0
 0.0
 0.0
 0.0
 0.0
 0.0
 0.0
 0.0
 0.0
 0.0
 0.7157437540334167
 0.6923774994656767
 0.0
 0.0
 0.0
 0.0
 0.0
 0.0
 0.0
 0.0
 0.0
 0.0
 0.0
 0.0
 0.0
 0.0
 0.0
 0.0
 0.0
 0.0
 0.0
 0.0
 0.0
 0.0
 0.0
 0.0
 0.0
 0.0
 0.0
 0.0
 0.0
 0.0
 2.0
 2.1218541894028076
 0.0
 1.0
x_ij_opt: 1-dimensional DenseAxisArray{Float64,1,...} with index sets:
    Dimension 1, [(43, 30), (43, 22), (43, 6), (44, 22), (45, 30), (45, 29), (45, 28), (45, 24), (45, 23), (40, 29)  …  (5, 7), (5, 14), (6, 4), (6, 3), (1, 14), (1, 10), (1, 23), (1, 1), (3, 2), (3, 1)]
And data, a 116-element Vector{Float64}:
 0.0
 0.0
 1.1772398488671356
 0.0
 0.0
 0.0
 1.284256246363763
 0.0
 0.0
 0.0
 0.0
 0.0
 0.0
 0.0
 0.0
 0.0
 0.0
 0.0
 0.33143929890282275
 0.0
 0.0
 0.0
 0.0
 0.0
 0.0
 0.0
 0.0
 2.0
 0.0
 0.0
 0.0
 0.0
 0.0
 0.0
 0.0
 0.0
 0.0
 0.0
 0.0
 0.0
 0.0
 0.0
 0.0
 0.8227601519807127
 0.0
 0.0
 0.0
 0.0
 0.0
 0.0
 0.0
 0.0
 0.0
 0.0
 0.0
 0.1966219107324481
 0.0
 0.0
 0.19358194723728775
 2.0
 0.0
 0.0
 0.0
 0.0
 6.0
 0.0
 0.0
 0.0
 0.0
 0.6685607014835315
 0.0
 0.0
 0.0
 0.0
 0.0
 0.0
 0.3076225008175284
 0.46755948780763046
 0.0
 0.0
 0.0
 0.0
 0.0
 0.0
 0.0
 0.0
 0.0
 0.0
 0.0
 0.0
 0.0
 0.0
 0.0
 0.0
 0.0
 0.0
 0.0
 0.0
 0.0
 0.0
 0.0
 0.0
 0.0
 0.0
 0.0
 0.0
 0.0
 0.0
 0.0
 0.0
 0.041896082650119765
 0.0
 0.07476772553966032
 3.1676108880529825
 0.0
 0.0
x_il_opt: 1-dimensional DenseAxisArray{Float64,1,...} with index sets:
    Dimension 1, [(43, 15), (43, 14), (44, 15), (44, 13), (44, 3), (40, 14), (40, 2), (41, 14), (42, 6), (37, 13)  …  (4, 13), (5, 2), (5, 7), (5, 9), (6, 11), (1, 1), (1, 6), (1, 3), (2, 1), (2, 15)]
And data, a 71-element Vector{Float64}:
 0.0
 0.0
 0.0
 2.03005806824744
 2.0621645334724286
 1.4081212537004943
 0.0
 0.0
 0.0
 0.9699419324186311
 0.0
 3.0
 0.0
 0.0
 2.392361972556948
 0.0
 0.0
 0.0
 7.177239849374831
 0.0
 0.04289586858076933
 0.0
 3.0
 0.8633644658046522
 2.1366355346846095
 0.0
 0.822760151471206
 0.0
 2.803378089976143
 0.0
 2.8064180528675546
 0.0
 0.0
 0.0
 0.0
 0.0
 0.0
 0.0
 1.790493032163057
 0.0
 0.0
 0.0
 3.0
 0.0
 0.0
 2.1366355344830046
 0.0
 3.0
 0.0
 0.0
 0.0
 0.0
 0.0
 0.0
 5.292922735368496
 0.0
 0.0
 5.937835467173052
 0.0
 0.0
 0.0
 0.0
 0.0
 0.0
 0.0
 0.0
 0.0
 3.471002493701328
 0.0
 0.0
 5.121854189504062
x_lj_opt: 1-dimensional DenseAxisArray{Float64,1,...} with index sets:
    Dimension 1, [(15, 30), (15, 29), (15, 23), (15, 3), (14, 28), (14, 27), (14, 10), (14, 24), (13, 26), (13, 25)  …  (3, 6), (3, 5), (3, 29), (2, 4), (2, 3), (2, 1), (2, 5), (1, 2), (1, 1), (1, 14)]
And data, a 53-element Vector{Float64}:
 2.0
 2.1218541891951452
 0.0
 0.9999999999992907
 0.7157437540299338
 0.6923774994623104
 0.0
 0.0
 2.0
 0.9999999995470705
 0.0
 1.1966219125447348
 0.9252322749546612
 0.8781458126373174
 1.9999999999943656
 0.0
 0.0
 0.0
 0.8033780882471458
 0.0
 0.0
 2.0
 0.9999999999484313
 0.0
 0.0
 0.0
 6.0
 1.9999999991007187
 0.0
 0.0
 1.9581039180386515
 0.8064180534339526
 0.23547802856911065
 2.0
 5.999999999929814
 0.0
 2.0
 0.9999999999510767
 0.0
 0.0
 1.5324405124850415
 3.80337809113956
 0.0
 0.0
 5.000000000872848
 2.99999999921592
 2.0
 0.0
 0.0
 1.0000000000152938
 2.0
 2.596911084452465
 0.0
q_opt: 1-dimensional DenseAxisArray{Float64,1,...} with index sets:
    Dimension 1, [(43, 15), (43, 14), (44, 15), (44, 13), (44, 3), (40, 14), (40, 2), (41, 14), (42, 6), (37, 13)  …  (4, 13), (5, 2), (5, 7), (5, 9), (6, 11), (1, 1), (1, 6), (1, 3), (2, 1), (2, 15)]
And data, a 71-element Vector{Float64}:
 0.0
 0.0
 0.0
 0.6766860227236426
 0.2577705666727925
 1.0
 0.0
 0.0
 0.0
 0.3233139774516569
 0.0
 1.0
 0.0
 0.0
 0.29904524655727127
 0.0
 0.0
 0.0
 0.8971549811608596
 0.0
 0.00803922916077529
 0.0
 1.0
 0.2877881552573016
 0.26707944182323207
 0.0
 0.1028450189123774
 0.0
 1.0
 0.07765947363602557
 0.6105008344047472
 0.0
 0.11923614368365859
 0.0
 0.0
 0.0
 0.0
 0.0
 0.38949916567126835
 0.0
 0.0
 0.0
 1.0
 0.0
 0.0
 0.7122118447962846
 0.0
 1.0
 0.0
 0.0
 0.0
 0.0
 0.0
 0.0
 0.9919607708877195
 0.0
 0.0
 0.7422294333855591
 0.0
 0.0
 0.0
 0.0
 0.0
 0.0
 0.8031043826803158
 0.0
 0.0
 0.4338753117003014
 0.0
 0.0
 1.0

