objective value: -616.417110803
objective bound: -633.675138011
termination status: TIME_LIMIT
BARON solution time: 7229.22


w_opt: 1-dimensional DenseAxisArray{Float64,1,...} with index sets:
    Dimension 1, [(25, 1, 2), (25, 1, 1), (25, 1, 14), (20, 1, 2), (20, 1, 1), (20, 1, 14), (1, 1, 2), (1, 1, 1), (1, 1, 14), (2, 1, 2)  …  (20, 15, 23), (20, 15, 3), (8, 15, 30), (8, 15, 29), (8, 15, 23), (8, 15, 3), (2, 15, 30), (2, 15, 29), (2, 15, 23), (2, 15, 3)]
And data, a 261-element Vector{Float64}:
 1.0022494393176733
 0.8452687724417184
 0.0
 0.9977505608232964
 0.8414745458219626
 0.0
 0.0
 0.0
 0.0
 0.0
 0.0
 0.0
 0.0
 0.0
 0.0
 0.0
 0.6358385330117863
 0.0
 0.0
 2.3641614671574946
 0.0
 0.0
 0.0
 0.0
 0.0
 0.0
 0.0
 0.0
 0.0
 0.0
 0.0
 0.0
 0.0
 0.0
 0.0
 0.0
 0.0
 0.0
 0.0
 0.0
 0.0
 0.0
 0.7840474714618689
 0.34687106855882616
 1.3594500369890588
 0.11286526440356638
 0.0
 0.0
 0.0
 0.6737506806562297
 2.6405499644319708
 0.21922568816677832
 0.0
 0.0
 0.0
 0.0
 0.0
 0.0
 0.0
 1.896767003116696
 1.0
 0.0
 0.0
 0.0
 0.0
 0.0
 0.0
 0.0
 0.0
 0.0
 0.0
 0.0
 0.0
 0.0
 0.7419051879041565
 2.225715563517472
 0.0
 0.5016005156861911
 1.5048015468997344
 0.0
 0.0
 0.0
 0.0
 0.0
 0.0
 0.0
 0.0
 0.0
 0.0
 0.0
 0.0
 0.0
 0.7564942966659628
 2.2694828898006696
 0.0
 0.0
 0.0
 0.0
 0.0
 0.0
 0.0
 1.9999999997534093
 0.8767186589998471
 0.12328134073820682
 0.0
 0.0
 0.0
 0.0
 0.0
 0.0
 0.0
 0.0
 0.0
 0.0
 0.0
 0.0
 0.0
 0.0
 4.3278842425956965
 1.4426280801789064
 0.0
 0.0
 0.0
 1.6721157577330845
 0.5573719189202785
 0.0
 0.0
 0.0
 0.0
 0.0
 0.0
 0.0
 0.0
 0.0
 0.0
 0.0
 0.0
 0.0
 0.0
 0.0
 0.0
 0.0
 0.0
 0.0
 0.0
 0.0
 0.0
 1.0292004462920863
 0.0
 0.0
 0.0
 0.4626536889747149
 0.0
 0.6623986252498113
 0.3311993124581398
 0.0
 0.0
 1.3376013749612834
 0.6688006871412229
 0.0
 0.0
 0.0
 0.0
 0.0
 0.0
 0.0
 0.0
 0.0
 0.0
 0.0
 0.0
 0.0
 0.0
 1.7667530339453166
 0.0
 0.0
 0.0
 0.17525728460247972
 1.0579896809624525
 0.0
 0.0
 0.0
 0.0
 0.0
 0.0
 0.0
 0.0
 0.0
 0.0
 0.0
 0.0
 0.0
 0.0
 0.0
 1.8247427163163177
 1.0
 0.17525728398767054
 0.0
 0.0
 0.0
 0.0
 0.0
 0.0
 0.0
 0.0
 0.0
 1.3012054348047781
 0.6506027156126083
 0.0
 0.6987945651699927
 0.3493972816203676
 0.0
 0.0
 0.0
 0.0
 0.0
 0.0
 0.0
 0.0
 0.0
 0.0
 0.0
 0.0
 0.0
 0.0
 0.5743920267590935
 0.6876402867707552
 0.0
 0.0
 0.0
 0.0
 0.0
 0.0
 0.0
 0.0
 0.0
 0.0
 0.0
 0.0
 0.0
 0.0
 0.0
 0.0
 0.0
 0.0
 0.0
 0.0
 0.0
 0.0
 0.0
 0.0
 0.0
 0.0
 0.0
 0.0
 0.0
 0.0
 1.2559217229330677
 5.040695245997937
 0.0
 1.0
x_ij_opt: 1-dimensional DenseAxisArray{Float64,1,...} with index sets:
    Dimension 1, [(43, 30), (43, 22), (43, 6), (44, 22), (45, 30), (45, 29), (45, 28), (45, 24), (45, 23), (40, 29)  …  (5, 7), (5, 14), (6, 4), (6, 3), (1, 14), (1, 10), (1, 23), (1, 1), (3, 2), (3, 1)]
And data, a 116-element Vector{Float64}:
 0.0
 0.23324696595853908
 1.474856168872812
 0.0
 0.7440782774900269
 0.0
 1.4256079722894228
 0.0
 0.0
 0.0
 0.0
 0.0
 0.0
 0.0
 0.0
 0.0
 0.0
 0.0
 0.3152233650183483
 0.0
 0.0
 0.0
 0.0
 0.0
 0.0
 0.0
 0.0
 1.999999998895952
 0.0
 0.0
 0.0
 0.0
 0.0
 0.0
 0.0
 0.0
 0.0
 0.0
 0.0
 0.0
 0.0
 0.0
 0.0
 0.5251438316400941
 0.0
 0.0
 0.0
 0.0
 0.0
 0.0
 0.0
 0.0
 0.0
 0.0
 0.0
 0.0
 0.0
 0.0
 0.12328134110387327
 0.508145864855819
 0.0
 0.0
 0.0
 0.0
 6.0
 0.0
 0.0
 0.0
 0.0
 0.6847766348949254
 0.0
 0.0
 0.0
 0.0
 0.0
 0.0
 0.31235971178288297
 0.9793782509309507
 0.0
 0.0
 0.0
 0.0
 0.0
 0.0
 0.0
 0.0
 0.0
 0.10323299767234632
 0.0
 0.0
 0.0
 0.0
 0.0
 0.0
 0.0
 0.0
 0.0
 0.0
 0.0
 0.0
 0.0
 0.0
 0.0
 0.0
 0.0
 0.0
 0.0
 0.0
 1.032070514653044
 0.0
 0.0
 0.0
 0.0
 4.18997534187953
 0.0
 0.0
x_il_opt: 1-dimensional DenseAxisArray{Float64,1,...} with index sets:
    Dimension 1, [(43, 15), (43, 14), (44, 15), (44, 13), (44, 3), (40, 14), (40, 2), (41, 14), (42, 6), (37, 13)  …  (4, 13), (5, 2), (5, 7), (5, 9), (6, 11), (1, 1), (1, 6), (1, 3), (2, 1), (2, 15)]
And data, a 71-element Vector{Float64}:
 0.0
 0.0
 0.0
 1.9518081507240796
 0.0
 1.2620323137397027
 0.0
 0.0
 0.0
 1.048191846999945
 0.0
 3.0
 0.0
 0.0
 2.967620751526338
 0.0
 0.0
 0.0
 5.770512323459363
 0.0
 1.8191863699514512
 0.0
 3.0
 0.9935979377079511
 2.006402062698197
 0.0
 2.229487677157198
 0.0
 3.0
 1.0292004464109634
 1.847518211781723
 0.0
 0.0
 0.0
 0.0
 0.0
 0.0
 0.0
 1.8392251066680059
 0.0
 0.0
 0.0
 2.896767003987877
 0.0
 0.0
 2.0064020621025063
 0.0
 2.999999999492838
 0.0
 0.0
 0.0
 0.0
 0.0
 0.0
 3.533526333254979
 0.0
 0.0
 0.0
 0.0
 0.0
 0.0
 0.0
 0.0
 0.0
 0.4626536890451034
 0.0
 0.0
 3.0259771865709193
 0.7840474725310983
 0.0
 7.296616969195576
x_lj_opt: 1-dimensional DenseAxisArray{Float64,1,...} with index sets:
    Dimension 1, [(15, 30), (15, 29), (15, 23), (15, 3), (14, 28), (14, 27), (14, 10), (14, 24), (13, 26), (13, 25)  …  (3, 6), (3, 5), (3, 29), (2, 4), (2, 3), (2, 1), (2, 5), (1, 2), (1, 1), (1, 14)]
And data, a 53-element Vector{Float64}:
 1.2559217227881017
 5.040695245623817
 0.0
 0.9999999999371286
 0.5743920280268123
 0.6876402882893147
 0.0
 0.0
 2.0
 0.999999997300319
 0.0
 1.824742716149703
 1.0
 0.17525728384745262
 1.7667530338603625
 0.0
 0.0
 0.0
 0.17525728453057474
 1.0579896808967464
 0.0
 2.0
 0.9999999995633425
 1.4918541354530728
 0.0
 0.0
 6.0
 1.9999999991155708
 0.0
 0.0
 2.0
 0.8767186591514716
 0.12328134071910053
 2.0
 6.0
 0.0
 1.8967670029555175
 0.9999999999924488
 0.0
 0.0
 1.0206217492351632
 4.00000000153638
 0.3320909525500041
 0.0
 0.0
 0.7840474714763969
 0.6358385329967333
 0.0
 0.0
 2.3641614669803026
 2.0
 1.6867433181753124
 0.0
q_opt: 1-dimensional DenseAxisArray{Float64,1,...} with index sets:
    Dimension 1, [(43, 15), (43, 14), (44, 15), (44, 13), (44, 3), (40, 14), (40, 2), (41, 14), (42, 6), (37, 13)  …  (4, 13), (5, 2), (5, 7), (5, 9), (6, 11), (1, 1), (1, 6), (1, 3), (2, 1), (2, 15)]
And data, a 71-element Vector{Float64}:
 0.0
 0.0
 0.0
 0.6506027173886674
 0.0
 0.9999999977935298
 0.0
 0.0
 0.0
 0.34939728258384695
 0.0
 1.0
 0.0
 0.0
 0.3709525939260743
 0.0
 0.0
 0.0
 0.7213140404237476
 0.0
 0.3398625091173704
 0.0
 1.0
 0.33119931260375707
 0.2508002578231244
 0.0
 0.2786859596279063
 0.0
 1.0
 0.6898800773037698
 0.5011247196487486
 0.0
 0.0
 0.0
 0.0
 0.0
 0.0
 0.0
 0.49887528040160795
 0.0
 0.0
 0.0
 1.0
 0.0
 0.0
 0.668800687434848
 0.0
 0.9999999998435468
 0.0
 0.0
 0.0
 0.0
 0.0
 0.0
 0.6601374908550823
 0.0
 0.0
 0.0
 0.0
 0.0
 0.0
 0.0
 0.0
 0.0
 0.31011992257167686
 0.0
 0.0
 0.3782471483066047
 0.9999999999751132
 0.0
 1.0

