objective value: -617.383593785
objective bound: -630.864874904
termination status: TIME_LIMIT
BARON solution time: 7226.76


w_opt: 1-dimensional DenseAxisArray{Float64,1,...} with index sets:
    Dimension 1, [(25, 1, 2), (25, 1, 1), (25, 1, 14), (20, 1, 2), (20, 1, 1), (20, 1, 14), (1, 1, 2), (1, 1, 1), (1, 1, 14), (2, 1, 2)  …  (20, 15, 23), (20, 15, 3), (8, 15, 30), (8, 15, 29), (8, 15, 23), (8, 15, 3), (2, 15, 30), (2, 15, 29), (2, 15, 23), (2, 15, 3)]
And data, a 261-element Vector{Float64}:
 0.9835156957381471
 1.1692901384515395
 0.0
 1.0164843046053462
 1.208486126267559
 0.0
 0.0
 0.0
 0.0
 0.0
 0.0
 0.0
 0.0
 0.0
 0.0
 0.0
 1.9642109857311076
 0.0
 0.0
 1.0357890144578878
 0.0
 0.0
 0.0
 0.0
 0.0
 0.0
 0.0
 0.0
 0.0
 2.7356941764768816
 1.2568186175050209
 0.0
 0.0
 0.0
 0.0
 0.0
 0.0
 0.0
 0.0
 0.0
 0.0
 2.2285168102316613
 1.0238137875953988
 0.0
 0.0
 0.0
 0.0
 0.0
 0.0
 1.0229861687004258
 0.7115567129732043
 0.035789014737083964
 0.0
 0.0
 0.0
 0.0
 0.0
 0.0
 0.0
 2.0
 0.9999999999871865
 0.0
 0.0
 0.0
 0.0
 0.0
 0.0
 0.0
 0.0
 0.0
 0.0
 0.026961937531439484
 0.08088581263381907
 0.0
 0.7500000002771885
 2.2500000006981105
 0.0
 0.468566299524313
 1.4056988985073404
 0.0
 0.0
 0.0
 0.0
 0.0
 0.0
 0.0
 0.0
 0.0
 0.0
 0.0
 0.0
 0.0
 0.7544717629045153
 2.263415288579011
 0.0
 0.0
 0.0
 0.0
 0.0
 0.0
 0.0
 1.84508231978176
 0.8154241331157858
 0.33949354728323683
 0.0
 0.0
 0.0
 0.0
 0.0
 0.0
 0.0
 0.0
 0.0
 0.0
 0.0
 0.0
 0.0
 0.0
 4.867993914057984
 2.4284584459036345
 0.0
 0.0
 0.0
 0.46938778760896827
 0.2341598524880424
 0.0
 0.0
 0.0
 0.0
 0.0
 0.0
 0.0
 0.0
 0.0
 0.0
 0.0
 0.0
 0.0
 0.0
 0.0
 0.0
 0.0
 0.0
 0.0
 0.0
 0.0
 0.0
 0.0
 0.0
 0.0
 0.0
 0.028259473170263946
 0.0
 0.7504898683087702
 0.37524493408445336
 0.0
 0.0
 1.2495101319816917
 0.624755065877367
 0.0
 0.0
 0.0
 0.0
 0.0
 0.0
 0.0
 0.0
 0.0
 0.0
 0.0
 0.0
 0.0
 0.0
 1.5486706975319264
 0.0
 0.0
 0.0
 0.4689873084546023
 0.0
 0.0
 0.0
 0.0
 0.0
 0.0
 0.0
 0.0
 0.0
 0.0
 0.0
 0.0
 0.0
 0.0
 0.0
 0.0
 1.5310126925160172
 0.9587265050172019
 0.5102608028555531
 0.0
 0.0
 0.0
 0.0
 0.0
 0.0
 0.0
 0.0
 0.0
 1.358233959840558
 0.6791169794670832
 0.0
 0.6417660406375194
 0.32088302009361996
 0.0
 0.0
 0.0
 0.0
 0.0
 0.0
 0.0
 0.0
 0.0
 0.0
 0.0
 0.0
 0.0
 0.0
 0.5454707414855149
 0.9308850976702825
 0.0
 0.0
 0.0
 0.0
 0.0
 0.0
 0.0
 0.0
 0.0
 0.0
 0.0
 0.0
 0.0
 0.0
 0.0
 0.0
 0.0
 0.0
 0.0
 0.0
 0.0
 0.0
 0.0
 0.0
 0.0
 0.0
 0.0
 0.0
 0.0
 0.0
 1.0235368713949773
 3.209106793608425
 0.0
 0.993290164687061
x_ij_opt: 1-dimensional DenseAxisArray{Float64,1,...} with index sets:
    Dimension 1, [(43, 30), (43, 22), (43, 6), (44, 22), (45, 30), (45, 29), (45, 28), (45, 24), (45, 23), (40, 29)  …  (5, 7), (5, 14), (6, 4), (6, 3), (1, 14), (1, 10), (1, 23), (1, 1), (3, 2), (3, 1)]
And data, a 116-element Vector{Float64}:
 0.0
 0.4513293032029603
 1.2964523596614916
 0.0
 0.9764631290028196
 0.0
 1.4545292588345382
 0.0
 0.0
 0.0
 0.0
 0.0
 0.0
 0.0
 0.0
 0.0
 0.0
 0.0
 0.288211925386124
 0.0
 1.7491390140066647
 0.0
 0.0
 0.0
 0.0
 0.0
 0.0
 2.0
 0.0
 0.0
 0.0
 0.0
 0.0
 0.0
 0.0
 0.0
 0.0
 0.0
 0.0
 0.0
 0.0
 0.0
 0.0
 0.7035476411390362
 0.0
 0.0
 0.0
 0.0
 0.0
 0.0
 0.0
 0.0
 0.0
 0.0
 0.0
 0.982341993230479
 0.0
 0.6626182996127152
 0.1845758667198314
 1.9717405270972417
 0.0
 0.0
 0.0
 0.0
 6.0
 0.0
 0.0
 0.0
 0.0
 0.7117880749725268
 0.0
 0.0
 0.0
 0.0
 0.0
 0.0
 0.06911490248562567
 0.977013831604508
 0.0
 0.0
 0.0
 0.0
 0.0
 0.0
 0.0
 0.0
 0.0
 0.0
 0.0
 0.0
 0.0
 0.0
 1.64348299609579
 0.0
 0.0
 0.0
 0.0
 0.0
 0.0
 0.006709835896110182
 0.0
 0.0
 0.0
 0.0
 0.0
 0.0
 0.0
 0.0
 0.0
 0.0
 0.1549176810060564
 0.0
 0.04127349555585113
 1.5335911751628062
 0.0
 0.0
x_il_opt: 1-dimensional DenseAxisArray{Float64,1,...} with index sets:
    Dimension 1, [(43, 15), (43, 14), (44, 15), (44, 13), (44, 3), (40, 14), (40, 2), (41, 14), (42, 6), (37, 13)  …  (4, 13), (5, 2), (5, 7), (5, 9), (6, 11), (1, 1), (1, 6), (1, 3), (2, 1), (2, 15)]
And data, a 71-element Vector{Float64}:
 0.0
 0.0
 0.0
 2.037350939614133
 3.9925127940515437
 1.4763558393587064
 0.0
 0.0
 0.10784775025278137
 0.9626490609287093
 0.0
 3.0
 0.0
 0.0
 3.0
 0.0
 0.0
 0.0
 7.296452360422989
 0.0
 0.0
 0.0
 3.0
 1.1257348023932234
 1.8742651980920852
 0.0
 0.7035476405129157
 0.0
 2.0176580076447124
 0.0
 2.1528058342094423
 0.0
 0.0
 0.0
 0.0
 0.0
 0.0
 0.0
 2.224970430891089
 0.0
 0.0
 0.0
 3.0
 0.0
 0.0
 1.8742651978590588
 0.0
 3.0
 0.0
 0.0
 0.0
 0.0
 0.0
 0.0
 1.7703318964107142
 0.0
 0.0
 0.0
 0.0
 0.0
 0.0
 0.0
 0.0
 0.0
 0.02825947317480201
 0.0
 0.0
 3.017887051526865
 3.2523305979023256
 0.0
 5.225933829792969
x_lj_opt: 1-dimensional DenseAxisArray{Float64,1,...} with index sets:
    Dimension 1, [(15, 30), (15, 29), (15, 23), (15, 3), (14, 28), (14, 27), (14, 10), (14, 24), (13, 26), (13, 25)  …  (3, 6), (3, 5), (3, 29), (2, 4), (2, 3), (2, 1), (2, 5), (1, 2), (1, 1), (1, 14)]
And data, a 53-element Vector{Float64}:
 1.0235368712929591
 3.209106793288465
 0.0
 0.9932901645880449
 0.5454707415498645
 0.9308850977799905
 0.0
 0.0
 2.0
 0.9999999994531591
 0.0
 1.531012692377151
 0.9587265049337467
 0.5102608028207445
 1.5486706973780426
 0.0
 0.0
 0.0
 0.46898730840800235
 0.0
 0.0
 2.0
 0.999999999922024
 0.028259473286960882
 0.0
 0.0
 5.337381701297023
 2.662618298335056
 0.0
 0.0
 1.8450823196652555
 0.8154241331157858
 0.33949354727938386
 2.0
 6.0
 0.0
 2.0
 0.9999999999463725
 0.0
 0.0
 1.022986168679631
 0.7115567129587371
 0.035789014734918564
 0.0
 4.964210986437822
 2.2806324049783497
 1.9642109856239356
 0.0
 0.0
 1.0357890144375228
 2.0
 2.3777762645243565
 0.0
q_opt: 1-dimensional DenseAxisArray{Float64,1,...} with index sets:
    Dimension 1, [(43, 15), (43, 14), (44, 15), (44, 13), (44, 3), (40, 14), (40, 2), (41, 14), (42, 6), (37, 13)  …  (4, 13), (5, 2), (5, 7), (5, 9), (6, 11), (1, 1), (1, 6), (1, 3), (2, 1), (2, 15)]
And data, a 71-element Vector{Float64}:
 0.0
 0.0
 0.0
 0.6791169798687302
 0.5510833814176572
 0.9999999998820446
 0.0
 0.0
 0.01348096877051368
 0.320883020299353
 0.0
 1.0
 0.0
 0.0
 0.37500000011513884
 0.0
 0.0
 0.0
 0.9120565450418305
 0.0
 0.0
 0.0
 1.0
 0.3752449341197209
 0.23428314974983075
 0.0
 0.08794345504200927
 0.0
 1.0
 0.0
 0.4917578478258506
 0.0
 0.0
 0.0
 0.0
 0.0
 0.0
 0.0
 0.5082421522580257
 0.0
 0.0
 0.0
 1.0
 0.0
 0.0
 0.6247550659321979
 0.0
 1.0
 0.0
 0.0
 0.0
 0.0
 0.0
 0.0
 1.0
 0.0
 0.0
 0.0
 0.0
 0.0
 0.0
 0.0
 0.0
 0.0
 0.9999999958705201
 0.0
 0.0
 0.3772358814286249
 0.4489166186368599
 0.0
 1.0

