objective value: -630.874521088
objective bound: -630.937614702
termination status: OPTIMAL
BARON solution time: 604.85


w_opt: 1-dimensional DenseAxisArray{Float64,1,...} with index sets:
    Dimension 1, [(25, 1, 2), (25, 1, 1), (25, 1, 14), (20, 1, 2), (20, 1, 1), (20, 1, 14), (1, 1, 2), (1, 1, 1), (1, 1, 14), (2, 1, 2)  …  (20, 15, 23), (20, 15, 3), (8, 15, 30), (8, 15, 29), (8, 15, 23), (8, 15, 3), (2, 15, 30), (2, 15, 29), (2, 15, 23), (2, 15, 3)]
And data, a 261-element Vector{Float64}:
 1.598695271529217
 0.0
 0.0
 0.4013047265800159
 0.0
 0.0
 0.0
 0.0
 0.0
 0.0
 0.0
 0.0
 0.0
 0.0
 0.0
 0.0
 1.8897490105910306
 0.0
 0.0
 1.1102509877265865
 0.0
 0.0
 0.0
 0.0
 0.0
 0.0
 0.0
 0.0
 0.43122862963657516
 1.514220478277533
 0.5319303560202354
 0.0
 0.0
 0.0
 0.9613029048394082
 3.3755285347085806
 1.1857890716672799
 0.0
 0.0
 0.0
 0.0
 0.0
 0.0
 0.3794376158578615
 1.277826517506494
 0.041540718909717556
 0.0
 0.0
 0.0
 0.6276073690054434
 2.1135841708385352
 0.06871027070309205
 0.0
 0.0
 0.0
 0.0
 0.0
 0.0
 0.0
 1.81303913152256
 0.9999999998854179
 0.0
 0.0
 0.0
 0.0
 0.0
 0.0
 0.0
 0.0
 0.0
 0.0
 0.1958946243578509
 0.5876838730673258
 0.0
 0.749999999851816
 2.2499999994757887
 0.0
 0.49543720023744114
 1.4863116006668189
 0.0
 0.0
 0.0
 0.0
 0.0
 0.0
 0.0
 0.0
 0.0
 0.0
 0.0
 0.0
 0.0
 0.558668175580841
 1.6760045266886945
 0.0
 0.0
 0.0
 0.0
 0.0
 0.0
 0.0
 1.8019328912529957
 0.7915105123651988
 0.40655659549090195
 0.0
 0.0
 0.0
 0.0
 0.0
 0.0
 0.0
 0.0
 0.0
 0.0
 0.0
 0.0
 0.0
 0.0
 5.77123977936134
 1.9237465988795046
 0.0
 0.0
 0.0
 0.22876021537721697
 0.07625340538525632
 0.0
 0.0
 0.0
 0.0
 0.0
 0.0
 0.0
 0.0
 0.0
 0.0
 0.0
 0.0
 0.0
 0.0
 0.0
 0.0
 0.0
 0.0
 0.0
 0.0
 0.0
 0.0
 1.1928152333843487
 0.0
 0.0
 0.0
 0.2932509641210149
 0.0
 0.6788341331995503
 0.33941706614639594
 0.0
 0.0
 1.3211658667886501
 0.6605829325152459
 0.0
 0.0
 0.0
 0.0
 0.0
 0.0
 0.0
 0.0
 0.0
 0.0
 0.0
 0.0
 0.0
 0.0
 1.9999999989906314
 0.0
 0.0
 0.0
 0.39141069392841565
 0.0
 0.0
 0.0
 0.0
 0.0
 0.0
 0.0
 0.0
 0.0
 0.0
 0.0
 0.0
 0.0
 0.0
 0.0
 0.0
 1.60858930660756
 1.0
 0.3914106934454472
 0.0
 0.0
 0.0
 0.0
 0.0
 0.0
 0.0
 0.0
 0.0
 1.3476654509096737
 0.6738327225655636
 0.0
 0.6523345486605807
 0.3261672729243264
 0.0
 0.0
 0.0
 0.0
 0.0
 0.0
 0.0
 0.0
 0.0
 0.0
 0.0
 0.0
 0.0
 0.0
 0.21438311370670204
 0.7953477568027201
 0.0
 0.0
 0.0
 0.0
 0.0
 0.0
 0.05516326804074114
 0.20465222626390014
 0.0
 0.0
 0.0
 0.0
 0.0
 0.0
 0.0
 0.0
 0.0
 0.0
 0.0
 0.0
 0.0
 0.0
 0.0
 0.0
 0.0
 0.0
 0.0
 0.0
 0.0
 0.0
 0.5049685292418116
 3.890869879869955
 0.0
 0.7968559062527946
x_ij_opt: 1-dimensional DenseAxisArray{Float64,1,...} with index sets:
    Dimension 1, [(43, 30), (43, 22), (43, 6), (44, 22), (45, 30), (45, 29), (45, 28), (45, 24), (45, 23), (40, 29)  …  (5, 7), (5, 14), (6, 4), (6, 3), (1, 14), (1, 10), (1, 23), (1, 1), (3, 2), (3, 1)]
And data, a 116-element Vector{Float64}:
 0.0
 0.0
 0.3928071053727817
 0.0
 1.4950314710145651
 0.0
 1.7304536177352323
 0.0
 0.0
 0.0
 0.0
 0.0
 0.0
 0.0
 0.0
 0.0
 0.0
 0.0
 0.3351128467115985
 0.0
 0.0
 0.0
 0.0
 0.0
 0.0
 0.0
 0.0
 1.9999999969823912
 0.0
 0.0
 0.0
 0.0
 0.0
 0.0
 0.0
 0.0
 0.0
 0.0
 0.0
 0.0
 0.0
 0.0
 0.0
 0.21466136012430617
 0.0
 0.0
 0.0
 0.0
 0.0
 0.0
 0.0
 0.0
 0.0
 0.0
 0.0
 0.6085893062679443
 0.0
 0.0
 0.20848948636903053
 0.5139338019322817
 0.0
 0.0
 0.0
 0.0
 6.0
 0.0
 0.0
 0.0
 0.0
 0.6648871526100545
 0.0
 0.0
 0.0
 0.0
 0.0
 0.0
 1.4151230783507729e-8
 0.9929550148422359
 0.0
 0.0
 0.0
 0.0
 0.0
 0.0
 0.0
 0.0
 0.0
 0.18696086901840445
 0.0
 0.0
 0.0
 0.0
 0.0
 0.0
 0.0
 0.0
 0.0
 0.0
 0.0
 0.20314409396079472
 0.0
 0.0
 0.0
 0.0
 0.0
 0.02618321000634004
 0.0
 0.0
 0.0
 0.0
 0.17188389673313823
 0.0
 0.0
 5.593443401495073
 0.0
 0.0
x_il_opt: 1-dimensional DenseAxisArray{Float64,1,...} with index sets:
    Dimension 1, [(43, 15), (43, 14), (44, 15), (44, 13), (44, 3), (40, 14), (40, 2), (41, 14), (42, 6), (37, 13)  …  (4, 13), (5, 2), (5, 7), (5, 9), (6, 11), (1, 1), (1, 6), (1, 3), (2, 1), (2, 15)]
And data, a 71-element Vector{Float64}:
 0.0
 0.0
 0.0
 2.0214981748049605
 2.4773794639343434
 1.0097308704581198
 0.0
 0.0
 0.7835784974933465
 0.97850182226269
 0.0
 3.0
 0.0
 0.0
 2.9999999994356155
 0.0
 0.0
 0.0
 7.69498637915084
 0.0
 1.6988048522740733
 0.2598154943484766
 3.0
 1.0182511993459462
 1.9817488009936306
 0.0
 0.30501362072054017
 0.0
 2.3914106942940463
 1.1928152338420897
 1.5986952742056404
 0.0
 0.0
 0.0
 0.0
 0.0
 0.0
 0.0
 0.4013047273248803
 0.0
 0.0
 0.0
 2.8130391317948873
 0.0
 0.0
 1.9817487993038962
 0.0
 2.999999999109112
 0.0
 0.0
 0.0
 0.0
 0.0
 0.0
 2.8099018105470708
 0.0
 0.0
 5.522620511215269
 0.0
 0.0
 0.0
 0.0
 0.0
 0.0
 0.2932509642531937
 0.0
 0.0
 2.2346727023634463
 0.0
 0.0
 5.192694315476235
x_lj_opt: 1-dimensional DenseAxisArray{Float64,1,...} with index sets:
    Dimension 1, [(15, 30), (15, 29), (15, 23), (15, 3), (14, 28), (14, 27), (14, 10), (14, 24), (13, 26), (13, 25)  …  (3, 6), (3, 5), (3, 29), (2, 4), (2, 3), (2, 1), (2, 5), (1, 2), (1, 1), (1, 14)]
And data, a 53-element Vector{Float64}:
 0.5049685292202292
 3.8908698797736685
 0.0
 0.7968559062238756
 0.26954638246300294
 0.9999999857294317
 0.0
 0.0
 2.0
 0.999999995747971
 0.0
 1.6085893065460461
 0.999999999980137
 0.3914106934442266
 1.999999999631163
 0.0
 0.0
 0.0
 0.3914106940438371
 0.0
 0.0
 2.0
 0.999999998702224
 1.4860661982781986
 0.0
 0.0
 5.999999994859304
 2.0000000042743626
 0.0
 0.0
 1.801932891771812
 0.7915105126018867
 0.4065565956203546
 2.0
 5.999999999854353
 0.0
 1.8130391314801033
 0.9999999998649624
 0.0
 0.0
 1.0070449851766297
 3.3914106894022207
 0.11025098963910973
 1.3925315344815976
 4.889749012953108
 1.7177194276891392
 1.8897490105527452
 0.0
 0.0
 1.1102509877022877
 1.9999999984470485
 0.0
 0.0
q_opt: 1-dimensional DenseAxisArray{Float64,1,...} with index sets:
    Dimension 1, [(43, 15), (43, 14), (44, 15), (44, 13), (44, 3), (40, 14), (40, 2), (41, 14), (42, 6), (37, 13)  …  (4, 13), (5, 2), (5, 7), (5, 9), (6, 11), (1, 1), (1, 6), (1, 3), (2, 1), (2, 15)]
And data, a 71-element Vector{Float64}:
 0.0
 0.0
 0.0
 0.6738327254516484
 0.30967243395627103
 0.7953477681513209
 0.0
 0.0
 0.0979473121788224
 0.32616727433205855
 0.0
 1.0
 0.0
 0.0
 0.3749999999221362
 0.0
 0.0
 0.0
 0.9618732973846417
 0.0
 0.3767831839121013
 0.20465222918293985
 1.0
 0.3394170665915537
 0.24771860011673902
 0.0
 0.038126702587890915
 0.0
 0.9999999996757024
 0.8026662841577068
 0.7993476363850341
 0.0
 0.0
 0.0
 0.0
 0.0
 0.0
 0.0
 0.20065236344556114
 0.0
 0.0
 0.0
 1.0
 0.0
 0.0
 0.660582933377204
 0.0
 0.9999999997159953
 0.0
 0.0
 0.0
 0.0
 0.0
 0.0
 0.6232168157761778
 0.0
 0.0
 0.6903275660500412
 0.0
 0.0
 0.0
 0.0
 0.0
 0.0
 0.19733371532221597
 0.0
 0.0
 0.27933408778803415
 0.0
 0.0
 1.0

