objective value: -616.413847321
objective bound: -640.420314217
termination status: TIME_LIMIT
BARON solution time: 7227.29


w_opt: 1-dimensional DenseAxisArray{Float64,1,...} with index sets:
    Dimension 1, [(25, 1, 2), (25, 1, 1), (25, 1, 14), (20, 1, 2), (20, 1, 1), (20, 1, 14), (1, 1, 2), (1, 1, 1), (1, 1, 14), (2, 1, 2)  …  (20, 15, 23), (20, 15, 3), (8, 15, 30), (8, 15, 29), (8, 15, 23), (8, 15, 3), (2, 15, 30), (2, 15, 29), (2, 15, 23), (2, 15, 3)]
And data, a 261-element Vector{Float64}:
 1.4899105976494698
 0.0
 0.0
 0.510089402558445
 0.0
 0.0
 0.0
 0.0
 0.0
 0.0
 0.0
 0.0
 0.0
 0.0
 0.0
 0.0
 0.0
 0.0
 0.0
 2.9999999998793645
 0.0
 0.0
 0.0
 0.0
 0.0
 0.0
 0.0
 0.0
 0.0
 1.3676164630075862
 0.8928254610658538
 0.0
 0.0
 0.0
 0.0
 0.0
 0.0
 0.0
 0.0
 0.0
 0.0
 1.6323835384148802
 1.0656742037992994
 0.0
 0.0
 0.0
 0.0
 0.0
 0.0
 1.001457759370909
 0.7587933695051488
 0.24997033681498454
 0.0
 0.0
 0.0
 0.0
 0.0
 0.0
 0.0
 2.0
 0.9999999999909018
 0.0
 0.0
 0.0
 0.0
 0.0
 0.0
 0.0
 0.0
 0.0
 0.0
 0.2527388392027995
 0.7582165175777171
 0.0
 0.7500000002881615
 2.250000000719894
 0.0
 0.46394574862914245
 1.3918372458086743
 0.0
 0.0
 0.0
 0.0
 0.0
 0.0
 0.0
 0.0
 0.0
 0.0
 0.0
 0.0
 0.0
 0.5333154121341641
 1.5999462363078367
 0.0
 0.0
 0.0
 0.0
 0.0
 0.0
 0.0
 0.8708644301680483
 0.8009007059219595
 1.3282348639045574
 0.0
 0.0
 0.0
 0.0
 0.0
 0.0
 0.0
 0.0
 0.0
 0.0
 0.0
 0.0
 0.0
 0.0
 4.1910564150038025
 2.959376638469372
 0.0
 0.0
 0.0
 0.4979534771572669
 0.3516134695614041
 0.0
 0.0
 0.0
 0.0
 0.0
 0.0
 0.0
 0.0
 0.0
 0.0
 0.0
 0.0
 0.0
 0.0
 0.0
 0.0
 0.0
 0.0
 0.0
 0.0
 0.0
 0.0
 0.0
 0.0
 0.0
 0.0
 0.03386836305395268
 0.0
 0.7628113373813169
 0.3814056685934209
 0.0
 0.0
 1.2371886629010478
 0.6185943312930071
 0.0
 0.0
 0.0
 0.0
 0.0
 0.0
 0.0
 0.0
 0.0
 0.0
 0.0
 0.0
 0.0
 0.0
 2.0
 0.0
 0.0
 0.0
 0.37443759788880854
 0.0
 0.0
 0.0
 0.0
 0.0
 0.0
 0.0
 0.0
 0.0
 0.0
 0.0
 0.0
 0.0
 0.0
 0.0
 0.0
 1.6255624030548486
 1.0
 0.37443759724144376
 0.0
 0.0
 0.0
 0.0
 0.0
 0.0
 0.0
 0.0
 0.0
 1.263567278813648
 0.5604417972118833
 0.0
 0.7364327216040953
 0.3266368834807555
 0.0
 0.0
 0.0
 0.0
 0.0
 0.0
 0.0
 0.0
 0.0
 0.0
 0.0
 0.0
 0.0
 0.0
 0.20519592998275224
 0.5227314803862587
 0.0
 0.0
 0.0
 0.0
 0.0
 0.0
 0.0
 0.0
 0.0
 0.0
 0.0
 0.0
 0.0
 0.0
 0.0
 0.0
 0.0
 0.0
 0.0
 0.0
 0.0
 0.0
 0.0
 0.0
 0.0
 0.0
 0.0
 0.0
 0.0
 0.0
 1.1462295687792945
 3.667062739537613
 0.0
 1.0
x_ij_opt: 1-dimensional DenseAxisArray{Float64,1,...} with index sets:
    Dimension 1, [(43, 30), (43, 22), (43, 6), (44, 22), (45, 30), (45, 29), (45, 28), (45, 24), (45, 23), (40, 29)  …  (5, 7), (5, 14), (6, 4), (6, 3), (1, 14), (1, 10), (1, 23), (1, 1), (3, 2), (3, 1)]
And data, a 116-element Vector{Float64}:
 0.0
 0.0
 1.1504330532622251
 0.0
 0.8537704316199339
 0.0
 1.7948040699093142
 0.0
 0.0
 0.0
 0.0
 0.0
 0.0
 0.0
 0.0
 0.0
 0.0
 0.0
 0.3437170021526844
 0.0
 1.5932133928499712
 0.0
 0.0
 0.0
 0.0
 0.0
 0.0
 1.9999999999107119
 0.0
 0.0
 0.0
 0.0
 0.0
 0.0
 0.0
 0.0
 0.0
 0.0
 0.0
 0.0
 0.0
 0.0
 0.0
 0.8495669475095537
 0.0
 0.0
 0.0
 0.0
 0.0
 0.0
 0.0
 0.0
 0.0
 0.0
 0.0
 0.625562401267869
 0.0
 1.3109901088934226
 0.19909929386207642
 1.9661316371416626
 0.0
 0.0
 0.0
 0.0
 6.0
 0.0
 0.0
 0.0
 0.0
 0.6562829979494651
 0.0
 0.0
 0.0
 0.0
 0.0
 0.0
 0.47726851857407115
 0.9985422409193947
 0.0
 0.0
 0.0
 0.0
 0.0
 0.0
 0.0
 0.0
 0.0
 0.0
 0.0
 0.0
 0.0
 0.0
 0.0
 0.0
 0.0
 0.0
 0.0
 0.11292131988792692
 0.0
 0.0
 0.0
 0.0
 0.0
 0.0
 0.0
 1.0390067039971966
 0.0
 0.0
 1.7500296632880292
 0.0
 0.09012886635189558
 0.0
 0.0
 3.078551744100902
 0.0
 0.0
x_il_opt: 1-dimensional DenseAxisArray{Float64,1,...} with index sets:
    Dimension 1, [(43, 15), (43, 14), (44, 15), (44, 13), (44, 3), (40, 14), (40, 2), (41, 14), (42, 6), (37, 13)  …  (4, 13), (5, 2), (5, 7), (5, 9), (6, 11), (1, 1), (1, 6), (1, 3), (2, 1), (2, 15)]
And data, a 71-element Vector{Float64}:
 0.0
 0.0
 0.0
 1.8240090763913954
 2.2604419241409377
 0.7279274105743921
 0.0
 0.0
 1.0109553568550602
 1.063069605339652
 0.0
 3.0
 0.0
 0.0
 3.0
 0.0
 0.0
 0.0
 7.150433053961622
 0.0
 0.0
 0.0
 3.0
 1.1442170059747379
 1.8557829945002382
 0.0
 0.8495669471308384
 0.0
 2.374437599530473
 0.0
 1.489910597752623
 0.0
 0.0
 0.0
 0.0
 0.0
 0.0
 0.0
 0.5100894026815008
 0.0
 0.0
 0.0
 3.0
 0.0
 0.0
 1.855782994194055
 0.0
 2.9999999999958966
 0.0
 0.0
 0.0
 0.0
 0.0
 0.0
 2.010221465691042
 0.0
 0.0
 0.0
 0.0
 0.0
 0.0
 0.0
 0.0
 0.0
 0.03386836306161008
 0.0
 0.0
 2.1332616485004876
 2.698057742275289
 0.0
 5.813292308493437
x_lj_opt: 1-dimensional DenseAxisArray{Float64,1,...} with index sets:
    Dimension 1, [(15, 30), (15, 29), (15, 23), (15, 3), (14, 28), (14, 27), (14, 10), (14, 24), (13, 26), (13, 25)  …  (3, 6), (3, 5), (3, 29), (2, 4), (2, 3), (2, 1), (2, 5), (1, 2), (1, 1), (1, 14)]
And data, a 53-element Vector{Float64}:
 1.146229568672724
 3.6670627391684705
 0.0
 0.9999999999994968
 0.2051959304710272
 0.5227314816305411
 0.0
 0.0
 2.0
 0.887078680589717
 0.0
 1.625562402911526
 1.0
 0.37443759721661396
 1.9999999999531477
 0.0
 0.0
 0.0
 0.37443759785307373
 0.0
 0.0
 2.0
 0.999999999842992
 0.03386836323122754
 0.0
 0.0
 4.689009891774057
 3.3109901077999067
 0.0
 0.0
 0.8708644302070069
 0.8009007059219595
 1.328234863957342
 2.0
 6.0
 0.0
 2.0
 0.9999999999546468
 0.0
 0.0
 1.0014577593534781
 0.7587933694915774
 0.24997033680973735
 0.0
 3.0000000011836807
 1.9584996646854578
 0.0
 0.0
 0.0
 2.9999999996460103
 2.0
 0.0
 0.0
q_opt: 1-dimensional DenseAxisArray{Float64,1,...} with index sets:
    Dimension 1, [(43, 15), (43, 14), (44, 15), (44, 13), (44, 3), (40, 14), (40, 2), (41, 14), (42, 6), (37, 13)  …  (4, 13), (5, 2), (5, 7), (5, 9), (6, 11), (1, 1), (1, 6), (1, 3), (2, 1), (2, 15)]
And data, a 71-element Vector{Float64}:
 0.0
 0.0
 0.0
 0.6317836393564997
 0.4558721541587315
 0.9999999976177839
 0.0
 0.0
 0.1263694195954295
 0.36821636077451675
 0.0
 1.0
 0.0
 0.0
 0.37500000011959284
 0.0
 0.0
 0.0
 0.8938041317345369
 0.0
 0.0
 0.0
 1.0
 0.38140566865693876
 0.2319728743008133
 0.0
 0.10619586836948199
 0.0
 1.0
 0.0
 0.7449552988074017
 0.0
 0.0
 0.0
 0.0
 0.0
 0.0
 0.0
 0.25504470127332507
 0.0
 0.0
 0.0
 1.0
 0.0
 0.0
 0.6185943313954833
 0.0
 0.9999999999702597
 0.0
 0.0
 0.0
 0.0
 0.0
 0.0
 1.0
 0.0
 0.0
 0.0
 0.0
 0.0
 0.0
 0.0
 0.0
 0.0
 0.999999994755732
 0.0
 0.0
 0.26665770605073785
 0.5441278459263407
 0.0
 1.0

