objective value: -617.141104252
objective bound: -632.675230568
termination status: TIME_LIMIT
BARON solution time: 7226.86


w_opt: 1-dimensional DenseAxisArray{Float64,1,...} with index sets:
    Dimension 1, [(25, 1, 2), (25, 1, 1), (25, 1, 14), (20, 1, 2), (20, 1, 1), (20, 1, 14), (1, 1, 2), (1, 1, 1), (1, 1, 14), (2, 1, 2)  …  (20, 15, 23), (20, 15, 3), (8, 15, 30), (8, 15, 29), (8, 15, 23), (8, 15, 3), (2, 15, 30), (2, 15, 29), (2, 15, 23), (2, 15, 3)]
And data, a 261-element Vector{Float64}:
 0.8517416915985327
 1.0436135257577417
 0.0
 1.0387264184127247
 1.2727202983147798
 0.0
 0.0
 0.0
 0.0
 0.0
 0.0
 0.0
 0.0
 0.0
 0.0
 0.0
 1.8904485638844648
 0.0
 0.07582182883259993
 1.033729607526077
 0.0
 0.0
 0.0
 0.0
 0.0
 0.0
 0.0
 0.0
 0.0
 2.814645774206933
 1.0882753821252862
 0.0
 0.0
 0.0
 0.0
 0.0
 0.0
 0.0
 0.0
 0.0
 0.0
 2.15162461949021
 0.8319199973309793
 0.21789573123908712
 0.6521337350363794
 0.021614660410711195
 0.0
 0.0
 0.0
 0.8864838859775751
 2.6531315887870197
 0.08793677620872788
 0.0
 0.0
 0.0
 0.0
 0.0
 0.0
 0.0
 1.7497252135769619
 1.0
 0.0
 0.0
 0.0
 0.0
 0.0
 0.0
 0.0
 0.0
 0.0
 0.0
 0.0
 0.0
 0.0
 0.5895875005357091
 1.7687625015042192
 0.0
 0.4353174364015104
 1.3059523091503005
 0.0
 0.0
 0.0
 0.0
 0.0
 0.0
 0.0
 0.0
 0.0
 0.0
 0.0
 0.0
 0.0
 0.9750950633217247
 2.9252851897404812
 0.0
 0.0
 0.0
 0.0
 0.0
 0.0
 0.0
 1.9999999999178184
 0.9467974577922914
 0.05320254257644663
 0.0
 0.0
 0.0
 0.0
 0.0
 0.0
 0.0
 0.0
 0.0
 0.0
 0.0
 0.0
 0.0
 0.0
 4.230147301431686
 1.4100490993555814
 0.0
 0.0
 0.0
 1.7698526995237382
 0.5899508993034075
 0.0
 0.0
 0.0
 0.0
 0.0
 0.0
 0.0
 0.0
 0.0
 0.0
 0.0
 0.0
 0.0
 0.0
 0.0
 0.0
 0.0
 0.0
 0.0
 0.0
 0.0
 0.0
 0.3605482153870483
 0.0
 0.0
 0.0
 0.0
 0.0
 0.8391535032551571
 0.41957675157733965
 0.0
 0.0
 1.1608464970418277
 0.5804232484508273
 0.0
 0.0
 0.0
 0.0
 0.0
 0.0
 0.0
 0.0
 0.0
 0.0
 0.0
 0.0
 0.0
 0.0
 1.8963758570255669
 0.0
 0.0
 0.0
 0.40888946364041073
 0.0
 0.0
 0.0
 0.0
 0.0
 0.0
 0.0
 0.0
 0.0
 0.0
 0.0
 0.0
 0.0
 0.0
 0.0
 0.0
 1.5911105373413643
 1.0
 0.4088894629540158
 0.0
 0.0
 0.0
 0.0
 0.0
 0.0
 0.0
 0.0
 0.0
 1.539403984094373
 0.6853950775282256
 0.08430691439415429
 0.0
 0.0
 0.0
 0.0
 0.0
 0.0
 0.4605960163080048
 0.2050730318734727
 0.025224976225203654
 0.0
 0.0
 0.0
 0.0
 0.0
 0.0
 0.0
 0.4322220713750608
 0.9548717690737345
 0.0
 0.0
 0.0
 0.0
 0.0
 0.0
 0.0
 0.0
 0.0
 0.0
 0.0
 0.0
 0.0
 0.0
 0.0
 0.0
 0.0
 0.0
 0.0
 0.0
 0.0
 0.0
 0.0
 0.0
 0.0
 0.0
 0.0
 0.0
 0.0
 0.0
 0.7890159234196553
 3.670915159188344
 0.0
 0.9306052783711317
x_ij_opt: 1-dimensional DenseAxisArray{Float64,1,...} with index sets:
    Dimension 1, [(43, 30), (43, 22), (43, 6), (44, 22), (45, 30), (45, 29), (45, 28), (45, 24), (45, 23), (40, 29)  …  (5, 7), (5, 14), (6, 4), (6, 3), (1, 14), (1, 10), (1, 23), (1, 1), (3, 2), (3, 1)]
And data, a 116-element Vector{Float64}:
 0.0
 0.10362414374689183
 1.5676562924761583
 0.0
 1.2109840769573752
 0.0
 1.5677779290065685
 0.0
 0.0
 0.0
 0.0
 0.0
 0.0
 0.0
 0.0
 0.0
 0.0
 0.0
 0.311446716189718
 0.0
 2.688553284146226
 0.0
 0.0
 0.0
 0.0
 0.0
 0.0
 2.0
 0.0
 0.0
 0.0
 0.0
 0.0
 0.0
 0.0
 0.0
 0.0
 0.0
 0.0
 0.0
 0.0
 0.0
 0.0
 0.4323437083619911
 0.0
 0.0
 0.0
 0.0
 0.0
 0.0
 0.0
 0.0
 0.0
 0.0
 0.0
 0.6947346786210882
 0.0
 0.0
 0.053202542679622856
 1.6394517849837453
 0.0
 0.0
 0.0
 0.0
 6.0
 0.0
 0.0
 0.0
 0.0
 0.6885532841201505
 0.0
 0.0
 0.0
 0.0
 0.0
 0.0
 0.04512823118337234
 0.8956203831299131
 0.0
 0.0
 0.0
 0.0
 0.0
 0.0
 0.0
 0.0
 0.0
 0.25027478728663544
 0.0
 0.0
 0.0
 0.0
 0.0
 0.0
 0.0
 0.0
 0.0
 0.109531891167103
 0.0
 0.06939472221410642
 0.0
 0.0
 0.0
 0.0
 0.0
 0.0
 0.0
 0.0
 0.0
 0.0
 0.0
 0.0
 0.0
 0.8660885214278288
 0.0
 0.0
x_il_opt: 1-dimensional DenseAxisArray{Float64,1,...} with index sets:
    Dimension 1, [(43, 15), (43, 14), (44, 15), (44, 13), (44, 3), (40, 14), (40, 2), (41, 14), (42, 6), (37, 13)  …  (4, 13), (5, 2), (5, 7), (5, 9), (6, 11), (1, 1), (1, 6), (1, 3), (2, 1), (2, 15)]
And data, a 71-element Vector{Float64}:
 0.0
 0.0
 0.0
 2.309105976016753
 3.9029211563938393
 1.3870938406498448
 0.0
 0.0
 0.0
 0.0
 0.0
 3.0
 0.0
 0.0
 2.3583500021367456
 0.0
 0.0
 0.0
 5.640196401418184
 0.0
 0.8916441266861777
 0.0
 3.0
 1.2587302548324968
 1.7412697456562287
 0.0
 2.359803599322395
 0.0
 2.3052653222757526
 0.360548215450058
 1.895355217378594
 0.6908940244066812
 0.0
 0.0
 0.0
 0.0
 0.0
 0.0
 2.3114467167400954
 0.0
 0.0
 0.0
 2.7497252137894965
 0.0
 0.0
 1.7412697454926551
 0.0
 3.0
 0.0
 0.0
 0.0
 0.0
 0.0
 0.0
 3.6275522509733227
 0.0
 0.0
 0.0
 0.0
 0.0
 0.0
 0.0
 0.0
 0.0
 0.0
 0.0
 0.0
 3.9003802531401033
 2.983544616891835
 0.0
 5.390536361101824
x_lj_opt: 1-dimensional DenseAxisArray{Float64,1,...} with index sets:
    Dimension 1, [(15, 30), (15, 29), (15, 23), (15, 3), (14, 28), (14, 27), (14, 10), (14, 24), (13, 26), (13, 25)  …  (3, 6), (3, 5), (3, 29), (2, 4), (2, 3), (2, 1), (2, 5), (1, 2), (1, 1), (1, 14)]
And data, a 53-element Vector{Float64}:
 0.7890159233402525
 3.6709151588093265
 0.0
 0.9306052782775
 0.43222207138565405
 0.9548717690967232
 0.0
 0.0
 2.0
 0.8904681093260658
 0.10953189064014758
 1.5911105371934056
 1.0
 0.40888946293149775
 1.8963758568315676
 0.0
 0.0
 0.0
 0.40888946359858297
 0.0
 0.0
 2.0
 0.9999999999871729
 0.3605482154084786
 0.0
 0.0
 6.0
 1.9999999986869905
 0.0
 0.0
 1.999999999801429
 0.9467974577516625
 0.05320254256424524
 2.0
 5.999999999919445
 0.0
 1.7497252134033379
 0.9999999999970847
 0.0
 0.0
 1.104379617160481
 3.3052653236557004
 0.10955143661337488
 0.0
 4.966270393403789
 1.9201953793428368
 1.8904485637746424
 0.0
 0.07582182886989185
 1.0337296074856772
 1.890468109841535
 2.316333823875315
 0.0
q_opt: 1-dimensional DenseAxisArray{Float64,1,...} with index sets:
    Dimension 1, [(43, 15), (43, 14), (44, 15), (44, 13), (44, 3), (40, 14), (40, 2), (41, 14), (42, 6), (37, 13)  …  (4, 13), (5, 2), (5, 7), (5, 9), (6, 11), (1, 1), (1, 6), (1, 3), (2, 1), (2, 15)]
And data, a 71-element Vector{Float64}:
 0.0
 0.0
 0.0
 0.769701991978113
 0.566752422088284
 0.9999999999754715
 0.0
 0.0
 0.0
 0.0
 0.0
 1.0
 0.0
 0.0
 0.2947937502547765
 0.0
 0.0
 0.0
 0.7050245501673537
 0.0
 0.19730147845285823
 0.0
 1.0
 0.4195767515869293
 0.21765871819472
 0.0
 0.294975449898237
 0.0
 1.0
 0.999999999940441
 0.4505453898758864
 0.2302980081359712
 0.0
 0.0
 0.0
 0.0
 0.0
 0.0
 0.5494546102117246
 0.0
 0.0
 0.0
 1.0
 0.0
 0.0
 0.5804232484664709
 0.0
 1.0
 0.0
 0.0
 0.0
 0.0
 0.0
 0.0
 0.802698521597791
 0.0
 0.0
 0.0
 0.0
 0.0
 0.0
 0.0
 0.0
 0.0
 0.0
 0.0
 0.0
 0.48754753163014863
 0.4332475779707851
 0.0
 1.0

