objective value: -623.581384924
objective bound: -623.643749267
termination status: OPTIMAL
BARON solution time: 1018.41


w_opt: 1-dimensional DenseAxisArray{Float64,1,...} with index sets:
    Dimension 1, [(25, 1, 2), (25, 1, 1), (25, 1, 14), (20, 1, 2), (20, 1, 1), (20, 1, 14), (1, 1, 2), (1, 1, 1), (1, 1, 14), (2, 1, 2)  …  (20, 15, 23), (20, 15, 3), (8, 15, 30), (8, 15, 29), (8, 15, 23), (8, 15, 3), (2, 15, 30), (2, 15, 29), (2, 15, 23), (2, 15, 3)]
And data, a 261-element Vector{Float64}:
 1.1264458686850582
 0.9826149846279917
 0.0
 0.8735541316051109
 0.7620138734237658
 0.0
 0.0
 0.0
 0.0
 0.0
 0.0
 0.0
 0.0
 0.0
 0.0
 0.0
 0.0
 0.0
 0.0
 3.0
 0.0
 0.0
 0.0
 0.0
 0.0
 0.0
 0.0
 0.0
 0.0
 0.0
 0.0
 0.0
 0.0
 0.0
 0.0
 0.0
 0.0
 0.0
 0.0
 0.0
 0.0
 0.0
 1.173225873057029
 0.0
 0.0
 0.0
 0.0
 0.0
 0.0
 0.9894968984758464
 0.9380400348978505
 0.25356074622100405
 0.0
 0.0
 0.0
 0.0
 0.0
 0.0
 0.0
 2.0
 1.0
 0.0
 0.0
 0.0
 0.0
 0.0
 0.0
 0.0
 0.0
 0.0
 0.0
 0.0
 0.0
 0.0
 0.7265936730655524
 2.1797810190578577
 0.0
 0.5850314978916951
 1.75509449355451
 0.0
 0.0
 0.0
 0.0
 0.0
 0.0
 0.0
 0.0
 0.0
 0.0
 0.0
 0.0
 0.0
 0.6883748293552854
 2.0651244879319135
 0.0
 0.0
 0.0
 0.0
 0.0
 0.0
 0.0
 1.9058694131209943
 0.8179036671160461
 0.2762269200560795
 0.0
 0.0
 0.0
 0.0
 0.0
 0.0
 0.0
 0.0
 0.0
 0.0
 0.0
 0.0
 0.0
 0.0
 4.609388180232399
 2.3598066740230847
 0.0
 0.0
 0.0
 0.6817690075831537
 0.34903613914237186
 0.0
 0.0
 0.0
 0.0
 0.0
 0.0
 0.0
 0.0
 0.0
 0.0
 0.0
 0.0
 0.0
 0.0
 0.0
 0.0
 0.0
 0.0
 0.0
 0.0
 0.0
 0.0
 0.0
 0.0
 0.0
 0.0
 0.0
 0.0
 0.439916006073658
 0.2199580029982862
 0.0
 0.0
 1.560083994187669
 0.7800419969571495
 0.0
 0.0
 0.0
 0.0
 0.0
 0.0
 0.0
 0.0
 0.0
 0.0
 0.0
 0.0
 0.0
 0.0
 1.9302691877162632
 0.0
 0.0
 0.0
 0.4030362457905007
 0.6666945660741
 0.0
 0.0
 0.0
 0.0
 0.0
 0.0
 0.0
 0.0
 0.0
 0.0
 0.0
 0.0
 0.0
 0.0
 0.0
 1.5969637551925642
 1.0
 0.403036245007324
 0.0
 0.0
 0.0
 0.0
 0.0
 0.0
 0.0
 0.0
 0.0
 1.4102678017580164
 0.7051339005503255
 0.0
 0.5897321986337793
 0.29486609917944445
 0.0
 0.0
 0.0
 0.0
 0.0
 0.0
 0.0
 0.0
 0.0
 0.0
 0.0
 0.0
 0.0
 0.0
 0.03027857799562597
 0.18375811050466023
 0.0
 0.0
 0.0
 0.0
 0.0
 0.0
 0.13449552585231425
 0.8162418890878484
 0.0
 0.0
 0.0
 0.0
 0.0
 0.0
 0.0
 0.0
 0.0
 0.0
 0.0
 0.0
 0.0
 0.0
 0.0
 0.0
 0.0
 0.0
 0.0
 0.0
 0.0
 0.0
 2.0
 4.42373788336239
 0.0
 1.0
x_ij_opt: 1-dimensional DenseAxisArray{Float64,1,...} with index sets:
    Dimension 1, [(43, 30), (43, 22), (43, 6), (44, 22), (45, 30), (45, 29), (45, 28), (45, 24), (45, 23), (40, 29)  …  (5, 7), (5, 14), (6, 4), (6, 3), (1, 14), (1, 10), (1, 23), (1, 1), (3, 2), (3, 1)]
And data, a 116-element Vector{Float64}:
 0.0
 0.06973081303370073
 1.360248395528729
 0.0
 0.0
 0.0
 1.8352258964637123
 0.0
 0.0
 0.0
 0.0
 0.0
 0.0
 0.0
 0.0
 0.0
 0.0
 0.0
 0.2624296248088074
 0.0
 0.0
 0.0
 0.0
 0.0
 0.0
 0.0
 0.0
 2.0
 0.0
 0.0
 0.0
 0.0
 0.0
 0.0
 0.0
 0.0
 0.0
 0.0
 0.0
 0.0
 0.0
 0.0
 0.0
 0.6397516053420746
 0.0
 0.0
 0.0
 0.0
 0.0
 0.0
 0.0
 0.0
 0.0
 0.0
 0.0
 0.0
 0.0
 0.7088428135051822
 0.1820963336211652
 2.0
 0.0
 0.0
 0.0
 0.0
 6.0
 0.0
 0.0
 0.0
 0.0
 0.7375703755766649
 0.0
 0.0
 0.0
 0.0
 0.0
 0.0
 0.0
 1.0105031018596533
 0.0
 0.0
 0.0
 0.0
 0.0
 0.0
 0.0
 0.0
 0.0
 0.0
 0.0
 0.16631377931789626
 0.0
 0.0
 2.353117152508647
 0.0
 0.0
 0.0
 0.0
 0.0
 0.0
 0.0
 0.0
 0.0
 0.0
 0.0
 0.0
 0.0
 0.0
 0.0
 1.746439253874929
 0.0
 0.09413058773103898
 0.0
 0.0
 3.9791442230838334
 0.0
 0.0
x_il_opt: 1-dimensional DenseAxisArray{Float64,1,...} with index sets:
    Dimension 1, [(43, 15), (43, 14), (44, 15), (44, 13), (44, 3), (40, 14), (40, 2), (41, 14), (42, 6), (37, 13)  …  (4, 13), (5, 2), (5, 7), (5, 9), (6, 11), (1, 1), (1, 6), (1, 3), (2, 1), (2, 15)]
And data, a 71-element Vector{Float64}:
 0.0
 0.0
 0.0
 2.1154017025153706
 0.0
 0.21403668846413593
 0.0
 0.0
 0.0
 0.8845982978997973
 0.0
 3.0
 0.0
 0.0
 2.9063746920866356
 0.0
 0.0
 0.0
 6.969194854011155
 0.0
 0.0
 0.9507374147785702
 3.0
 0.6598740090719442
 2.3401259914210057
 0.0
 1.0308051466897312
 0.0
 3.0
 0.0
 2.1090608532589483
 0.0
 0.0
 0.0
 0.0
 0.0
 0.0
 0.0
 1.6355680049870975
 0.0
 0.0
 0.0
 3.0
 0.0
 0.0
 2.3401259911448182
 0.0
 3.0
 0.0
 0.0
 0.0
 0.0
 0.0
 0.0
 2.181097679594701
 0.0
 0.0
 0.0
 0.0
 0.0
 0.0
 0.0
 0.0
 0.0
 0.0
 0.0
 0.0
 2.7534993172535804
 1.1732258730018932
 0.0
 7.423737883596411
x_lj_opt: 1-dimensional DenseAxisArray{Float64,1,...} with index sets:
    Dimension 1, [(15, 30), (15, 29), (15, 23), (15, 3), (14, 28), (14, 27), (14, 10), (14, 24), (13, 26), (13, 25)  …  (3, 6), (3, 5), (3, 29), (2, 4), (2, 3), (2, 1), (2, 5), (1, 2), (1, 1), (1, 14)]
And data, a 53-element Vector{Float64}:
 2.0
 4.423737883127417
 0.0
 1.0
 0.16477410392768077
 1.0
 0.0
 0.0
 2.0
 0.9999999996324649
 0.0
 1.5969637550388893
 1.0
 0.4030362449683351
 1.9302691875380067
 0.0
 0.0
 0.0
 0.4030362457517339
 0.6666945660112544
 0.0
 2.0
 0.9999999999230961
 0.0
 0.0
 0.0
 5.291157187427524
 2.7088428129668234
 0.0
 0.0
 1.9058694129552165
 0.8179036670449025
 0.2762269200320524
 2.0
 6.0
 0.0
 2.0
 1.0
 0.0
 0.0
 0.9894968984329612
 0.9380400348571953
 0.2535607462100145
 0.0
 0.0
 1.1732258729958078
 0.0
 0.0
 0.0
 3.0
 2.0
 1.7446288579665101
 0.0
q_opt: 1-dimensional DenseAxisArray{Float64,1,...} with index sets:
    Dimension 1, [(43, 15), (43, 14), (44, 15), (44, 13), (44, 3), (40, 14), (40, 2), (41, 14), (42, 6), (37, 13)  …  (4, 13), (5, 2), (5, 7), (5, 9), (6, 11), (1, 1), (1, 6), (1, 3), (2, 1), (2, 15)]
And data, a 71-element Vector{Float64}:
 0.0
 0.0
 0.0
 0.7051339008094871
 0.0
 0.18375811049011972
 0.0
 0.0
 0.0
 0.29486609928781793
 0.0
 1.0
 0.0
 0.0
 0.3632968364982069
 0.0
 0.0
 0.0
 0.8711493567389947
 0.0
 0.0
 0.816241889023845
 1.0
 0.21995800301520185
 0.2925157489158069
 0.0
 0.12885064333433702
 0.0
 1.0
 0.06448462689011077
 0.5632229342881204
 0.0
 0.09407438217840164
 0.0
 0.0
 0.0
 0.0
 0.0
 0.43677706576032804
 0.0
 0.0
 0.0
 1.0
 0.0
 0.0
 0.7800419970171378
 0.0
 1.0
 0.0
 0.0
 0.0
 0.0
 0.0
 0.0
 1.0
 0.0
 0.0
 0.0
 0.0
 0.0
 0.0
 0.0
 0.0
 0.0
 0.8414409909314876
 0.0
 0.0
 0.34418741464428027
 1.0
 0.0
 1.0

