objective value: -618.993800142
objective bound: -619.055705559
termination status: OPTIMAL
BARON solution time: 582.7


w_opt: 1-dimensional DenseAxisArray{Float64,1,...} with index sets:
    Dimension 1, [(25, 1, 2), (25, 1, 1), (25, 1, 14), (20, 1, 2), (20, 1, 1), (20, 1, 14), (1, 1, 2), (1, 1, 1), (1, 1, 14), (2, 1, 2)  …  (20, 15, 23), (20, 15, 3), (8, 15, 30), (8, 15, 29), (8, 15, 23), (8, 15, 3), (2, 15, 30), (2, 15, 29), (2, 15, 23), (2, 15, 3)]
And data, a 261-element Vector{Float64}:
 1.1256682883489781
 1.1649331000992602
 0.0
 0.8743317119071331
 0.9048295685409478
 0.0
 0.0
 0.0
 0.0
 0.0
 0.0
 0.0
 0.0
 0.0
 0.0
 0.0
 0.0
 0.0
 0.0
 3.0
 0.0
 0.0
 0.0
 0.0
 0.0
 0.0
 0.0
 0.0
 0.0
 0.0
 0.0
 0.0
 0.0
 0.0
 0.0
 0.0
 0.0
 0.0
 0.0
 0.0
 0.0
 0.0
 0.9228414771688744
 0.0
 0.0
 0.0
 0.0
 0.0
 0.0
 1.2296362120975928
 0.4356301740726084
 0.2612993691165314
 0.0
 0.0
 0.0
 0.0
 0.0
 0.0
 0.0
 2.0
 1.0
 0.0
 0.0
 0.0
 0.0
 0.0
 0.0
 0.0
 0.0
 0.0
 0.0
 0.0
 0.0
 0.0
 0.7500000000458975
 2.2500000001824754
 0.0
 0.4581552288933174
 1.37446568668066
 0.0
 0.0
 0.0
 0.0
 0.0
 0.0
 0.0
 0.0
 0.0
 0.0
 0.0
 0.0
 0.0
 0.7918447711241717
 2.3755343134232847
 0.0
 0.0
 0.0
 0.0
 0.0
 0.0
 0.0
 2.0
 0.9795421069959861
 0.020457892831755056
 0.0
 0.0
 0.0
 0.0
 0.0
 0.0
 0.0
 0.0
 0.0
 0.0
 0.0
 0.0
 0.0
 0.0
 3.969414336440045
 2.0096781572115336
 0.0
 0.0
 0.0
 1.3416449471424883
 0.6792625602922328
 0.0
 0.0
 0.0
 0.0
 0.0
 0.0
 0.0
 0.0
 0.0
 0.0
 0.0
 0.0
 0.0
 0.0
 0.0
 0.0
 0.0
 0.0
 0.0
 0.0
 0.0
 0.0
 0.0
 0.0
 0.0
 0.0
 0.15527812605496244
 0.0
 0.7782527233520066
 0.38912636157119934
 0.0
 0.0
 1.2217472768920767
 0.6108736382804912
 0.0
 0.0
 0.0
 0.0
 0.0
 0.0
 0.0
 0.0
 0.0
 0.0
 0.0
 0.0
 0.0
 0.0
 1.386407599511763
 0.0
 0.0
 0.0
 0.3101196409423912
 0.40912860796847367
 0.0
 0.0
 0.0
 0.0
 0.0
 0.0
 0.0
 0.0
 0.0
 0.0
 0.0
 0.0
 0.0
 0.0
 0.0
 1.6898803600031482
 1.0
 0.31011964020170607
 0.0
 0.0
 0.0
 0.0
 0.0
 0.0
 0.0
 0.0
 0.0
 1.316330055075032
 0.6581650269463695
 0.0
 0.6836699453034033
 0.34183497234443544
 0.0
 0.0
 0.0
 0.0
 0.0
 0.0
 0.0
 0.0
 0.0
 0.0
 0.0
 0.0
 0.0
 0.0
 0.5828614457042977
 0.6367580567090753
 0.0
 0.0
 0.0
 0.0
 0.0
 0.0
 0.0
 0.0
 0.0
 0.0
 0.0
 0.0
 0.0
 0.0
 0.0
 0.0
 0.0
 0.0
 0.0
 0.0
 0.0
 0.0
 0.0
 0.0
 0.0
 0.0
 0.0
 0.0
 0.0
 0.0
 1.514207349818486
 4.767038884066384
 0.0
 1.0
x_ij_opt: 1-dimensional DenseAxisArray{Float64,1,...} with index sets:
    Dimension 1, [(43, 30), (43, 22), (43, 6), (44, 22), (45, 30), (45, 29), (45, 28), (45, 24), (45, 23), (40, 29)  …  (5, 7), (5, 14), (6, 4), (6, 3), (1, 14), (1, 10), (1, 23), (1, 1), (3, 2), (3, 1)]
And data, a 116-element Vector{Float64}:
 0.0
 0.6135924011096174
 1.60786019307914
 0.0
 0.4857926505700284
 0.0
 1.4171385543869846
 0.0
 0.0
 0.0
 0.0
 0.0
 0.0
 0.0
 0.0
 0.0
 0.0
 0.0
 0.31176209252643816
 0.0
 0.0
 0.0
 0.0
 0.0
 0.0
 0.0
 0.0
 1.9999999996977509
 0.0
 0.0
 0.0
 0.0
 0.0
 0.0
 0.0
 0.0
 0.0
 0.0
 0.0
 0.0
 0.0
 0.0
 0.0
 0.39213980767591167
 0.0
 0.0
 0.0
 0.0
 0.0
 0.0
 0.0
 0.0
 0.0
 0.0
 0.0
 0.894344151517987
 0.0
 0.688940717700485
 0.020457893569522802
 1.8447218735074398
 0.0
 0.0
 0.0
 0.0
 6.0
 0.0
 0.0
 0.0
 0.0
 0.688237907779023
 0.0
 0.0
 0.0
 0.0
 0.0
 0.0
 0.36324194316888964
 0.7703637881723325
 0.0
 0.0
 0.0
 0.0
 0.0
 0.0
 0.0
 0.0
 0.0
 0.0
 0.0
 0.0
 0.0
 0.0
 1.9810849577968979
 0.0
 0.0
 0.0
 0.0
 0.0
 0.0
 0.0
 0.0
 0.0
 0.0
 0.0
 0.0
 0.0
 0.0
 0.0
 1.7387006309214388
 0.0
 0.0
 0.0
 0.0
 3.909779439588156
 0.0
 0.0
x_il_opt: 1-dimensional DenseAxisArray{Float64,1,...} with index sets:
    Dimension 1, [(43, 15), (43, 14), (44, 15), (44, 13), (44, 3), (40, 14), (40, 2), (41, 14), (42, 6), (37, 13)  …  (4, 13), (5, 2), (5, 7), (5, 9), (6, 11), (1, 1), (1, 6), (1, 3), (2, 1), (2, 15)]
And data, a 71-element Vector{Float64}:
 0.0
 0.0
 0.0
 1.9744950822007243
 0.0
 1.2196195022266105
 0.0
 0.0
 0.0
 1.0255049177370574
 0.0
 3.0
 0.0
 0.0
 3.0
 0.0
 0.0
 0.0
 5.979092493455001
 0.0
 0.0
 0.0
 3.0
 1.1673790849232057
 1.8326209155479376
 0.0
 2.0209075073436567
 0.0
 2.105655849213204
 0.0
 2.290601388386049
 0.0
 0.0
 0.0
 0.0
 0.0
 0.0
 0.0
 1.7791612803941999
 0.0
 0.0
 0.0
 3.0
 0.0
 0.0
 1.832620915172568
 0.0
 2.9999999999754885
 0.0
 0.0
 0.0
 0.0
 0.0
 0.0
 1.9265657552867326
 0.0
 0.0
 0.0
 0.0
 0.0
 0.0
 0.0
 0.0
 0.0
 0.1552781259742377
 0.0
 0.0
 3.1673790844921443
 0.9228414770198051
 0.0
 7.281246233942308
x_lj_opt: 1-dimensional DenseAxisArray{Float64,1,...} with index sets:
    Dimension 1, [(15, 30), (15, 29), (15, 23), (15, 3), (14, 28), (14, 27), (14, 10), (14, 24), (13, 26), (13, 25)  …  (3, 6), (3, 5), (3, 29), (2, 4), (2, 3), (2, 1), (2, 5), (1, 2), (1, 1), (1, 14)]
And data, a 53-element Vector{Float64}:
 1.5142073497238895
 4.767038883752744
 0.0
 1.0
 0.5828614459896283
 0.6367580570212673
 0.0
 0.0
 2.0
 0.9999999991950389
 0.0
 1.6898803598508203
 1.0
 0.3101196401820891
 1.3864075994111507
 0.0
 0.0
 0.0
 0.3101196409132709
 0.4091286079326329
 0.0
 2.0
 0.9999999998232554
 0.15527812686114403
 0.0
 0.0
 5.311059283162199
 2.68894071729166
 0.0
 0.0
 2.0
 0.9795421070031809
 0.02045789284012779
 2.0
 6.0
 0.0
 2.0
 0.9999999999721344
 0.0
 0.0
 1.229636212096528
 0.43563017406886656
 0.2612993691122358
 0.0
 0.0
 0.9228414771254179
 0.0
 0.0
 0.0
 3.0
 2.0
 2.069762668543884
 0.0
q_opt: 1-dimensional DenseAxisArray{Float64,1,...} with index sets:
    Dimension 1, [(43, 15), (43, 14), (44, 15), (44, 13), (44, 3), (40, 14), (40, 2), (41, 14), (42, 6), (37, 13)  …  (4, 13), (5, 2), (5, 7), (5, 9), (6, 11), (1, 1), (1, 6), (1, 3), (2, 1), (2, 15)]
And data, a 71-element Vector{Float64}:
 0.0
 0.0
 0.0
 0.6581650274795889
 0.0
 0.9999999995055457
 0.0
 0.0
 0.0
 0.3418349726222495
 0.0
 1.0
 0.0
 0.0
 0.37500000000503037
 0.0
 0.0
 0.0
 0.7473865616678705
 0.0
 0.0
 0.0
 1.0
 0.3891263616411095
 0.22907761443004937
 0.0
 0.25261343841379785
 0.0
 1.0
 0.0
 0.5628341441280994
 0.0
 0.0
 0.0
 0.0
 0.0
 0.0
 0.0
 0.4371658559174032
 0.0
 0.0
 0.0
 1.0
 0.0
 0.0
 0.6108736383920419
 0.0
 0.9999999999966663
 0.0
 0.0
 0.0
 0.0
 0.0
 0.0
 0.9999999999996562
 0.0
 0.0
 0.0
 0.0
 0.0
 0.0
 0.0
 0.0
 0.0
 0.9999999947980189
 0.0
 0.0
 0.3959223855438964
 1.0
 0.0
 1.0

