objective value: -617.615430908
objective bound: -631.684761432
termination status: TIME_LIMIT
BARON solution time: 7228.21


w_opt: 1-dimensional DenseAxisArray{Float64,1,...} with index sets:
    Dimension 1, [(25, 1, 2), (25, 1, 1), (25, 1, 14), (20, 1, 2), (20, 1, 1), (20, 1, 14), (1, 1, 2), (1, 1, 1), (1, 1, 14), (2, 1, 2)  …  (20, 15, 23), (20, 15, 3), (8, 15, 30), (8, 15, 29), (8, 15, 23), (8, 15, 3), (2, 15, 30), (2, 15, 29), (2, 15, 23), (2, 15, 3)]
And data, a 261-element Vector{Float64}:
 1.0022795492077352
 1.2836444511013343
 0.0
 0.9977204509160946
 1.2778055000534325
 0.0
 0.0
 0.0
 0.0
 0.0
 0.0
 0.0
 0.0
 0.0
 0.0
 0.0
 1.9544574830502517
 0.0
 0.0
 1.0455425171484172
 0.0
 0.0
 0.0
 0.0
 0.0
 0.0
 0.0
 0.0
 0.0
 2.526601191901301
 1.1397495113267755
 0.0
 0.0
 0.0
 0.0
 0.0
 0.0
 0.0
 0.0
 0.0
 0.0
 2.4278562921177387
 1.0952056982252003
 0.10201769815461971
 0.3492867049072763
 0.0
 0.0
 0.0
 0.0
 0.9628653062890108
 3.2966441724688145
 0.0
 0.0
 0.0
 0.0
 0.0
 0.0
 0.0
 0.0
 1.7390715692509398
 1.0
 0.0
 0.0
 0.0
 0.0
 0.0
 0.0
 0.0
 0.0
 0.0
 0.0
 0.42085795848270946
 1.2625738753966909
 0.0
 0.7500000003529028
 2.2500000009359504
 0.0
 0.5264354288314317
 1.5793062864200778
 0.0
 0.0
 0.0
 0.0
 0.0
 0.0
 0.0
 0.0
 0.0
 0.0
 0.0
 0.0
 0.0
 0.30270661257393555
 0.9081198376957061
 0.0
 0.0
 0.0
 0.0
 0.0
 0.0
 0.0
 1.772384558801564
 0.971819242643714
 0.25579619870073855
 0.0
 0.0
 0.0
 0.0
 0.0
 0.0
 0.0
 0.0
 0.0
 0.0
 0.0
 0.0
 0.0
 0.0
 4.978626954709885
 1.6595423164240963
 0.0
 0.0
 0.0
 1.021373046210392
 0.34045768160474227
 0.0
 0.0
 0.0
 0.0
 0.0
 0.0
 0.0
 0.0
 0.0
 0.0
 0.0
 0.0
 0.0
 0.0
 0.0
 0.0
 0.0
 0.0
 0.0
 0.0
 0.0
 0.0
 0.6858952424926774
 0.0
 0.0
 0.0
 0.0
 0.0
 0.5961721901498356
 0.29808609502744765
 0.0
 0.0
 1.4038278101395423
 0.7019139049488077
 0.0
 0.0
 0.0
 0.0
 0.0
 0.0
 0.0
 0.0
 0.0
 0.0
 0.0
 0.0
 0.0
 0.0
 1.9737112232186853
 0.0
 0.0
 0.0
 0.6722196504288412
 0.0
 0.0
 0.0
 0.0
 0.0
 0.0
 0.0
 0.0
 0.0
 0.0
 0.0
 0.0
 0.0
 0.0
 0.0
 0.0
 1.3277803505409695
 0.9166422913900705
 0.7555773584124759
 0.0
 0.0
 0.0
 0.0
 0.0
 0.0
 0.0
 0.0
 0.0
 1.4242040781475775
 0.7121020385282002
 0.0
 0.5757959222899633
 0.28789796091886755
 0.0
 0.0
 0.0
 0.0
 0.0
 0.0
 0.0
 0.0
 0.0
 0.0
 0.0
 0.0
 0.0
 0.0
 0.7604191445616263
 0.8050373819026596
 0.0
 0.0
 0.0
 0.0
 0.0
 0.0
 0.0
 0.0
 0.0
 0.0
 0.0
 0.0
 0.0
 0.0
 0.0
 0.0
 0.0
 0.0
 0.0
 0.0
 0.0
 0.0
 0.0
 0.0
 0.0
 0.0
 0.0
 0.0
 0.0
 0.0
 1.2207189563878538
 3.009467433617642
 0.0
 0.9120775819592298
x_ij_opt: 1-dimensional DenseAxisArray{Float64,1,...} with index sets:
    Dimension 1, [(43, 30), (43, 22), (43, 6), (44, 22), (45, 30), (45, 29), (45, 28), (45, 24), (45, 23), (40, 29)  …  (5, 7), (5, 14), (6, 4), (6, 3), (1, 14), (1, 10), (1, 23), (1, 1), (3, 2), (3, 1)]
And data, a 116-element Vector{Float64}:
 0.0
 0.02628877753521896
 1.556915504410046
 0.0
 0.7792810440306114
 0.0
 1.2395808557246524
 0.0
 0.0
 0.0
 0.0
 0.0
 0.0
 0.0
 0.0
 0.0
 0.0
 0.0
 0.2755259502546622
 0.0
 0.0
 0.0
 0.0
 0.0
 0.0
 0.0
 0.0
 1.999999999999585
 0.0
 0.0
 0.0
 0.0
 0.0
 0.0
 0.0
 0.0
 0.0
 0.0
 0.0
 0.0
 0.0
 0.0
 0.0
 0.44308449641428627
 0.0
 0.0
 0.0
 0.0
 0.0
 0.0
 0.0
 0.0
 0.0
 0.0
 0.0
 0.3540691255984944
 0.0
 0.0
 0.028180757043426135
 1.3141047572194995
 0.0
 0.0
 0.0
 0.0
 6.0
 0.0
 0.0
 0.0
 0.0
 0.7244740498597183
 0.0
 0.0
 0.0
 0.0
 0.0
 0.0
 0.19496261825392075
 0.9351169958785763
 0.0
 0.0
 0.0
 0.0
 0.0
 0.0
 0.0
 0.0
 0.0
 0.2609284316000368
 0.0
 0.0
 0.0
 0.0
 0.0
 0.0
 0.0
 0.0
 0.0
 0.0
 0.0
 0.08792241860557005
 0.0
 0.0
 0.0
 0.0
 0.0
 0.22761544187979904
 0.0
 0.0
 0.04554251746510014
 0.0
 0.0
 0.0
 0.08335770918027004
 3.1827538513165603
 0.0
 0.0
x_il_opt: 1-dimensional DenseAxisArray{Float64,1,...} with index sets:
    Dimension 1, [(43, 15), (43, 14), (44, 15), (44, 13), (44, 3), (40, 14), (40, 2), (41, 14), (42, 6), (37, 13)  …  (4, 13), (5, 2), (5, 7), (5, 9), (6, 11), (1, 1), (1, 6), (1, 3), (2, 1), (2, 15)]
And data, a 71-element Vector{Float64}:
 0.0
 0.0
 0.0
 2.136306117132503
 3.6663507032858718
 1.5654565266660365
 0.0
 0.0
 1.6834318339418168
 0.8636938834554029
 0.0
 3.0
 0.0
 0.0
 3.0
 0.0
 0.0
 0.0
 6.638169272380975
 0.0
 0.4513044031213554
 0.0
 3.0
 0.8942582851772832
 2.105741715306987
 0.0
 1.3618307283954914
 0.0
 2.645930875270174
 0.6858952427185976
 2.2859240003272845
 0.0
 0.0
 0.0
 0.0
 0.0
 0.0
 0.0
 2.2755259509879666
 0.0
 0.0
 0.0
 2.7390715694807026
 0.0
 0.0
 2.10574171508835
 0.0
 3.0
 0.0
 0.0
 0.0
 0.0
 0.0
 0.0
 4.259509478757825
 0.0
 0.0
 0.0
 0.0
 0.0
 0.0
 0.0
 0.0
 0.0
 0.0
 0.0
 0.0
 1.2108264503398516
 3.5230619904024283
 0.0
 5.142263972067153
x_lj_opt: 1-dimensional DenseAxisArray{Float64,1,...} with index sets:
    Dimension 1, [(15, 30), (15, 29), (15, 23), (15, 3), (14, 28), (14, 27), (14, 10), (14, 24), (13, 26), (13, 25)  …  (3, 6), (3, 5), (3, 29), (2, 4), (2, 3), (2, 1), (2, 5), (1, 2), (1, 1), (1, 14)]
And data, a 53-element Vector{Float64}:
 1.2207189562649796
 3.009467433302864
 0.0
 0.9120775818702614
 0.7604191446560716
 0.8050373820033095
 0.0
 0.0
 2.0
 0.9999999993373649
 0.0
 1.3277803504263015
 0.9166422913086781
 0.755577358350187
 1.9737112230101472
 0.0
 0.0
 0.0
 0.6722196503581256
 0.0
 0.0
 2.0
 0.9999999999264451
 0.6858952431621893
 0.0
 0.0
 6.0
 1.9999999980737717
 0.0
 0.0
 1.7723845587857248
 0.9718192426362082
 0.25579619871597614
 2.0
 6.0
 0.0
 1.739071569079516
 1.0
 0.0
 0.0
 1.0648830044007929
 3.645930877245421
 0.0
 0.0
 4.954457483757585
 2.2349552094328464
 1.9544574829014312
 0.0
 0.0
 1.0455425171045796
 1.9999999999590625
 2.5614499509643642
 0.0
q_opt: 1-dimensional DenseAxisArray{Float64,1,...} with index sets:
    Dimension 1, [(43, 15), (43, 14), (44, 15), (44, 13), (44, 3), (40, 14), (40, 2), (41, 14), (42, 6), (37, 13)  …  (4, 13), (5, 2), (5, 7), (5, 9), (6, 11), (1, 1), (1, 6), (1, 3), (2, 1), (2, 15)]
And data, a 71-element Vector{Float64}:
 0.0
 0.0
 0.0
 0.7121020390264795
 0.5099652585953307
 0.999999999872683
 0.0
 0.0
 0.21042897923083956
 0.28789796113172417
 0.0
 1.0
 0.0
 0.0
 0.3750000001535686
 0.0
 0.0
 0.0
 0.8297711590376763
 0.0
 0.09580179017899151
 0.0
 1.0
 0.29808609504749806
 0.2632177144012579
 0.0
 0.17022884102941288
 0.0
 1.0
 0.999999999023278
 0.5011397746121546
 0.0
 0.0
 0.0
 0.0
 0.0
 0.0
 0.0
 0.4988602254662877
 0.0
 0.0
 0.0
 1.0
 0.0
 0.0
 0.7019139050090529
 0.0
 1.0
 0.0
 0.0
 0.0
 0.0
 0.0
 0.0
 0.9041982098577788
 0.0
 0.0
 0.0
 0.0
 0.0
 0.0
 0.0
 0.0
 0.0
 0.0
 0.0
 0.0
 0.15135330628082602
 0.49003474145853365
 0.0
 1.0

