objective value: -629.9926015
objective bound: -630.055607061
termination status: OPTIMAL
BARON solution time: 470.93


w_opt: 1-dimensional DenseAxisArray{Float64,1,...} with index sets:
    Dimension 1, [(25, 1, 2), (25, 1, 1), (25, 1, 14), (20, 1, 2), (20, 1, 1), (20, 1, 14), (1, 1, 2), (1, 1, 1), (1, 1, 14), (2, 1, 2)  …  (20, 15, 23), (20, 15, 3), (8, 15, 30), (8, 15, 29), (8, 15, 23), (8, 15, 3), (2, 15, 30), (2, 15, 29), (2, 15, 23), (2, 15, 3)]
And data, a 261-element Vector{Float64}:
 1.0740986911681434
 1.9259013083830752
 0.0
 0.8036569939197915
 1.4409886808424803
 0.0
 0.0
 0.0
 0.0
 0.0
 0.0
 0.0
 0.0
 0.0
 0.0
 0.0
 1.9999999995649158
 0.0
 0.0
 1.0000000001288636
 0.0
 0.0
 0.0
 0.0
 0.0
 0.0
 0.0
 0.0
 0.0
 2.612805827786793
 1.5676834947458453
 0.0
 0.0
 0.0
 0.0
 0.948877690118696
 0.5693266133746819
 0.0
 0.0
 0.0
 0.0
 1.4383164826677046
 0.8629898885421298
 0.24861062853598886
 0.9459960471127483
 0.0
 0.0
 0.0
 0.0
 0.7579329230787223
 2.8840341759996844
 0.0
 0.0
 0.0
 0.0
 0.0
 0.0
 0.0
 0.0
 2.0
 0.9999999995947697
 0.0
 0.0
 0.0
 0.0
 0.0
 0.0
 0.0
 0.0
 0.0
 0.0
 0.0
 0.0
 0.0
 0.6938078414704909
 2.0814235244332933
 0.0
 0.5059899245536449
 1.517969773659575
 0.0
 0.0
 0.0
 0.0
 0.0
 0.0
 0.0
 0.0
 0.0
 0.0
 0.0
 0.0
 0.0
 0.8002022336803002
 2.4006067010740684
 0.0
 0.0
 0.0
 0.0
 0.0
 0.0
 0.0
 1.9900496136355637
 0.8305857734884807
 0.1793646113382211
 0.0
 0.0
 0.0
 0.0
 0.0
 0.0
 0.0
 0.0
 0.0
 0.0
 0.0
 0.0
 0.0
 0.0
 4.257486895682885
 1.29894915694442
 0.0
 0.12021314124462364
 0.0
 1.742513103945371
 0.5316366163111307
 0.0
 0.049201084910089884
 0.0
 0.0
 0.0
 0.0
 0.0
 0.0
 0.0
 0.0
 0.0
 0.0
 0.0
 0.0
 0.0
 0.0
 0.0
 0.0
 0.0
 0.0
 0.0
 0.0
 0.0
 0.0
 0.0
 0.0
 0.08268119773006471
 0.0
 0.6506935348130074
 0.3253467671554603
 0.0
 0.0
 1.3493064652457192
 0.6746532321025412
 0.0
 0.0
 0.0
 0.0
 0.0
 0.0
 0.0
 0.0
 0.0
 0.0
 0.0
 0.0
 0.0
 0.0
 1.9999999989904063
 0.0
 0.0
 0.0
 0.6606159969570037
 0.0
 0.0
 0.0
 0.0
 0.0
 0.0
 0.0
 0.0
 0.0
 0.0
 0.0
 0.0
 0.0
 0.0
 0.0
 0.0
 1.3393840033915292
 0.9558607072963612
 0.7047552895353415
 0.0
 0.0
 0.0
 0.0
 0.0
 0.0
 0.0
 0.0
 0.0
 1.5173870898845778
 0.6659475719688644
 0.09274597269809301
 0.4826129102392978
 0.21180811272099917
 0.029498342367969842
 0.0
 0.0
 0.0
 0.0
 0.0
 0.0
 0.0
 0.0
 0.0
 0.0
 0.0
 0.0
 0.0
 0.24189819431506157
 0.6305421619984163
 0.0
 0.0
 0.0
 0.0
 0.0
 0.0
 0.0
 0.0
 0.0
 0.0
 0.0
 0.0
 0.0
 0.0
 0.0
 0.0
 0.0
 0.0
 0.0
 0.0
 0.0
 0.0
 0.0
 0.0
 0.0
 0.0
 0.0
 0.0
 0.0
 0.0
 2.0
 2.0704760835696874
 0.0
 1.0
x_ij_opt: 1-dimensional DenseAxisArray{Float64,1,...} with index sets:
    Dimension 1, [(43, 30), (43, 22), (43, 6), (44, 22), (45, 30), (45, 29), (45, 28), (45, 24), (45, 23), (40, 29)  …  (5, 7), (5, 14), (6, 4), (6, 3), (1, 14), (1, 10), (1, 23), (1, 1), (3, 2), (3, 1)]
And data, a 116-element Vector{Float64}:
 0.0
 0.0
 1.5870175253201178
 0.0
 0.0
 0.0
 1.7581018016566516
 0.0
 0.0
 0.0
 0.0
 0.0
 0.0
 0.0
 0.0
 0.0
 0.0
 0.0
 0.24464567412340127
 0.0
 0.0
 0.0
 0.0
 0.0
 0.0
 0.0
 0.0
 1.9999999976628224
 0.0
 0.22476863127338248
 0.0
 0.0
 0.0
 0.0
 0.0
 0.0
 0.0
 0.0
 0.0
 0.0
 0.0
 0.0
 0.0
 0.4129824736016774
 0.0
 0.0
 0.0
 0.0
 0.0
 0.0
 0.0
 0.0
 0.0
 0.0
 0.0
 0.3393840026421567
 0.0
 0.0
 0.0
 1.9173188010008893
 0.0
 0.0
 0.0
 0.0
 6.0
 0.0
 0.0
 0.0
 0.0
 0.7553543256628508
 0.0
 0.0
 0.0
 0.0
 0.0
 0.0
 0.3694578266153204
 0.9934564482217744
 0.0
 0.0
 0.0
 0.0
 0.0
 0.0
 0.0
 0.0
 0.0
 0.0
 0.0
 0.0
 0.0
 0.0
 0.0
 0.0
 0.0
 0.0
 0.0
 0.12224431565636167
 0.0
 0.0
 0.0
 0.0
 0.0
 0.0
 0.0
 0.009950385694981084
 0.0
 0.0
 0.0
 0.0
 0.0
 0.0
 0.04413929313961609
 2.4537453994708573
 0.0
 0.0
x_il_opt: 1-dimensional DenseAxisArray{Float64,1,...} with index sets:
    Dimension 1, [(43, 15), (43, 14), (44, 15), (44, 13), (44, 3), (40, 14), (40, 2), (41, 14), (42, 6), (37, 13)  …  (4, 13), (5, 2), (5, 7), (5, 9), (6, 11), (1, 1), (1, 6), (1, 3), (2, 1), (2, 15)]
And data, a 71-element Vector{Float64}:
 0.0
 0.0
 0.0
 2.276080634551535
 4.180489323267164
 0.8724403563962206
 0.0
 0.0
 0.0
 0.723919365328267
 0.0
 3.0
 0.0
 0.0
 2.7752313660143555
 0.0
 0.0
 0.0
 5.676649194212311
 0.0
 1.1946066756926037
 1.0887777048585886e-8
 3.0
 0.9760403019684676
 2.0239596983229386
 0.0
 2.3233508053787664
 0.0
 2.660615997954393
 0.0
 2.999999999567331
 0.0
 0.0
 0.0
 0.0
 0.0
 0.0
 0.0
 2.244645674764942
 0.0
 0.0
 0.0
 2.9999999998305547
 0.0
 0.0
 2.0239596973482605
 0.0
 2.999999998461807
 0.0
 0.0
 0.0
 0.0
 0.0
 0.0
 3.6419670991691855
 0.0
 0.0
 1.5182043037897055
 0.0
 0.0
 0.0
 0.0
 0.0
 0.0
 0.08268119787860076
 0.0
 0.0
 3.2008089348634634
 2.3013063716363686
 0.0
 5.0704760838997425
x_lj_opt: 1-dimensional DenseAxisArray{Float64,1,...} with index sets:
    Dimension 1, [(15, 30), (15, 29), (15, 23), (15, 3), (14, 28), (14, 27), (14, 10), (14, 24), (13, 26), (13, 25)  …  (3, 6), (3, 5), (3, 29), (2, 4), (2, 3), (2, 1), (2, 5), (1, 2), (1, 1), (1, 14)]
And data, a 53-element Vector{Float64}:
 2.0
 2.070476083529867
 0.0
 1.0
 0.24189819861540923
 0.6305421732209314
 0.0
 0.0
 2.0
 0.8777556847060974
 0.122244314912283
 1.3393840033109359
 0.9558607072288774
 0.7047552894686152
 2.0
 0.0
 0.0
 0.0
 0.6606159972979347
 0.0
 0.0
 2.0
 0.9999999992772075
 0.08268119923805017
 0.0
 0.0
 6.0
 1.8305857735837845
 0.0
 0.1694142259082301
 1.9900496146997606
 0.830585773939639
 0.17936461139482915
 2.0
 6.0
 0.0
 2.0
 0.9999999996369823
 0.0
 0.0
 1.0065435518769108
 3.830030224131623
 0.0
 0.0
 5.000000000511444
 2.999999996612614
 1.9999999996186233
 0.0
 0.0
 1.0000000001806333
 1.8777556851895765
 3.366889989410153
 0.0
q_opt: 1-dimensional DenseAxisArray{Float64,1,...} with index sets:
    Dimension 1, [(43, 15), (43, 14), (44, 15), (44, 13), (44, 3), (40, 14), (40, 2), (41, 14), (42, 6), (37, 13)  …  (4, 13), (5, 2), (5, 7), (5, 9), (6, 11), (1, 1), (1, 6), (1, 3), (2, 1), (2, 15)]
And data, a 71-element Vector{Float64}:
 0.0
 0.0
 0.0
 0.7586935449005999
 0.5225611655054141
 0.9999999822039763
 0.0
 0.0
 0.0
 0.24130645511475007
 0.0
 1.0
 0.0
 0.0
 0.34690392073844367
 0.0
 0.0
 0.0
 0.7095811492587493
 0.0
 0.24699440781265453
 1.2703866443569032e-8
 1.0
 0.325346767393806
 0.2529949622773705
 0.0
 0.2904188506550469
 0.0
 0.9999999994828215
 0.0
 0.5720119500317308
 0.0
 1.0163460086641989e-8
 0.0
 0.0
 0.0
 0.0
 0.0
 0.4279880499144754
 0.0
 0.0
 0.0
 0.9999999999902257
 0.0
 0.0
 0.6746532325942959
 0.0
 0.9999999994829075
 0.0
 0.0
 0.0
 0.0
 0.0
 0.0
 0.7530055919218723
 0.0
 0.0
 0.189775538005685
 0.0
 0.0
 0.0
 0.0
 0.0
 0.0
 0.9999999817512507
 0.0
 0.0
 0.40010111684440425
 0.28766329650564154
 0.0
 1.0

